0.0219879
0.0224702
0.0226884
0.0200239
0.0228896
0.0228339
0.0248585
0.0230622
0.0235349
0.0237719
0.0235012
0.0247957
0.0236648
0.0251582
0.0251585
0.0252027
0.0251592
0.0251722
0.0251817
0.0251649
0.0251771
0.0251721
0.0251665
0.0251748
0.02517
0.0251726
0.0251716
0.0251731
0.0251686
0.0251697
0.0251692
0.0251651
0.0251692
0.0251674
0.0251657
0.0251684
0.0251684
0.0251649
0.0251598
0.0251636
0.0251611
0.0251598
0.0251644
0.0251597
0.0251645
0.0251627
0.0251658
0.025162
0.0251654
0.0251652
0.0251607
0.0251649
0.0251646
0.0251626
0.025165
0.0251602
0.0251639
0.0251621
0.0251644
0.0251584
0.0251603
0.02516
0.0251618
0.0251637
0.0251592
0.0251627
0.0251613
0.0251621
0.0251595
0.0251623
0.0251627
0.0251627
0.0251625
0.0251596
0.0251601
0.0255798
0.0252823
0.0251593
0.0254545
0.0253715
0.0253523
0.0252305
0.0251622
0.0252164
0.025315
0.025302
0.025297
0.025298
0.0252764
0.0252448
0.0252583
0.0251935
0.0252377
0.0252554
0.0251622
0.0251946
0.0252433
0.0252405
0.025237
0.0251951
0.0252261
0.0251746
0.0251654
0.0251651
0.0251731
0.0251963
0.0251729
0.0252029
0.0251988
0.0251976
0.0251606
0.0251936
0.0251993
0.0251849
0.0251955
0.0251793
0.0251759
0.0251835
0.0251836
0.0251631
0.0251859
0.0251781
0.0251841
0.0251689
0.0251611
0.0251771
0.0251774
0.0251791
0.0251623
0.0251685
0.0251682
0.0248514
0.0250912
0.0250877
0.0250301
0.0250337
0.025107
0.0250574
0.0250668
0.0250696
0.0250906
0.0250826
0.0251143
0.0251463
0.0251553
0.0251065
0.0251148
0.0251247
0.0251102
0.0251308
0.0251179
0.0251142
0.0251284
0.0251492
0.0251261
0.0251453
0.0251455
0.0251231
0.0251507
0.0251383
0.0251512
0.0251458
0.0251288
0.0251314
0.0251368
0.0251465
0.0251416
0.0251374
0.0251522
0.0251389
0.02515
0.0251525
0.0251405
0.0251559
0.0251475
0.0251499
0.0250284
0.0251133
0.0251293
0.0251033
0.0251012
0.0251251
0.0251139
0.0251167
0.0251173
0.0251296
0.0251252
0.025133
0.0251504
0.0251562
0.0251304
0.0251332
0.0251385
0.0251315
0.0251413
0.0251354
0.0251337
0.0251402
0.0251521
0.0251391
0.0251497
0.02515
0.0251377
0.0251531
0.0251456
0.0251534
0.02515
0.0251405
0.025142
0.0251448
0.0251506
0.0251475
0.0251452
0.0251541
0.025146
0.0251527
0.0251543
0.0251469
0.0251566
0.0251512
0.0251526
0.0251582
0.0248391
0.0251303
0.0247867
0.0249285
0.0250734
0.0250263
0.0249937
0.0249729
0.0249745
0.0249768
0.0250274
0.025115
0.0250539
0.0250373
0.0250292
0.0250228
0.025031
0.0251181
0.0250498
0.025068
0.0251439
0.0251141
0.0251165
0.0251286
0.025081
0.0251234
0.0251253
0.0250933
0.0251382
0.0251121
0.0251216
0.0251096
0.0251544
0.0251574
0.0251439
0.0251502
0.0251499
0.025127
0.0251366
0.0251441
0.025137
0.0251451
0.0251459
0.0251425
0.0251428
0.0251449
0.0251522
0.0251444
0.0251543
0.0251499
0.0251446
0.0251565
0.0251541
0.0251475
0.0251526
0.0251504
0.0251585
0.0251509
0.025148
0.025155
0.025155
0.025151
0.0251581
0.0251491
0.0251573
0.025152
0.0251504
0.0251506
0.0251513
0.0251539
0.0251543
0.0251514
0.0251523
0.0251566
0.0251562
0.0251574
0.0251555
0.025154
0.0251583
0.0245254
0.0246916
0.0247017
0.0248869
0.0250038
0.0249547
0.0251395
0.0249979
0.0250162
0.0249318
0.024999
0.0249992
0.0250154
0.0251237
0.0251391
0.0250552
0.0250077
0.0250252
0.0250302
0.0250841
0.0250613
0.0250693
0.025147
0.0250589
0.0251378
0.0250931
0.0250809
0.0251363
0.0250785
0.0250968
0.0250831
0.0251545
0.0251288
0.0251483
0.0250959
0.0251256
0.0251359
0.025143
0.0251382
0.0251347
0.025154
0.0251138
0.0251474
0.0251163
0.0251708
0.0252017
0.025186
0.0251617
0.0251686
0.0251663
0.0251745
0.0251669
0.0251701
0.0251704
0.0251667
0.0251646
0.0251649
0.0251677
0.0251677
0.025167
0.0251661
0.0251605
0.0251663
0.0251605
0.0251603
0.0251613
0.0251653
0.025162
0.0251646
0.0251632
0.0251657
0.025165
0.0251619
0.0251604
0.0251646
0.0251609
0.0251605
0.0251635
0.0251642
0.0251617
0.0251633
0.0251622
0.0251615
0.0251635
0.0251636
0.025162
0.0251616
0.0251587
0.0251584
0.0251612
0.0251613
0.0251591
0.0251584
0.0251614
0.0251625
0.0251609
0.0251612
0.0251595
0.0251611
0.0251601
0.0251605
0.02516
0.02512
0.0242312
0.0245658
0.0248639
0.0249092
0.0248467
0.0249934
0.0249166
0.025014
0.0249117
0.0249212
0.0249339
0.0249853
0.0250804
0.025009
0.025078
0.0250383
0.0250318
0.0250978
0.0250531
0.0251573
0.0227583
0.0241172
0.0245735
0.0247933
0.024892
0.0249457
0.0246185
0.0247853
0.0247451
0.024774
0.0250114
0.0249396
0.0248552
0.0250085
0.0248282
0.0250181
0.024899
0.0249108
0.0249842
0.0249285
0.0250557
0.0251222
0.0249545
0.0249587
0.0249765
0.0251519
0.0250851
0.0250859
0.025116
0.0250981
0.0251725
0.02516
0.0251758
0.0251682
0.0251612
0.0251665
0.0251699
0.0251642
0.0251629
0.0251645
0.0251664
0.0251648
0.025162
0.0251648
0.0251649
0.0251651
0.025165
0.0251618
0.0251637
0.0251588
0.0251647
0.0251615
0.0251634
0.0251627
0.0251642
0.0251598
0.0251608
0.0251624
0.0251617
0.0251593
0.0251595
0.0251604
0.0251631
0.0251604
0.0251604
0.0251616
0.0251597
0.0251615
0.0251595
0.0251607
0.0251621
0.0251594
0.0251616
0.0251595
0.0251594
0.0251609
0.0251613
0.0251612
0.0251603
0.0251591
0.0251598
0.0251582
0.0251609
0.0249942
0.0251431
0.0251267
0.0249659
0.0249847
0.0251322
0.0251165
0.0250453
0.0250546
0.0250577
0.0250823
0.0250596
0.0250734
0.0251556
0.0250665
0.025143
0.0250775
0.0251377
0.0251012
0.0250825
0.0251061
0.0251173
0.0251259
0.0251327
0.0251001
0.0251013
0.0251088
0.025155
0.0251406
0.0251281
0.0251136
0.0251307
0.0251156
0.0251558
0.0251211
0.025126
0.0251214
0.0251561
0.0251408
0.0251501
0.0251461
0.01949
0.0212491
0.0234441
0.0245593
0.0232677
0.0234924
0.0236163
0.0237253
0.023857
0.0245647
0.0240493
0.0246242
0.0242593
0.0246504
0.0246038
0.0249915
0.0248451
0.0246362
0.0249734
0.0248899
0.0251576
0.0251576
0.0250852
0.0250627
0.0251356
0.0251067
0.0251151
0.0250905
0.0251536
0.0250811
0.0250922
0.0251146
0.0251482
0.0250818
0.0251501
0.0251537
0.0251105
0.0250871
0.0250974
0.0251075
0.0250986
0.0251503
0.0251365
0.0251307
0.0251105
0.0251284
0.0251247
0.0251444
0.0251415
0.0251417
0.0251198
0.0251283
0.0251261
0.0251369
0.0251329
0.0251282
0.0251505
0.025148
0.0251305
0.0251314
0.0251261
0.0251498
0.0251395
0.0251323
0.0251326
0.0251578
0.025135
0.0251325
0.0232893
0.0238982
0.0242731
0.0248327
0.0248055
0.0248538
0.0247126
0.0249059
0.0247633
0.0249139
0.024857
0.0248722
0.0249134
0.0250254
0.0251164
0.0250981
0.02488
0.0250494
0.0248938
0.0249724
0.0249566
0.0251036
0.0251307
0.0249834
0.0250229
0.0250747
0.0251319
0.0250292
0.0250979
0.0251247
0.0250266
0.0251357
0.0251464
0.025151
0.0250658
0.0250603
0.025093
0.0250647
0.0251035
0.0248646
0.0251098
0.0251362
0.0250469
0.0250514
0.0251301
0.0250924
0.0251022
0.0250972
0.0251015
0.0251183
0.025107
0.0251324
0.0251059
0.0251084
0.0251077
0.025139
0.0251529
0.0251513
0.0251409
0.0251469
0.025139
0.0251314
0.0251215
0.0251486
0.0251357
0.0251525
0.0251258
0.025149
0.0251297
0.0251307
0.0251425
0.0251409
0.0251459
0.0251379
0.0251329
0.0251332
0.0251459
0.0251431
0.025157
0.0251503
0.0251563
0.025143
0.0251389
0.0251394
0.0251401
0.0251495
0.0251446
0.0226967
0.0235239
0.0229681
0.0230783
0.0238099
0.0241283
0.0237532
0.024111
0.0241052
0.0245854
0.0246412
0.0244532
0.025159
0.0252539
0.0252454
0.0251915
0.0251672
0.0252267
0.0252182
0.0251835
0.0252045
0.0251849
0.0251889
0.0251871
0.0251947
0.0251703
0.0251923
0.0251658
0.0251902
0.0251826
0.0251708
0.0251881
0.0251621
0.0251898
0.0251893
0.025186
0.0251633
0.0251648
0.0251681
0.0251843
0.0251593
0.0251782
0.0251624
0.0251644
0.025169
0.0251797
0.02516
0.0251639
0.0251584
0.0251788
0.0251675
0.0251778
0.0251598
0.025167
0.0251763
0.0251623
0.0251649
0.0251612
0.0251601
0.0251621
0.025172
0.0251732
0.0251681
0.0251683
0.0251689
0.0251705
0.0251665
0.0251705
0.0251607
0.0251708
0.0251691
0.0251685
0.0251665
0.0223412
0.024504
0.0234487
0.0246559
0.0241018
0.0241908
0.0242389
0.0248715
0.0247883
0.0244685
0.0245087
0.0247361
0.0248524
0.0246124
0.0246003
0.0248868
0.0250944
0.0249669
0.0249796
0.025024
0.0248131
0.0248261
0.0249138
0.0250749
0.0249765
0.0249088
0.0210145
0.0222553
0.023835
0.024684
0.0237771
0.0239774
0.0240578
0.0241254
0.0242092
0.0247003
0.0243363
0.0247442
0.0244801
0.0247632
0.0247282
0.0250249
0.0249106
0.0247514
0.0250104
0.0249449
0.0150037
0.0243238
0.0213689
0.0216078
0.0215776
0.0246841
0.0231953
0.0235275
0.0238219
0.0245539
0.023185
0.0233141
0.0240556
0.0250612
0.0249806
0.0249962
0.0248413
0.0243062
0.024345
0.0251862
0.0253356
0.02516
0.0251634
0.0252024
0.0251684
0.0251765
0.0252199
0.0251809
0.0252038
0.0251987
0.0251898
0.0251714
0.025188
0.0251865
0.0251937
0.0251939
0.0251928
0.025184
0.0251922
0.0251815
0.0251931
0.0251914
0.0251897
0.0251824
0.0251763
0.0251671
0.0251854
0.0251611
0.0251845
0.0251584
0.0251847
0.0251698
0.0251631
0.0251767
0.0251769
0.0251783
0.0251787
0.0251798
0.0251604
0.0251584
0.0251769
0.0251625
0.0251774
0.0251759
0.0251642
0.025172
0.0251648
0.0251691
0.0251694
0.0251624
0.0251698
0.0251697
0.025171
0.0251663
0.0251604
0.0251681
0.0251708
0.0251656
0.0251682
0.0214618
0.0250926
0.0235682
0.0238297
0.0243265
0.0242905
0.024422
0.0246973
0.0248594
0.0246735
0.0245679
0.0250688
0.0247551
0.0250049
0.0248254
0.0247456
0.0250738
0.0249484
0.0249248
0.0249477
0.0250529
0.0249071
0.0248959
0.0250992
0.0249222
0.0250963
0.0240521
0.0247123
0.0246155
0.0248689
0.0247685
0.0248428
0.0248561
0.0249399
0.0248708
0.0249161
0.024901
0.0250098
0.0249414
0.0250234
0.0249831
0.0250258
0.0250305
0.025117
0.024034
0.0223873
0.0244555
0.0244375
0.0241348
0.0242871
0.024274
0.0249519
0.024489
0.0249771
0.0244785
0.0245642
0.0248307
0.0248797
0.024962
0.0248361
0.0249936
0.0248286
0.0248026
0.0250463
0.0251575
0.0246086
0.0251343
0.0249836
0.0249155
0.0250134
0.0249948
0.0249986
0.0250218
0.0250288
0.0250084
0.0251009
0.0250137
0.0250111
0.025026
0.0250506
0.0250785
0.0251139
0.0251243
0.0250961
0.0250613
0.0251082
0.0250627
0.0250853
0.0250956
0.0250862
0.0251341
0.0250923
0.0251399
0.0251419
0.0251251
0.0251176
0.025107
0.0251149
0.0251311
0.0160785
0.0207931
0.0206585
0.0217732
0.0218651
0.0243602
0.0223218
0.0244857
0.0227908
0.0244018
0.0232759
0.0248616
0.0242588
0.0242843
0.0243033
0.0241462
0.0249562
0.0242851
0.0244614
0.0245254
0.0248785
0.024709
0.0245883
0.0249619
0.024797
0.0248986
0.0232107
0.0224808
0.0237341
0.0225132
0.0244143
0.0249653
0.0239787
0.0241979
0.0237706
0.023641
0.0243851
0.0242475
0.0245616
0.0239715
0.0241628
0.0242705
0.0250124
0.0246852
0.0250401
0.024681
0.0251045
0.0251584
0.0252151
0.0252039
0.0251615
0.0251671
0.0252242
0.0251824
0.0252091
0.0252039
0.0251938
0.0251868
0.0251881
0.0251921
0.0251913
0.0251882
0.0251811
0.0251853
0.0251822
0.0251854
0.025187
0.0251815
0.0251865
0.0251595
0.0251697
0.025183
0.0251797
0.0251827
0.0251819
0.0251661
0.0251731
0.0251768
0.0251624
0.025175
0.0251598
0.0251736
0.0251767
0.0251743
0.0251693
0.0251759
0.0251771
0.025169
0.0251751
0.025175
0.0251663
0.0251733
0.0251701
0.0251737
0.0251677
0.0251584
0.0251715
0.0251719
0.025169
0.0251701
0.0251692
0.025159
0.0251685
0.0251615
0.0251682
0.0251662
0.0251594
0.0219237
0.0204086
0.0229059
0.0230756
0.0245882
0.0238996
0.0236859
0.0241424
0.024081
0.0241598
0.0248516
0.024421
0.0251578
0.0241418
0.0244397
0.0249912
0.0247828
0.0249314
0.0249036
0.0249922
0.0250593
0.0249448
0.0250292
0.0251098
0.0250683
0.0250698
0.0250294
0.024985
0.0249989
0.0250579
0.0251433
0.0250088
0.0251073
0.0251211
0.0250353
0.0250971
0.0250656
0.0250636
0.0250579
0.0250582
0.0250649
0.0251189
0.0251506
0.0251316
0.0250736
0.0251273
0.025139
0.02509
0.0250867
0.0250994
0.0250886
0.0250919
0.0251559
0.0248548
0.025002
0.0251422
0.025097
0.025116
0.0250992
0.0251001
0.0251259
0.0250967
0.0251179
0.0250986
0.0251562
0.0251396
0.0251482
0.025101
0.0251175
0.0251369
0.0251076
0.0251091
0.0251099
0.0251459
0.0251349
0.0251351
0.0251201
0.025156
0.0251348
0.0251314
0.02514
0.0251258
0.0251575
0.0251291
0.0251306
0.0251448
0.0251565
0.0251378
0.0251343
0.0251514
0.0251344
0.0251361
0.0251423
