8.25937e-05
0.0296065
0.00333927
0.00369134
0.00242578
0.000703156
0.00220978
0.00148477
0.00108519
0.000881738
0.000971513
0.000276239
0.000498318
0.000498293
0.000461418
0.000527502
0.000499709
0.000495728
0.000456285
0.000486433
0.000479294
0.000492653
0.00054788
0.000455172
0.000460982
0.000477955
0.000534724
0.000464285
0.00050355
0.000486428
0.000530832
0.000501052
0.000531963
0.000470647
0.000518996
0.000529185
0.000522537
0.000528256
0.000520456
0.000526571
0.000507211
0.000478447
0.000520593
0.000484449
0.000502131
0.000490021
0.000509445
0.000515749
0.000481815
0.000520511
0.000494751
0.000481623
0.000501547
0.00050428
0.000509055
0.000513364
0.000481951
0.000494007
0.000488746
0.000501093
0.000515721
0.000514575
0.000512536
0.000483664
0.000484496
0.000492069
0.000486936
0.000498463
0.000500402
0.000502632
0.00126595
0.000498342
0.00051776
7.16368e-05
0.000850906
0.000629971
0.000271352
0.00112716
0.000106469
0.000156311
0.00106005
0.000123495
0.000864879
0.000150489
0.000191745
0.000515467
0.000229223
0.000824661
0.000771737
0.00024817
0.000264745
0.00079123
0.000755161
0.000724305
0.000390341
0.000738221
0.000351432
0.000691126
0.000506269
0.000703203
0.000676155
0.000422261
0.000680246
0.000363489
0.000363468
0.000349494
0.000649623
0.000658408
0.000646543
0.000488319
0.000370892
0.00062163
0.000417474
0.000608847
0.000502416
0.000496227
0.000617222
0.000469528
0.000512792
0.000405492
0.000400897
0.000418708
0.000498293
0.000491274
0.00101005
0.000327108
0.000656648
0.000451123
0.000436028
0.000762303
0.000883716
2.50909e-05
0.000788781
0.000808073
0.000791523
0.000766482
0.000681388
0.000393199
0.000208319
0.000204232
0.000736723
0.00030394
0.000656954
0.000273821
0.000397205
0.000288393
0.000626463
0.000660297
0.000534299
0.000651387
0.000395686
0.000346575
0.000497347
0.000397968
0.000427993
0.000384305
0.000517875
0.000390528
0.000387061
0.000387983
0.000567229
0.000420652
0.000498293
0.000495484
0.000769406
0.000427652
0.000568402
0.000479028
0.00047242
0.000627051
0.000717581
0.000251921
0.00065649
0.000709535
0.000696842
0.000657627
0.000598592
0.000443616
0.000308984
0.000317762
0.00065962
0.000386077
0.000594937
0.000349481
0.000439352
0.000358662
0.000577493
0.00060624
0.000520328
0.000604546
0.000434867
0.000400866
0.000497705
0.000434467
0.000453972
0.000424293
0.000510684
0.000428055
0.000420669
0.00042131
0.000543627
0.000447583
0.00141456
0.00145325
0.000485209
0.000366956
0.000376437
0.000276413
0.000465616
0.000240473
0.000358664
0.000197003
0.000663868
0.00023962
0.000638178
0.000283554
0.000624434
0.000279715
0.000335163
0.000370172
0.000404051
0.000458977
0.000424887
0.000373376
0.000388153
0.000582183
0.000456152
0.000364463
0.000372632
0.000437421
0.000403584
0.000392141
0.000436994
0.000428747
0.000525392
0.000533938
0.000498238
0.000497345
0.000587262
0.000379652
0.000482225
0.00055395
0.00050161
0.000645989
0.000383714
0.000390337
0.00035275
0.000580452
0.000600618
0.00044583
0.000609028
0.000448445
0.000499203
0.00049423
0.000465505
0.000407879
0.000587299
0.00042466
0.000440442
0.00052202
0.000451345
0.00042192
0.000533353
0.000452088
0.000537172
0.000450141
0.000433597
0.000555654
0.000436756
0.000439922
0.000440078
0.000481316
0.000549178
0.000460201
0.000471734
0.000536836
0.000511991
0.000507237
0.000482787
0.000454234
0.000533649
0.000454428
0.000457469
0.00053736
0.000478258
0.000367021
0.000184144
0.000484729
0.000477207
0.000174257
0.000432218
2.53364e-05
0.000443902
8.18176e-05
0.000411336
0.000258402
0.000103913
0.000211891
0.000755703
0.000527319
0.000206289
0.000225863
0.000712917
0.000664107
0.00027128
0.000230706
0.000608016
0.000259384
0.000521359
0.00043515
0.000422003
0.000341289
0.000635868
0.000642815
0.000319436
0.000466045
0.000522762
0.000413017
0.000596564
0.000345862
0.000344961
0.000370176
0.000568156
0.000451368
0.000607218
0.000369395
0.000382913
0.000596601
0.000433746
0.000548261
0.000415004
0.000498416
0.000498294
0.000498805
0.000513443
0.000509474
0.00048153
0.000492935
0.000447968
0.000471732
0.00044832
0.000495467
0.000499568
0.000475479
0.000545742
0.000525566
0.000542988
0.000483165
0.00053633
0.000473298
0.000473358
0.000526227
0.000466203
0.000510907
0.000496693
0.000531672
0.000512765
0.00048364
0.000506373
0.000475287
0.000518605
0.000524244
0.000481253
0.000497935
0.000482911
0.000521532
0.000513
0.00051326
0.00048271
0.000520154
0.000515302
0.000486627
0.000481181
0.000482936
0.000480405
0.000516596
0.000485003
0.000493223
0.000509716
0.000488928
0.000482931
0.000514509
0.000500462
0.000507109
0.000512827
0.000497546
0.000508369
0.000486677
0.000503547
0.000485324
0.000498097
0.000511663
0.000497836
0.000416909
0.000225038
0.000212474
9.7109e-05
0.000197694
0.000156392
0.000533364
0.000289948
0.00024331
0.000250139
0.000255247
0.00047333
0.000439532
0.000316748
0.000319803
0.000438139
0.000453773
0.000348188
0.000424347
0.000443024
0.00604144
0.0014581
0.000838856
0.000529505
4.24768e-05
0.000324722
0.00079612
0.000129476
5.12234e-05
0.000102699
9.62463e-05
0.000141277
0.000584395
5.74404e-05
0.000443731
0.000683555
4.83311e-05
3.16931e-05
0.000703572
0.000225468
0.000664879
0.000630328
0.000659961
0.000659518
0.00032039
0.000229476
0.000246598
0.000624226
0.000301917
0.000372592
0.00034338
0.000313101
0.000317022
0.000515286
0.000498532
0.000501559
0.000412724
0.000528918
0.000449274
0.000498707
0.00046101
0.000459386
0.000521258
0.000471238
0.000528769
0.000550284
0.00048784
0.0005383
0.00055221
0.00050311
0.000498737
0.000500801
0.000549529
0.000538747
0.000475422
0.00054322
0.000507772
0.000542258
0.000533103
0.000540589
0.000482962
0.000534811
0.00053754
0.000530377
0.000464564
0.00053156
0.000504012
0.000475055
0.000490985
0.000529465
0.000477304
0.000492472
0.00052791
0.000527375
0.000507264
0.000522776
0.000472556
0.000486753
0.000516529
0.000495622
0.00052217
0.000504975
0.000478412
0.000484816
0.000499316
0.00047714
0.000499271
2.82581e-05
0.000347569
0.000490131
0.000471951
0.000458039
0.000457381
0.000247465
0.000494242
0.000250021
0.000405846
0.000547093
0.00053897
0.000539003
0.000401757
0.000297405
0.000630449
0.000609153
0.000328522
0.000558084
0.000352891
0.000509988
0.000440305
0.000608123
0.000368562
0.00038323
0.000563586
0.000552845
0.000420774
0.000421115
0.000406534
0.000526877
0.000411263
0.000419537
0.000418479
0.000434065
0.000550041
0.000561311
0.000427835
0.000547627
0.0069856
0.00108247
0.000714441
0.000888302
9.01528e-05
0.000609246
0.000309255
0.000858753
0.000182832
0.00103279
0.00100317
0.000164715
0.000665238
0.00050326
0.000292566
0.000319868
0.000437091
4.50936e-05
0.000502571
0.000133645
0.000154199
0.000489967
0.000146663
0.000370598
0.000498735
0.000494123
0.000183648
0.000473082
0.000195414
0.000478067
0.000204633
0.000463385
0.000397152
0.000278091
0.000366873
0.000655032
0.000515228
0.000321493
0.000365703
0.000626414
0.000593045
0.000383538
0.000349825
0.000560478
0.000372444
0.000512395
0.000467581
0.00046069
0.000415213
0.000582884
0.000589218
0.000394225
0.000481948
0.000513279
0.000452652
0.000557517
0.000406518
0.000407847
0.000426433
0.000540171
0.000472943
0.000566226
0.000420692
0.000427216
0.000559414
0.000462023
0.000528585
0.000450671
0.000496319
0.000489313
0.000477058
2.56081e-05
0.000181807
7.25731e-05
7.67039e-05
0.000221012
0.000541886
0.000382258
3.39568e-05
5.47031e-05
2.40584e-05
0.000118213
0.000499601
0.000209381
0.000239976
0.000111611
0.000183494
0.000153654
0.000683994
0.000283456
0.000430443
0.000271751
0.000239975
0.000298465
0.000386457
0.000306727
0.000356447
0.000308075
0.000309265
0.000333792
0.000603259
0.000341482
0.000337341
0.000585712
0.000368292
0.000439558
0.000405956
0.000774452
0.000386036
0.000528201
0.000694633
0.000512284
0.00068416
0.000281553
0.00029948
0.000480577
0.000638224
0.000339235
0.000579761
0.000436995
0.000350842
0.000348249
0.000462543
0.000368722
0.000547502
0.000375484
0.000396118
0.000509803
0.000589566
0.000531329
0.000391448
0.000438339
0.000517319
0.000485279
0.00054086
0.000537012
0.000526044
0.000447856
0.000535886
0.000541503
0.000436394
0.000522587
0.00046375
0.000436283
0.000541338
0.000545434
0.000435738
0.000531412
0.000440623
0.000444579
0.000461328
0.000468905
0.000532284
9.43647e-05
0.00131477
0.001767
0.000549044
5.2492e-05
0.00054785
0.000542832
0.000462244
1.99136e-05
6.35835e-05
0.000234904
0.000696792
0.000546258
0.000596369
0.000526305
0.000470616
0.000634648
0.000638581
0.00060241
0.000510796
0.000611488
0.000486266
0.000584043
0.000432786
0.000505199
0.000592565
0.000483668
0.000495032
0.000579146
0.000571319
0.000567568
0.000577417
0.000543156
0.00043707
0.000518976
0.000547512
0.000442688
0.000557268
0.000484644
0.000482809
0.000556017
0.00053322
0.000450318
0.000533803
0.000531732
0.000547683
0.000528855
0.000510142
0.00045853
0.000474065
0.000531509
0.000497437
0.000528161
0.000462724
0.000541878
0.000464317
0.000541478
0.000536311
0.00046484
0.000521305
0.000535722
0.000478568
0.000511909
0.000525905
0.000487964
0.000529874
0.000522913
0.000529331
0.000527157
0.000527993
0.000484786
0.00606588
0.00101967
0.000250255
0.000451241
0.000635876
0.000682789
0.00044323
0.000234099
0.000420736
0.000276497
7.15517e-05
0.000238774
0.000422823
0.000595056
0.000123612
0.000112754
0.00015515
0.000246359
0.000155471
0.000164315
0.000309025
0.000175027
0.000218468
0.000159171
0.000243854
0.00536074
0.00052712
0.00046673
0.000530661
0.000182515
0.000305204
0.000350432
0.000478057
1.13759e-05
0.000608761
0.000602829
2.52458e-05
0.000631099
0.000501691
0.000102943
0.000131885
0.000449455
0.000137641
0.000501395
8.86844e-06
0.000227979
0.000494668
0.00601615
0.00516491
0.00310515
0.00295828
0.00344184
0.00126019
0.00223032
0.0013406
0.0015772
0.00129166
1.07858e-05
0.000816852
0.000716342
0.00038216
0.000520483
0.000460219
0.000554393
0.000961113
0.000505696
0.000517376
0.000527185
0.000434589
0.000434466
0.00054271
0.000402207
0.000387043
0.00052124
0.000395676
0.000648746
0.000393791
0.000524132
0.00057443
0.000631788
0.000425681
0.000415281
0.000508347
0.000423973
0.000595642
0.000441078
0.000468299
0.000568507
0.000588458
0.000478033
0.000547848
0.000577154
0.000429778
0.000463889
0.000491986
0.000444981
0.000536473
0.00047119
0.000489834
0.000533195
0.000564003
0.000562491
0.000451892
0.000482476
0.000480567
0.000488794
0.000556067
0.00053485
0.00045417
0.000546348
0.000546383
0.000510379
0.000456109
0.000519044
0.000527827
0.000543408
0.000464434
0.000530281
0.000539213
0.000494811
0.000468128
0.000467376
0.000465407
0.000529723
0.000534331
0.000534244
0.000476842
0.00134964
0.000498255
0.00060847
0.000462095
0.000157632
0.000552277
0.000455241
0.00041896
3.10965e-05
0.000569812
0.000133825
0.000129026
8.10872e-05
0.000237429
0.000389765
0.000665796
0.0004967
0.000116097
0.000250964
0.000204845
0.000619141
0.000216934
0.00022715
0.000615583
0.000262704
0.000463725
0.000127052
0.000184307
0.000163767
0.000374544
8.23446e-05
0.000267905
0.000227393
0.000175814
0.000175939
0.000229692
0.000247775
0.000249099
0.000295619
0.000486696
0.000319827
0.000515625
0.000338937
0.00122668
0.000391351
0.00157122
0.000436123
0.000637536
0.000826157
0.000341257
3.22023e-05
6.98816e-05
0.000190961
3.65589e-05
0.000420426
0.00018002
0.000235961
0.000192842
0.000317428
0.0001189
0.00020601
0.000641803
0.000497553
0.000406702
0.000669709
0.000398532
0.000334512
0.00037934
0.000269053
0.000638728
0.000277268
0.000253533
0.000555001
0.000601478
0.000342953
0.000455805
0.000609573
0.000542893
0.000385375
0.00055826
0.000563935
0.000436397
0.000389825
0.000357444
0.000583147
0.00037441
0.000441155
0.000527146
0.000438839
0.00040233
0.000552237
0.000486253
0.000423475
0.000430917
0.000544587
0.000417087
0.000497839
0.000429446
0.000778079
0.002488
0.00166585
0.00129405
0.00251796
0.0027984
0.00236059
0.0013304
0.00202501
0.000453071
0.000697753
0.000811444
0.000768126
0.000330968
0.00019432
0.000710718
0.000740494
0.000255898
0.000109447
0.000304063
0.000606389
7.56789e-05
0.000449749
0.00739831
0.00153397
0.00361971
0.00161623
0.00102731
0.00136006
0.00116288
0.000469629
0.000251789
0.000256473
0.000803048
0.000155886
0.000359494
0.000543669
5.47257e-06
0.000309378
0.000206479
0.00019213
0.00095748
0.000499236
0.000506593
0.000505176
0.000630767
0.000623731
0.000505728
0.000491452
0.000554102
0.000518771
0.000558242
0.000549073
0.000576964
0.0005999
0.000514125
0.00046672
0.000588481
0.000563934
0.000565082
0.0005698
0.000503972
0.000439199
0.000510952
0.000558429
0.000559446
0.000464194
0.000529703
0.000466265
0.000482326
0.000475979
0.000457747
0.000549366
0.000549346
0.000530163
0.00054697
0.000501781
0.000484548
0.000493776
0.00050808
0.000468488
0.000533766
0.000472378
0.000506763
0.000474281
0.00053296
0.000527527
0.000474537
0.000481975
0.000528691
0.000531467
0.000531156
0.000531109
0.000519876
0.000474166
0.00051762
0.000506193
0.00049457
0.000502294
0.000514021
0.000500343
0.00197289
0.00166685
0.000805069
0.000626701
4.54234e-05
0.000229387
0.000274138
0.000452253
8.02567e-05
0.000138578
0.000497365
0.00109934
0.000481322
4.76078e-05
0.000379006
6.39198e-05
0.00035805
0.000380786
0.000744378
8.82447e-05
0.000178146
0.000157482
0.00056935
0.000213817
0.00024202
0.00025919
0.000294473
0.000661106
0.0002742
0.000654852
0.000645711
0.000270842
0.00035414
0.000412146
0.00056906
0.000566986
0.000480368
0.00055623
0.000359943
0.000376811
0.000362265
0.000404149
0.000546632
0.000551738
0.00038173
0.000541343
0.000392962
0.000567186
0.00054221
0.000477696
0.000492405
0.000489528
0.000663487
0.000244883
0.000345419
0.000423535
0.000545405
0.000300545
0.00061151
0.000331282
0.000593561
0.000354981
0.000539519
0.000393744
0.000364499
0.000381561
0.000470511
0.000477354
0.000404883
0.000400091
0.000391751
0.000399371
0.000396952
0.00040945
0.000558728
0.000411638
0.000432967
0.000447223
0.000436117
0.000429908
0.00043234
0.000512697
0.000481266
0.000484474
0.000525975
0.000530425
0.000450148
0.000445317
0.000444488
0.000453176
0.000449254
