0.00865111
0.0198391
0.0182444
0.0222937
0.0206117
0.0208617
0.0216849
0.0205114
0.0213033
0.0217635
0.0214979
0.0214738
0.0229081
0.0229081
0.0229082
0.0229095
0.0227244
0.0229869
0.0229232
0.0230385
0.0228152
0.0228955
0.0229188
0.0229011
0.0228273
0.0229778
0.0228556
0.0228353
0.0229656
0.0229783
0.0229773
0.0228488
0.022924
0.0228422
0.0228936
0.0229445
0.0229698
0.0228578
0.0229672
0.0229679
0.0228656
0.0229194
0.0229522
0.0228979
0.0229037
0.0229606
0.0229148
0.0228934
0.0228951
0.0229576
0.0229521
0.0228981
0.0229412
0.0229307
0.0229488
0.0228964
0.0229473
0.0229007
0.0229463
0.022885
0.0229132
0.0229425
0.0228766
0.0229264
0.0229403
0.022883
0.0228793
0.022939
0.0229325
0.0228808
0.0229088
0.0229355
0.0229081
0.0229086
0.0227191
0.0227232
0.0247465
0.022036
0.0217942
0.0242224
0.0219398
0.0225926
0.0236743
0.023406
0.0232184
0.0236528
0.0236063
0.0238422
0.0235732
0.0232539
0.0223379
0.0223438
0.0230252
0.0225121
0.0233919
0.0226832
0.0234278
0.022652
0.0227105
0.0227003
0.0224756
0.0233467
0.0233666
0.0233555
0.0227145
0.0229507
0.0231055
0.0226188
0.0232531
0.0225596
0.022563
0.023272
0.0227688
0.0225877
0.0231986
0.023061
0.0229041
0.0232059
0.0231871
0.0231637
0.0227354
0.0231608
0.023047
0.0227315
0.0230204
0.0231423
0.0231339
0.022696
0.0229081
0.0229081
0.0229082
0.0211168
0.0213505
0.0217292
0.0218386
0.0220224
0.0237833
0.0220071
0.0233739
0.0231781
0.0221088
0.0221538
0.0234178
0.0235227
0.0230314
0.0231789
0.0223435
0.0233751
0.0231565
0.0229985
0.0231572
0.0233363
0.0228774
0.0232865
0.0224665
0.0225077
0.0225025
0.0227416
0.0225398
0.0232653
0.0225604
0.0225496
0.0231387
0.0230516
0.0227475
0.0230313
0.0226205
0.0231829
0.022641
0.0230929
0.0230682
0.0229737
0.0230717
0.0229199
0.0227286
0.0229081
0.0229081
0.0229081
0.0217352
0.0220056
0.0221188
0.0222083
0.0223219
0.0234256
0.0224141
0.0231283
0.0230324
0.0224812
0.0224971
0.0231807
0.0232885
0.0229732
0.0230549
0.0225746
0.0231842
0.0230456
0.0229594
0.0230536
0.0231809
0.0228905
0.0231438
0.0226239
0.0226502
0.0226388
0.0228089
0.0226693
0.02315
0.0226831
0.0226699
0.0230539
0.0229971
0.0228085
0.0229857
0.022709
0.0230998
0.0227269
0.0230281
0.0230117
0.0229499
0.0230145
0.0229157
0.0227905
0.0229081
0.0229065
0.0222892
0.0232786
0.0231416
0.0228833
0.0233058
0.0226918
0.0230644
0.0230052
0.0224366
0.0224576
0.0229809
0.0228517
0.0225978
0.0225453
0.022718
0.0228461
0.0230458
0.0226149
0.022889
0.022923
0.0231254
0.0229378
0.0229574
0.0230686
0.0227467
0.0230858
0.0228713
0.0230495
0.0227283
0.0227639
0.0229081
0.0229081
0.0234459
0.0229081
0.0228621
0.0230484
0.0231983
0.0226597
0.0227669
0.0229769
0.0229117
0.0226238
0.0227007
0.0230659
0.0230405
0.0226845
0.0228598
0.0228706
0.0227873
0.0228629
0.0227123
0.0230043
0.0229922
0.0229522
0.0230704
0.0229655
0.022748
0.0230165
0.022896
0.0227601
0.0227809
0.0227714
0.023026
0.0230418
0.0229417
0.0227894
0.0230227
0.0228755
0.023019
0.0228379
0.0229398
0.0228684
0.0228288
0.022874
0.0228318
0.0230001
0.0228494
0.0228306
0.0229081
0.0229081
0.0215903
0.0229056
0.0230195
0.0227448
0.0218634
0.0219696
0.0234402
0.0235713
0.0236386
0.0236003
0.0230072
0.0221607
0.022216
0.0223911
0.0223292
0.0225407
0.0223221
0.022513
0.023355
0.0224242
0.0224512
0.0233031
0.0226287
0.0231723
0.0231486
0.0225252
0.0229833
0.0229992
0.0225455
0.0231875
0.0226213
0.0231623
0.0230628
0.0227517
0.0231694
0.0226777
0.0228957
0.0230294
0.0231314
0.0231413
0.022987
0.02268
0.0230463
0.0233467
0.0229408
0.0229081
0.0227338
0.0229108
0.0229267
0.0229476
0.0229956
0.0229294
0.0228854
0.0228839
0.022997
0.0229508
0.0228906
0.0228268
0.0228875
0.0229456
0.0229319
0.0229587
0.022911
0.0228441
0.0229424
0.0229545
0.0228714
0.022906
0.0229677
0.0228479
0.0228972
0.0229174
0.0229655
0.022853
0.0229646
0.0228643
0.0229003
0.0229384
0.0229065
0.0228604
0.0229323
0.0229589
0.022955
0.0229382
0.0228677
0.0228698
0.0229053
0.0229244
0.0228695
0.0228889
0.0228706
0.0228711
0.0228743
0.0229441
0.0229429
0.0229311
0.0229404
0.0229389
0.0229151
0.0229105
0.0229229
0.0229
0.0229134
0.022936
0.0229081
0.022926
0.02263
0.02231
0.0225096
0.0228509
0.0230089
0.0228703
0.0226396
0.0227465
0.0225683
0.0226249
0.0230181
0.0227882
0.0230377
0.0229789
0.0228329
0.022884
0.0227533
0.0228607
0.0229081
0.0226989
0.0233259
0.0226904
0.0227012
0.0214058
0.0229387
0.0223464
0.0216616
0.0217809
0.0219625
0.0234302
0.0228234
0.0235121
0.0226674
0.022498
0.0233905
0.022321
0.0224229
0.0223411
0.0224732
0.0233148
0.0226558
0.0232241
0.0227114
0.0225175
0.0225168
0.0230828
0.0231618
0.023199
0.0231865
0.0229256
0.0226331
0.0226566
0.0229168
0.0229504
0.0229064
0.0227918
0.0229004
0.022923
0.0227195
0.0230817
0.0229547
0.0229285
0.0229922
0.0227858
0.0229344
0.0230533
0.0229918
0.0229343
0.0228208
0.0228084
0.0230078
0.0229999
0.0228735
0.0228787
0.023001
0.0230007
0.0229827
0.0228156
0.0228683
0.0228895
0.0229651
0.0229442
0.0229776
0.0228725
0.022988
0.0229829
0.0228442
0.0229489
0.0228446
0.0229644
0.0229428
0.0229659
0.0228474
0.0228564
0.0229572
0.0228481
0.0228507
0.0228672
0.0229585
0.0229338
0.0229598
0.0229581
0.0229137
0.0229059
0.0229495
0.0229488
0.0229081
0.0229081
0.0229081
0.0220078
0.0233513
0.0228628
0.0228419
0.0230379
0.0230821
0.0224887
0.0232465
0.0226989
0.0226228
0.022586
0.0231999
0.0226216
0.0231071
0.0227675
0.0226457
0.0226394
0.0229479
0.0231116
0.0227151
0.0230191
0.022719
0.0228053
0.0228041
0.0227305
0.0227189
0.0227347
0.0230583
0.0229936
0.0228547
0.0227511
0.0229792
0.0228467
0.0230097
0.0227769
0.0221624
0.0174802
0.0240933
0.0215138
0.0205651
0.0229729
0.0212714
0.021503
0.0217016
0.0236196
0.0214486
0.0234386
0.0218163
0.0218827
0.0232896
0.0220864
0.0221464
0.0222589
0.0222871
0.0229081
0.0229081
0.022357
0.022907
0.0229604
0.0228414
0.0222848
0.0224411
0.0231732
0.0232646
0.0233357
0.0232984
0.0229555
0.0225351
0.0225504
0.0226518
0.0226034
0.0227283
0.0225682
0.0227088
0.0231778
0.0226284
0.0226367
0.0231569
0.0227612
0.0230555
0.0230437
0.0226914
0.0229504
0.0229594
0.0226919
0.0230723
0.0227456
0.0230584
0.022998
0.0228211
0.0230689
0.0227745
0.0229022
0.0229793
0.0230442
0.0230539
0.0229546
0.0227662
0.0229905
0.0206034
0.0208555
0.0240436
0.0228492
0.0234796
0.0212588
0.0217441
0.0238601
0.0217466
0.0229733
0.022504
0.0227463
0.0223645
0.0236201
0.0220742
0.0227781
0.0229579
0.0221991
0.0231511
0.022687
0.0233984
0.0230284
0.0224368
0.0231365
0.0224075
0.0230599
0.0229373
0.0232729
0.0224985
0.023165
0.0227802
0.0228108
0.0227643
0.0231354
0.0230328
0.023087
0.0229617
0.0226592
0.0231384
0.0237754
0.0225084
0.0222251
0.0229444
0.0234229
0.0225526
0.0229632
0.0224565
0.0224336
0.0228064
0.0228847
0.0225458
0.0228603
0.0225748
0.0230184
0.0231406
0.0226642
0.0231273
0.0227417
0.0228079
0.0228104
0.0230594
0.0231352
0.02273
0.0230945
0.0227624
0.0230965
0.0227588
0.0229286
0.0227447
0.0227966
0.0229264
0.0229746
0.0228858
0.0227587
0.0228067
0.0230421
0.0228876
0.0229668
0.0229149
0.0229777
0.0227933
0.0227902
0.0229988
0.0229932
0.0229813
0.0152739
0.0236301
0.0195782
0.0206429
0.0209026
0.0236333
0.0212207
0.021572
0.0218968
0.0217948
0.0220338
0.0221956
0.0222229
0.0221087
0.0229081
0.0236203
0.0228376
0.0229088
0.0228812
0.0230817
0.0227823
0.0230866
0.0228697
0.0226739
0.0231605
0.0231483
0.0229707
0.0231691
0.0228597
0.0227199
0.0227211
0.0231084
0.0230575
0.023073
0.0229251
0.0230555
0.0227721
0.0228525
0.0228205
0.0227731
0.022825
0.0228188
0.0229321
0.0228054
0.0230034
0.0230242
0.0228157
0.0228897
0.0228518
0.0228954
0.0228181
0.0228704
0.0229299
0.0228999
0.023005
0.0230032
0.0228515
0.0228254
0.0229704
0.0229456
0.0229873
0.0229513
0.022916
0.0228371
0.0229487
0.0229789
0.022927
0.0228931
0.0229052
0.0228509
0.022972
0.0229527
0.0228752
0.0228631
0.0206813
0.0186365
0.0214071
0.0240161
0.0212559
0.0213308
0.0232348
0.0220343
0.0219132
0.0219287
0.0218864
0.0227658
0.0218733
0.0220622
0.0221871
0.0231525
0.0232917
0.0232727
0.0227858
0.022883
0.0224269
0.0225344
0.0225256
0.02261
0.0225458
0.0219608
0.0238053
0.0213359
0.0213432
0.0210931
0.022657
0.0213174
0.0223728
0.0217705
0.0217158
0.0227864
0.0225081
0.0224181
0.0222201
0.0223432
0.0224694
0.0229541
0.022521
0.0224499
0.013088
0.0136774
0.0234441
0.0194344
0.0204171
0.0211198
0.0239617
0.0212
0.0201855
0.0238052
0.0208614
0.0210781
0.0216989
0.021778
0.0217636
0.0218326
0.0231173
0.0223191
0.0229088
0.0226391
0.0229083
0.0229092
0.023057
0.0228771
0.0229297
0.0226421
0.0229081
0.0227159
0.0227624
0.0228714
0.0228929
0.0231901
0.0231649
0.023147
0.0231418
0.0230135
0.0227352
0.0228417
0.0229487
0.0228205
0.0230595
0.0227425
0.0228079
0.0230761
0.0230724
0.0228371
0.0230385
0.023037
0.0228777
0.0227799
0.0230363
0.0230186
0.0228952
0.0229205
0.0228261
0.0230282
0.022802
0.0229107
0.0230237
0.023012
0.0230156
0.0228193
0.0229219
0.0228564
0.0229065
0.0228437
0.0230008
0.0230013
0.0229744
0.0229515
0.022994
0.0229935
0.0228655
0.0229879
0.0229377
0.0228409
0.0229809
0.0228889
0.0228389
0.0229398
0.0226548
0.0221443
0.0221831
0.0224987
0.0234633
0.0221718
0.021574
0.0218986
0.0228387
0.02174
0.023169
0.0228873
0.0221923
0.0235183
0.0232097
0.0222842
0.0228985
0.0223732
0.0222729
0.0229002
0.0232768
0.022402
0.0226522
0.022444
0.0227746
0.0226351
0.023054
0.0227221
0.0229047
0.0223836
0.02279
0.023216
0.0224802
0.0230597
0.0224919
0.022506
0.0228287
0.0225711
0.0226365
0.0225878
0.0226384
0.0229811
0.0228606
0.0227524
0.0226841
0.022763
0.0228294
0.0228749
0.0188506
0.0218319
0.0196412
0.0230983
0.0212376
0.0224656
0.0231599
0.0229699
0.0219162
0.0218897
0.0220986
0.0222212
0.0231727
0.0226731
0.0232115
0.022444
0.0227343
0.0224604
0.0229081
0.0216604
0.022894
0.0229622
0.0220815
0.0233721
0.0232831
0.0223943
0.0228504
0.0228041
0.0226874
0.0231185
0.0232478
0.0231713
0.022628
0.0226533
0.0228297
0.0227492
0.0226185
0.0228595
0.0229196
0.0231003
0.0230502
0.0226947
0.0230639
0.0227648
0.0230397
0.0230325
0.022897
0.023036
0.0227685
0.0229959
0.0229482
0.0119452
0.0224877
0.0166511
0.0185137
0.0203899
0.0215115
0.023639
0.0219152
0.0194744
0.0203687
0.0230486
0.0235436
0.0207845
0.0212991
0.0230175
0.0220446
0.0225589
0.023444
0.0225835
0.0220843
0.022013
0.0230303
0.0227131
0.0233172
0.0227452
0.022824
0.0224844
0.0206271
0.019555
0.0194595
0.0203519
0.0209861
0.0235253
0.02182
0.0222542
0.0218617
0.0214766
0.022427
0.022229
0.0218957
0.021913
0.0229029
0.0223072
0.0229778
0.0228839
0.0229353
0.0229083
0.0229095
0.0229702
0.0229273
0.022919
0.0229223
0.022728
0.0228987
0.0228759
0.0228791
0.0227271
0.0230651
0.022747
0.0227317
0.0227737
0.0229259
0.0227708
0.0227757
0.0230112
0.0230468
0.0230416
0.0230325
0.0230024
0.0229567
0.0229942
0.0228787
0.0228078
0.0228926
0.0228052
0.0230196
0.023002
0.0230158
0.0229897
0.0229935
0.0229878
0.0228538
0.0228895
0.0229159
0.0229778
0.0229818
0.0228909
0.0229911
0.0228607
0.022839
0.0229091
0.022909
0.022979
0.0229731
0.0229683
0.0229185
0.0229719
0.0229688
0.0229603
0.0228642
0.0229209
0.0228549
0.0228737
0.0228572
0.0215169
0.0230853
0.0228478
0.0211719
0.0224482
0.0222779
0.023385
0.021432
0.0217316
0.0217956
0.0220243
0.0223005
0.0221677
0.0229081
0.0232856
0.0228371
0.021861
0.0227392
0.0233527
0.0221662
0.0225876
0.0225864
0.0233779
0.0231584
0.02235
0.0228222
0.0228554
0.0224416
0.0232081
0.0231964
0.022974
0.0231244
0.0225397
0.0232154
0.0226961
0.0225532
0.0229815
0.0229787
0.0230905
0.0226221
0.0226378
0.0228006
0.0227519
0.0231238
0.0229013
0.0230456
0.0230962
0.022706
0.0227077
0.0229922
0.0227097
0.0227517
0.0229569
0.0229245
0.022908
0.0228812
0.0226379
0.0229143
0.0229743
0.0232307
0.0232775
0.0226149
0.0230099
0.0226629
0.0225909
0.0229862
0.0226137
0.0227219
0.0226211
0.0226205
0.023125
0.0227886
0.0230964
0.0227576
0.0230434
0.0227558
0.0229348
0.0227257
0.0228948
0.0227364
0.0227727
0.0228343
0.022851
0.0227708
0.0230153
0.0229904
0.0227889
0.0229258
0.0229054
0.022798
0.0229813
0.0228947
0.0229004
0.0228043
0.0228106
