0.00394737
0.00114288
0.00423682
0.00151132
0.000326204
0.00156939
0.00132153
0.00155057
0.000430034
0.000467572
0.000283587
7.98519e-06
0.00108167
0.00108971
0.00108275
0.00107837
0.00099966
0.00110065
0.00100499
0.00106992
0.00108011
0.00102367
0.00112236
0.00107644
0.00103833
0.00113065
0.0011012
0.00105777
0.00112309
0.00109077
0.00110104
0.0010817
0.00112666
0.00105848
0.00108435
0.00106648
0.00111842
0.00110971
0.00108139
0.00110291
0.00110456
0.00109631
0.0010777
0.00108009
0.00110586
0.00108124
0.00109587
0.00108221
0.00106281
0.00105986
0.00106788
0.00105794
0.00110055
0.00110217
0.0011052
0.00105738
0.00107584
0.0010784
0.00110233
0.00110093
0.00108967
0.00110102
0.00108476
0.00106421
0.00107696
0.00109778
0.0010665
0.00106422
0.00109089
0.00109738
0.00108455
0.000692403
0.000742079
0.0013147
0.00204449
0.000523114
0.00121137
0.00149431
0.00176645
0.00175992
0.000620853
0.000673379
0.000598667
0.00162342
0.00119766
0.00073553
0.000858987
0.00070187
0.000710607
0.000750459
0.000774696
0.00144082
0.00135654
0.00118545
0.00136965
0.00136632
0.00137871
0.000822071
0.00133791
0.00114408
0.00133703
0.00132621
0.00131963
0.00128838
0.000873435
0.00127415
0.00125481
0.000920918
0.000927628
0.00127266
0.000899152
0.00100787
0.000915019
0.00125317
0.000961801
0.000959911
0.00109719
0.00122927
0.00110303
0.000952446
0.00120931
0.00120841
0.00107939
0.000588242
0.000212355
0.000169592
0.00114343
0.000353678
0.00162682
0.000579001
0.000461669
0.000521121
0.000612263
0.00114894
0.000991886
0.00135868
0.00138658
0.00117063
0.000739578
0.00133074
0.00123658
0.00120458
0.000981415
0.00110408
0.000983685
0.00106603
0.000822515
0.0013103
0.00129928
0.00104027
0.000851593
0.000853107
0.00128574
0.00109497
0.00125483
0.000880763
0.00111182
0.0011473
0.000912844
0.00102801
0.00117149
0.000941289
0.00121457
0.000922688
0.00094541
0.000940449
0.00121754
0.000942291
0.00107989
0.000871025
0.00065292
0.000550732
0.00110629
0.000700413
0.0014132
0.000736612
0.000738367
0.000780242
0.000843116
0.00111362
0.00103694
0.00123159
0.00125124
0.00112644
0.000848436
0.00122365
0.00116728
0.0011505
0.00102526
0.00109358
0.00102626
0.00107205
0.000921746
0.00123558
0.00122415
0.00105646
0.000928465
0.000927905
0.00121953
0.00108918
0.00119512
0.000945189
0.00109997
0.00112261
0.000964691
0.00104734
0.00113895
0.000989704
0.00116987
0.00097211
0.000992208
0.000988318
0.00117293
0.000986455
0.00107928
0.000944421
0.000312138
0.000470674
0.000627843
0.0006622
0.000590453
0.000655331
0.000964398
0.000758585
0.000836507
0.000855165
0.000827229
0.0010385
0.000816044
0.00111595
0.00114271
0.000960361
0.00106242
0.00116189
0.000887829
0.00102378
0.00109553
0.000952972
0.00104898
0.00109309
0.00096729
0.000942615
0.000995018
0.000959263
0.000977987
0.000979126
0.00108022
0.000774297
0.00108132
0.000985067
0.00111444
0.000955986
0.000875953
0.00121059
0.000923603
0.00107043
0.00124942
0.00123079
0.00100822
0.00122373
0.000943214
0.00115935
0.00115318
0.00117061
0.000991606
0.00119888
0.00100908
0.00118755
0.000967447
0.00118514
0.00112882
0.000986658
0.00117431
0.00102529
0.00104474
0.00100469
0.00111963
0.00100568
0.00114597
0.00102588
0.00102977
0.00110564
0.00107227
0.00112865
0.00104767
0.00102224
0.00101668
0.00102782
0.00107617
0.00111662
0.00102073
0.00102999
0.00113663
0.00106056
0.00106459
3.28825e-05
0.0010288
0.00160307
0.000732639
0.00156115
0.000390341
0.000733547
0.00146683
0.000557511
0.000563667
0.000503518
0.00055898
0.0012866
0.000606144
0.000994073
0.000885641
0.00137762
0.000688803
0.00131591
0.00112004
0.00113771
0.000767606
0.000789154
0.00129573
0.00130747
0.00130887
0.00129395
0.00110887
0.00127117
0.000851496
0.000898038
0.00119472
0.0010023
0.00104437
0.00115479
0.00122753
0.00123125
0.00117335
0.000963147
0.00117216
0.00122567
0.00121636
0.000921739
0.00103643
0.00116419
0.00109685
0.00105766
0.00108022
0.00109863
0.000986582
0.00115421
0.00108114
0.00106702
0.00114621
0.00108368
0.001015
0.00112781
0.00107991
0.0011327
0.00107826
0.00108602
0.00110216
0.00112956
0.00106531
0.00109887
0.00107169
0.00111813
0.00106707
0.00110436
0.00111351
0.0011217
0.00104369
0.001112
0.00111356
0.00109312
0.00106178
0.00104998
0.00107722
0.00111397
0.00111396
0.00111367
0.00111237
0.00111086
0.00107421
0.00107218
0.00110437
0.00107154
0.0010554
0.00110653
0.00108375
0.00105673
0.00109763
0.00110474
0.00105734
0.00105803
0.00108433
0.0011043
0.0010662
0.00108754
0.00106036
0.00109961
0.00109912
0.00109837
0.00109874
0.00108063
0.00108392
0.00106648
0.00109749
0.00108374
0.000295311
0.000381495
0.000792361
0.000833369
0.000744533
0.000664904
0.000723328
0.000704818
0.00076257
0.000922636
0.000832401
0.000844944
0.000919851
0.000956066
0.000943879
0.000929542
0.00106525
0.000934886
0.00114022
0.000993453
0.00111886
0.000774073
0.000683818
0.00162389
0.00012502
0.00164432
4.52289e-05
0.000780627
0.000432151
0.000765208
0.000517283
0.00111972
0.00048359
0.00138724
0.000523123
0.000588819
0.00122035
0.000690048
0.000628165
0.000658946
0.000930748
0.0012966
0.000811355
0.000829483
0.00108659
0.00095911
0.00121591
0.000832798
0.000897222
0.00123417
0.000998933
0.00106071
0.00109213
0.00114557
0.0010788
0.00108907
0.00110854
0.00102499
0.00104994
0.00109645
0.00100815
0.00116716
0.00101056
0.00103352
0.0010804
0.00114628
0.00106356
0.00100893
0.0011429
0.0010551
0.00103866
0.00102518
0.00103681
0.00104932
0.00102362
0.00109865
0.00103786
0.00104054
0.00104018
0.00109474
0.00112254
0.00106164
0.00111852
0.00110489
0.00103741
0.00111203
0.00111007
0.00104216
0.00104484
0.00105002
0.00106986
0.0010963
0.00105273
0.00105295
0.00110677
0.00104915
0.00105008
0.00105652
0.00110846
0.00106785
0.00110006
0.00107609
0.00108442
0.00107745
0.00142066
0.0010581
0.00104375
0.00104442
0.00129807
0.00118617
0.000748715
0.00125403
0.000983196
0.000786199
0.000831884
0.00122562
0.00120285
0.00124639
0.000869928
0.00110471
0.000917844
0.000897604
0.000973557
0.00098388
0.000879348
0.000926309
0.00100852
0.000936561
0.0011997
0.00108971
0.00116176
0.00104413
0.00117625
0.0011417
0.00113553
0.000960795
0.000966237
0.000971777
0.000972
0.00116198
0.0009772
0.00106621
0.000996875
0.00105829
0.0010628
0.000395425
0.000119962
0.000402621
0.00177018
0.000732481
0.00132119
0.000849251
0.000644735
0.000486208
0.000310529
0.00137113
0.00047643
0.00139429
0.000551853
0.00116462
0.00134684
0.00056293
0.000883612
0.000764778
0.000437048
0.00083959
0.00107368
0.000439241
0.00106181
0.00138856
0.000937201
0.00136663
0.000756748
0.000933469
0.00130107
0.000841524
0.000842735
0.000784935
0.000804501
0.00118884
0.000835183
0.00104259
0.000991755
0.00126041
0.000876222
0.00121404
0.00110292
0.00111229
0.000915267
0.000901141
0.0012085
0.00121912
0.00122174
0.00121336
0.0010974
0.00119534
0.000941514
0.000981212
0.00114681
0.00103923
0.0010618
0.00112383
0.00116982
0.00117287
0.0011356
0.0010149
0.00113494
0.00117121
0.0011642
0.000987579
0.00105638
0.00113044
0.00109074
0.00106813
0.00216431
0.000754354
0.00091554
0.000304706
0.000276485
0.000754651
0.00149645
0.00155743
0.00119102
0.00137333
0.000248355
0.000978068
0.0014728
0.0014269
0.000513001
0.00117876
0.00100447
0.000628374
0.0014097
0.00141212
0.000620537
0.00133483
0.000732399
0.00128514
0.00133793
0.00130122
0.00109978
0.000853739
0.00126704
0.000839759
0.00117066
0.00126594
0.00121678
0.00114877
0.00110744
0.00123814
0.00119144
0.00110347
0.000881882
0.000893321
0.0012174
0.00108022
0.0010802
0.00107812
0.00108727
0.00088601
0.00106335
0.000783918
0.000919446
0.00105589
0.000784314
0.00100167
0.0011987
0.00105086
0.00126911
0.000974388
0.00124461
0.000901003
0.000900972
0.00123673
0.000912689
0.0011304
0.000936296
0.00108875
0.0011929
0.0011775
0.000953421
0.000992947
0.000951369
0.00104927
0.000965252
0.00114819
0.000975994
0.00103346
0.00111147
0.00100542
0.00117042
0.00110815
0.000988076
0.000992835
0.0010174
0.00115186
0.00109326
0.00115546
0.00100515
0.0011348
0.00110918
0.00114687
0.00101141
0.00101352
0.00105329
0.000995791
0.000328287
0.00124033
0.000909582
0.000610776
0.000753791
0.000159028
0.000947484
0.000183979
0.000288586
0.000311586
0.000649015
0.00108022
0.00113258
0.00112352
0.000833263
0.00129836
0.0010423
0.00115663
0.00108443
0.000956037
0.000993254
0.00107297
0.0011424
0.0010447
0.000995382
0.00119603
0.00109848
0.00102612
0.00118316
0.00109356
0.00105175
0.00107571
0.00106204
0.00115765
0.000998958
0.00104453
0.00100296
0.00116679
0.00116164
0.00116209
0.00105672
0.00115338
0.00106333
0.00114856
0.0011477
0.00101515
0.00114764
0.00103047
0.00114069
0.00114389
0.00112741
0.00105208
0.00113826
0.00105302
0.00113822
0.00104836
0.00111301
0.00112761
0.00111452
0.00108142
0.00109984
0.00112316
0.00105151
0.00112268
0.00112363
0.00112558
0.00112543
0.00105049
0.00109746
0.00104162
0.00111037
0.00106681
0.00110422
0.00108022
0.00086698
0.00115093
0.00053398
0.000281858
0.000109506
0.000155631
8.98807e-05
0.000656307
0.00129847
0.000201155
0.000350475
0.000746691
0.00101197
0.0012089
0.000654838
0.000456138
0.000488258
0.000846852
0.000671633
0.000662332
0.000688144
0.000741512
0.000926963
0.000742109
0.000799503
0.000768661
0.00107861
0.00875834
0.000191056
0.000175794
0.000131746
0.000952437
0.000405742
0.000336143
0.00105709
0.00106863
0.000700325
0.000353748
0.00108176
0.000828545
0.000426802
0.000470727
0.000618555
0.000706648
0.00091196
0.000925091
0.00609269
0.002283
0.00240311
0.000958993
0.00279215
0.00107906
0.000493538
0.000784281
0.000161636
0.000467753
0.000884912
0.0002702
0.00126941
0.000283495
0.00142555
3.69871e-05
0.00136589
0.000970906
0.00139711
0.00175571
0.00124011
0.0010811
0.00109193
0.00132949
0.00114233
0.00108356
0.000967384
0.00113476
0.0011373
0.000943618
0.00107231
0.00123485
0.00123175
0.00123115
0.00110806
0.00109901
0.00120139
0.00107613
0.00116374
0.00107194
0.00101908
0.00115684
0.00118738
0.00113115
0.00100058
0.00106889
0.00100198
0.00099982
0.00114708
0.00105784
0.00107369
0.00115304
0.0011539
0.00116039
0.00115599
0.00106895
0.00111522
0.00102506
0.00104733
0.00114842
0.00105756
0.00102787
0.00103449
0.00114188
0.00113335
0.0011408
0.00106046
0.00102924
0.00113591
0.00103632
0.00108019
0.00104541
0.00112595
0.00103159
0.00103954
0.00112196
0.00112856
0.00110116
0.0011248
0.00107862
0.0010801
0.00108021
0.00330558
0.000600779
7.18714e-05
0.00116511
2.50043e-05
0.000923983
0.000713397
0.00014647
0.000432553
0.000643502
0.00133704
0.000559424
0.000602579
0.00126335
0.000880655
0.00133402
0.00112356
0.000688688
0.000865477
0.000772062
0.000886256
0.00120922
0.00102949
0.000865838
0.00104326
0.00038842
0.000779788
0.000987823
0.000674772
0.000712274
0.000873282
0.000797591
0.00087048
0.00114446
0.00110767
0.00112439
0.000872737
0.000894061
0.000946438
0.0011485
0.000934907
0.00108022
0.00094867
0.000228691
7.13594e-05
4.89451e-05
0.000226701
0.00120417
0.000379102
0.000965757
0.000194001
0.000363347
0.000602704
0.000959861
0.000705138
0.00106823
0.0012669
0.000670838
0.00103499
0.000755657
0.000539229
0.000896021
0.00106966
0.000981664
0.000992403
0.000876253
0.00108447
0.00083819
0.000967413
0.000770691
0.00127589
0.000812221
0.00124699
0.000872112
0.00123222
0.000857016
0.000895581
0.000965728
0.00100219
0.00105606
0.00101889
0.000939302
0.000975799
0.00118173
0.00105064
0.000939605
0.000950652
0.00102727
0.000972217
0.000969572
0.00102413
0.00101347
0.0011189
0.00112762
0.00338913
0.0010802
0.0132292
0.0048739
0.00156451
0.00058202
0.00242881
0.000390426
0.00168183
0.00133077
0.000212889
6.37525e-05
0.000782001
0.00037308
0.000134653
0.00022747
0.000450913
0.000480429
0.00039104
0.00134448
0.000587806
0.00114473
0.0010917
0.0011889
0.000550745
0.000476076
0.000474046
0.000573189
0.00104031
0.000878163
0.00204062
0.00218844
0.00163869
0.000657586
0.00137965
0.000485666
0.000556904
0.000118408
0.000768714
0.00136995
0.000618841
0.00101731
0.000214551
0.00135558
0.000126571
0.000578891
0.000492636
0.00116904
0.00108022
0.000868484
0.00108022
0.00137458
0.000935141
0.00108947
0.00117709
0.00108673
0.00111473
0.001061
0.00122447
0.00118323
0.00121422
0.00114709
0.00119499
0.00119504
0.00101033
0.00114996
0.00115781
0.00104617
0.00110247
0.00112784
0.00116669
0.00114255
0.00107539
0.00101528
0.00101488
0.00109468
0.00112406
0.0010731
0.0010759
0.00109501
0.00111484
0.00102282
0.00112488
0.00108539
0.00103175
0.00113866
0.00113234
0.00102918
0.00113069
0.00103733
0.00113371
0.00112221
0.00103678
0.00104326
0.00103508
0.001099
0.00110993
0.00104472
0.0011157
0.00104336
0.00112088
0.00112161
0.00112108
0.00112082
0.00105015
0.00110218
0.00110523
0.00111372
0.00111565
0.001096
0.00105115
0.000913476
0.0142772
0.00125498
0.000814765
0.000348981
0.00128722
0.000355632
7.3713e-05
0.000238263
0.000336523
0.000225387
0.000989917
0.00230521
0.00155234
0.00107955
0.000767032
0.000810234
0.00143458
0.00100662
0.000644631
0.00104548
0.00127663
0.00108233
0.000723235
0.00122306
0.00115366
0.000802654
0.0011834
0.00078927
0.000845159
0.000854951
0.000822349
0.000962219
0.000926397
0.000874884
0.00118992
0.000854221
0.000909156
0.00119461
0.00113707
0.000892845
0.000915185
0.00116035
0.00109135
0.00106457
0.000925155
0.0011458
0.00102273
0.000944517
0.000964436
0.00100281
0.00112349
0.0011675
0.000525556
0.000730974
0.0010802
0.000976449
0.00073982
0.000790652
0.000797911
0.00104894
0.00118585
0.00120276
0.00120786
0.0010352
0.000898736
0.00113738
0.00117504
0.00092656
0.00119344
0.00101606
0.00112653
0.00113195
0.00095929
0.00106811
0.000985838
0.00105078
0.00114692
0.00114422
0.00115264
0.00103567
0.000986354
0.00115998
0.0011399
0.00112807
0.00100577
0.00100151
0.00100811
0.00104002
0.00100914
0.00101052
0.00101245
0.00103991
0.00101619
