0.195452
0.0205965
0.00642441
0.0108634
0.00510341
0.00637676
0.00325692
0.00598996
0.0062743
0.00352619
0.00355206
0.0056305
0.00375856
0.00556313
0.00518233
0.00472414
0.00482107
0.00404856
0.00391908
0.00504818
0.00449579
0.00399026
0.00494578
0.00419388
0.0048051
0.00462443
0.0043694
0.00441704
0.00435682
0.00036486
0.0043085
0.00107575
0.000521531
0.000258407
0.00264881
0.00541282
0.00464702
0.00326331
0.00337864
0.00531042
0.00434314
0.0036067
0.00318525
0.0032558
0.00437558
0.00511024
0.00507607
0.00395854
0.0047083
0.00377751
0.00463639
0.00462046
0.00368739
0.0041297
0.00399564
0.00482155
0.00479287
0.00399415
0.00393344
0.00411744
0.00480846
0.00404276
0.00466855
0.00475187
0.00457497
0.0044482
0.00473562
0.00460461
0.00406642
0.00408709
0.00409666
0.00409353
0.00410775
0.00468404
0.00421829
0.00428898
0.00461579
0.00454001
0.00441354
0.00424722
0.00417254
0.00454644
0.00419152
0.00435095
0.0046137
0.149524
0.00185373
0.0227365
0.0136107
0.00405206
0.00418911
0.00334198
0.0036795
0.00452439
0.00563769
0.00573306
0.00572579
0.00488205
0.0056809
0.00513276
0.00527398
0.00539096
0.00529835
0.00502777
0.00506725
0.0040425
0.00508133
0.00503936
0.00423218
0.00492771
0.0048467
0.0048751
0.00421703
0.0405936
0.0392062
0.0287125
0.0049631
0.00681873
0.00465006
0.0082976
0.00360418
0.00528366
0.00541159
0.00532124
0.00541577
0.00370913
0.00565868
0.00558074
0.00380363
0.00527752
0.00521327
0.00421789
0.005175
0.00465899
0.00413014
0.00445873
0.00438119
0.00452245
0.00486874
0.00407497
0.00460791
0.00451927
0.199009
0.124516
0.0205589
0.0172252
0.0121837
0.00704421
0.01098
0.00596153
0.00397737
0.00541366
0.00700663
0.005628
0.00645538
0.0048049
0.0064545
0.00422393
0.00525712
0.00573162
0.00387745
0.00563261
0.00383963
0.00535102
0.00388801
0.00477665
0.00414041
0.00408467
0.00508674
0.00412475
0.152218
0.0215288
0.0438883
0.00373661
0.00308498
0.00522882
0.00336769
0.00339515
0.00655993
0.00471693
0.00410359
0.00557498
0.00597852
0.004981
0.00534157
0.00525163
0.00558967
0.00423466
0.0043757
0.00512061
0.0052308
0.0041493
0.00508156
0.00425866
0.00461507
0.00483758
0.00497853
0.00421416
0.070043
0.0297748
0.0154831
0.0118401
0.0129656
0.00314827
0.0041896
0.00331652
0.00696816
0.0036236
0.00502708
0.0048014
0.0045184
0.00377362
0.00543541
0.00412997
0.00433534
0.0053801
0.00528846
0.00527266
0.00525456
0.00486991
0.00502089
0.00466373
0.00449244
0.0713158
0.0195923
0.0172647
0.00300856
0.00876479
0.00916458
0.00558729
0.00336545
0.00339752
0.0043221
0.00549586
0.00610277
0.00566502
0.00578382
0.00527118
0.00379209
0.00405078
0.00528782
0.00460634
0.00515405
0.00516935
0.00509227
0.00506751
0.00500506
0.00490776
0.004658
0.0049217
0.0949636
0.00769928
0.0107344
0.0189637
0.00799975
0.0111494
0.00666124
0.00364765
0.00805685
0.00719157
0.00559899
0.00353104
0.00444802
0.00370377
0.00389215
0.00583739
0.00395645
0.00410634
0.00529318
0.00405497
0.00525442
0.00515916
0.00521701
0.00505114
0.00490352
0.00499913
0.00403707
0.00408569
0.00412111
0.0818218
0.0466961
0.00524508
0.00704844
0.00968982
0.0033879
0.00586893
0.00456605
0.0061948
0.00640037
0.00610319
0.00367948
0.00413958
0.00375242
0.00523615
0.00403742
0.00409639
0.00505746
0.00505102
0.00422154
0.00475835
0.00428259
0.00400143
0.00407805
0.00490667
0.0045887
0.004374
0.0123633
0.0352712
0.00707446
0.00699601
0.00573774
0.00800203
0.00393921
0.00539872
0.00476379
0.00391643
0.00361003
0.00564603
0.00375011
0.00474136
0.00538141
0.003821
0.00411318
0.00513244
0.00392761
0.00396976
0.00496784
0.00493574
0.00407299
0.00456586
0.00481416
0.00462387
0.00478287
0.00382598
0.124164
0.00736019
0.00255305
0.0127852
0.00917215
0.00588384
0.00442533
0.00232274
0.00264437
0.00666637
0.00332444
0.00306337
0.00308596
0.00426211
0.00349499
0.00345172
0.00345741
0.0036866
0.00538108
0.00354852
0.00362087
0.00363552
0.00361276
0.00524316
0.0036904
0.00381109
0.00398906
0.00512156
0.00417111
0.00504621
0.00494939
0.00475046
0.00492444
0.00495496
0.00495046
0.00397644
0.00491301
0.00460657
0.00483349
0.00399645
0.00414522
0.00447332
0.0044467
0.00404377
0.00474923
0.00431979
0.00430392
0.00475676
0.00459136
0.00472213
0.00418824
0.00445396
0.00445272
0.0044057
0.00469449
0.0041845
0.00431649
0.00466703
0.0559639
0.0457254
0.0230861
0.00978983
0.0182754
0.00414138
0.00636837
0.00329487
0.00330911
0.00513164
0.00617578
0.00607528
0.00525209
0.00393254
0.00625526
0.00457171
0.00573567
0.00429559
0.00380866
0.00530242
0.00538165
0.00464016
0.00498295
0.00508189
0.00516349
0.00472364
0.00502504
0.0048447
0.00491324
0.000503769
0.0572516
0.000952934
0.00133687
0.00993425
0.00309525
0.00602495
0.0040271
0.00378349
0.00590238
0.00336625
0.00620491
0.00330484
0.00337928
0.00460514
0.00329796
0.00553102
0.00356337
0.00543819
0.00408319
0.00523553
0.00522403
0.00516918
0.00435788
0.0037714
0.00508676
0.00378569
0.00385111
0.00388769
0.00462229
0.0039224
0.00491458
0.00393613
0.0048909
0.00400098
0.00486497
0.00400084
0.00483517
0.00467457
0.00464449
0.00408787
0.00450912
0.00472091
0.00474802
0.00438087
0.00409241
0.00453104
0.00460766
0.00471916
0.00416022
0.0041375
0.00468797
0.00444813
0.00416994
0.00417284
0.00418
0.00451358
0.132286
0.0854407
0.00375443
0.0105797
0.00291454
0.0107649
0.00597597
0.00640886
0.00555473
0.00704085
0.00666757
0.0058963
0.00379359
0.00365326
0.0052616
0.00529531
0.00544068
0.00548902
0.0051851
0.00412461
0.00391988
0.00522676
0.00517732
0.00512183
0.00492144
0.00498894
0.00410031
0.00487457
0.00446867
0.192586
0.00112243
0.00204336
0.00301205
0.00303867
0.00620812
0.00628273
0.00351533
0.00530069
0.00497716
0.00373184
0.00370455
0.00369647
0.00501725
0.00380791
0.00503089
0.00393164
0.00430021
0.00456869
0.00429972
0.00428355
0.00468743
0.00478111
0.00407458
0.0041953
0.00427561
0.004712
0.00454524
0.00457882
0.0043757
0.281953
0.158596
0.0387486
0.00885164
0.015801
0.01644
0.00641713
0.0136165
0.0112615
0.0077504
0.00334595
0.00796219
0.00404599
0.00736577
0.00487317
0.00619109
0.00500529
0.00374928
0.00628026
0.00609391
0.0041257
0.00559173
0.00432931
0.0053939
0.00556807
0.0054521
0.00502701
0.00411713
0.00496681
0.0773699
0.00325979
0.00261227
0.00810816
0.00455243
0.00625255
0.00556526
0.00624777
0.00571303
0.00549508
0.00513138
0.00365661
0.00528482
0.00380236
0.00523632
0.00501498
0.0038703
0.00423678
0.00394888
0.00444368
0.0047695
0.00435152
0.00405165
0.00448856
0.00432186
0.00474563
0.00476377
0.00413526
0.00422104
0.00417326
0.0353032
0.00301274
0.00263762
0.00810658
0.00441348
0.00625188
0.00556506
0.00624158
0.00571056
0.005473
0.00511782
0.00366189
0.00528279
0.00380581
0.00523179
0.00501348
0.00387335
0.00423717
0.00395118
0.00444298
0.00476718
0.00435159
0.00405336
0.00448792
0.00432223
0.004744
0.00476233
0.00413635
0.00422193
0.00417428
0.401338
0.0100727
0.0399204
0.0172542
0.0117796
0.0173083
0.00381379
0.00886112
0.00314278
0.008949
0.00447982
0.00563241
0.00467277
0.00696455
0.00554922
0.00580835
0.0055602
0.00608144
0.00552357
0.00452598
0.00541404
0.00410128
0.00558804
0.00549141
0.00544197
0.00526103
0.00414633
0.00410879
0.00518223
0.597706
0.00242932
0.00840306
0.00298587
0.00621316
0.00967014
0.00348674
0.00334039
0.00644264
0.00679088
0.00634114
0.003623
0.00510685
0.00381097
0.00382081
0.0050895
0.00515077
0.00514126
0.00475273
0.003973
0.00413737
0.00488013
0.00482999
0.00425865
0.00411197
0.00426534
0.17091
0.13955
0.0219142
0.0186373
0.0221124
0.00626057
0.00938922
0.00324735
0.00468064
0.00654258
0.0050866
0.00758705
0.004682
0.00380286
0.00647584
0.00621563
0.00559479
0.00590959
0.00575905
0.00557038
0.00421573
0.00488343
0.00545214
0.00538264
0.00524727
0.00498372
0.0046662
0.00487373
0.00366294
0.0010224
0.00195836
0.0029844
0.00301258
0.00619641
0.00627717
0.00350825
0.00530188
0.0049794
0.0037292
0.00370174
0.0036931
0.00501589
0.00380644
0.00502788
0.00393047
0.00429859
0.00456647
0.00429845
0.00428245
0.00468503
0.00477992
0.00407521
0.00419518
0.00427513
0.00471074
0.00454358
0.00457704
0.00437502
0.0500174
0.00472094
0.00181826
0.00176653
0.00621234
0.00125416
0.00502011
0.00547272
0.00260323
0.00461217
0.0055985
0.00534128
0.00350067
0.00312205
0.00300911
0.00361604
0.00494025
0.00506124
0.00344243
0.00420699
0.00500022
0.00379214
0.00504189
0.00501393
0.00386637
0.00478501
0.00384322
0.00445727
0.00437807
0.0046062
0.00425679
0.004848
0.00481537
0.00482264
0.00400708
0.00474426
0.00404475
0.00407929
0.00407505
0.00402074
0.00404557
0.00473965
0.00472582
0.00473286
0.00428723
0.00416561
0.00466626
0.00443322
0.0041133
0.00467535
0.00456976
0.0042995
0.00415707
0.00434889
0.00448456
0.00432321
0.0045871
0.00423229
0.00425853
0.0442547
0.0428664
0.0177045
0.00317278
0.00648083
0.00323475
0.00762958
0.00476487
0.00535159
0.0035691
0.00520921
0.00362629
0.00565738
0.00371249
0.00390891
0.00532757
0.00392871
0.00512303
0.00499164
0.00393997
0.00500803
0.00495512
0.00494507
0.00430993
0.0044272
0.00463771
0.00425112
0.00474621
0.00438319
0.00413901
0.0465342
0.00610262
0.00651935
0.00556352
0.000905613
2.10583e-05
0.00190989
0.000984258
0.00592906
0.00586571
0.00572782
0.00335374
0.00367875
0.00266853
0.00541195
0.00543215
0.00521139
0.00514783
0.00373279
0.00395576
0.0050912
0.00514769
0.00385949
0.00362855
0.00371696
0.00368469
0.00495606
0.00416402
0.00446219
0.00388689
0.00489803
0.00489344
0.00478701
0.00474104
0.00397252
0.00482673
0.00480404
0.00475519
0.0046166
0.00399594
0.00478146
0.004766
0.00468485
0.00406873
0.00460491
0.00410374
0.00470646
0.00437313
0.00412933
0.00413819
0.00467948
0.00466733
0.00419809
0.00415973
0.00416516
0.00462604
0.0046382
0.00450792
0.0305579
0.0015379
0.0113312
0.00677816
0.000449392
0.0005751
0.00176257
0.00585188
0.00141465
0.00558687
0.00457877
0.00295734
0.00543261
0.00262327
0.00491308
0.00358528
0.00370239
0.00522658
0.00502619
0.00363399
0.00354006
0.00353145
0.00407206
0.00361376
0.00500922
0.00474949
0.00490798
0.00376836
0.00492214
0.00379647
0.00438748
0.00485783
0.00420847
0.00389516
0.0041095
0.00480671
0.00398899
0.00407932
0.00402547
0.00457738
0.00475843
0.00460271
0.00472501
0.0041106
0.00471364
0.00460048
0.00410808
0.00460307
0.00424454
0.00464631
0.00440623
0.00424592
0.0046477
0.00427582
0.00428072
0.0041727
0.00442907
0.00441877
0.00419632
0.00421887
