0.0227313
0.00743514
0.0145617
0.00885625
0.00386465
0.00512267
0.00510911
0.00259483
0.000425263
0.00523553
0.00110055
1.47214e-05
0.00324466
0.00524249
0.000947763
0.00423913
0.00130509
0.00434141
0.00158568
0.00195668
0.0026761
0.00440851
0.00200635
0.00408582
0.0032995
0.00406793
0.00232433
0.0100522
0.0140831
0.00963713
0.0104245
0.00909381
0.000718686
0.0076276
0.00460045
0.00304234
0.00723629
0.00595871
0.00647831
2.74899e-05
0.00532679
0.00593539
0.00478899
0.00566122
0.000329414
0.00548629
0.00192697
0.00496074
0.00404179
0.00122725
0.00188084
0.00463589
0.00492372
0.00155407
0.00161318
0.00174211
0.00195725
0.0021166
0.00455958
0.00206345
0.00386114
0.00442017
0.00343585
0.00427817
0.00311571
0.00244738
0.00434193
0.00283359
0.00228314
0.00236397
0.00299178
0.00238614
0.00296555
0.00414993
0.00249468
0.00408636
0.00295019
0.0025827
0.0037851
0.00347501
0.00310084
0.00395604
0.00266522
0.00309395
0.00386945
0.0038212
0.0307722
0.0064472
0.0101466
0.00892206
0.00447147
0.0068069
0.00638758
0.00298825
2.87693e-05
0.00055307
0.00571696
0.000545299
0.000173363
0.000162415
0.00518413
0.000586077
0.00120609
0.00395826
0.00126557
0.0034825
0.00171801
0.00200401
0.00175975
0.00209548
0.00368124
0.00280028
0.00386389
0.0158221
0.00575693
0.00278347
0.0138255
0.00953029
0.00664043
0.0058233
0.00562775
0.00592964
0.00136181
5.57444e-05
0.00560823
0.00476545
0.00544257
1.27282e-05
0.00103312
0.00129389
0.000992622
0.0011656
0.00117878
0.00264326
0.00210267
0.00229509
0.00179554
0.00275751
0.00214971
0.00212384
0.00220241
0.00273118
0.142469
0.0264786
0.0033688
0.0171733
0.00587724
0.00727233
0.0129458
0.00496348
0.00111679
0.00413074
0.00255895
0.00188564
0.00135123
0.0046095
0.000510336
0.000159344
0.000687537
0.00499126
0.00358152
0.00334696
0.00118332
0.00426606
0.0011906
0.00317577
0.00333913
0.0179088
0.00897957
0.00111509
0.00675036
0.00483223
0.00335522
0.00268208
0.0062513
0.00302125
0.00299666
0.00594189
0.000618777
0.00360965
5.37844e-05
0.000208404
0.00400964
0.000821449
0.000880111
0.00475868
0.00458797
0.00185797
0.00344072
0.00164159
0.00196504
0.00174932
0.00177396
0.00322356
0.0154268
0.0236941
0.0271762
0.00733895
0.00547431
0.00192739
0.00339732
0.000190555
0.00644332
0.00234589
0.0048146
0.00061821
0.000793654
0.00533731
0.00491845
0.000843195
0.000431349
0.00318576
0.00143946
0.000981581
0.00128623
0.00151716
0.00158193
0.00310648
0.0020763
0.00197779
0.00445313
0.0984167
0.00112876
0.00803816
0.00747431
0.00312674
0.00267859
0.00622634
0.00174647
0.00338908
0.000318041
0.000278848
0.000892078
0.00544381
0.00197985
0.00491159
0.000600075
0.00129442
0.0008339
0.00234902
0.00169493
0.00127383
0.00150755
0.00372587
0.00220968
0.00409891
0.00309361
0.00346835
0.00205486
0.0872378
0.00553913
0.0253606
0.00785063
0.00149898
0.00705979
0.00345868
0.00635902
0.00656526
0.00201416
0.000591938
0.00578738
0.000220858
0.00116196
9.02239e-05
0.000324395
0.00503955
0.00511915
0.00454814
0.000868904
0.00159775
0.00122163
0.00357183
0.00456135
0.00158587
0.00405832
0.00182058
0.00341211
0.0311521
0.00645259
0.0102615
0.00873776
0.00443796
0.00680329
0.0063787
0.00294333
1.12684e-05
0.000530532
0.00571252
0.000519509
0.000193076
0.000181669
0.00517893
0.000601556
0.00121494
0.00395474
0.00127478
0.00348145
0.00172664
0.00200887
0.00176683
0.00210008
0.0036796
0.00280313
0.00386147
0.0232606
0.0074395
0.0136366
0.00843428
0.00365355
0.0049195
0.00505936
0.00255406
0.000460587
0.00520688
0.00112094
6.24736e-05
0.00323669
0.00523265
0.000971989
0.00422795
0.00132543
0.00433146
0.00160445
0.00196725
0.00268272
0.0044006
0.00201812
0.00407919
0.0032997
0.00406168
0.0023324
0.103435
0.00741367
0.00791034
0.000956662
0.00784196
0.00654154
0.00271488
0.00107308
0.00684006
0.00600773
0.00639144
0.00618453
0.00167529
6.00527e-05
0.00608949
0.000360169
0.000515732
0.0023795
0.00209769
0.000491003
0.00518159
0.00513234
0.00519692
0.000998015
0.00279045
0.00139023
0.00133139
0.00496706
0.00436034
0.00478936
0.00172572
0.00425855
0.0044184
0.00214688
0.00194539
0.00370315
0.00201118
0.00331026
0.00441346
0.00225886
0.00431222
0.00368359
0.00381823
0.00233349
0.00240356
0.002641
0.00420007
0.00237593
0.00398131
0.00277144
0.00285639
0.00263998
0.00393289
0.0025455
0.0189446
0.00901262
0.000765625
0.00642731
0.0052978
0.00315046
0.00284257
0.00624085
0.0030073
0.00307115
0.00595787
0.000552779
0.00358923
8.72135e-06
0.000265984
0.00400738
0.00077379
0.000852063
0.00477563
0.00460391
0.00182376
0.00343837
0.00161451
0.00193265
0.00171606
0.00174231
0.0273296
0.00401611
0.0121135
0.00744262
0.00802559
0.0131212
0.00144122
0.00458729
0.00634084
0.00696665
0.000439427
0.00125447
8.17574e-05
0.00196418
0.000308835
0.00597676
0.000736879
0.00572442
0.00579415
0.000278246
0.00440442
0.00529036
0.00470177
0.00144239
0.000812101
0.00514009
0.00461967
0.00498226
0.00419664
0.00135308
0.00338561
0.00282229
0.00461615
0.00253184
0.00453327
0.00319588
0.00320352
0.00441603
0.00389361
0.00392458
0.0032292
0.00218303
0.00306279
0.00252563
0.00269882
0.00329972
0.00243713
0.00263791
0.00410821
0.00265698
0.00251967
0.00405029
0.00299531
0.00402756
0.00282998
0.0418155
0.00634753
0.033002
0.00771626
0.00713921
0.00985538
0.00875795
0.00532076
0.00234586
0.00262084
0.00156436
0.000159895
0.00530011
0.00373743
0.000160353
0.00092853
0.00158882
0.00485829
0.0037231
0.00466448
0.00172967
0.00312122
0.0017789
0.00197434
0.00347081
0.00411091
0.00235773
0.00841263
0.00199365
0.00765859
0.00482255
0.000270743
0.00393439
0.00225274
0.00266498
0.00089389
0.00565558
0.00360885
0.00420345
0.000930395
0.00445871
0.00487978
0.00145604
0.00464639
0.00192735
0.00437702
0.0023378
0.00383153
0.00432156
0.0035279
0.00395495
0.00234305
0.00247008
0.00249463
0.00253104
0.00401195
0.126295
0.0492012
0.0499466
0.0125836
0.00358321
0.000772897
0.0138924
0.00191062
0.00585977
0.00194533
0.00653297
0.00463197
0.0061889
0.00295982
0.00620397
0.00356126
0.000276667
0.000367219
0.00278511
0.00380882
0.00252488
0.00100336
0.0032005
0.00467914
0.0025342
0.00156562
0.00109316
0.00474582
0.00150733
0.00795007
0.00223849
0.00195074
0.000570034
0.00730657
0.0035681
0.00182057
0.00141116
0.00558471
0.0057206
3.73908e-05
0.000623841
0.000899656
0.00140545
0.00108293
0.00108457
0.0045597
0.00240489
0.00420346
0.0045159
0.00432056
0.00332681
0.00290553
0.00325086
0.00433368
0.0035196
0.00382184
0.00235289
0.00404544
0.00794977
0.00223847
0.00214398
0.000131989
0.00730468
0.00340824
0.00183137
0.00139407
0.00555422
0.0057165
2.72934e-06
0.000646284
0.000917088
0.00141668
0.00109803
0.00109992
0.00455122
0.00240911
0.0041973
0.00451036
0.00431516
0.00332566
0.0029072
0.00325061
0.00432989
0.00351815
0.00381921
0.00235713
0.00404257
1.33515
0.0484165
0.00355339
0.00126157
0.00933767
0.00317818
0.0111633
0.0016561
0.00701161
0.00782936
0.00088396
0.00037058
0.00453495
0.0030408
0.00550079
0.00515753
0.00484747
0.000682762
0.00047751
0.00428449
0.00526897
0.000532476
0.000879091
0.000759502
0.00471331
0.00157164
0.00472463
0.00140128
0.00144973
0.0227742
0.107242
0.00846127
0.00528497
0.00749365
0.00837467
0.00696801
0.00144231
0.0057426
0.000422697
0.00586113
0.000957786
0.00551703
0.00096324
0.00046472
0.00307827
0.00508382
0.00105044
0.00114426
0.00471857
0.00141552
0.0018057
0.00231904
0.00452276
0.00183296
0.0025865
0.00430214
0.00227459
0.00261259
0.0420879
0.00523078
0.0160625
0.00724786
0.00263392
0.00706682
0.00371723
0.0016432
0.00642963
0.00637554
0.00282601
0.00625132
0.00166366
0.00413586
0.00104948
0.00257003
0.000807224
0.0045837
0.00071261
0.000664054
0.000437151
0.00288852
0.000845344
0.00418055
0.00368678
0.00131112
0.00144854
0.00169714
0.0700792
0.000487703
0.0208004
0.0162408
0.00820099
0.000355303
0.000738664
0.00181946
0.0055062
0.00341879
0.000157538
0.00517606
0.00529977
0.00503781
0.00120265
0.0020939
0.00474376
0.00178978
0.00195785
0.00204127
0.00440785
0.00429539
0.00426601
0.00237306
0.00422164
0.00246474
0.00249577
0.00257576
0.00356842
0.018893
0.0298348
0.00975584
0.107922
0.000730106
0.00558569
0.00716106
0.00853543
0.000717918
0.0033508
0.00725609
0.000146888
0.00578888
0.00573139
0.000296236
0.000915773
0.000250786
0.000819763
0.00520128
0.000717366
0.00114814
0.00533586
0.000935852
0.00424738
0.00246854
0.00170619
0.00494651
0.00491
0.00478478
0.00472918
0.00195164
0.00198768
0.00460928
0.00193442
0.00297157
0.00446318
0.00225699
0.00215856
0.00224189
0.00423285
0.00432155
0.0029097
0.0036341
0.0039096
0.0040013
0.00418397
0.00388434
0.00279827
0.00249155
0.00345658
0.00290259
0.00366934
0.00269739
0.00396565
0.00267637
0.0039692
0.00267355
0.00387741
0.0631657
0.00882925
0.00843219
0.00606764
0.00730416
0.00208181
0.00652167
0.00664871
0.00201403
0.000989463
0.0057244
0.00452509
0.000796613
0.00174366
0.0050453
0.00489427
0.00131874
0.00188485
0.00456347
0.00272086
0.00239751
0.00187995
0.00193426
0.00431578
0.00343381
0.00221276
0.0029133
0.00405707
0.0204412
0.043283
0.00465581
0.00757136
0.00488804
0.00900571
0.00191175
0.00413074
0.00396631
0.00756791
0.00684356
0.00177669
0.00679345
0.00631137
0.00527766
0.00046901
0.000121982
0.000636159
0.00134463
0.000769851
0.00461021
0.00532131
0.00122803
0.00511067
0.0050006
0.00486343
0.00447937
0.00491773
0.00162003
0.00445866
0.0016251
0.00458173
0.00226788
0.00207019
0.00208552
0.00204701
0.00316828
0.00399434
0.00443508
0.00311851
0.00231447
0.00230283
0.0031394
0.00232164
0.0039136
0.00281616
0.00258556
0.00388172
0.00245585
0.0028658
0.00292805
0.00276362
0.00324817
0.00386119
0.00371784
0.00261981
0.00374639
0.00331919
0.00506185
0.0110966
0.00144408
0.00550866
0.00714849
0.00939121
0.00587404
0.000463271
0.00664977
0.00605952
0.00111693
0.000795811
0.00134763
0.00558458
0.000318791
0.000247889
0.00565523
3.25798e-05
0.000763451
0.00118605
0.0010649
0.000871962
0.00120071
0.00155997
0.00118701
0.00513434
0.00135087
0.00485806
0.00484668
0.00486416
0.00227738
0.00473089
0.00298377
0.00190949
0.00429062
0.00450514
0.00206939
0.00318063
0.00384683
0.00257161
0.00407043
0.00240936
0.00226367
0.00230424
0.0026755
0.00308279
0.00273939
0.00248124
0.00351288
0.00378523
0.00294452
0.00382638
0.00258636
0.0038706
0.00399911
0.00394754
0.00278648
0.00394313
0.00384317
0.00269745
