0.00373958
0.036423
0.00704925
0.00336913
0.000206319
0.00395017
0.00216786
9.64421e-05
0.000270444
0.000295382
0.00107111
0.000156462
0.000314414
0.000909526
0.000205751
0.000129631
0.000648716
0.000570399
0.000427259
0.000103731
0.000457941
0.000296824
0.000389611
0.000293373
0.000125492
0.000223719
0.000227683
0.000278633
0.000293523
0.000930462
0.0153363
0.00552517
0.00294515
3.79846e-05
0.000101871
0.000141613
0.00124464
2.48218e-05
0.000190082
8.05794e-05
3.63418e-05
0.000144505
0.000252195
4.11165e-05
0.000216593
4.54333e-05
7.59958e-06
8.63396e-05
6.18807e-05
8.86248e-05
0.0001084
4.91867e-05
9.29141e-05
2.45492e-05
4.22785e-06
1.94999e-05
1.60809e-05
9.70628e-05
2.30367e-05
3.21093e-05
1.64767e-05
3.28266e-05
1.91172e-05
7.43873e-05
7.93e-05
3.62175e-05
3.26549e-05
5.70455e-05
4.66684e-05
5.71786e-05
6.11793e-05
5.81394e-05
7.58515e-05
5.77589e-05
5.17898e-05
5.30675e-05
6.86687e-05
9.78411e-05
5.74853e-05
7.31759e-05
8.35138e-05
9.42521e-05
6.85758e-05
6.34159e-05
8.47254e-05
8.94548e-05
6.6633e-05
8.35939e-05
0.0135699
0.0276052
0.00855039
0.00155049
0.00302358
0.000203942
0.000330095
0.000785221
0.000297112
0.000453406
0.000831384
0.00104362
0.000128435
0.000751178
0.00105464
0.00083506
0.000349056
0.00016783
0.000497864
0.000316603
0.000608303
0.000228695
0.000433631
0.000427145
0.000444893
0.000213316
0.000187424
0.000281086
0.150239
0.0136326
0.00182716
0.000468408
0.00232496
0.0058655
0.000801396
0.00362078
0.000587503
0.000783743
0.00156108
0.00148046
0.000563275
0.000237013
0.00114104
0.000645736
0.00036332
0.000791953
0.000365511
0.000717142
0.000538454
0.000212541
0.000494745
0.000381727
0.00019789
0.000414446
0.000312921
0.00036641
0.000275738
0.285671
0.0781582
0.00844348
0.00398741
0.020161
0.000524868
0.00202666
0.00267972
0.0022099
0.000548954
0.00125558
0.00214233
0.00234097
0.00104859
0.000264021
0.00159605
0.00137808
0.000893064
0.00110696
0.000509109
0.00099607
0.000956909
0.000869511
0.000336899
0.000730546
0.000202806
0.000439685
1.19796
0.00524086
0.00813954
0.00082555
0.00775777
0.00403462
0.0014979
0.00575195
0.00428577
0.00301912
0.000584148
0.00118777
0.000519715
0.00145686
0.000216687
0.000110722
0.000352654
0.000223647
0.000769138
0.000280366
0.000303816
0.000648568
0.000505281
0.000615507
0.000582018
0.000567779
0.000429536
0.000514658
17.235
0.10766
0.00505839
0.00216515
0.00103139
0.00116765
0.000131169
0.00072611
0.000392714
0.000697534
0.00198455
0.000169859
0.000155766
0.00040417
0.000237936
0.00089761
0.000702491
0.00066767
0.000593205
0.000745284
0.000729041
0.000605939
0.000330572
0.000524022
0.000458481
0.000294387
0.0381943
0.00133803
0.000298188
0.000461509
0.00463904
0.00419676
0.00491852
0.00180223
0.00153779
0.00134869
0.00031501
0.000245375
0.00122538
0.000795002
0.00127928
0.0010111
0.000314288
0.00052218
0.000777626
0.000831977
0.000249887
0.000241383
0.000643032
9.78223e-05
0.000444613
0.000514776
0.000333951
0.000137732
0.00020269
0.00014818
0.136512
0.00648895
0.00331232
0.00088269
0.00332097
0.00292661
0.000625212
0.00337099
0.000117576
0.00268877
0.00229113
0.00204885
0.00180701
0.000150003
0.000276595
0.000106295
0.000974926
0.000284806
0.00101124
0.000418828
0.000728392
0.000742687
0.000657335
0.000542555
0.000570754
0.000543145
0.000549087
0.000501833
0.000278194
0.0139781
0.0264512
0.00815637
0.00154588
0.00293211
0.000202343
0.000326471
0.000784523
0.00029702
0.000453129
0.000823913
0.00103413
0.000128421
0.000748366
0.00104741
0.00083081
0.000348175
0.000167627
0.000495932
0.00031532
0.000604996
0.000228123
0.000431808
0.000425133
0.00044275
0.000212695
0.000186946
0.000280096
0.00379324
0.03652
0.00626552
0.00305008
0.000205742
0.00392941
0.00206818
9.648e-05
0.000265798
0.000295637
0.00105938
0.000156604
0.000314077
0.000895851
0.000204119
0.000129245
0.000640339
0.000563389
0.000422461
0.000103692
0.000453025
0.000294937
0.000386068
0.000290973
0.000125204
0.000222281
0.000226198
0.000276479
0.000291173
0.0218656
0.00175445
0.00397462
0.0104143
0.0072064
0.0041839
0.00101067
0.00290309
0.000150337
0.000858693
0.00088096
0.00061945
0.000799508
0.000791815
8.33917e-05
0.000106377
0.000456622
0.000119143
0.000418205
0.00010658
0.000474667
0.000480159
0.000243294
0.000230852
0.000217923
0.000363235
0.00028007
9.62897e-05
0.000191716
0.000280672
0.000251155
0.00024707
0.00015332
0.000197892
0.0001732
0.000148924
0.00011105
8.95302e-05
0.000195365
0.000205123
0.000165
0.000100945
0.000122506
0.000158789
9.27781e-05
0.000124887
0.000107652
0.000123313
9.51408e-05
0.000119321
0.000164498
0.000152979
0.000155516
0.000139703
0.000156859
0.000125879
0.000149715
0.000149826
0.000145442
0.0893558
0.00402012
0.00733907
0.000774693
0.00735718
0.00388151
0.00154609
0.00579849
0.0043696
0.0030838
0.000582218
0.00121738
0.000519745
0.00146851
0.00021713
0.000111409
0.000354687
0.000226711
0.000782826
0.000283226
0.000307402
0.00066231
0.000516171
0.000630088
0.000595406
0.000581138
0.000439386
0.000527121
0.0139342
0.0218929
0.00406356
0.00296588
0.00180754
0.00446444
0.00130835
0.00058545
0.000157717
0.00119192
0.000980313
0.000288664
8.15831e-05
0.000559501
0.000163878
0.000139704
0.000137456
0.000519189
0.000199337
0.000110691
0.000213273
0.000132863
0.000207632
0.000235317
0.000149045
0.000184136
0.000223431
0.000211719
9.59044e-05
0.000229803
0.000242086
0.000174374
0.000215914
0.000111605
0.000119999
0.000192541
0.000182712
0.000203402
0.000132641
0.000142058
0.000185964
0.000184037
0.00016847
9.74142e-05
9.51751e-05
0.00011852
0.000149586
0.000163731
0.000155832
0.000148268
0.000116011
0.000150576
9.18375e-05
0.000145644
0.000107189
0.000119446
0.000110962
0.000117673
0.000138622
0.233304
0.0813558
0.0123047
0.00979483
0.000479714
0.00583171
0.0010222
0.00394078
0.00119089
0.00011095
0.00102796
0.000165076
0.000937004
0.000143528
0.000622048
0.00123641
0.000742085
0.000255572
0.00027756
0.000415026
0.000269797
0.000222673
0.00045086
0.000545328
0.000125179
0.000115643
0.00045404
0.0143595
0.00101485
0.000694157
0.000768447
0.000448862
0.00020291
0.000167579
0.000672218
0.000541353
0.000149534
0.000322399
0.000280718
0.000328527
0.000131935
0.000292924
0.000222499
0.000237365
0.000241579
0.00021446
0.000196739
0.000144077
0.000201725
0.000182916
0.000162007
0.000155449
0.000129856
0.000122782
0.000113454
0.000150952
0.544771
0.172465
0.008603
0.00967674
0.00875691
0.0131377
0.0091306
0.000528811
0.00480047
0.00182873
0.00203955
0.000655457
0.00321217
0.00159893
0.000890525
0.00202784
0.000482028
0.00173848
0.000994991
0.000140989
0.00116562
0.000807908
0.00114307
0.000219228
0.000729894
0.000511993
0.000271249
0.00855495
0.00127549
0.000722633
0.00298051
0.00188705
0.00101546
0.000224254
0.000256546
0.000325194
0.000262653
0.000146985
0.000545162
0.000506904
0.00019994
0.000147773
0.000304766
0.000165803
0.000210715
0.000248187
0.000215797
0.00021235
0.000162969
0.000142388
0.000158902
0.000141705
0.000175838
0.000140711
0.0085543
0.00108965
0.000674079
0.00283043
0.00188981
0.000989616
0.000224848
0.0002572
0.000321327
0.000260283
0.000147234
0.000539754
0.000502625
0.000199922
0.000147396
0.000303102
0.000165321
0.000210338
0.000247503
0.000215309
0.000211834
0.0001626
0.000142234
0.000158661
0.000141538
0.000175435
0.000140539
0.0808467
0.0475487
0.0524788
0.0110527
0.0170706
0.00271584
0.00305975
0.00698716
0.0038576
0.00349991
0.00412885
0.00271847
0.00277098
0.00125842
0.00238422
0.00189931
0.000632372
0.000411928
0.000317165
0.000874222
0.00029978
0.000580814
0.000309591
0.000472337
0.000474895
0.000807713
0.000299596
0.0404778
0.0371815
0.00758738
0.000538088
0.00141374
0.000645235
0.00197209
0.00296559
0.00109437
0.00227141
0.000151394
0.000941225
0.000965141
0.000808208
0.000289745
0.000701955
0.000132548
0.000603792
0.000246446
0.000481573
0.000232764
0.000122231
0.000350675
0.000173249
9.40795e-05
0.000373914
0.000349515
0.000123453
0.242025
0.0617269
0.0234091
0.00612904
0.00527388
0.00110268
0.00195153
0.00628857
0.00559588
0.00337686
0.000553198
0.000335568
0.000486481
0.00257117
0.000131442
0.000414454
0.00132011
0.00067236
0.00133084
0.00128156
0.000364046
0.000576758
0.000408031
0.000286527
0.000837607
0.000259425
0.000618455
0.000645967
0.000632603
0.0399541
0.00169769
0.00479927
0.00108384
0.000370739
0.000311577
0.000161597
0.000163001
0.000145231
0.000336263
0.000122592
0.000384852
0.000116401
0.000232013
0.000152598
0.000236334
0.000156165
0.000114334
0.000155334
0.000115423
0.000182586
0.000116168
0.000169646
0.000141085
0.000127368
0.000129381
0.000117522
0.00367102
0.000984897
0.00213575
0.00154787
0.000701
0.00035732
5.31142e-05
8.79237e-05
4.89891e-06
3.56234e-05
7.91763e-05
9.00034e-05
9.68754e-05
6.60989e-05
6.40004e-05
1.92993e-05
8.89742e-05
5.06445e-05
1.61312e-05
0.000106471
5.97132e-05
5.08172e-05
9.74486e-05
5.00959e-05
4.90891e-05
5.069e-05
6.80519e-05
6.94493e-05
6.90974e-05
0.000105748
0.000100092
6.56996e-05
8.90046e-05
6.48271e-05
6.76646e-05
6.74797e-05
8.79822e-05
0.00010014
8.25235e-05
8.96046e-05
8.446e-05
8.35767e-05
8.12145e-05
8.27245e-05
9.54205e-05
9.5971e-05
0.000100112
8.54169e-05
8.24841e-05
7.94259e-05
8.0677e-05
8.61318e-05
0.000100625
8.9658e-05
9.21797e-05
8.92219e-05
0.137775
0.0248712
0.0011064
0.00579722
0.000249773
0.00112628
0.000821757
0.00158045
0.00156731
0.000570905
0.00105779
0.000878463
0.000354538
0.000439025
0.000624512
0.000317659
0.000303653
0.000211585
0.000482557
0.000274705
0.000195697
0.000347516
0.000283558
0.000294061
0.000184207
0.000115406
0.000259036
0.000183967
0.00108839
0.00270534
0.00137612
0.000119262
8.88594e-06
9.60508e-05
7.43669e-05
4.42293e-06
7.89255e-05
8.43037e-05
0.000101273
9.77584e-05
0.0001182
4.4843e-06
6.20815e-05
4.63353e-05
0.000115606
7.8238e-05
4.08412e-05
0.000101635
6.01532e-05
6.59828e-05
0.000106464
9.93429e-05
0.000108753
7.78929e-05
9.07174e-05
0.000107618
0.000107447
8.75763e-05
7.1163e-05
8.04294e-05
7.99946e-05
7.56934e-05
8.66571e-05
7.67551e-05
7.62516e-05
0.000104218
8.05044e-05
7.86592e-05
0.000103358
0.000100019
8.12983e-05
0.000103571
8.35995e-05
8.50408e-05
8.30277e-05
8.21963e-05
8.46267e-05
9.15873e-05
8.62262e-05
9.21106e-05
8.96097e-05
9.72848e-05
8.71537e-05
0.000101342
0.000101054
8.87202e-05
0.000860229
0.00467612
0.000930264
0.00571018
0.000275523
0.00010179
0.000270842
0.000358473
0.000245844
1.44615e-05
6.52486e-05
6.55216e-05
0.000123191
0.000103054
0.000104425
6.02817e-05
9.01351e-05
6.49509e-05
8.09951e-05
7.41153e-05
7.94908e-05
2.64971e-05
5.21379e-05
8.42254e-05
0.000104834
5.43831e-05
6.32918e-05
4.46487e-05
4.11043e-05
5.17496e-05
7.42015e-05
5.06492e-05
8.11827e-05
7.47618e-05
5.61041e-05
5.41589e-05
6.70683e-05
5.86415e-05
6.48796e-05
8.88679e-05
7.63346e-05
9.69748e-05
8.94951e-05
9.95824e-05
6.49993e-05
9.16109e-05
7.6602e-05
8.3234e-05
7.70284e-05
8.19499e-05
7.67281e-05
7.31452e-05
8.67783e-05
8.50005e-05
9.10857e-05
