0.00409071
0.0752234
0.0249521
0.0318983
0.00667263
0.00753139
0.0213479
0.0210579
0.0133396
0.0158771
0.0200795
0.0164586
0.0237202
0.0174886
0.0187227
0.019715
0.0221279
0.0229208
0.0187817
0.0194311
0.0221226
0.0190952
0.0192253
0.0194372
0.0200083
0.0213652
0.0198829
0.0220289
0.020088
0.0200502
0.237461
0.00357418
0.0250045
0.0243535
0.0165227
0.0162262
0.00354321
0.00531436
0.0121018
0.0165415
0.0243952
0.0222842
0.0238472
0.0235082
0.0167069
0.022406
0.0174309
0.019346
0.0197888
0.0219722
0.0217901
0.0184872
0.0226708
0.0188038
0.0216852
0.0192872
0.0197735
0.0197817
0.0191963
0.0198785
0.0226917
0.0217663
0.0225352
0.0224678
0.0220903
0.0224008
0.0201732
0.0218451
0.0204745
0.0215977
0.0202827
0.0202635
0.0223271
0.0203996
0.0202409
0.0211103
0.0221502
0.020355
0.0204329
0.0220532
0.0204972
0.0205215
0.0209096
0.0220133
0.0219026
0.0218457
0.0206654
0.020638
0.417136
0.00803622
0.0372569
0.0203752
0.00577812
0.0253012
0.0240715
0.0133423
0.0139338
0.0233465
0.0147501
0.0180503
0.0189002
0.0226671
0.0210957
0.0231256
0.0192703
0.0186657
0.0228925
0.0192419
0.0206844
0.0191624
0.0195945
0.0197146
0.019408
0.0196118
0.0200421
0.0197657
0.560208
0.0173011
0.00677205
0.0231084
0.00475982
0.0165879
0.0126647
0.0175342
0.012286
0.0230645
0.0224446
0.0149758
0.0151117
0.0216631
0.0201301
0.0199514
0.017452
0.0186959
0.0189122
0.0187849
0.0219665
0.0192739
0.0222187
0.0198896
0.0194041
0.0197482
0.0197704
0.0200559
0.0221153
0.0634625
0.000365649
0.0185523
0.00847056
0.0145661
0.0238991
0.0129856
0.015656
0.00838466
0.0238842
0.0137723
0.024092
0.013848
0.0210971
0.01509
0.0192151
0.0159954
0.0221171
0.0183181
0.018221
0.0177834
0.0201021
0.0182836
0.0218667
0.0212414
0.0189148
0.0189654
0.0194011
0.126087
0.127003
0.025012
0.00737913
0.0117931
0.0173043
0.0107337
0.023867
0.0172056
0.0142334
0.0175696
0.023762
0.0209922
0.019099
0.0180237
0.017606
0.0185128
0.0227419
0.0225424
0.0184005
0.0228092
0.0192472
0.0210061
0.0200854
0.0197861
0.0224767
0.0223511
0.209632
0.260697
0.0151337
0.0143294
0.0240773
0.0119959
0.0144537
0.0243451
0.0124033
0.015908
0.0215157
0.0204959
0.0240073
0.0175114
0.0160806
0.0214937
0.0180385
0.0177283
0.0176902
0.0194325
0.0189447
0.019101
0.0188083
0.0196314
0.0225066
0.0199491
0.0195566
0.291702
0.033869
0.0564511
0.0259343
0.00794036
0.0198933
0.0233145
0.0142278
0.0237053
0.0173658
0.0230202
0.0140579
0.0234119
0.0237909
0.0228901
0.0189222
0.0227224
0.0177214
0.021013
0.0185462
0.0230064
0.0185608
0.0205636
0.0226836
0.0200393
0.0196467
0.0221166
0.0220322
0.0199921
0.0235164
0.00361647
0.0223993
0.0264975
0.00142047
0.010902
0.0248003
0.00390194
0.0201379
0.0124663
0.01658
0.0166331
0.0176709
0.0236885
0.0177972
0.0165329
0.0210055
0.0213285
0.0188152
0.0225575
0.0201116
0.0191205
0.0196745
0.0192547
0.0219729
0.0199362
0.0201832
0.0221115
0.374713
0.00816997
0.0373719
0.0203939
0.0051612
0.0252987
0.0240667
0.0134303
0.0140019
0.023335
0.0147996
0.018066
0.0189109
0.0226601
0.0210939
0.0231196
0.0192812
0.0186808
0.0228872
0.0192534
0.0206872
0.0191741
0.0196039
0.0197233
0.0194177
0.01962
0.0200489
0.0197735
0.00430352
0.0761361
0.0249581
0.0301535
0.0074241
0.00808845
0.0212647
0.0209777
0.0134796
0.0159792
0.0200553
0.0165288
0.0237116
0.0175414
0.0187518
0.0197283
0.0221151
0.0229087
0.018808
0.019447
0.0221139
0.019118
0.019247
0.019457
0.0200182
0.0213642
0.0198951
0.0220229
0.0201006
0.0200626
0.196906
0.22949
0.0270914
0.0194138
0.00682382
0.0152431
0.0144049
0.00105685
0.00635312
0.0246424
0.0101253
0.00983898
0.0242385
0.0241225
0.0230796
0.023206
0.0170146
0.0188449
0.0170926
0.0191774
0.0233824
0.018908
0.0231564
0.0177341
0.0186539
0.0184205
0.0190842
0.0229883
0.0193294
0.0209031
0.0190929
0.0214583
0.0224369
0.0202846
0.0220294
0.01985
0.0201476
0.0197381
0.0198542
0.0223892
0.0224273
0.0214777
0.0223465
0.0199807
0.0201596
0.0206938
0.0208417
0.0221576
0.0222163
0.0221146
0.0220828
0.0203547
0.0203098
0.0204622
0.0215357
0.0433366
0.0731105
0.0161947
0.0110216
0.00182241
0.0211826
0.0158175
0.0134829
0.0102648
0.0129818
0.016226
0.0149236
0.0185311
0.0184065
0.0236026
0.0175633
0.0192835
0.0220833
0.0224367
0.0190113
0.0194574
0.0189663
0.0217499
0.0192174
0.0201478
0.0196642
0.131323
0.173206
0.0509606
0.0109985
0.00165738
0.0180073
0.0248552
0.00206977
0.00401794
0.0132259
0.0245885
0.0154597
0.0240416
0.0133736
0.0236703
0.0239577
0.0239043
0.0165604
0.0201638
0.018773
0.0188438
0.0190446
0.0177913
0.0187708
0.0186895
0.0231573
0.0182928
0.0209176
0.0227657
0.0220731
0.0192367
0.0228535
0.0206371
0.0200202
0.0193534
0.019565
0.0196365
0.022567
0.0195266
0.0215781
0.0197571
0.0202695
0.0200741
0.0219877
0.022229
0.0216478
0.0220731
0.0201128
0.02204
0.0220395
0.0213109
0.0222465
0.0202242
0.0219517
0.0212654
0.0204
0.0208146
0.0211813
0.0206839
0.0746528
0.300828
0.0144797
0.0112194
0.0106803
0.0248246
0.00537514
0.0228112
0.0104828
0.0167938
0.0178229
0.0146913
0.0159715
0.0176683
0.0166563
0.0217201
0.017687
0.0181616
0.0214368
0.018587
0.0228772
0.0212526
0.0190246
0.0195718
0.0194873
0.0198776
0.0218053
0.0219294
0.269784
0.0838656
0.024044
0.0240993
0.0236035
0.0202033
0.0128788
0.0233725
0.0238088
0.0236295
0.0169487
0.0172014
0.0183164
0.0230434
0.0229221
0.0227407
0.0192403
0.0197325
0.0198072
0.019537
0.0220374
0.0198611
0.0222784
0.0222499
0.0201578
0.0205406
0.0203303
0.022079
0.0204607
0.0205877
1.50042
0.293651
0.086025
0.034071
0.0148385
0.00356484
0.00463973
0.00208429
0.0221138
0.0221235
0.0179784
0.0114404
0.0177214
0.0134976
0.0145383
0.0186377
0.0158536
0.0191001
0.023177
0.0186314
0.0193973
0.0180299
0.018407
0.0192414
0.0224015
0.0185409
0.0191464
0.517491
0.0142116
0.0153249
0.00986485
0.0148826
0.0120779
0.0238847
0.0160134
0.0161277
0.0236131
0.0199109
0.0232275
0.0194254
0.0185356
0.0194878
0.019282
0.0225544
0.019659
0.022191
0.0200881
0.0201561
0.0222203
0.0221636
0.0205416
5.69981
0.0142099
0.0154711
0.0102061
0.0148329
0.0122438
0.0238819
0.0160889
0.0161912
0.0236071
0.0199112
0.0232205
0.0194355
0.0185568
0.0194974
0.0192938
0.0225494
0.0196675
0.0221868
0.0200949
0.020161
0.0222169
0.0221605
0.0205453
1.95427
0.539639
0.119767
0.00268304
0.0171981
0.00361865
0.0141651
0.0186781
0.00336492
0.0147141
0.0235526
0.0219669
0.0224195
0.0149334
0.0141628
0.0192238
0.0194622
0.0229155
0.0173264
0.0229173
0.0173151
0.0178267
0.0176505
0.0195484
0.0201194
0.0185198
0.0221113
0.0211754
0.0215295
0.743122
0.0154445
0.00890101
0.0186629
0.00652569
0.0213031
0.0121736
0.0240785
0.0242188
0.0240654
0.0239106
0.0167333
0.0165272
0.017108
0.0176192
0.0182351
0.018042
0.0184894
0.0185572
0.022889
0.0193056
0.0194898
0.0192074
0.0223434
0.0212977
0.0224066
0.0199357
0.0201277
0.725217
0.156689
0.00295079
0.00733346
0.011537
0.00426073
0.0255818
0.00797615
0.0106391
0.0251207
0.0215145
0.0244443
0.0210648
0.0232619
0.0146787
0.0196959
0.020329
0.023007
0.0223349
0.0174989
0.0183233
0.019352
0.0209836
0.0188774
0.0224475
0.018857
0.0204844
0.0220096
0.0201815
0.151081
0.0780658
0.0240771
0.0241241
0.0236489
0.0203582
0.0128924
0.0234045
0.0238115
0.0236251
0.0169332
0.0171923
0.0183098
0.0230435
0.0229218
0.0227412
0.0192469
0.0197328
0.0198084
0.0195426
0.0220373
0.0198647
0.022276
0.0222475
0.0201617
0.0205457
0.0203359
0.0220763
0.020466
0.0205927
0.0928657
0.116122
0.0595558
0.0327686
0.00398129
0.0247669
0.00139152
0.00377081
0.024714
0.0245896
0.0134414
0.0243946
0.0168358
0.0200721
0.015716
0.023662
0.0192086
0.0183789
0.0190238
0.0184768
0.0211958
0.0227577
0.019273
0.0231187
0.0188039
0.0221394
0.0189241
0.0197379
0.0227199
0.0225167
0.0202411
0.0196133
0.0226508
0.0225633
0.0225418
0.0197878
0.0224833
0.0224839
0.0210603
0.0201592
0.0200954
0.0200485
0.0205845
0.0202865
0.0217958
0.0207398
0.020242
0.0204585
0.0209313
0.0203462
0.0219453
0.0205228
0.0214594
0.020527
0.0210887
0.0206829
0.0205666
0.0209608
0.020625
0.548738
0.0637774
0.00238071
0.00606685
0.0235519
0.0171092
0.0232349
0.0243858
0.0134079
0.0178907
0.0222449
0.0233311
0.0189364
0.0176987
0.0178633
0.0185098
0.0186428
0.0193795
0.0227108
0.0191848
0.0216372
0.0220846
0.0217388
0.0216345
0.0199589
0.0200465
0.0208901
0.167917
0.380074
0.000891352
0.0879155
0.0240144
0.0172723
0.0143893
0.0228549
0.024786
0.024599
0.0244643
0.0244122
0.0197231
0.022565
0.0237136
0.0208901
0.022932
0.0235394
0.0235463
0.018276
0.0231863
0.0200534
0.0201536
0.0195615
0.0230862
0.0198934
0.022874
0.0196142
0.0195375
0.0196637
0.0213054
0.0226289
0.0226642
0.0198083
0.0199194
0.0198026
0.020912
0.0225044
0.0199896
0.0200457
0.02008
0.0223569
0.0209314
0.0214847
0.0220813
0.0207829
0.0202299
0.0207126
0.0221052
0.0219739
0.0221604
0.022099
0.0210292
0.020472
0.0205644
0.0212082
0.021284
0.0219642
0.0219606
3.48076
0.287217
0.021395
0.014201
0.00210491
0.0251684
0.0235111
0.0120124
0.00884994
0.0245898
0.0169073
0.0219311
0.0155335
0.023811
0.0159998
0.017855
0.0166474
0.0235019
0.0187224
0.0214695
0.0230647
0.0208603
0.0190373
0.0231553
0.0192156
0.0230255
0.0188816
0.0216621
0.0221013
0.0227791
0.0221973
0.0212973
0.0195401
0.019736
0.019741
0.020821
0.0219349
0.0224722
0.0205427
0.0218189
0.0205996
0.0202206
0.0210182
0.0214235
0.020283
0.0203101
0.021835
0.0221743
0.0203388
0.0213573
0.0213967
0.021849
0.0205832
0.0211773
0.021757
0.0206304
0.0211335
0.0211117
