0.0398116
0.0158785
0.00459981
0.016901
0.0187033
0.0168722
0.0180246
0.0164083
0.0180859
0.0173527
0.0177073
0.0184905
0.0184872
0.0176378
0.017628
0.0176699
0.0178783
0.0181039
0.0180638
0.017799
0.0180577
0.0178744
0.0179012
0.0180076
0.017943
0.0179758
0.0181098
0.0179815
0.0181667
0.0182819
0.0238925
0.0305195
0.0364879
0.0288809
0.0192446
0.020395
0.0215382
0.0194256
0.0188791
0.0187106
0.0188439
0.0190456
0.0180114
0.0179062
0.0186433
0.0187907
0.0188024
0.0187651
0.0179495
0.0186783
0.018483
0.0183176
0.0180366
0.0185243
0.0186012
0.0183277
0.0179984
0.0180393
0.0185231
0.0183407
0.0181381
0.0181616
0.0183907
0.0180369
0.018318
0.0184254
0.0184115
0.0181578
0.0183191
0.0181526
0.0182
0.0183487
0.0183645
0.0181988
0.0183118
0.0183411
0.0182236
0.0183477
0.0181632
0.0183175
0.0183017
0.0183052
0.0183119
0.0182942
0.0182687
0.0181024
0.0181733
0.0181582
0.018275
0.0304355
0.130305
0.0150068
0.0187375
0.0140374
0.0166905
0.0170318
0.0184366
0.0174106
0.0175816
0.018408
0.0175378
0.0178273
0.0181313
0.017885
0.0176998
0.0179402
0.0176921
0.0183255
0.0178217
0.0177332
0.0180398
0.0177934
0.0178776
0.0179092
0.0178832
0.0179366
0.0182525
0.0179363
0.0647587
0.00852247
0.0152718
0.0178694
0.018727
0.0170469
0.0151615
0.0176864
0.016674
0.0180301
0.0170204
0.0183145
0.0171801
0.0183596
0.0176324
0.0179871
0.0179328
0.0178466
0.0182697
0.0183369
0.0177528
0.0183714
0.0178182
0.017863
0.0178645
0.0178951
0.0178998
0.0180304
0.0179539
0.0181921
0.228653
0.0506639
0.0259612
0.0172532
0.0136465
0.0108092
0.01516
0.0135909
0.0164369
0.0173045
0.0164735
0.018515
0.0177443
0.0182215
0.0169143
0.01842
0.0170863
0.0174
0.0183836
0.0182134
0.0174833
0.0181699
0.0182461
0.0178155
0.0176982
0.0178617
0.0177353
0.148438
0.00610433
0.00218563
0.0113794
0.0126058
0.0138019
0.0179128
0.0185204
0.0169489
0.0177047
0.017428
0.0170374
0.0181875
0.0171296
0.0170269
0.0184577
0.0177344
0.0179038
0.0182634
0.0176609
0.0178476
0.018248
0.017696
0.0182665
0.0178285
0.0179021
0.0183344
0.0183365
0.0181705
0.016002
0.0107536
0.0186574
0.0145373
0.0179056
0.0139506
0.0175046
0.0176252
0.0175806
0.0173202
0.0185251
0.0169386
0.0170437
0.0178171
0.0176468
0.0172456
0.0176433
0.0177363
0.0180926
0.0182356
0.0183961
0.0176688
0.0181754
0.0182465
0.017767
0.0177998
0.0182542
0.0179763
0.0848933
0.00285581
0.0139798
0.0154627
0.0178908
0.017455
0.0158028
0.0175873
0.0182779
0.0171987
0.0175338
0.0172587
0.0174191
0.0172893
0.0184601
0.0174969
0.0179112
0.0182479
0.0183917
0.0178416
0.0183082
0.0178785
0.0183376
0.018354
0.0179394
0.0178972
0.0179985
0.0180355
0.0150624
0.0172296
0.018058
0.0186013
0.0167639
0.0184838
0.0174782
0.0167946
0.0178369
0.0185136
0.017097
0.0175604
0.0177625
0.0177983
0.018287
0.0175986
0.018248
0.0180374
0.017831
0.0177236
0.0183634
0.0183054
0.0183366
0.0178586
0.0180216
0.0257663
0.0456077
0.0151075
0.0187373
0.0140701
0.01669
0.0170452
0.018436
0.0174168
0.0175856
0.0184072
0.017542
0.0178287
0.0181312
0.0178864
0.0177024
0.0179416
0.0176955
0.018325
0.0178234
0.0177359
0.0180407
0.0177959
0.0178796
0.0179106
0.0178848
0.0179382
0.0182523
0.0179377
0.0738039
0.0162293
0.00583904
0.0169744
0.018703
0.0169233
0.0180176
0.0164574
0.0180814
0.0173705
0.0177141
0.0184891
0.018486
0.0176459
0.0176366
0.0176771
0.0178812
0.0181045
0.0180652
0.0178039
0.0180593
0.0178784
0.0179047
0.018009
0.0179454
0.0179784
0.0181108
0.0179838
0.0181671
0.0182812
0.00586044
0.0173811
0.0160148
0.0168308
0.0196735
0.016797
0.0171
0.0189535
0.019016
0.017727
0.0175441
0.0177938
0.0174878
0.0185371
0.0186128
0.0178274
0.0186638
0.0177403
0.0186097
0.018169
0.0185236
0.0185352
0.0178744
0.0178493
0.0178787
0.0184487
0.0178974
0.01797
0.0179243
0.0184017
0.0183838
0.0180232
0.0183878
0.0183837
0.0183635
0.0183893
0.0179819
0.0183647
0.017993
0.0183681
0.0180116
0.0183498
0.0183505
0.018032
0.0183454
0.0180412
0.018323
0.018298
0.0180479
0.0182233
0.0183063
0.0180635
0.0180772
0.0183056
0.0181481
0.0182965
0.018295
0.0180809
0.0181185
0.177113
0.00393154
0.0030781
0.0116427
0.0124487
0.0136833
0.0178811
0.0185174
0.0169529
0.0177054
0.0174267
0.0170304
0.0181793
0.0171191
0.017002
0.0184594
0.0177185
0.0178927
0.0182615
0.0176529
0.0178361
0.0182468
0.0176854
0.0182662
0.017821
0.0178924
0.0183365
0.0183389
0.0181685
0.0278945
0.0732233
0.0211194
0.0158687
0.0195414
0.016625
0.0194757
0.019072
0.0175682
0.0174562
0.0188949
0.018609
0.0188377
0.0187325
0.0188043
0.0176862
0.017717
0.0186815
0.0185655
0.0186275
0.0181727
0.0181015
0.0179015
0.0180364
0.0185032
0.0178874
0.0179228
0.0179695
0.0179353
0.0179502
0.0183124
0.0184021
0.0180557
0.018031
0.0183996
0.0182358
0.0182892
0.0182784
0.0180294
0.0180323
0.0180522
0.0180847
0.0183444
0.0183271
0.0180609
0.0180706
0.0180551
0.0183206
0.0181429
0.0181068
0.018093
0.0181078
0.0181735
0.0180809
0.0182851
0.0182668
0.0182913
0.206251
0.0112533
0.00377535
0.0119326
0.0107205
0.0150993
0.0137507
0.0168505
0.0160242
0.0177112
0.0179746
0.0172326
0.0171308
0.0169733
0.0180561
0.017363
0.017929
0.0182854
0.0179732
0.017806
0.0178216
0.0183759
0.0177186
0.017735
0.0177635
0.0183486
0.0182925
0.0179936
0.0179987
0.0179048
0.0187153
0.0130246
0.0160326
0.0189035
0.0186253
0.0173232
0.0184257
0.0186975
0.0186306
0.0185907
0.018521
0.0178628
0.0182884
0.0179391
0.0179664
0.0181164
0.0179836
0.0179914
0.0183
0.0180104
0.0183144
0.0181674
0.0183301
0.0183231
0.0181936
0.0181653
0.0182563
0.0181925
0.0181075
0.901064
0.105659
0.0166334
0.000470751
0.0109305
0.0159718
0.0149771
0.0135437
0.0142429
0.0169493
0.0160707
0.015581
0.0180148
0.0175873
0.017248
0.0181522
0.0170335
0.0177181
0.0169316
0.0170956
0.0182814
0.0175453
0.0184066
0.0177675
0.0178903
0.0181292
0.0180457
0.0173987
0.0171687
0.0186962
0.0185788
0.0166729
0.0176
0.0177218
0.018555
0.0175186
0.0182785
0.0184632
0.017788
0.0178195
0.0179195
0.0181213
0.0178822
0.0180203
0.0179686
0.0179538
0.0180969
0.0180958
0.0180011
0.0182154
0.0181326
0.0183004
0.0182762
0.0182899
0.0173987
0.0172156
0.0186961
0.0185739
0.0167129
0.0176095
0.0177274
0.0185542
0.0175269
0.0182761
0.0184626
0.0177913
0.0178224
0.0179211
0.0181212
0.0178844
0.0180212
0.0179699
0.0179551
0.0180973
0.0180962
0.0180021
0.0182151
0.0181328
0.0182999
0.0182758
0.0182895
0.107035
0.000842919
0.00974846
0.00173327
0.00674166
0.0156553
0.0184559
0.0142783
0.0170283
0.014813
0.015054
0.0166345
0.0184588
0.0159484
0.0176494
0.0176561
0.0169916
0.0168308
0.018338
0.0174058
0.0171916
0.0173592
0.0174098
0.0182879
0.0177137
0.0175646
0.0179587
0.0176929
0.0177785
0.162045
0.00647162
0.00655895
0.0141984
0.0187462
0.0172835
0.018622
0.0166982
0.0180774
0.0170244
0.0173264
0.0182728
0.0179378
0.0176568
0.0184596
0.0179171
0.0178774
0.017848
0.0183245
0.0177304
0.0178984
0.0178427
0.0178534
0.0180004
0.0179256
0.0180439
0.0179248
0.0179899
0.0180049
0.0183094
0.225328
0.0169214
0.00787413
0.00230518
0.0163708
0.0163064
0.0185376
0.0178634
0.018523
0.015344
0.0181054
0.016125
0.0167879
0.018146
0.0183671
0.0171599
0.0176559
0.0173408
0.0176375
0.0178504
0.0178042
0.0177575
0.0180753
0.0178485
0.0181472
0.0177228
0.0196639
0.0161261
0.0175253
0.0169263
0.0187947
0.0187508
0.0175776
0.0186305
0.0178789
0.0177901
0.018463
0.0179124
0.0183078
0.0179225
0.0184233
0.0179665
0.0183524
0.0180173
0.0179946
0.0180121
0.0180195
0.0181969
0.0183268
0.0181721
0.0180646
0.0182147
0.0182
0.0180865
0.0182628
0.00385459
0.000270822
0.0207127
0.0228563
0.0179906
0.0177204
0.0187762
0.018038
0.0187496
0.0178297
0.0178319
0.0189375
0.0192802
0.0186364
0.0179822
0.0186632
0.0179209
0.0185573
0.0179155
0.0179244
0.0179727
0.0182991
0.0186332
0.018491
0.0179703
0.0184851
0.0184355
0.0184644
0.0185184
0.0185088
0.0180187
0.018386
0.0184145
0.0180326
0.0184415
0.0180449
0.0180346
0.0183004
0.0181374
0.0183348
0.0180534
0.0183731
0.0183629
0.0182031
0.0182674
0.0181328
0.0180763
0.0183048
0.0183016
0.0183288
0.0183193
0.0181444
0.0182044
0.0183122
0.0181208
0.0181281
0.0182982
0.0181564
0.018218
0.0918973
0.00366579
0.0167606
0.0158621
0.0176975
0.0184652
0.0172308
0.0171978
0.0176356
0.0185038
0.0174752
0.018468
0.0176145
0.0177324
0.0183394
0.0179003
0.0178211
0.0183844
0.018342
0.0182103
0.0182338
0.0180088
0.0183132
0.0181935
0.0180328
0.0182776
0.0180204
0.0182997
0.0287803
0.0273784
0.0215932
0.0185147
0.0227744
0.0214371
0.0206792
0.0178451
0.0198005
0.0185751
0.018687
0.0192238
0.0178556
0.0179038
0.0185629
0.0186381
0.0187969
0.018768
0.0184861
0.0179641
0.0185162
0.0179633
0.0180284
0.0185602
0.018511
0.0184661
0.0181647
0.0182641
0.0180708
0.0184309
0.0184605
0.0183624
0.0180679
0.0184128
0.018419
0.0184146
0.0180415
0.018053
0.0182937
0.018151
0.0183669
0.0182242
0.0183513
0.0181322
0.0181173
0.018311
0.0183211
0.0181123
0.0180776
0.0181266
0.018315
0.0183012
0.0181855
0.0181233
0.0181379
0.0182878
0.0182382
0.0182706
0.0332607
0.0199824
0.0223518
0.0227321
0.0199924
0.0193898
0.0194194
0.0199686
0.0178423
0.018655
0.0178923
0.0189827
0.0185454
0.0183717
0.0179002
0.0190909
0.0189658
0.0179498
0.0181209
0.0181008
0.0184564
0.0179623
0.0179728
0.0179821
0.0180943
0.0179939
0.0184845
0.0185207
0.0185189
0.018495
0.0183412
0.0184117
0.0184706
0.0180256
0.0184303
0.0184232
0.018142
0.0183883
0.0180476
0.0184019
0.0181805
0.0183601
0.018327
0.0183058
0.0182517
0.0183192
0.0183156
0.0182527
0.0183133
0.0183068
0.0183017
0.0182177
0.0181341
0.0181433
0.018174
0.0182945
0.0180992
0.0180992
0.0181505
0.0182916
