0.0573347
0.00265486
0.00374472
0.00328492
0.00528435
0.00332446
0.00374259
0.00226927
0.00197125
0.00150846
0.00217187
0.00155054
0.00227325
0.00224808
0.00219887
0.00221024
0.00190183
0.00168132
0.00207492
0.00203264
0.00162707
0.00191713
0.00196266
0.00182386
0.00182851
0.00191163
0.00185259
0.00188541
0.00176027
8.87321e-05
0.0583368
0.00895699
0.0158392
0.00205661
0.000261372
0.00164036
0.00133736
0.00190141
0.00142492
0.00134148
0.00148852
0.000773168
0.00134542
0.00136875
0.00122706
0.00157484
0.00116079
0.00173787
0.00131365
0.00171857
0.0013084
0.0013366
0.00159949
0.0014549
0.00176461
0.00163132
0.00183138
0.00178003
0.00158178
0.00156422
0.00152213
0.00153921
0.00178967
0.00157551
0.00180364
0.0015472
0.00157077
0.00176068
0.00178273
0.00162597
0.00176198
0.00179115
0.0016126
0.00159093
0.00174788
0.0016279
0.00165405
0.00174843
0.00163667
0.00162461
0.00162423
0.00173398
0.00166567
0.00175012
0.00165265
0.00163862
0.00169069
0.00164714
0.0039401
0.0733313
0.0202101
0.00229632
0.00191801
0.00428902
0.0025664
0.00401926
0.00303439
0.00283999
0.00161373
0.0024793
0.00261428
0.00252505
0.00172941
0.0018443
0.00230048
0.0019011
0.0022019
0.00195568
0.0021153
0.00161798
0.00190085
0.00172487
0.00172466
0.00193139
0.00180341
0.00194833
0.0230668
0.00281571
0.0113278
0.00575463
0.00270025
0.00206555
0.002596
0.0021098
0.00217115
0.00251422
0.00248901
0.00177459
0.0018651
0.00219165
0.00223033
0.00229157
0.00160303
0.00207232
0.00199463
0.00209279
0.00177191
0.00203805
0.00168422
0.00179076
0.00186851
0.00191069
0.00169215
0.00190557
0.21937
0.0169936
0.0183511
0.0210944
0.00236735
0.0109272
0.00377656
0.00662911
0.00432504
0.00499458
0.00481128
0.00386142
0.00151135
0.00356464
0.00319561
0.00287642
0.00181493
0.00239299
0.00180449
0.00270073
0.00222171
0.00178794
0.00240599
0.00234999
0.00232841
0.00188029
0.00187048
0.00217931
0.00203987
0.0021865
0.0872021
0.0266503
0.00990895
0.00305645
0.0122143
0.00392437
0.00444296
0.0037416
0.0022737
0.00241312
0.00398727
0.00335963
0.00338952
0.00286515
0.00279915
0.00203039
0.00268433
0.00255551
0.00229465
0.00247054
0.00242031
0.00194172
0.00205383
0.00220597
0.00190778
0.00211713
0.00178337
0.00180031
0.258005
0.0394486
0.0161511
0.00211973
0.00215432
0.00830504
0.00746374
0.00481995
0.00471346
0.0017347
0.002644
0.00351465
0.0015174
0.00264481
0.0025285
0.00249121
0.00223195
0.00254158
0.00190679
0.0017394
0.00225221
0.00217965
0.00192633
0.00167528
0.00169529
0.00195162
0.00176733
0.0819833
0.0541968
0.0157143
0.00333681
0.00220789
0.0026244
0.00343809
0.00254603
0.00158514
0.00191069
0.00301671
0.00162155
0.00265412
0.00263766
0.00257913
0.00226769
0.00229124
0.00215025
0.00223998
0.00192721
0.00161152
0.00199874
0.00165663
0.00198872
0.00197381
0.0019841
0.00193777
0.106123
0.0127436
0.0216996
0.00295104
0.0129527
0.00406778
0.00409983
0.0017937
0.00251849
0.00166177
0.00385128
0.00275043
0.00314151
0.00213508
0.00266227
0.00180684
0.00254393
0.00187307
0.00210703
0.00158945
0.00217414
0.00172581
0.00202434
0.00195955
0.00165624
0.0017425
0.00205512
0.00203169
0.00529309
0.0883642
0.0196343
0.00228597
0.00191686
0.00424034
0.00256588
0.00398681
0.00301964
0.00282937
0.00161407
0.00247449
0.00260716
0.00251898
0.00172943
0.00184382
0.00229646
0.00190038
0.00219875
0.00195431
0.00211276
0.00161831
0.00190003
0.00172476
0.00172455
0.00193005
0.00180287
0.00194702
0.97436
0.00263063
0.0100031
0.00186954
0.00247889
0.00214059
0.0022111
0.00280735
0.00262566
0.0022921
0.00155938
0.00213647
0.00210357
0.00220329
0.00212524
0.00195726
0.00206315
0.00189209
0.00200264
0.00172311
0.00172291
0.00191659
0.0018316
0.0018711
0.00167111
0.00188736
0.00182929
0.00602097
0.00109043
0.00121919
0.00469971
0.00134193
0.00129887
0.00237479
0.00155552
0.002234
0.00144346
0.00235639
0.001404
0.00140888
0.002038
0.00214128
0.00150852
0.00203098
0.00199827
0.00149888
0.00155145
0.00200208
0.00155161
0.00194294
0.00188832
0.00186633
0.00157692
0.00191572
0.00157577
0.00190376
0.00167015
0.00165568
0.00186714
0.00187591
0.00159822
0.0016217
0.00178795
0.00161387
0.00162331
0.00163173
0.00182954
0.00182202
0.00180904
0.00163891
0.00163231
0.00180729
0.00163809
0.00167718
0.00179965
0.00179058
0.00179809
0.00179597
0.00165864
0.00178369
0.00177677
0.00173537
0.00178359
0.0599025
0.0214367
0.0091643
0.00298767
0.0117371
0.00386789
0.0045603
0.00371256
0.00226904
0.0024434
0.00401151
0.00339927
0.00340902
0.00287936
0.00282768
0.00204206
0.00270326
0.00257787
0.00230327
0.00248806
0.00243851
0.00194461
0.00206438
0.00222022
0.00191075
0.00212729
0.00178625
0.00180363
0.000484194
0.00108427
0.000813188
0.00413381
0.00112691
0.00125335
0.00235257
0.00121632
0.00227154
0.00136254
0.00131868
0.00140258
0.00214744
0.00207918
0.0020019
0.00194029
0.00167015
0.00149863
0.00152514
0.00150479
0.0019596
0.00189271
0.00157028
0.00187125
0.00191639
0.00157809
0.00180728
0.00157694
0.00184727
0.00162092
0.00158053
0.00186274
0.00174478
0.00165007
0.00159723
0.00179106
0.00183373
0.00166874
0.0018342
0.00182026
0.00162245
0.00177464
0.00181968
0.00174
0.00164976
0.00168468
0.00177672
0.00173713
0.00179715
0.00173528
0.00177769
0.00164996
0.00167359
0.00171495
0.00178891
0.00175915
0.00165915
0.00177096
0.00166239
0.185635
0.0691814
0.0167632
0.0130958
0.0123454
0.00291922
0.00268697
0.00220267
0.00272751
0.00211126
0.00247002
0.00260211
0.00161722
0.00255783
0.00223731
0.00224429
0.00237469
0.00191977
0.00194512
0.00206462
0.0016521
0.00211412
0.00195299
0.00194623
0.00203608
0.0020604
0.00202401
0.00189703
0.00173201
0.00171856
0.00225029
0.00369423
0.00135681
0.00141758
0.00188341
0.00145734
0.00212087
0.00178831
0.00156558
0.00194611
0.00195168
0.00187136
0.00181597
0.00188879
0.00163446
0.00185841
0.00161602
0.00184083
0.00164014
0.0018017
0.00177834
0.00179638
0.00179751
0.00165536
0.00165886
0.00166178
0.0537395
0.0207113
0.0162057
0.0180404
0.0128439
0.00534452
0.00271884
0.00446121
0.00216582
0.00362647
0.00195832
0.00161166
0.00378996
0.00170115
0.00170147
0.00210937
0.00211335
0.00222059
0.00160271
0.00233817
0.00231535
0.00235611
0.00201223
0.00219087
0.00235409
0.00174952
0.0183067
0.00382511
0.00334845
0.0042054
0.00182781
0.00150936
0.00204822
0.00195499
0.00195929
0.00211003
0.00175841
0.00194769
0.0019472
0.00199027
0.00179012
0.00195351
0.00173535
0.00160426
0.0018517
0.00176045
0.00188363
0.00181978
0.00185278
0.0016609
0.00182226
0.00165092
0.00178197
0.00172168
0.00181092
0.0149441
0.003532
0.00324246
0.00406621
0.00182941
0.00150968
0.00204294
0.00195252
0.00195681
0.00210786
0.00176017
0.00194582
0.00194645
0.00198797
0.00179033
0.00195177
0.00173559
0.00160461
0.00185106
0.00176039
0.00188266
0.00181936
0.00185204
0.00166117
0.00182173
0.00165118
0.00178167
0.0017217
0.00181048
0.20012
0.18616
0.0147717
0.0275247
0.00376796
0.0115772
0.00989335
0.00254568
0.00262453
0.00468467
0.00439684
0.00377511
0.00376371
0.00321012
0.00309414
0.00240337
0.00186502
0.00192406
0.00244169
0.00160366
0.0025365
0.00169012
0.0018604
0.00238065
0.00231851
0.00169648
0.00186974
0.06253
0.0173271
0.00182338
0.00282242
0.00849084
0.00486611
0.00181387
0.00299675
0.00177247
0.00176961
0.00196397
0.00247162
0.00196432
0.0024257
0.00171117
0.0021665
0.00207629
0.00183216
0.00184671
0.00164757
0.00203398
0.00201217
0.00184156
0.00195709
0.00168445
0.00190553
0.00177485
0.219136
0.018081
0.018785
0.0214478
0.0023658
0.010983
0.00377004
0.00662961
0.00431919
0.00500049
0.00482386
0.00386944
0.00151118
0.00356737
0.00319942
0.00287658
0.00181452
0.00239422
0.00180418
0.0027014
0.00222234
0.00178777
0.00240624
0.00235046
0.00232859
0.0018802
0.00187055
0.0021795
0.00203985
0.00218658
0.00161913
0.00228401
0.00367383
0.00133408
0.00141284
0.00185754
0.00145297
0.00211882
0.00177901
0.00156049
0.00194514
0.00194807
0.0018713
0.00181184
0.00188775
0.00163273
0.00185727
0.0016157
0.00183974
0.00163979
0.00180146
0.00177674
0.00179603
0.00179654
0.00165543
0.00165891
0.00166181
0.0171491
0.000159214
0.000211667
0.0070659
0.00108184
0.000840129
0.000789238
0.0012742
3.76967e-05
0.00137761
0.00189719
0.00142281
0.00107627
0.000932126
0.00150127
0.00165301
0.00166272
0.00185763
0.00184571
0.00150347
0.0013784
0.00141946
0.00174624
0.0018432
0.00159016
0.00163279
0.00148226
0.00182468
0.00173197
0.00157929
0.00177459
0.00159022
0.00160699
0.00177901
0.00179565
0.00180325
0.00157572
0.00163347
0.00164073
0.00161486
0.00174881
0.00163879
0.00177333
0.00174437
0.00163109
0.00165386
0.00168156
0.00165843
0.0017512
0.00165614
0.00177381
0.00165206
0.00167798
0.00166699
0.0591023
0.0173992
0.00138085
0.00174348
0.00254432
0.00295929
0.00205381
0.00180671
0.00247187
0.00229496
0.0022467
0.00194336
0.0016749
0.0019238
0.00159346
0.00203482
0.00193721
0.00192346
0.00160888
0.00162539
0.00188447
0.00190551
0.00178534
0.00169904
0.00166647
0.00184465
0.00184917
0.001809
0.0349252
0.010606
0.00062079
0.00165717
2.71798e-05
0.000865793
0.000595698
0.00170623
0.000431229
0.00175549
0.00191976
0.00160033
0.00191367
0.00117456
0.0017282
0.00189433
0.00186911
0.00141794
0.00149807
0.00187205
0.00184931
0.00183454
0.00150535
0.00182943
0.00181841
0.00173811
0.00184059
0.0016695
0.00156594
0.00176513
0.00166174
0.00181498
0.00153351
0.00166064
0.00160957
0.00162073
0.00179175
0.00157627
0.00177225
0.00159543
0.00173403
0.00162887
0.00177682
0.0017526
0.00177506
0.00174928
0.00164819
0.00178008
0.00177196
0.00164949
0.00163925
0.00168726
0.00165204
0.00164321
0.00172238
0.00177395
0.00165735
0.00165075
0.00165225
0.0565849
0.0619082
0.00319929
0.0010296
0.000127869
0.000230892
0.00175647
0.000356006
0.00124133
0.00182275
0.000958258
0.00190244
0.00148081
0.000702274
0.000943104
0.00188272
0.00124863
0.00187278
0.00186575
0.00156042
0.00152718
0.00184637
0.00183659
0.00163307
0.00163581
0.00151286
0.00178023
0.00177258
0.00177028
0.00149146
0.00165513
0.001507
0.00181882
0.00158286
0.00168861
0.00159328
0.00158688
0.00167833
0.00159508
0.0016198
0.00167916
0.00176178
0.00162499
0.00169365
0.00167551
0.00160188
0.00163784
0.00177641
0.00171108
0.00173954
0.00174786
0.00168588
0.00172232
0.00170992
0.00168802
0.00167409
0.00172475
0.00176414
0.00165122
