0.377082
0.000670219
0.0230007
0.00193042
0.0115524
0.000200028
0.00289437
0.00956158
0.000186422
0.00409649
0.00304418
0.00430088
0.00440839
0.0481128
0.0191697
0.00660152
0.00642978
0.0115398
0.00810931
0.00965293
0.00808675
0.00163966
0.00990469
0.00494475
0.00557067
0.00503775
0.00726966
0.00583879
0.00616355
0.00581917
0.00618908
0.00867997
0.00716242
0.00872085
0.00783299
0.00838733
0.00635896
0.00858525
0.00810189
0.00852347
0.00681497
0.00688573
0.00670102
0.00673643
0.00723037
0.00802742
0.00688342
0.0181085
0.00607631
0.00306043
0.00435426
0.0149554
0.00347018
0.0054757
0.00482727
0.0111983
0.00549423
0.00947251
0.00607075
0.00576001
0.00564551
0.00590873
0.00578807
0.00589729
0.00618789
0.0064456
0.00871233
0.00631114
0.0064183
0.00891192
0.00904072
0.00886719
0.00856589
0.00655656
0.0065368
0.00877345
0.0066367
0.00673757
0.00674841
0.00680589
0.00848898
0.00684192
0.00698443
0.00840996
0.00830253
0.007104
0.00704209
0.00785101
0.00819951
0.00699686
0.00778593
0.00809887
0.0081772
0.00815437
0.00778673
0.00719577
0.00714768
0.00803861
0.00719061
0.00805216
0.00804987
0.0542428
0.0278491
0.00735798
0.000821357
0.0113292
0.00134984
0.00384259
0.0103365
0.00328801
0.00351499
0.0100251
0.0049683
0.00443402
0.00526102
0.00722397
0.00481316
0.00829833
0.00568633
0.005476
0.00607043
0.00894005
0.00882859
0.00855288
0.00626344
0.00766369
0.00727388
0.00662592
0.00764857
0.00818867
0.00797756
0.00730929
0.00670266
0.161434
0.19153
0.021503
0.00836048
0.00788077
0.010739
0.00359419
0.000727467
0.00447368
0.000978477
0.00484017
0.00785225
0.00469481
0.00757211
0.00552994
0.00579261
0.00822446
0.00846811
0.00574993
0.00728919
0.00643873
0.00713773
0.0086813
0.00789799
0.00839976
0.00796409
0.00721658
0.00846052
0.0071548
0.00765702
0.00725328
0.00776669
0.00830466
0.178755
0.110315
0.0356443
0.00447501
0.000924899
0.0101102
0.0107313
0.000766845
0.00154108
0.00123986
0.00975885
0.00331751
0.00965063
0.00465584
0.00468628
0.00496309
0.00574064
0.00779929
0.00567985
0.00617298
0.00571514
0.00684662
0.00608382
0.00696404
0.00654169
0.00641364
0.131973
0.0453912
0.0115709
0.00247732
0.0107038
0.0106017
0.00678306
0.00465456
0.00985281
0.00962845
0.0045862
0.00466979
0.00899623
0.0091451
0.00517627
0.00540145
0.00571371
0.00886731
0.00799925
0.0081829
0.00623639
0.00789276
0.00698155
0.00804091
0.00750095
0.00781765
0.0522855
0.0115473
0.00880533
0.0111703
0.00540319
0.00389517
0.00152538
0.0103122
0.00583092
0.0100117
0.00971405
0.00416704
0.00438477
0.00593684
0.0089495
0.00679256
0.00551223
0.00858171
0.0083337
0.00631546
0.00873857
0.00683211
0.00639504
0.00838466
0.00636948
0.00763816
0.00740299
0.0335036
0.0610426
0.00834648
0.00227298
0.00302192
0.00990143
0.00336917
0.00214498
0.0100469
0.00887545
0.00960663
0.00701578
0.00573049
0.00607131
0.00553636
0.0054658
0.00586664
0.00732126
0.00616908
0.0061821
0.00647423
0.00831115
0.00742485
0.00658674
0.0065089
0.00654311
0.00739921
0.00690102
0.129437
0.00750173
0.000521143
0.011515
0.00380026
0.00872685
0.00474933
0.0046217
0.00517737
0.0064096
0.00416775
0.00454758
0.00841052
0.00536745
0.00821588
0.00916389
0.00897399
0.00878544
0.00836379
0.00879624
0.00863628
0.00620994
0.00852313
0.00856843
0.00760918
0.00853159
0.00745362
0.0082037
0.0335729
0.0590316
0.00674912
0.00115657
0.0113294
0.00116644
0.00388711
0.0103347
0.00324376
0.00355844
0.0100177
0.00498636
0.00445804
0.0052736
0.00722129
0.00483305
0.00829262
0.00569834
0.00548782
0.00607967
0.00893654
0.00882512
0.00854882
0.00627087
0.00766325
0.00727565
0.00662942
0.00764838
0.0081861
0.00797582
0.00731095
0.00670688
1.21254
0.103086
0.0310086
0.00986975
0.0052853
0.000926261
0.00174664
0.00362368
0.00406353
0.00358116
0.00424268
0.00861514
0.004607
0.00777735
0.080737
0.0139653
0.00526257
0.00543953
0.0115381
0.00778245
0.00946986
0.00788475
0.00180364
0.00988178
0.0049888
0.00559873
0.00507929
0.00726204
0.005862
0.00617639
0.00584023
0.0062017
0.00866824
0.00716553
0.00871334
0.00782921
0.00837943
0.00637127
0.00857832
0.00809614
0.00851718
0.00682351
0.00689337
0.00670862
0.00674412
0.00723428
0.00802344
0.00689032
0.00599878
0.00650137
0.00223854
0.00214677
0.00320321
0.00123054
0.000250191
0.00190649
0.00250457
0.0108705
0.00996877
0.00556889
0.0048499
0.00954796
0.00528386
0.00979814
0.00794441
0.00597098
0.00689459
0.00892819
0.00590397
0.00911324
0.00603465
0.0079578
0.00889368
0.0066572
0.00766824
0.00870727
0.00652216
0.00757814
0.00835623
0.00666302
0.00858504
0.00842989
0.00672797
0.00691998
0.00727806
0.0069119
0.00834637
0.00682254
0.00695968
0.00690942
0.00822744
0.0081898
0.0070369
0.0072752
0.00705016
0.00704444
1.10724
0.0425985
0.0115902
0.00201216
0.0107208
0.010614
0.00662854
0.00467437
0.00983513
0.00963255
0.00458029
0.0046585
0.00900348
0.00915585
0.00514439
0.00538143
0.00569202
0.00888011
0.00799843
0.00818662
0.00621768
0.00789361
0.00696416
0.00804529
0.00749424
0.00781916
0.000392272
0.00872678
0.0536633
0.00159156
0.000943704
0.0140553
0.00893482
0.0112716
0.0040259
0.00934951
0.00490739
0.00556982
0.00942894
0.00539047
0.00978088
0.00931077
0.00674864
0.00737868
0.0075459
0.00619457
0.00603423
0.00768176
0.00619576
0.00872882
0.00642618
0.0087157
0.00828321
0.00823592
0.00655573
0.00756788
0.00791534
0.00781877
0.00702436
0.0083187
0.0083863
0.00834688
0.00702172
0.00727217
0.00783699
0.00813171
0.00693407
0.00702856
0.00812175
0.00726449
0.00705709
0.0071639
0.382813
0.0855551
0.00537553
0.00966704
0.000755471
0.0104418
0.00142249
0.00401185
0.0041242
0.00856054
0.00521133
0.00567338
0.00630622
0.019543
0.0283464
0.00875989
0.00347707
0.0108179
0.00142621
0.00657017
0.00369077
0.00749875
0.00879591
0.00577983
0.00546787
0.00908856
0.0090295
0.00651025
0.00601392
0.00608856
0.00719464
0.00732713
0.00639153
0.00638343
0.00658091
0.00773647
0.00669905
0.00665905
0.0664383
0.000483883
0.013436
0.00507268
0.0100873
0.0109342
0.0100727
0.00422887
0.010444
0.00474884
0.0048014
0.00485444
0.00622631
0.00616216
0.00936187
0.00916967
0.00917643
0.00629669
0.00905132
0.00636629
0.0064572
0.00643098
0.00858763
0.00813154
0.00815158
0.0065893
0.00842644
0.00844085
0.00726128
0.00691059
0.0082941
0.00832496
0.00700945
0.00695312
0.00819898
0.00821989
0.00807311
0.00716675
0.00769095
0.00759955
0.00664673
0.00863702
0.0154252
0.0117015
0.00233183
0.00932586
0.00953297
0.00990885
0.00238873
0.00390947
0.00398323
0.00534121
0.0053193
0.00683368
0.00854698
0.00604791
0.00596286
0.00695066
0.00816451
0.00773778
0.00843938
0.00360338
0.0379774
0.0268263
0.00731634
0.00958791
0.00279956
0.0040361
0.0103253
0.00216024
0.0100684
0.00349778
0.00685666
0.00423566
0.00528857
0.00772856
0.00563881
0.00855041
0.00836159
0.00650236
0.00616188
0.00538474
0.00324289
0.000605082
0.000598011
0.0121291
0.00232163
0.0034524
0.00955767
0.00535698
0.00973913
0.00426062
0.00912135
0.0051901
0.00571434
0.00882373
0.00926951
0.00922517
0.00601279
0.00853364
0.00907506
0.00776337
0.00622437
0.00635532
0.00792081
0.00797604
0.00640973
0.00859199
0.00661959
0.00673461
0.00812443
0.00822116
0.00806617
0.00677341
0.0081823
0.00820538
0.00816063
0.00787128
0.0076842
0.00707296
0.027645
0.00345614
0.000959549
0.000319196
0.0120603
0.00248491
0.00355658
0.0095572
0.00538526
0.00969242
0.00430508
0.00907407
0.00521925
0.00573114
0.00880328
0.00926308
0.00921935
0.00602438
0.00852045
0.00907061
0.00775876
0.0062333
0.00636239
0.0079163
0.00797173
0.00641664
0.00858862
0.00662427
0.00673948
0.00812096
0.00821756
0.00806325
0.00677724
0.0081794
0.00820261
0.00815795
0.00786971
0.00768357
0.00707539
0.0515328
0.00813958
0.0040331
0.0115246
0.0106993
0.00270649
0.0026623
0.00349956
0.00722938
0.00376771
0.00766718
0.00671262
0.00555781
0.0068396
0.00674395
0.00606919
0.00656433
0.00676736
0.00661859
0.00968868
0.00586529
0.0101077
0.010337
0.0217886
0.0076232
0.00038857
0.00878575
0.000646497
0.00969348
0.00437643
0.00285451
0.00444214
0.00853255
0.0653547
0.0194784
0.010457
0.0153059
0.00996028
0.000275896
0.0103692
0.00318148
0.00306607
0.00124585
0.00266204
0.00976875
0.00408008
0.00416055
0.00472341
0.0047764
0.008671
0.00734413
0.00791976
0.00611064
0.00843318
0.197998
0.00993503
0.00989189
0.00271914
0.00259777
0.00204567
0.00356035
0.00991685
0.00348383
0.00296561
0.00463091
0.00437786
0.0064709
0.00479979
0.00506783
0.00518061
0.0073649
0.00890925
0.00797989
0.00602461
0.00593948
0.00739888
0.00867466
0.00692632
0.00627249
0.00860657
0.00837914
0.00661457
0.00668197
0.0069845
0.00824263
0.00792579
0.00677186
0.00722033
0.0776922
0.00934254
0.0151549
0.0113446
0.0149207
0.00165631
0.00410551
0.00154785
0.000711713
0.00976996
0.00874539
0.00896041
0.00432149
0.00467815
0.00785137
0.00546289
0.00926329
0.00594016
0.00560532
0.00665224
0.00832621
0.0081896
0.0086021
0.00706157
0.00635611
0.00810453
0.602403
8.49073e-05
0.0134418
0.00502137
0.0100815
0.0109288
0.0100671
0.00420617
0.0104538
0.00472748
0.00478135
0.00484463
0.00625416
0.00615669
0.00936142
0.00916861
0.00917635
0.00629333
0.00905227
0.00636672
0.0064603
0.00643353
0.00858583
0.00813466
0.00815389
0.00659215
0.00842629
0.00843984
0.00726517
0.00691425
0.00829328
0.0083237
0.00701282
0.00695617
0.00819726
0.00821791
0.00807198
0.00716973
0.00769168
0.00760071
0.00579287
0.00297082
0.0133859
0.0051291
0.00421615
0.0036118
0.00524687
0.0057018
0.0113642
0.00562509
0.00870903
0.00524207
0.00530378
0.0076806
0.00976837
0.00903105
0.0091377
0.00848748
0.00975681
0.00631592
0.00884518
0.00634433
0.00650756
0.00880251
0.0089576
0.00886845
0.00881957
0.0084234
0.00704621
0.00660028
0.00864704
0.00859059
0.00855814
0.00856426
0.00853263
0.00808539
0.00756226
0.00844921
0.00841967
0.00690126
0.00691494
0.00826081
0.00714436
0.00814553
0.00789743
0.0070103
0.00819838
0.00776611
0.00765786
0.00795324
0.00810539
0.00716324
0.00809637
0.00770014
0.00807959
0.122881
0.00973617
0.0056316
0.00339259
0.00181203
0.010097
0.00409165
0.00561725
0.00941556
0.00452557
0.00946297
0.00934945
0.00951922
0.00535457
0.00597723
0.00768882
0.00704597
0.00615431
0.00832887
0.00720993
0.00639424
0.00641374
0.00731126
0.00810618
0.00852339
0.00668779
0.00847664
0.00776714
0.00671562
0.00827316
0.00680166
0.00823166
0.00687493
0.00693552
0.192129
0.0182938
0.010256
0.00310405
0.00329958
0.0138019
0.00514383
0.0131538
0.00619406
0.00616884
0.00976496
0.00565348
0.0102407
0.0100277
0.00558319
0.00557645
0.00596229
0.00623359
0.00686635
0.00897544
0.00867867
0.00632942
0.00899898
0.00638886
0.00650276
0.00801612
0.00876445
0.0064862
0.00658027
0.00827258
0.00802204
0.00816995
0.00675166
0.00768986
0.00853629
0.00723231
0.00846675
0.00725215
0.00820821
0.00715409
0.00692836
0.00700276
0.00701786
0.00800083
0.00720639
0.00733553
0.00796364
0.00707496
0.00790338
0.00721315
0.00708052
0.00763502
0.00809518
0.00807494
0.00811714
0.027182
0.0163097
0.0174081
0.00512252
0.00446548
0.00532003
0.00514201
0.012425
0.0126116
0.00533827
0.0100961
0.0081851
0.0102335
0.00913694
0.00956161
0.00964299
0.00945312
0.00915719
0.00803875
0.00632076
0.00646984
0.00636795
0.00656821
0.00650758
0.00740386
0.00749952
0.00653039
0.00736568
0.00797542
0.00665064
0.00857445
0.00841036
0.00851606
0.00683656
0.00685297
0.00684197
0.00827414
0.00755195
0.00695904
0.00782172
0.00824032
0.00818174
0.0081805
0.00814231
0.00703222
0.0080041
0.00807204
0.00775978
0.00812075
0.00810566
0.00810389
0.00729487
0.00783407
