0.349367
0.0105796
0.018886
0.00562863
0.00438306
0.010607
0.00949934
0.00643167
0.00860101
0.00793536
0.0103128
0.153076
0.0044743
0.0133434
0.00406684
0.0067535
0.00683849
0.0101744
0.00945533
0.0108204
0.0100348
0.0108615
0.00970144
0.0104784
0.0105574
0.0102685
0.0105418
0.0103453
0.0101887
0.0106275
0.0102047
0.0104026
0.0106157
0.0104498
0.0106173
0.0103571
0.0104337
0.0105573
0.0104366
0.0104279
0.0104539
0.0104491
0.0318087
0.0149165
0.0119183
0.0106685
0.010345
0.0127034
0.0118812
0.0103751
0.0112299
0.0105115
0.0118038
0.0111176
0.0114609
0.0106468
0.0104582
0.0111646
0.0105745
0.010844
0.0105627
0.0105743
0.0104693
0.010493
0.0108891
0.0110026
0.0108249
0.010517
0.010503
0.0105056
0.0109226
0.0105086
0.0108395
0.0109066
0.0105357
0.0108005
0.0106134
0.0108733
0.0108698
0.0108094
0.0107941
0.0107449
0.0107661
0.0107812
0.010742
0.0106076
0.0107609
0.0105973
0.0105842
0.0107316
0.0105837
0.0107159
0.0105685
0.0106208
0.0106037
0.0107339
0.0106843
0.0615424
0.00628797
0.0107296
0.0041602
0.00877292
0.00577678
0.00970816
0.00656413
0.00732427
0.00805346
0.00977322
0.00921429
0.0102958
0.00978639
0.00947161
0.0107847
0.0103599
0.00999462
0.00977572
0.0102747
0.0104004
0.0104254
0.010812
0.010434
0.0102998
0.0105491
0.0105541
0.0103574
0.0103791
0.0103818
0.0103381
0.0103696
0.0104162
0.0200336
0.0617965
0.00686648
0.00931355
0.0110423
0.00568387
0.0106807
0.00749168
0.00573776
0.00601961
0.0102506
0.0102582
0.0103375
0.0103309
0.0101095
0.0102456
0.0102203
0.010196
0.0106709
0.0104284
0.0104983
0.0102632
0.0101693
0.01078
0.0106632
0.0105646
0.0102739
0.0103107
0.0107517
0.0104649
0.0103739
0.0104911
0.0104031
0.364801
0.00887754
0.0140837
0.006102
0.0100537
4.23119e-05
0.0101289
0.00503692
0.0108722
0.00757559
0.00702243
0.00813643
0.0107153
0.0104091
0.00907373
0.0103546
0.00953344
0.0107031
0.00999417
0.00985563
0.0100085
0.0108043
0.0099076
0.0103256
0.0106483
0.0100031
0.0103261
0.0104479
0.00892494
0.0224412
0.00172237
0.004615
0.00255075
0.00993087
0.00379091
0.0109932
0.00724352
0.0101415
0.00936601
0.0106079
0.0107715
0.009573
0.0100705
0.010845
0.00970045
0.0107733
0.0103931
0.0101848
0.0107026
0.0104664
0.010616
0.0102044
0.010445
0.0104307
0.0102222
0.0102734
0.19114
0.0040881
0.0100669
0.000733977
0.0079066
0.00415418
0.00416512
0.00703352
0.00897449
0.00872396
0.00936758
0.0103039
0.00987425
0.0101049
0.0100849
0.0102694
0.010057
0.0100433
0.00995794
0.0104395
0.0104519
0.0101484
0.010174
0.0106487
0.0103686
0.0913299
0.018258
0.00876293
0.0110337
0.00811303
0.0100654
0.0103621
0.0106975
0.00819313
0.0103796
0.00955975
0.00869571
0.0106879
0.0100096
0.0102434
0.00978936
0.0107264
0.0105375
0.0101902
0.0102114
0.0102857
0.0107148
0.010594
0.0105634
0.0103436
0.0151695
0.0083893
0.00829954
0.000234996
0.00904552
0.0078741
0.00287228
0.00435274
0.00872574
0.0100169
0.00810728
0.0101576
0.010008
0.0100824
0.0102243
0.0107002
0.00981276
0.0108109
0.00995109
0.0106055
0.0105751
0.0106365
0.0107563
0.0107191
0.0104837
0.0103254
0.0103909
0.0100989
0.0909034
0.0246808
0.00770639
0.00232495
0.00741845
0.0106066
0.00986031
0.0103217
0.00997207
0.0106723
0.00958889
0.010229
0.00977041
0.0102704
0.0100414
0.0102832
0.0104152
0.00984793
0.0104939
0.0104678
0.0102667
0.0102176
0.0102278
0.0104871
0.010254
0.0102152
0.0107043
0.0104755
0.0103373
0.010322
0.010353
0.0103579
0.0106675
0.0160272
0.0165252
0.00815167
0.000283637
0.00844143
0.00176489
0.00327087
0.00839982
0.00693254
0.0094115
0.00932131
0.0705255
0.0203209
0.00157113
0.0063544
0.0050564
0.00609857
0.00964848
0.00948488
0.0103994
0.00991216
0.0107968
0.00968716
0.0102815
0.0106976
0.0106707
0.0104532
0.0102267
0.0100283
0.0100757
0.0103161
0.0104772
0.0101681
0.0103934
0.0107263
0.0104242
0.0104503
0.010436
0.0103923
0.0103832
0.010489
0.0104925
0.010439
0.0104568
0.0104395
0.0170833
0.015181
0.00887014
0.000971063
0.0100671
0.0110845
0.0111805
0.00999952
0.0111027
0.0102647
0.0110337
0.0103549
0.0102773
0.0109033
0.0108711
0.0108918
0.0103202
0.0108487
0.0103516
0.0103664
0.0106362
0.010838
0.0104162
0.0105615
0.0106511
0.010793
0.0107918
0.0107467
0.0107442
0.0104836
0.0105269
0.0107665
0.0106291
0.0107615
0.0105979
0.0105843
0.0106601
0.0106977
0.01071
0.0107184
0.0107322
0.0107298
0.0106159
0.0105452
0.0107193
0.00709862
0.0239474
0.00225923
0.004364
0.00280932
0.00988834
0.00357266
0.0109932
0.00717778
0.0101446
0.00937199
0.0105974
0.0107698
0.00954344
0.0100516
0.0108463
0.0096789
0.0107735
0.0103841
0.0101785
0.0107018
0.0104597
0.0106136
0.0101912
0.0104381
0.0104234
0.0102105
0.010262
0.0156865
0.0117208
0.00968735
0.00944568
0.00845382
0.0100997
0.00953461
0.010297
0.010231
0.0100671
0.0110563
0.010957
0.0108714
0.0108616
0.0103837
0.0103403
0.0108536
0.0107242
0.0103987
0.0104857
0.0106888
0.0104436
0.0104065
0.0108191
0.0108081
0.0104547
0.0104782
0.0107995
0.0106339
0.0105254
0.0105072
0.0107705
0.0105147
0.0107534
0.0106348
0.0105245
0.0105228
0.0107514
0.0107094
0.0107368
0.010537
0.0105383
0.0106527
0.0105555
0.0105921
0.0105825
0.0105708
0.346989
0.0211252
0.00196635
2.39687e-05
0.00999854
0.00968528
0.00801632
0.00763742
0.0101736
0.0108073
0.0100284
0.00988471
0.00947233
0.203671
0.000687954
0.00259705
0.00460688
0.00994811
0.00381616
0.00335957
0.00458704
0.00863915
0.0103323
0.00827155
0.0107731
0.0102804
0.0101613
0.0101038
0.00979075
0.0106509
0.0102288
0.0104428
0.0101071
0.0100836
0.0100464
0.0107573
0.0104246
0.0104833
0.0103665
0.0103469
0.0105084
0.0205246
0.00379508
0.00904987
0.00863192
0.0111448
0.00894492
0.00971507
0.0110661
0.0109822
0.0110565
0.0102669
0.010335
0.0108913
0.0108885
0.0105753
0.0103327
0.010402
0.0104503
0.0105955
0.0103755
0.0104229
0.0108082
0.0104659
0.0105457
0.0107936
0.0104937
0.010668
0.0107707
0.0105941
0.0105784
0.0105008
0.0105097
0.0107467
0.0107428
0.0105931
0.0106702
0.0107349
0.0107312
0.0105542
0.0105415
0.0106481
0.0106964
0.002712
0.00290578
0.000180327
0.00568084
0.00949337
0.00758745
0.0101296
0.0105307
0.0100017
0.00925783
0.0100085
0.0101502
0.00917895
0.00942932
0.010307
0.01037
0.010237
0.00996944
0.0100717
0.0104019
0.0440004
0.00688746
0.00841081
0.00427674
0.000984012
0.00799975
0.00908621
0.00933658
0.0085809
0.0105944
0.00935613
0.0103476
0.0104952
0.0101514
0.00917228
0.00999545
0.010061
0.0100867
0.0095968
0.0103268
0.000715469
0.00876461
0.0104654
0.00949424
0.00928816
0.00917621
0.0104615
0.010566
0.0109358
0.00908917
0.00962757
0.0104517
0.0108651
0.0108118
0.0108475
0.0108288
0.0105341
0.010204
0.0104408
0.0102575
0.0104546
0.0105756
0.0104241
0.0105974
0.0104126
0.0107774
0.0104844
0.0105061
0.010447
0.0107622
0.010454
0.0104851
0.0104859
0.0106337
0.0105133
0.0105136
0.0105672
0.0106836
0.0107315
0.0106528
0.0105268
0.0385261
0.00903031
0.0104654
0.00949422
0.00936182
0.00923719
0.0104546
0.0105605
0.0109357
0.00911395
0.00962954
0.0104499
0.0108647
0.0108103
0.010847
0.010828
0.010533
0.0102087
0.0104421
0.0102612
0.0104556
0.0105754
0.0104254
0.0105972
0.0104141
0.010777
0.0104852
0.0105068
0.0104481
0.0107618
0.0104551
0.0104859
0.0104867
0.0106336
0.0105139
0.0105142
0.0105676
0.0106833
0.0107312
0.0106527
0.0105273
0.3043
0.00575421
0.00165082
0.0094531
0.0053065
0.0100218
0.00644019
0.00927359
0.00901042
0.00891808
0.00863207
0.00925188
0.0100406
0.0101115
0.00971234
0.0100627
0.00989611
0.0104748
0.00997838
0.0105785
0.740063
0.00294924
0.00319691
0.0102096
0.00590553
0.00414782
0.00508749
0.00784345
0.00537135
0.0065745
0.00893631
0.00770862
0.0093043
0.572391
0.0694916
0.00283298
0.00255415
0.00813366
0.0109189
0.00505521
0.00886022
0.00268077
0.00602396
0.00930241
0.00972166
0.00955402
0.00971414
0.00996223
0.00908083
0.00958521
0.0107574
0.0106828
0.16936
0.00858062
0.0155426
0.00754792
0.00576078
0.00996395
0.0100024
0.00693237
0.0073648
0.00937427
0.00991554
0.0107795
0.00943025
0.0106252
0.010528
0.00986316
0.0100605
0.0102235
0.0101067
0.0101047
0.0102534
0.0101924
0.0104358
0.0102531
0.010687
0.0103075
0.0103265
0.0103324
0.0106532
0.0104962
0.0107289
0.010397
0.0106509
0.450261
0.00888096
0.0146186
0.00610977
0.0100555
8.73128e-05
0.0101306
0.00495724
0.0108726
0.00755435
0.00701584
0.00812281
0.0107158
0.01041
0.00907206
0.0103554
0.00953145
0.0107034
0.0099932
0.00985451
0.0100077
0.0108044
0.00990707
0.0103254
0.0106485
0.0100029
0.0103261
0.0104478
0.0183886
0.00318709
0.00931657
0.00854187
0.0111576
0.00902988
0.00970425
0.0110729
0.010983
0.0110656
0.0102634
0.0103325
0.0108951
0.0108896
0.0105848
0.0103338
0.010402
0.0104498
0.0106017
0.0103777
0.0104233
0.0108086
0.0104662
0.0105494
0.010794
0.0104939
0.0106704
0.0107708
0.0105965
0.0105808
0.0105023
0.0105111
0.0107465
0.0107426
0.0105949
0.0106716
0.0107347
0.0107312
0.0105555
0.0105422
0.0106491
0.0106968
0.00340315
0.00182575
0.0241647
0.00532474
0.014418
0.0113616
0.0130251
0.0103836
0.0122291
0.0117971
0.0110123
0.011627
0.0113514
0.0105534
0.0105223
0.011156
0.010542
0.0109972
0.0110504
0.0104719
0.0108691
0.0104795
0.0107274
0.0108352
0.0109242
0.0105
0.0108462
0.0107963
0.0106106
0.0106402
0.0108443
0.0108392
0.0107606
0.0108354
0.0105332
0.0105339
0.0107933
0.0106331
0.0105811
0.0107874
0.0107729
0.010781
0.0106895
0.010777
0.0107307
0.0105678
0.0107269
0.0105852
0.01072
0.0107336
0.0107242
0.0105793
0.010593
0.0928535
0.0273978
0.00889489
0.0053577
0.00989401
0.00983226
0.00842355
0.0109502
0.0106276
0.01074
0.0108095
0.0106432
0.010341
0.0108369
0.0107883
0.0102424
0.0103993
0.010404
0.0102703
0.0103973
0.0102891
0.0103875
0.0103426
0.0104389
0.0104047
0.0106473
0.0104235
0.0104852
0.0104742
0.0105126
0.0104636
0.0105251
0.0106978
0.0105231
0.037337
0.132865
0.0126005
0.0154674
0.0178989
0.0120488
0.0122276
0.0137578
0.010688
0.0106438
0.0105902
0.0116308
0.0103982
0.0115331
0.0113563
0.0108979
0.0107437
0.0105662
0.011109
0.0110674
0.0108409
0.0108406
0.0108731
0.0104766
0.010482
0.0104906
0.0108969
0.0105057
0.010505
0.0108186
0.0105092
0.0106211
0.0108294
0.0106602
0.0107955
0.0107173
0.0107804
0.0107781
0.0105658
0.0107827
0.0105393
0.0105937
0.0106277
0.0105648
0.0105969
0.0107488
0.0107484
0.0106588
0.0105786
0.0107328
0.0105946
0.0105782
0.0107195
0.0107085
0.0106466
0.0362883
0.031908
0.0134166
0.0126573
0.0185598
0.0106225
0.011381
0.0109838
0.0119083
0.0120308
0.0104705
0.0106499
0.0113546
0.0108875
0.0104803
0.0105652
0.010781
0.0108813
0.0111692
0.0108638
0.0104786
0.0108297
0.0108445
0.0106376
0.0107452
0.0108058
0.0108665
0.0107528
0.0108748
0.010517
0.0105178
0.0105612
0.0108624
0.0108436
0.0108118
0.0108115
0.0107929
0.0107516
0.010685
0.0107423
0.010708
0.0107858
0.0105508
0.0107779
0.0106786
0.010603
0.0107493
0.0105616
0.0107
0.0107351
0.0105961
0.0105822
0.0106081
0.0107305
0.0107096
