0.0918547
0.0299527
0.0102645
0.00362508
0.00136403
0.00367867
0.00448245
0.00307789
0.00691179
0.00651342
0.00593805
0.00721215
0.012704
0.0433691
0.011872
0.0275859
0.00265685
0.0107784
0.0104682
0.00698568
0.010477
0.00800953
0.00628423
0.0102044
0.00694773
0.00777204
0.00718253
0.00759376
0.00920727
0.00907238
0.00883289
0.00781913
0.00966336
0.00949863
0.00824818
0.00802259
0.00830204
0.00891937
0.00826585
0.00877874
0.00827368
0.00830048
0.00940457
0.00843631
0.00922311
0.0093472
0.00608471
0.014871
0.0107534
0.0068995
0.0111524
0.00745048
0.0132321
0.0074405
0.00734494
0.0100774
0.00744228
0.0103469
0.00996887
0.0107918
0.00775723
0.00804232
0.0102319
0.0104309
0.00804288
0.0100147
0.00985697
0.00996016
0.0100091
0.00815877
0.00862706
0.00965134
0.00937479
0.00831991
0.00857194
0.00879582
0.00854851
0.00876077
0.00955924
0.00923048
0.00948925
0.00944961
0.00864101
0.00949226
0.00945927
0.00865407
0.00845327
0.0091581
0.00847785
0.00875732
0.00901714
0.00934569
0.00857477
0.00863675
0.00927683
0.00926702
0.0086186
0.00903092
0.00860895
0.00859353
0.00866755
0.008923
0.348628
0.00440463
0.0113221
0.0102062
0.00308893
0.00462206
0.00465054
0.010479
0.00667737
0.0102604
0.00686542
0.0066309
0.00892037
0.00836375
0.00969827
0.00738135
0.00749017
0.00879034
0.00799624
0.00946216
0.0085633
0.00865384
0.00787438
0.00962868
0.00959271
0.00817108
0.00896434
0.00901685
0.0092174
0.00900367
0.0088587
0.00868574
0.00898815
0.0191065
0.0374881
0.0115342
0.00624119
0.00884791
0.00541961
0.00453581
0.0106339
0.0104875
0.00520753
0.00682397
0.0102809
0.00730733
0.0094199
0.0100077
0.00712141
0.00964888
0.00986186
0.00769107
0.00789426
0.00852465
0.00877995
0.00949441
0.00798303
0.00942495
0.0094891
0.00815621
0.00892181
0.00941949
0.00915342
0.00935525
0.0085117
0.245091
0.12934
0.0159393
0.00617453
0.00155162
0.00514666
0.0109098
0.0066843
0.0041522
0.00956134
0.00913421
0.0101674
0.00695301
0.00705355
0.00996024
0.00804767
0.00901834
0.0093954
0.00861879
0.00802176
0.00815607
0.0081272
0.00805145
0.00602253
0.0140183
0.0104312
0.00795252
0.00503532
0.00410468
0.0103597
0.00589369
0.00699998
0.00637857
0.00648686
0.00728453
0.009196
0.00962259
0.00755104
0.00758293
0.0077405
0.00930807
0.00796513
0.00804887
0.00921847
0.00817916
0.0083499
0.00822255
0.0125753
0.0690175
0.0505747
0.0023332
0.00951679
0.00178368
0.00904688
0.0102884
0.0100708
0.00713865
0.00996103
0.00767384
0.00925907
0.00785311
0.00963006
0.00952934
0.00951004
0.00796609
0.00848658
0.00798875
0.00947485
0.00797861
0.00882606
0.00818262
0.00856881
0.118319
0.0122566
0.00134517
0.00522592
0.000880902
0.0107439
0.00844797
0.0086325
0.00612362
0.00676346
0.00678037
0.00704935
0.00728999
0.00844056
0.0073887
0.00860152
0.00753087
0.00830487
0.00803923
0.00919559
0.00942649
0.00953678
0.00811884
0.00873913
0.00940303
0.00967945
0.0015056
0.0552417
0.00340726
0.0024819
0.00601207
0.0106755
0.0088803
0.00639264
0.00971487
0.0101475
0.01015
0.00650515
0.00984418
0.00709245
0.00983407
0.00755205
0.00737662
0.00791545
0.00767435
0.00783792
0.00827287
0.00801884
0.00797269
0.00946943
0.0082752
0.00934122
0.380246
0.00439271
0.0106889
0.0101971
0.00316392
0.00467629
0.00469822
0.0104752
0.0066942
0.0102585
0.00687936
0.00664855
0.00891701
0.00836476
0.00969347
0.00738932
0.00749744
0.00879011
0.0079995
0.00945971
0.0085652
0.00865519
0.00788033
0.00962635
0.00959049
0.00817379
0.00896416
0.00901641
0.00921608
0.00900333
0.00885911
0.00868708
0.0089879
0.288213
0.0339447
0.0320693
0.0103164
0.000947072
0.00320141
0.0108629
0.00379485
0.00789752
0.00496209
0.00772198
0.00641475
0.00802731
0.0284887
0.0277718
0.0118745
0.0248205
0.00197712
0.010774
0.0104664
0.00702466
0.0104635
0.00798988
0.00634095
0.0101917
0.00698067
0.00778368
0.00721065
0.00760928
0.00919733
0.00906459
0.00883084
0.00783357
0.00965743
0.00949335
0.00825595
0.00803245
0.00830906
0.00891897
0.00827078
0.00878011
0.00827899
0.00830605
0.00940113
0.00844125
0.00922037
0.00934403
0.0125656
0.0152211
0.00235887
0.0143116
0.0127908
0.0119163
0.0109184
0.00718866
0.00745466
0.00732974
0.00718491
0.0102183
0.0101716
0.00783839
0.00939014
0.00950201
0.00988673
0.00797643
0.00774067
0.00929656
0.00933941
0.00789061
0.00962657
0.00961278
0.00920098
0.00832061
0.00966047
0.00850247
0.00873811
0.00854984
0.00821513
0.00897678
0.00827056
0.00861921
0.00943235
0.00831619
0.00840479
0.00939859
0.00938386
0.00936274
0.0084771
0.00930331
0.00931507
0.00931247
0.00855714
0.00852254
0.00683073
0.0123261
0.0103898
0.00777407
0.00483519
0.00403418
0.0103615
0.00585073
0.0069988
0.00633769
0.00646294
0.00727777
0.00918827
0.0096248
0.00752226
0.00756501
0.0077272
0.00931131
0.00795046
0.00803685
0.00922084
0.00816141
0.00833462
0.00821009
0.0570719
0.0148167
0.00333377
0.0111205
0.00706497
0.0111219
0.00724748
0.00717147
0.0111823
0.0104551
0.00765155
0.00845022
0.00791902
0.0101555
0.00766907
0.008111
0.00755217
0.0099542
0.00991136
0.00997442
0.008016
0.00985967
0.00980002
0.00851391
0.00943924
0.00811364
0.00932247
0.00864977
0.00953675
0.00917382
0.00947452
0.00945871
0.0083513
0.00946728
0.00946128
0.00837126
0.00931631
0.00841008
0.00883941
0.00858419
0.00870594
0.00917104
0.0086986
0.00906819
0.00911347
0.00927986
0.0086987
0.00769659
0.00183484
0.00254756
0.00186651
0.00661206
0.00451212
0.00525195
0.00603011
0.00747747
0.00809671
0.00773789
0.00758606
0.00796484
0.0527298
0.0277227
0.126585
0.00243759
0.0108421
6.78702e-05
0.0106302
0.00568308
0.00515036
0.00673879
0.00614844
0.00846833
0.00735012
0.00834272
0.00890589
0.00978591
0.0075752
0.0076779
0.00758993
0.007727
0.00802648
0.0095779
0.00798017
0.00903336
0.00890537
0.00822812
0.00851483
0.0601178
0.0170763
0.0151806
0.00424899
0.0120996
0.00455561
0.0112818
0.0115074
0.0107741
0.00683241
0.00756685
0.0105407
0.00777963
0.0103072
0.00749245
0.0101409
0.00760235
0.0099888
0.00802222
0.00966242
0.00975189
0.00898218
0.00971171
0.00834085
0.00817769
0.00905851
0.00957986
0.00882013
0.00931975
0.0087039
0.00928885
0.00940007
0.00842645
0.00845016
0.00879926
0.00930237
0.00849197
0.00929018
0.00924413
0.0090236
0.00900383
0.013162
0.0456652
0.00539019
0.0101346
8.70266e-05
0.00269649
0.00432766
0.0043727
0.00615591
0.00583855
0.00622151
0.00758269
0.0068204
0.00749542
0.00919632
0.00739774
0.00949825
0.00933726
0.00781589
0.00826917
0.315812
0.0106266
0.00536745
0.01101
0.00892255
0.00985853
0.0106051
0.00550596
0.00563533
0.00839855
0.00576175
0.0100238
0.00694151
0.00862291
0.0075566
0.00768723
0.00969824
0.00754307
0.106944
0.0593598
0.00357411
0.0190131
0.0120412
0.01149
0.00708529
0.0113
0.0111841
0.00728014
0.0098174
0.00684559
0.00973903
0.00758921
0.00709988
0.00738961
0.00761718
0.00747758
0.0080495
0.00978225
0.00783792
0.00805315
0.00797347
0.00973357
0.00812127
0.00960768
0.00944569
0.00817573
0.009258
0.00905736
0.00943918
0.00831961
0.00939188
0.00939754
0.00846579
0.00838686
0.00909895
0.00924058
0.0084712
0.00928969
0.00867248
0.0358815
0.0317171
0.00191654
0.016045
0.0120144
0.0114896
0.00712167
0.0112778
0.0111662
0.00730207
0.0097849
0.00687478
0.0097186
0.00760184
0.00712172
0.00740569
0.00762619
0.00749036
0.00805439
0.00977945
0.00784595
0.0080591
0.00798016
0.00973064
0.00812644
0.00960544
0.00944237
0.00817962
0.00925529
0.009056
0.00943722
0.0083224
0.00939023
0.00939567
0.00846804
0.00838926
0.00909775
0.00923901
0.00847295
0.00928829
0.00867358
0.426558
0.00677958
0.00108496
0.000159546
0.00162269
0.00843622
0.00651881
0.00829625
0.0101773
0.00713004
0.00701935
0.00817979
0.00950836
0.00724513
0.00778076
0.00768978
0.00755309
0.00952689
0.00806358
0.00828644
0.00843556
0.00584336
0.0684536
0.0298865
0.0120647
0.00815307
0.00333557
0.00546837
0.00323359
0.00430748
0.00983492
0.00632818
0.00746727
0.00851159
0.00393519
0.0331921
0.00536501
0.00794289
6.06161e-05
0.00608475
0.00322666
0.0103483
0.0102453
0.00563715
0.00664814
0.00704079
0.00665001
0.00757646
0.00928612
0.00776135
0.00776331
0.00748198
0.0317499
0.0247457
0.0119265
0.00553561
0.0104331
0.0107923
0.00914222
0.0103467
0.00664689
0.00694277
0.00664936
0.0101701
0.0077007
0.00723362
0.0078695
0.00782343
0.00834308
0.00785348
0.00805061
0.00794667
0.00929673
0.00802049
0.00955954
0.00843599
0.00807669
0.008119
0.00821143
0.00916563
0.00855731
0.00834358
0.00928213
0.00872972
1.1817
0.0449275
0.00263631
0.00994528
0.00414806
0.00426276
0.00502415
0.00809873
0.00694284
0.00352691
0.00487924
0.0103068
0.00719366
0.00789537
0.0070877
0.00735073
0.00975642
0.00768763
0.00933277
0.00861763
0.00838472
0.00798997
0.00861862
0.0151698
0.250513
0.0152489
0.00493836
0.0121021
0.00459226
0.011442
0.0115154
0.0107719
0.00681616
0.00755771
0.0105469
0.00777411
0.0103091
0.0074867
0.01014
0.00759746
0.00998734
0.00802208
0.00966477
0.00975273
0.00898821
0.00971127
0.00834549
0.0081782
0.00906188
0.0095792
0.00882363
0.00932087
0.00870732
0.00928914
0.00939917
0.00842789
0.00845251
0.00880136
0.00930162
0.00849429
0.00928895
0.00924328
0.00902407
0.0090044
0.00262312
0.00154374
0.0132672
0.0204384
0.0174077
0.00618829
0.00655985
0.0132005
0.0128212
0.00709305
0.0118171
0.00711654
0.00789058
0.0114364
0.00766323
0.00765291
0.00955835
0.00982229
0.0101626
0.00801677
0.0099665
0.00991832
0.00935927
0.00992481
0.00812718
0.00955966
0.00830496
0.00961233
0.00833504
0.00964067
0.00932248
0.00841085
0.00842446
0.00839349
0.00867446
0.00948338
0.00859029
0.00855408
0.00851965
0.0084103
0.00845905
0.0089723
0.00938801
0.00846522
0.00936269
0.00920505
0.00852617
0.00852145
0.00891283
0.00927673
0.00912083
0.00924442
0.00897599
0.00859934
0.00875589
0.107082
0.00467009
0.0111654
0.00266391
0.000215881
0.0051547
0.00492044
0.0109849
0.0093872
0.0104019
0.00934329
0.00884194
0.0101232
0.00805375
0.00750057
0.00753369
0.00789166
0.00938037
0.00975886
0.00800943
0.00945182
0.00801018
0.00906621
0.00818743
0.00955827
0.0091749
0.00940541
0.0083206
0.00835592
0.00849229
0.00922787
0.00935894
0.00842421
0.00898064
0.00889337
0.0387526
0.0300621
0.0100059
0.0119629
0.0334892
0.00651317
0.0137884
0.00735176
0.00693265
0.0103812
0.00746196
0.0115581
0.00780412
0.0104606
0.00770016
0.00757985
0.00911978
0.00777919
0.0101067
0.00791029
0.00897452
0.00791128
0.00946955
0.00988346
0.00807185
0.00941898
0.00979642
0.00910281
0.00831591
0.00827801
0.00953958
0.00953906
0.00952052
0.00949044
0.00847186
0.00952705
0.00835735
0.00931841
0.0083943
0.00943054
0.00935969
0.00843426
0.00938452
0.00938002
0.00937865
0.00903491
0.00859747
0.00928038
0.00853936
0.00860844
0.00919847
0.009114
0.00899811
0.00923269
0.00857346
0.00866364
0.822416
0.0201871
0.00683371
0.00967795
0.0300343
0.0072278
0.00744299
0.00687059
0.00777515
0.00815487
0.0119677
0.0106902
0.0099839
0.00750695
0.0103236
0.0097156
0.0098577
0.0100352
0.0101453
0.00985296
0.00815882
0.00869567
0.00983544
0.0082373
0.00834974
0.00968582
0.00900556
0.00962832
0.00940045
0.00839007
0.00873273
0.00909007
0.00844712
0.00941196
0.00897245
0.00925885
0.00852969
0.00845411
0.00913875
0.00848447
0.00936785
0.00848439
0.00862775
0.00875834
0.00857294
0.00920495
0.0092484
0.00901155
0.00888901
0.00890603
0.00909721
0.00924126
0.00901734
