2.26404
0.0769616
0.0453076
0.0131514
0.0100746
0.00624318
0.007513
0.0108542
0.0073327
0.00953991
0.00980869
0.00955367
0.0114586
0.00428051
0.0148132
0.00701254
0.0111931
0.00844082
0.0107554
0.0102711
0.0109284
0.010663
0.0106004
0.011636
0.0120576
0.011936
0.0115385
0.0119609
0.0116232
0.012022
0.0120689
0.0120637
0.0121302
0.0120627
0.0120633
0.012089
0.0121013
0.0118107
0.0118852
0.0119355
0.0120695
0.0119582
0.0121276
0.0121217
0.0120645
0.0121059
0.0119894
0.0284951
0.0332555
0.0211098
0.0125215
0.0133929
0.0137217
0.0123155
0.0149344
0.0136387
0.0129811
0.0128395
0.0132197
0.01309
0.012731
0.01291
0.0126516
0.0121348
0.0124844
0.0122211
0.0126273
0.0122006
0.0122527
0.0124733
0.0123705
0.0121109
0.0123112
0.012193
0.0121339
0.0121459
0.0122662
0.0121129
0.0123118
0.0123108
0.0121618
0.0122202
0.012202
0.0122672
0.0121786
0.0121661
0.0121991
0.0121545
0.0122472
0.0122116
0.0122313
0.012178
0.0121421
0.01222
0.0121525
0.0122011
0.0121353
0.0121959
0.0121737
0.0121617
0.0121163
0.13116
1.06998
0.00395461
0.0379245
0.00620896
0.0117815
0.0116525
0.0106331
0.00984974
0.0108355
0.0112226
0.0119716
0.0118942
0.0117455
0.0111284
0.011791
0.0120083
0.0113731
0.0118818
0.0115066
0.0114964
0.0116354
0.0115654
0.011923
0.0117613
0.012009
0.0118302
0.0118633
0.0120683
0.0120051
0.0120209
0.0120007
0.0120104
0.0119731
0.0770813
0.00529803
0.0109203
0.00871147
0.0101037
0.00805896
0.0117244
0.0120984
0.0118543
0.0118418
0.010538
0.0108496
0.0108848
0.0114373
0.0120301
0.0119754
0.0118999
0.0116154
0.011818
0.0118182
0.0118317
0.0116343
0.0120254
0.0120433
0.011871
0.0118528
0.0120166
0.0118575
0.0120871
0.0118866
0.0118854
0.012123
0.0120905
0.0119353
0.216096
0.00437436
0.0423939
0.00952587
0.0118505
0.0050558
0.011677
0.0078956
0.0115359
0.0108196
0.011034
0.0118238
0.0111437
0.0107223
0.0109229
0.0118113
0.0110529
0.0118868
0.0111014
0.0115479
0.0119821
0.0115573
0.0113004
0.0119303
0.011777
0.0116123
0.0119694
0.011733
0.139933
0.101853
0.00665157
0.00945219
0.00802433
0.0121066
0.00817196
0.0115566
0.0115998
0.0103759
0.010559
0.0109654
0.0118538
0.011158
0.0120278
0.0115019
0.0116313
0.011746
0.0118638
0.0115073
0.0115741
0.0116175
0.0117045
0.012036
0.0118438
0.0119446
0.177634
0.0574501
0.00891158
0.00352432
0.00541743
0.0114874
0.0115339
0.0119009
0.0116475
0.0101903
0.0109527
0.0113469
0.0118926
0.0115862
0.0114557
0.011898
0.012082
0.0121054
0.0120564
0.011638
0.0118517
0.0120399
0.0119887
0.0118132
0.0776404
0.00691188
0.00296131
0.00850178
0.00905244
0.00956527
0.00986044
0.0107597
0.0117879
0.0117319
0.0119466
0.0118206
0.0117965
0.0120978
0.0119726
0.0118199
0.0121322
0.0120702
0.0116869
0.0120689
0.0119058
0.011804
0.0119132
0.0118637
0.0119053
0.102142
0.020208
0.028515
0.00845047
0.0082776
0.0120198
0.0118147
0.00949125
0.00942453
0.011463
0.0106802
0.0119326
0.0114178
0.0112004
0.0115714
0.0119048
0.0117066
0.011821
0.0114446
0.0114761
0.011598
0.0118023
0.0120605
0.0117515
0.0119193
0.0117783
0.0118024
0.0118552
0.0381787
0.036874
0.00386128
0.0284557
0.00650709
0.0117825
0.0116538
0.0106361
0.00985845
0.0108382
0.0112246
0.0119739
0.0118974
0.0117463
0.0111344
0.0117941
0.0120085
0.0113796
0.011884
0.01151
0.0115014
0.0116394
0.0115698
0.0119237
0.0117631
0.0120094
0.0118318
0.0118651
0.0120687
0.0120057
0.0120216
0.0120013
0.0120111
0.0119741
0.984683
0.0225724
0.0337202
0.00346874
0.0109696
0.00860481
0.00668712
0.0096606
0.0114602
0.0102172
0.00904578
0.011072
0.00977778
0.0109684
0.00836588
0.014702
0.00795867
0.0113889
0.00846057
0.0107604
0.0102756
0.0109884
0.0107294
0.0106562
0.0116372
0.0120576
0.0119362
0.0115539
0.0119613
0.0116315
0.0120224
0.0120703
0.0120639
0.0121303
0.012064
0.0120645
0.0120897
0.0121018
0.0118156
0.0118882
0.0119383
0.0120703
0.0119602
0.0121276
0.0121218
0.0120651
0.0121061
0.0119912
0.0303998
0.0116601
0.0121535
0.0120156
0.0115637
0.0116293
0.0120445
0.0119704
0.0121655
0.0119967
0.0120529
0.0120166
0.0121568
0.0120862
0.0120919
0.0120793
0.0121517
0.0121374
0.0121516
0.0121344
0.0120922
0.0121485
0.0120899
0.0120997
0.0120948
0.0121013
0.0121013
0.0121008
0.0121422
0.0121049
0.0121008
0.0121401
0.0121057
0.0121221
0.0121355
0.0121048
0.012107
0.012105
0.0121073
0.0121068
0.0121071
0.0121138
0.0121103
0.0121086
0.0121114
0.0121095
0.0121133
0.0121241
0.164411
0.103984
0.00742057
0.00955692
0.00788065
0.0121074
0.008149
0.0115387
0.0115844
0.0103315
0.0105349
0.0109493
0.0118471
0.0111328
0.0120268
0.0114851
0.0116183
0.0117364
0.0118575
0.0114906
0.0115601
0.0116038
0.0116922
0.0120339
0.0118354
0.0119395
0.0108633
0.0179816
0.0107825
0.0121562
0.0121322
0.0124872
0.0121127
0.0120809
0.0120977
0.0122342
0.0122031
0.0121348
0.0121113
0.0120888
0.0121302
0.0121778
0.0121641
0.0121708
0.0120957
0.0121217
0.0121635
0.012156
0.0121038
0.0121014
0.0121027
0.0121497
0.0121052
0.0121361
0.01213
0.0121075
0.0121252
0.0121425
0.0121395
0.0121261
0.0121283
0.0121426
0.0121383
0.0121126
0.0121341
0.0121385
0.0121367
0.0121364
0.0121288
0.0121366
0.0121238
0.0121361
0.332094
0.0120293
0.0107092
0.0102175
0.0101161
0.0103135
0.0106062
0.0115399
0.0110231
0.0120155
0.17768
0.0671148
0.00997542
0.00419454
0.0102004
0.0105198
0.00875557
0.00958643
0.0114051
0.0107565
0.0118324
0.011814
0.0116406
0.0114333
0.0120124
0.0112745
0.0120657
0.011554
0.0117291
0.0119704
0.0119582
0.0119088
0.0116251
0.0120105
0.0120092
0.0118562
0.0118486
0.0119263
0.0100885
0.0110385
0.0107726
0.0118706
0.0119438
0.0120349
0.0120043
0.0120685
0.0120671
0.012143
0.0121215
0.0121554
0.0120406
0.0120549
0.0121501
0.0120804
0.0120939
0.0120831
0.0121332
0.0120752
0.0121469
0.0120807
0.012097
0.0121383
0.0121327
0.0121063
0.0121378
0.0121198
0.0121263
0.0120996
0.012117
0.0121029
0.0121093
0.0121289
0.0121358
0.0121087
0.0121079
0.0121196
0.0121274
0.012108
0.0121274
0.0121339
0.256631
0.158517
0.0036862
0.00454339
0.011816
0.0110898
0.0096307
0.0109996
0.00953782
0.00936374
0.0115975
0.0116539
0.0107094
0.0114585
0.011182
0.011615
0.0111386
0.0117096
0.012011
0.0114264
0.0115926
0.67532
0.328332
0.0608586
0.00437971
0.00172388
0.00458819
0.0119946
0.00681866
0.0111968
0.0106591
0.0113154
0.00985021
0.0103617
0.0102889
0.0113875
0.0119951
0.0119337
0.0110023
0.0111224
0.011279
0.0238537
0.0120905
0.00493055
0.00220957
0.00784213
0.0109609
0.0106205
0.0119692
0.0119844
0.0120377
0.0118855
0.0120821
0.0118793
0.0119912
0.0118811
0.011914
0.0119993
0.0121051
0.0119498
0.011905
0.0120233
0.0119622
0.0119858
0.0120445
0.0121126
0.012011
0.0121029
0.0120677
0.0120941
0.0120912
0.0121066
0.012105
0.0121358
0.0120611
0.0121079
0.0120861
0.0121071
0.0121085
0.012101
0.0173987
0.0736459
0.0114314
0.00601027
0.0120603
0.0100561
0.0115123
0.0114287
0.0117416
0.0118681
0.0116391
0.0119573
0.0117052
0.012018
0.0119017
0.0119529
0.0120566
0.011952
0.0119882
0.0119664
0.0119731
0.0121342
0.0119777
0.0120322
0.0121302
0.0120748
0.0121296
0.0120591
0.0120366
0.012107
0.0120353
0.0120564
0.0121283
0.0120506
0.0120997
0.0120953
0.0121338
0.0120872
0.0121191
0.0120715
0.0120697
0.0120789
0.406343
0.0233972
0.00786249
0.00367799
0.00194426
0.00984476
0.0103149
0.0120959
0.0104139
0.0102694
0.0117432
0.0106976
0.0108225
0.011643
0.011217
0.0114171
0.0113482
0.0118183
0.0121117
0.0115496
0.104346
0.0388375
0.00790654
0.0035184
0.0024588
0.0101628
0.00692695
0.00752194
0.00885817
0.0114625
0.0107632
0.00982934
0.25963
0.0246349
0.00333994
0.00294557
0.0068515
0.00258116
0.0078464
0.00637854
0.00985284
0.0106684
0.0120408
0.0106795
0.0116388
0.0102528
0.011089
0.0118906
0.0115379
0.0109272
0.0120328
0.0105043
0.009037
0.00634791
0.00604777
0.00945958
0.00945697
0.011595
0.0116392
0.0113065
0.0107989
0.0117881
0.0118572
0.0117858
0.0112284
0.01188
0.0115527
0.0118887
0.0118348
0.0116935
0.0119827
0.0116994
0.012075
0.0120762
0.0120673
0.0118946
0.0119375
0.0119508
0.0120645
0.0119873
0.0120568
0.0119285
0.0119506
0.011937
0.0119552
0.0119425
0.226948
0.108358
0.00347663
0.00399017
0.00704827
0.0113271
0.0119347
0.0119869
0.00954657
0.0109012
0.0107228
0.0120334
0.0116262
0.0116525
0.0120019
0.0111336
0.0115033
0.0117706
0.011493
0.0120578
0.0115937
0.0120414
0.0119327
0.0150061
0.011125
0.011982
0.0109732
0.0121761
0.0120614
0.0121037
0.0119884
0.0121331
0.012069
0.0120672
0.0121546
0.0121463
0.0120782
0.0120658
0.0120682
0.0121392
0.0120973
0.0120786
0.0121397
0.0121467
0.0121231
0.0120938
0.0121425
0.0121355
0.0120992
0.0121046
0.0121195
0.0121008
0.0121074
0.0121365
0.012131
0.0121225
0.0121077
0.0121115
0.0121143
0.0121079
0.0121127
0.0121122
0.01211
0.0121117
0.00683421
0.00750872
0.012397
0.0123517
0.0197041
0.0122065
0.0123168
0.0122043
0.012558
0.0123595
0.012152
0.0123596
0.0128337
0.0124919
0.0122961
0.0123743
0.012332
0.0121064
0.012411
0.0121404
0.0123248
0.0124237
0.0123843
0.0121989
0.0121551
0.0122763
0.0122408
0.0122232
0.0121701
0.0122438
0.0122732
0.012274
0.0122474
0.0121817
0.0122159
0.0121641
0.0121761
0.0121953
0.0121679
0.0121262
0.0122194
0.0122199
0.0121774
0.0122077
0.012147
0.0121548
0.0121497
0.0121933
0.0121764
0.0121447
0.0121152
0.012164
0.0121573
0.0121462
0.0121504
0.00235381
0.00776925
0.0087045
0.0103948
0.0105285
0.0108901
0.0107272
0.0108101
0.0120765
0.0120782
0.0117885
0.0115515
0.0118348
0.011625
0.0116472
0.0121218
0.01207
0.0120506
0.0118582
0.0120072
0.0119832
0.01197
0.0120928
0.0119271
0.0119549
0.0119695
0.0120585
0.0120091
0.0119914
0.012041
0.0120639
0.0120547
0.0120426
0.0120345
0.0120529
0.0121911
0.0277313
0.0213362
0.0189572
0.0123352
0.0124747
0.0150918
0.0124008
0.0125238
0.0121057
0.0124274
0.0130296
0.0127455
0.0124419
0.0121639
0.0124645
0.0124005
0.0123878
0.0125271
0.012154
0.0123163
0.0123541
0.0121716
0.0121395
0.0123578
0.0121086
0.0121194
0.012256
0.0122657
0.0122792
0.0122446
0.0121859
0.0121665
0.0121907
0.0121096
0.0121498
0.012218
0.0122311
0.0122077
0.0122259
0.0121431
0.012196
0.0122085
0.0121225
0.0121907
0.0121747
0.0121882
0.0121468
0.0121862
0.0121806
0.0121213
0.0121782
0.0121565
0.0121428
0.0121214
0.0121726
0.0154335
0.0383227
0.0246358
0.0145035
0.0170341
0.0174119
0.0129511
0.0127834
0.0122671
0.0121475
0.0122299
0.012609
0.012509
0.0126019
0.0123863
0.0126563
0.0122703
0.0125717
0.0124756
0.012468
0.0124099
0.0122945
0.0123711
0.0123275
0.0122128
0.0123341
0.0122119
0.0121687
0.0121538
0.0122876
0.0122877
0.0121709
0.0122746
0.0122638
0.0121457
0.0121509
0.0122433
0.0121603
0.0121363
0.0122261
0.0122279
0.0121811
0.0121215
0.0121546
0.0121735
0.0121661
0.0121737
0.0121939
0.012151
0.0121649
0.0121571
0.0121632
0.0121159
0.0121438
