0.0415489
0.0398824
0.0438668
0.0418185
0.0415068
0.0403648
0.0436462
0.0416595
0.0424027
0.0402689
0.0427574
0.0425472
0.0405514
0.0417425
0.0407728
0.0413899
0.0410629
0.0423372
0.0422424
0.0426436
0.0410229
0.041072
0.0419087
0.0419548
0.0415812
0.0412039
0.0415529
0.0417619
0.0417657
0.0458816
0.0384211
0.0397911
0.0410354
0.0414391
0.0412543
0.0419482
0.0415765
0.0419842
0.0417647
0.0419235
0.041881
0.0418822
0.0418896
0.0418776
0.0418763
0.041873
0.0417606
0.0418804
0.0417694
0.0418759
0.0417822
0.0417888
0.0418602
0.0418514
0.0418067
0.0417884
0.0418486
0.0492129
0.0380643
0.0453741
0.0440923
0.0433577
0.042256
0.0423698
0.0415825
0.0415818
0.0416865
0.0416769
0.0419438
0.041916
0.041912
0.0418591
0.04175
0.0417156
0.0417234
0.0417306
0.0418941
0.0418875
0.0417905
0.0417864
0.0417641
0.0417785
0.0418769
0.0418322
0.041794
0.0418602
0.0492129
0.0367685
0.0450144
0.0439356
0.0429086
0.0421864
0.0422135
0.0408935
0.0421567
0.0419544
0.0421582
0.0416853
0.0414785
0.0414662
0.0417994
0.0420752
0.0421605
0.0421401
0.0421226
0.0415144
0.0415584
0.0419532
0.0419637
0.0420296
0.0419854
0.0416121
0.0417917
0.0419301
0.0416797
0.0314608
0.0413184
0.0385638
0.0397847
0.0399868
0.0426814
0.0431893
0.041982
0.0407312
0.0424815
0.0428876
0.0410578
0.0408886
0.0407744
0.0425517
0.0425932
0.0414087
0.0423498
0.0411836
0.0418951
0.0415451
0.0423077
0.0417071
0.0422731
0.0417785
0.0420866
0.0418373
0.041784
0.0420638
0.0422064
0.0570041
0.0483376
0.0428749
0.0428914
0.0386236
0.0418653
0.0413044
0.043407
0.0400503
0.043265
0.0404375
0.0405477
0.041253
0.0423752
0.0413047
0.040928
0.0417331
0.042583
0.0412545
0.0411582
0.0416464
0.0415973
0.0412287
0.0412061
0.0414441
0.0413123
0.0421408
0.0413562
0.0416922
0.0482891
0.0380196
0.039943
0.0422967
0.0417613
0.0426139
0.0416466
0.0422415
0.0420455
0.0418596
0.0415581
0.0418553
0.0418546
0.0416787
0.0419647
0.0419384
0.0419435
0.0417303
0.041702
0.0417274
0.0417042
0.0417124
0.0417562
0.0417524
0.0418527
0.0418062
0.0418953
0.0418343
0.0492092
0.0434212
0.0411927
0.0406908
0.0416426
0.0439294
0.0435664
0.0422956
0.0427838
0.041332
0.0419896
0.0423767
0.0429589
0.0416898
0.0426205
0.0411388
0.0425429
0.0410081
0.0427789
0.040872
0.0420583
0.0426115
0.0416134
0.0413338
0.0420315
0.0421705
0.0412862
0.0423701
0.0420092
0.0412785
0.0546464
0.0365252
0.0376254
0.0386979
0.0417729
0.041491
0.0404672
0.0414425
0.0416618
0.0419696
0.0417188
0.0414967
0.0416234
0.0419439
0.041802
0.0419878
0.041732
0.0419039
0.041713
0.0416625
0.0418302
0.041699
0.041929
0.0417847
0.041723
0.0419236
0.0419059
0.0418696
0.041777
0.0417845
0.0403668
0.0430772
0.0460416
0.0415585
0.0389759
0.0441911
0.0437555
0.0430891
0.0407187
0.0432533
0.0418825
0.0418213
0.0405921
0.0407068
0.0429044
0.0413708
0.041182
0.0418119
0.042477
0.0425459
0.0418465
0.0413077
0.0414343
0.0412976
0.0424838
0.0412055
0.0415733
0.0350971
0.0412909
0.0418669
0.0406672
0.0409591
0.0419361
0.0417885
0.0419079
0.0418355
0.0405744
0.0412353
0.0408907
0.0412566
0.0420705
0.0419947
0.0412573
0.0417574
0.0418913
0.0416285
0.04173
0.0423755
0.0417385
0.0413479
0.0422877
0.0413537
0.041456
0.042152
0.0421374
0.0414985
0.0482885
0.0387219
0.0402126
0.0422143
0.0430608
0.0438833
0.0422133
0.0433964
0.0431163
0.0424868
0.0406039
0.0419189
0.0419175
0.0409318
0.0427582
0.0426044
0.0426171
0.0412152
0.0410851
0.0412146
0.0411252
0.0411692
0.041393
0.0413789
0.0420118
0.0417125
0.0422772
0.0418953
0.0480072
0.043537
0.0460312
0.0398739
0.0418679
0.0418432
0.0413952
0.0420419
0.0415414
0.0421065
0.0416966
0.0417003
0.0416342
0.0419589
0.041931
0.0416708
0.0417734
0.0417278
0.0419222
0.041758
0.0417447
0.0418436
0.041873
0.041853
0.0419049
0.041907
0.0418953
0.0417762
0.0417782
0.0417696
0.0468823
0.0352955
0.0389715
0.0439273
0.0409946
0.0416847
0.0418794
0.0418229
0.0415299
0.041081
0.0410452
0.0415103
0.0409222
0.0424501
0.0410449
0.0410864
0.0417251
0.0411223
0.0424253
0.0413551
0.0420977
0.0413517
0.0422854
0.0414277
0.0421511
0.042271
0.0414002
0.0421113
0.0419108
0.038082
0.0398766
0.0428175
0.0415967
0.0414811
0.0412607
0.041881
0.0413707
0.0427602
0.0408484
0.0416825
0.0426917
0.04224
0.0420152
0.0426269
0.0426326
0.0410769
0.0424817
0.0411798
0.0417577
0.0418311
0.0423669
0.0420511
0.0417191
0.0413459
0.0417609
0.0421925
0.0421756
0.0414934
0.0401549
0.0460002
0.0423306
0.0430342
0.0416307
0.0436355
0.0418995
0.043226
0.0430001
0.0424201
0.0413924
0.0423428
0.0408844
0.0411207
0.0417214
0.0410344
0.0421042
0.0412005
0.0423854
0.0422039
0.0418641
0.042421
0.0422166
0.0417352
0.0418729
0.0423134
0.0418162
0.0414576
0.041406
0.0414883
0.0731779
0.0427536
0.0417706
0.0380023
0.0420276
0.0395367
0.0409806
0.0419928
0.0423609
0.0422306
0.0403446
0.0428422
0.0427043
0.0414686
0.0428005
0.0411821
0.0426426
0.0420615
0.0424851
0.0423489
0.0425177
0.0423933
0.0416936
0.0419869
0.0422946
0.0413402
0.0415734
0.0413332
0.0421957
0.0362791
0.0440718
0.0509235
0.0481414
0.0373307
0.0407096
0.0413896
0.0406937
0.0412428
0.0422897
0.0420604
0.0397693
0.0408894
0.0426134
0.0407225
0.0407796
0.0422612
0.0427297
0.0421222
0.0410996
0.0414462
0.0408168
0.0428285
0.0428723
0.0407847
0.0413875
0.0426053
0.0410273
0.0427465
0.0416475
0.0426741
0.0414739
0.0426432
0.0410089
0.041054
0.0414555
0.0419584
0.0411158
0.0418985
0.0424938
0.0422224
0.0411434
0.0419846
0.0415391
0.041217
0.0412291
0.0412431
0.0421146
0.0412853
0.0416085
0.0421528
0.0422127
0.0415108
0.0414426
0.0413766
0.0422804
0.0414021
0.0416503
0.0414488
0.0420675
0.0292021
0.0481439
0.0407151
0.0427113
0.0437902
0.0409572
0.0413188
0.0398948
0.0401543
0.0420356
0.0405262
0.042696
0.0414953
0.0427084
0.0425899
0.0416047
0.0420628
0.0419625
0.0423063
0.0414141
0.0417184
0.0424116
0.0422842
0.042327
0.0423035
0.0413499
0.042165
0.0413789
0.0413878
0.0417537
0.020315
0.0382891
0.0442912
0.0425303
0.0398002
0.0390869
0.0441291
0.0417999
0.0415933
0.0402999
0.0410377
0.0420793
0.041869
0.0426527
0.0406143
0.0420917
0.0426154
0.0409912
0.0412578
0.0413625
0.0410191
0.042424
0.0413193
0.0425216
0.0424338
0.0417989
0.0420791
0.0415049
0.0421837
0.0417467
