0.040217
0.0404854
0.0409718
0.040891
0.0409264
0.0407147
0.0408189
0.0406354
0.0406854
0.0408024
0.0406604
0.0406565
0.04079
0.0406628
0.0407098
0.0407568
0.0407661
0.0407485
0.0406995
0.0406878
0.0407265
0.0407514
0.0407484
0.0407421
0.0407363
0.0407424
0.0407442
0.0413387
0.0406729
0.0408703
0.0407031
0.0406703
0.0406859
0.0406933
0.0407109
0.040721
0.040714
0.0407075
0.0407172
0.0407128
0.0407135
0.0407124
0.0407124
0.0407124
0.0407174
0.040716
0.0407157
0.0407127
0.0407142
0.040714
0.0407131
0.0407168
0.0407169
0.0407173
0.0407138
0.0407139
0.0405955
0.0409225
0.0407122
0.0406751
0.0407686
0.0406787
0.0407092
0.0407256
0.040702
0.0407045
0.0407093
0.0407107
0.0407215
0.0407192
0.0407211
0.0407211
0.0407119
0.0407201
0.0407197
0.0407166
0.0407188
0.0407183
0.0407168
0.0407187
0.0407168
0.0407175
0.0407144
0.0407155
0.0407165
0.0407136
0.0405955
0.0409112
0.0406632
0.0406228
0.040742
0.0406373
0.0407092
0.0407163
0.0407127
0.0407198
0.0407145
0.0407167
0.040694
0.0407038
0.0406976
0.0406978
0.0407332
0.0407004
0.0407015
0.0407103
0.0407038
0.0407054
0.0407102
0.0407043
0.0407102
0.040708
0.0407197
0.0407154
0.0407117
0.0407228
0.0411091
0.0400872
0.0404513
0.0403931
0.0403818
0.0407668
0.0407179
0.0406809
0.0407687
0.0406678
0.0406961
0.0406478
0.0406425
0.0406884
0.0407202
0.0407064
0.0407479
0.0407313
0.0407158
0.040727
0.0406696
0.0406732
0.0406885
0.0406763
0.0406794
0.0407185
0.0406847
0.0406851
0.0406857
0.0385995
0.0405693
0.0404632
0.0407478
0.0405602
0.0407219
0.0406409
0.0406345
0.0406384
0.0406883
0.0406779
0.0407252
0.0406701
0.0407416
0.04069
0.0407154
0.0407335
0.0406902
0.0407297
0.0406784
0.0407451
0.0407142
0.0407457
0.0407088
0.0407293
0.0407073
0.0406992
0.0407231
0.0406984
0.0410716
0.0400257
0.0408146
0.0404498
0.0405856
0.0407497
0.040682
0.0406768
0.040701
0.0407078
0.0407098
0.0407039
0.0407125
0.0407235
0.0407172
0.040723
0.0407147
0.0407194
0.0407092
0.040716
0.0407106
0.0407098
0.0407108
0.0407124
0.0407108
0.0407175
0.0407127
0.0407132
0.0406012
0.0405163
0.0405242
0.0410753
0.0409219
0.0407041
0.0406226
0.0407189
0.0406886
0.0408054
0.0406489
0.0407841
0.0407421
0.040763
0.0406898
0.0406654
0.0407139
0.0407721
0.0407021
0.0406764
0.040754
0.0406951
0.0406812
0.0406881
0.0407293
0.0406889
0.0407389
0.0407447
0.040742
0.0400358
0.041503
0.0397487
0.0411923
0.0403801
0.0409211
0.0406283
0.0406286
0.0406596
0.040702
0.0407038
0.0407234
0.0407081
0.0407145
0.0407075
0.0407149
0.0407139
0.0407121
0.0407094
0.0407189
0.0407188
0.0407165
0.0407097
0.0407081
0.0407121
0.0407091
0.0407133
0.0409149
0.0405352
0.0404988
0.0407351
0.0407238
0.0407632
0.0407298
0.0407073
0.0407988
0.0406804
0.0406752
0.0407379
0.040696
0.0407026
0.0406581
0.0407669
0.0407191
0.040675
0.0407605
0.0407564
0.0407404
0.0407238
0.0407553
0.0407541
0.0407089
0.0407221
0.0407463
0.0406866
0.0407163
0.0407429
0.0409925
0.0406414
0.0405852
0.0407771
0.0406516
0.0406081
0.0407713
0.0406928
0.0406573
0.0406488
0.0407279
0.0406603
0.0406671
0.0406681
0.0406713
0.0407484
0.0406925
0.0406766
0.0406898
0.0406802
0.0406946
0.0406987
0.0406853
0.0407285
0.040695
0.0406903
0.0406939
0.0407055
0.0406936
0.0410716
0.0398964
0.0407991
0.0403363
0.0406115
0.0407276
0.0406065
0.0406101
0.0406346
0.0406473
0.0407057
0.0406477
0.0406881
0.0407613
0.0407377
0.0407581
0.0407182
0.0407428
0.0406722
0.0407221
0.0406828
0.0406776
0.0406844
0.0406957
0.040685
0.0407286
0.0406975
0.0407009
0.0413953
0.0403499
0.0401699
0.0405853
0.0406941
0.0408479
0.0407519
0.0406584
0.0407118
0.0407399
0.0407036
0.0407258
0.0407288
0.0407088
0.0407269
0.0407184
0.0407254
0.0407167
0.0407226
0.0407154
0.0407159
0.0407127
0.0407219
0.0407114
0.0407145
0.0407176
0.040714
0.0407145
0.0407165
0.04072
0.0411091
0.0407986
0.0408822
0.0404893
0.0406778
0.0406608
0.0406486
0.0406618
0.0406595
0.0407427
0.0407589
0.0406662
0.0407022
0.0407429
0.0407524
0.0406749
0.0406769
0.0406963
0.040699
0.040689
0.0406857
0.0407068
0.0406895
0.0406996
0.0407321
0.0406917
0.0407195
0.0406944
0.0407318
0.0408285
0.0412286
0.0405519
0.0409595
0.040708
0.0407893
0.0407301
0.040783
0.0407803
0.0406781
0.0407326
0.0407685
0.0406889
0.0407649
0.0407621
0.0406839
0.0407248
0.0407173
0.0406916
0.0407519
0.0407382
0.0407225
0.0407421
0.0407447
0.0407197
0.0407407
0.0407291
0.0406998
0.0407226
0.0400358
0.0414082
0.0406979
0.0406522
0.0406708
0.0406833
0.0407247
0.0406691
0.0407282
0.0407745
0.0407785
0.0406888
0.0406927
0.0407655
0.0407637
0.0407579
0.0407187
0.0407325
0.0407288
0.040745
0.0407455
0.040746
0.0406959
0.0407439
0.0407056
0.040731
0.0407404
0.0407383
0.0407321
0.0368596
0.0393588
0.0412549
0.0408525
0.0406987
0.0407896
0.0407218
0.0407772
0.0406477
0.040632
0.0407471
0.0406445
0.0407552
0.0407565
0.0406486
0.0406599
0.0406564
0.0406737
0.0406944
0.0406735
0.0406727
0.040672
0.0406796
0.0407394
0.0407351
0.0407263
0.040681
0.0406958
0.0404519
0.0404293
0.0408936
0.0404603
0.0408852
0.0406857
0.04093
0.0408539
0.0408209
0.0406801
0.0408601
0.0407681
0.0408034
0.0407283
0.0406961
0.040731
0.0408127
0.0407905
0.040804
0.0407968
0.0406596
0.0407844
0.0406649
0.0407129
0.0406767
0.0407709
0.0407748
0.0407159
0.0407086
0.0407691
0.0407675
0.0406764
0.0406994
0.0407573
0.0407462
0.0407447
0.0407593
0.0407537
0.0406986
0.040685
0.04075
0.0407157
0.0406872
0.0407339
0.0407285
0.0407471
0.040744
0.0407391
0.0407287
0.0407439
0.0407352
0.0407426
0.0407084
0.0407419
0.0407289
0.04074
0.0407149
0.0407314
0.0379244
0.0413626
0.0396033
0.0405251
0.0405431
0.0406763
0.0406622
0.0406818
0.0406359
0.0406873
0.040711
0.0406493
0.0406544
0.0406631
0.0406729
0.0407487
0.0406887
0.0406653
0.0406929
0.0406868
0.0406742
0.0406817
0.0406785
0.0407337
0.0406814
0.0406848
0.0406852
0.0406915
0.0411815
0.0408178
0.0404156
0.0404713
0.0407648
0.0406008
0.0406992
0.040594
0.0405879
0.0406845
0.0406391
0.0406486
0.0406913
0.0406424
0.0406467
0.0406719
0.0407545
0.0407036
0.0406819
0.0407457
0.0407443
0.0407245
0.0406798
0.0406875
0.0407108
