0.0324678
0.0332201
0.0332918
0.0330742
0.0329032
0.0328907
0.0330173
0.0327566
0.0328989
0.0329925
0.0328071
0.0327995
0.0328018
0.032874
0.0329507
0.0329491
0.0328677
0.0329317
0.0329221
0.032892
0.032847
0.0328256
0.0328723
0.0328245
0.0328528
0.0328434
0.032908
0.0329024
0.0329078
0.0328367
0.0327457
0.0328137
0.0327594
0.0329886
0.0329025
0.0328353
0.0328357
0.0328403
0.032873
0.0328593
0.0328733
0.032867
0.0328741
0.0328641
0.0328645
0.0328658
0.0328648
0.0328694
0.0328671
0.0328655
0.0328653
0.032866
0.0328708
0.0328699
0.0328664
0.0328669
0.0328679
0.032866
0.0328685
0.0333459
0.0327011
0.0329169
0.0329511
0.0328661
0.0329269
0.0328399
0.0328946
0.0328887
0.0328761
0.0328774
0.0328629
0.0328762
0.0328765
0.0328755
0.0328757
0.0328647
0.0328642
0.0328726
0.0328735
0.0328734
0.032873
0.0328716
0.0328725
0.032869
0.0328654
0.032871
0.0328679
0.03287
0.0324975
0.0323796
0.0330064
0.0328862
0.0328275
0.0328258
0.0329418
0.0328691
0.0328767
0.0328385
0.0328637
0.0328631
0.0328617
0.0328951
0.0328633
0.0328492
0.0328676
0.0328584
0.0328487
0.032886
0.0328796
0.0328757
0.0328848
0.0328677
0.0328633
0.032883
0.0328799
0.0328772
0.0328575
0.032867
0.0335368
0.0334085
0.0314247
0.0323264
0.0330388
0.0326012
0.0327296
0.0328595
0.032744
0.0328428
0.0328222
0.0328049
0.0328438
0.0328069
0.0328425
0.0328037
0.0328055
0.032903
0.0328236
0.0328774
0.0328191
0.0328268
0.0328257
0.0328256
0.0328321
0.0328496
0.032841
0.0317552
0.0329395
0.032585
0.0328981
0.0326717
0.0328711
0.0330047
0.0328731
0.0329323
0.0327728
0.0328323
0.0329383
0.0327933
0.032875
0.0328122
0.0329275
0.0328407
0.0329178
0.0328122
0.0328244
0.0329092
0.0329113
0.032859
0.0328258
0.0328278
0.0329061
0.0328331
0.0328369
0.0328498
0.0328838
0.0176184
0.0325798
0.0322895
0.0326648
0.0329662
0.0329058
0.0328098
0.0328332
0.0328563
0.0328572
0.0328632
0.0328542
0.032883
0.0328648
0.0328664
0.0328742
0.0328595
0.0328598
0.0328651
0.0328694
0.0328609
0.0328614
0.0328618
0.0328632
0.0328642
0.0328639
0.0328658
0.0328707
0.0328736
0.0328675
0.0337797
0.0328129
0.0326514
0.0327539
0.0326855
0.0327848
0.0330416
0.0328734
0.0327967
0.0329792
0.0329272
0.0329767
0.0329558
0.0328403
0.0329545
0.0328172
0.0329457
0.0329193
0.032835
0.0328182
0.0329275
0.0328434
0.0329211
0.0328749
0.0329183
0.0329152
0.0328915
0.0329097
0.0328542
0.0328703
0.0356087
0.0338171
0.0312915
0.0322394
0.032589
0.0326747
0.0327366
0.0329398
0.032816
0.0328767
0.0328579
0.0328484
0.0328559
0.0328672
0.0328568
0.0328807
0.0328564
0.0328566
0.0328562
0.0328584
0.0328574
0.032875
0.0328605
0.0328611
0.0328622
0.0328626
0.0328695
0.0328699
0.0328609
0.0335368
0.0327976
0.0331832
0.0329507
0.0327844
0.0328467
0.0329659
0.0330199
0.0329852
0.0328477
0.0327775
0.032775
0.032816
0.0329501
0.0328696
0.0328864
0.0329013
0.0328104
0.0329372
0.032933
0.0328153
0.0328884
0.03291
0.03292
0.0328462
0.0329146
0.0328955
0.0328527
0.0328361
0.00334479
0.0314643
0.032183
0.0325797
0.0329803
0.0328501
0.0328808
0.0329441
0.0328775
0.0329019
0.032892
0.032811
0.0329049
0.0328986
0.0328309
0.0328133
0.0328886
0.0328705
0.0329069
0.0328637
0.0328264
0.0328294
0.0328335
0.032885
0.0328516
0.0328346
0.0328852
0.0328791
0.032876
0.032848
0.0149684
0.0325694
0.0321721
0.032669
0.0328912
0.032879
0.0327119
0.0327405
0.0327761
0.0328949
0.0328627
0.0327823
0.0329394
0.0328419
0.0328631
0.0329096
0.032806
0.0328108
0.032848
0.0328781
0.032818
0.0328217
0.0328244
0.0328336
0.0328403
0.0328379
0.0328513
0.0328826
0.0328982
0.0328622
0.0317552
0.031927
0.0322258
0.0331932
0.032657
0.0327994
0.0329329
0.0328532
0.0328967
0.032894
0.0328472
0.0328518
0.032884
0.0328668
0.0328614
0.0328806
0.0328761
0.032877
0.0328798
0.0328787
0.0328774
0.0328774
0.0328768
0.0328638
0.0328758
0.0328697
0.0328672
0.032872
0.0328669
0.0328738
0.0329192
0.0331893
0.0331329
0.0326296
0.0330462
0.0327124
0.0327509
0.0328576
0.0329507
0.0329468
0.0328404
0.0328227
0.0328822
0.0329181
0.0328532
0.0328151
0.03285
0.0328814
0.0328213
0.0328413
0.0328389
0.0329055
0.0328342
0.0328537
0.0328355
0.0328741
0.0328738
0.0328409
0.0328783
0.0317552
0.0337432
0.0326046
0.0330325
0.0328199
0.0328162
0.0330196
0.0328667
0.0328382
0.0329513
0.0329555
0.0329035
0.0328981
0.0328749
0.0329193
0.0328703
0.0329121
0.032849
0.032921
0.0328294
0.0328918
0.0328834
0.0329073
0.0329056
0.0329058
0.0328405
0.0328809
0.0328978
0.0328441
0.0332142
0.0328087
0.0328059
0.0327415
0.0329373
0.0328095
0.0329148
0.0329232
0.0328035
0.0328554
0.0328966
0.0328804
0.0329122
0.0328505
0.032917
0.0328323
0.0328457
0.0328228
0.032919
0.0329175
0.0329125
0.0329091
0.0328563
0.0328384
0.0328409
0.0329013
0.0328951
0.0328982
0.0328961
0.0335368
0.0334184
0.0313574
0.0323002
0.0330493
0.0325772
0.0327174
0.0328517
0.0327297
0.0328418
0.0328159
0.0327956
0.0328407
0.0327984
0.032839
0.0327952
0.0327971
0.0329069
0.0328181
0.0328783
0.0328127
0.0328216
0.0328198
0.0328199
0.0328272
0.0328468
0.0328371
0.0325555
0.03324
0.0326944
0.0325192
0.0327672
0.0330042
0.0328362
0.0328063
0.0328234
0.0328962
0.03288
0.0329039
0.0328656
0.0328796
0.032809
0.0329848
0.032908
0.0329768
0.0329645
0.0328543
0.0329558
0.0328084
0.0329296
0.0328755
0.0329413
0.0328653
0.0328406
0.0329152
0.0328316
0.0329305
0.032929
0.0328911
0.032852
0.0328521
0.0328699
0.0328517
0.0328384
0.0328557
0.032877
0.0328377
0.0329077
0.0329111
0.0328332
0.0329076
0.0329066
0.0329092
0.0329079
0.032905
0.0328567
0.0328401
0.0328964
0.0328852
0.0328462
0.0328641
0.0329001
0.0328828
0.032433
0.0308512
0.0316544
0.033027
0.032961
0.032693
0.0327739
0.0328691
0.0328311
0.032824
0.0329103
0.0327855
0.0328026
0.0327949
0.0328024
0.0328085
0.0328805
0.0328091
0.0328769
0.0328394
0.0328817
0.0328279
0.0328278
0.0328235
0.0328258
0.0328291
0.0328644
0.0328938
0.0328573
0.0327536
0.0325287
0.0329052
0.032855
0.0326643
0.0330089
0.0327151
0.032747
0.0328448
0.0327869
0.0329122
0.0328987
0.0327777
0.0328117
0.032786
0.0328689
0.0327986
0.0329129
0.0328082
0.0328403
0.0328188
0.0328559
0.0328606
0.0328479
0.0328961
