0.0200534
0.020933
0.0208698
0.0194685
0.0192107
0.0188075
0.0185968
0.0186681
0.0193911
0.0182434
0.0193475
0.0186458
0.0186662
0.0192329
0.0184475
0.0184259
0.0190467
0.0190715
0.0190923
0.0188844
0.0186224
0.0185743
0.0185344
0.0187015
0.0189352
0.0189774
0.0189607
0.0189432
0.0168926
0.0198681
0.0179443
0.0192961
0.0190654
0.0186704
0.0186979
0.0186813
0.0187629
0.0188087
0.0187793
0.0187546
0.0187491
0.0187589
0.0187549
0.0187495
0.0187948
0.0187785
0.0187591
0.0187797
0.0187724
0.018755
0.01878
0.0187726
0.018789
0.0187784
0.0187574
0.01878
0.0206514
0.0171715
0.0192963
0.0184436
0.0191745
0.0184882
0.0189191
0.0186299
0.0186598
0.018713
0.018797
0.0188025
0.0187776
0.0188111
0.0187442
0.0187505
0.0188005
0.0187512
0.01878
0.0187495
0.0187815
0.0187743
0.0187565
0.018785
0.0187848
0.0187582
0.0206514
0.0172224
0.0192834
0.0180745
0.0189882
0.0185597
0.0191957
0.0187767
0.018832
0.0188937
0.0187262
0.0186955
0.0187297
0.0186459
0.0189048
0.0188369
0.0186732
0.0188488
0.0187336
0.0188608
0.0187316
0.0187585
0.01883
0.0187225
0.0187237
0.0188234
0.0140735
0.0200349
0.0194921
0.0169213
0.0190603
0.018586
0.018842
0.0182409
0.0186255
0.0190001
0.0191728
0.0184248
0.018621
0.0187476
0.0185331
0.0185001
0.0186012
0.0185314
0.0189979
0.0185471
0.0189519
0.0189232
0.0188062
0.0188536
0.0186083
0.0186289
0.0168278
0.0194946
0.0190477
0.0193424
0.0187928
0.0179325
0.0189794
0.019041
0.0181812
0.019289
0.0182686
0.0184677
0.0190948
0.0184035
0.018547
0.0191226
0.0184295
0.0187205
0.0185329
0.0189134
0.0185152
0.018589
0.0187263
0.0188003
0.0186337
0.0188445
0.0187015
0.0188024
0.0166839
0.0184815
0.018383
0.0187024
0.0191497
0.018713
0.0186648
0.0188638
0.0187076
0.0187703
0.0187543
0.0188041
0.0187115
0.0187862
0.0187197
0.0187231
0.0187376
0.0187496
0.018808
0.0188142
0.0187974
0.0187971
0.0187626
0.0188036
0.0187553
0.0187531
0.0187797
0.0187548
0.0187987
0.0254376
0.0229335
0.0207412
0.0205009
0.0192032
0.0185418
0.018035
0.0190008
0.0189849
0.0193799
0.0192021
0.019275
0.018622
0.018591
0.0192076
0.0186765
0.0190012
0.0191545
0.0184911
0.0191116
0.0187437
0.0187081
0.018548
0.0190468
0.018609
0.0186422
0.0189101
0.0189845
0.018615
0.0156834
0.0215587
0.0197142
0.0179839
0.0187213
0.0183372
0.0188822
0.0188586
0.0189305
0.0187576
0.0188468
0.0187359
0.0188593
0.0187969
0.0187728
0.0187231
0.0188297
0.0187779
0.0187231
0.0187249
0.0188208
0.0188122
0.0187814
0.0187348
0.0187628
0.0187411
0.0188012
0.0187574
0.0187415
0.0174487
0.0229845
0.0172874
0.0182317
0.0187778
0.0185282
0.0180061
0.0184394
0.019494
0.018343
0.0181975
0.0182866
0.0184368
0.018778
0.0191096
0.0183394
0.0187266
0.0183916
0.0191405
0.0186907
0.0186197
0.0188059
0.0185113
0.0185865
0.0187011
0.0185569
0.0189563
0.0185454
0.0188632
0.0189589
0.0104183
0.0205624
0.0171878
0.0189735
0.0186012
0.0182009
0.0193778
0.0184299
0.0186282
0.0189616
0.0190721
0.0185612
0.0184849
0.0190501
0.0186931
0.0190113
0.0190264
0.018996
0.018758
0.0189592
0.0185926
0.0189595
0.0185877
0.0186576
0.0188947
0.018696
0.0186742
0.018877
0.0166839
0.0193982
0.0176853
0.0186972
0.0188834
0.0191698
0.0182036
0.0186628
0.0187994
0.0186291
0.0187566
0.0190825
0.018387
0.0189215
0.0184257
0.0184544
0.0185396
0.0186295
0.0190012
0.0190241
0.0189398
0.0189353
0.0187169
0.0189666
0.0186666
0.0186522
0.0188248
0.0186635
0.0189325
0.0234749
0.0173391
0.0195568
0.019613
0.018488
0.0187418
0.0185999
0.0185844
0.0186083
0.0186777
0.0188209
0.0188397
0.0187445
0.0187355
0.0187376
0.0188282
0.0187712
0.0188222
0.0187659
0.0187799
0.0187921
0.0187388
0.0187652
0.0187846
0.0187982
0.018773
0.0187675
0.0187575
0.0158045
0.016837
0.0177943
0.017639
0.0187149
0.0185362
0.018979
0.0186415
0.0192954
0.0184853
0.0191802
0.0187962
0.0185929
0.0189921
0.0185477
0.0187304
0.0190265
0.0186111
0.0188823
0.0189744
0.0189921
0.018787
0.0189413
0.0186374
0.0188745
0.0189382
0.0186275
0.018897
0.0189187
0.0189092
0.0228758
0.0172833
0.0194182
0.0199286
0.0188442
0.018767
0.0182401
0.0187692
0.0187268
0.0187253
0.0191963
0.0189959
0.019079
0.0184505
0.0187482
0.0184899
0.0186914
0.0189758
0.0186798
0.018993
0.0189861
0.0188645
0.0189155
0.0186535
0.0188799
0.0186267
0.0187029
0.0188813
0.0187733
0.0204805
0.0197998
0.0203907
0.0184261
0.0186583
0.018576
0.0186187
0.0186961
0.0188862
0.0191577
0.0185724
0.0191074
0.0190606
0.018469
0.0185002
0.0188389
0.0190458
0.0190297
0.0185385
0.0189106
0.0186875
0.0185826
0.0189677
0.018596
0.0188956
0.0188113
0.0189332
0.0188582
0.0186336
0.0216893
0.0172812
0.0194863
0.0196783
0.0186237
0.0194156
0.0186799
0.0184861
0.0192686
0.0184238
0.0189106
0.0183734
0.018461
0.0184185
0.0184327
0.0184546
0.0186119
0.0189912
0.0186166
0.018772
0.0185524
0.0189447
0.0187732
0.0186872
0.0185984
0.0185783
0.0186534
0.0189457
0.0186758
0.0173263
0.0172045
0.0228516
0.017108
0.0190344
0.0186332
0.0191466
0.0199482
0.018961
0.019506
0.0195908
0.0187366
0.0194755
0.0194126
0.0194014
0.0186956
0.0183857
0.0189169
0.0192605
0.0188692
0.0183663
0.0191324
0.0188191
0.0190189
0.0190701
0.0191434
0.0186618
0.0188313
0.0191143
0.0191015
0.0191026
0.0186102
0.0190856
0.0190553
0.0190211
0.018964
0.0185384
0.0190265
0.0187316
0.0190225
0.018529
0.0189765
0.0185784
0.0185518
0.018977
0.0185641
0.0188854
0.0189779
0.018617
0.0186768
0.0188882
0.0186092
0.0188101
0.0187066
0.0188489
0.0189157
0.0188003
0.0186399
0.0189113
0.0186459
0.0112884
0.0151005
0.0179532
0.01787
0.0187208
0.0182916
0.0187105
0.0189978
0.018698
0.0190207
0.0189045
0.0190636
0.0190286
0.0190479
0.0185423
0.0188958
0.0190087
0.0185451
0.0189728
0.0187567
0.0185814
0.018603
0.0186091
0.0189411
0.0187792
0.0188049
0.0187541
0.0189358
0.0165516
0.0179758
0.0188759
0.0187051
0.0184373
0.0189094
0.0184258
0.0181866
0.0193008
0.0190836
0.0185929
0.0184937
0.0190251
0.0184014
0.0184192
0.0189889
0.018815
0.0184705
0.0186848
0.0185241
0.0189498
0.0185419
0.0189225
0.0186042
0.0189636
