0.0264671
0.0261267
0.0251769
0.0253116
0.025189
0.0252569
0.0252797
0.0251798
0.0253652
0.0253325
0.0253481
0.0253306
0.0253305
0.025301
0.0253039
0.0253168
0.0253094
0.0252756
0.0252259
0.025299
0.0252877
0.025227
0.0252974
0.0252965
0.0252701
0.0252887
0.025277
0.0252412
0.0253728
0.0255333
0.0252989
0.0253668
0.0252957
0.0252928
0.0252854
0.025277
0.0252629
0.0252586
0.0252598
0.0252553
0.0252596
0.0252548
0.0252552
0.0252626
0.0252574
0.0252623
0.02526
0.0252558
0.0252585
0.0252562
0.0252565
0.0252572
0.0252614
0.025257
0.0252609
0.0252595
0.0254988
0.0254283
0.0253302
0.025224
0.0251974
0.0252671
0.0252372
0.0252565
0.0252779
0.0252509
0.0252586
0.0252624
0.0252571
0.0252629
0.0252628
0.0252629
0.0252626
0.0252619
0.0252627
0.0252611
0.0252597
0.0252625
0.0252614
0.0252595
0.025257
0.0252566
0.0252566
0.0252583
0.02526
0.0254988
0.025428
0.0252923
0.0251747
0.0252169
0.0252298
0.0252638
0.02529
0.0252603
0.0252765
0.0252287
0.0252353
0.0252673
0.0252378
0.0252383
0.0252396
0.0252504
0.0252522
0.0252458
0.0252541
0.0252597
0.0252465
0.0252521
0.0252595
0.0252679
0.025269
0.0252689
0.0252632
0.0252571
0.0225021
0.0251526
0.0245636
0.0248162
0.0250129
0.0253109
0.0250483
0.0251214
0.0252165
0.0251565
0.0251761
0.0252032
0.0251975
0.0252143
0.025197
0.0252038
0.0252899
0.0252738
0.0252774
0.0252177
0.0252229
0.0252171
0.0252592
0.0252344
0.0252251
0.0252343
0.0252287
0.0248132
0.0249941
0.0251456
0.0253393
0.0253755
0.0252817
0.0251556
0.0252236
0.0252001
0.0252347
0.0251956
0.0252212
0.0252025
0.0252036
0.0252748
0.0252185
0.0252402
0.0252257
0.0252895
0.0252491
0.0252382
0.0252631
0.0252245
0.0252274
0.0252813
0.0252491
0.0252467
0.0252338
0.0252607
0.0252669
0.0249199
0.024392
0.0248758
0.0253317
0.0253625
0.0251897
0.0252733
0.0252694
0.0252711
0.0252667
0.0252413
0.0252597
0.0252523
0.0252574
0.0252509
0.0252489
0.0252578
0.0252582
0.0252648
0.0252522
0.0252611
0.0252586
0.0252545
0.0252539
0.0252619
0.0252636
0.0252618
0.025255
0.0252585
0.0264787
0.0250558
0.0255295
0.0252865
0.0252492
0.0252451
0.0253898
0.0252253
0.0252827
0.0252351
0.0253436
0.0252059
0.0253062
0.0253323
0.0252048
0.0252036
0.0253204
0.0252518
0.0252818
0.0253061
0.0252494
0.0253012
0.0253013
0.0252992
0.0252942
0.0252332
0.025287
0.0252587
0.0252903
0.0252751
0.0259207
0.0242938
0.0258416
0.0252388
0.0251685
0.0253572
0.0251546
0.0252083
0.0252294
0.0252174
0.0252552
0.0252572
0.0252576
0.025244
0.0252415
0.0252491
0.0252453
0.0252654
0.0252609
0.0252565
0.0252597
0.025251
0.0252501
0.0252508
0.025259
0.0252515
0.0252589
0.0259524
0.0254593
0.0253006
0.0253192
0.0252613
0.0251274
0.0253105
0.0251656
0.0252196
0.0252581
0.0252858
0.0252054
0.0251918
0.0252656
0.0253222
0.0252647
0.0252969
0.025241
0.0252592
0.0252205
0.0252161
0.025252
0.0253008
0.0252395
0.025285
0.0252387
0.025287
0.0252869
0.0252886
0.0252649
0.0256476
0.0253648
0.0255123
0.0254685
0.0250768
0.0251161
0.0251973
0.0251754
0.0252609
0.0252001
0.025273
0.0252996
0.025271
0.0252157
0.0252108
0.025264
0.0252674
0.0252259
0.0252712
0.0252689
0.0252802
0.0252767
0.0252469
0.0252686
0.0252605
0.025234
0.0252626
0.0252625
0.0256216
0.0255449
0.0252566
0.0251927
0.025202
0.0252394
0.0251454
0.0251998
0.0252384
0.0252097
0.0252277
0.0252614
0.0252239
0.0253054
0.0252642
0.0252048
0.0252082
0.0252198
0.0252632
0.0252329
0.0252216
0.0252907
0.0252752
0.025278
0.0252346
0.0252289
0.0252329
0.0252715
0.0252362
0.0250903
0.0238027
0.0256146
0.0253883
0.0254686
0.0253416
0.0252017
0.0252881
0.0252684
0.0252771
0.0252724
0.025264
0.0252613
0.0252644
0.0252693
0.0252671
0.0252663
0.0252664
0.0252662
0.0252656
0.0252649
0.0252568
0.025265
0.025265
0.0252638
0.0252642
0.0252641
0.0252636
0.0252632
0.0252627
0.0256297
0.0253605
0.0251619
0.025376
0.0253325
0.0252308
0.0252599
0.0252691
0.0251766
0.0252616
0.0252283
0.0251998
0.0252058
0.0252624
0.0252157
0.0252264
0.025275
0.0252213
0.0252328
0.0252595
0.0252609
0.0252315
0.0252312
0.0252456
0.0252369
0.025235
0.0252744
0.0252393
0.0252731
0.0255133
0.0251713
0.0253491
0.025354
0.0253045
0.0253707
0.0252943
0.025215
0.0253267
0.0253
0.025319
0.0253171
0.0252845
0.0252921
0.0252862
0.025289
0.0252972
0.0252986
0.0252945
0.0252476
0.0252919
0.0252898
0.025261
0.02525
0.0252782
0.0252633
0.0252812
0.0252782
0.0250326
0.025012
0.0253915
0.0254238
0.0251936
0.0252792
0.0253663
0.025273
0.0252176
0.0252846
0.0252575
0.0253155
0.0252296
0.0252959
0.025277
0.0252398
0.025292
0.0252919
0.0252302
0.0252961
0.0252573
0.0252402
0.0252345
0.025287
0.0252726
0.0252754
0.025281
0.0252645
0.0252439
0.0261231
0.0251116
0.0253108
0.0249968
0.0249388
0.0253166
0.0250941
0.02516
0.0251678
0.025208
0.0253066
0.0252415
0.0251769
0.0251733
0.0252443
0.0251984
0.0251924
0.0252395
0.0252802
0.0252905
0.0252618
0.0252144
0.0252116
0.0252146
0.0252845
0.0252241
0.0252216
0.0252236
0.0251098
0.0249383
0.0257984
0.0259346
0.0251507
0.0257023
0.0254454
0.0252799
0.025356
0.025236
0.0251985
0.0253165
0.0253764
0.0253147
0.0251988
0.0253447
0.0253154
0.0252914
0.0253262
0.0252244
0.0252374
0.0252513
0.0253237
0.0252404
0.025228
0.0252999
0.0252897
0.0252327
0.0253088
0.0252337
0.0253126
0.0252221
0.0252487
0.0253015
0.025304
0.0252944
0.025303
0.0252717
0.0253012
0.0252905
0.0252796
0.0252934
0.0252968
0.0252915
0.0252314
0.0252609
0.0252644
0.0252329
0.0252509
0.0252889
0.025288
0.0252746
0.0252548
0.0252401
0.0252821
0.0252425
0.0252849
0.0252841
0.0252395
0.02344
0.0231661
0.0252974
0.0255456
0.0251429
0.0252232
0.0250609
0.025102
0.0252362
0.0252335
0.0251708
0.0252563
0.0253035
0.0252472
0.02521
0.0252547
0.0252213
0.0252049
0.0252691
0.0252851
0.025287
0.025263
0.0252844
0.0252359
0.0252461
0.0252789
0.0252282
0.0252272
0.0252568
0.0252335
0.0253098
0.0244189
0.0250622
0.0252526
0.025354
0.0253208
0.025127
0.0252296
0.0253122
0.0251734
0.0251902
0.0253054
0.0251807
0.0252149
0.0252103
0.0252073
0.0252993
0.0252948
0.0252069
0.0252257
0.0252411
0.0252403
0.02528
0.025275
0.0252644
0.025238
0.0252684
