0.0264306
0.0278956
0.0268509
0.0276651
0.0270606
0.0263667
0.0263884
0.0272922
0.026858
0.026553
0.0271734
0.0268644
0.0266439
0.0266562
0.0270848
0.02676
0.0270584
0.0270592
0.0270509
0.0266822
0.0270299
0.027008
0.026689
0.0268786
0.0269143
0.0266997
0.0268349
0.0268468
0.026992
0.0267483
0.0267925
0.0267576
0.0267456
0.0269679
0.0268419
0.0267696
0.0268602
0.0268736
0.0269238
0.0269202
0.0269477
0.0269537
0.026933
0.026794
0.0267699
0.0268679
0.0269368
0.0269367
0.0267736
0.0269214
0.026776
0.0268125
0.0267864
0.0269256
0.0269199
0.026805
0.0267849
0.0268557
0.0269142
0.0269012
0.0278101
0.0269348
0.026474
0.0264812
0.0270216
0.0270075
0.0267026
0.0267823
0.0269085
0.0267624
0.0268572
0.0268569
0.0267929
0.0268074
0.026883
0.0268773
0.0268435
0.0268304
0.0268476
0.0268668
0.0268363
0.0268423
0.0268445
0.0268608
0.0268594
0.02684
0.0268402
0.0268417
0.0268515
0.0268585
0.0268518
0.0268504
0.0268493
0.0268521
0.0268569
0.0268431
0.0268569
0.0268537
0.0268448
0.0268575
0.0268531
0.0268437
0.0268566
0.0268442
0.0268521
0.0268518
0.0268488
0.0268453
0.0268497
0.026854
0.0268562
0.0268525
0.0268468
0.0268459
0.0268506
0.0268481
0.0271978
0.0273506
0.0265177
0.0266752
0.0269699
0.0269444
0.0268357
0.0268381
0.0268518
0.026833
0.0268355
0.0268624
0.0268611
0.0268412
0.0268596
0.0268558
0.0268398
0.0268458
0.0268456
0.0268485
0.0268504
0.0268426
0.0268484
0.0268537
0.0268437
0.0268561
0.026845
0.0268554
0.0271978
0.0273332
0.0265494
0.0267036
0.0269094
0.0268959
0.0267535
0.0268592
0.0267786
0.0268932
0.026895
0.0268193
0.0268219
0.0268831
0.026806
0.0268382
0.0268863
0.0268711
0.0268713
0.0268617
0.0268548
0.0268786
0.0268611
0.0268407
0.0268753
0.0268303
0.0268713
0.0268334
0.0253849
0.0275534
0.0262319
0.0272475
0.0267443
0.0269329
0.0269352
0.02693
0.026848
0.0268659
0.026864
0.0267574
0.0269206
0.026914
0.0267438
0.0267364
0.026915
0.0269308
0.0267544
0.0268505
0.0268176
0.0268984
0.0268104
0.0268041
0.0267836
0.0268868
0.0268203
0.0268372
0.0268023
0.0275057
0.0263809
0.0270032
0.0268029
0.0272279
0.026524
0.0268565
0.0269262
0.0266713
0.0269765
0.0268858
0.0267507
0.0267747
0.0268051
0.026956
0.0268982
0.0267444
0.026824
0.0267884
0.0267581
0.0268352
0.0267851
0.0268176
0.0268999
0.0269187
0.0267834
0.0268453
0.0268124
0.0268792
0.0276049
0.0258965
0.0261437
0.0269041
0.0269795
0.0269611
0.0268239
0.026865
0.0268276
0.0268425
0.0268559
0.0268754
0.0268211
0.0268321
0.026832
0.0268283
0.0268638
0.0268656
0.0268341
0.0268619
0.0268451
0.0268491
0.0268581
0.0268397
0.0268455
0.0268408
0.0268477
0.0268577
0.026841
0.0268432
0.026269
0.0292205
0.0267857
0.0264399
0.0266157
0.0268932
0.0267633
0.0269968
0.0265512
0.0267503
0.0268701
0.0268791
0.026664
0.0268123
0.0270863
0.0266254
0.0270646
0.026808
0.0266927
0.0269322
0.0266659
0.0267462
0.0268189
0.0268536
0.0267294
0.0267552
0.0268077
0.0270049
0.0267863
0.0267073
0.0269852
0.0267476
0.0268081
0.0267226
0.0267299
0.0268915
0.0269394
0.0267399
0.0267833
0.0268043
0.0269591
0.0268107
0.0268236
0.0269484
0.026885
0.0267879
0.0269397
0.0269008
0.0268721
0.0269034
0.0269306
0.0268203
0.0267907
0.0267761
0.0269072
0.0268762
0.0269171
0.0268911
0.0269173
0.0198066
0.0260337
0.0276646
0.0267361
0.027141
0.0266616
0.0266925
0.0268997
0.0268718
0.0267511
0.0268523
0.0268507
0.0268128
0.0268528
0.0268186
0.0268561
0.0268432
0.0268442
0.0268302
0.0268308
0.0268592
0.0268483
0.0268334
0.0268372
0.0268361
0.0268375
0.0268379
0.026838
0.0268401
0.0261284
0.0274816
0.0270171
0.026481
0.0270742
0.0269933
0.0269199
0.0273085
0.0272592
0.026801
0.0268717
0.0265438
0.026642
0.0265805
0.0270119
0.0270204
0.0267288
0.0266351
0.0267297
0.0266766
0.0268733
0.02688
0.0268797
0.0268119
0.0270153
0.0269235
0.026718
0.0267011
0.0267077
0.0269881
0.0269912
0.026919
0.0267274
0.0269641
0.0267262
0.0269696
0.0269173
0.0269657
0.0267626
0.0267605
0.0267573
0.026747
0.0269216
0.0269391
0.0267591
0.0269441
0.026787
0.0268298
0.0269348
0.026939
0.0269337
0.026835
0.026865
0.0269263
0.0268134
0.0267786
0.0269211
0.0268574
0.0269038
0.024763
0.0266628
0.0254791
0.0268913
0.0267815
0.0270268
0.0268515
0.0266211
0.0268588
0.0268393
0.0268783
0.0269452
0.0267514
0.0268338
0.0267501
0.0267617
0.0268696
0.0269183
0.0267803
0.0269111
0.0269185
0.026786
0.0268636
0.0268008
0.026795
0.0269025
0.0268315
0.0268089
0.0268183
0.0268926
0.0275953
0.0259974
0.0262528
0.0270898
0.0269419
0.0271158
0.0268477
0.0267353
0.0266876
0.0268938
0.0269396
0.0269895
0.0267059
0.0267326
0.0267354
0.0267292
0.0269382
0.0269467
0.0267526
0.0269234
0.0268098
0.026837
0.0268975
0.0267813
0.0268158
0.0267892
0.0268305
0.0268948
0.0267915
0.0268038
0.0246823
0.0259692
0.0266101
0.0272123
0.0266193
0.026848
0.0269779
0.0268362
0.0268479
0.0268388
0.0268509
0.026872
0.0268553
0.026866
0.026865
0.0268642
0.0268382
0.0268641
0.0268492
0.0268632
0.0268476
0.0268432
0.0268542
0.0268608
0.026861
0.0268409
0.0268572
0.0268477
0.0268574
0.0240264
0.0266712
0.0267235
0.0262696
0.0267891
0.0268276
0.0266031
0.0268527
0.0268293
0.0268951
0.0267718
0.026717
0.0269245
0.0267363
0.0267933
0.0267628
0.0267733
0.0267844
0.0269145
0.0267726
0.0267953
0.0267823
0.0268134
0.0268336
0.0268097
0.0268971
0.0267951
0.0268327
0.0268633
0.0268802
0.0262269
0.0303383
0.0269357
0.0264838
0.0268529
0.0272969
0.026604
0.0267057
0.0271521
0.0265369
0.0271216
0.0270075
0.0266798
0.0268504
0.0270349
0.026817
0.02678
0.0269629
0.0267306
0.0267339
0.0268811
0.0267429
0.0268268
0.026896
0.0268832
0.0268383
0.0268034
0.0269104
0.0269026
0.0268693
0.0268681
0.0269495
0.0268286
0.0268289
0.0268722
0.0267711
0.0269274
0.0268785
0.0267792
0.0268661
0.0269233
0.0269195
0.02692
0.0268998
0.0268445
0.0269104
0.0269132
0.0268382
0.0268818
0.0268216
0.0269005
0.0268515
0.0269049
0.0268782
0.0268238
0.0268996
0.0268683
0.026863
0.02684
0.0262314
0.0298603
0.0272084
0.027907
0.026835
0.0269053
0.0269689
0.0267308
0.0267568
0.0268426
0.0268875
0.0268744
0.0268614
0.0268549
0.0266669
0.0270295
0.0269596
0.0267499
0.0269955
0.0269965
0.0268988
0.0268703
0.0269842
0.0269717
0.0268036
0.0268275
0.02686
0.0269553
0.0269579
0.0267888
0.0268847
0.0269229
0.0269192
0.0268935
0.0269389
0.0268607
0.0267858
0.0269332
0.0268739
0.0268315
0.0268979
0.0267912
0.0268826
0.0269124
0.026911
0.0267963
0.0268301
0.0269136
0.026911
0.0268866
0.0269013
0.026861
0.0268993
0.0268506
0.0268103
0.0268972
0.0268646
0.0268976
0.0288697
0.0231625
0.0245262
0.0252903
0.0268018
0.0273008
0.0264538
0.0265318
0.0268582
0.0267257
0.0268657
0.026851
0.0267557
0.0268552
0.0268447
0.0268759
0.0268147
0.0268246
0.0268039
0.0268067
0.026813
0.0268199
0.0268543
0.0268585
0.0268419
0.0268244
0.0268682
0.0268271
0.0228233
0.0263562
0.0268396
0.0269738
0.0270506
0.0268007
0.0267364
0.0268511
0.0269287
0.0268466
0.0267439
0.0267159
0.0267236
0.0268663
0.026714
0.0267266
0.0269041
0.0267391
0.0267449
0.0269021
0.0267661
0.0267954
0.0268944
0.0268615
0.0267826
0.0268347
0.0268253
0.0298434
0.0248983
0.0281464
0.0258278
0.0261757
0.0262653
0.0265625
0.0266954
0.026707
0.0268344
0.0268736
0.0267868
0.0269453
0.0269048
0.0269292
0.0269265
0.026908
0.0268966
0.0269154
0.0268896
0.0268949
0.0268345
0.0268926
0.0268441
0.0268977
0.0268915
0.0268947
0.0268739
0.0268917
0.0273435
0.0267376
0.0282431
0.027088
0.0270779
0.0265966
0.0268098
0.0266983
0.0267548
0.0267843
0.0267472
0.0269669
0.0268614
0.0268705
0.0268256
0.0268332
0.0270079
0.0267757
0.0267214
0.0269638
0.026971
0.0267864
0.0267327
0.0268392
0.0269547
0.0269118
0.026954
0.0267475
0.0267992
0.0269549
0.0267511
0.0269371
0.0269297
0.0268146
0.0269435
0.0269133
0.0268096
0.0269388
0.0268632
0.0268877
0.0267915
0.0268726
0.026923
0.0269219
0.0269205
0.0268291
0.0269184
0.026914
0.026913
0.0269115
0.0267981
0.0268648
0.0267984
0.0268107
0.0268744
0.0268202
0.026882
0.025101
0.0270879
0.0263299
0.027089
0.0268561
0.0267476
0.026846
0.026899
0.0268328
0.0267736
0.0267214
0.026873
0.0268837
0.0268813
0.0269333
0.0267969
0.0268721
0.0268997
0.026785
0.0267927
0.0267807
0.0269012
0.0267926
0.0267923
0.0267931
0.0267964
0.0266529
0.0258715
0.0270983
0.0270267
0.0265497
0.0268382
0.0267476
0.0269996
0.0266317
0.0269196
0.0266612
0.0268182
0.0269369
0.0267414
0.0267142
0.0268892
0.0267585
0.026885
0.0267365
0.0267444
0.0269404
0.0267503
0.0268089
0.0269122
0.0268199
0.0268733
0.0267732
0.0268943
0.0269043
