0.0358022
0.0326826
0.0330682
0.0323616
0.0326331
0.0333635
0.0327501
0.0332667
0.0328786
0.0327097
0.0330883
0.0327327
0.0327083
0.0329659
0.0328704
0.0329032
0.0329308
0.032833
0.0330303
0.0327438
0.0329369
0.0330122
0.0329658
0.0329441
0.0329955
0.0329447
0.0329894
0.0329878
0.0329768
0.0329641
0.03297
0.0327912
0.032961
0.0328706
0.032822
0.0328005
0.0329595
0.0328913
0.0328082
0.0329148
0.0328279
0.0329538
0.0329239
0.0328971
0.0328334
0.0329337
0.0328806
0.0329069
0.032841
0.0328942
0.032938
0.0329323
0.0328499
0.0329174
0.032927
0.0329308
0.0329178
0.0329241
0.0328767
0.0329262
0.0394287
0.0323754
0.03331
0.0333002
0.0325955
0.0326316
0.0330137
0.0327578
0.0329233
0.0328718
0.0329201
0.0329004
0.0328546
0.0328818
0.0328788
0.0328624
0.0328887
0.0328889
0.0328708
0.0328897
0.0328829
0.0328902
0.0328712
0.0328746
0.0328857
0.0328744
0.0328741
0.032884
0.0328727
0.0328721
0.0328849
0.0328849
0.0328765
0.0328744
0.0328831
0.0328812
0.0328749
0.0328761
0.0328734
0.0328758
0.0328745
0.0328805
0.0328832
0.0328767
0.032875
0.0328831
0.0328819
0.0328801
0.0328815
0.0328752
0.0328774
0.0328753
0.0328798
0.0328766
0.0328786
0.032876
0.0330736
0.0321488
0.0327027
0.0327627
0.0328218
0.0329703
0.0328421
0.0328818
0.032855
0.0328869
0.0328877
0.032868
0.0328685
0.0328857
0.0328721
0.0328858
0.0328705
0.0328858
0.0328709
0.0328819
0.0328851
0.0328728
0.0328747
0.0328799
0.0328801
0.0328791
0.0328808
0.0329394
0.0319868
0.0327623
0.0327746
0.0328293
0.0329322
0.0328909
0.0328214
0.0328941
0.0328363
0.0328416
0.03291
0.0329153
0.0328428
0.0329031
0.032845
0.0329078
0.0328494
0.0329063
0.0328729
0.0328558
0.0329015
0.0328959
0.0328777
0.032877
0.0328806
0.032874
0.0264447
0.0338075
0.0333873
0.0321312
0.0331061
0.0329859
0.0328576
0.0327988
0.0327019
0.0328349
0.0328845
0.0328541
0.032765
0.0327708
0.0328434
0.0328128
0.0329411
0.03281
0.0329253
0.0329328
0.0328174
0.0328869
0.0329168
0.0328246
0.032868
0.0328602
0.0328332
0.0328383
0.032838
0.0328973
0.032495
0.0330389
0.0330113
0.0329226
0.0327635
0.0328757
0.0330078
0.0327274
0.0327725
0.0329891
0.032778
0.0327726
0.0329193
0.0328632
0.0328891
0.0328214
0.0328653
0.0328025
0.0328335
0.0329429
0.0328392
0.0329294
0.0328613
0.0329031
0.0329263
0.0329094
0.0328897
0.0328643
0.0328617
0.0288919
0.0328965
0.0327618
0.0329972
0.0327008
0.0328712
0.0328318
0.0329272
0.0328266
0.0328883
0.0328496
0.0328855
0.0328723
0.0328811
0.0328829
0.032863
0.0328855
0.0328905
0.0328681
0.0328696
0.0328681
0.032871
0.0328879
0.0328847
0.0328808
0.0328857
0.0328769
0.032885
0.0328727
0.0330934
0.0339511
0.0328408
0.0328988
0.0329557
0.0330181
0.0326125
0.032848
0.0331164
0.0331059
0.0331051
0.0329663
0.0328428
0.0327379
0.0329756
0.0330424
0.0327352
0.0327819
0.0328173
0.0328976
0.0327859
0.0330011
0.0327697
0.0329534
0.0329911
0.0329827
0.0328637
0.0328187
0.0329784
0.0329686
0.0329719
0.0328139
0.0329186
0.0328055
0.0329072
0.0328833
0.0328927
0.032853
0.0328082
0.032948
0.0329398
0.032869
0.0328638
0.0328648
0.0329421
0.0329279
0.0328224
0.0328457
0.0329381
0.0329335
0.032916
0.0329191
0.0329199
0.0329243
0.032928
0.0325273
0.031226
0.032941
0.0331098
0.032429
0.0328148
0.0328084
0.0329806
0.0328093
0.0329074
0.0328815
0.0328647
0.0328472
0.0328922
0.0328507
0.0328536
0.0328826
0.0328615
0.0328874
0.0328668
0.0328778
0.0328669
0.0328671
0.0328717
0.0328859
0.0328685
0.0328688
0.0328719
0.0328719
0.0340647
0.0336027
0.03285
0.0326214
0.0327804
0.0328509
0.0328521
0.032794
0.0331814
0.032762
0.0328436
0.0331019
0.0329808
0.0328292
0.0327031
0.0330118
0.0328624
0.0329684
0.032727
0.0330093
0.0330114
0.0327984
0.0329876
0.0329832
0.0329683
0.0327673
0.0329866
0.0329027
0.0329604
0.0329811
0.032942
0.0327898
0.0329726
0.0328626
0.0329679
0.0329661
0.0328249
0.0328503
0.0329572
0.0329224
0.0328179
0.0329005
0.0329326
0.0328148
0.0329475
0.0328181
0.0329047
0.0329089
0.0328298
0.0328437
0.0328527
0.0329318
0.0328348
0.0329068
0.0328962
0.0328319
0.0337167
0.033025
0.0328812
0.0327786
0.0329252
0.0328904
0.0328862
0.0328828
0.0329024
0.0329614
0.0328747
0.0328854
0.0327992
0.0329433
0.0329379
0.0328903
0.0328116
0.0328146
0.0328703
0.0328232
0.0328422
0.0328572
0.0329038
0.0328336
0.0329078
0.0328768
0.0328985
0.0329042
0.0328507
0.0291067
0.0328865
0.0325826
0.0328775
0.0325519
0.0327518
0.0329145
0.0330312
0.0327277
0.03287
0.0327606
0.0329442
0.032806
0.0328796
0.0329015
0.0327935
0.0329208
0.0329515
0.0328095
0.0328174
0.0328123
0.0328266
0.0329334
0.032914
0.0328885
0.0329193
0.0328637
0.032915
0.0328399
0.0335088
0.0320137
0.0324779
0.0328922
0.0330695
0.0328583
0.0328376
0.0328387
0.0329038
0.0328659
0.0328928
0.0328627
0.0328912
0.0328888
0.0328882
0.0328888
0.0328902
0.0328893
0.0328893
0.032889
0.0328692
0.0328885
0.0328742
0.0328872
0.0328869
0.0328816
0.0328766
0.0328729
0.0328843
0.0328803
0.032078
0.0332846
0.0327431
0.0324902
0.0328032
0.0327443
0.0327757
0.0327226
0.0328483
0.0329525
0.0328966
0.0328269
0.0328853
0.032796
0.0328054
0.0329434
0.0328062
0.0329167
0.0329153
0.0329036
0.0328325
0.0328278
0.032903
0.0328505
0.0328349
0.0329192
0.0328769
0.0329147
0.032843
0.0328461
0.0324256
0.0336151
0.0324997
0.0327525
0.0332535
0.0328857
0.0328815
0.0328554
0.0326933
0.032821
0.0329812
0.0329
0.0328383
0.0328918
0.0329636
0.032894
0.0329278
0.0327733
0.0327794
0.0329158
0.0329753
0.0328071
0.0329229
0.0329221
0.0329595
0.0329184
0.0329586
0.0328206
0.0328785
0.032929
0.0329564
0.032955
0.0328207
0.0328235
0.0329466
0.0329453
0.032924
0.0329113
0.0329085
0.0329278
0.0329326
0.0328372
0.0329212
0.0329234
0.0329315
0.0329064
0.0329292
0.032887
0.0329246
0.0328453
0.0328473
0.0328403
0.0329203
0.032855
0.0328494
0.0328892
0.0329167
0.0328515
0.0329089
0.0328796
0.0339945
0.032568
0.0331526
0.0333573
0.0325668
0.0331851
0.0327778
0.0327384
0.0328999
0.0327413
0.0330275
0.033054
0.0328609
0.0329012
0.0328619
0.0330344
0.0329404
0.0329691
0.032997
0.0329796
0.0329331
0.0329358
0.0329725
0.0328056
0.032843
0.0328091
0.0329608
0.0328058
0.032807
0.0329572
0.0329368
0.0328439
0.0328441
0.0329487
0.0329299
0.0329441
0.0329241
0.0328428
0.0329221
0.0329015
0.0328352
0.0329347
0.0329158
0.0329323
0.032849
0.0329258
0.0329083
0.0328394
0.0329258
0.0329242
0.0329046
0.032923
0.0329127
0.0329173
0.0328731
0.0329167
0.0328544
0.0328852
0.0328788
0.0313866
0.0344529
0.0326169
0.0320419
0.0334877
0.0326604
0.0327799
0.0326797
0.0326904
0.0327616
0.0328675
0.0328802
0.0328363
0.0328829
0.0328368
0.0328931
0.0328306
0.032839
0.0328416
0.0328527
0.0328962
0.0328473
0.0328554
0.0328558
0.032859
0.0328574
0.0328563
0.0328902
0.0328592
0.0328821
0.0215477
0.0332271
0.0323978
0.0329587
0.0328015
0.0327404
0.0328676
0.0326775
0.0329195
0.0327235
0.03276
0.0328922
0.0327883
0.0328249
0.0328214
0.0327874
0.0329398
0.0328901
0.0329215
0.0328008
0.0328266
0.0328116
0.0329192
0.0328371
0.032853
0.032844
0.0329186
0.0328926
0.0328315
0.031458
0.0349901
0.0303823
0.0332186
0.0331934
0.0327787
0.0330171
0.0329517
0.0328702
0.0329667
0.0329245
0.0329323
0.0329417
0.0328696
0.0329365
0.0329209
0.0329137
0.0329136
0.0328981
0.0329182
0.0329152
0.0329158
0.0329156
0.0329031
0.0328918
0.0326018
0.0331999
0.032755
0.0330236
0.0327461
0.0329768
0.0327174
0.0330401
0.0328263
0.0329862
0.0328783
0.0330553
0.0330728
0.0328912
0.0328963
0.0328024
0.0329334
0.0328686
0.0329534
0.0329963
0.0328123
0.0328125
0.0328918
0.0329813
0.0329713
0.0329749
0.0329523
0.0328642
0.0328954
0.032815
0.032939
0.0329487
0.0328795
0.0328713
0.0328741
0.032921
0.0328552
0.0329464
0.0329005
0.0328481
0.0329391
0.03286
0.0329078
0.0329226
0.0329098
0.0328695
0.032927
0.0329302
0.0329245
0.0328353
0.0328791
0.0328807
0.0328619
0.032907
0.0328484
0.0328484
0.0329178
0.032917
0.0328884
0.0317951
0.0326126
0.0334566
0.0326441
0.0331177
0.0325991
0.0328845
0.0329968
0.0327023
0.0328945
0.0327581
0.0327585
0.0329514
0.0328605
0.0329518
0.0329221
0.0328127
0.0328019
0.0328976
0.032918
0.0329157
0.0329083
0.0329151
0.0328367
0.0328673
0.0329009
0.0328954
0.0328739
0.0328456
0.0317232
0.0320701
0.0320225
0.0328052
0.0329696
0.0330033
0.0326542
0.0330236
0.0329684
0.0329874
0.0327647
0.0327822
0.0329013
0.0327786
0.0327735
0.0328129
0.0328685
0.0328269
0.0328145
0.0329414
0.0328099
0.0329245
0.0329056
0.0328192
0.0328341
0.0328809
0.0328783
