0.02282
0.0321239
0.0215564
0.0245781
0.0232702
0.026008
0.0261581
0.0250116
0.0253442
0.0277371
0.0279552
0.0237162
0.0247916
0.0241013
0.0273377
0.025804
0.0237966
0.0258842
0.0238676
0.0269051
0.0244661
0.0274986
0.0261027
0.024496
0.0268069
0.0269393
0.0270893
0.0244762
0.0244788
0.0245109
0.0258397
0.0251506
0.0259904
0.0269975
0.0257412
0.0267074
0.0247261
0.0247169
0.026466
0.0267287
0.0259096
0.0260132
0.0257209
0.0267239
0.0249603
0.0259592
0.0263283
0.026617
0.0266098
0.0265901
0.0255417
0.025939
0.0251851
0.0265174
0.0255589
0.0254258
0.0264425
0.0264502
0.0257814
0.03313
0.0249636
0.0280538
0.0316768
0.0241695
0.0256744
0.0242337
0.0268743
0.0262657
0.0267175
0.025449
0.0259543
0.0253551
0.0256706
0.0254882
0.0255439
0.025587
0.025859
0.0260539
0.0259855
0.0256998
0.0258067
0.0259402
0.0257412
0.0258999
0.025895
0.0257719
0.0257296
0.0257256
0.0258638
0.0258696
0.0259043
0.0258358
0.0257334
0.0258979
0.0257476
0.025803
0.0258902
0.0257609
0.0258166
0.0257858
0.0258621
0.025766
0.0257648
0.0258343
0.0257961
0.0258808
0.0258061
0.0257813
0.0258452
0.0258582
0.0257835
0.0258794
0.0258612
0.0257763
0.0258221
0.0258467
0.0258413
0.0258025
0.0295264
0.0255168
0.0205627
0.0262792
0.0246619
0.02714
0.0260211
0.025793
0.0261015
0.0258763
0.0258775
0.0259318
0.025856
0.0256989
0.0256862
0.0259143
0.0259061
0.0257144
0.0258008
0.0257456
0.0257448
0.0259009
0.0258862
0.0257544
0.0257542
0.0257544
0.0258937
0.0258152
0.025818
0.025881
0.0281333
0.0255171
0.0194973
0.0262683
0.0250047
0.0267239
0.0259951
0.0266339
0.0254557
0.0259135
0.0251943
0.0253316
0.0258886
0.0262292
0.0262813
0.0253626
0.025562
0.0261971
0.0259682
0.0261173
0.026116
0.0255333
0.0256038
0.0260842
0.026084
0.0260795
0.0255721
0.0258795
0.0258684
0.0256239
0.0357248
0.0228125
0.0252341
0.0304167
0.0267589
0.0265581
0.027828
0.0276798
0.0249038
0.0271155
0.0256253
0.0264421
0.0256663
0.0246898
0.0260652
0.0257218
0.0253127
0.0250217
0.0263773
0.0250543
0.0258629
0.0258576
0.0262273
0.026445
0.0264018
0.0260715
0.0255348
0.0263212
0.0254553
0.00686821
0.0263046
0.0181524
0.0241638
0.0255816
0.0257153
0.0257145
0.0235432
0.0255609
0.0252112
0.0243643
0.0264066
0.0244193
0.0255315
0.0269704
0.0265289
0.0254268
0.0264025
0.0251692
0.0249444
0.025038
0.0260564
0.0265553
0.0257593
0.0261895
0.0254883
0.0261206
0.0260847
0.0172527
0.0318652
0.0210252
0.0285837
0.0249592
0.0259137
0.0263779
0.0249626
0.0258655
0.025555
0.025837
0.0260343
0.0258584
0.0256032
0.0258214
0.0257474
0.0258083
0.0259645
0.0259318
0.0259281
0.0259145
0.0257623
0.0257132
0.0257123
0.025784
0.0258722
0.0258132
0.0257402
0.0259104
0.0355783
0.0231675
0.0144041
0.0312385
0.0273825
0.0235192
0.0266962
0.023755
0.0228562
0.0258881
0.0259377
0.026984
0.0262695
0.0252091
0.0275394
0.0238605
0.0277119
0.02783
0.0242889
0.0245735
0.024054
0.0271242
0.0267165
0.0274473
0.0252782
0.0242721
0.0244892
0.0252612
0.0257379
0.0271693
0.0267248
0.0260227
0.0265432
0.025165
0.0261035
0.0248317
0.0248089
0.0269244
0.026891
0.0268045
0.0247842
0.0250691
0.0251857
0.0248811
0.0266353
0.0254916
0.025736
0.0266187
0.0263058
0.0266338
0.0263146
0.0261338
0.0256356
0.0261434
0.0254702
0.0264916
0.0255066
0.026485
0.0260807
0.00141719
0.030073
0.0173736
0.0288778
0.0254907
0.0274021
0.0263276
0.0252401
0.0256606
0.0261817
0.0259234
0.0258616
0.0257016
0.0255755
0.0258151
0.0260038
0.0259644
0.025816
0.0256401
0.0256647
0.02588
0.0259535
0.0258496
0.0257927
0.0259364
0.0257237
0.0257502
0.0258829
0.0259234
0.0257417
0.0308108
0.0208658
0.0203734
0.0139649
0.0227693
0.0263462
0.022096
0.0269869
0.0264437
0.0253418
0.0255612
0.0283194
0.026404
0.0237025
0.0236208
0.0280189
0.0249451
0.0276414
0.0243988
0.0238652
0.0276264
0.0242423
0.0273759
0.0241936
0.0241881
0.0251379
0.0263488
0.0246311
0.027254
0.0270682
0.0267049
0.0271619
0.0270802
0.025927
0.0265287
0.026178
0.0270073
0.0269354
0.0253057
0.0257674
0.0248298
0.0255988
0.026269
0.0252685
0.0260129
0.026668
0.0254969
0.0265499
0.0265096
0.0260213
0.0255593
0.0260926
0.0261176
0.0255035
0.0251757
0.0251437
0.0261359
0.0251793
0.0296335
0.0329288
0.0232604
0.030121
0.0267841
0.0283614
0.0274653
0.0240837
0.0260752
0.0254405
0.0251969
0.0250336
0.0268218
0.0262776
0.0262268
0.0266597
0.026632
0.0257552
0.0250308
0.0262858
0.0253727
0.0260994
0.0252715
0.0263691
0.0259062
0.0254462
0.0253479
0.0259399
0.0253832
0.0127728
0.0317722
0.0216704
0.0280814
0.0253875
0.0275174
0.0278679
0.0235829
0.0259665
0.024313
0.0251307
0.0270973
0.0258811
0.0246089
0.025648
0.0252205
0.0256092
0.0267322
0.0265158
0.0264842
0.0263922
0.0253941
0.0251327
0.0251327
0.0255406
0.0261101
0.0257301
0.0252942
0.0263432
0.0331422
0.0288597
0.0280102
0.0279033
0.0242503
0.0265256
0.025302
0.0254612
0.0257008
0.0258196
0.0258549
0.0259689
0.0256085
0.0256767
0.0259682
0.0257975
0.025767
0.0258941
0.0259419
0.0259427
0.0257756
0.0256971
0.025881
0.0259257
0.0257253
0.0257305
0.025882
0.0257425
0.0258824
0.022431
0.0273092
0.0248445
0.0260812
0.027542
0.0239891
0.0244038
0.0255135
0.024435
0.0246828
0.0252594
0.0252238
0.0267428
0.0248544
0.0249005
0.0254443
0.026168
0.0258385
0.026266
0.0256348
0.026435
0.0253159
0.0252268
0.0252667
0.0255348
0.0253234
0.0262184
0.0259547
0.0325315
0.0371318
0.0256893
0.0325187
0.0280371
0.0291666
0.0274097
0.0255372
0.0263359
0.0230336
0.0233804
0.0237719
0.0259217
0.0249698
0.0241567
0.0240361
0.026922
0.0249737
0.0244509
0.0257934
0.0268596
0.0251487
0.0264217
0.0269714
0.0267637
0.025016
0.0250091
0.0260467
0.0249411
0.0262059
0.0255647
0.0249003
0.0260462
0.0261946
0.0262123
0.0257755
0.0250188
0.0256857
0.0264961
0.0256663
0.026129
0.0250965
0.0256302
0.0262672
0.0253314
0.025195
0.0257863
0.0258777
0.0253126
0.0263536
0.0253929
0.0256733
0.0256228
0.0254493
0.0260429
0.0256572
0.0256582
0.0256952
0.0257812
0.0260312
0.0193201
0.0261898
0.0302318
0.0270937
0.03221
0.0281159
0.0212866
0.0265345
0.0263603
0.0283695
0.0245643
0.0259723
0.0258985
0.0258742
0.0264778
0.0275766
0.0241675
0.0259934
0.0254794
0.0271726
0.0248119
0.0266098
0.0249262
0.024617
0.0267236
0.0249425
0.0247542
0.0255005
0.0257042
0.025041
0.026523
0.0263017
0.0261329
0.0255447
0.0251868
0.0266847
0.0255675
0.0259751
0.0264291
0.0253864
0.0261967
0.0261528
0.0264728
0.0263275
0.0263483
0.0254253
0.0258628
0.0258623
0.0259858
0.0263336
0.026091
0.0252857
0.0255466
0.0255412
0.0261823
0.0253362
0.0254106
0.0262922
0.0296845
0.032699
0.0281807
0.0253416
0.024909
0.0256507
0.0244536
0.0258764
0.0249361
0.0250126
0.0254495
0.0259298
0.0255224
0.0254061
0.0258862
0.0258922
0.0261017
0.0255896
0.0258562
0.0259363
0.0256385
0.0260198
0.0258415
0.0258387
0.025823
0.0256263
0.0256609
0.0257491
0.0301325
0.0319095
0.0225915
0.0281317
0.0281897
0.0283404
0.02631
0.0273901
0.0261861
0.0265301
0.0264791
0.0253541
0.0269193
0.0268444
0.0250791
0.0248888
0.0267144
0.0267397
0.0250058
0.0261686
0.0258172
0.0265123
0.0256899
0.0256106
0.0252621
0.0263707
0.0257463
0.0259121
0.0254749
0.0370767
0.0227593
0.0225027
0.0259134
0.0221343
0.0269398
0.025025
0.0251827
0.0254986
0.0263016
0.0250716
0.0253307
0.0256111
0.0252372
0.0263371
0.0253114
0.0254814
0.0261247
0.0260739
0.0256394
0.0260568
0.0259204
0.0259143
0.0260781
0.0255311
0.0259474
0.0260324
0.0255163
0.0259268
0.0287834
0.0294614
0.0300586
0.0194915
0.0288863
0.0271528
0.0302868
0.0222334
0.0249494
0.0260464
0.0268648
0.0258221
0.0272104
0.0272042
0.0258084
0.0264102
0.0263968
0.0260082
0.025071
0.0251103
0.0261917
0.0272118
0.0263614
0.0270378
0.0269803
0.0253063
0.0261683
0.0260793
0.0264653
0.0252822
0.0251039
0.0262947
0.026801
0.0266636
0.0249113
0.0261881
0.0249494
0.0266515
0.025035
0.0254718
0.0262891
0.0250759
0.0265587
0.0265211
0.0264808
0.0259446
0.0255338
0.0264611
0.0263293
0.0255648
0.0264182
0.0263688
0.0253443
0.0263535
0.0263355
0.0262795
0.0262675
0.0259611
0.0253376
0.0150994
0.0219007
0.0199224
0.0245065
0.0280892
0.0243102
0.0263161
0.027386
0.0254886
0.0269083
0.0253592
0.0245025
0.0266733
0.0263216
0.0247114
0.0250789
0.0265719
0.0264855
0.0249947
0.0256132
0.0255783
0.0255162
0.0257585
0.0264308
0.0256697
0.0258653
0.0262998
0.0253607
0.0256012
0.0347676
0.0289483
0.0255191
0.027596
0.0247674
0.0259548
0.0260096
0.0258321
0.024079
0.0248303
0.0255048
0.0242099
0.0248083
0.026743
0.0259562
0.0249376
0.0262027
0.0260491
0.0268373
0.0267469
0.0259652
0.0267977
0.0262253
0.0254997
0.0266079
0.0266106
0.0263117
0.0263751
0.0255759
0.0264664
