0.0410411
0.0380757
0.0395072
0.0415022
0.0400104
0.0393884
0.0404504
0.0396015
0.0387465
0.0393692
0.0393018
0.0400464
0.0393941
0.039204
0.0398763
0.0395647
0.0396064
0.0392972
0.0397626
0.0392402
0.0391422
0.0393618
0.0395651
0.0393474
0.0397028
0.0393039
0.0389867
0.0390423
0.0392948
0.0390615
0.039168
0.0395269
0.0395028
0.0395164
0.0395251
0.0394937
0.0393224
0.0395774
0.0391173
0.0395616
0.039556
0.0391304
0.0392082
0.03916
0.0393228
0.0391348
0.039129
0.0391334
0.0393087
0.0391803
0.0394076
0.0392438
0.0394885
0.0393167
0.0394837
0.0393111
0.0394774
0.0392894
0.0392433
0.0405952
0.0395745
0.040374
0.0400629
0.0403299
0.0386411
0.0399504
0.0396758
0.0395378
0.03907
0.0391167
0.0390895
0.0392665
0.0393375
0.0394003
0.0393922
0.0392998
0.0393267
0.0392786
0.0393266
0.0393255
0.0393058
0.0392965
0.0393459
0.0393429
0.0393473
0.0393474
0.0393473
0.0393029
0.0393041
0.0393036
0.0393083
0.0393439
0.0393433
0.0393046
0.039304
0.0393056
0.039305
0.0393328
0.0393269
0.0393296
0.0393366
0.0393097
0.0393103
0.0393175
0.0393115
0.0393278
0.0393373
0.0393359
0.0393083
0.0393356
0.0393336
0.0393337
0.0393106
0.0393105
0.0393334
0.0393109
0.0393194
0.0393304
0.0393326
0.0401426
0.0403305
0.0386112
0.0387162
0.0397796
0.0393895
0.0393466
0.0392962
0.0393396
0.0393432
0.0393429
0.0392844
0.0392995
0.0393548
0.0393131
0.0393456
0.0393515
0.0393462
0.0393277
0.0393353
0.0393323
0.0393429
0.0393402
0.0393336
0.0393167
0.0393122
0.0393068
0.0393072
0.039336
0.0393091
0.0401426
0.04031
0.0383498
0.0387806
0.0400084
0.0396062
0.039326
0.0394782
0.039151
0.0391586
0.0392863
0.0393889
0.0394368
0.0392161
0.0393201
0.0392413
0.0392283
0.0392399
0.0392912
0.0392697
0.039279
0.0392504
0.0392573
0.0392774
0.0393382
0.0393572
0.0393802
0.0393781
0.0392718
0.0393702
0.0388021
0.0390581
0.0399985
0.0404371
0.0383694
0.0399514
0.0389255
0.03884
0.0390868
0.0390324
0.0392764
0.0393408
0.0391641
0.0393303
0.0391916
0.0395396
0.0394416
0.0394338
0.0392787
0.0391382
0.0391987
0.0392477
0.0392267
0.0392448
0.0393778
0.0394177
0.0393171
0.0392983
0.0403867
0.039205
0.0380053
0.0382271
0.0395187
0.0400251
0.03977
0.0392466
0.0391023
0.039275
0.0390202
0.0396166
0.0390946
0.0390132
0.0396139
0.039062
0.039375
0.0390774
0.0393049
0.0391045
0.0391176
0.0395019
0.0393263
0.0394456
0.039472
0.0393043
0.0392786
0.0392213
0.0394471
0.0416202
0.0394182
0.0392429
0.0393614
0.0395829
0.0394525
0.0391639
0.0394313
0.0392637
0.0393979
0.0393081
0.0393353
0.0392898
0.0393062
0.03936
0.0393315
0.0393459
0.0393391
0.0392906
0.0393529
0.0393376
0.0393004
0.039311
0.0393265
0.0393005
0.0393219
0.0393388
0.0393384
0.0378971
0.0383204
0.0404634
0.0394287
0.0412019
0.0409233
0.0390552
0.039521
0.0392007
0.0392731
0.0389225
0.040096
0.0387587
0.0399504
0.0392729
0.0387977
0.0398419
0.038847
0.039333
0.0397729
0.0394695
0.0397539
0.039252
0.0395953
0.0389435
0.0397176
0.0391562
0.0395281
0.0391965
0.0389946
0.0393766
0.0396433
0.0394866
0.0396293
0.0396071
0.0395986
0.0390711
0.039589
0.0392806
0.0392131
0.0392532
0.0392461
0.0392051
0.0394027
0.0394325
0.0393722
0.0391176
0.0391596
0.0394258
0.0395141
0.0394503
0.039147
0.0394916
0.0394956
0.0392134
0.0391919
0.0391958
0.0394373
0.0391936
0.0357959
0.0405193
0.0381981
0.040077
0.039133
0.0389945
0.0390449
0.0393509
0.0392108
0.0392379
0.0392985
0.0393486
0.0393227
0.0392751
0.0392758
0.0392831
0.0393395
0.0392985
0.0393627
0.0393272
0.0392887
0.0392876
0.0393534
0.0393399
0.0392927
0.0393496
0.039349
0.0393178
0.0392983
0.0385263
0.0358307
0.0393874
0.0387304
0.0395311
0.0390302
0.0396407
0.0383952
0.0392732
0.0393105
0.0400409
0.0387753
0.0390656
0.0397818
0.0396711
0.0393667
0.0398424
0.0396584
0.0391633
0.0389997
0.0389049
0.0397067
0.039737
0.0394463
0.0389389
0.0389605
0.0391968
0.0393276
0.0389879
0.0391981
0.0394951
0.0396173
0.0390155
0.0392238
0.0395931
0.0392193
0.039304
0.0395738
0.0391546
0.0392202
0.0391692
0.0394557
0.0395602
0.0395137
0.0395451
0.0395262
0.0394577
0.0391257
0.0395184
0.039287
0.0392097
0.0394811
0.0394856
0.0394049
0.0391567
0.0394825
0.0391818
0.0359077
0.0405395
0.0385924
0.0395093
0.038903
0.0398687
0.0389244
0.0389707
0.0391536
0.0391014
0.0395458
0.039084
0.0391091
0.0393951
0.039123
0.0391293
0.0394934
0.039214
0.0393778
0.0391834
0.0394338
0.0393308
0.0391925
0.039324
0.0392197
0.0394238
0.0392534
0.041506
0.0394025
0.0387773
0.0397848
0.039952
0.0391997
0.0388228
0.0397376
0.038967
0.0396621
0.0392207
0.039475
0.0390889
0.0392236
0.0395501
0.0394063
0.0394814
0.0394414
0.0391198
0.0395061
0.0394275
0.0391834
0.0392541
0.0393557
0.0391854
0.0393249
0.039427
0.039424
0.0435873
0.0399407
0.0390043
0.0389321
0.039841
0.0391192
0.0395282
0.0393604
0.039398
0.0393826
0.0393757
0.0393615
0.0393671
0.0393237
0.0393685
0.0392929
0.0392939
0.0393314
0.0392959
0.0393328
0.0392996
0.0393485
0.0393482
0.0392973
0.0393031
0.0393373
0.0393434
0.0393318
0.0393084
0.0377568
0.0387153
0.0399515
0.0392882
0.0394872
0.0391885
0.0396836
0.0392952
0.0390141
0.0393398
0.0393045
0.0396166
0.0390754
0.0394175
0.0395156
0.0393794
0.0391679
0.0395081
0.0394453
0.0392339
0.0392008
0.039465
0.0393011
0.0392247
0.0393092
0.0392689
0.0392073
0.0394092
0.0393421
0.0434683
0.0382542
0.0381296
0.0394431
0.0386122
0.0395416
0.0403592
0.0390348
0.0391073
0.0392216
0.038951
0.0394743
0.0393035
0.0397941
0.0392421
0.0390774
0.039079
0.0396561
0.0393987
0.0391451
0.0390952
0.0390662
0.0390644
0.0396025
0.0395959
0.0390837
0.0393906
0.0394207
0.0391272
0.03947
0.0394008
0.0391616
0.0393818
0.0395088
0.0391345
0.0393972
0.0391855
0.0393537
0.0391892
0.0391504
0.0392581
0.0391594
0.0392504
0.0393601
0.0391798
0.039264
0.0391954
0.0394638
0.0394589
0.0394445
0.0392789
0.0392022
0.0392734
0.0393077
0.0394377
0.0393833
0.0392964
0.0394096
0.0392525
0.0411166
0.0384791
0.0414809
0.0391522
0.0389164
0.0381899
0.0399768
0.038623
0.0385917
0.0399613
0.0397598
0.0392978
0.0391795
0.0392051
0.0393036
0.0396769
0.03959
0.0390032
0.039218
0.0396407
0.0391707
0.0396205
0.0392095
0.0390564
0.0394819
0.0395558
0.0395903
0.0395072
0.0394493
0.039094
0.0394373
0.0391465
0.0391125
0.0392274
0.039343
0.0391518
0.039516
0.0394675
0.0392537
0.039429
0.0392106
0.0394703
0.0393626
0.0394048
0.0393431
0.0391769
0.0393838
0.0394364
0.0393109
0.0391977
0.0391961
0.0394497
0.039227
0.0393213
0.0393385
0.0392376
0.0394304
0.0393806
0.0426293
0.0379219
0.0394359
0.0383323
0.0385384
0.0397229
0.0389526
0.0394067
0.0392516
0.039318
0.0392574
0.0392756
0.0393349
0.0393509
0.0392699
0.0392714
0.0393922
0.0392556
0.0393062
0.0392822
0.0392682
0.0392679
0.0393772
0.0393465
0.0392712
0.0392765
0.0392776
0.0392919
0.0401324
0.0415646
0.0394324
0.0381421
0.0401335
0.0394426
0.0386908
0.0393151
0.0388688
0.0392942
0.0393825
0.0390652
0.0392934
0.0392311
0.0391504
0.0392149
0.0391444
0.0394332
0.039186
0.0395246
0.0391127
0.0391415
0.0393879
0.0394987
0.0392943
0.0392374
0.0392981
0.0393157
0.0394386
0.0392091
0.0408942
0.0373466
0.0389809
0.0384763
0.0400641
0.0389402
0.039141
0.0396163
0.0391931
0.0394904
0.0394746
0.0392886
0.0393095
0.0394803
0.039203
0.0392864
0.0394225
0.0394493
0.0392511
0.0394312
0.0394238
0.0392595
0.0392594
0.0392505
0.0392895
0.0393986
0.0393038
0.043828
0.0377503
0.0392591
0.0404732
0.0400924
0.0409091
0.0397367
0.0389928
0.0387447
0.0392632
0.0397213
0.0392917
0.03986
0.0398261
0.0397598
0.0392013
0.0394808
0.0390537
0.0394709
0.0391663
0.0396489
0.0391076
0.0392189
0.0391273
0.0393217
0.0392722
0.0391513
0.0390779
0.0390897
0.0393585
0.0394487
0.0395455
0.0394354
0.0391136
0.0395268
0.039522
0.0393233
0.0394681
0.0394883
0.0394335
0.0392128
0.0392318
0.0392998
0.0392608
0.0394391
0.0393233
0.0394695
0.0392732
0.0394017
0.0392625
0.0391936
0.0393143
0.0392007
0.0392485
0.0394022
0.0365921
0.0336325
0.0403556
0.0396753
0.0391867
0.0396878
0.0399025
0.0392945
0.0388845
0.0390089
0.0391206
0.039484
0.0392543
0.0390605
0.0395355
0.039464
0.039471
0.0395123
0.0391226
0.0394027
0.0394185
0.0392138
0.0391564
0.0393114
0.039346
0.0392177
0.0394195
0.0394386
0.0392206
0.0392094
0.0400023
0.0410974
0.0389408
0.039418
0.039249
0.0389157
0.0389179
0.0389236
0.0389819
0.0395241
0.0395221
0.0389511
0.0392799
0.0389814
0.0393525
0.0391666
0.0391029
0.0392115
0.0390676
0.0395477
0.0395342
0.0391261
0.0393551
0.0394967
0.0392571
0.0391995
0.0392878
0.0391722
0.0392701
