0.125999
0.00882664
0.0537476
0.0268026
0.024517
0.0182719
0.0102025
0.0218396
0.0156149
1.28884
0.000787339
0.0137102
0.00555355
0.0252688
0.0108081
0.0152063
0.0168722
0.0236869
0.0233246
0.0178951
0.0197108
0.0182061
0.0172494
0.0229257
0.0194469
0.0187372
0.0223974
0.0218589
0.0219707
0.0216531
0.0191209
0.0200634
0.0194708
0.0206782
0.0209564
0.0214596
0.0199098
0.0199928
0.0175841
1.14364
0.0121637
0.00144255
0.00956
0.00832716
0.0174147
0.0169924
0.0160394
0.013209
0.0241543
0.0240208
0.017575
0.0173622
0.0215857
0.0230744
0.0230594
0.0232111
0.0221358
0.022613
0.0186965
0.018614
0.018445
0.0203518
0.0221958
0.0223218
0.022431
0.0224033
0.0192706
0.0222387
0.019405
0.0194702
0.0195164
0.0194484
0.019501
0.0195988
0.0219041
0.0206681
0.0196631
0.0197666
0.0209155
0.0198955
0.0203702
0.0200096
0.0217177
0.0199646
0.0216584
0.0212175
0.0209419
0.0201781
0.0212023
0.0200923
0.0215417
0.0210874
0.0204324
0.0206713
0.0202119
0.0204482
0.020466
0.866671
0.0205441
0.134106
0.0291838
0.00656938
0.0168253
0.0241709
0.0145182
0.0194885
0.0238584
0.0226218
0.0158248
0.0161909
0.0162223
0.0162683
0.018397
0.0175653
0.0224687
0.0183454
0.0200753
0.0184426
0.0186881
0.018965
0.0221051
0.0209395
0.0214576
0.0192023
0.0210227
0.0195049
0.0198627
0.0357985
0.0240437
0.101069
0.00877396
0.0208685
0.0183262
0.0239605
0.0240286
0.0159357
0.0236278
0.0148862
0.0162783
0.0218126
0.0187086
0.0184313
0.0185686
0.0226885
0.0182552
0.0199582
0.0209652
0.0219246
0.0218206
0.0219427
0.0217773
0.0192813
0.0220321
0.0220197
0.0203955
0.0198296
0.0198021
0.0504827
0.196773
0.0234863
0.00831857
0.00170725
0.0249456
0.0129126
0.0197688
0.0236701
0.0178325
0.0228344
0.0203933
0.0171853
0.0182665
0.0181985
0.0185496
0.0222028
0.0219526
0.0192849
0.458568
0.0195008
0.0990894
0.0136932
0.0387289
0.0245745
0.0177526
0.0151702
0.0213272
0.0158218
0.0129899
0.0229416
0.0233251
0.0224399
0.0190926
0.0172388
0.0177313
0.0226516
0.0216704
0.0216634
0.0183842
0.019794
0.0197663
0.0221176
0.0188924
0.0189433
0.0206696
0.0192488
0.0193643
0.240043
0.0843898
0.0419205
0.0239268
0.00279303
0.00925408
0.0223114
0.0166717
0.0237419
0.0238154
0.0234427
0.016983
0.0228702
0.022508
0.016598
0.0183404
0.0182624
0.0226679
0.0214141
0.0197074
0.0206455
0.0183101
0.0221852
0.0217522
0.0190254
0.0191819
0.0213086
0.0201407
0.52894
0.00542773
0.503856
0.00609335
0.0086895
0.00707466
0.0120383
0.00912255
0.0211443
0.0224571
0.0235083
0.0234928
0.0227431
0.0164534
0.0186078
0.0229384
0.020374
0.0177089
0.0185783
0.0183923
0.019408
0.0200679
0.0222742
0.0195511
0.021988
0.0197673
0.0220809
0.0213381
0.0200192
0.0197293
8.57694
0.0409246
0.0136286
0.00148977
0.00295852
0.0104976
0.0140775
0.0125028
0.00994781
0.0240706
0.013153
0.0213454
0.0181757
0.0192711
0.0232605
0.0223726
0.0214245
0.0173003
0.0202811
0.0203036
0.0194491
0.0187837
0.0187065
0.0190219
0.0201938
0.0191497
0.0220456
0.0197249
0.0219455
0.146318
0.0149827
0.0263015
0.00830615
0.0127062
0.0165944
0.00931134
0.0241795
0.0159821
0.0121524
0.0236795
0.023431
0.0227067
0.0183121
0.022978
0.0213639
0.0214844
0.018477
0.0188901
0.018644
0.0188007
0.0211767
0.0192013
0.0218062
0.0196896
0.0201895
0.0206589
0.0907206
0.00402446
0.00068421
0.00540452
0.00408952
0.0175813
0.0103692
0.0147903
0.015392
0.00525795
0.019026
0.0217497
0.0153253
0.0155783
0.013612
0.0171717
0.0238234
0.0235536
0.0159843
0.018215
0.0207881
0.0172451
0.0171462
0.0227776
0.0183744
0.0180349
0.0201551
0.0186673
0.0192917
0.0222712
0.0219145
0.0221115
0.0207526
0.0219345
0.0194661
0.0207962
0.0197605
0.0209431
0.102771
0.293795
0.0104105
0.0146355
0.00709916
0.0241966
0.00786832
0.0242625
0.0240976
0.0241722
0.0239242
0.014001
0.0234813
0.0149108
0.0160371
0.0185472
0.0229639
0.0210624
0.0180681
0.0179455
0.0179669
0.0222004
0.0224991
0.0211439
0.0185499
0.0224795
0.0219064
0.0204754
0.0202573
0.019664
0.0219441
0.0213228
0.019678
0.0219737
0.0195954
0.0214197
0.0195477
0.0197163
0.0217648
0.0197209
0.0198156
0.0212402
0.0209306
0.0208778
0.0216108
0.02162
0.0209217
0.0206015
0.582593
0.00615587
0.0174681
0.00806462
0.0251031
0.0245977
0.0243384
0.024274
0.024171
0.0111893
0.0136509
0.0177283
0.0234202
0.0216393
0.0198413
0.0219711
0.0225665
0.0223488
0.0187809
0.0186732
0.0185022
0.022212
0.0215787
0.019142
0.0189712
0.0191895
0.0220175
0.0191814
0.0197859
0.0625314
0.00500589
0.0814577
0.0145104
0.0211805
0.0148251
0.0091259
0.0103355
0.0242273
0.0241746
0.0125783
0.0236786
0.0233506
0.0197178
0.0161304
0.0181912
0.0168783
0.0187968
0.0228283
0.0226932
0.0188802
0.0187462
0.0223003
0.0184452
0.0190552
0.0195795
0.0188807
0.0221055
0.0191012
0.0220614
0.0194915
0.0206913
0.0214059
0.0218155
0.0204047
0.0196344
0.0217415
0.0202501
0.0208563
0.019889
0.021624
0.0216802
0.0216983
0.0200762
0.0201505
0.020117
0.020069
0.0215719
0.00485403
0.023849
0.00917461
0.00673814
0.0039431
0.0170082
0.011705
0.0133657
0.0143535
0.0217866
0.0183083
0.0191205
0.0170354
0.0188538
0.0185949
0.229925
0.0261497
0.0662185
0.0255204
0.00376202
0.0187801
0.0060239
0.00766269
0.00976332
0.0115736
0.0216126
0.0147638
0.0164707
0.0227374
0.0211281
0.0228574
0.0184929
0.0174241
0.021614
0.0195421
0.0190232
0.0221809
0.0183391
0.0184734
0.0195559
0.019328
0.0194955
0.0193456
0.0203299
0.0196508
0.11507
0.0200854
0.00189812
0.00408874
0.00337734
0.0169937
0.0242439
0.0228876
0.0238972
0.015563
0.0162285
0.0229134
0.0203001
0.0229516
0.0182824
0.0218446
0.0227781
0.0220953
0.0225814
0.0187461
0.0214413
0.022433
0.0191952
0.0195213
0.0193691
0.0222077
0.022119
0.0210675
0.0214596
0.0219029
0.0218896
0.0207164
0.0198132
0.0200737
0.0199171
0.0201121
0.020432
0.0200814
0.0213314
0.0206517
0.345514
0.120548
0.0236237
0.00848366
0.00716015
0.0175002
0.0140388
0.0101841
0.017163
0.0145748
0.0147618
0.0217214
0.0224888
0.016799
0.0188501
0.0187751
0.0179101
0.020304
0.0221169
0.058464
0.0182764
0.0111816
0.02224
0.000980621
0.00850457
0.0205165
0.0164952
0.0237989
0.0220706
0.0195816
0.0145818
0.0232078
0.016372
0.0167585
0.0178671
0.0178204
0.0218337
0.0183061
0.0422346
0.00298796
0.0093539
0.019065
0.0149407
0.0151656
0.00740013
0.0241187
0.0104257
0.0120667
0.0226887
0.0234817
0.0181773
0.0228692
0.0176729
0.0171024
0.021726
0.0225193
0.0176481
0.0181868
0.0208968
0.0188297
0.022466
0.0189302
0.0223146
0.0189953
0.0191301
0.0191986
0.0194212
0.0195387
0.0197287
0.0198205
0.0204822
0.0199511
0.0217434
0.0203637
0.0198331
0.0199053
0.0199637
0.0212943
0.0293928
0.00535797
0.0100167
0.0162365
0.0151401
0.0153231
0.00787981
0.0241184
0.0106689
0.0122429
0.0226554
0.023475
0.0182016
0.0228485
0.0176963
0.0171423
0.0217101
0.0225071
0.0176781
0.0182081
0.0208908
0.0188423
0.0224604
0.0189417
0.0223103
0.019008
0.0191414
0.0192086
0.0194287
0.0195451
0.0197336
0.0198248
0.020484
0.019956
0.0217402
0.0203663
0.0198382
0.0199094
0.0199674
0.0212923
0.510988
0.0178264
0.00282424
0.0231636
0.00730912
0.0148649
0.0126699
0.0113007
0.0235158
0.0209325
0.0227303
0.0159335
0.0171618
0.0224129
0.0175668
0.0201872
0.0218806
0.0189896
0.0188725
0.0199559
0.131439
0.209607
0.0219806
0.0224572
0.0125153
0.0112642
0.0100987
0.0109301
0.0163196
0.0174187
0.60627
0.0220635
0.0243411
0.00191398
0.013591
0.02168
0.00557031
0.0202423
0.0161979
0.0116449
0.0149178
0.014967
0.0148029
0.0222067
0.0169763
0.0179941
0.0183753
0.0178418
0.0222249
0.0763995
0.0101621
0.0135538
0.00967434
0.0130226
0.0233419
0.0171726
0.0167723
0.0238862
0.0143125
0.0212523
0.0226347
0.02317
0.0173022
0.0230495
0.0221876
0.0185948
0.0180563
0.0193137
0.0205795
0.0187244
0.0220954
0.021862
0.0205082
0.0207882
0.0211909
0.0212399
0.0196241
0.0211263
0.0214902
0.0263148
0.0558138
0.0251772
0.0205394
0.0103911
0.0101466
0.0109096
0.0132732
0.01449
0.0155182
0.0184851
0.0227032
0.0181544
0.0176508
0.0223148
0.0201855
0.01964
0.0203491
0.0193504
0.153974
0.0193863
0.000791076
0.00313144
0.00259978
0.0169248
0.0242556
0.0229698
0.0239121
0.0154959
0.0162295
0.0229319
0.0203335
0.0229478
0.018296
0.0218579
0.022776
0.0221028
0.0225827
0.0187443
0.0214476
0.0224309
0.0191948
0.0195284
0.01937
0.0222053
0.0221168
0.0210699
0.0214593
0.0219001
0.0218868
0.0207192
0.0198181
0.0200787
0.0199219
0.020117
0.0204357
0.0200843
0.02133
0.0206542
0.074741
0.204521
0.132648
0.0249969
0.0250338
0.0243638
0.024517
0.0141845
0.0157132
0.0181485
0.0230588
0.0173509
0.0179066
0.0212107
0.023068
0.017751
0.0216709
0.0225149
0.018546
0.0220926
0.0203855
0.0208022
0.0192416
0.0222796
0.0191504
0.0194101
0.0201861
0.0205684
0.0202088
0.020517
0.0197953
0.0218631
0.0216823
0.0199137
0.0201314
0.0207487
0.0210094
0.0205735
0.0199545
0.0206216
0.0216019
0.0201063
0.0202266
0.0211387
0.0201757
0.020194
0.0208129
0.00874294
0.00243463
0.00629365
0.0105057
0.0223895
0.00748046
0.00838713
0.0153652
0.0232328
0.0141699
0.0183462
0.023446
0.0225147
0.0171749
0.0192302
0.0176041
0.0184066
0.017949
0.0182583
0.0184028
0.0188262
0.0192518
0.0206794
0.0223918
0.0199847
0.0215685
0.0193674
0.0203463
0.0202591
0.0205812
0.0218853
0.0217056
0.0207882
0.0196311
0.0216608
0.0209296
0.0197502
0.021203
0.18011
0.010345
0.0327349
0.0102933
0.000734723
0.0083449
0.0181354
0.0240045
0.0205905
0.0149181
0.0158935
0.0173247
0.0200254
0.0225418
0.0187537
0.0229851
0.0227245
0.0220846
0.0226955
0.0209929
0.0225346
0.022479
0.0206126
0.0222791
0.0223095
0.0192654
0.0194406
0.0193686
0.0196617
0.0199828
0.0219035
0.0219018
0.0196902
0.0212069
0.0215891
0.0218339
0.0212303
0.0199118
0.0214319
0.0200619
0.0199901
0.0201096
0.020218
0.0203134
0.0209762
0.0215467
0.0208798
0.0208501
0.103442
0.039602
0.00936591
0.02447
0.0109346
0.0118672
0.0124012
0.0159876
0.0242093
0.0237363
0.0233245
0.0169175
0.0182012
0.0181002
0.0231186
0.0225662
0.0179591
0.0229281
0.0226515
0.0226793
0.0187693
0.0194732
0.0201938
0.0189463
0.0195462
0.0203397
0.0193023
0.0192656
0.0193209
0.0194228
0.0196736
0.0196665
0.0206992
0.0198553
0.02043
0.0216892
0.0216788
0.0205237
0.0215338
0.0214272
0.0216931
0.021666
0.0200813
0.0202758
0.0206359
0.0205793
0.0215023
0.0210535
0.02146
0.0202799
