0.0561563
0.0294404
0.00755679
0.0013203
0.00233051
0.00443231
0.00296304
0.00477642
0.00154457
0.00536516
0.00255331
0.00633034
0.00687759
0.00266849
0.0039053
0.00279395
0.00371578
0.00544663
0.00486818
0.00450545
0.00471931
0.00575919
0.00570676
0.00566404
0.00462854
0.00475087
0.00552999
0.00492516
0.00463641
0.00474399
0.00473764
0.00484488
0.00542949
0.0202568
0.00875202
0.00927447
0.00301364
0.000536327
0.00823578
0.00707904
0.00720682
0.00716833
0.00341259
0.00380971
0.00424548
0.00692445
0.00357594
0.00655371
0.00411905
0.00432312
0.0039139
0.00581663
0.00423199
0.00561676
0.00573314
0.00447062
0.00610709
0.00559671
0.00598359
0.00604712
0.00458524
0.00491733
0.0045552
0.00486361
0.00590014
0.00593017
0.00480034
0.00588525
0.00568611
0.00493842
0.00478569
0.00476801
0.0058163
0.00483598
0.00503389
0.00485753
0.00488361
0.00529879
0.00501023
0.00569918
0.00501378
0.00558866
0.00502891
0.005268
0.00515462
0.00539739
0.00559482
0.00503972
0.00559722
0.00503321
0.00503486
0.138749
0.147643
0.0251961
0.00090639
0.00871896
0.00304662
0.0029826
0.0066157
0.00292296
0.00300233
0.0019701
0.00221691
0.00628466
0.00351974
0.0034694
0.00619396
0.00374973
0.00418705
0.00604319
0.00416714
0.00415973
0.00518627
0.00480264
0.00441551
0.00448717
0.00453058
0.00470815
0.00556315
0.00572712
0.00466057
0.0916334
0.144237
0.00792514
0.000445011
0.00832076
0.00629618
0.00187813
0.00573846
0.00367047
0.00302133
0.00266895
0.0064448
0.00568185
0.00307276
0.00352755
0.0043355
0.00384762
0.00389062
0.00602165
0.004118
0.00595663
0.00448545
0.0054697
0.00453197
0.0045542
0.00459751
0.00559745
0.00563623
0.00563479
0.00487447
0.327296
0.0223468
0.00229431
0.00909788
0.000531203
0.000612746
0.000595688
0.00617001
0.00444536
0.00363056
0.00280763
0.00297552
0.00401537
0.00378977
0.00400417
0.00456778
0.00573955
0.183805
0.0387353
0.000774395
0.00389456
0.0160586
0.00179623
0.00391193
0.00256865
0.00459702
7.88865e-05
0.00104837
0.0065671
0.00214706
0.00641264
0.0049693
0.00585797
0.00518314
0.00565981
0.00438445
0.0055507
0.00605772
0.00440699
0.0055661
0.00536059
0.00566794
0.00487332
0.00572009
0.0046764
0.389961
0.159499
0.0191155
0.00634436
0.006798
0.00604391
0.00283889
0.0015998
0.00625087
0.00382483
0.0029681
0.00242027
0.00397885
0.00267177
0.0061383
0.00521983
0.0062285
0.00429554
0.00594033
0.0039078
0.00427929
0.00441172
0.00567133
0.00418598
0.00582995
0.00441975
0.00514844
0.00542009
0.113999
0.295216
0.0262319
0.00650537
0.00697441
0.00152945
0.00692774
0.00690738
0.00019843
0.00341861
0.00498534
0.0029869
0.00246743
0.00264847
0.00511515
0.00561529
0.0061021
0.00358359
0.00464324
0.00407537
0.00599875
0.00465507
0.00429513
0.00497553
0.00472372
0.00452617
0.0053867
0.00463263
0.0047586
0.257626
0.0345773
0.0628975
0.0057378
0.00324059
0.0069017
0.0054682
0.000481529
0.00433052
0.000243423
0.00584387
0.00389974
0.00348353
0.00589521
0.00302287
0.00324804
0.00440287
0.00390085
0.00379925
0.00600867
0.00442814
0.00397731
0.00568564
0.00426005
0.00570034
0.00481163
0.00530259
0.00530257
0.00461943
0.43197
0.197263
0.0238397
0.000557334
0.00866987
0.00304849
0.00298509
0.0066175
0.00292598
0.00303972
0.00198719
0.00223602
0.00628205
0.00352397
0.00348397
0.00619087
0.00376004
0.00419557
0.00604058
0.00417126
0.00416444
0.00518775
0.00480626
0.00441892
0.00449028
0.00453387
0.00471027
0.0055622
0.00572547
0.00466355
1.68102
0.0313812
0.00369643
0.00750312
0.00440948
4.88439e-05
7.54201e-05
0.00325598
0.00448883
0.00283384
0.0511559
0.00205518
0.0058421
0.00516995
0.00336498
0.00378205
0.00651999
0.00514487
0.00518892
0.00346212
0.00361877
0.00384499
0.00417166
0.00410668
0.00597916
0.00453749
0.00576689
0.00439399
0.0055676
0.00581439
0.00500898
0.00524087
0.00473695
0.00564055
0.00482167
0.0440069
0.029632
0.00354885
0.00633477
0.00523955
0.00546868
0.00225549
0.00711876
0.00687488
0.00336186
0.00397482
0.00401727
0.00358168
0.00658105
0.00642297
0.00382969
0.00360722
0.00626276
0.00422841
0.00561437
0.00465406
0.00407361
0.00405324
0.00611773
0.00425991
0.00443754
0.00476496
0.00445911
0.00573154
0.00448149
0.00498119
0.00590449
0.00454857
0.00582042
0.00479893
0.00579408
0.00476676
0.00565201
0.00497886
0.00520145
0.00482626
0.00567828
0.00523489
0.00483753
0.00563357
0.00509013
0.0050192
0.00548625
0.00557395
0.28849
0.0396556
0.000721109
0.00419817
0.0159966
0.00174932
0.00404092
0.00251736
0.00463992
0.000160733
0.000981966
0.00656793
0.00209547
0.00641622
0.00496503
0.00586233
0.00517926
0.00566292
0.004373
0.00555256
0.00606538
0.00439341
0.00556881
0.00535971
0.00567309
0.00486108
0.00572645
0.00465916
0.0926713
0.0458281
0.0239736
0.0328726
0.00651023
0.00736572
0.00123461
0.00717794
0.00703455
0.00657323
0.00651872
0.00381833
0.00322403
0.00654434
0.00447573
0.00629627
0.00435775
0.00627273
0.00403007
0.00416041
0.00407854
0.00429987
0.00441279
0.00602358
0.00459973
0.00449343
0.00451645
0.00589532
0.00460865
0.0056737
0.00490674
0.00576794
0.00473912
0.00542498
0.0057559
0.00530832
0.00515381
0.00551708
0.00548884
0.00489245
0.00568808
0.00540201
0.0054971
0.00548236
0.00530533
0.502337
0.147215
0.00125412
0.0203612
0.0112989
0.00120415
0.00100881
0.00640402
0.00686394
0.00307107
0.0034459
0.00108333
0.00116102
0.00144693
0.00545839
0.00255379
0.00608172
0.00312128
0.00349746
0.00368249
0.296165
0.00178055
0.0393042
0.00309345
0.000180215
0.0117065
0.00504777
0.00105293
0.00576955
0.00670785
0.00151561
0.00358936
0.00275703
0.00404453
0.00451334
0.00613787
0.00424682
0.00422846
0.00554018
0.00517199
0.00551173
0.00527145
0.00428402
0.00429449
0.00506962
0.0044743
0.00584371
0.00463237
0.00512016
0.00459301
0.127
0.00851961
0.0513509
0.00375539
0.00688996
0.000535579
0.00611619
0.000903297
0.00666788
0.00412157
0.003868
0.0063746
0.00648226
0.00372654
0.00625855
0.0040309
0.00448127
0.00611371
0.00413098
0.0046298
0.0060334
0.00597669
0.00481263
0.00450059
0.00587423
0.00460019
0.00470462
0.00579544
0.00514599
0.00480011
0.00476965
0.00573932
0.00547525
0.00571887
0.00485766
0.00502909
0.00498742
0.00520091
0.00527772
1.78967
0.00962407
0.0300105
0.00688015
0.00382568
0.00294198
0.000493753
0.000527079
0.00549176
0.00485381
0.00203911
0.00545194
0.00261996
0.00364035
0.00381609
0.00345605
0.00539184
0.005272
0.00527675
0.0052791
0.170479
0.00928318
0.00226374
0.00111448
0.00289038
0.00201842
0.00179701
0.00341496
0.00290956
0.00449475
0.00157282
0.00517317
0.00290756
0.00369738
0.00427224
0.00401653
0.212793
0.00607647
0.065128
0.00211164
0.00113615
0.00654907
0.00647539
0.00164282
0.00504304
0.00416357
0.00658187
0.00407242
0.00314296
0.00344313
0.00409479
0.00597178
0.00576572
0.00506526
0.00434856
0.00413336
0.00504013
0.00458481
0.00452766
0.00594945
0.00538808
0.00457302
0.0048402
0.00484327
0.00485463
0.00578266
0.0048918
0.0052546
0.00477983
0.00544054
0.00565792
0.00489609
0.00484044
0.00501172
0.108522
0.0152996
0.00613724
0.00411491
0.0030307
0.00710374
0.00646263
0.00690413
0.000910579
0.0066843
0.00233991
0.00521974
0.00394969
0.00394086
0.00425639
0.00362704
0.00608282
0.00404982
0.00587635
0.0059821
0.00449671
0.00436607
0.00528021
0.00593588
0.00511405
0.0046487
0.00573644
0.00515193
0.00464081
0.00554613
0.00462211
0.00476028
0.00572759
0.00563032
0.00549403
0.00560179
0.00491726
0.00486949
0.00517625
0.357912
0.0186027
0.0107322
0.00565145
0.00279001
3.84953e-05
0.00341489
0.00650406
0.00202254
0.00354591
0.00573994
0.00302902
0.00330353
0.00381606
0.00490449
0.00443323
0.00588477
0.00420985
0.855249
0.0213012
0.032288
0.000191121
0.000279529
0.00289714
0.00352564
0.00185959
0.00154292
0.517394
0.107408
0.0109703
0.0272855
0.000954652
0.00573385
0.000886766
0.00525287
0.000956868
0.00246304
0.00293645
0.00343712
0.00359419
0.00566972
0.00342216
0.00431546
0.0043159
0.00396796
0.0217688
0.00908202
0.00658584
0.0148112
0.00225046
0.0034716
0.00668657
0.00551807
0.00553202
0.00551674
0.00411938
0.0034723
0.00568311
0.00338466
0.00619079
0.00404315
0.00599153
0.00437708
0.0059754
0.00441416
0.00437858
0.00459723
0.00459432
0.00512455
0.00456982
0.00576153
0.00467668
0.00540955
0.0640672
0.159868
0.00267453
0.00617798
0.00626798
0.00222305
0.00556676
0.000440112
0.00323864
0.00656163
0.00315001
0.00291366
0.00458369
0.00451652
0.00490236
0.00460105
0.00445283
0.00452886
0.00482061
0.0832831
0.0113438
0.0072497
0.0259248
0.00653364
0.00134876
0.000980392
0.0029647
0.00185698
0.00667891
0.00644997
0.00316112
0.00629209
0.00560604
0.00630741
0.00422754
0.0040926
0.0054317
0.00450116
0.00602548
0.00569855
0.00457542
0.00472302
0.00592584
0.00576121
0.00585372
0.00464158
0.00581755
0.00479362
0.00536093
0.00471708
0.00557787
0.00532042
0.00485074
0.00545204
0.00488045
0.0048877
0.00539359
0.0056364
0.00503434
0.00150334
0.00917079
0.00807856
0.00900655
0.00771092
0.000922098
0.00804072
0.00361022
0.00651968
0.00298452
0.00706945
0.00350365
0.00400843
0.00633004
0.00651139
0.00616108
0.00479665
0.00627586
0.00625713
0.00537891
0.0053664
0.00443834
0.00446887
0.00454631
0.0058066
0.00470052
0.00594371
0.0053886
0.0050137
0.00578123
0.00583368
0.00562856
0.00491494
0.00483768
0.00573018
0.00492848
0.0057221
0.0057171
0.0049427
0.00531786
0.00501381
0.00562015
0.00536485
0.00525444
0.00559999
0.00499372
0.00514752
0.00543946
2.00905
0.326696
0.0626378
0.0344412
0.00481668
0.00676005
0.00200982
0.00207253
0.00406163
0.00550268
0.00661105
0.00203827
0.0056638
0.00408379
0.00365043
0.00402421
0.00618635
0.00491866
0.0037776
0.00617983
0.00400704
0.00518429
0.00423725
0.00429065
0.00599855
0.00464848
0.00449569
0.00586394
0.00506798
0.00447588
0.00541788
0.00509091
0.00468916
0.00545175
0.00556051
0.00478289
0.00474512
0.00477782
0.00570871
0.0056683
0.0236803
0.00467211
0.0219169
0.0096493
0.00307973
0.00800167
0.000821877
0.00698164
0.00363147
0.00379853
0.00650533
0.00356722
0.00428144
0.00643095
0.00437376
0.00595948
0.00455254
0.00610015
0.00425611
0.00591165
0.0051077
0.00601872
0.0044585
0.00451836
0.00455144
0.00501852
0.00593055
0.00462831
0.00459807
0.00588223
0.00570566
0.00473123
0.00579301
0.005776
0.00481018
0.0048038
0.00552993
0.00483674
0.00508045
0.00492516
0.00567324
0.00493559
0.00552303
0.00565135
0.00502517
0.00495996
0.00497543
0.00547428
0.00558242
0.00501719
0.0160732
0.124207
0.0116777
0.0114246
0.00190658
0.00206895
0.0051967
0.00763181
0.00741309
0.0073166
0.00329222
0.00638368
0.00451537
0.00669794
0.00443806
0.0040284
0.00560308
0.00623748
0.00428775
0.00599568
0.00608087
0.00465205
0.00458065
0.00595774
0.00465335
0.00595627
0.0046585
0.00467165
0.00585572
0.00472289
0.00580302
0.00581741
0.0050788
0.00511319
0.00512954
0.00495409
0.0050459
0.00565984
0.00537749
0.00493975
0.00497444
0.00511408
0.00504476
0.00558704
0.00550539
0.00536435
0.00550578
0.00515215
0.00539585
