0.00408418
0.0101311
0.00665225
0.0190155
0.0165791
0.0152895
0.0156744
0.0158856
0.0176363
0.241644
0.0026499
0.0125479
0.0196878
0.0203709
0.0194584
0.0197007
0.0184651
0.0201977
0.0189262
0.0194059
0.0201381
0.0200532
0.0192435
0.0194828
0.0193913
0.0199442
0.0196093
0.0195777
0.0195731
0.0200737
0.0200346
0.0197218
0.0198698
0.0197325
0.0197342
0.0196925
0.0198744
0.0197414
0.0379538
0.0285363
0.0425472
0.023884
0.0205112
0.0217021
0.0198782
0.0215167
0.0215531
0.0197511
0.0205677
0.0210608
0.0203823
0.0205697
0.0209808
0.0198092
0.0197642
0.0196758
0.0199948
0.020464
0.0197275
0.0200155
0.0203021
0.020075
0.0202149
0.0201165
0.0198486
0.0202912
0.0198855
0.0197657
0.0197912
0.0201873
0.0199777
0.0197714
0.0198002
0.0197795
0.0199532
0.0201145
0.020058
0.0200841
0.0198235
0.0199215
0.0200563
0.0198702
0.0200148
0.0200303
0.0200595
0.0200344
0.0198931
0.0199996
0.0200269
0.0200221
0.0200161
0.0199892
0.0199282
0.0200062
0.0200117
0.0199358
0.0199305
0.0858262
0.112022
0.0201748
0.0186724
0.0165976
0.0202191
0.0191403
0.0189024
0.0180063
0.0193927
0.0201744
0.0198059
0.0193195
0.0198781
0.0192478
0.0195481
0.0194722
0.0199795
0.0193487
0.0196015
0.0196517
0.0197083
0.0195265
0.0198166
0.0195629
0.0197865
0.0199472
0.0200045
0.0199289
0.0196518
0.0980965
0.0738724
0.0808178
0.0137111
0.0155754
0.0189424
0.019179
0.0185566
0.0181506
0.0186405
0.0188199
0.0199784
0.0193729
0.0200061
0.0194499
0.0193284
0.0193672
0.0193075
0.0195409
0.0194362
0.0196607
0.0197195
0.019683
0.0200455
0.0200206
0.0200184
0.0196305
0.0197709
0.0196835
0.228916
0.0147424
0.000281426
0.0177586
0.0187484
0.0155655
0.0181201
0.0175676
0.0201261
0.0192395
0.0192525
0.0200343
0.0192959
0.0190854
0.0194176
0.0193717
0.0196071
0.0543162
0.0793947
0.13371
0.0193987
0.0188023
0.018093
0.0202554
0.0185036
0.0186768
0.0201477
0.0194406
0.0193713
0.0186506
0.0199541
0.0189929
0.019064
0.0195754
0.0192785
0.0195821
0.0196743
0.0196981
0.019853
0.0194447
0.0195845
0.01973
0.0195262
0.0195449
0.0196684
0.193631
0.158741
0.00736885
0.0171172
0.0160864
0.0188938
0.0170476
0.0198441
0.0172262
0.0193352
0.019172
0.0194337
0.0184095
0.0199201
0.0190991
0.019017
0.0192585
0.0196394
0.0201038
0.0196388
0.0196125
0.019387
0.0196557
0.0195642
0.0195761
0.0195751
0.0195118
0.0197007
0.0197709
0.0954469
0.0910473
0.0741858
0.0185224
0.0166784
0.015812
0.0191475
0.0178296
0.019556
0.0201718
0.018852
0.018762
0.020125
0.0188576
0.0199361
0.0192161
0.019184
0.0195312
0.0199555
0.0194079
0.0196087
0.0197035
0.0196294
0.019678
0.0195575
0.0197345
0.0196103
0.0196224
0.0198758
0.117019
0.192557
0.0427066
0.0162069
0.0173151
0.0185514
0.0202234
0.0172672
0.0186203
0.0193822
0.0180677
0.0189311
0.0191763
0.0193563
0.0189181
0.0193204
0.0199462
0.0199792
0.0197109
0.0193211
0.0193263
0.019557
0.0194335
0.0194686
0.0194818
0.0198631
0.0195373
0.0199254
0.0196175
0.163297
0.181369
0.0200772
0.0187368
0.0166054
0.0202206
0.0191572
0.0189043
0.0180161
0.0194015
0.0201738
0.0198095
0.0193209
0.0198801
0.0192496
0.019549
0.0194734
0.0199798
0.0193518
0.0196025
0.0196537
0.019709
0.0195288
0.0198174
0.0195649
0.0197874
0.0199472
0.0200042
0.019929
0.0196534
1.26745
0.0110598
0.0055676
0.014615
0.0129351
0.0153236
0.0187838
0.0195629
0.017767
0.0200246
0.0813931
0.00779708
0.0740526
0.0199
0.0193369
0.0188035
0.0189096
0.019099
0.0190096
0.0193443
0.0190015
0.0191335
0.0200882
0.0199828
0.0201479
0.0194535
0.0199227
0.0198989
0.0197929
0.0196205
0.0195934
0.0200119
0.019696
0.0197351
0.0197301
0.0198653
0.0199648
0.019734
0.0198325
0.0232383
0.0313953
0.0169838
0.0175374
0.0208912
0.0205972
0.0190803
0.0191734
0.0192391
0.0194229
0.0194987
0.019547
0.0193538
0.0195915
0.0195325
0.0195885
0.0195781
0.0195393
0.0195649
0.0198953
0.0196782
0.020063
0.0200805
0.0201255
0.0199664
0.0196987
0.019723
0.0201071
0.0200584
0.0197364
0.0200818
0.0200705
0.0198459
0.0199677
0.0200237
0.0200283
0.0200449
0.0200309
0.0199666
0.020026
0.0198131
0.0200107
0.0199505
0.0198026
0.0198594
0.020006
0.019936
0.0199952
0.0198167
0.0334184
0.210364
0.17457
0.0194374
0.0188523
0.0181045
0.0202541
0.0184716
0.0186503
0.0201475
0.0194352
0.0193637
0.0186229
0.0199535
0.0189731
0.0190461
0.0195707
0.0192646
0.0195769
0.0196707
0.0196951
0.0198502
0.0194322
0.0195744
0.019724
0.0195158
0.0195344
0.0196631
0.0128455
0.0193883
0.0180259
0.0182483
0.0191497
0.019401
0.0204258
0.0193546
0.0192706
0.0205978
0.0202288
0.0204126
0.0194419
0.0194573
0.0201923
0.0202468
0.0198901
0.0201857
0.0202294
0.0199857
0.0201529
0.0200775
0.0197067
0.019703
0.0201203
0.0196914
0.0201067
0.0197067
0.0197257
0.0197128
0.0199261
0.0197427
0.0200734
0.0197995
0.0197587
0.02004
0.0199281
0.0197718
0.0200341
0.0197901
0.0198655
0.0197983
0.0200074
0.0198083
0.0198089
0.0200081
0.0198943
0.0198121
0.0198147
0.0198543
0.327381
0.0301265
0.0185776
0.00832126
0.00936003
0.0149652
0.0146282
0.0161539
0.0164544
0.019183
0.0193677
0.0177058
0.0194151
0.0181632
0.0192946
0.018508
0.0186627
0.0191091
0.0199919
0.1913
0.298624
0.165906
0.017478
0.0191216
0.0176831
0.0171879
0.0173306
0.0175509
0.0183628
0.0194174
0.0195245
0.0192204
0.0200842
0.0193365
0.0199667
0.0191833
0.0190873
0.019231
0.0196634
0.0198053
0.0198984
0.0198493
0.0194972
0.0195771
0.0195443
0.0195741
0.0195816
0.0199648
0.0196563
0.0261773
0.010914
0.00659886
0.0181564
0.0194524
0.0195175
0.0204339
0.0193717
0.0202904
0.0197726
0.0201592
0.0202832
0.0202227
0.020121
0.0195309
0.020219
0.0196208
0.0201471
0.0196321
0.0199189
0.0197219
0.0199662
0.0198367
0.0200857
0.0200309
0.0200669
0.0197374
0.0197576
0.0200095
0.0200376
0.0197774
0.0200407
0.0198037
0.0197919
0.0198312
0.0199429
0.0198071
0.0199193
0.0198172
0.460811
4.56979
0.00305364
0.0196532
0.016513
0.0163995
0.0201918
0.0188425
0.0183804
0.0187151
0.0184409
0.0184873
0.0199766
0.0188565
0.0197154
0.0190675
0.0193171
0.0194403
0.0196105
0.691049
0.0190777
0.00129027
0.0110554
0.012709
0.0157586
0.0150928
0.0155954
0.0185938
0.019838
0.0195498
0.0190165
0.0199713
0.0197384
0.0191736
0.0191772
0.0195214
0.0189802
0.0190171
0.0643838
0.00619775
0.0119832
0.0188961
0.0189254
0.0203244
0.020312
0.0202948
0.0194274
0.0190728
0.0195374
0.019603
0.0193292
0.0201997
0.0195498
0.0201442
0.020128
0.0197564
0.0200838
0.0198023
0.0196657
0.0200584
0.0197248
0.0199452
0.0200706
0.0199047
0.0200019
0.0197198
0.019905
0.0200124
0.0197345
0.0198038
0.0200246
0.0197724
0.0200117
0.0197885
0.0197836
0.019797
0.0198247
0.0636053
0.00777686
0.0141287
0.0188961
0.0189253
0.0203209
0.0203081
0.0202931
0.0194275
0.019079
0.0195375
0.0196032
0.0193368
0.0201977
0.0195502
0.0201428
0.0201268
0.0197592
0.020083
0.0198035
0.0196666
0.0200577
0.0197253
0.0199453
0.0200699
0.0199049
0.0200015
0.0197205
0.0199052
0.020012
0.0197351
0.0198044
0.0200241
0.0197729
0.0200112
0.0197891
0.0197841
0.0197975
0.0198251
0.422571
0.0450159
0.0195966
0.00986928
0.0162726
0.0190779
0.0179187
0.0180579
0.0200299
0.0200773
0.0197253
0.0194488
0.0192538
0.0192571
0.0190648
0.0192265
0.0192257
0.019706
0.692285
0.00258504
0.0172066
0.0103983
0.0126017
0.0195923
0.0167769
0.0180163
0.641135
0.150108
0.00761892
0.0149888
0.0139577
0.0199465
0.0159476
0.0182527
0.0174202
0.0190795
0.0179397
0.0186907
0.0198272
0.0187419
0.0188317
0.0194523
0.0193592
0.0190308
0.0191186
0.161425
0.158577
0.0188693
0.0134718
0.0173098
0.0175737
0.01916
0.0202478
0.0196398
0.0195833
0.0201494
0.0195161
0.0190126
0.0191297
0.0198592
0.0192957
0.0201099
0.0200996
0.0198815
0.0195004
0.0200685
0.0195901
0.0196103
0.0200367
0.0196678
0.0200339
0.0197895
0.0200146
0.0198572
0.0197404
0.228867
0.0132817
0.000293619
0.0177186
0.0187496
0.0155638
0.0181118
0.0175604
0.0201262
0.0192397
0.0192526
0.0200343
0.0192949
0.0190849
0.0194171
0.0193714
0.019607
0.0234589
0.0189892
0.0183833
0.0214193
0.0205495
0.0190606
0.0195256
0.0193615
0.0202786
0.0202465
0.0195997
0.0197923
0.0196122
0.0196894
0.0201599
0.0201383
0.0201625
0.0201725
0.0198532
0.020123
0.020126
0.0200763
0.020091
0.0198173
0.0200506
0.0200752
0.0197312
0.0197401
0.0199855
0.0200368
0.0197629
0.0198088
0.0198637
0.0198038
0.0198065
0.0199113
0.0199222
0.0199947
0.0199942
0.0198181
0.0278547
0.0271333
0.0310487
0.0244304
0.0204218
0.0204685
0.0219836
0.0215541
0.0203697
0.0206381
0.0196309
0.0207293
0.0207451
0.0205127
0.01967
0.0199284
0.0197023
0.0196915
0.0197928
0.0197108
0.0203013
0.0197211
0.0198835
0.0201247
0.0201932
0.0197674
0.0201694
0.0197912
0.0201568
0.0200988
0.0201044
0.0200528
0.0200278
0.0200784
0.0200721
0.0198977
0.0198086
0.0198069
0.0200043
0.0198179
0.0200054
0.0198185
0.0198392
0.0200068
0.0198351
0.019837
0.0200063
0.0199164
0.0199396
0.086614
0.0188729
0.0195365
0.0117207
0.0138623
0.0159484
0.0188916
0.0189038
0.0191541
0.0185515
0.0193919
0.0193429
0.0189717
0.0194018
0.0201324
0.0201016
0.0195387
0.0200538
0.0199651
0.0197702
0.0195851
0.0196564
0.0196535
0.0198147
0.0196232
0.019595
0.0196854
0.0196708
0.0197698
0.0197454
0.0197022
0.0197588
0.019724
0.0197255
0.0197434
0.019795
0.0197754
0.0199495
0.0160715
0.0218417
0.0276701
0.0288061
0.0206492
0.0205629
0.0203631
0.0206777
0.0204657
0.0203779
0.0205046
0.0196324
0.0196516
0.0206541
0.0206169
0.0204463
0.0197791
0.0203393
0.0202955
0.0201334
0.0198506
0.0199025
0.0201205
0.0201586
0.0197412
0.02018
0.0201566
0.0201535
0.0201031
0.0200799
0.0197839
0.0198478
0.0199457
0.0198434
0.0200454
0.0198597
0.0200246
0.0200432
0.0198492
0.020008
0.019813
0.0198478
0.0200147
0.0199292
0.0200109
0.019827
0.0198862
0.0199177
0.0198766
0.028824
0.0272009
0.0285214
0.0255625
0.0204545
0.0218699
0.0213154
0.0200347
0.019632
0.0212955
0.02081
0.0202651
0.0204391
0.0196678
0.0202285
0.0196907
0.0202656
0.0203574
0.0201218
0.0197492
0.0197337
0.0203033
0.0198466
0.0200385
0.02017
0.01994
0.0198364
0.0201661
0.0199376
0.019855
0.0197981
0.0199848
0.0200885
0.0200919
0.0200497
0.020075
0.0200152
0.0199717
0.019894
0.020028
0.0200322
0.0200129
0.0200092
0.0198838
0.0198433
0.0200117
0.0198738
0.0198843
0.019848
