0.0791305
0.0126086
0.0193407
0.00830175
0.00415301
0.0032494
0.00630095
0.00756585
0.00854133
0.0104332
0.0782877
0.00927622
0.0100995
0.00648765
0.0100847
0.0100334
0.0109809
0.010591
0.0106666
0.0102232
0.010782
0.0112642
0.0111973
0.0118448
0.010929
0.0117424
0.0112282
0.0117126
0.0113908
0.0114879
0.0114516
0.011712
0.0112381
0.0112909
0.0113781
0.0113047
0.011611
0.0274542
0.0414266
0.0136855
0.0113432
0.0162276
0.0129477
0.0118622
0.0143157
0.0110395
0.0111938
0.012575
0.0133207
0.0111949
0.0126282
0.0123862
0.0124394
0.0118924
0.0120307
0.0112441
0.0113049
0.0120644
0.0118028
0.0112615
0.0118295
0.0117389
0.0116868
0.0113256
0.0114417
0.0118508
0.0118826
0.0114498
0.0118472
0.0113298
0.0113253
0.0118113
0.0116503
0.0116676
0.0113845
0.0115411
0.0114819
0.011752
0.0114473
0.0117126
0.0116617
0.0117066
0.0116749
0.011465
0.0113957
0.0114098
0.0116302
0.0114082
0.0114859
0.011411
0.0114166
0.0116609
0.0116263
0.0114829
0.0115433
0.0115333
0.0786699
0.00903541
0.00297187
0.00284849
0.0118181
0.011664
0.00872182
0.0118364
0.0106612
0.0115668
0.0117295
0.0117789
0.0104914
0.0117567
0.0118039
0.0109468
0.0110532
0.0112134
0.0112149
0.0116797
0.011628
0.0111336
0.0112477
0.0111336
0.0113886
0.0116629
0.0116081
0.011314
0.066666
0.00761115
0.00887558
0.00625779
0.00260805
0.00638944
0.0108782
0.0100473
0.0101994
0.0118916
0.0113642
0.0119171
0.0111001
0.0107007
0.0116618
0.0117993
0.0108729
0.0110571
0.0116929
0.0114268
0.0117217
0.0112758
0.0116415
0.0115335
0.0115894
0.0112093
0.0112795
0.0112932
0.0112563
0.0113169
0.0112274
0.0189637
0.00890772
0.00531097
0.00721274
0.00989223
0.0100118
0.0109231
0.010232
0.0108135
0.011848
0.0114344
0.0109051
0.0114978
0.0116586
0.0109805
0.0109505
0.0115053
0.011686
0.0147151
0.00653537
0.00888125
0.00786399
0.00604013
0.00767211
0.0120226
0.0108069
0.00970588
0.0105685
0.00996226
0.0108566
0.0104119
0.0113651
0.0111402
0.0116089
0.0111653
0.0114081
0.011086
0.0112808
0.0114967
0.0109781
0.0110975
0.011581
0.0112915
0.011173
0.179782
0.00985489
0.00697985
0.00897154
0.00087908
0.00641867
0.00686194
0.00882158
0.00818046
0.00862386
0.0087886
0.00964737
0.0106566
0.0114289
0.0116181
0.0103656
0.0106376
0.0108068
0.0115504
0.0114287
0.0117817
0.0116775
0.0116007
0.0110226
0.0109863
0.0111902
0.0112958
0.0111185
0.0111895
0.0112046
0.0217395
0.00535353
0.00576067
0.00344957
0.00357574
0.0103689
0.01151
0.0101236
0.0108132
0.0112076
0.0110978
0.0116553
0.0103712
0.0117142
0.0111543
0.0116141
0.0111338
0.0110758
0.0116157
0.0111656
0.0114229
0.0115547
0.011399
0.0111505
0.0111095
0.0115292
0.0112011
0.0114738
0.0115885
0.108769
0.007539
0.00826189
0.00470407
0.00608142
0.00650937
0.0118247
0.00781367
0.00907373
0.00941311
0.011934
0.01067
0.0109792
0.0105075
0.0107224
0.0107954
0.0106719
0.0110131
0.0109686
0.0112909
0.0112395
0.0115856
0.0114038
0.0110195
0.0111118
0.0115539
0.0115041
0.0112532
0.17479
0.00836895
0.0028512
0.00315452
0.0118199
0.0116641
0.00874985
0.0118358
0.0106679
0.0115655
0.0117284
0.011778
0.0104992
0.0117559
0.0118031
0.0109506
0.0110555
0.0112146
0.0112161
0.0116792
0.0116276
0.011136
0.0112488
0.0111357
0.0113895
0.0116624
0.0116078
0.0113149
0.0413422
0.0170009
0.0148573
0.0049501
0.00954504
0.0115813
0.072906
0.00946466
0.0101815
0.00690851
0.0101552
0.0100839
0.0109889
0.0105916
0.0106836
0.0102545
0.0107928
0.0112654
0.0112006
0.0118433
0.0109379
0.0117406
0.0112305
0.0117112
0.0113924
0.0114884
0.0114525
0.0117108
0.0112409
0.0112929
0.0113798
0.0113069
0.0116103
0.0233745
0.00876489
0.0105541
0.0122711
0.0129725
0.0129536
0.0129161
0.010492
0.0103576
0.0107852
0.0107747
0.0110118
0.0119195
0.0110636
0.0112497
0.0113678
0.0111205
0.0116432
0.0115331
0.0112446
0.0118259
0.0118303
0.0112205
0.0117916
0.0118073
0.01142
0.0117246
0.0117612
0.0112743
0.0113381
0.0115538
0.0112947
0.0115361
0.0114749
0.0117006
0.0115347
0.011625
0.0115226
0.0116797
0.0113786
0.0115475
0.0116263
0.011535
0.011528
0.0114483
0.0114403
0.0114084
0.0131157
0.00698749
0.00903859
0.0066585
0.00608038
0.00760406
0.0120215
0.0108099
0.00971149
0.010532
0.00994465
0.0108531
0.0103951
0.0113555
0.0111374
0.011607
0.0111615
0.0114018
0.0110788
0.0112719
0.0114934
0.0109647
0.0110846
0.0115802
0.0112834
0.0111646
0.00107827
0.0203025
0.00892439
0.0137076
0.0102058
0.0130789
0.0121709
0.0099571
0.0113973
0.0118093
0.0107269
0.0120329
0.011131
0.0120371
0.0112286
0.0120294
0.0119669
0.0116921
0.011325
0.0116336
0.0114406
0.0117659
0.0118243
0.011213
0.0112552
0.0117921
0.0115874
0.0116959
0.0116996
0.0117373
0.0117466
0.0113227
0.0117179
0.011302
0.0117196
0.0113712
0.0117064
0.011344
0.0116988
0.011662
0.0116749
0.0113573
0.0114711
0.01156
0.0114735
0.0116227
0.0116393
0.0114563
0.0116386
0.0116019
0.030863
0.00647303
0.0221767
0.0355572
0.0118359
0.000941773
0.00497701
0.0117286
0.0119171
0.010581
0.00950055
0.0107836
0.00974697
0.0102682
0.0113074
0.011213
0.0104626
0.206814
0.0123646
0.00809085
0.00581121
0.0121797
0.00367731
0.010395
0.0106834
0.00974803
0.00912804
0.0106555
0.0103944
0.0115744
0.011036
0.0118665
0.0110092
0.0111428
0.0107695
0.0114835
0.0109649
0.0113973
0.0111186
0.0112764
0.0112161
0.0110926
0.0112901
0.0112433
0.0112456
0.0209574
0.00526973
0.0128247
0.0105428
0.0108722
0.0108139
0.0102896
0.0125296
0.0108863
0.0122095
0.0106938
0.0109445
0.0109796
0.0119198
0.0116935
0.0117898
0.0118462
0.0118356
0.0114006
0.0116939
0.0112609
0.0112737
0.0113803
0.0115967
0.0113549
0.0117402
0.0112982
0.0113676
0.0115963
0.0113292
0.0116915
0.0113465
0.011515
0.011566
0.0116582
0.0113823
0.0115518
0.0113867
0.0113862
0.00912935
0.00178235
0.0257016
0.00616393
0.00975578
0.00890122
0.0113609
0.00839044
0.0106929
0.0110804
0.0106255
0.00993158
0.0104756
0.0103863
0.0117308
0.0109336
0.0115451
0.0110099
0.0111725
0.00598668
0.0598218
0.00397767
0.0352255
0.011942
0.00304704
0.0113831
0.00636106
0.0112085
0.0108153
0.0119334
0.0100214
0.0103195
0.0108197
0.0116598
0.0106895
0.0276627
0.0654153
0.0120084
0.00669755
0.0120603
0.00938952
0.00937454
0.00996542
0.0109137
0.0120751
0.0110521
0.0119926
0.0109709
0.0119079
0.0118718
0.0116898
0.0118625
0.0110585
0.0117939
0.0110888
0.011768
0.0113146
0.0112672
0.0117319
0.0113394
0.0116529
0.01131
0.0113102
0.0114851
0.011626
0.0114526
0.0116844
0.0116671
0.0115238
0.0115404
0.0116245
0.011405
0.047086
0.0473252
0.0120083
0.00703075
0.0120595
0.00947589
0.00940536
0.0100137
0.0109224
0.0120743
0.0110392
0.0119912
0.0109766
0.0119066
0.0118712
0.0116867
0.0118613
0.0110624
0.0117921
0.0110922
0.0117673
0.0113157
0.0112684
0.0117308
0.0113404
0.0116519
0.0113109
0.0113111
0.0114852
0.0116254
0.0114529
0.0116838
0.0116665
0.0115237
0.0115403
0.011624
0.0114056
0.00412466
0.00411355
0.00899055
0.0099443
0.00840928
0.00396016
0.00907559
0.00911895
0.00966294
0.00968361
0.0100528
0.0115376
0.0103966
0.0118137
0.0107127
0.0113749
0.0108402
0.0109393
0.0645577
0.010688
0.0193569
0.00803478
0.00432695
0.00338125
0.00635557
0.00759433
0.00855734
0.0104391
0.00546171
0.00515718
0.0233888
0.00916498
0.00365179
0.000820315
0.00768955
0.0087416
0.0104724
0.0101322
0.00842781
0.0117117
0.00957221
0.00999668
0.00988141
0.010207
0.0113625
0.0113747
0.0111537
0.0112538
0.120418
0.0120154
0.0111889
0.00863747
0.0120885
0.011758
0.0108949
0.00919789
0.00985569
0.00997014
0.010712
0.0112848
0.0108335
0.0108931
0.0110466
0.0110832
0.0116482
0.011127
0.0116862
0.0111499
0.0116187
0.0111822
0.0111816
0.0111904
0.0113102
0.0112583
0.0116502
0.0118018
0.0196246
0.00885605
0.00523905
0.00722788
0.0099005
0.0100055
0.0109219
0.0102279
0.0108122
0.0118482
0.0114348
0.0109044
0.0114981
0.0116587
0.0109801
0.0109501
0.0115054
0.0116861
0.0322495
0.0050042
0.0126245
0.0105134
0.0125382
0.0125775
0.0104974
0.0109114
0.0121214
0.0115787
0.0111434
0.0113648
0.0119486
0.0119446
0.0111603
0.0112031
0.0111597
0.011798
0.0118335
0.0112382
0.0117841
0.0115354
0.0115159
0.0117413
0.0117372
0.0114281
0.01137
0.0115282
0.011346
0.0113399
0.0115567
0.0113952
0.0116728
0.0116666
0.0115411
0.0114738
0.0113821
0.0114001
0.00531828
0.0141271
0.0122239
0.0112202
0.0158369
0.013357
0.0113404
0.0110681
0.011115
0.0128139
0.0119037
0.0120859
0.0112623
0.0119076
0.0119202
0.0118392
0.0120513
0.0119682
0.0119459
0.0118655
0.011279
0.011445
0.0118488
0.0112876
0.011857
0.0118061
0.0113146
0.0117402
0.0113974
0.011712
0.0115466
0.0116526
0.0116777
0.0117193
0.0113609
0.0114411
0.011702
0.0113803
0.0116739
0.0115926
0.0116286
0.0116195
0.0116488
0.0116484
0.0114339
0.0116527
0.0116303
0.0114212
0.0856114
0.00581254
0.0122943
0.00611257
0.0122243
0.0119033
0.0120577
0.0120292
0.0119898
0.0109403
0.0109728
0.010434
0.0118564
0.0105917
0.0110413
0.0111261
0.0118575
0.0116461
0.0109793
0.0109986
0.0118021
0.0111697
0.0111047
0.0111765
0.011148
0.0111803
0.011194
0.0112661
0.0116453
0.0116211
0.0113098
0.0113669
0.0116239
0.0112867
0.0113376
0.011491
0.011641
0.0113532
0.0113622
0.0278713
0.0145662
0.014373
0.0128252
0.0143808
0.0110573
0.0125687
0.0129982
0.0110908
0.0123564
0.0112196
0.0111696
0.012376
0.0111675
0.0120302
0.011929
0.0120648
0.0121084
0.0120353
0.0112196
0.0112608
0.0118147
0.0119235
0.0118382
0.0114963
0.01142
0.0118221
0.0113066
0.0113193
0.0117878
0.0117595
0.0113279
0.0117599
0.0117391
0.01163
0.0115457
0.0114896
0.0114224
0.0116836
0.0113753
0.0116378
0.0116655
0.0116483
0.0116527
0.011602
0.0115414
0.0114028
0.0115405
0.0114115
0.0114122
0.0330423
0.0141821
0.0149842
0.0118081
0.0145836
0.0139103
0.0110418
0.0111035
0.0119367
0.011154
0.0112269
0.0121923
0.0124303
0.0120361
0.0121443
0.0118191
0.0113144
0.0120399
0.0119786
0.0112511
0.0113874
0.0113165
0.011824
0.0117272
0.0115014
0.0118521
0.0113104
0.0118303
0.0113279
0.011796
0.0117555
0.0113646
0.0116461
0.0116433
0.0115876
0.0116787
0.0114749
0.0116552
0.0114513
0.0116548
0.0114052
0.0116416
0.0116298
0.0114154
0.0116074
0.0116396
