0.0238459
0.104898
0.0106509
0.00599407
0.0149029
0.0105419
8.00713e-06
0.0115363
0.000178294
0.012625
0.00420972
0.00381966
0.00424039
0.0107866
0.00809669
0.00526397
0.00479599
0.00561769
0.00508462
0.00541277
0.00584016
0.00840513
0.00675224
0.00939902
0.00622405
0.00633349
0.00917534
0.00787877
0.00666472
0.00743741
0.0517718
0.0621216
0.00222606
0.0186181
0.0163362
0.00170113
0.00493618
0.00999561
0.00172046
0.00256756
0.0115941
0.00465866
0.0103705
0.0100822
0.0111697
0.00523397
0.0101491
0.00490789
0.00553884
0.0101952
0.00983467
0.00623395
0.00608537
0.00921705
0.00612992
0.00955514
0.00625298
0.00894134
0.00737362
0.00675953
0.00662072
0.00656881
0.0089211
0.0083494
0.00689153
0.00887658
0.00677481
0.00703731
0.00778552
0.00697869
0.00708009
0.00698197
0.0102098
0.165051
0.015713
0.0108192
0.011524
0.00145753
0.0133155
0.00304287
0.0128286
0.00664852
0.00219782
0.00363803
0.00569961
0.00439552
0.00525028
0.00425421
0.0048284
0.00655955
0.00531869
0.00517192
0.00901199
0.00932088
0.00584264
0.00637188
0.00893906
0.00603652
0.00905177
0.00740135
0.136188
0.0198761
0.00127916
0.0142621
0.000961228
0.0128813
0.0127459
0.0091341
0.00198814
0.00679071
0.003459
0.0107936
0.0105919
0.0087443
0.00952401
0.00644789
0.00521769
0.00544303
0.00657224
0.00802972
0.00951905
0.00944674
0.00860272
0.00862239
0.00929794
0.00691951
0.00862931
0.000987545
0.0117508
0.00266602
0.0104695
0.00848201
0.00298487
0.0107822
0.00462541
0.00546963
0.00652674
0.00855446
0.00593021
0.176248
0.004486
0.0311771
0.0262169
0.0144078
0.00544458
0.00608119
0.0135584
0.0133672
0.000957352
0.0025645
0.0121639
0.00254274
0.00264893
0.010162
0.00465203
0.0038603
0.0104825
0.00726284
0.00675492
0.00962255
0.00931885
0.00612602
0.00581606
0.00614971
0.00574386
0.00708895
0.00606396
0.550287
0.194468
0.0355869
0.0541683
0.00871131
0.0142935
0.00396675
0.0045371
0.0130866
4.33509e-05
0.0034828
0.0024167
0.0108228
0.0108722
0.00401471
0.00430409
0.0101907
0.00980816
0.0095756
0.00544135
0.00678607
0.00649078
0.00950015
0.00942038
0.00865675
0.0060612
0.016644
0.0104248
0.00774003
0.00274186
0.00926501
0.000358608
0.0126803
0.00996498
0.00187239
0.00329917
0.000841201
0.00248631
0.00322171
0.011008
0.00334632
0.0100303
0.00556916
0.00517475
0.00523431
0.00498956
0.00999414
0.00610732
0.00872944
0.00563869
0.00808062
0.00932499
0.00853589
0.00614412
0.00613388
0.00918065
0.589007
0.0194798
0.0015375
0.00896922
0.000899485
0.000455202
0.00265612
0.0131833
0.00261141
0.0124063
0.00406813
0.0114296
0.00737227
0.00539515
0.0107264
0.00408871
0.00687756
0.00558734
0.00510747
0.00683513
0.00554702
0.00967111
0.0055891
0.00944049
0.00602054
0.00781286
0.00643439
0.563788
0.205055
0.0157081
0.0105334
0.0114257
0.00141255
0.0132914
0.0030701
0.0128194
0.00663718
0.00223286
0.00365829
0.00570838
0.00441558
0.00526435
0.00427272
0.00484505
0.00656546
0.00532849
0.00518423
0.0090062
0.00931434
0.00585043
0.00637926
0.00893388
0.00604363
0.00904642
0.00740345
1.50327
0.0129258
0.0630316
0.0332993
0.0118414
0.00472267
4.65437e-05
0.00184817
0.0065621
0.0119312
0.0110519
0.00840069
0.0105528
0.0371533
0.28764
0.0105193
0.00504867
0.0148545
0.0102464
0.000184968
0.0114143
0.000343355
0.0125975
0.00424463
0.00386712
0.00427911
0.0107717
0.00807926
0.005294
0.00482989
0.00564253
0.00511355
0.00543545
0.00585489
0.00839678
0.00676294
0.00938821
0.00623578
0.00634799
0.00916482
0.00787755
0.00667578
0.00744094
0.0205138
0.0146749
0.0299025
0.0191338
0.00135709
0.0170094
0.00319407
0.00257105
0.000399408
0.0122388
0.00655527
0.00308831
0.0110317
0.0105537
0.0113041
0.00984188
0.0107976
0.0101079
0.00913286
0.0083351
0.00810744
0.00557402
0.00853491
0.00568131
0.009806
0.00943319
0.00925466
0.0095607
0.00937047
0.00616292
0.00630006
0.00629047
0.00624274
0.00913537
0.00643933
0.00715736
0.00870386
0.00770068
0.00752508
0.00876525
0.00692265
0.00817244
0.00687256
0.241164
0.00415167
0.0273181
0.0235287
0.0141947
0.00488569
0.00572293
0.0135872
0.0133922
0.00100264
0.00257685
0.0121936
0.00248473
0.00259939
0.010178
0.00459561
0.00381654
0.0105107
0.00724286
0.00672681
0.00964541
0.00934098
0.00608908
0.00579039
0.00611318
0.00570823
0.00706957
0.00602874
0.508926
0.119995
0.0344085
0.00693153
0.0160705
0.00693907
0.013287
0.00541121
0.0133171
0.013018
0.0112023
0.0115463
0.00323712
0.00458294
0.00440796
0.00440599
0.00431714
0.00519507
0.0101904
0.00837943
0.00555867
0.00980528
0.00973213
0.00555981
0.00986677
0.00769932
0.0056934
0.00858446
0.00721514
0.00713367
0.00660458
0.00782561
0.00925257
0.00847209
0.00917273
0.00647069
0.00654466
0.00651509
0.00774751
0.00724897
0.00692451
0.00689256
0.00869529
0.00690705
0.666149
0.0359297
0.0302488
0.0159474
0.0122431
0.000811071
0.00153271
0.00771595
0.00317999
0.00163262
0.00403313
0.00995959
0.00472601
0.00539311
0.00777889
0.0152536
0.0168974
0.016466
0.0153609
0.0130059
0.0132517
0.00305085
0.0128507
0.00346481
0.00371673
0.0119956
0.011464
0.00283754
0.00578554
0.00457412
0.0105948
0.00802286
0.00882304
0.00502837
0.0100173
0.00889439
0.00567291
0.00982038
0.00588631
0.00774753
0.0094228
0.00838312
0.00848981
0.00914856
0.0263685
0.02129
0.00812044
0.0166868
0.0179028
0.0188081
0.00248034
0.00301798
0.00283338
0.0125971
0.00302618
0.00381156
0.0103161
0.0078625
0.0111508
0.0105195
0.00428355
0.00458866
0.0101256
0.00652371
0.0100446
0.00629936
0.00696442
0.005473
0.00570789
0.00562989
0.00781514
0.00611031
0.00946557
0.00736188
0.00859403
0.00632666
0.00620424
0.00894781
0.00635062
0.00707439
0.00665944
0.00726454
0.00826464
0.00675619
0.00738403
0.00834826
0.00869628
0.0084706
0.00963273
0.0133299
0.0338616
0.0031744
0.00527196
0.00155246
0.00163381
0.00153609
0.0112528
0.0110381
0.00684469
0.00835932
0.00659254
0.00985395
0.0093685
0.0596007
0.0205913
0.0144201
0.00776257
0.000978499
0.00878878
0.00167608
0.0106478
0.00347896
0.00353071
0.00446615
0.00460548
0.00540065
0.0187466
0.036131
0.00943521
0.0167652
0.00785467
0.00974983
0.01237
0.00170665
0.00205791
0.00356932
0.00860088
0.00468124
0.0104382
0.010072
0.00987087
0.00666152
0.0079667
0.00578835
0.00943369
0.00611277
0.00631749
0.00779941
0.00634786
0.00704357
0.00892745
0.00744588
0.00891332
0.00881665
0.0187466
0.0327088
0.00844316
0.0167652
0.00739312
0.00940088
0.0123681
0.0017778
0.00213133
0.00360951
0.00857147
0.00470322
0.0104281
0.0100608
0.00986067
0.00666684
0.00796249
0.0057985
0.00942662
0.00612168
0.00632529
0.00779831
0.00635419
0.00704718
0.00892256
0.00744735
0.0089092
0.00881291
0.0194398
0.0159796
0.0120791
0.00205777
0.00209015
0.011896
0.0100156
0.0107261
0.00470921
0.0048157
0.00986062
0.00747927
0.00983821
0.00702783
0.0451741
0.0167022
0.0316573
0.0155232
0.00338192
0.012796
0.0107594
0.00493978
0.00295806
0.00805544
0.00965874
0.00430208
0.00519219
0.10088
0.0139896
0.0136159
0.0110664
0.00127578
0.00860452
0.00250064
0.0032816
0.00245507
0.0121869
0.00329526
0.00841029
0.00352871
0.00435247
0.00457511
0.00436138
0.0103228
0.00930257
0.00801954
0.00978603
0.00764703
0.00934882
0.00604851
0.00642257
0.00610485
0.00663377
0.00700429
0.00739351
0.0082369
0.167177
0.0310677
0.0154417
0.00358119
0.00361447
0.0127335
0.0117536
0.00364588
0.00977439
0.0106312
0.00488029
0.0096395
0.00677755
0.00564091
0.00752243
0.0282925
0.0213616
0.009102
0.0179912
0.0184574
0.0189244
0.00271318
0.00295964
0.00277531
0.0125884
0.00298095
0.00378
0.0103456
0.00790032
0.011147
0.0105147
0.00427824
0.00458192
0.0101216
0.0065356
0.0100407
0.00630898
0.00697329
0.00547418
0.00570862
0.00563382
0.00782035
0.00611232
0.00946161
0.00736686
0.00859404
0.00632923
0.00620846
0.00894465
0.00635535
0.00707917
0.00666499
0.00726857
0.0082634
0.00676159
0.00738745
0.00834615
0.00869216
0.00846762
0.00206061
0.00413629
0.00350526
0.0162437
0.00715475
0.0103042
0.004069
0.00422291
0.00255136
0.00207764
0.00358237
0.00776621
0.00371409
0.0107988
0.0103113
0.0102734
0.00955624
0.00643296
0.00641659
0.00589869
0.00583456
0.00556698
0.00609595
0.00952559
0.00596922
0.0060904
0.00804533
0.00627155
0.00630911
0.00698414
0.00647713
0.00690868
0.00888362
0.0089502
0.00890069
0.0080972
0.00763406
0.00870091
0.00864163
0.00778608
0.00786655
0.00797837
0.00841357
0.0123787
0.0150913
0.00207208
0.0190803
0.000658533
0.0138048
0.00268176
0.00171828
0.00250856
0.00407834
0.0114791
0.011427
0.00401652
0.00415655
0.0105088
0.00515346
0.00890559
0.00520907
0.00996278
0.00959339
0.00573981
0.00934631
0.00592133
0.00902417
0.00678202
0.00617131
0.00913451
0.006564
0.00679777
0.00663252
0.000327475
0.0234514
0.0084708
0.0244231
0.0126891
0.000350007
0.000776305
0.000921153
0.00314766
0.0115392
0.00259537
0.00443249
0.00347902
0.0110211
0.0051333
0.0109246
0.00689213
0.00540796
0.00512102
0.00547491
0.0101175
0.00996072
0.00560314
0.00860589
0.00676929
0.00610866
0.00592342
0.00943807
0.00791201
0.00625177
0.00640477
0.00648338
0.00905656
0.00645349
0.0065223
0.0069995
0.00890885
0.00882738
0.0081645
0.00870597
0.00716238
0.00870293
0.0084482
0.00760005
0.00862468
0.0776071
0.00183813
0.0261304
0.0164166
0.0170423
0.0166136
0.0115851
0.00117344
0.0135005
0.0122985
0.0116863
0.0106132
0.0110899
0.0109128
0.0106125
0.00504421
0.00763092
0.00516842
0.00612805
0.0089962
0.00595103
0.00967277
0.00589211
0.00781491
0.00813254
0.00922367
0.00628965
0.00921296
0.00917865
0.00638712
0.00646407
0.00649829
0.00727922
0.00661345
0.00723832
0.0088208
0.00862414
0.00766722
0.00788211
0.00692254
0.00742465
0.00722899
0.00696647
