0.016124
0.110208
0.00317958
0.000763254
0.0204298
0.00131787
0.0116748
0.0170326
0.0174484
0.0162414
0.0157584
0.0155211
0.0195417
0.018853
0.0173113
0.0183966
0.018816
0.01819
0.0193678
0.0190792
0.0188723
0.0185648
0.0190801
0.0198869
0.0189478
0.0199442
0.0194062
0.0193625
0.0118501
0.0103702
0.017806
0.000743141
0.014874
0.0182864
0.0128794
0.0168816
0.0157598
0.0182393
0.0204444
0.0176893
0.0187297
0.0202822
0.0184191
0.0202114
0.0197669
0.0189097
0.0203603
0.0197802
0.02021
0.0195707
0.0192764
0.0189936
0.0196851
0.0193385
0.020232
0.0193889
0.0201734
0.020025
0.0191888
0.0201243
0.019592
0.0193205
0.0197543
0.0193836
0.0198406
0.0193687
0.0200397
0.0199947
0.0199441
0.0195542
0.0200148
0.019958
0.0196982
0.059039
0.106273
0.0145866
0.0133631
0.0196804
0.0168311
0.0143521
0.0155376
0.0128618
0.0145232
0.0197125
0.0175395
0.016586
0.0189211
0.0175521
0.0179259
0.0176336
0.0179185
0.0181263
0.0195085
0.0201653
0.0187366
0.0192968
0.0187456
0.0187814
0.0979765
0.0170066
0.0440285
0.0121375
0.0123447
0.00486431
0.0181771
0.0194441
0.0199945
0.0175945
0.0135272
0.019413
0.0179555
0.0162428
0.0188759
0.020303
0.0190221
0.0202712
0.0202842
0.0202982
0.0182778
0.0201178
0.0186176
0.0197534
0.0189235
0.0188959
0.019439
0.0195739
0.391904
0.0458329
0.0113045
0.01206
0.00947818
0.0205197
0.0197533
0.0182527
0.0179996
0.0197868
0.0168131
0.0191452
0.0177522
0.0189982
0.0184662
0.0211256
0.0132974
0.0117205
0.0156932
0.0140809
0.00366239
0.00859293
0.0198353
0.0118362
0.0127136
0.0169709
0.01822
0.0206648
0.0161936
0.0184989
0.0181336
0.0165509
0.0188667
0.0175298
0.0193107
0.0178248
0.0199525
0.0200388
0.0191496
0.0190391
0.0187278
0.0182377
0.0184875
0.0189948
0.0185381
0.0910237
0.110486
0.0155937
0.048288
0.00698232
0.0133653
0.00668836
0.014529
0.0182879
0.0145428
0.0178981
0.0172286
0.0149059
0.0145119
0.0202193
0.0160803
0.0162133
0.0165846
0.0185124
0.0176582
0.018375
0.0203131
0.0182213
0.0196683
0.018764
0.0190861
0.0185741
0.0184581
0.019125
0.0157553
0.0466097
0.0083039
0.0207722
0.00421059
0.0206788
0.0179719
0.020479
0.0101064
0.0189323
0.013114
0.0185036
0.0178434
0.0155939
0.0174223
0.0186807
0.0204764
0.0200956
0.0190983
0.0179791
0.0200579
0.0180426
0.0181328
0.0188866
0.0201941
0.0185324
0.0188912
0.0187226
0.0200507
0.0772614
0.00632629
0.00423183
0.0456122
0.00582272
0.0178633
0.00859913
0.00990308
0.0179492
0.0169856
0.016709
0.0181374
0.019164
0.0153965
0.0150614
0.0176284
0.0199332
0.0186024
0.0203134
0.0174766
0.0177751
0.018725
0.0183644
0.019069
0.0200654
0.0187207
0.0186033
0.122985
0.0457426
0.000276469
0.00170049
0.00493598
0.0146938
0.0101602
0.0190872
0.00968267
0.0157234
0.0169574
0.0133741
0.0206312
0.0178086
0.0202084
0.0177251
0.0176496
0.0171332
0.0195341
0.0181291
0.0185037
0.0196825
0.0187353
0.0185142
0.0195678
0.0186213
0.0186165
0.0192453
0.0191731
0.329613
0.207759
0.0439009
0.00785274
0.0160597
0.00247228
0.0156535
0.0148455
0.010599
0.012623
0.0116842
0.0140694
0.0190679
0.0395801
0.00422749
0.0148543
0.0173005
0.00767716
0.0167061
0.0163072
0.0200906
0.0149486
0.0182835
0.0165284
0.0201405
0.0174353
0.0176961
0.0180057
0.0188999
0.0184003
0.018409
0.0196612
0.0187488
0.0200752
0.0189586
0.0192451
0.0192904
0.019035
0.0189544
0.0192809
0.0448215
0.0958111
0.012902
0.0101253
0.0132767
0.0136874
0.0183804
0.0170127
0.0200832
0.0184526
0.0196634
0.0179822
0.0179317
0.0165508
0.0168951
0.0178196
0.0186817
0.0203925
0.0176746
0.0192399
0.0204201
0.0190339
0.0182497
0.0182709
0.018999
0.0188485
0.0195201
0.01882
0.0188989
0.0188021
0.0196527
0.0189923
0.0201935
0.0197438
0.0191437
0.0199879
0.0193499
0.0194337
0.0193307
0.0192919
0.0200053
0.0195326
0.0194548
0.0175026
0.0439806
0.0129464
0.024894
0.0157029
0.00705081
0.0155517
0.0128523
0.0161924
0.0153798
0.0144468
0.0176632
0.0196116
0.0144899
0.0187248
0.0168675
0.0191467
0.0165935
0.0172676
0.01735
0.0179849
0.0186966
0.0178147
0.0190086
0.0201413
0.0190795
0.0183632
0.0191336
0.0185565
0.178946
0.020069
0.0336276
0.000283329
0.0179604
0.0097554
0.0152504
0.0195502
0.0202885
0.0176897
0.0183522
0.0139496
0.0182828
0.0172888
0.0164586
0.0179195
0.0179141
0.0190557
0.0179538
0.0185895
0.0203033
0.0185461
0.0183255
0.0191538
0.0202278
0.0186616
0.0189219
0.0187259
0.0190155
0.0188031
0.019833
0.0198299
0.0199361
0.0190574
0.0201559
0.019208
0.0200666
0.0191921
0.0194161
0.0198794
0.019418
0.019609
0.0193396
0.0193898
0.268653
0.00745277
0.0021106
0.00950344
0.0159021
0.0090163
0.0110263
0.0123801
0.0138983
0.0201675
0.0198353
0.0168086
0.0165645
0.01538
0.00058815
0.00250585
0.0125262
0.0172787
0.0125456
0.0152383
0.0209795
0.0203003
0.0187398
0.0201644
0.0185666
0.0188789
0.0167478
0.018477
0.020427
0.0203186
0.0176823
0.0182521
0.0185059
0.0181901
0.0195627
0.018231
0.0189018
0.0189769
0.0198827
0.0407124
0.000672777
0.0466732
0.0142804
0.0123858
0.00464625
0.00909409
0.0129181
0.013695
0.0157204
0.017395
0.0204722
0.0153264
0.0197906
0.0204158
0.0183356
0.0190397
0.0180616
0.0177413
0.0185844
0.0181769
0.0199903
0.0202939
0.0185443
0.0185277
0.0202038
0.0188736
0.0187671
0.0202441
0.0190014
0.0190115
0.0189561
0.0196587
0.0192106
0.0190396
0.0192114
0.0194244
0.0192812
0.019458
0.0199391
0.0198575
0.0200072
0.0200319
0.0199863
0.294722
0.0423207
0.0123345
0.0116532
0.0188098
0.0199625
0.0174104
0.0188726
0.0186357
0.0153511
0.0203277
0.0188294
0.018731
0.0178292
0.0179283
0.0488932
0.0180063
0.0235247
0.0189481
0.011074
0.00453528
0.00573334
0.017951
0.0116561
0.0134273
0.0172194
0.0157556
0.0168482
0.017258
0.0168675
0.00808231
0.0621079
0.012924
0.0167715
0.011056
0.0149154
0.0134797
0.017846
0.0206117
0.0164094
0.0164483
0.0205128
0.0190334
0.0180886
0.0186199
0.0198044
0.0192323
0.0197586
0.0192558
0.018845
0.0188793
0.0200248
0.019049
0.019829
0.0191127
0.0195476
0.0199185
0.00808231
0.0518803
0.0133893
0.0168937
0.0113773
0.0148774
0.013489
0.0178775
0.0206099
0.0164579
0.0164957
0.0205111
0.0190379
0.0181022
0.0186281
0.0198032
0.0192348
0.019758
0.0192582
0.0188506
0.0188847
0.0200238
0.019053
0.0198287
0.0191162
0.0195487
0.0199179
0.180139
0.0163256
0.0189319
0.0137462
0.0166622
0.0109251
0.014615
0.0164085
0.0177568
0.0178262
0.0196321
0.0204073
0.0172949
0.0200562
0.0191595
0.232167
0.0923916
0.00432153
0.00323676
0.0021323
0.0175964
0.00881306
0.0125994
0.0195018
0.0157937
0.0177082
0.0183954
0.0177728
0.0182347
0.116761
0.0865173
0.0192308
0.0102907
0.0165657
0.0147434
0.0163279
0.0105743
0.0193742
0.0157202
0.0155581
0.0177437
0.0172837
0.02042
0.0201669
0.0180701
0.0196542
0.0183775
0.019853
0.018961
0.0200416
0.019536
0.0188055
0.0186727
0.0187454
0.020152
0.0201755
0.0196889
0.0193108
0.0338912
0.0390219
0.0115486
0.0138661
0.0208946
0.0113037
0.0202139
0.0175207
0.0199705
0.0179271
0.0181433
0.0193706
0.0183929
0.0180179
0.0399309
0.000938485
0.0531348
0.0143712
0.0125275
0.00412053
0.00871308
0.0130765
0.0137423
0.0156506
0.0173599
0.020475
0.0152942
0.0198031
0.0204177
0.0183538
0.0190376
0.0180702
0.0177431
0.0185949
0.0181812
0.0199933
0.0202939
0.0185464
0.0185311
0.0202036
0.0188792
0.0187697
0.0202432
0.0190065
0.0190135
0.0189595
0.019661
0.0192148
0.019043
0.0192136
0.0194255
0.0192851
0.019461
0.019939
0.0198579
0.0200065
0.0200311
0.0199857
0.0212308
0.0212079
0.0444423
0.000362715
0.017013
0.0182056
0.0122794
0.0200075
0.0198308
0.0194191
0.0158493
0.0170963
0.0167685
0.0183525
0.0186313
0.0204622
0.0184087
0.0185672
0.0202325
0.0188533
0.0200159
0.0187557
0.0187599
0.0198684
0.0189291
0.0197728
0.0194784
0.0197159
0.0190968
0.0193285
0.0200405
0.0194874
0.0201408
0.0192508
0.0193288
0.0194239
0.0197662
0.019877
0.0197531
0.0198562
0.0194512
0.0194817
0.0197086
0.00748564
0.0292981
0.0213124
0.02098
0.0148977
0.0204124
0.0147789
0.0126619
0.0184231
0.0139763
0.0181642
0.0181573
0.0205562
0.0178111
0.0171069
0.0174181
0.0189654
0.0188531
0.0182744
0.0184058
0.019854
0.0188459
0.0201727
0.0187228
0.0198772
0.0189347
0.0193285
0.0192753
0.0190829
0.0679768
0.0316527
0.0192476
0.0110623
0.0182941
0.0206994
0.0208701
0.0103738
0.018759
0.017887
0.01586
0.0167741
0.0204792
0.0204669
0.0176827
0.01902
0.0181265
0.0203744
0.019404
0.0194707
0.0188383
0.0193792
0.0203001
0.0202496
0.0195148
0.0198131
0.0190978
0.0191331
0.0190728
0.0191029
0.0199534
0.0193075
0.0194002
0.0192555
0.0193111
0.0194017
0.0193261
0.0193594
0.0200701
0.0198893
0.0198463
0.0200417
0.0198406
0.00696101
0.0381707
0.00979384
0.000511708
0.0167996
0.0208219
0.0169367
0.0185613
0.0134669
0.0206204
0.015918
0.0173747
0.0199798
0.018973
0.018317
0.018702
0.0184691
0.0203349
0.0185719
0.0201903
0.0200712
0.0195357
0.0196169
0.0200239
0.0202175
0.0198174
0.0194378
0.0198648
0.0194194
0.0191889
0.0192642
0.0193528
0.0201125
0.0196715
0.0193783
0.0193842
0.0194814
0.0200369
0.0194098
0.0199481
0.0194626
0.0198529
0.0195057
