0.0748867
0.0128098
0.0165627
0.0149852
0.015933
0.0158423
0.0171921
0.0152732
0.0151818
0.0162415
0.0158341
0.0158837
0.0167475
0.0164832
0.0170995
0.0166139
0.0169395
0.0169864
0.016493
0.0165253
0.0169974
0.0168151
0.0166154
0.0165584
0.0168051
0.0168939
0.0166582
0.0166636
0.0167015
0.0169451
0.0522725
0.0238645
0.0183096
0.0164552
0.0201621
0.0187944
0.0173395
0.0165667
0.0182334
0.0173953
0.0174356
0.0169633
0.0172674
0.0166242
0.0168078
0.0173282
0.0172448
0.0172456
0.0166456
0.017074
0.0171595
0.0168414
0.0170165
0.0170964
0.0167109
0.0166921
0.0166944
0.0170303
0.0167072
0.0169778
0.0170247
0.0167528
0.0169769
0.0168511
0.0168149
0.0169547
0.01699
0.0169509
0.016906
0.0169547
0.0169225
0.0842193
0.0121112
0.00722659
0.0131191
0.0116995
0.00973725
0.0130153
0.0150827
0.0172673
0.0171477
0.0169108
0.0155711
0.0158616
0.0158224
0.0163313
0.0169925
0.017042
0.0168856
0.0170353
0.0163849
0.0163817
0.0165657
0.0164618
0.016556
0.016602
0.0166145
0.0166696
0.0165967
0.0169751
0.0802113
0.0237719
0.0175105
0.0158075
0.0121796
0.0161611
0.0138364
0.0165836
0.0172313
0.0153098
0.01709
0.0162624
0.016374
0.0159549
0.0170551
0.0160741
0.0166035
0.0162602
0.0163633
0.0165373
0.0164121
0.0165373
0.0165315
0.0168601
0.0165352
0.0165558
0.0169866
0.0168919
0.0169189
0.0166049
0.00701919
0.0122979
0.00959756
0.013094
0.0164518
0.0152656
0.0164197
0.0168671
0.0161228
0.0170558
0.0170557
0.0162992
0.0164219
1.48502
0.050226
0.00968095
0.00956772
0.0143227
0.0129155
0.0145224
0.0172383
0.0165909
0.0162112
0.0166367
0.0160215
0.0166176
0.0163245
0.0157308
0.0158633
0.0170905
0.0170289
0.0166657
0.0163048
0.0162983
0.0167013
0.0167066
0.016524
0.0164328
0.0168604
0.0167195
0.0164973
0.0164917
0.161741
0.00991593
0.0106608
0.0156932
0.0130719
0.00656866
0.0119738
0.0165188
0.0161373
0.0149049
0.0159053
0.016331
0.0157064
0.0156518
0.0166644
0.0159418
0.0160736
0.0170068
0.0163071
0.0162395
0.0162562
0.0163421
0.0168492
0.0165011
0.0165275
0.0168878
0.0165049
0.0169492
0.059154
0.161105
0.0175102
0.0161085
0.00898316
0.0155784
0.0146057
0.0151284
0.0172332
0.014728
0.0155283
0.0168215
0.0166011
0.0163597
0.0162298
0.0164205
0.0165418
0.0163706
0.0163939
0.0163938
0.016456
0.016453
0.0166515
0.0168876
0.0165306
0.016595
0.0165872
0.110128
0.0336446
0.0152122
0.0165625
0.0143693
0.00962139
0.0115764
0.0141823
0.0139343
0.0144757
0.0165451
0.0150197
0.0170849
0.0158086
0.0163857
0.0158932
0.0170522
0.0165465
0.0163319
0.0165419
0.016952
0.0164337
0.0162843
0.0163408
0.0168853
0.0164104
0.0164526
0.0165514
0.0165403
0.207924
0.0122774
0.00764331
0.0132525
0.0118328
0.00990641
0.013081
0.0151105
0.0172669
0.0171471
0.01691
0.0155811
0.015869
0.0158305
0.0163342
0.0169919
0.0170414
0.0168854
0.0170347
0.0163874
0.0163847
0.0165669
0.0164638
0.0165573
0.0166035
0.0166155
0.0166702
0.0165979
0.0169746
0.237531
0.134578
0.00788349
0.00629448
0.0116209
0.00781998
0.0172183
0.00984263
0.0147169
0.0146755
0.0132508
0.0170549
0.0144864
0.0161483
0.0159432
0.0638959
0.0137263
0.0165697
0.0151196
0.0159676
0.015832
0.0171917
0.0153324
0.0152253
0.0162524
0.0158556
0.0159034
0.016747
0.0164869
0.0170982
0.0166161
0.0169385
0.0169851
0.0164967
0.0165284
0.0169963
0.0168154
0.0166172
0.0165619
0.0168056
0.0168935
0.0166598
0.0166657
0.0167031
0.0169443
0.020517
0.0180836
0.0153089
0.0158957
0.015274
0.0181616
0.017409
0.0172958
0.0175198
0.0173544
0.0172638
0.0161936
0.0173
0.0171079
0.0172236
0.0164764
0.0171187
0.0171743
0.0165487
0.0165832
0.0171257
0.0165529
0.0165577
0.0165649
0.0168771
0.0169931
0.0166187
0.0170313
0.0169678
0.0166833
0.0169868
0.0169954
0.0169647
0.0166898
0.0169775
0.0169689
0.016718
0.0167148
0.0167768
0.0168448
0.016771
0.0169384
0.256644
0.0500126
0.00936397
0.0101174
0.0141854
0.0127064
0.0145696
0.0172348
0.0165617
0.0162142
0.0166176
0.0160216
0.016603
0.0163229
0.0157167
0.015852
0.0170923
0.0170297
0.0166577
0.016289
0.0162825
0.0166951
0.0167006
0.0165188
0.0164205
0.0168592
0.0167145
0.0164867
0.016481
0.0154471
0.0186655
0.0746518
0.0183796
0.0176611
0.017342
0.0177087
0.0179463
0.0170386
0.0173599
0.0163805
0.0171078
0.017268
0.0172011
0.0165148
0.0164984
0.0165656
0.0171392
0.0165455
0.016999
0.017102
0.017086
0.0170681
0.0167717
0.0168135
0.0166971
0.0166473
0.0170294
0.0166598
0.016735
0.0166761
0.0169875
0.0169398
0.0166983
0.0169189
0.0169702
0.0169505
0.0167295
0.0167753
0.0168543
0.0169113
0.0134298
0.0173382
0.0150678
0.0157902
0.0118373
0.0157111
0.0148805
0.015813
0.0164105
0.0161662
0.0159351
0.0158176
0.0786929
0.00507873
0.0153278
0.0136417
0.0120565
0.0156972
0.0119784
0.0131739
0.0154374
0.0166296
0.0162051
0.0151399
0.015617
0.0169549
0.0168163
0.0158032
0.0163439
0.0168961
0.0161452
0.0170321
0.016795
0.0170425
0.0164545
0.0164779
0.0166645
0.0169991
0.0166464
0.0167184
0.0187454
0.0151515
0.0129881
0.0151045
0.0169922
0.0149649
0.0173461
0.0174367
0.0175732
0.0172798
0.0172757
0.0164172
0.0164064
0.0163562
0.0163724
0.0164415
0.0164725
0.0165577
0.0165418
0.0165511
0.0165402
0.0170953
0.0170636
0.0165832
0.0166257
0.016664
0.0170422
0.0167906
0.016709
0.0170215
0.0166979
0.0166633
0.0166633
0.0168421
0.0169598
0.0166958
0.0168496
0.0166939
0.0167019
0.0167326
0.0167362
0.0167445
0.0167343
0.0169339
0.0168122
0.0820684
0.0128959
0.00941376
0.0128594
0.0160628
0.0127261
0.0163823
0.0157494
0.0157811
0.0161212
0.0159329
0.0162832
0.0162993
0.0351122
0.00572493
0.00733914
0.0128918
0.0165453
0.0172781
0.0171191
0.0142936
0.0170546
0.0155599
0.0168423
0.0169733
0.0159736
0.062503
0.0172927
0.0174385
0.0168946
0.0145472
0.017021
0.0172294
0.0159669
0.017233
0.0172051
0.016362
0.0163237
0.0170446
0.0168821
0.0168525
0.0170787
0.0170408
0.0168308
0.0166324
0.0166067
0.0166236
0.0169561
0.0169774
0.0169125
0.0169443
0.0168845
0.016946
0.0167057
0.859251
0.0172927
0.0174385
0.0168912
0.0146319
0.0170079
0.0172249
0.015985
0.0172317
0.0172042
0.0163668
0.0163291
0.0170428
0.0168806
0.0168514
0.0170779
0.0170402
0.0168305
0.0166334
0.0166079
0.0166247
0.0169555
0.0169769
0.0169121
0.0169439
0.0168842
0.0169456
0.0167063
0.0643901
0.00613307
0.0133502
0.0115612
0.0173364
0.0158174
0.0144833
0.0157544
0.0155862
0.016441
0.0161296
0.0162033
0.0163806
0.0162835
0.250753
0.00449885
0.00347552
0.0100037
0.0158449
0.0135802
0.0148145
0.0169576
0.0143594
0.014887
0.0162604
0.0159353
0.0169031
0.0167418
0.0163964
0.165737
0.0540078
0.0175527
0.00393659
0.015502
0.0173092
0.0169441
0.0154528
0.0154833
0.0153697
0.0160593
0.0155131
0.0171353
0.0160092
0.0166621
0.017097
0.0163043
0.0163914
0.0164052
0.0170179
0.0168988
0.0167224
0.0166339
0.0166635
0.0168967
0.0165682
0.0166181
0.0165969
0.0166249
0.0155374
0.0154639
0.0161302
0.0160108
0.0159057
0.0158923
0.0170114
0.0163754
0.0160291
0.0162309
0.01661
0.0165661
0.0145521
0.0193855
0.0131743
0.0150818
0.0150104
0.017545
0.0177807
0.0161177
0.0173247
0.0162649
0.0162919
0.0162914
0.0171908
0.0172487
0.0164712
0.0164022
0.0164448
0.0168287
0.017019
0.0165561
0.0170764
0.0170981
0.0170628
0.0165852
0.0168323
0.0165979
0.0166092
0.0166398
0.0167649
0.0170213
0.0169619
0.0168947
0.0167034
0.0169887
0.0169875
0.0167224
0.0167706
0.0168261
0.0169456
0.0167623
0.0168219
0.0169374
0.0168817
0.0169155
0.0017984
0.0180989
0.0162924
0.0179245
0.020272
0.0193928
0.0165901
0.0183147
0.0172484
0.0178258
0.0171898
0.0165106
0.0174636
0.0172906
0.0169673
0.0165846
0.0165969
0.0173153
0.0171864
0.0170815
0.0168034
0.0166617
0.0171339
0.0171163
0.0166805
0.017061
0.017071
0.0170492
0.0167137
0.0169914
0.0170089
0.0169731
0.0170069
0.0169505
0.0169605
0.0167474
0.0168235
0.016836
0.0167425
0.0167421
0.0169335
0.0169237
0.0167598
0.0169394
0.0918455
0.013101
0.00184053
0.00960995
0.0142051
0.0172858
0.0158724
0.017213
0.0156183
0.0164424
0.0171546
0.0171041
0.0164365
0.0163602
0.0170785
0.016975
0.016481
0.0165235
0.0170179
0.0166071
0.0166255
0.0169928
0.0166488
0.0166205
0.0166892
0.0166425
0.0168751
0.0166708
0.0259756
0.0434256
0.0253789
0.0231529
0.0163915
0.0178708
0.0179621
0.0164413
0.0165147
0.0175487
0.0168424
0.0174808
0.0174535
0.0167641
0.0169912
0.0171537
0.0166803
0.0170715
0.0171054
0.0171681
0.0171693
0.0170599
0.0167605
0.0171206
0.0167141
0.017087
0.0166771
0.0169764
0.017048
0.0167078
0.0167642
0.0169964
0.016704
0.0168852
0.0167471
0.0167543
0.0168385
0.016832
0.0169764
0.0167825
0.016741
0.0168089
0.016897
0.0168931
0.0167533
0.0276308
0.0331263
0.0214499
0.0171184
0.0185066
0.019125
0.016617
0.0172156
0.0177884
0.0176485
0.0166499
0.0171738
0.0165878
0.0171081
0.0174574
0.0172976
0.0171853
0.0173392
0.0166247
0.0172435
0.0170823
0.0166671
0.0168105
0.0170965
0.0170519
0.0171006
0.0169449
0.0167287
0.0169859
0.0169819
0.0169653
0.0168432
0.0169225
0.0167695
0.0167187
0.0169761
0.0168358
0.01694
0.0167455
0.0169501
0.0167514
0.0169412
0.016756
0.0169393
