0.0749272
0.0111436
0.0129858
0.0156546
0.0125893
0.0145416
0.0151694
0.0175521
0.0153909
0.0159085
0.016043
0.0162823
0.0174874
0.0162927
0.0164915
0.0172821
0.0168361
0.0168259
0.0170075
0.017358
0.0171451
0.0173357
0.0168122
0.0169174
0.0168073
0.0168787
0.0169031
0.017132
0.619547
0.0170972
0.0169471
0.02259
0.0208203
0.0175372
0.0202751
0.016608
0.0187534
0.0182999
0.017962
0.0182029
0.0179289
0.017714
0.0177884
0.0167663
0.0168195
0.0167794
0.0176421
0.0170214
0.017498
0.0172294
0.0174303
0.0168435
0.0170248
0.0168791
0.0173975
0.016989
0.0173499
0.0172399
0.0173562
0.016932
0.0173351
0.0170665
0.0173011
0.0170118
0.0169466
0.0169444
0.0172856
0.0170681
0.0172436
0.0171339
0.0171254
0.0171004
0.0169921
0.0126797
0.0143163
0.00960149
0.0138488
0.010125
0.0173838
0.0139431
0.0175966
0.0166974
0.0174248
0.0164172
0.0160844
0.0160078
0.0161142
0.0163
0.0164043
0.0163383
0.0164088
0.0166116
0.0171253
0.0165957
0.0166227
0.0172001
0.0170691
0.017296
0.0171126
0.0171888
0.0172551
0.0205472
0.013335
0.0168011
0.00674977
0.0149543
0.0146764
0.0160094
0.017658
0.0173798
0.0170946
0.0175451
0.0175718
0.0168231
0.0165274
0.0163665
0.0175074
0.0169846
0.0167823
0.0165617
0.0166208
0.0165771
0.0172248
0.0172976
0.0168344
0.0173075
0.0167815
0.017137
0.0168502
0.0168626
0.14086
0.01565
0.0157018
0.0107488
0.0146041
0.0163213
0.0155511
0.0174572
0.0163886
0.0169673
0.016827
0.0173328
0.01669
0.13979
0.00881691
0.0141011
0.0124573
0.0172904
0.0177012
0.013995
0.0172844
0.0175599
0.0152762
0.0162759
0.0169764
0.017574
0.0164049
0.0162316
0.0162859
0.0161933
0.0174485
0.0168356
0.0165626
0.0165836
0.0166369
0.0169907
0.0171206
0.016918
0.0171165
0.0172165
0.0169461
0.142844
0.00927546
0.0060384
0.0173537
0.0134847
0.0126449
0.0123806
0.0175398
0.0164699
0.0160522
0.0167636
0.0175523
0.015389
0.0159277
0.0168716
0.0171136
0.0163094
0.0161785
0.0161834
0.0174035
0.0168108
0.0163477
0.0165662
0.0165057
0.017164
0.0165899
0.0170769
0.0166824
0.0167978
0.0167538
0.0837859
0.0125943
0.0022871
0.0135422
0.0116645
0.0143759
0.0135374
0.0173376
0.0144
0.0170198
0.0163476
0.0174744
0.0164187
0.016261
0.0174919
0.0164141
0.0164836
0.0168444
0.0173335
0.017258
0.0173668
0.0172906
0.0171268
0.0167947
0.016823
0.0172803
0.0172223
0.0171852
0.0171653
0.00283814
0.429696
0.00501318
0.0157991
0.0152633
0.0169181
0.0168333
0.0170824
0.0172706
0.0141832
0.0164699
0.0164906
0.0168159
0.0160067
0.015943
0.0159451
0.0170331
0.0167871
0.0166768
0.0172147
0.016361
0.0165256
0.0169813
0.0166513
0.0166822
0.0166566
0.0166436
0.0166978
0.0168183
0.0171362
0.0105909
0.0118778
0.008627
0.0104688
0.0117183
0.0147706
0.0138685
0.0162657
0.0173522
0.0148481
0.0173405
0.0156386
0.0159404
0.0174806
0.0162005
0.016746
0.0163417
0.017444
0.017373
0.0174042
0.0165326
0.0172748
0.0167302
0.0166557
0.0167112
0.0167861
0.0167737
0.0168261
0.0171456
0.016806
0.180605
0.00696308
0.0138817
0.0134927
0.00948015
0.00769403
0.00895418
0.0100041
0.0119895
0.0150744
0.0161119
0.0162407
0.0148081
0.0149802
0.0153562
0.103983
0.00613947
0.0171875
0.0151689
0.0163955
0.0164171
0.0175676
0.0175745
0.0154138
0.01667
0.0175313
0.0165664
0.0170396
0.016491
0.0165787
0.0167082
0.016551
0.0167199
0.0166705
0.0171705
0.0173565
0.0173144
0.0171519
0.0171905
0.0168117
0.0169782
0.017081
0.016877
0.0168899
0.0227521
0.0383
0.0113905
0.0149886
0.0150683
0.0170579
0.0180803
0.0161011
0.0179772
0.017739
0.017964
0.0166192
0.017691
0.0165793
0.0176674
0.0171524
0.0176036
0.0166731
0.017514
0.016746
0.0174898
0.0167393
0.0167688
0.0173593
0.0174084
0.017308
0.0170548
0.0172991
0.017096
0.0173516
0.0170181
0.0172233
0.0172186
0.0172116
0.0168877
0.0169655
0.0172251
0.0169192
0.0172626
0.0170956
0.0171684
0.0172146
0.0171416
0.0172377
0.163283
0.0535161
0.0180727
0.00140408
0.0150865
0.0147676
0.0143624
0.017359
0.0151931
0.0167829
0.0154731
0.0170613
0.0155359
0.0157
0.0173695
0.0165635
0.016311
0.016286
0.0165084
0.016529
0.0164625
0.0165085
0.0165766
0.016606
0.0172859
0.0167258
0.0167135
0.0169659
0.0573807
0.000608829
0.0143547
0.0154009
0.0191821
0.0164094
0.0186638
0.0186201
0.0159423
0.0163324
0.0170603
0.0165575
0.0164147
0.0176883
0.0176983
0.0175409
0.0174914
0.0174793
0.0174825
0.0167471
0.0174873
0.0167565
0.0172607
0.0168076
0.017376
0.0168173
0.0173592
0.0173547
0.0172945
0.0169694
0.0168902
0.0173049
0.0173257
0.0169914
0.0173075
0.0168893
0.0172823
0.0170911
0.0171393
0.0170473
0.0172612
0.017145
0.0169516
0.0169738
0.0171617
0.0383576
0.0156089
0.00597222
0.01003
0.00947773
0.0152065
0.0131039
0.0133187
0.0175411
0.0156999
0.0154002
0.0162451
0.0159246
0.016279
0.0450903
0.00554018
0.00123883
0.0179431
0.017193
0.0132741
0.0171055
0.0149419
0.0154238
0.0141744
0.0163671
0.0169449
0.0163736
0.0162266
0.0164853
0.0159205
0.0161907
0.0163498
0.0168417
0.0164907
0.0173532
0.0165383
0.0166036
0.0166866
0.0170868
0.0170869
0.0167192
0.0172199
0.0169218
0.0127045
0.00957152
0.0188758
0.0163607
0.0162541
0.0159338
0.0164382
0.0164615
0.0160494
0.0177603
0.0165564
0.0168135
0.0163657
0.0166169
0.0164551
0.0165183
0.017533
0.0175046
0.0174719
0.0170355
0.0174399
0.0174412
0.0168226
0.016749
0.0169356
0.0167807
0.0169627
0.0168347
0.0168521
0.0168723
0.016909
0.0173185
0.0168594
0.0173022
0.0168756
0.0172915
0.016894
0.0169192
0.0171382
0.0172003
0.0172576
0.0172401
0.0171358
0.0170318
0.0273613
0.0206367
0.0175732
0.0173123
0.0150823
0.0158551
0.0159411
0.0153764
0.0150972
0.0156335
0.0163836
0.0166644
0.017233
0.0164809
0.00189311
0.0127104
0.0154058
0.0164038
0.0158583
0.0173384
0.017015
0.0171561
0.0164042
0.0159339
0.0161256
0.0161523
0.0598763
0.00692527
0.0160939
0.0180321
0.0174854
0.015795
0.0157129
0.0157637
0.0161818
0.0176964
0.0163606
0.0175454
0.016539
0.0173046
0.017195
0.0166199
0.0167427
0.0173888
0.0173626
0.0169083
0.0169343
0.0170565
0.0168324
0.0169295
0.0168904
0.0169971
0.0171509
0.0170115
0.0172417
0.0170573
1.01167
0.00841965
0.0161224
0.0180319
0.0174597
0.0158036
0.0157423
0.015786
0.0161907
0.0176933
0.0163686
0.0175442
0.0165439
0.0173018
0.017193
0.0166237
0.0167451
0.0173879
0.0173616
0.0169093
0.0169351
0.0170565
0.0168337
0.0169304
0.0168914
0.0169976
0.0171506
0.0170119
0.0172411
0.0170574
0.0111057
0.0138126
0.0133867
0.017428
0.0144054
0.0141976
0.0146729
0.0176284
0.0158023
0.0165234
0.0172713
0.0165718
0.0164817
0.233154
0.0113018
5.43349e-05
0.0166968
0.014045
0.0144998
0.0154752
0.0148111
0.015602
0.0150691
0.0156244
0.0165643
0.015943
0.0160657
0.0161009
0.138704
0.041289
0.0103106
0.00903591
0.0151207
0.0177414
0.0156336
0.0176944
0.0149962
0.0163686
0.0160361
0.016297
0.016851
0.0161437
0.0168178
0.0173164
0.0164926
0.0172103
0.0166184
0.0165671
0.0169099
0.0172631
0.0167293
0.0168537
0.0168262
0.0167878
0.0168101
0.0168425
0.017263
0.00331794
0.00898395
0.012731
0.0176762
0.0147614
0.0156651
0.0161749
0.0161282
0.016008
0.0162732
0.0163179
0.0164632
0.0171955
0.0167891
0.0106955
0.00967139
0.0188899
0.0163468
0.0164313
0.0159159
0.0164287
0.016453
0.0160384
0.0177602
0.0165525
0.0168359
0.0163686
0.016615
0.0164567
0.0165199
0.0175387
0.0175098
0.0174714
0.0170413
0.0174395
0.017441
0.016826
0.0167497
0.0169392
0.0167819
0.0169657
0.0168365
0.0168539
0.0168744
0.0169112
0.017318
0.0168606
0.0173024
0.0168766
0.0172916
0.0168952
0.0169207
0.0171392
0.0172008
0.0172573
0.0172396
0.0171365
0.017033
0.0153555
0.0198984
0.0259812
0.0185788
0.0168536
0.0189911
0.0170235
0.0180046
0.016532
0.0183901
0.0166165
0.0166921
0.0175017
0.0166957
0.0166971
0.0175714
0.0175205
0.0169484
0.0173837
0.0171838
0.0169004
0.0174766
0.0172633
0.0173972
0.0170253
0.017149
0.0168853
0.0173218
0.0173588
0.0171727
0.0169168
0.0172903
0.0169179
0.0169221
0.0169785
0.0169984
0.0172655
0.0172705
0.0172615
0.0171948
0.0170443
0.016981
0.0172359
0.0171704
0.367646
0.000553586
0.0177616
0.0106501
0.0158534
0.0177559
0.0171803
0.0156935
0.0171
0.0157295
0.0175684
0.0168394
0.017107
0.0164711
0.0165917
0.0165963
0.0166257
0.0167241
0.0171721
0.0167451
0.0167765
0.0172219
0.0168266
0.0168682
0.0168713
0.0171894
0.0171641
0.0106432
0.0363236
0.0351112
0.0169918
0.0183778
0.0173532
0.0179412
0.0188636
0.0164918
0.0165784
0.0170534
0.0175403
0.017265
0.0177067
0.0167324
0.0167383
0.0174861
0.0175475
0.0174154
0.0173949
0.0168359
0.0174415
0.0170975
0.0174051
0.0169377
0.0171765
0.0168904
0.0173097
0.0171204
0.0169063
0.017313
0.0172748
0.0172048
0.0172833
0.0169529
0.017112
0.0170278
0.0170814
0.0172566
0.0169789
0.0170898
0.0169912
0.0554961
0.0171637
0.0352985
0.0168948
0.0164991
0.0177886
0.0167433
0.019731
0.0179908
0.0166339
0.0166734
0.0167466
0.0168674
0.0167304
0.0176238
0.0170966
0.0174925
0.0174027
0.0168533
0.0170064
0.0174375
0.017513
0.0168482
0.0168892
0.0174599
0.0173724
0.0173893
0.0169649
0.0169006
0.0169036
0.0169542
0.0173074
0.0173276
0.0172938
0.016944
0.0173075
0.0172947
0.0172259
0.017239
0.0170813
0.0170618
0.01725
0.0172262
0.0171121
0.0172151
