0.0947131
0.00303821
0.00228175
0.0146164
0.0114916
0.00553351
0.0118236
0.0110453
0.0114866
0.00757791
0.00816433
0.0110322
0.00700233
0.0069621
0.01079
0.0102676
0.0083881
0.0108043
0.0091903
0.008727
0.00848302
0.0103697
0.00871813
0.00934463
0.00942927
0.00885149
0.00886624
0.00893546
0.00909284
0.0651174
0.0651174
0.00377052
0.00633179
0.0118537
0.0118423
0.0109825
0.011416
0.00812454
0.00737994
0.0113512
0.00742525
0.0113033
0.0111409
0.00779746
0.00801657
0.00977783
0.0106543
0.00936117
0.0107378
0.0107132
0.00940903
0.0106571
0.00892017
0.00921344
0.00886261
0.00896619
0.00992295
0.00908132
0.0104559
0.00955878
0.00977203
0.0103852
0.00917946
0.00917294
0.00983694
0.0092425
0.00932435
0.0101136
0.00947158
0.00938343
0.00934204
0.0100355
0.0101827
0.0766823
0.570708
0.0176211
0.00681057
0.0110978
0.000631288
0.00663845
0.00359491
0.00222692
0.00492308
0.00415976
0.00480404
0.00780436
0.0112775
0.0078422
0.0111029
0.00993199
0.00803355
0.00825825
0.00854287
0.00844212
0.0107086
0.0082028
0.009255
0.00849289
0.00986921
0.00861068
0.00879287
0.00907016
0.298244
0.273439
0.00818315
0.00267181
0.0067149
0.00860876
0.00188935
0.0106892
0.00273138
0.00401534
0.00363247
0.00612937
0.00782854
0.00599332
0.00841167
0.00817384
0.0105143
0.00840501
0.00842177
0.00840113
0.0103368
0.00891106
0.00848276
0.00925787
0.00857516
0.00949041
0.0087063
0.00973934
0.0088911
0.358571
0.0836429
0.00424872
0.00139433
0.0012793
0.00986114
0.00623044
0.00554128
0.00538516
0.00779107
0.00732371
0.00768821
0.00779831
0.00938425
0.49434
0.0680427
0.013455
0.0362183
0.00279258
0.00745676
0.0109642
0.0105142
0.0119
0.00341065
0.00663537
0.0112982
0.00614312
0.00931968
0.00779577
0.0109895
0.00803472
0.00736491
0.00859041
0.0107725
0.00850867
0.0101002
0.0101795
0.00979725
0.00894384
0.00988005
0.00869488
0.573428
0.30445
0.00349584
0.0197547
0.00199302
0.00830512
0.00742862
0.00424231
0.00494949
0.0010221
0.0116114
0.0029244
0.0064259
0.00523633
0.00835393
0.00571172
0.00677831
0.00630575
0.00697894
0.0109071
0.00834528
0.00891674
0.00944819
0.0107867
0.00857676
0.0085332
0.00926431
0.00894856
0.0152291
0.0166329
0.00813505
0.0114581
0.0111079
0.00260095
0.00772433
0.00407547
0.00531393
0.0079063
0.00596571
0.00966484
0.00825265
0.0101588
0.0108841
0.0107522
0.0105132
0.00812765
0.00818661
0.00813975
0.00946864
0.00983721
0.0104835
0.00864612
0.010429
0.00910293
0.513746
0.261281
0.0138245
0.00248751
0.0125068
0.00307855
0.00115739
0.0114701
0.00288906
0.0034994
0.0115737
0.00719444
0.00542904
0.0112901
0.0107759
0.0107272
0.00821744
0.0107129
0.00792109
0.00784514
0.00942428
0.00848727
0.00818019
0.00915442
0.00839085
0.00862554
0.00866258
0.0224931
0.228481
0.0175226
0.00682689
0.0110989
0.00047562
0.00662429
0.00362665
0.00230099
0.00494889
0.00420765
0.00484419
0.00781363
0.0112744
0.00785123
0.0110998
0.00993
0.00804361
0.00826682
0.0085478
0.00844778
0.0107057
0.00821147
0.00925787
0.00849911
0.009869
0.00861662
0.00879762
0.00907422
5.42712
0.15659
0.015772
0.0127398
0.00500495
0.00686017
0.00620626
0.00334512
0.0113498
0.00481899
0.0111322
0.00697835
0.15415
0.00306498
0.00232649
0.0128513
0.0114895
0.00543993
0.0118204
0.0110309
0.0114791
0.00757236
0.00815561
0.0110205
0.007045
0.00700474
0.0107816
0.0102606
0.00840323
0.0107984
0.00919561
0.00873587
0.00849559
0.010365
0.00873022
0.00934932
0.00943306
0.00886058
0.00887506
0.0089438
0.00910036
2.31999
2.31999
0.0679048
0.00546112
0.00308447
0.00867482
0.00614142
0.00656445
0.001438
0.0115993
0.00989184
0.00993883
0.0113765
0.00592566
0.0102352
0.00891785
0.0110548
0.0109813
0.0109558
0.0103679
0.0082184
0.00849955
0.00848677
0.00869745
0.00952053
0.0103088
0.00899817
0.0105595
0.00876855
0.00879348
0.0105412
0.00904083
0.00934219
0.00968143
0.0100262
0.00952156
0.0091199
0.00912974
0.0101047
0.00995358
0.0102505
0.00925553
0.00922582
0.00921432
0.112269
0.071688
0.0134616
0.0371979
0.0029768
0.00689784
0.0109251
0.0104714
0.0119124
0.00331681
0.00655788
0.0113073
0.00611208
0.00929768
0.00774821
0.011001
0.00801681
0.00731928
0.00857788
0.0107844
0.00847702
0.0101022
0.0101833
0.00979407
0.00892073
0.00987914
0.00866586
0.084373
0.0179034
0.0688064
0.00347861
0.00987431
0.00405772
0.00409804
0.00346861
0.00668604
0.00527083
0.011256
0.0113895
0.00993101
0.0113279
0.0112466
0.0110277
0.00747308
0.00771477
0.0107921
0.00900669
0.0102862
0.00848161
0.00833454
0.0100845
0.0105893
0.00868636
0.00897077
0.00872819
0.0086751
0.0103219
0.0100884
0.0100854
0.0104835
0.00998282
0.0093187
0.00905796
0.00998456
0.0091697
0.010003
0.0103099
0.0102798
0.00927575
0.0102095
0.160484
0.0740761
0.0149792
0.011606
0.00542941
0.0118023
0.00435437
0.0102025
0.0114363
0.0111774
0.00633354
0.0100406
0.0104787
0.209793
0.00119522
0.0162168
0.00936609
0.00578054
0.005224
0.000341472
0.00330711
0.00529994
0.00742764
0.00352489
0.0113055
0.00752978
0.00664999
0.00839147
0.00755751
0.00746674
0.0108564
0.0105311
0.0101989
0.00776272
0.00823665
0.0106651
0.00932215
0.00867138
0.00846661
0.00861535
0.0086362
0.0288475
0.0021213
0.0262985
0.0123224
0.0115042
0.0122113
0.00351323
0.00709481
0.0022491
0.00999496
0.0113872
0.0066715
0.00613425
0.00630421
0.00661963
0.0074749
0.00752996
0.00739159
0.0101739
0.00783825
0.0104874
0.00837526
0.010511
0.0107114
0.0104769
0.00892975
0.0105242
0.00942058
0.0100076
0.0102137
0.00887415
0.0100275
0.00897729
0.00940995
0.010294
0.00958704
0.0090197
0.00908925
0.00934845
0.0103431
0.00965104
0.0096663
0.00938995
0.560334
0.0123003
0.0165208
0.00655291
0.00232491
0.0063243
0.00573711
0.0114219
0.00737406
0.00683172
0.00724199
0.00735379
0.00794912
0.0085868
0.054596
0.0070885
0.0256694
0.0254789
0.002919
0.00311312
0.0117064
0.00143632
0.0114993
0.0053732
0.00731159
0.00628669
0.00642417
0.00687016
0.00851139
0.0440705
0.0035803
0.0053107
0.00128615
0.00276784
0.00170218
0.00676372
0.00624729
0.0113562
0.00723287
0.0111614
0.00784613
0.00984707
0.0082022
0.00778689
0.0085985
0.0106577
0.0105085
0.00886906
0.00899205
0.00868701
0.00900945
0.00944773
0.00919138
0.0103332
0.00924311
0.00951707
0.0100411
0.0438515
0.00400921
0.00434908
0.00169854
0.00260642
0.00130024
0.00681468
0.00630634
0.0113497
0.00726385
0.0111571
0.0078635
0.00983867
0.00821377
0.00780305
0.00860517
0.0106538
0.0105047
0.00887341
0.00899652
0.00869316
0.00901389
0.00944939
0.00919461
0.0103312
0.00924597
0.00951844
0.01004
0.464998
0.0103013
0.0111584
0.00764878
0.00531363
0.0101797
0.00594705
0.0104946
0.00677065
0.00757221
0.00823534
0.0106795
0.0102131
3.57831
0.00575299
0.018996
0.00406676
0.000385705
0.00424089
0.004084
0.00986284
0.00493684
0.00702428
0.00985201
0.00871831
0.00725424
0.361934
0.0429139
0.00505105
0.00619095
0.00839797
0.0110177
0.00348298
0.00720134
0.00648511
0.00875158
0.0100539
0.00658276
0.0107765
0.00824822
0.0111464
0.00906271
0.0108186
0.00788282
0.0108538
0.00870285
0.00872827
0.0104771
0.00877195
0.00864176
0.0102152
0.0104783
0.00995236
0.0100798
0.0102657
0.442234
0.00492644
0.00513411
0.0105128
0.00205649
0.00722622
0.00495735
0.0111015
0.00747963
0.00951434
0.00904153
0.0106481
0.00846857
0.0419192
0.00360114
0.029508
0.0123201
0.0115185
0.0132598
0.00378608
0.00723728
0.00215069
0.0100365
0.0113843
0.00664309
0.00613957
0.0062823
0.00660988
0.00746601
0.00753327
0.00738755
0.0101811
0.00783906
0.0104909
0.00837403
0.0105116
0.0107099
0.0104773
0.00893509
0.0105234
0.00942498
0.0100093
0.0102141
0.00887643
0.0100285
0.00898197
0.00941373
0.010293
0.00958985
0.00902309
0.00909319
0.0093521
0.0103411
0.00965312
0.00966821
0.00939337
0.0712725
0.0403401
0.0121315
0.00752826
0.00399631
0.00146662
0.00304486
0.00306056
0.00743271
0.0112566
0.0110986
0.0101843
0.011131
0.0112613
0.0106654
0.0103054
0.00841139
0.00994918
0.00973904
0.0108536
0.00875609
0.00882189
0.0088425
0.00931647
0.00898292
0.00966521
0.00983208
0.00929182
0.00911564
0.00890883
0.00949874
0.00901049
0.00931711
0.00909932
0.0102003
0.00916214
0.00914214
0.0103299
0.00931408
0.00930779
0.00927483
0.0102536
0.0102243
0.0101485
0.345176
0.065073
0.00285506
0.0163686
0.0064542
0.00533792
0.00926112
0.0028678
0.0066898
0.00728919
0.0102648
0.00789728
0.00677436
0.0100476
0.0106283
0.00921002
0.00796734
0.00867224
0.00850567
0.00828743
0.00873759
0.0103818
0.00974774
0.0092841
0.00902885
0.00915318
0.00902989
0.0690668
0.0290671
0.00624933
0.00684084
0.00588847
0.0068404
0.00670636
0.00495326
0.00758314
0.0114103
0.0113835
0.00633426
0.00687253
0.011086
0.00837993
0.0110719
0.00802813
0.00798073
0.0107892
0.00978157
0.0084242
0.00865269
0.0106213
0.00940554
0.0104758
0.00970428
0.00934476
0.00906904
0.00902808
0.0102276
0.0104234
0.0104137
0.0104194
0.0102652
0.0103474
0.00959783
0.00931226
0.0102832
0.0101579
0.0102319
0.00943958
0.00339758
0.00124574
0.0118962
0.0016588
0.0060271
0.00504298
0.0110714
0.00681843
0.00760563
0.0111871
0.010787
0.0112634
0.00829704
0.00823498
0.00771631
0.0109682
0.0100609
0.0102222
0.00867343
0.0107361
0.0089985
0.0105721
0.00897148
0.00953511
0.00882413
0.0089437
0.00930797
0.0103818
0.0093846
0.00925113
0.00919957
0.0094746
0.00924713
0.00910342
0.0103062
0.00924794
0.00996276
0.00951235
0.00955373
0.0102396
0.0101208
0.010207
