0.0453525
0.01537
0.00188844
0.0210115
0.0199593
0.0194341
0.0178891
0.0049457
0.00610878
0.00663614
0.0148523
0.0146412
0.0145537
0.00866445
0.00943086
0.0128893
0.0138647
0.0101284
0.00924962
0.0120526
0.00961763
0.0129348
0.0101415
0.0124574
0.0110185
0.0128868
0.0115796
0.0112524
0.0168307
0.0255264
0.00208703
0.00241078
0.00492965
0.00517352
0.00477699
0.00537253
0.0156733
0.0147838
0.015476
0.00884277
0.00997911
0.0100926
0.0146138
0.00908901
0.0142605
0.00931211
0.00961024
0.0135792
0.0132622
0.00971965
0.0122466
0.0100215
0.0120997
0.0132474
0.0108217
0.0130245
0.0108308
0.0126679
0.0109001
0.0126165
0.0109491
0.0110364
0.0107079
0.0105264
0.0126051
0.0124976
0.0106834
0.0110262
0.012465
0.0107668
0.012057
0.0121916
0.0197026
0.0322765
0.00818013
0.00187705
0.000762697
0.0190037
0.00459437
0.00725245
0.0165693
0.0129022
0.0120349
0.0152661
0.0133479
0.00778122
0.0107603
0.0142982
0.0140558
0.00898699
0.00892493
0.0136707
0.00929634
0.0129115
0.012436
0.00986317
0.0127061
0.012794
0.0124019
0.0120405
0.0101761
0.0582121
0.0224962
0.0186115
0.008025
0.0185425
0.0180077
0.0177983
0.00740619
0.0159128
0.0150788
0.0094203
0.00780674
0.0114508
0.0142001
0.0117885
0.013904
0.0132269
0.0119541
0.00923798
0.012341
0.00959332
0.00988034
0.0123638
0.0106953
0.0104103
0.0101988
0.0186888
0.0200867
0.00675988
0.00673375
0.0167007
0.0158981
0.015536
0.00936287
0.014728
0.0143346
0.00836262
0.010355
0.00945232
0.0101792
0.0104032
0.0578041
0.00456523
0.00289319
0.0193942
0.0199203
0.00363424
0.00190124
0.013262
0.0118394
0.00518162
0.0161106
0.0156615
0.00774394
0.0111585
0.00727474
0.011664
0.0126887
0.0143212
0.00883461
0.0116354
0.0138593
0.0131386
0.0134994
0.0135682
0.0103182
0.0132391
0.0103567
0.00988589
0.0128681
0.0128578
0.0230773
0.0809752
0.0368702
0.018871
0.00151821
0.0179659
0.0179516
0.0160804
0.00477442
0.015994
0.00795191
0.00787521
0.0131298
0.00802255
0.00873068
0.00837596
0.0100743
0.00881194
0.0136686
0.00933571
0.00928343
0.00973257
0.010127
0.0132235
0.0123646
0.0117985
0.0130115
0.152036
0.0569616
0.00207253
0.0198834
0.0118392
0.0099699
0.0128946
0.0155754
0.0158287
0.0116242
0.0160075
0.0069926
0.0106821
0.013566
0.00870637
0.0143258
0.0141796
0.0139389
0.00929319
0.00933308
0.00925071
0.0134542
0.0134213
0.0132415
0.00986903
0.0121753
0.0100048
0.0101019
0.0101019
0.180812
0.0212606
0.0194567
0.0186878
0.0178312
0.0173114
0.0118224
0.0174785
0.01281
0.003907
0.0056989
0.0161545
0.00753302
0.00743365
0.0121142
0.0127718
0.00857876
0.0128341
0.0094845
0.0089925
0.00913031
0.0135662
0.0135821
0.0117833
0.0132552
0.00979597
0.00999569
0.0120856
0.00453211
0.0305637
0.00762419
0.00163178
0.000920746
0.0189963
0.00465881
0.00724829
0.0165578
0.0128684
0.0120121
0.0152525
0.0133332
0.0078021
0.0107624
0.0142897
0.0140462
0.00899735
0.00893812
0.0136631
0.00930653
0.0129052
0.0124315
0.00987137
0.0127009
0.0127886
0.0123979
0.0120383
0.0101817
0.0242066
0.023179
0.0205074
0.0202908
0.0190836
0.00100442
0.00361261
0.00403076
0.0112862
0.00472618
0.00858268
0.0132809
0.00717044
0.00792056
0.0398567
0.0225123
0.00240143
0.0209012
0.0198666
0.0193595
0.0178532
0.00506273
0.00620441
0.00671375
0.014843
0.0146286
0.0145374
0.00869294
0.0094555
0.0128698
0.013847
0.0101439
0.00927255
0.0120456
0.00963612
0.0129222
0.0101553
0.0124487
0.0110241
0.0128772
0.0115795
0.0112557
0.0219997
0.0325868
0.0180462
0.0260138
0.00121372
0.00199098
0.0199398
0.0191273
0.0065676
0.00782142
0.00660897
0.0155542
0.0160437
0.015836
0.0146231
0.00798961
0.00964066
0.0146719
0.00864405
0.0138263
0.0091948
0.0139505
0.0126377
0.00921658
0.0133964
0.00954339
0.00974382
0.00975678
0.00983556
0.0100878
0.0119693
0.0100457
0.011574
0.0127041
0.0107993
0.0128058
0.0104036
0.0112516
0.0115108
0.0126442
0.0114582
0.0106541
0.0125108
0.0124313
0.0491251
0.00315801
0.00210314
0.01944
0.0199215
0.00393889
0.00182921
0.0130719
0.0117022
0.00520623
0.0161412
0.0156902
0.00774057
0.0111165
0.00723123
0.0116424
0.0126883
0.0143477
0.00878832
0.0116243
0.0138852
0.0131589
0.0135262
0.0135953
0.0102886
0.013265
0.0103277
0.00986004
0.0128916
0.0128812
0.0528055
0.0341743
0.00572082
0.00546425
0.0202696
0.000678398
0.0040019
0.0195245
0.0177428
0.015175
0.0156936
0.0100808
0.0150314
0.0078184
0.0133457
0.00897066
0.0112015
0.0141704
0.00879733
0.011504
0.00895087
0.0118858
0.00994592
0.011248
0.0104912
0.0134697
0.0131845
0.0131946
0.0114204
0.013114
0.0121028
0.0128319
0.0102882
0.0111092
0.0106639
0.010347
0.0127168
0.0111898
0.0121739
0.0118952
0.0125695
0.0106268
0.0106955
0.0110376
0.180191
0.0358887
0.0207369
0.0189747
0.0174947
0.00621983
0.00391957
0.0146791
0.0141359
0.00670325
0.00825134
0.00838856
0.00933369
0.0122843
0.00801611
0.0110758
0.0194198
4.11315e-05
0.00208179
0.00713748
0.0165801
0.0160005
0.00541033
0.00797328
0.0080257
0.0087684
0.00808183
0.0138303
0.0135121
0.0135663
0.00897675
0.011956
0.0117335
0.0108066
0.00963884
0.00975285
0.00982266
0.0100972
0.0100278
0.00181949
0.0115429
0.015297
0.003061
0.0035452
0.00108666
0.0198476
0.0184779
0.0130898
0.0150055
0.00532264
0.0128304
0.00710535
0.0147106
0.00803107
0.00831294
0.0142339
0.0140314
0.012585
0.0137533
0.00915081
0.00997279
0.013467
0.0105365
0.0134341
0.0097785
0.0119887
0.0104155
0.00995251
0.0123662
0.0128139
0.0128873
0.0108674
0.0128382
0.0128438
0.0103873
0.0117339
0.0126283
0.0121619
0.0121834
0.0124987
0.0106387
0.0124935
0.0247216
0.0200427
0.0191879
0.0177876
0.000758688
0.0058153
0.0072577
0.00642373
0.00857287
0.00796902
0.0105929
0.00930957
0.012614
0.00966258
0.124493
0.0360882
0.00511929
0.0176286
0.0129158
0.010448
0.0161503
0.0155041
0.00687545
0.0143085
0.0119922
0.0122186
0.00946732
0.00907703
0.00131623
0.0263203
0.00568214
0.0203565
0.0164701
0.0151301
0.00562631
0.00625975
0.015858
0.0147062
0.0152976
0.0104496
0.00961977
0.0132782
0.0137149
0.0093899
0.0121689
0.0136361
0.00968924
0.0133055
0.013246
0.0102681
0.010162
0.0119961
0.0102335
0.010367
0.0104386
0.0106035
0.0111674
0.00198134
0.0244681
0.00584808
0.0200487
0.0164699
0.0148152
0.00572346
0.00633249
0.01582
0.0146533
0.0152854
0.0104363
0.00962861
0.0132581
0.013699
0.00940147
0.0121604
0.0136286
0.00969832
0.0132966
0.013239
0.0102752
0.0101678
0.0119929
0.0102394
0.0103723
0.010443
0.0106079
0.0111692
0.143317
0.0201909
0.0038811
0.0179966
0.00762748
0.00597954
0.00652949
0.00599173
0.0148745
0.0144575
0.0118484
0.0115027
0.00947804
0.0111645
0.113594
0.045332
0.0204244
0.00627023
0.00347428
0.00257211
0.00644
0.00410945
0.00594734
0.00878111
0.00696379
0.00794179
0.011009
0.0120469
0.013488
0.23978
0.0730028
0.00868117
0.0186255
0.00327956
0.0188634
0.0131065
0.0174212
0.00504983
0.0153412
0.00629614
0.0067668
0.0150786
0.00755232
0.00846063
0.00841588
0.0126384
0.010372
0.0137342
0.00927092
0.0134074
0.00966636
0.0103739
0.0106788
0.00998636
0.0110206
0.012895
0.0125407
0.0126577
0.300915
0.0364808
0.00313949
0.0120537
0.00236788
0.016118
0.00661967
0.00663404
0.00840201
0.0117011
0.00963925
0.00933795
0.00966798
0.0124145
0.044045
0.0286525
0.032873
0.00010834
0.00516869
0.00579142
0.0157886
0.00636739
0.0170104
0.0050222
0.0165777
0.0154613
0.0134346
0.0072284
0.0143326
0.0138341
0.00956741
0.0144492
0.0142348
0.0125752
0.00928518
0.0138474
0.0136372
0.0135239
0.00971495
0.0112321
0.00963004
0.0131416
0.0098974
0.0131299
0.0100442
0.012819
0.0118672
0.0121017
0.010468
0.0103216
0.0104253
0.012685
0.010664
0.0123796
0.0105479
0.012384
0.0122899
0.0124583
0.108779
0.0443003
0.00743069
0.0166088
0.00731465
0.00278303
0.00645945
0.0128786
0.0185938
0.00693398
0.00815334
0.0161808
0.0143037
0.0157216
0.00888088
0.0145626
0.00876389
0.0123016
0.0136379
0.0131618
0.0138566
0.00964615
0.0134035
0.0104895
0.0101093
0.00995448
0.0132577
0.012181
0.0116837
0.0101681
0.0102738
0.0102814
0.0124716
0.0121926
0.010397
0.0114789
0.0105059
0.0112493
0.0125882
0.0108411
0.0124257
0.0121113
0.0120699
0.0123763
0.011091
0.0994982
0.0049818
0.0226385
0.000503178
0.0162525
0.00126982
0.00365753
0.0172074
0.00885509
0.0154037
0.0150811
0.0150286
0.00837239
0.00800701
0.014391
0.0138446
0.00894332
0.00907056
0.00957011
0.0127922
0.0129602
0.0132577
0.0112351
0.011076
0.0101651
0.0105007
0.0102984
0.0105102
0.0123928
0.0654649
0.0532516
0.0563989
0.00416943
0.00236603
0.00335969
0.0184633
0.00731975
0.00539601
0.00772685
0.013494
0.00795742
0.0152303
0.00861035
0.00818552
0.0140989
0.0107552
0.0136532
0.0120834
0.00957349
0.00935624
0.0136741
0.0135719
0.0128243
0.0133703
0.0133121
0.013157
0.0128518
0.0130702
0.0103544
0.0110982
0.0104866
0.0107667
0.0105029
0.01194
0.0106654
0.0126802
0.0105442
0.0107572
0.0106259
0.0106396
0.0106722
0.0107087
0.0112597
0.0123625
0.0570058
0.00677038
0.00504781
0.0236276
0.00401782
0.00730661
0.0176009
0.0120378
0.0160861
0.0162533
0.0142657
0.0147347
0.00921682
0.00914321
0.00880998
0.0137991
0.0118462
0.0094003
0.0122526
0.0135575
0.00995393
0.0126316
0.0133086
0.010127
0.0105364
0.010676
0.0125791
0.0102541
0.0126573
0.0116146
0.010896
0.0127615
0.0109078
0.0126255
0.0125798
0.010612
0.0114252
0.0124988
0.0107052
0.0107613
0.0108857
0.0110018
