0.00457917
0.00157373
0.0018193
0.00429998
0.00406022
0.00486263
0.00439177
0.00432662
0.00439191
0.00444473
0.00435507
0.00449455
0.00428846
0.00451703
0.00432563
0.00441135
0.0044022
0.00439302
0.00440411
0.00431364
0.00439023
0.00445048
0.00439294
0.00431577
0.00446362
0.00446338
0.00434912
0.00444932
0.00438834
0.0043386
0.00442223
0.00436669
0.00433569
0.00433907
0.00442058
0.00440502
0.00434635
0.00435587
0.00439408
0.00443189
0.00434913
0.00434857
0.00439839
0.00440349
0.00438108
0.00436891
0.00441434
0.00442684
0.00441341
0.00437161
0.00438633
0.00441189
0.00436402
0.00439196
0.00217394
0.00570674
0.00440198
0.00320679
0.00547801
0.00568697
0.00379349
0.00329818
0.00549212
0.00351784
0.00351215
0.005191
0.00371308
0.00508053
0.00443391
0.00409285
0.00505403
0.00495125
0.00495826
0.00387848
0.00459725
0.00394023
0.00489944
0.00393727
0.0039229
0.00485242
0.00481543
0.00400093
0.00418897
0.00401367
0.00464511
0.00475188
0.0046389
0.00472737
0.00443786
0.00461784
0.00418101
0.00468293
0.00437484
0.00424183
0.00413756
0.00464938
0.00431141
0.00435528
0.00428383
0.00417596
0.00402169
0.00597312
0.00252831
0.00449342
0.00548552
0.0033297
0.00445822
0.00446457
0.0053527
0.00514237
0.00347692
0.00507804
0.00391073
0.00364925
0.00478346
0.00487246
0.0037469
0.00489207
0.00453587
0.00436835
0.00391675
0.00484795
0.0045207
0.00458996
0.00396299
0.00479219
0.00475237
0.00435693
0.00406621
0.00418961
0.00418989
0.00460493
0.0041806
0.00467013
0.0041759
0.00440875
0.00458466
0.00413854
0.00462498
0.00430453
0.00424
0.00536678
0.00323871
0.00443403
0.00504098
0.00386852
0.00441973
0.00442299
0.00493486
0.00491254
0.00384849
0.00477894
0.00415043
0.00396995
0.0046003
0.00465737
0.00396913
0.00469919
0.00447407
0.00437815
0.00406449
0.00470763
0.00446688
0.00450977
0.00410017
0.00466132
0.00464092
0.00437014
0.00417915
0.0042642
0.00426322
0.00452925
0.0042558
0.00458333
0.00425128
0.00440254
0.00451926
0.00421694
0.00455173
0.0030132
0.00412787
0.00297537
0.00353875
0.00377697
0.00378458
0.00372184
0.00383183
0.0043147
0.00386562
0.00432498
0.00476757
0.00427721
0.00418792
0.00471017
0.00447031
0.00432341
0.00436658
0.00462022
0.00460491
0.0043445
0.00417532
0.00458673
0.00417638
0.00419407
0.00455966
0.00454042
0.00421538
0.00439141
0.00437785
0.00439952
0.00438644
0.00460288
0.00439715
0.00399571
0.00400333
0.00403421
0.00456961
0.00461442
0.00447532
0.00416204
0.00412886
0.00447158
0.00428096
0.00457949
0.00458195
0.00443335
0.00425469
0.00444928
0.00437118
0.00456049
0.00423035
0.00423893
0.00449054
0.00448265
0.00444794
0.00427221
0.0042958
0.00448851
0.00428872
0.00430639
0.00437479
0.00446157
0.00429684
0.00432499
0.00432939
0.00443819
0.00431749
0.00438147
0.004382
0.00449546
0.00521977
0.00321444
0.00464133
0.00526144
0.0035926
0.00497419
0.00447777
0.00370356
0.00373808
0.00493748
0.0042526
0.00449639
0.00385606
0.00451989
0.00486675
0.00480141
0.00421255
0.003985
0.00400078
0.00449604
0.00447421
0.00403047
0.0047043
0.00455954
0.00410414
0.00411266
0.00462405
0.00448556
0.00428096
0.00414037
0.00439139
0.00438588
0.00439093
0.00434303
0.00458269
0.00436308
0.00435205
0.00428036
0.00427285
0.00450626
0.00444704
0.00432931
0.00433557
0.00435034
0.00430436
0.00446538
0.00446781
0.00436114
0.00435749
0.00434232
0.00432864
0.00444377
0.00443743
0.00444682
0.004396
0.00435873
0.00437458
0.00433786
0.00441803
0.00436583
0.00436119
0.00441111
0.00443985
0.00443631
0.00443089
0.00440611
0.00442116
0.00440913
0.00439449
0.00437588
0.00437521
0.00441591
0.00437102
0.00437729
0.00437852
0.00436083
0.00436537
0.00436369
0.00368088
0.00436994
0.00431372
0.00376083
0.00372203
0.00429844
0.00400301
0.00400812
0.00434936
0.00399085
0.00404724
0.00411424
0.004483
0.00437665
0.00420549
0.00448522
0.00451331
0.00445854
0.00420555
0.00445928
0.00444184
0.00426031
0.00138317
0.00300334
0.00317602
0.00413849
0.00312561
0.00444652
0.00488368
0.00321395
0.0033134
0.00351091
0.00347386
0.00454794
0.00448463
0.00431407
0.00369437
0.00428164
0.00375617
0.00483594
0.00411811
0.00457674
0.00395167
0.00471116
0.00399602
0.00403093
0.00403654
0.00407156
0.00455477
0.00439139
0.00439885
0.00438693
0.00440067
0.00439173
0.00451502
0.00459684
0.00455076
0.00424596
0.00421053
0.00421548
0.0045319
0.00431774
0.00424214
0.00453305
0.00447421
0.0042819
0.00450142
0.00435647
0.00438145
0.00429515
0.00442817
0.00437074
0.00431229
0.00440258
0.00448394
0.00433806
0.00430384
0.00441984
0.00430956
0.00431011
0.00447111
0.00446936
0.00446227
0.00432312
0.00432087
0.00432243
0.00432226
0.00439117
0.00435757
0.00438619
0.00439119
0.00437765
0.00441712
0.00440549
0.00434253
0.00441717
0.00438175
0.00439094
0.00487673
0.00494995
0.00339827
0.00454512
0.00437414
0.00384227
0.00457852
0.00388854
0.0039143
0.00463897
0.00451614
0.0039607
0.00429443
0.00425388
0.00403341
0.00406009
0.00413347
0.00420783
0.00458575
0.0043696
0.00414132
0.00446147
0.00459955
0.00449404
0.00416484
0.00448146
0.00429976
0.00450381
0.00429169
0.00435068
0.00446159
0.00452704
0.00437865
0.00430024
0.00437662
0.0032323
0.00359344
0.00174638
0.00346759
0.00330284
0.00265443
0.00299734
0.00302651
0.00415611
0.00331454
0.00352866
0.00446801
0.003618
0.00436087
0.00438885
0.00438759
0.00444267
0.00483733
0.0037299
0.00450608
0.00491151
0.00401042
0.00470228
0.00443466
0.00396261
0.00406797
0.00473301
0.00432547
0.00444696
0.00410385
0.00446025
0.0046808
0.00463147
0.00429599
0.00414172
0.00416504
0.00445082
0.00443862
0.00418116
0.00458632
0.00448895
0.00421114
0.00422843
0.00453276
0.00444685
0.00432865
0.00423646
0.00192419
0.00344726
0.00181845
0.00263504
0.00410105
0.0046896
0.00424324
0.00313183
0.00418182
0.00326864
0.00392388
0.00331207
0.00467193
0.00349342
0.00483097
0.00426563
0.00452715
0.00479371
0.00383952
0.00438104
0.00397906
0.00462289
0.0039083
0.0039009
0.0046975
0.0047554
0.00433538
0.00467016
0.00406981
0.00457181
0.00462267
0.00406643
0.00408321
0.00439138
0.0046009
0.00462391
0.00455933
0.00431807
0.00438409
0.00398953
0.0042385
0.00402589
0.00403665
0.00407843
0.00466798
0.00414305
0.00450178
0.00410977
0.00430516
0.00445294
0.00421604
0.00456245
0.00440857
0.00455878
0.00452715
0.0042091
0.00451764
0.00422963
0.00423092
0.00452812
0.00437447
0.00429501
0.00426825
0.00450406
0.00447695
0.000566399
0.000634635
0.000324891
0.0049539
0.00333849
0.00380114
0.00349598
0.00301269
0.00318753
0.00487393
0.00381574
0.00439139
0.00527998
0.00440994
0.00467835
0.00412235
0.00411168
0.00416027
0.00465433
0.00443522
0.00447079
0.00436196
0.004259
0.00435457
0.00432235
0.00437557
0.00422917
0.00439511
0.00427418
0.0042846
0.00434686
0.00442604
0.00441428
0.00447733
0.00451631
0.00450927
0.00451679
0.00444374
0.0043629
0.00429193
0.00449322
0.00443435
0.00431178
0.00443679
0.00444609
0.00444167
0.00432421
0.00430913
0.00434115
0.00441962
0.00441545
0.00433831
0.00444046
0.00432458
0.00442063
0.00436808
0.00433734
0.00430858
0.00381225
0.00154257
0.00427078
0.00218855
0.00411748
0.00305708
0.00339134
0.00362289
0.00474615
0.00503411
0.00418794
0.00448041
0.00481347
0.00398412
0.00473311
0.00471311
0.00456454
0.0011072
0.000801701
0.00404617
0.00518392
0.00426247
0.00461623
0.00438334
0.00475465
0.00332044
0.00455996
0.00483061
0.00397543
0.00427832
0.00407517
0.00123601
0.00279692
3.42794e-05
0.00286904
0.00392404
0.00138642
0.00527295
0.00266575
0.00511715
0.00266779
0.00309158
0.00454175
0.0034353
0.00439139
0.00539053
0.00384814
0.00492058
0.00438328
0.00451314
0.00436841
0.00449228
0.00459876
0.00462839
0.0043544
0.00460317
0.0046384
0.00459078
0.00445324
0.00446901
0.00419608
0.00447253
0.00459382
0.00457815
0.00425366
0.00455869
0.0042342
0.0045402
0.00432221
0.00446082
0.00448791
0.004293
0.00433917
0.00437732
0.00427824
0.00441169
0.00449826
0.00436638
0.00450863
0.00448295
0.00427994
0.00428451
0.00434241
0.00448366
0.00434929
0.00433016
0.00431575
0.00448194
0.00447999
0.00445053
0.00443462
0.00434929
0.00447132
0.000392389
0.00175638
0.00240291
0.00523761
0.00322049
0.00354528
0.00428183
0.00479784
0.00333587
0.00452659
0.00478474
0.00373472
0.00393408
0.00386481
0.00382501
0.00476933
0.0044231
0.0046423
0.00413283
0.0020872
0.00401757
0.00446343
0.00350471
0.00482546
0.0044756
0.00429262
0.00437988
0.00430595
0.00438277
0.00402643
0.00425545
0.00438866
0.00426167
0.00421801
0.00448282
0.00413489
0.00434492
0.00440585
0.00204114
0.000120054
0.00182477
0.00204655
0.00428362
0.00336012
0.00396085
0.00313839
0.00504234
0.00336281
0.00379853
0.00374227
0.00382706
0.00474903
0.00372266
0.00444679
0.00422954
0.00385854
0.00467482
0.00437152
0.00437611
0.00426316
0.00354762
0.00474425
0.00424337
0.00416395
0.00470581
0.00479243
0.00478105
0.00443112
0.00398444
0.0040495
0.00410039
0.00436574
0.00407801
0.0040883
0.00433186
0.00461992
0.00414667
0.00416846
0.00419027
0.0045601
0.00453797
0.00451168
0.00438833
0.00450649
0.00432635
0.00295599
0.00348808
0.000832758
0.000488575
0.00270307
0.00520213
0.00203537
0.00299961
0.00243099
0.00271469
0.00287129
0.00298505
0.00417361
0.0038311
0.00330287
0.00355875
0.00471041
0.00485925
0.00411787
0.0036923
0.00550777
0.000187067
0.00578063
0.00188858
0.00392528
0.00280057
0.00496047
0.00388285
0.00489481
0.0043984
0.00330208
0.0035203
0.00441055
0.00435086
0.00410299
0.00446174
0.00425642
0.00415788
0.0045742
0.00436095
0.00427972
0.00429113
0.00458831
0.00433587
0.00422259
0.00423291
0.00436919
0.00452955
0.00455251
0.004269
0.004323
0.00452785
0.00442261
0.00426043
0.00452649
0.0044239
0.00429513
0.00438759
0.0043401
0.00434013
0.00439192
0.00435608
0.00437175
0.00442655
0.00435869
0.00438814
0.00436152
0.00447978
0.00445176
0.00437559
0.00447928
0.00447889
0.00436185
0.00440049
0.00440604
0.00437773
0.00436453
0.0043732
0.00445436
0.00436604
0.00441292
0.0043348
0.0044182
0.0044536
0.00433282
0.00443509
0.00011
0.00177443
0.00426478
0.00339929
0.00364981
0.0035822
0.00439139
0.00413111
0.00433441
0.00326124
0.00422505
0.00353594
0.00360166
0.00478584
0.00484727
0.0048543
0.00379535
0.00399019
0.00426678
0.00482139
0.0039485
0.00478637
0.00396103
0.00403045
0.00469804
0.00404117
0.00464884
0.00450676
0.00430289
0.0040933
0.00459755
0.00425125
0.00455325
0.00423219
0.00454849
0.0043959
0.0041924
0.00419338
0.00452528
0.00438913
0.00432457
0.00398483
0.00427765
0.00484875
0.00429627
0.0047721
0.00413515
0.00404522
0.0045606
0.00468326
0.00416773
0.0041068
0.00463285
0.00430878
0.00460695
0.00416144
0.00449933
0.00417534
0.00441588
0.00424861
0.00429184
0.00454366
0.004223
0.00452586
0.00449046
0.00436245
0.00437066
0.00442694
0.00435969
0.00430293
0.00430662
0.00439256
0.00441991
