0.0102948
0.0226642
0.0252982
0.0249228
0.0240713
0.0239291
0.0250009
0.0250213
0.0250009
0.0250018
0.0250047
0.0250745
0.0250607
0.0249898
0.0249568
0.0250411
0.0249923
0.0249947
0.0250429
0.0250278
0.0250212
0.0250229
0.0249923
0.0250229
0.025033
0.024995
0.0249838
0.0250101
0.0250058
0.0249762
0.0249951
0.0249786
0.0249856
0.0249838
0.0249821
0.0250173
0.0250097
0.0249874
0.0250173
0.0250203
0.0250209
0.024996
0.0250183
0.0249856
0.0250069
0.0250007
0.0250172
0.0250164
0.0250145
0.0249955
0.0249988
0.0249881
0.0253636
0.0248767
0.0259697
0.0248202
0.0258904
0.0257085
0.0250458
0.0254124
0.0256004
0.0255225
0.0254162
0.0255523
0.0253495
0.0253074
0.0247068
0.0247143
0.0252899
0.0253125
0.0248597
0.0252751
0.0252214
0.025245
0.0252235
0.0252226
0.0249108
0.0248641
0.0252252
0.0251902
0.0251103
0.0249763
0.0251801
0.0251816
0.0248438
0.0251703
0.0250137
0.0248812
0.0249892
0.0249362
0.02487
0.0250042
0.0248797
0.0251314
0.024981
0.0251225
0.0248897
0.0249098
0.0249019
0.0223203
0.0249475
0.023921
0.0245261
0.0251466
0.0244531
0.0248392
0.0250084
0.0253607
0.0253605
0.0246352
0.0246117
0.0252059
0.0252968
0.0246547
0.0251136
0.0251816
0.02469
0.025221
0.0251131
0.0249597
0.0251988
0.0251855
0.0247799
0.0249467
0.0248131
0.024883
0.0248263
0.0248457
0.0248272
0.0250042
0.0248483
0.0248828
0.0249222
0.0249268
0.0248657
0.0248702
0.0249558
0.0248796
0.0250678
0.0250029
0.0249176
0.0236975
0.0249795
0.0242826
0.0247909
0.0250638
0.0247413
0.0249323
0.0250041
0.0252504
0.0252038
0.0248073
0.024779
0.0251093
0.0251764
0.0247788
0.0250608
0.0251002
0.0248047
0.0251387
0.0250655
0.0249776
0.025138
0.0251185
0.0248564
0.0249686
0.0248762
0.0249282
0.0248869
0.0249023
0.0248863
0.0250029
0.0248995
0.024925
0.0249512
0.0249539
0.0249082
0.0249134
0.0249723
0.024917
0.0250447
0.0250022
0.0249463
0.0248836
0.0249792
0.0249555
0.0244733
0.0250345
0.0249705
0.0249414
0.0246718
0.024699
0.0247497
0.0248852
0.0249525
0.0250432
0.0251271
0.0248492
0.0248016
0.025067
0.0248529
0.0249187
0.0249637
0.0248887
0.0250903
0.0249458
0.0250431
0.0250557
0.0250709
0.0249066
0.0250258
0.0250009
0.0249805
0.0252211
0.0250176
0.024877
0.0248429
0.0249801
0.0249545
0.0251391
0.0251249
0.0251134
0.0249302
0.0250784
0.0248936
0.0249051
0.0249501
0.0250814
0.0249355
0.0250858
0.0250149
0.0250222
0.0249218
0.0249315
0.0249371
0.0249349
0.0249787
0.0250477
0.0249849
0.0250613
0.0249974
0.0249458
0.0249653
0.025051
0.0249498
0.024991
0.0250494
0.0250087
0.0250437
0.0249925
0.0249695
0.0250674
0.0253491
0.0254104
0.0249697
0.0243955
0.0252004
0.0250794
0.0244954
0.0245614
0.0247165
0.0251871
0.0249415
0.025175
0.0247103
0.0248153
0.0251517
0.0252039
0.0247763
0.0247759
0.0247901
0.0251091
0.02505
0.0250863
0.0250619
0.0249383
0.0250127
0.0251193
0.0249812
0.0248575
0.024865
0.0250979
0.0249849
0.0248877
0.0249979
0.0250671
0.0249888
0.0250021
0.0250631
0.025066
0.0250004
0.0249822
0.0249629
0.0249704
0.0249788
0.0250484
0.025
0.0249767
0.0250156
0.0250382
0.0249685
0.0250303
0.0250251
0.0250162
0.0249743
0.0250131
0.0249877
0.0249748
0.0250163
0.024978
0.0250269
0.025011
0.0250232
0.0249797
0.0250225
0.025005
0.0250211
0.0250218
0.025021
0.0249954
0.0250017
0.024983
0.0249877
0.0250086
0.0250022
0.0250175
0.0250033
0.0249892
0.0250044
0.0249873
0.024988
0.0220511
0.0246819
0.0247905
0.0244153
0.0247485
0.0246801
0.0246292
0.0247431
0.0246944
0.0248086
0.0250238
0.0247748
0.0248375
0.0250213
0.0248236
0.024841
0.0249011
0.0249903
0.0249579
0.0250402
0.0211825
0.0243591
0.0241683
0.0238183
0.0244186
0.0253059
0.0242549
0.0246578
0.0245208
0.0246309
0.0245641
0.0246905
0.0245002
0.0246943
0.0247444
0.0251859
0.0246766
0.0247942
0.0249248
0.0247616
0.0249479
0.0251176
0.0249351
0.0248408
0.025004
0.0250009
0.0250009
0.0251985
0.0251111
0.0250544
0.0250038
0.0249929
0.0249183
0.0249608
0.0250747
0.0249742
0.0250591
0.0250646
0.0250615
0.0249768
0.0249945
0.0250293
0.0249574
0.0250485
0.0249586
0.0250448
0.0250174
0.0250226
0.024965
0.0250205
0.0249604
0.025041
0.0249681
0.0249681
0.0249722
0.0249762
0.0250337
0.0250331
0.0249773
0.025025
0.0250297
0.0250296
0.0250259
0.0250229
0.0250267
0.024983
0.02502
0.0249862
0.0250237
0.0249942
0.0250146
0.0239029
0.0250003
0.0249743
0.0247049
0.0246102
0.0252135
0.0249906
0.0250209
0.0247209
0.0247632
0.0248537
0.0248085
0.0249063
0.0251231
0.0250652
0.0251051
0.024987
0.0249706
0.0248511
0.02509
0.0250652
0.0251064
0.0251029
0.0248954
0.0250658
0.0249071
0.0249609
0.0249163
0.0249139
0.0250404
0.0249288
0.024987
0.0250026
0.0249879
0.0249994
0.0238888
0.0236803
0.0229807
0.0237345
0.0244816
0.0241306
0.0242867
0.0243356
0.0245868
0.0243711
0.0250576
0.0251999
0.0252439
0.0249916
0.0247135
0.0251058
0.025041
0.0247446
0.0247689
0.0248701
0.0251017
0.0249755
0.0250964
0.0248303
0.0249081
0.0250866
0.0251256
0.0248636
0.0248774
0.0248825
0.0250637
0.0250295
0.025051
0.0250366
0.024967
0.0250087
0.0250739
0.0249908
0.0249139
0.0249216
0.0250607
0.0249926
0.024934
0.025
0.0231677
0.0249972
0.0248343
0.024802
0.0245523
0.0243944
0.0250795
0.0245385
0.0254142
0.0244569
0.0253493
0.0251696
0.0246381
0.0244345
0.0246999
0.0246822
0.0245927
0.0246254
0.0252269
0.0247686
0.0251908
0.0248432
0.0247434
0.0247567
0.0250499
0.0251363
0.0248167
0.0248187
0.0248197
0.0251223
0.0248772
0.024831
0.0249397
0.0248812
0.0250009
0.024991
0.0253381
0.0249903
0.0249139
0.0251213
0.0251173
0.0249014
0.0249571
0.0250597
0.0250218
0.0248669
0.0251366
0.0249905
0.0248635
0.0249674
0.0249566
0.0250706
0.0249165
0.0248932
0.0249013
0.0249574
0.0249151
0.0249245
0.0249581
0.0250139
0.0250593
0.0249864
0.0250035
0.0250384
0.0250444
0.0249418
0.025003
0.0231672
0.0240326
0.0235219
0.0239303
0.0237933
0.0251928
0.0241623
0.0244003
0.0244803
0.0242731
0.0250009
0.025041
0.0250312
0.025018
0.0251112
0.0250025
0.0248726
0.0250039
0.0251233
0.0250291
0.0250945
0.0249955
0.0250739
0.0249175
0.0250778
0.0250007
0.0250874
0.024957
0.0250827
0.0250758
0.0250599
0.0250554
0.0249717
0.0249907
0.0250617
0.0250595
0.0250026
0.0249682
0.0249744
0.0250534
0.0250395
0.0250528
0.0250493
0.0250446
0.025047
0.0249827
0.0250171
0.0250381
0.0250283
0.0250167
0.0250412
0.0250411
0.0250363
0.0250104
0.0249866
0.0249816
0.0250039
0.025023
0.0249604
0.0237897
0.0243874
0.0242403
0.024212
0.0241597
0.0250424
0.024206
0.0251808
0.024424
0.0245398
0.024768
0.02464
0.0244441
0.0250308
0.0251285
0.0248675
0.0247286
0.0237299
0.0208791
0.0250618
0.02432
0.024072
0.0241281
0.0252203
0.0250283
0.0247827
0.0244251
0.0244656
0.0244987
0.0245528
0.0118239
0.0217357
0.0231323
0.0255329
0.0218954
0.0247365
0.0240061
0.0233278
0.0235085
0.0253084
0.0244754
0.0242314
0.0245512
0.0241805
0.0250009
0.0250202
0.0248675
0.025225
0.0251905
0.0250171
0.025151
0.0249689
0.0249486
0.0249427
0.0250641
0.0250875
0.0249031
0.0251063
0.0249407
0.025005
0.025067
0.0249737
0.0249349
0.0250862
0.0250888
0.0249307
0.0250808
0.025071
0.0249694
0.0249473
0.0250365
0.0249514
0.0250354
0.0250319
0.0250663
0.0250484
0.0249537
0.0250574
0.0249968
0.0250305
0.0250524
0.0249764
0.0250044
0.0250439
0.0249675
0.0250417
0.0250404
0.0250406
0.0249769
0.0250371
0.0250364
0.0197713
0.0233011
0.0245305
0.0243942
0.0241685
0.0245656
0.0251775
0.0244785
0.0246335
0.024737
0.0246436
0.0248087
0.0246928
0.0250861
0.0246379
0.024703
0.0247113
0.0250781
0.0248094
0.0234932
0.0239149
0.0247117
0.0243655
0.0247592
0.0245908
0.0248084
0.0248339
0.0246814
0.0247924
0.0247212
0.0250386
0.0247849
0.0250545
0.0247707
0.02482
0.0250269
0.024831
0.0250356
0.0248767
0.0248841
0.0249919
0.0247804
0.0239693
0.0236029
0.0240666
0.0248073
0.0242389
0.0240269
0.0241433
0.0247958
0.0247388
0.0248879
0.0244445
0.024678
0.0244943
0.0245326
0.0245482
0.024812
0.0246463
0.0247233
0.0248072
0.0245657
0.0249181
0.0248083
0.0248265
0.0247155
0.0248319
0.0247325
0.0248736
0.0248042
0.0248708
0.024931
0.0248309
0.0248077
0.0248119
0.0248144
0.0250895
0.0250801
0.0250261
0.0250504
0.025074
0.0249799
0.0249181
0.0249326
0.0249566
0.0250461
0.0249389
0.0209041
0.0195685
0.0195928
0.0237243
0.0234095
0.023061
0.0243796
0.0250169
0.0253472
0.0233345
0.0235405
0.0250278
0.023849
0.0253557
0.0241695
0.0245197
0.0248043
0.024315
0.0251669
0.0245693
0.0228765
0.0241929
0.0232178
0.0227344
0.0254195
0.0235849
0.023659
0.0240895
0.02457
0.024039
0.0242153
0.024749
0.024277
0.0249928
0.0250009
0.0250039
0.0250113
0.0250043
0.0250083
0.0251337
0.0250087
0.0250553
0.0251268
0.0250301
0.0249534
0.0250751
0.0250985
0.0251042
0.0250823
0.0250885
0.024947
0.0250801
0.0249825
0.0250485
0.0250591
0.0249925
0.0250685
0.0249614
0.0249428
0.0250668
0.0250611
0.0249772
0.0250599
0.0250382
0.0250427
0.0249568
0.0250142
0.0250193
0.0249652
0.0250086
0.0249964
0.0249722
0.0249606
0.0250389
0.0250346
0.0250381
0.025026
0.0250386
0.0250365
0.0249891
0.0250063
0.0250341
0.0250255
0.0249907
0.024973
0.0249826
0.0249881
0.0250302
0.0250281
0.0226654
0.0230294
0.0240351
0.0247119
0.0244225
0.0244518
0.0248744
0.0244625
0.0247757
0.0248788
0.0245961
0.0250673
0.0246784
0.0251883
0.0250586
0.0248881
0.0247629
0.0248296
0.0247065
0.0251529
0.024808
0.0248228
0.0247968
0.0247818
0.0248755
0.0248095
0.0250665
0.0250305
0.0248727
0.0248355
0.0248516
0.0250701
0.0248707
0.0248779
0.0248963
0.0250433
0.0250527
0.0248988
0.0249975
0.0249528
0.0248682
0.0251567
0.0249848
0.0247548
0.0248366
0.0248242
0.0249225
0.025016
0.024852
0.0250307
0.0249672
0.024921
0.0248692
0.0250915
0.0250567
0.0250832
0.0250759
0.0249252
0.0249093
0.0250605
0.0249392
0.0249316
0.0249207
0.0249273
0.0249326
0.0250351
0.0249584
0.0249412
0.0250366
0.0249507
0.02495
