0.000298786
0.00162842
0.00259067
0.000458402
0.00206035
0.00194277
0.00313138
0.0031819
0.00312945
0.00317278
0.0031376
0.00314462
0.00313535
0.00313203
0.00314944
0.00314301
0.0031389
0.00314442
0.00314494
0.00314191
0.00312015
0.00314171
0.00314173
0.0031252
0.00313
0.00313629
0.00313572
0.00312979
0.0031287
0.00313835
0.00313617
0.00313538
0.00311733
0.00313522
0.00313474
0.0031344
0.00313647
0.00311667
0.00313512
0.00313399
0.00312099
0.00313305
0.0031332
0.00311995
0.00313261
0.00311926
0.00312005
0.00311871
0.00312048
0.00312425
0.00311937
0.00312709
0.00313029
0.00312121
0.00325899
0.00297207
0.00323034
0.00310001
0.00316719
0.00312341
0.00319423
0.00314205
0.0032751
0.0033633
0.00305886
0.00316793
0.00335955
0.00306418
0.00318616
0.00322355
0.00330386
0.0030323
0.00326494
0.00326725
0.00312699
0.00315271
0.00312588
0.00306253
0.00323503
0.00313685
0.00315625
0.00321134
0.0032207
0.00316266
0.00320289
0.00309741
0.00318216
0.00319572
0.00318848
0.00309232
0.00312818
0.00314074
0.00308871
0.00314884
0.00308006
0.00317476
0.00312253
0.00317694
0.00317226
0.00317005
0.00316501
0.00315776
0.00310102
0.00310724
0.00285144
0.00276193
0.00289121
0.00326059
0.00317479
0.00292255
0.00322984
0.00323894
0.00294793
0.00297153
0.00297902
0.00298842
0.00308171
0.00322185
0.00320781
0.00301671
0.00302258
0.00316221
0.00306297
0.00304634
0.00306013
0.00306198
0.00311432
0.00316034
0.00317132
0.00312765
0.0030613
0.00306036
0.00316795
0.00316867
0.00317348
0.00317065
0.0030792
0.00315731
0.00316796
0.00316252
0.00307716
0.00315656
0.00310952
0.0031148
0.00311749
0.00294279
0.00293246
0.00297865
0.00320509
0.00314834
0.00301487
0.00318551
0.00319492
0.00302137
0.00302548
0.0030378
0.00303947
0.00310226
0.00318959
0.00317537
0.0030651
0.00305772
0.00314646
0.00308935
0.00307034
0.00308688
0.00308778
0.00311843
0.0031465
0.00315428
0.00312635
0.00308041
0.00308015
0.00315278
0.00315342
0.00315811
0.00315567
0.00309523
0.00314621
0.00315458
0.00315012
0.00309195
0.00314584
0.00311478
0.00266702
0.00320216
0.00306016
0.00279641
0.00296666
0.00290741
0.00290105
0.00291129
0.00292049
0.0030488
0.00310839
0.00314321
0.00304849
0.00305668
0.00300085
0.00314145
0.00300446
0.00307435
0.00301079
0.00303211
0.00303108
0.00307835
0.00304031
0.00304524
0.00306129
0.00306731
0.00310926
0.00310215
0.00312435
0.00312426
0.00301834
0.00312187
0.00304048
0.00318669
0.00306838
0.00306921
0.00311361
0.00312554
0.00310916
0.00314366
0.00314141
0.00310381
0.00312199
0.00316032
0.00315775
0.0031547
0.00309812
0.00314026
0.0030911
0.00309768
0.00311534
0.003095
0.0031397
0.00309582
0.00310446
0.00309801
0.00313564
0.00310092
0.00314479
0.00310328
0.0031033
0.00310546
0.00310473
0.00313267
0.00311839
0.00311454
0.00311269
0.00310696
0.00310733
0.00311725
0.00312435
0.000327589
0.00290359
0.00270047
0.0029818
0.00280337
0.002876
0.00321582
0.00299612
0.00319348
0.00291342
0.00310718
0.00311647
0.00301811
0.0031796
0.00311398
0.0031339
0.00299
0.00299307
0.00300543
0.00301335
0.00302577
0.00303328
0.00307189
0.00315676
0.00306849
0.0030543
0.0030474
0.00305052
0.00306244
0.00311085
0.00311462
0.00316149
0.00310469
0.00309231
0.00312435
0.00326032
0.00313673
0.00312714
0.00312999
0.00312146
0.00313254
0.00313302
0.00310964
0.00314416
0.00314563
0.0031414
0.00314066
0.00313202
0.00312106
0.00311337
0.00313525
0.00313325
0.00313596
0.00313705
0.00311644
0.0031286
0.00313288
0.0031302
0.00313207
0.00313002
0.00313442
0.00311634
0.00313286
0.00313406
0.00311777
0.00312407
0.00312172
0.00311962
0.00311748
0.00311956
0.0031189
0.00313282
0.00312266
0.00313231
0.00312441
0.00312466
0.00313074
0.00312556
0.00312395
0.00312702
0.00312202
0.00313033
0.00289066
0.0026137
0.00253162
0.00288287
0.00278727
0.00286469
0.00309557
0.00288309
0.00284623
0.00290929
0.00307765
0.00292498
0.00294112
0.0030707
0.00306752
0.00311709
0.00309493
0.00299496
0.00301872
0.00310933
0.00307101
0.00312435
0.00279922
0.00260121
0.00238228
0.00266361
0.00247668
0.0025916
0.00253101
0.00258132
0.00322481
0.00265785
0.00277876
0.00306981
0.0028609
0.00286108
0.00318799
0.00289106
0.00285444
0.00303261
0.00295776
0.00297406
0.00299817
0.00294156
0.00310805
0.0029925
0.00312577
0.0030291
0.0031655
0.00312435
0.00312519
0.00324239
0.00314732
0.00312308
0.00317313
0.00311945
0.00309661
0.00315557
0.00310309
0.00312001
0.00312542
0.0031032
0.00311921
0.003145
0.00313496
0.00314566
0.00311948
0.00310786
0.00314426
0.0031419
0.00314066
0.00314001
0.00312139
0.00310989
0.00311661
0.00312411
0.0031399
0.00312008
0.00311476
0.00313794
0.00311293
0.00311873
0.00311879
0.00311861
0.00313471
0.00313616
0.00313581
0.00313499
0.00311529
0.00312833
0.00311759
0.00311998
0.00313265
0.00312782
0.00313221
0.00313189
0.00313186
0.0031028
0.00299965
0.00302956
0.00304077
0.00287624
0.00292026
0.00298326
0.00303765
0.00305655
0.0031178
0.00309102
0.00303211
0.0030754
0.00309197
0.00313946
0.00304
0.003058
0.00307011
0.00308734
0.00313095
0.00315201
0.00306331
0.0030635
0.00312704
0.00306537
0.00310922
0.00308694
0.00307302
0.00308301
0.00313995
0.00312027
0.00314075
0.00308867
0.00308767
0.000246266
5.73032e-05
0.000693766
0.0014632
0.00128498
0.00190204
0.00179744
0.0019782
0.00261317
0.00233812
0.00316209
0.00287715
0.00315693
0.00270345
0.00312435
0.00156336
0.00298717
0.00294009
0.0030678
0.00295363
0.00301928
0.00318062
0.00306897
0.00316617
0.00301871
0.00311771
0.00312235
0.00305883
0.00315784
0.00312048
0.0031311
0.00305584
0.00305609
0.00306209
0.00306696
0.00306778
0.00307125
0.00309701
0.00314436
0.00309482
0.00308262
0.00308157
0.00308107
0.00308681
0.00311742
0.00311949
0.00314763
0.00311375
0.00310671
0.00482774
0.0014605
0.00203174
0.0027291
0.00270083
0.00278943
0.00297239
0.0029347
0.00270915
0.00266944
0.00269772
0.00278242
0.00304335
0.00289657
0.00299792
0.00313041
0.00311987
0.00287203
0.0029366
0.00317917
0.00303718
0.00307835
0.00301874
0.00300722
0.00299135
0.00301895
0.00305414
0.00299385
0.00303259
0.00312823
0.00304012
0.0030912
0.00303198
0.00313649
0.00312435
0.00239074
0.00311174
0.0029517
0.00307459
0.00309603
0.00309521
0.00305199
0.00311368
0.00317623
0.00313628
0.0030586
0.00313678
0.0030612
0.00306539
0.00316168
0.00306764
0.00308243
0.00310315
0.00313229
0.00308848
0.00308349
0.00313116
0.003091
0.0030913
0.00309134
0.00309252
0.00309021
0.00309208
0.00309516
0.00314143
0.00309704
0.00313852
0.00309926
0.0012041
0.00117726
0.00104879
0.00167698
0.00104814
0.00283611
0.00192983
0.0023433
0.00210354
0.00248835
0.00244452
0.00258712
0.00252531
0.00312435
0.00312435
0.00312435
0.00306848
0.0031531
0.00323116
0.0031417
0.003139
0.00316466
0.00318715
0.00318658
0.0031071
0.00315879
0.00312202
0.00317063
0.00316137
0.00315584
0.0031035
0.00310178
0.00316289
0.00316267
0.00311033
0.00315901
0.0031177
0.00315684
0.00313998
0.00310859
0.003154
0.00312136
0.00314165
0.00314388
0.00315182
0.00311843
0.00314545
0.00314904
0.00313638
0.00314563
0.00314709
0.00314657
0.00313138
0.00314511
0.00312304
0.00314048
0.0031413
0.00313761
0.00314036
0.00314088
0.00314081
0.00312435
0.0024775
0.00202035
0.00168117
0.00208705
0.00218205
0.00293419
0.00272361
0.0024661
0.00291118
0.0026856
0.00258404
0.00278812
0.00282757
0.00275112
0.00279705
0.00278629
0.00303408
0.00283527
0.00291033
0.00066003
0.00105396
0.00148623
0.00195882
0.00183061
0.00223264
0.00215583
0.00227629
0.00272369
0.00252299
0.00315465
0.00292664
0.00315056
0.00279467
0.00360929
0.00247332
0.000943778
0.000517937
0.000949413
0.00032779
0.00213468
0.00212997
0.00188847
0.00232154
0.00216471
0.00225628
0.0039765
0.00312435
0.00314707
0.00335065
0.00315047
0.0031667
0.00324693
0.00309912
0.00318152
0.00316776
0.00318863
0.003182
0.00314271
0.00317974
0.00315643
0.0031715
0.00317278
0.00316243
0.00316324
0.00316403
0.00315579
0.00311235
0.0031316
0.00315137
0.00316303
0.00311517
0.00314812
0.00311687
0.00314462
0.00310456
0.00314892
0.00314502
0.00313063
0.00310676
0.00311503
0.00310697
0.00314382
0.00312042
0.003109
0.00314461
0.00312146
0.00313867
0.0031166
0.00314231
0.00313794
0.00311488
0.0031405
0.00314043
0.000544308
0.00139644
0.00168551
0.00213464
0.0027793
0.00228837
0.00295006
0.00272823
0.0027723
0.00317342
0.00289036
0.00286935
0.00300897
0.00278067
0.00310713
0.00290672
0.00288704
0.00304142
0.00302296
0.00312435
0.00258983
0.00307224
0.0026938
0.00284821
0.0027673
0.00308626
0.00300404
0.00293101
0.00301991
0.00308851
0.00289159
0.00304009
0.00292311
0.00294488
0.00300394
0.0030359
0.0029983
0.00298975
0.003127
0.0030079
0.00312435
0.00121733
0.0019881
0.00266622
0.00229085
0.00214121
0.00220318
0.00218129
0.00247472
0.00283069
0.00282411
0.00289268
0.00300921
0.00308473
0.00270048
0.00284727
0.00301142
0.00315152
0.00287227
0.00312435
0.0028599
0.00302743
0.00305817
0.0028697
0.00300501
0.00295995
0.00299876
0.00316413
0.00305889
0.00300308
0.00300458
0.00307192
0.00301857
0.00307141
0.00314371
0.003152
0.0030721
0.0030344
0.0031411
0.00306422
0.00307775
0.00305244
0.00308326
0.00310857
0.00306411
0.00309513
0.00308529
0.00251278
0.00123328
0.00109891
0.00062238
0.000683504
2.036e-05
0.00255592
0.000707337
0.00237388
0.00205239
0.00275051
0.00220373
0.00317271
0.00253961
0.0027167
0.00237542
0.00295602
0.00296772
0.00297223
0.00275983
0.000833899
4.88806e-05
0.00234304
0.00236387
0.00125501
0.00275363
0.00285009
0.00171859
0.00203033
0.0025936
0.00232018
0.00252162
0.00312435
0.00312435
0.00357209
0.00312687
0.00313199
0.00314753
0.00320391
0.0031814
0.00311918
0.00317315
0.00312053
0.00316874
0.00316246
0.00317195
0.00316911
0.00309945
0.00315096
0.00316087
0.00315251
0.00315901
0.00315806
0.00315927
0.00313073
0.00316016
0.00315797
0.00311378
0.00311031
0.00310676
0.00315532
0.00313822
0.00315331
0.00314934
0.00311667
0.00314724
0.00313909
0.0031408
0.00313612
0.00312868
0.0031457
0.00314582
0.00313869
0.00311871
0.00314272
0.00313677
0.00312062
0.00313923
0.00314205
0.00313591
0.00313288
0.00311711
0.00312472
0.0031242
0.00311633
0.00220599
0.00103375
0.00114203
0.00246379
0.00238056
0.00295647
0.00312435
0.00291553
0.00297971
0.00322033
0.00286034
0.00289618
0.00281561
0.00298522
0.00316684
0.00315739
0.00308676
0.00301642
0.00292793
0.0029421
0.00297329
0.00303376
0.0029994
0.00309471
0.00298523
0.00305848
0.00299758
0.00311978
0.00302307
0.00301204
0.00301604
0.00314784
0.00307747
0.00307238
0.00304459
0.00306411
0.00307888
0.00307318
0.00315121
0.00306885
0.00312435
0.00230598
0.00305674
0.00308673
0.00317021
0.00307882
0.00316949
0.00306417
0.00313609
0.00313092
0.00311861
0.00305376
0.00313243
0.00305713
0.00307817
0.00311341
0.00311388
0.00308403
0.00307876
0.00308848
0.00309804
0.00314122
0.00313217
0.00313697
0.00308831
0.00308886
0.00312622
0.00309138
0.00313019
0.00309548
0.00313116
0.00311317
0.0031182
