0.0194598
0.0202086
0.0236746
0.0243505
0.0251249
0.0250687
0.0250592
0.0250714
0.0250624
0.025066
0.025074
0.0250675
0.0250642
0.0250517
0.0250696
0.0250513
0.0250601
0.0250535
0.0250669
0.0250648
0.0250653
0.0250625
0.025066
0.0250633
0.0250656
0.0250655
0.0250651
0.0250604
0.0250538
0.0250627
0.0250608
0.025061
0.0250613
0.0250534
0.0250634
0.025062
0.0250623
0.0250625
0.0250587
0.0250598
0.0250616
0.025054
0.0250584
0.0250596
0.0250604
0.0250595
0.0250582
0.0250574
0.0250579
0.0250556
0.02506
0.0412275
0.0253967
0.0253353
0.0250123
0.0251505
0.0251558
0.025071
0.0251707
0.0252006
0.0250645
0.0250328
0.0251989
0.02518
0.0251849
0.0251263
0.0251102
0.0251192
0.0250428
0.0251448
0.025137
0.0251324
0.0251072
0.0250493
0.0251199
0.0250534
0.025098
0.0251024
0.0250852
0.0250909
0.0250868
0.0250425
0.025074
0.0250583
0.0250567
0.0250629
0.0250919
0.025092
0.0250901
0.0250698
0.0250842
0.0250754
0.0250508
0.0250572
0.0250772
0.0250815
0.0250746
0.0250504
0.0250737
0.0250554
0.0250086
0.024863
0.0249785
0.0250828
0.0249279
0.0249952
0.0249541
0.0250876
0.0249916
0.0250705
0.0249893
0.0250142
0.0250859
0.0250013
0.0250366
0.0250823
0.0250014
0.0249951
0.0250034
0.0250273
0.0250147
0.0250358
0.0250116
0.0250212
0.0250235
0.025016
0.0250168
0.0250279
0.0250242
0.0250561
0.0250659
0.0250275
0.0250692
0.0250316
0.0250343
0.0250675
0.0250343
0.025062
0.0250513
0.0250541
0.0250388
0.0250554
0.0250259
0.0249383
0.025013
0.0250733
0.0249797
0.0250285
0.0249974
0.0250771
0.0250251
0.0250648
0.0250138
0.0250344
0.0250762
0.0250206
0.025045
0.0250737
0.0250215
0.0250217
0.0250263
0.025036
0.0250291
0.0250438
0.025028
0.0250327
0.025034
0.0250305
0.0250311
0.0250369
0.0250362
0.0250559
0.0250624
0.0250381
0.0250648
0.0250405
0.0250411
0.0250637
0.0250419
0.0250598
0.0250527
0.0250546
0.0250447
0.0243594
0.0249333
0.0249112
0.0248806
0.0248923
0.0249507
0.0248697
0.024879
0.0248846
0.0250004
0.0248944
0.0249141
0.0250093
0.0249231
0.0249429
0.0249497
0.0250505
0.0250462
0.0250046
0.0250245
0.0250553
0.0249951
0.0249819
0.0249838
0.0249931
0.0250392
0.0249978
0.0250554
0.0250484
0.024992
0.0250177
0.0250128
0.0250195
0.0250458
0.0250379
0.0250302
0.0250694
0.0250568
0.0250476
0.0250511
0.0250644
0.0250656
0.0250599
0.0250569
0.0250495
0.0250596
0.025053
0.0250543
0.025041
0.0250443
0.0250412
0.0250592
0.0250467
0.0250517
0.0250613
0.0250448
0.0250449
0.0250465
0.0250472
0.0250474
0.0250492
0.0250479
0.0250599
0.0250478
0.0250526
0.0250568
0.0244355
0.0249361
0.0249549
0.0250488
0.0247757
0.0248746
0.024885
0.0248754
0.0249394
0.0250732
0.0249072
0.0249905
0.0248998
0.0249496
0.024909
0.0250389
0.0249507
0.0250564
0.024953
0.0249595
0.0250277
0.0249728
0.0250617
0.0250591
0.0249894
0.025002
0.0249897
0.0249961
0.0250358
0.0250027
0.0250121
0.025011
0.0250362
0.0250613
0.0290683
0.0250573
0.0250736
0.0250749
0.0250664
0.0250609
0.0250562
0.0250632
0.0250684
0.0250627
0.0250669
0.0250671
0.0250659
0.0250589
0.0250654
0.0250537
0.0250616
0.0250642
0.0250575
0.0250638
0.0250641
0.0250598
0.0250634
0.0250615
0.025057
0.0250595
0.025062
0.0250624
0.0250598
0.0250539
0.0250616
0.0250544
0.0250544
0.0250599
0.0250608
0.0250603
0.0250606
0.0250565
0.0250554
0.02506
0.0250566
0.0250549
0.0250593
0.0250576
0.0250584
0.0250568
0.025059
0.0250232
0.0249957
0.0248039
0.0247507
0.0248235
0.0247603
0.0247904
0.0248717
0.0247932
0.0249389
0.02497
0.0249328
0.0249812
0.0250235
0.024906
0.025019
0.0249341
0.0249302
0.0250192
0.0249646
0.0228373
0.0249438
0.0244395
0.0246382
0.0246443
0.0245175
0.0249449
0.0250527
0.0247516
0.0246786
0.024966
0.0249315
0.0248833
0.0247148
0.024797
0.0248349
0.0248112
0.0250042
0.0248452
0.0248458
0.02484
0.0248759
0.0248956
0.0249006
0.0249536
0.0249918
0.0249826
0.0249366
0.0250554
0.0250554
0.025057
0.0250572
0.0250587
0.025061
0.0250688
0.0250553
0.0250684
0.0250652
0.0250571
0.0250606
0.025048
0.0250605
0.0250628
0.0250614
0.0250499
0.0250587
0.0250646
0.0250546
0.0250621
0.0250505
0.0250545
0.0250505
0.0250603
0.0250617
0.0250618
0.0250597
0.0250567
0.0250598
0.0250559
0.0250613
0.0250614
0.0250597
0.0250602
0.0250548
0.0250597
0.0250586
0.0250603
0.0250523
0.0250547
0.0250588
0.0250584
0.0250553
0.025056
0.0250582
0.0250551
0.0250509
0.0248222
0.0250661
0.0249919
0.0249526
0.025017
0.0250421
0.0249424
0.0250189
0.0250631
0.0250594
0.0250059
0.0249973
0.024991
0.0249818
0.0250651
0.0249877
0.0250402
0.0250048
0.0250005
0.0250354
0.0250029
0.0250331
0.0250198
0.0250272
0.0250331
0.0250306
0.025028
0.0250338
0.0250208
0.0250431
0.0250209
0.0202658
0.0239537
0.0244965
0.0244697
0.0250088
0.0248502
0.0240089
0.0241069
0.0247483
0.0242713
0.0243975
0.024628
0.0250369
0.024763
0.0249745
0.024949
0.0249235
0.0249931
0.0250358
0.0249557
0.0249797
0.0250068
0.0250243
0.0249855
0.0250046
0.0250121
0.0249951
0.0250559
0.0249943
0.0250565
0.0249969
0.0250012
0.0250663
0.025011
0.0250382
0.0250403
0.0250139
0.0250241
0.0250533
0.0250184
0.0250223
0.0250246
0.0250256
0.025061
0.0250632
0.0250562
0.0250415
0.0250434
0.0248922
0.0248457
0.0245081
0.0246601
0.0245854
0.0245654
0.0245929
0.0247251
0.0247765
0.0247209
0.0247894
0.0247396
0.0249842
0.0249679
0.0249161
0.0248086
0.0250711
0.0249764
0.0249953
0.0249295
0.0248988
0.0248931
0.0249044
0.0250005
0.0249404
0.0250111
0.025061
0.0250275
0.0249446
0.0249511
0.0249608
0.0249613
0.0248829
0.0250729
0.0249044
0.0249696
0.0250454
0.0250073
0.0250381
0.0250118
0.0250138
0.0250114
0.0250166
0.0250594
0.0250351
0.0250343
0.0250411
0.0250394
0.0250176
0.0250328
0.0250574
0.0250256
0.0250484
0.0250402
0.0250468
0.0250287
0.025031
0.0250327
0.0250355
0.0250388
0.0250448
0.0250426
0.0250363
0.0250481
0.0196846
0.0200855
0.0228352
0.0245941
0.0235062
0.024941
0.0247436
0.0242586
0.0240476
0.0241518
0.0249112
0.0244369
0.024757
0.0250622
0.025123
0.0251397
0.0250899
0.0251115
0.0250949
0.0250725
0.0250858
0.0250743
0.0250804
0.0250763
0.0250609
0.0250916
0.0250883
0.025083
0.0250476
0.0250717
0.0250757
0.0250782
0.0250864
0.0250805
0.0250807
0.0250719
0.0250606
0.0250646
0.0250655
0.0250497
0.0250684
0.0250692
0.0250533
0.0250787
0.0250657
0.025075
0.0250655
0.0250577
0.0250723
0.0250692
0.0250616
0.0250516
0.0250704
0.025061
0.0250554
0.0250674
0.0250545
0.0250619
0.0250657
0.0250581
0.0248894
0.0226976
0.0247338
0.024541
0.0242683
0.0242555
0.0249328
0.0242849
0.0242546
0.0245577
0.0246419
0.0245694
0.0246231
0.0249114
0.0246804
0.0248446
0.0247945
0.0249468
0.0248892
0.0249099
0.02177
0.0242068
0.0246166
0.0245992
0.0250178
0.0248918
0.024277
0.0243424
0.0248135
0.0244579
0.0245485
0.0247192
0.0250404
0.0234357
0.0238328
0.0233271
0.024135
0.0245539
0.0238199
0.023971
0.0248274
0.0242767
0.0251479
0.0251647
0.0251198
0.0250931
0.0250805
0.0250983
0.0251224
0.025086
0.0250736
0.0250984
0.0250883
0.0250828
0.0250878
0.0250694
0.0250662
0.0250845
0.0250924
0.0250853
0.0250883
0.0250683
0.02507
0.025075
0.0250702
0.0250601
0.0250636
0.0250784
0.0250765
0.0250793
0.0250672
0.0250554
0.0250655
0.0250501
0.0250766
0.0250667
0.0250518
0.0250657
0.025072
0.0250732
0.0250717
0.025066
0.0250695
0.0250708
0.0250653
0.0250646
0.0250524
0.0250528
0.0250657
0.0248882
0.0231211
0.024373
0.0244777
0.0242476
0.0247201
0.0246388
0.0245648
0.024684
0.0245326
0.024919
0.0249259
0.0246773
0.0249551
0.0247714
0.0250159
0.0247786
0.0247969
0.0248859
0.0250257
0.0243418
0.0247777
0.0245134
0.0246921
0.0248153
0.0247631
0.0247402
0.0248064
0.0248501
0.0247979
0.0248163
0.024815
0.0248636
0.0249322
0.0248838
0.024902
0.0249881
0.0249474
0.0250279
0.0250035
0.0236073
0.0222931
0.0234652
0.0238876
0.0239646
0.0240232
0.0248615
0.0242638
0.0245149
0.0246355
0.0243242
0.0249844
0.0245632
0.024484
0.0247753
0.0248952
0.0249998
0.0246765
0.0249357
0.0249591
0.0246914
0.025033
0.0250047
0.0248253
0.0249053
0.0248873
0.0248865
0.0249005
0.024897
0.0250286
0.0250023
0.0250326
0.0249669
0.0249728
0.0249432
0.0250389
0.0249602
0.0249906
0.0249605
0.0249932
0.024982
0.0250008
0.0249902
0.0249886
0.0250147
0.0250196
0.0250271
0.0250219
0.0192483
0.021832
0.0222032
0.0216637
0.0219099
0.0243258
0.0238103
0.0232669
0.0248373
0.0235174
0.0248204
0.0247279
0.024082
0.0249079
0.0244671
0.0244948
0.0244983
0.0247531
0.0249417
0.0238315
0.0236118
0.0233162
0.0234092
0.0235393
0.0238454
0.0244226
0.0245465
0.0240116
0.0249594
0.0250269
0.0245955
0.0251728
0.0251402
0.0251455
0.0251409
0.0251115
0.0250529
0.0250805
0.0250826
0.0250559
0.0250847
0.0250904
0.0250807
0.0250825
0.0250899
0.0250708
0.025086
0.0250844
0.0250833
0.0250778
0.0250807
0.0250749
0.0250826
0.0250614
0.0250588
0.025066
0.0250731
0.0250787
0.0250555
0.0250672
0.0250696
0.0250727
0.0250733
0.025075
0.0250681
0.0250705
0.0250603
0.0250665
0.0250702
0.0250639
0.0250601
0.0250617
0.0250609
0.0250681
0.0250626
0.0250691
0.0250611
0.0250558
0.0250673
0.0250673
0.0250606
0.02506
0.0250639
0.025053
0.0228854
0.0229375
0.0246555
0.0236626
0.0244132
0.0244141
0.0248105
0.0249587
0.024794
0.0248937
0.0247813
0.0249588
0.0248073
0.0248363
0.024836
0.0248613
0.0249285
0.0248759
0.024936
0.0249028
0.0249405
0.0250415
0.0248965
0.02496
0.0249578
0.024969
0.0249355
0.0250562
0.0250092
0.0249956
0.0249557
0.0250283
0.0249778
0.0249654
0.0250439
0.0250216
0.0249757
0.0250157
0.0250188
0.0250052
0.0248267
0.024996
0.0249201
0.0249796
0.0249506
0.0250273
0.0250071
0.0250004
0.0250055
0.0250301
0.0249956
0.0250349
0.0250267
0.0249983
0.0250253
0.0250232
0.0250255
0.0250613
0.0250163
0.0250438
0.0250179
0.0250183
0.025057
0.0250268
0.0250622
0.0250236
0.0250329
0.0250517
0.0250543
0.0250377
0.0250317
0.0250521
0.0250327
0.0250524
