0.00371729
0.00841991
0.00965347
0.00296811
0.00791598
0.00926635
0.0103851
0.0121894
0.012354
0.0113684
0.0170108
0.0146679
0.0223087
0.011959
0.0129876
0.0138378
0.0135274
0.0133197
0.012129
0.0120914
0.0122693
0.0126059
0.0130076
0.0129556
0.0126725
0.01276
0.0126387
0.012704
0.0122831
0.0126901
0.0123095
0.0125177
0.0122465
0.012129
0.0123163
0.0124137
0.012152
0.0124838
0.0124869
0.012337
0.0122418
0.0124121
0.0122549
0.0124121
0.0123341
0.0121907
0.0123248
0.0123825
0.0121995
0.12004
0.0508437
0.0754194
0.0197244
0.0545758
0.0127967
0.0168651
0.018152
0.0158556
0.0129314
0.0130177
0.0139681
0.0139522
0.0124931
0.0134141
0.0124565
0.0126364
0.0127802
0.0126281
0.0122444
0.013355
0.0124613
0.012949
0.0124761
0.012571
0.0124762
0.0130361
0.012566
0.0130435
0.0126916
0.0122828
0.0128218
0.012538
0.0127881
0.0121962
0.0125355
0.0126563
0.0124146
0.0123435
0.0126176
0.0123634
0.0125772
0.0122929
0.0125869
0.0125815
0.0123712
0.0123764
0.0123735
0.0122252
0.0125388
0.0123621
0.0122681
0.0124772
0.0124584
0.0122899
0.0123668
0.0124168
0.0123384
0.0124401
0.0122195
0.0123433
0.0122503
0.012419
0.0123907
0.00091172
0.012972
0.0154491
0.0141698
0.0143166
0.0130522
0.012977
0.0132945
0.0120256
0.0129184
0.0123511
0.0121173
0.0125952
0.0125735
0.0125076
0.0120804
0.0122141
0.0122491
0.0124801
0.0122198
0.0123886
0.0121383
0.0124346
0.0124372
0.0124098
0.0124166
0.0123616
0.0121729
0.0122087
0.0121961
0.0123364
0.0123577
0.0123283
0.0259386
0.0237967
0.0126277
0.0123515
0.0130322
0.0126036
0.0130595
0.0126999
0.0125898
0.0133018
0.0132268
0.0126121
0.0120376
0.0121847
0.0120612
0.0124992
0.0124409
0.0125811
0.0120789
0.0123834
0.0125219
0.0121782
0.0124931
0.0122987
0.0124598
0.0121346
0.0121724
0.0124723
0.0122165
0.0124527
0.0123142
0.0121666
0.0123794
0.0123302
0.0122322
0.0122031
0.0123563
0.0121837
0.012252
0.0123724
0.00873102
0.0131319
0.00847242
0.0115439
0.0114041
0.0115104
0.0118098
0.0115109
0.0124079
0.0125321
0.0119349
0.0124763
0.0124578
0.0125244
0.011942
0.01228
0.0124572
0.0122768
0.01206
0.0124599
0.012165
0.0120842
0.0120798
0.0121963
0.0123262
0.0123968
0.0121319
0.0123855
0.0123256
0.0123498
0.0113392
0.0112315
0.0113903
0.0115485
0.0119975
0.0128565
0.0126943
0.0128447
0.0122355
0.0118878
0.0128615
0.0128109
0.012344
0.0121757
0.0120199
0.0120086
0.0125201
0.0121717
0.0122575
0.0120672
0.0120799
0.0124801
0.0124565
0.0121124
0.0121097
0.0121204
0.0121488
0.0121968
0.0123969
0.0123971
0.0121462
0.0122737
0.0122109
0.0122237
0.0121991
0.0123518
0.012551
0.0154863
0.0152253
0.0115684
0.0127472
0.0127146
0.0129105
0.0126621
0.0128944
0.0119675
0.0126916
0.0119629
0.0120224
0.0120155
0.0125944
0.0120406
0.0125475
0.0120433
0.0123964
0.0124736
0.0120721
0.012156
0.0122107
0.0121215
0.0121253
0.0124077
0.0122171
0.0123855
0.0121655
0.0123911
0.0123669
0.0121696
0.0155513
0.00602501
0.0124491
0.0132952
0.0119815
0.0121732
0.0137598
0.0121039
0.0129364
0.0121182
0.0120545
0.0120461
0.0120635
0.0120704
0.0125218
0.0125418
0.0125688
0.0123001
0.0122408
0.0121024
0.0122432
0.0121225
0.0124591
0.0124421
0.0122385
0.012393
0.0122095
0.0121726
0.0123771
0.0122081
0.0123166
0.01219
0.00144697
0.0116634
0.0117132
0.0117245
0.0129604
0.0124258
0.0123939
0.0119197
0.0118576
0.0129985
0.0126244
0.0121271
0.0123386
0.0125909
0.0121709
0.0120524
0.0125412
0.0121115
0.0124893
0.0121079
0.0124741
0.0124175
0.0121348
0.0123855
0.0124245
0.0122518
0.0123972
0.0121501
0.0122153
0.0123885
0.0123321
0.01237
0.0357812
0.0127645
0.0154444
0.0141695
0.0143091
0.0130524
0.0129631
0.013282
0.0120265
0.0129183
0.0123494
0.0121184
0.0125948
0.012573
0.0125072
0.0120812
0.0122147
0.0122496
0.0124795
0.0122204
0.0123883
0.0121389
0.0124341
0.0124367
0.0124093
0.0124161
0.0123614
0.0121734
0.0122092
0.0121966
0.0123363
0.0123575
0.0123283
0.000115235
0.000890272
0.00720321
0.0108394
0.00968331
0.0126564
0.0115774
0.00981945
0.0125774
0.0109534
0.0120147
0.0121362
0.0117258
0.0116976
0.01164
0.0169976
0.0146685
0.0206566
0.0119563
0.0128798
0.0137043
0.0134182
0.0133196
0.0121263
0.0120905
0.0122616
0.012591
0.0129975
0.0129491
0.0126711
0.0127531
0.0126331
0.0127009
0.0122822
0.0126871
0.0123091
0.0125164
0.0122468
0.0121301
0.0123159
0.0124129
0.0121529
0.0124824
0.0124852
0.0123365
0.0122422
0.0124112
0.0122552
0.012411
0.0123337
0.0121913
0.0123245
0.0123817
0.0122001
0.0303327
0.0131418
0.0441672
0.0281463
0.0166512
0.0132475
0.0130769
0.0129024
0.0131083
0.014134
0.0131245
0.0126211
0.013487
0.0128726
0.0127915
0.0125563
0.0129617
0.0127002
0.0122516
0.0129005
0.0129543
0.0122363
0.0124536
0.0125144
0.0127657
0.0126087
0.0125694
0.0124703
0.0127104
0.0126765
0.0126854
0.0121617
0.0125278
0.0125737
0.0124697
0.0123959
0.0125296
0.0124309
0.0121847
0.0124835
0.0123533
0.0124444
0.0124129
0.0124502
0.0123058
0.0124363
0.0121969
0.0122369
0.012302
0.0123943
0.0122988
0.0123513
0.0124035
0.0109915
0.0112205
0.0113507
0.0115383
0.0118665
0.0128546
0.0126959
0.0128413
0.0121652
0.0118879
0.0128543
0.0128018
0.0123266
0.0121597
0.0120184
0.0120048
0.012521
0.0121602
0.0122464
0.0120638
0.0120781
0.0124784
0.0124576
0.0121074
0.0121058
0.0121184
0.0121438
0.0121913
0.0123967
0.0123983
0.0121439
0.0122699
0.0122064
0.0122195
0.012195
0.0123516
0.0183064
0.014538
0.0136204
0.019677
0.0135083
0.0144851
0.012726
0.014245
0.013004
0.0121142
0.0126458
0.0127538
0.0136132
0.0136357
0.0132197
0.0132352
0.0126635
0.0126683
0.0124529
0.0123316
0.0122439
0.0121631
0.0126047
0.0125818
0.0127544
0.0123607
0.0124922
0.0123434
0.012604
0.0125475
0.0122164
0.0126402
0.01221
0.0121824
0.0124334
0.0125412
0.0124814
0.0122595
0.0124275
0.0124805
0.0124499
0.0122045
0.0123337
0.0123816
0.0122018
0.012267
0.0123953
0.0123919
0.0124036
0.0124088
0.0123418
0.0123644
0.0111392
0.00735615
0.00241786
0.0126665
0.00785536
0.0109342
0.0125726
0.0125207
0.012351
0.0119112
0.01173
0.0117736
0.012138
0.0122486
0.0124297
0.0118284
0.0123105
0.0119464
0.0123575
0.0120749
0.0134005
0.0242323
0.0129255
0.0117947
0.0136763
0.0118244
0.0130254
0.0124834
0.0118806
0.013038
0.0119319
0.0129121
0.0120151
0.0122502
0.0125148
0.0120534
0.0124161
0.0125156
0.0121638
0.0125054
0.0121302
0.0124994
0.0121032
0.0122446
0.0121878
0.0121485
0.0124282
0.0124094
0.0123249
0.0123857
0.012358
0.0121578
0.0123753
0.0121975
0.0123662
0.0129861
0.0201831
0.0595215
0.0180386
0.012886
0.0192881
0.0166653
0.01421
0.0163218
0.0148376
0.0124274
0.0125717
0.0123976
0.0123187
0.0133915
0.0135645
0.0135266
0.0131236
0.0125014
0.0121265
0.0121489
0.0127738
0.0129063
0.0121298
0.0124964
0.0127297
0.0127487
0.0127092
0.0125856
0.0126599
0.0126536
0.0122216
0.0125358
0.012664
0.0121828
0.0124689
0.0125533
0.0124995
0.0125192
0.0125033
0.0124752
0.0123373
0.0123024
0.0124095
0.0124212
0.0122361
0.012402
0.0123876
0.0122431
0.012353
0.0123687
0.0122116
0.0123727
0.0155718
0.0114591
0.0103041
0.011782
0.0114433
0.0125583
0.0125288
0.0124191
0.0124769
0.0119228
0.0123096
0.0119657
0.0122333
0.0124217
0.0122345
0.0121587
0.0121169
0.0121263
0.0123791
0.00397359
0.00944007
0.010682
0.0108265
0.0124873
0.0117869
0.0112386
0.0122317
0.0114432
0.0112945
0.0117699
0.0123979
0.0124243
0.0117306
0.0117858
0.0123069
0.0124316
0.0119054
0.0120631
0.0120843
0.0120528
0.0742013
0.0136364
0.0530672
0.0124617
0.0137554
0.0132139
0.0138482
0.0134595
0.0121829
0.0125962
0.0129755
0.0128857
0.0133687
0.0134122
0.0128663
0.0130068
0.0129075
0.0121174
0.012771
0.0127624
0.0122864
0.0126279
0.0124308
0.0126547
0.0126853
0.0124697
0.0125626
0.0125022
0.0121659
0.0125119
0.0124103
0.0125197
0.0124535
0.012239
0.0123799
0.0124682
0.0124004
0.0124176
0.0124404
0.0124377
0.0123266
0.012195
0.0124026
0.012343
0.0123712
0.0123932
0.0122502
0.0638215
0.0136364
0.0508467
0.0124144
0.013621
0.0131425
0.0138492
0.0134603
0.0121795
0.0125963
0.0129758
0.0128628
0.0133627
0.0133991
0.0128655
0.0130038
0.0129019
0.0121182
0.0127693
0.0127604
0.0122851
0.0126271
0.0124304
0.0126513
0.0126824
0.0124693
0.01256
0.0125001
0.0121664
0.0125102
0.0124092
0.0125182
0.0124529
0.012239
0.0123795
0.012467
0.0123995
0.0124167
0.0124394
0.0124368
0.0123262
0.0121953
0.0124021
0.0123426
0.0123708
0.0123926
0.0122503
0.00747746
0.00595145
0.0113137
0.0101339
0.0106973
0.01127
0.0111017
0.0110374
0.0111715
0.012193
0.0123546
0.0117851
0.0120703
0.0125048
0.0123947
0.0120128
0.0120107
0.0121332
0.0120576
0.0123999
0.0122467
0.0121989
0.0121143
0.0121602
0.0121367
0.0122416
0.0146375
0.00941864
0.00410805
0.00787646
0.0103913
0.0102059
0.0113309
0.0118439
0.0114234
0.00999554
0.0125697
0.00785772
0.00910498
0.0115848
0.00893837
0.0114083
0.012375
0.0124254
0.0110103
0.011797
0.0114402
0.0118554
0.0116324
0.0117668
0.0119672
0.0119793
0.0120035
0.0120673
0.0119477
0.0122194
0.0120591
0.0120163
0.0268765
0.0626063
0.0238534
0.0183744
0.0171067
0.014353
0.0132479
0.0133467
0.0134084
0.0120883
0.0121094
0.0130597
0.0126169
0.0126267
0.0126982
0.0120689
0.0126838
0.0124719
0.0125963
0.0121286
0.012513
0.0123087
0.0121377
0.0121272
0.012502
0.0122082
0.012163
0.0121949
0.0121812
0.0124211
0.0124349
0.0123709
0.0124101
0.0123921
0.0123707
0.0123759
0.0123751
0.0123764
0.00295272
0.00671991
0.012757
0.01289
0.0121296
0.0109098
0.0123001
0.0127108
0.0118061
0.0124872
0.0118229
0.0119709
0.0118863
0.0125157
0.0125026
0.012339
0.0122775
0.0120374
0.0120684
0.0124333
0.012343
0.0120849
0.0120978
0.0120994
0.0121116
0.0122466
0.012145
0.012321
0.0868362
0.0253399
0.0620145
0.0219413
0.0267837
0.0312347
0.013262
0.0128303
0.0161004
0.0135938
0.0136983
0.0123394
0.0129379
0.0126885
0.0132432
0.0130668
0.0121037
0.0124805
0.0126661
0.0127691
0.0124536
0.0122407
0.0121358
0.0125319
0.0125086
0.0122544
0.0126514
0.0125341
0.0126905
0.012676
0.012472
0.0125994
0.0123569
0.0122566
0.0124817
0.01243
0.0124198
0.0124877
0.0124816
0.0123906
0.0124301
0.0123888
0.0123935
0.0123623
0.0124105
0.0123316
0.0122659
0.0122718
0.0122153
0.012351
0.0123766
0.044263
0.0176043
0.0154519
0.100467
0.013352
0.0249466
0.0266883
0.0334125
0.0169807
0.0131294
0.0172748
0.0121744
0.0146421
0.0126411
0.0129699
0.0124618
0.0121876
0.0133026
0.0134814
0.013439
0.0125359
0.0130451
0.0121868
0.0130586
0.0127297
0.0125486
0.0125923
0.0122601
0.0127439
0.0128756
0.0125738
0.0127927
0.0123062
0.0125725
0.0124061
0.0126129
0.0124374
0.0122418
0.0125914
0.0126122
0.0123606
0.0125968
0.0122397
0.0125462
0.0125104
0.0123508
0.0125137
0.0124591
0.0124849
0.0122216
0.0123567
0.0123924
0.0124465
0.0122461
0.0124194
0.0124223
0.0122897
0.0123939
0.0122623
0.0122451
0.0124186
0.0122241
0.0123892
0.033192
0.191476
0.0416653
0.0461054
0.0118673
0.0205853
0.0186391
0.0145962
0.0141978
0.0141233
0.0135771
0.0132862
0.012069
0.012131
0.0122767
0.0120727
0.0120763
0.0122195
0.0128151
0.0127752
0.0127042
0.0127225
0.0124316
0.0121536
0.0125908
0.0122051
0.0124077
0.0124369
0.012549
0.0124569
0.0125177
0.0122702
0.0123742
0.0121654
0.0122113
0.012433
0.012463
0.0123781
0.0124125
0.0124116
0.0124077
0.012231
0.0123193
0.0122027
0.012229
0.0123562
0.0122461
0.160982
0.108828
0.0231121
0.0213131
0.0410984
0.0128433
0.0198761
0.0132315
0.0133673
0.014224
0.0120956
0.015067
0.0126399
0.0145591
0.0126441
0.0128594
0.0126957
0.0131381
0.0124899
0.013334
0.013275
0.0128
0.0124852
0.013049
0.0125073
0.0126365
0.0123278
0.0125496
0.0127091
0.0127238
0.0124812
0.0124013
0.0127096
0.0121835
0.0125622
0.0124598
0.0125023
0.0125466
0.0122136
0.0124809
0.0124356
0.012381
0.0125164
0.0124468
0.0125231
0.0125084
0.0122534
0.0122476
0.0122432
0.0124252
0.012404
0.012392
0.0122139
0.0124393
0.0124423
0.0124239
0.0122435
0.0123836
0.0123283
0.11482
0.0041108
0.123558
0.024877
0.0337965
0.0134002
0.0189211
0.0218228
0.0194346
0.0164342
0.0126849
0.0122916
0.0128638
0.0130298
0.012325
0.0123114
0.0136828
0.0126711
0.0128531
0.0135107
0.0132683
0.0132141
0.0123212
0.0121392
0.0125742
0.0124752
0.0122781
0.0122505
0.0123452
0.0125068
0.0124645
0.0125514
0.0122611
0.0126862
0.0124641
0.012418
0.0125778
0.0122796
0.0124417
0.0125197
0.0125723
0.012201
0.0125909
0.012262
0.0122418
0.0125486
0.0123952
0.0124248
0.0123524
0.0123597
0.0125025
0.0124735
0.0124929
0.0124316
0.0124214
0.0123412
0.0122911
0.0122738
0.0123508
0.012435
0.0123191
0.0123949
0.0124052
0.0122433
0.0122396
