0.0667712
0.00842663
0.00486439
0.00933825
0.0168273
0.0141048
0.0177877
0.0193639
0.0188454
0.00824896
0.00773323
0.0115321
9.50371e-05
0.0181035
0.0184933
0.0201716
0.0200069
0.0188542
0.018896
0.0205702
0.0199108
0.0209559
0.0206462
0.0205859
0.0204067
0.021009
0.0205916
0.0206557
0.0208249
0.0208428
0.0213056
0.020811
0.021277
0.0209382
0.0211825
0.0211129
0.0209527
0.021253
0.0209578
0.0211597
0.0210555
0.0210146
0.0211673
0.0210165
0.0211127
0.0212549
0.0212193
0.0210415
0.0211727
0.0376498
0.0396489
0.0351489
0.0391816
0.0269668
0.0323499
0.0234349
0.0237382
0.0213105
0.0225666
0.0216258
0.0219905
0.0217783
0.0219287
0.0214202
0.02146
0.0218976
0.0211248
0.0213849
0.0216237
0.0216946
0.0211198
0.0216358
0.0215999
0.0211535
0.021556
0.0215533
0.0215074
0.0211517
0.0214445
0.0214538
0.0214449
0.0211144
0.021179
0.0213854
0.0213017
0.0212862
0.0212946
0.0212958
0.0212682
0.0213557
0.0212678
0.02135
0.021137
0.0212815
0.0211291
0.0211865
0.0213217
0.0212948
0.0212949
0.0212646
0.0212807
0.0211371
0.0212746
0.0212796
0.0212434
0.021273
0.0212662
0.0212161
0.0212517
0.0212588
0.0211544
0.0212133
0.0211768
0.0849656
0.0197829
0.009547
0.0121768
0.018286
0.0197302
0.0205888
0.0205943
0.0212244
0.0210752
0.0190035
0.0200486
0.0206688
0.0212213
0.0209386
0.0212447
0.0212855
0.0213148
0.0205629
0.0212712
0.0211323
0.0208344
0.0210239
0.0211436
0.0209129
0.0209007
0.0212565
0.0209137
0.0210793
0.0209832
0.0210707
0.0211131
0.0209465
0.0212126
0.0386467
0.0105781
0.0110269
0.0194313
0.00824623
0.0140225
0.021137
0.0208634
0.0200072
0.0191238
0.0199237
0.0208417
0.0213451
0.0209255
0.0209389
0.0213425
0.0203794
0.0209877
0.0213205
0.0205212
0.0206416
0.020703
0.0207249
0.0208375
0.0208612
0.0210575
0.0208067
0.0208783
0.0208624
0.0212237
0.0209897
0.021181
0.0208739
0.0212471
0.020932
0.0211836
0.0212543
0.0210734
0.021008
0.0210324
0.0210968
0.0529589
0.0926048
0.00948989
0.0199117
0.00299932
0.013229
0.0139003
0.0207186
0.0204665
0.019675
0.0191586
0.0207799
0.0196103
0.0209123
0.0209292
0.0202069
0.0202118
0.0207104
0.0209181
0.0210643
0.0206885
0.0208767
0.0207702
0.0208405
0.0208661
0.0207186
0.0210664
0.0209183
0.0784754
0.142339
0.00620084
0.0164714
0.0197879
0.0135173
0.0214206
0.0195706
0.0187294
0.015565
0.0195919
0.0182764
0.0204888
0.0204381
0.0201266
0.0210862
0.0201593
0.020709
0.0208981
0.0209357
0.0207616
0.0210107
0.0208547
0.0207881
0.0209533
0.0208133
0.0210099
0.0212566
0.0209888
0.0208967
0.021016
0.0209224
0.0151332
0.00854996
0.0198846
0.0206143
0.0178563
0.0153532
0.0205179
0.0185703
0.0191845
0.020279
0.0205291
0.0207686
0.0197555
0.0209684
0.020366
0.0201139
0.0203252
0.02017
0.0202778
0.020582
0.0210828
0.0206557
0.0212405
0.0208167
0.0207588
0.0212109
0.021044
0.0211901
0.0208782
0.0210791
0.0208924
0.0208879
0.388354
0.00295239
0.0135547
0.0138178
0.0203827
0.0154951
0.0201137
0.0210034
0.0179869
0.0179233
0.0210375
0.0208538
0.0208096
0.0206354
0.0204935
0.0201538
0.02126
0.0211808
0.0204988
0.0211825
0.0205116
0.0212677
0.0209215
0.0210702
0.0210371
0.0208574
0.020871
0.0210227
0.0208706
0.0210714
0.0209124
0.0210651
0.0209024
0.0211594
0.0209569
0.0211288
0.203827
0.00778951
0.0211045
0.0211316
0.0176486
0.0186976
0.0165304
0.0201506
0.0162185
0.0194169
0.0200068
0.018077
0.0209023
0.0211448
0.0199501
0.0199182
0.0209493
0.0209518
0.0208368
0.0203521
0.0208087
0.0206944
0.0206716
0.0212824
0.0206913
0.0211977
0.021015
0.0209942
0.0210199
0.0210623
0.0212437
0.0209095
0.0209804
0.0209607
0.182246
0.0198948
0.00960088
0.0122056
0.0182984
0.019737
0.020591
0.0205959
0.0212248
0.0210757
0.0190344
0.0200571
0.020673
0.0212211
0.0209399
0.0212444
0.0212852
0.0213145
0.0205675
0.021271
0.0211326
0.0208366
0.0210248
0.0211439
0.0209144
0.0209026
0.0212563
0.0209153
0.0210797
0.0209845
0.0210712
0.0211136
0.020948
0.0212126
0.465025
0.0131958
0.076216
0.0149227
0.019708
0.00635598
0.0167888
0.0157353
0.0105015
0.020497
0.0160574
0.0192514
0.020515
0.0205849
0.0201429
0.0206753
0.00856588
0.0451296
0.0135389
0.00224746
0.0184375
0.0185063
0.0202441
0.0200655
0.0189048
0.0189555
0.0205704
0.019952
0.0209593
0.0206503
0.0205999
0.0204242
0.0210109
0.0206017
0.0206653
0.0208298
0.0208478
0.021305
0.0208168
0.0212765
0.0209413
0.0211826
0.0211138
0.0209556
0.0212526
0.0209606
0.0211601
0.0210572
0.0210165
0.0211677
0.0210186
0.0211137
0.0212545
0.0212192
0.0210433
0.021173
0.022772
0.0198938
0.0259514
0.0185087
0.0199984
0.0218654
0.0202654
0.0206433
0.0215556
0.0207516
0.0207851
0.0214099
0.0214463
0.0208955
0.0208878
0.0209526
0.0210325
0.0213791
0.0213163
0.0210324
0.0213308
0.0211395
0.0211745
0.0210478
0.0213103
0.0213011
0.0212763
0.0213082
0.021298
0.0213052
0.0212904
0.0210782
0.0210762
0.0211754
0.0212801
0.0211469
0.021129
0.0212027
0.0211123
0.0211126
0.0212453
0.021125
0.0212126
0.0211855
0.0211261
0.0211821
0.0211289
0.0211283
0.0211799
0.0211985
0.0211343
0.021147
0.130331
0.0528859
0.00286086
0.0162786
0.0198784
0.0140517
0.0214199
0.0196139
0.0187917
0.0155821
0.0196194
0.0182
0.0204883
0.0204364
0.0201157
0.0210797
0.0201332
0.0206931
0.0208956
0.0209265
0.0207483
0.0210086
0.0208484
0.0207756
0.020949
0.0208045
0.0210068
0.0212572
0.0209819
0.0208897
0.0210099
0.0209148
0.0201261
0.0217925
0.0200557
0.0207151
0.0206345
0.0207488
0.0212439
0.0207358
0.0214528
0.0212478
0.0214349
0.0215192
0.0209691
0.0213714
0.0213866
0.0211687
0.0209814
0.0210864
0.0210293
0.0213554
0.0211567
0.0212137
0.0213247
0.021327
0.0210619
0.0213124
0.0210878
0.0212968
0.0211993
0.0210938
0.0212903
0.0211313
0.0212788
0.0211854
0.0212564
0.0212672
0.021119
0.0211905
0.0211223
0.0211249
0.0212477
0.0211905
0.0211871
0.0211414
0.0211777
0.0211325
0.0211358
0.0211422
0.0212269
0.0211986
0.00369872
0.0192808
0.0208296
0.0151536
0.0202142
0.00721703
0.0160326
0.0194931
0.0195271
0.0200482
0.0187681
0.0184984
0.0187767
0.0207327
0.0200344
0.0201094
0.0204237
0.0199418
0.020675
0.0210079
0.0201316
0.0203158
0.195578
0.00108449
0.0385779
0.0105007
0.0124508
0.0140683
0.0186012
0.0182387
0.0179904
0.0208201
0.0201203
0.0206132
0.0208565
0.020496
0.0210424
0.0209911
0.0203627
0.0202819
0.0204303
0.0209032
0.0207122
0.0205365
0.0206525
0.0210471
0.0212819
0.0210467
0.020744
0.0210077
0.0208573
0.0208892
0.0208475
0.021003
0.0210505
0.0209197
0.0211457
0.0238391
0.0204877
0.0167611
0.0188322
0.0216204
0.0208041
0.0207831
0.0214321
0.0207791
0.0214299
0.0214871
0.021216
0.021449
0.0209649
0.0209345
0.0213829
0.0211767
0.0209705
0.0209929
0.0210089
0.0213286
0.0213464
0.0210344
0.0213122
0.0210539
0.0210297
0.0211854
0.0210525
0.0211302
0.0212309
0.021073
0.0212707
0.0212936
0.021167
0.0210987
0.0211931
0.0212181
0.0211061
0.0211187
0.0211157
0.0212541
0.0211504
0.0212549
0.0211195
0.0211291
0.0211301
0.0212374
0.0211546
0.0211363
0.0211347
0.0211667
0.043991
0.126528
0.00310519
0.00942605
0.00819288
0.0159718
0.0182094
0.0169221
0.017579
0.0209949
0.0208242
0.0213197
0.0199837
0.0208176
0.0210605
0.0212488
0.0206192
0.0211911
0.0208549
0.0209628
0.0206316
0.0212257
0.122424
0.177603
0.00362027
0.0118303
0.0154363
0.0197036
0.0144779
0.0189293
0.0193012
0.0205381
0.0204933
0.0200188
0.0203834
0.0197653
0.0210029
0.021293
0.0203392
0.0199708
0.0210625
0.0204023
0.0212567
0.0206465
0.0693942
0.0029712
0.0182139
0.0193465
0.0199354
0.0200006
0.021278
0.0200059
0.021411
0.020715
0.021383
0.0205872
0.0208301
0.0206477
0.0213222
0.0209448
0.0212915
0.020864
0.0211927
0.021256
0.0209743
0.0213076
0.0210355
0.0212997
0.021106
0.0210307
0.0210177
0.0209988
0.0210369
0.0210797
0.0212466
0.0212747
0.0212396
0.0212746
0.0210679
0.021079
0.0210822
0.0212509
0.0211001
0.0211061
0.0211319
0.0211299
0.0212371
0.0212126
0.0212441
0.0211765
0.0607593
0.00457205
0.0186863
0.0193465
0.020033
0.0200655
0.0212775
0.0200531
0.021411
0.0207274
0.0213829
0.0206015
0.020836
0.0206557
0.0213213
0.0209474
0.0212904
0.0208678
0.0211916
0.021255
0.0209762
0.021307
0.0210364
0.0212993
0.0211062
0.0210318
0.0210189
0.0210002
0.0210379
0.0210803
0.0212463
0.0212744
0.0212393
0.0212743
0.0210686
0.0210796
0.0210827
0.0212507
0.0211005
0.0211066
0.0211322
0.0211302
0.0212369
0.0212125
0.021244
0.0211766
0.426968
1.84121
0.158253
0.0121008
0.0145827
0.0175786
0.0206411
0.0172763
0.0187101
0.0208699
0.020817
0.0201221
0.0196018
0.0196062
0.0194595
0.0201505
0.0198899
0.0198746
0.0202872
0.0209117
0.0205004
0.0210277
0.0208244
0.0210372
0.0212417
0.0212375
0.021136
0.0211376
0.235274
0.0270683
0.0140915
0.00440506
0.0158052
0.019081
0.0160518
0.020475
0.0169303
0.0181384
0.0197005
0.383475
0.150799
0.0280207
0.0153255
0.0093203
0.0200386
0.0163773
0.0206161
0.0158003
0.0213455
0.0200496
0.019544
0.0188618
0.0199008
0.0195619
0.0199764
0.020791
0.0197318
0.0209381
0.020527
0.0203822
0.0209823
0.0203449
0.147862
0.00652337
0.008683
0.00850087
0.00545453
0.0190128
0.0207552
0.0214259
0.0184729
0.0194195
0.020173
0.0213231
0.0206213
0.0207873
0.0213359
0.0202811
0.0204147
0.0211004
0.0204254
0.0205454
0.0212423
0.0207322
0.0213007
0.0207313
0.0208529
0.021284
0.0210087
0.0209108
0.0212743
0.0210326
0.0212807
0.0210052
0.0208983
0.0210465
0.0212285
0.0211911
0.0210225
0.021248
0.0210205
0.0210641
0.0212206
0.224875
0.000485221
0.000538245
0.0184255
0.014144
0.021018
0.020417
0.0200186
0.020611
0.0184694
0.0208594
0.0206211
0.0195628
0.0201714
0.0207704
0.0199994
0.0213191
0.0207789
0.0204369
0.0209221
0.0205911
0.0205137
0.0206385
0.0208093
0.0207154
0.020733
0.0208819
0.0231485
0.0204036
0.0170565
0.0187849
0.021624
0.0207924
0.0207767
0.0214324
0.020777
0.0214305
0.0214907
0.0212521
0.0214688
0.020978
0.020945
0.0213833
0.0211877
0.0209711
0.0209933
0.0210095
0.0213286
0.0213485
0.0210348
0.0213155
0.0210576
0.0210322
0.021189
0.0210537
0.0211337
0.021234
0.0210748
0.0212725
0.0212939
0.0211694
0.0210994
0.021195
0.0212197
0.0211066
0.0211189
0.0211166
0.0212544
0.0211518
0.0212551
0.0211202
0.0211298
0.0211306
0.0212378
0.0211557
0.0211371
0.0211351
0.0211678
0.0123761
0.0169271
0.0247462
0.0223422
0.0228091
0.0228734
0.0211823
0.0210276
0.021382
0.0210924
0.0218403
0.0210256
0.0218101
0.0222284
0.0214193
0.0218838
0.0216654
0.0214647
0.021615
0.0210959
0.0215445
0.0215179
0.0210933
0.0214935
0.0213714
0.021421
0.0214697
0.021467
0.0213016
0.0213352
0.0212766
0.0213509
0.0212923
0.0211149
0.0213802
0.0211376
0.0213485
0.021337
0.0211809
0.0213267
0.0213194
0.0211387
0.0212749
0.0211732
0.0213022
0.0212782
0.0212991
0.0211661
0.0212647
0.0211651
0.0212884
0.0211421
0.021274
0.0212694
0.0211371
0.0211843
0.0211408
0.0211445
0.0212002
0.0212624
0.0212309
0.0211603
0.0211957
0.0211527
0.0913304
0.00981988
0.0150834
0.000334121
0.0177605
0.0176267
0.021136
0.0204295
0.0213923
0.0192592
0.0199073
0.0201033
0.0203869
0.0208554
0.0205148
0.020661
0.0205954
0.0207351
0.0207457
0.0207121
0.020824
0.0209963
0.0208323
0.0209304
0.0210647
0.0209717
0.0212902
0.0210029
0.0210542
0.0212396
0.0212548
0.0209389
0.021286
0.0210827
0.0212293
0.0212755
0.0210803
0.0210777
0.0211088
0.0212492
0.0210488
0.021043
0.0212008
0.0212423
0.0212186
0.0210758
0.0211167
0.0211164
0.0274904
0.0188261
0.0219175
0.0224385
0.0317686
0.027304
0.0224684
0.0216284
0.0216507
0.0216302
0.0210145
0.0217847
0.0214451
0.0210589
0.0213649
0.0215306
0.0217961
0.021078
0.0215997
0.0213193
0.0212535
0.0213048
0.0210852
0.0213655
0.0214669
0.0211007
0.0213407
0.0213578
0.021246
0.021141
0.0211234
0.0212976
0.0211087
0.0211355
0.0213166
0.0212582
0.0212919
0.0213312
0.0211396
0.0213025
0.0211567
0.0212925
0.0212707
0.0212868
0.0211408
0.0212852
0.0211676
0.0212191
0.021263
0.0211407
0.0212652
0.0211415
0.0211528
0.0211445
0.0212098
0.0211443
0.0212215
0.0212574
0.0211684
0.0290287
0.0319766
0.0499089
0.032883
0.0239167
0.021151
0.0250568
0.0228409
0.0221739
0.0210824
0.022593
0.021411
0.0222672
0.0210665
0.0214241
0.0216275
0.021577
0.0213791
0.0210696
0.0217305
0.0214031
0.0211488
0.0216335
0.0213593
0.0212596
0.0214592
0.0214019
0.0214609
0.0214255
0.021175
0.0211235
0.0213163
0.0213092
0.0211083
0.0212806
0.0211123
0.0213389
0.021269
0.021129
0.0213413
0.0212388
0.0211208
0.0213014
0.0213291
0.0212988
0.0212457
0.0211534
0.0212799
0.0211901
0.0212654
0.021291
0.021143
0.0212741
0.0212461
0.021151
0.021139
0.0211695
0.021282
0.021242
0.0211798
0.0211631
0.021264
0.0211717
0.0211604
