0.132487
0.099847
0.011669
0.00125931
0.00330719
0.00284726
0.00146631
0.00192242
0.000933862
0.00185628
0.000836194
0.00162818
0.0080356
0.0794572
0.000750406
0.0011124
0.00635933
0.000917275
0.000938623
0.00339033
0.00350527
0.00131712
0.0017217
0.00239083
0.00323207
0.00307146
0.0030406
0.00190461
0.00288315
0.00245881
0.00296214
0.00193708
0.00279642
0.00280152
0.00201059
0.0021596
0.00204506
0.00203581
0.00275757
0.00271911
0.00271737
0.00231865
0.00214118
0.00220187
0.00213734
0.00256749
0.00223261
0.00220895
0.00227358
0.00238891
0.00237511
0.00261023
0.00738826
0.0143933
0.0279377
0.017813
0.00183801
0.00253773
0.0018939
0.00304373
0.0036029
0.00299068
0.00422278
0.00479055
0.00196767
0.00215072
0.00212837
0.00396271
0.00214859
0.00370051
0.00219463
0.00200884
0.0021998
0.00240864
0.00208504
0.00246786
0.00284113
0.00304464
0.00303579
0.00210197
0.00301
0.00272211
0.00296419
0.00302958
0.00293431
0.00276626
0.00253128
0.00287419
0.00214745
0.00226319
0.00279939
0.00279079
0.00274645
0.00280219
0.00277082
0.00236971
0.0027833
0.00248238
0.00276202
0.00252639
0.00261791
0.00273067
0.00271794
0.00265081
0.0027012
0.00265679
0.00242786
0.00234098
0.00229631
0.00253759
0.00264614
0.00229765
0.00246977
0.00259476
0.00260909
0.00259939
0.00862824
0.00835349
0.000625709
0.00462607
0.0045801
0.00333277
0.000797578
0.00090287
0.00127114
0.00319307
0.00222475
0.00143714
0.00313276
0.00287975
0.00300517
0.003014
0.00293429
0.00177576
0.00229894
0.00246444
0.00194385
0.00284462
0.00281952
0.00195132
0.00198954
0.00227031
0.00204617
0.00205908
0.0026631
0.00216693
0.00234763
0.00223636
0.00263443
0.00263419
0.00256087
0.00353754
0.00215204
0.00482162
0.00439785
0.00116774
0.00359847
0.000413578
0.00139536
0.0037456
0.00323119
0.00309913
0.00324417
0.0031407
0.00319665
0.00158498
0.00293263
0.00291659
0.00187257
0.00179966
0.00295568
0.00293156
0.00187468
0.00288271
0.00197207
0.00198517
0.00280448
0.0020577
0.00274963
0.00274414
0.0020516
0.00272745
0.00265734
0.00209987
0.00255523
0.00266942
0.00265347
0.00265222
0.00235473
0.00260444
0.0037448
0.00373125
0.00320248
0.00248892
0.000498941
0.00157725
0.00342811
0.00125554
0.00135104
0.00121259
0.00120229
0.000939457
0.00240708
0.00154004
0.00166422
0.00284085
0.00278591
0.00182725
0.00195142
0.00181035
0.00282304
0.00228013
0.00276338
0.00244186
0.00207309
0.00268686
0.0020589
0.00267437
0.0108144
0.00390503
0.00415021
0.00241174
0.000802869
0.00176719
0.000997256
0.00113281
0.0002592
0.000167278
0.00137133
0.00283066
0.00124656
0.00241277
0.00168106
0.00300874
0.00158206
0.00182964
0.00173289
0.00178046
0.00184479
0.00196159
0.00254913
0.0027087
0.00196818
0.00233351
0.0026724
0.00260481
0.0023453
0.00208482
0.00218543
0.00209252
0.00260308
0.00258165
0.00240839
0.00197916
0.00373737
0.00222192
6.48531e-05
0.00303128
0.0017032
0.00365593
0.00341825
0.00361858
0.000602047
0.00107884
0.00234852
0.00310606
0.00312322
0.00254961
0.00275367
0.00290814
0.00295647
0.00182294
0.00238779
0.00184367
0.00284753
0.00185375
0.00191235
0.00194605
0.00247004
0.00211588
0.00273729
0.00230077
0.00256677
0.00207261
0.002224
0.00260929
0.00257309
0.00427243
0.00258651
0.00402632
0.00163609
0.0041375
0.000464609
0.0039242
0.000104245
5.26966e-05
0.000912494
0.00112127
0.00132136
0.00158229
0.00279149
0.00299769
0.00242529
0.00175379
0.00292831
0.00274706
0.00282011
0.00194903
0.00281173
0.00280644
0.00203954
0.00203291
0.00207499
0.00220227
0.00218984
0.00206901
0.00269837
0.0025534
0.00211922
0.00212745
0.00239165
0.00225743
0.0232002
0.00208085
0.0038382
0.00382633
0.00380832
0.00373101
0.00165054
0.00125487
0.00112054
0.00109978
0.00275184
0.00142385
0.00307372
0.00137399
0.00260872
0.00170736
0.00266093
0.00276926
0.00189611
0.00201919
0.00175551
0.0026129
0.00275559
0.00280196
0.00193837
0.00208518
0.0019718
0.002617
0.00258686
0.00233135
0.00208062
0.00246839
0.00268515
0.00225543
0.00265463
0.0046961
0.0046276
0.0043544
0.00413362
0.00396552
0.0010042
0.000729744
0.000543015
0.00333217
0.0016178
0.00314869
0.00168737
0.00309102
0.00297066
0.00241961
0.00179394
0.00198412
0.00186845
0.00190223
0.00285225
0.00283004
0.00203585
0.00272263
0.0027393
0.00274487
0.0020734
0.00211999
0.00233522
0.00210793
0.00213759
0.00213204
0.00225457
0.00213838
0.00255031
0.0683529
0.0213453
0.0388893
0.00388899
0.00652495
0.0046654
0.000554587
0.00194859
0.000401468
0.000212518
0.000377405
0.000775944
0.00104115
0.000862295
0.00281432
0.00241529
0.00138587
0.0013789
0.000318666
0.00577748
0.000373191
0.00517163
0.00063634
0.00380471
0.00124113
0.0041422
0.00102981
0.00164042
0.00156489
0.00159038
0.00300241
0.00166008
0.00178801
0.00174839
0.00187027
0.00295487
0.00291543
0.00207782
0.00197637
0.00209372
0.00230785
0.00278336
0.00275846
0.00272992
0.00207862
0.00273407
0.00209946
0.0021934
0.00272241
0.00255949
0.00264619
0.00238575
0.00264791
0.00240519
0.00257588
0.00227642
0.0026192
0.00254713
0.0185388
0.00371407
0.00710634
0.00738834
0.00862854
0.0068459
0.00694849
0.00423128
0.00499195
0.00175923
0.00304539
0.00179787
0.00343959
0.00352822
0.00256701
0.0019131
0.00190976
0.00290582
0.00286305
0.00302817
0.00202923
0.00297726
0.00293654
0.00296318
0.00279997
0.00227256
0.00207952
0.00257349
0.0027646
0.00287033
0.00282793
0.00259117
0.00224446
0.00275902
0.00275903
0.00222549
0.00245916
0.00219951
0.00243915
0.00268879
0.00239437
0.00219661
0.00221882
0.00242009
0.00257822
0.00232138
0.00258735
0.00260997
0.00225211
0.00225326
0.00243548
0.0113389
0.0038601
0.00419102
0.00248277
0.000780854
0.0018443
0.0010827
0.00111728
0.000321072
0.000125802
0.00135996
0.00282555
0.00122468
0.00240546
0.00166276
0.00300961
0.00156618
0.0018238
0.00172373
0.0017652
0.00183525
0.00195661
0.00254678
0.00271028
0.00196063
0.0023277
0.00267456
0.00260569
0.00234025
0.00207997
0.00217756
0.00208659
0.00260494
0.00258311
0.00240581
0.0242068
0.0471385
0.0119244
0.00407573
0.00182771
0.00386977
0.00623109
0.00166722
0.00306563
0.00181669
0.0038738
0.00424885
0.0034443
0.00203709
0.00207908
0.00193473
0.00348984
0.00315302
0.00195373
0.00320413
0.00298563
0.00303019
0.00291329
0.00232838
0.00297713
0.00295199
0.00250313
0.00212337
0.00283949
0.00287066
0.00280287
0.00225212
0.00270701
0.00261421
0.00253145
0.00274521
0.0027276
0.00265627
0.00230624
0.00228527
0.00219469
0.00229412
0.002651
0.00233356
0.00221774
0.00264698
0.00260292
0.00261331
0.00239125
0.00253439
0.00225342
0.00257405
0.00816208
0.0149079
0.00153385
0.00992026
0.00278578
0.00235681
0.00141204
0.00336821
0.00322828
0.00119734
0.000719207
0.00145839
0.00124216
0.00159931
0.00162344
0.00275737
0.0018531
0.00156344
0.0015807
0.00240587
0.00176855
0.00328244
0.00372731
0.00392851
0.000321374
0.000942324
0.00376929
0.0037563
0.000230766
0.00287913
0.000499509
0.00330976
0.00142797
0.00137378
0.00173622
0.00252285
0.00297446
0.00294885
0.00171691
0.00250539
0.00176675
0.00289179
0.00191743
0.00274293
0.0018995
0.00204927
0.00275361
0.00199598
0.00269025
0.00204856
0.00266531
0.00270272
0.00234564
0.00225699
0.0021328
0.00222425
0.00213954
0.0844001
0.0055817
0.00803107
0.00684036
0.00993109
0.00189694
0.00206146
0.0044662
0.00512022
0.00488908
0.00174286
0.00414794
0.00299178
0.00293076
0.00336926
0.00303269
0.0034556
0.00191171
0.0031104
0.00319804
0.00297351
0.00277088
0.0022893
0.00204175
0.00245762
0.00297543
0.0020546
0.00211887
0.00210848
0.00285943
0.00210746
0.00281023
0.00211036
0.00281286
0.00221794
0.00237562
0.0026791
0.00266297
0.00268889
0.00232715
0.00228034
0.00267964
0.00233385
0.00227485
0.00221538
0.00264205
0.00234187
0.00238028
0.00243131
0.0026128
0.00261104
0.00232655
0.00343792
0.00590339
0.000120968
0.0026007
0.00337222
0.0034394
0.00246163
0.000448456
0.00317654
0.00204582
0.00167182
0.00298897
0.00182496
0.00168091
0.00213927
0.00237339
0.00184828
0.00185937
0.0019166
0.00184707
0.00258245
0.00230742
0.00371004
0.00355649
0.0137928
0.00148725
0.000393802
3.73306e-05
0.00297725
0.00049418
0.00104325
0.00074788
0.00137149
0.00282444
0.00309944
0.000959026
0.00262541
0.00196151
0.00256126
0.00249207
0.00242016
0.00192398
0.00167361
0.00274522
0.00187057
0.0554729
0.00806886
0.00181991
0.00356362
0.00168738
0.00144002
0.00147426
0.00427392
0.00466822
0.00160134
0.00161058
0.00312534
0.00393709
0.00179951
0.00180655
0.00340412
0.00189973
0.00187928
0.00311469
0.00243412
0.00289886
0.00296263
0.00208618
0.00275397
0.00206115
0.00260854
0.0021265
0.00277726
0.0026002
0.00210463
0.00277906
0.00242097
0.00276475
0.00261875
0.00268176
0.00215481
0.0026684
0.00268013
0.00261187
0.00260943
0.00263799
0.00221681
0.00252732
0.00230018
0.00257555
0.00226678
1.01872
0.0074824
0.0018208
0.00352854
0.00170147
0.00144009
0.0014743
0.00422046
0.00460856
0.00160181
0.00161246
0.00311669
0.00391022
0.00180078
0.001809
0.00339183
0.00190393
0.00188029
0.00310819
0.00243561
0.0028952
0.00295857
0.00208868
0.002752
0.00206213
0.00260764
0.00212822
0.00277538
0.00259924
0.00210578
0.00277684
0.00242122
0.00276274
0.00261759
0.00268025
0.00215572
0.0026673
0.00267875
0.0026108
0.00260841
0.00263696
0.0022175
0.00252674
0.00230069
0.00257476
0.00226738
0.000745967
0.00363371
0.00828234
0.000145076
0.0042733
0.000878038
0.00186652
0.0030515
0.0022652
0.00029915
0.00145531
0.000747995
0.00146455
0.0025963
0.00138697
0.00165248
0.00246684
0.00171884
0.00183324
0.00182841
0.00268376
0.00260567
0.00203436
0.00251725
0.00262611
0.00224723
0.0025275
0.00202729
0.0241607
0.0149231
0.0018039
0.00248239
0.00335014
0.0033714
0.0012129
0.00273188
0.00264712
0.00112186
0.002528
0.00409438
0.00119972
0.00113226
0.00277264
0.00105107
0.00346766
0.00125663
0.00290355
0.00160385
0.000421863
0.00233249
0.000823599
0.00084985
0.00298202
0.00150157
0.00171607
0.0020315
0.00212212
0.00169905
0.0022235
0.00170581
0.00174725
0.00238425
0.000447735
0.00545553
0.00035314
0.00344698
0.000597247
0.00415993
0.00285587
0.00115141
0.00382583
0.00354451
0.00187793
0.00174273
0.00321626
0.00154857
0.00250148
0.00257982
0.00191949
0.00290784
0.00190599
0.00289837
0.0029269
0.0019073
0.0028776
0.00267015
0.0023366
0.00233687
0.00279011
0.00203106
0.00254042
0.00216583
0.00235298
0.00240636
0.00227664
0.0021249
0.0022911
0.00265202
0.00215902
0.00216415
0.00217477
0.00260505
0.00374544
0.00373986
0.0031874
0.00245517
0.000500264
0.00154141
0.00343164
0.00125602
0.00133567
0.00121297
0.00119666
0.000937975
0.0024064
0.00153989
0.00166327
0.00284133
0.00278633
0.00182706
0.00195108
0.00181001
0.00282336
0.00228014
0.00276361
0.00244197
0.00207299
0.00268702
0.00205884
0.00267449
0.0522762
0.00591097
0.00784303
0.00715295
0.010219
0.00190607
0.00206945
0.00454163
0.00520766
0.00493384
0.0017455
0.00418388
0.00299637
0.00293363
0.0033796
0.003037
0.0034662
0.00191335
0.00311555
0.00320447
0.00297633
0.00277338
0.0022911
0.00204292
0.00245955
0.0029778
0.00205588
0.00212042
0.00210989
0.00286094
0.00210864
0.00281083
0.00211154
0.00281347
0.00221958
0.00237722
0.00267881
0.0026626
0.00268913
0.00232855
0.00228174
0.00267935
0.00233518
0.00227615
0.0022163
0.00264192
0.00234299
0.0023813
0.00243213
0.00261249
0.00261073
0.00232761
0.0828469
0.0348777
0.0321393
0.00880762
0.0124581
0.00195625
0.00586638
0.00178526
0.00554552
0.00375713
0.0038867
0.00355233
0.00188159
0.00445095
0.00214114
0.00430046
0.00311658
0.00285839
0.00328738
0.0036277
0.00309356
0.00200808
0.00323766
0.00215118
0.00318057
0.00268957
0.00217197
0.00207648
0.00208278
0.0027576
0.00211888
0.00272101
0.0023966
0.00293269
0.0023752
0.00280467
0.00289047
0.00287348
0.00243464
0.0021903
0.0023987
0.00273797
0.00278962
0.00223035
0.00268502
0.00265957
0.00258551
0.00259432
0.00222983
0.0022342
0.00269422
0.00241225
0.00269313
0.00268185
0.00266841
0.00256744
0.00261279
0.00244591
0.00241935
0.00261162
0.00259767
0.00237201
0.00251138
0.00260337
0.00259873
0.00246878
0.0370555
0.000835035
0.00739094
0.00422432
0.00113309
0.00550758
0.00208324
0.00336553
0.00161823
0.00402085
0.00147329
0.00164353
0.00155836
0.00327722
0.00206519
0.00326943
0.00319605
0.00308441
0.00182985
0.00301675
0.00218393
0.00279304
0.00236949
0.00278118
0.00198189
0.00279272
0.00209974
0.0028713
0.00273197
0.00205189
0.00255489
0.00247009
0.00278549
0.0027523
0.00210649
0.00261616
0.00268599
0.00270835
0.00244955
0.00250184
0.00217168
0.0026517
0.00263822
0.00255395
0.00220062
0.00231993
0.00231407
0.00240947
0.0778271
0.00924123
0.00524611
0.00387084
0.00227545
0.00191858
0.00251027
0.00183562
0.00183083
0.00502409
0.00241881
0.00196306
0.00283283
0.00221858
0.00371611
0.00371114
0.00329558
0.00292717
0.00290736
0.00303102
0.00304188
0.00205312
0.00332469
0.00249735
0.00315691
0.00279625
0.00287673
0.00255844
0.0028969
0.00285547
0.00236897
0.00276038
0.00278976
0.00223775
0.00281005
0.00222122
0.0021468
0.00281884
0.00244692
0.00221106
0.0024574
0.00220311
0.00271469
0.00224782
0.00270649
0.00267553
0.00259175
0.00259513
0.00233222
0.00265223
0.00236694
0.00262162
0.00257841
0.00228446
0.00245218
0.00242618
0.00243412
0.00260849
0.00244984
0.107302
0.0563803
0.0362227
0.0115145
0.00936417
0.00457525
0.00358864
0.00665278
0.00384348
0.00389323
0.00325113
0.00194875
0.00437616
0.00305315
0.00312086
0.00285019
0.00198959
0.00208329
0.00313061
0.00344866
0.00284979
0.00325248
0.00267261
0.00248468
0.0020695
0.00285158
0.00318741
0.00279845
0.00260053
0.00289119
0.00265755
0.00297542
0.00212378
0.00212639
0.00226855
0.00215778
0.00232583
0.00231615
0.00276792
0.00271891
0.0023865
0.00250971
0.00222081
0.00270547
0.00267632
0.0027378
0.00227511
0.00221726
0.00231591
0.002515
0.00268417
0.00224311
0.00267117
0.0022834
0.00225167
0.00262409
0.00245188
0.00261228
0.0024574
0.00259781
0.00260424
0.00250494
0.00243201
