0.0380125
0.0106728
0.0015231
0.00552314
0.0162739
0.00875866
0.00404157
0.0144613
0.00861149
0.00909174
0.000283389
0.182233
0.0175173
0.0171699
0.0106368
0.016693
0.00345098
0.0152094
0.0146056
0.0152402
0.00821858
0.00941635
0.0142172
0.00941578
0.0142586
0.0136547
0.0137303
0.0122864
0.0101307
0.0101161
0.0117851
0.0132455
0.0107202
0.0108694
0.0118591
0.012956
0.010847
0.0110157
0.0118933
0.0110906
0.0110242
0.0111049
0.0127603
0.0111146
0.0112381
0.0111753
0.0125961
0.0112425
0.0113326
0.0113552
0.0234234
0.00624349
0.0174866
0.0105886
0.0309413
0.0157367
0.00950736
0.0136174
0.0199083
0.0155896
0.0176803
0.0152541
0.0139584
0.0100885
0.0105942
0.0139832
0.0136
0.0133787
0.0106285
0.0133662
0.0109205
0.0138553
0.010896
0.0136931
0.0133249
0.0133923
0.0131726
0.0111903
0.0109565
0.0109863
0.0110449
0.0128209
0.0112934
0.0123671
0.0110926
0.0111547
0.0127293
0.0112244
0.011453
0.0113604
0.0112844
0.0124858
0.0114543
0.0119341
0.0114059
0.0114507
0.0113651
0.0124017
0.0127157
0.0113953
0.0114794
0.011963
0.0126378
0.0115463
0.0125977
0.0117384
0.0121718
0.0123486
0.011753
0.0117026
0.0124354
0.0116246
0.012491
0.019599
0.0116025
0.00258041
0.0142997
0.0108463
0.0155207
0.0068342
0.00542424
0.0123131
0.0145619
0.0142107
0.0141128
0.0118923
0.0138343
0.0099366
0.0100142
0.0100298
0.0131157
0.0136623
0.0105863
0.0130541
0.0133226
0.0113703
0.0118639
0.0106394
0.0126463
0.0113308
0.0122528
0.0115061
0.0124328
0.0122129
0.0123405
0.0112136
0.0112213
0.0476398
0.0522504
0.0167886
0.00348365
0.00205332
0.00349682
0.00375589
0.0137013
0.0130587
0.0060696
0.0105298
0.0145988
0.00894307
0.0138281
0.013804
0.0123986
0.00975962
0.00975
0.0136207
0.0132518
0.013297
0.0115037
0.0116423
0.01178
0.0124122
0.012725
0.0120123
0.0129931
0.0128981
0.0127455
0.0110551
0.0119518
0.0111258
0.0114356
0.0111863
0.012769
0.0113043
0.0589884
0.00844069
0.00501859
0.00693402
0.0155128
0.0153805
0.00644854
0.0123899
0.00807045
0.00904643
0.00828148
0.0141985
0.0139016
0.00907629
0.0124104
0.00988695
0.0117775
0.013295
0.012677
0.0132831
0.0108524
0.0108022
0.0113913
0.0120189
0.0128611
0.0109635
0.0128345
0.0466032
0.00971513
0.014679
0.0160613
0.00793201
0.0158745
0.0148739
0.014684
0.0117547
0.00599618
0.0137218
0.00944679
0.0100437
0.0140068
0.0139897
0.0138474
0.00983591
0.0101917
0.0101156
0.0104612
0.0130816
0.011841
0.0121616
0.0132862
0.0118746
0.0109895
0.0110353
0.0116946
0.010972
0.0130169
0.012942
0.0110826
0.0127792
0.0184963
0.0386258
0.0165764
0.0296856
0.0154487
0.0127212
0.01516
0.0150584
0.0122037
0.0114645
0.0073099
0.00684671
0.00892492
0.00881734
0.00902776
0.009245
0.0100225
0.00975707
0.0137506
0.0137525
0.0101285
0.0132773
0.011094
0.013373
0.0128146
0.013048
0.0111983
0.0108736
0.0115349
0.0107834
0.0120762
0.0109466
0.0110533
0.0110868
0.0124119
0.0125715
0.0204939
0.0266272
0.00395511
0.00828139
0.00711206
0.0096691
0.0080974
0.00502742
0.00893605
0.00662349
0.0149841
0.0146688
0.0112644
0.012979
0.00980445
0.0104747
0.0124389
0.00995946
0.013658
0.0109217
0.010583
0.0103897
0.0105142
0.0122553
0.0122525
0.0130277
0.0123762
0.0109027
0.0118539
0.012471
0.0124546
0.0124967
0.0124363
0.0127199
0.0112056
0.0409286
0.00913321
0.00505968
0.0160999
0.0155189
0.00681021
0.00965822
0.00454408
0.00741503
0.00697861
0.00725141
0.00929046
0.00913469
0.00932929
0.00988665
0.00935815
0.0137762
0.0100881
0.00975217
0.0103985
0.0112163
0.012615
0.0104859
0.0105492
0.0106647
0.0108528
0.0127433
0.0108645
0.0129003
0.01137
0.012203
0.0129164
0.0111131
0.0128024
0.0169401
0.0116661
0.00327755
0.0143188
0.0107117
0.0155076
0.00689148
0.00550011
0.0122865
0.0145431
0.0142082
0.0141088
0.0118895
0.0138275
0.00994657
0.0100235
0.0100424
0.0131094
0.013658
0.0105946
0.0130495
0.0133182
0.0113741
0.0118648
0.0106462
0.0126436
0.0113348
0.0122518
0.0115092
0.0124311
0.0122122
0.0123392
0.0112172
0.011225
0.0611197
0.167699
0.0181394
0.0151918
0.00259294
0.000953865
0.00718762
0.0148069
0.00595396
0.00692547
0.00973685
0.0141156
0.00846301
0.00869414
0.00951781
0.0124006
0.0135144
0.00309438
0.0720322
0.0175222
0.0171732
0.00908928
0.0166918
0.00384079
0.0152003
0.014602
0.0152105
0.00830152
0.00945969
0.0142111
0.00945539
0.0142456
0.0136474
0.0137174
0.0122754
0.0101524
0.0101409
0.0117848
0.0132386
0.0107322
0.0108788
0.0118601
0.0129471
0.0108574
0.011027
0.0118945
0.0111009
0.0110349
0.0111142
0.012754
0.0111236
0.0112442
0.0111827
0.0125911
0.0112492
0.011338
0.0113617
0.124261
0.0261885
0.00827094
0.00191489
0.0243776
0.00797671
0.0175649
0.0158916
0.00690196
0.00854813
0.0098232
0.00971928
0.0144741
0.00993853
0.0099697
0.00955649
0.0140224
0.0097869
0.0104712
0.0102726
0.0134643
0.0107436
0.0118348
0.0107075
0.0134997
0.0112342
0.0113809
0.0123648
0.0108712
0.0132289
0.0128192
0.0114184
0.0108874
0.0116682
0.0110916
0.0112806
0.0115916
0.0127879
0.0128126
0.0127801
0.0112838
0.0127998
0.0127671
0.0120173
0.0127096
0.0126024
0.0118027
0.0114055
0.0114174
0.0121273
0.0119005
0.0123074
0.0124181
0.0283
0.00927222
0.0145176
0.0159939
0.00842015
0.0158416
0.0147851
0.0146132
0.0115699
0.00603818
0.0136805
0.00938643
0.0100407
0.0140208
0.0140038
0.0138557
0.009826
0.0101836
0.0101064
0.0104478
0.0130902
0.0118273
0.0121552
0.0133003
0.0118637
0.0109653
0.0110118
0.0116821
0.0109582
0.0130309
0.0129555
0.0110606
0.0127918
0.00596022
0.00771869
0.030051
0.00860372
0.00563022
0.0166148
0.0176113
0.0160325
0.00774005
0.0080689
0.015257
0.0145388
0.0151542
0.0090817
0.0138231
0.0139016
0.0137146
0.010511
0.0137009
0.0136657
0.010664
0.0133487
0.0109083
0.0109293
0.0108842
0.010798
0.0123231
0.0132585
0.0132203
0.0112201
0.013139
0.012974
0.0110394
0.0128161
0.0128838
0.0112375
0.011295
0.0128497
0.012621
0.0113255
0.0123606
0.0127751
0.0125086
0.0117489
0.0126455
0.0122214
0.0125675
0.0115176
0.0123044
0.0120235
0.0115807
0.012024
0.347865
0.0171572
0.037383
0.00295145
0.0158955
0.00358847
0.0158026
0.00675453
0.00714124
0.00792491
0.00760373
0.0141436
0.0090178
0.0133507
0.0133732
0.0130934
0.0116372
0.0111333
0.0124022
0.0107632
0.229466
0.00396472
0.0167731
0.0010158
0.00948579
0.00243099
0.0135426
0.00803814
0.00687225
0.0140931
0.00948474
0.00996966
0.00877394
0.0141753
0.00930946
0.00982458
0.00985618
0.010306
0.0135114
0.0133799
0.0130482
0.0105254
0.013089
0.0106096
0.0128397
0.0130668
0.0119027
0.0110162
0.0128347
0.0110603
0.0121649
0.0129042
0.0128717
0.0128414
0.182117
0.187182
0.019725
0.0113004
0.0162749
0.00738999
0.0176612
0.0176804
0.00829644
0.00907998
0.0157813
0.012355
0.00884868
0.014842
0.0144448
0.00894748
0.0145722
0.0142912
0.0100876
0.0101492
0.0135632
0.0113015
0.0117729
0.0120117
0.0133723
0.0132799
0.0130326
0.0114836
0.0131817
0.0121104
0.0129404
0.010932
0.0130127
0.0113186
0.0123606
0.0126521
0.011186
0.012136
0.0113417
0.0112478
0.0112702
0.0121296
0.0118177
0.011663
0.0114044
0.0125085
0.0115725
0.0125969
0.0125271
0.0124491
0.0123919
0.0125628
0.535773
0.0174191
0.0259964
0.00353895
0.0156085
0.00249921
0.00262997
0.00595389
0.0146
0.0141144
0.00858609
0.0129964
0.00886161
0.00910583
0.0139518
0.0133832
0.0104029
0.010637
0.0108742
0.011148
0.0129213
0.70292
0.0727243
0.00491988
0.00266701
0.00163255
0.00394906
0.00591474
0.0145294
0.0142322
0.0125754
0.0140102
0.0107442
0.0116899
0.0123648
0.0118169
0.00985463
0.00996936
0.0125081
0.0117552
0.0126008
0.0624132
0.0209335
0.00240256
0.019948
0.0177176
0.00544649
0.0179261
0.00932926
0.0152239
0.00777842
0.0144635
0.00851493
0.00877085
0.0146731
0.0100045
0.0100301
0.0137895
0.0120665
0.0135494
0.0134033
0.0135057
0.0133212
0.013412
0.013323
0.0106623
0.0126549
0.0108486
0.0124789
0.0130266
0.0126181
0.0116006
0.0113529
0.0114181
0.012897
0.0128646
0.0116804
0.0128364
0.0113235
0.0126996
0.0117231
0.0118754
0.0125186
0.0124741
0.0119535
2.73732
0.0209335
0.000138464
0.0199184
0.0168513
0.00505476
0.0178938
0.00937391
0.0152227
0.00786713
0.0143858
0.00855257
0.00880348
0.0146694
0.0100255
0.0100477
0.0137801
0.0120584
0.0135418
0.0133999
0.0134996
0.013318
0.0134065
0.013319
0.0106716
0.0126485
0.010855
0.0124745
0.0130223
0.0126142
0.0116027
0.0113566
0.0114215
0.0128936
0.0128611
0.0116822
0.0128333
0.0113269
0.0126971
0.0117246
0.0118761
0.0125165
0.0124721
0.0119539
0.17497
0.0509237
0.00237258
0.00130833
0.0138228
0.0060187
0.0152843
0.00984567
0.0145996
0.0145523
0.0144808
0.00809404
0.00766708
0.00878159
0.0137061
0.0133661
0.012058
0.0126665
0.0133528
0.0113531
0.013293
0.0132446
0.0105493
0.0111154
0.0106688
0.0106803
0.0129844
0.0118551
0.0960828
0.222913
0.00194036
0.0043106
0.00500962
0.0141635
0.00409295
0.00611169
0.00646755
0.00908701
0.0084321
0.570559
0.0711959
0.000788552
0.0148285
0.0145981
0.00336038
0.00454875
0.000773544
0.00653964
0.00808248
0.00913244
0.00885145
0.0113918
0.0109356
0.010218
0.0134622
0.010094
0.0131259
0.0132031
0.0121469
0.0129715
1.98368
0.000279479
0.0657897
0.0100828
0.0169835
0.00540139
0.00350021
0.00362235
0.00455251
0.0145235
0.00660738
0.00689535
0.0090527
0.00886925
0.0130761
0.0131913
0.00952169
0.00963711
0.00963489
0.0137395
0.0127993
0.0105751
0.0134119
0.0133853
0.0106441
0.0106399
0.0125761
0.0131628
0.0112775
0.010878
0.0112434
0.0124338
0.0108861
0.0110444
0.0109457
0.0128537
0.0111791
0.0125973
0.0118384
0.0127376
0.0127469
0.0119046
0.0268733
0.0145215
0.0104648
0.00450266
0.00728513
0.00336584
0.000154893
0.00299333
0.015047
0.0071787
0.0143544
0.00856055
0.00832093
0.0114575
0.0116529
0.00938204
0.00959284
0.010118
0.0101611
0.0113724
0.0103589
0.0128185
0.0105778
0.0108053
0.010737
0.0107608
0.010804
0.0127202
0.0115113
0.064361
0.0386321
0.0108131
0.0118982
0.0162667
0.00720857
0.0176569
0.0176776
0.00868358
0.00904099
0.0157821
0.0124472
0.00884295
0.014884
0.0144404
0.00892778
0.0145702
0.014295
0.0100849
0.0101477
0.0135611
0.0113117
0.0117817
0.0120202
0.0133708
0.0132779
0.0130353
0.0114895
0.0131797
0.0121158
0.0129417
0.0109343
0.0130122
0.011323
0.0123631
0.0126523
0.0111891
0.012138
0.0113452
0.01125
0.0112723
0.0121314
0.0118205
0.0116662
0.0114067
0.0125072
0.0115755
0.0125946
0.0125253
0.0124476
0.0123908
0.0125606
0.00122723
0.0521663
0.0616371
0.0254257
0.00813739
0.0261394
0.0153069
0.0194637
0.0170438
0.00865642
0.00830638
0.00975835
0.0156582
0.0157873
0.00977166
0.0100025
0.0119119
0.0103603
0.0142656
0.0100634
0.0108105
0.013557
0.0137353
0.0105213
0.0132739
0.0137404
0.0108477
0.013019
0.010783
0.0133602
0.0110941
0.0112447
0.0109982
0.0131697
0.0111891
0.011124
0.0116442
0.0130323
0.0111971
0.0121379
0.0114915
0.0128339
0.0113685
0.0124923
0.0120046
0.01143
0.0126928
0.0114766
0.0126571
0.0114758
0.0115024
0.0126409
0.0115097
0.0118603
0.0115833
0.0118066
0.0116676
0.0125145
0.0125288
0.0116084
0.0125106
0.012471
0.0125097
0.0799142
0.0053046
0.00182714
0.0173628
0.0180847
0.0156018
0.00364023
0.013317
0.00935929
0.0158387
0.0143764
0.013862
0.00793177
0.0147107
0.0149373
0.0140738
0.0104427
0.0121205
0.0101457
0.0132949
0.0103753
0.0104274
0.0134935
0.0103867
0.0134382
0.0126948
0.0132103
0.0106445
0.0122872
0.0130213
0.0109354
0.0130814
0.0122302
0.0110635
0.0111896
0.0118609
0.0129497
0.0124369
0.0112131
0.0119034
0.0127319
0.0114111
0.0126106
0.0124114
0.0120614
0.0123733
0.0121377
0.456734
0.0252174
0.0813625
0.0225226
0.00616813
0.0223502
0.019506
0.00683598
0.0190249
0.00835208
0.00942108
0.0152831
0.0145356
0.0109973
0.0138883
0.00951383
0.0111403
0.0101639
0.0145772
0.0137018
0.0109503
0.0136684
0.011761
0.0133773
0.0132469
0.0133941
0.0122271
0.0108957
0.0132816
0.0130476
0.0114903
0.0130643
0.0123849
0.0111333
0.0111435
0.0127546
0.0129353
0.0128788
0.0128833
0.0119907
0.0112804
0.0116783
0.0127351
0.011384
0.0114975
0.0118186
0.0120791
0.011468
0.0126446
0.0126561
0.0125522
0.0125798
0.0125792
0.011593
0.0124088
0.0115907
0.0125131
0.0116412
0.0116255
0.0528028
0.0505793
0.101753
0.0272936
0.0170149
0.019947
0.0238493
0.0216757
0.0192107
0.00886083
0.0191069
0.00983656
0.0162537
0.00993166
0.0150925
0.0148131
0.0151455
0.0137688
0.00988043
0.0100509
0.0135069
0.0139118
0.0105184
0.01061
0.0113486
0.0132522
0.0123767
0.0125729
0.0127898
0.0109092
0.0128297
0.0132463
0.0132621
0.0121944
0.0130252
0.0126261
0.0114381
0.0111293
0.0116673
0.0129885
0.01165
0.0130144
0.0129423
0.0128422
0.012466
0.0126714
0.0127042
0.0126501
0.011843
0.0126455
0.0114773
0.0123035
0.0116024
0.0116099
0.0118355
0.0120257
0.0122013
0.0125353
0.0125637
0.0125445
0.011605
0.0116309
0.0121125
0.012505
0.0123136
0.0124731
