0.100402
0.0803236
0.0247571
0.00959154
0.0135964
0.00303119
0.00742003
0.00535745
0.00757896
0.00633206
0.00473535
0.135024
0.135971
0.0738477
0.00948697
0.00412733
0.0135764
0.00781331
0.00501645
0.00752597
0.00478019
0.00508626
0.00636683
0.00416711
0.00331686
0.00480926
0.00293138
0.00441409
0.0046062
0.00353804
0.00375872
0.00319514
0.00327273
0.0038979
0.00309153
0.00388455
0.00358526
0.00302461
0.00379065
0.00310857
0.0031691
0.00303478
0.00317247
0.00350552
0.00357577
0.00336888
0.00354191
0.00312389
0.00361584
0.00309221
0.00480339
0.0339845
0.00182518
0.00227618
0.00550711
0.00188304
0.00440952
0.0024969
0.00388579
0.00443856
0.00406399
0.00245253
0.00256021
0.00284018
0.00378233
0.00385281
0.00383034
0.00291679
0.00290748
0.00278639
0.00327559
0.00309611
0.00364222
0.00294575
0.00291783
0.0036178
0.00353204
0.00360597
0.00297926
0.00295566
0.00360137
0.00301699
0.00351855
0.00353213
0.00301567
0.00349876
0.00302568
0.00348771
0.00347216
0.00349447
0.00303599
0.00337613
0.00346746
0.00346803
0.00343133
0.00345959
0.00333816
0.00344986
0.00327739
0.00312343
0.00342352
0.00327174
0.00312817
0.00339668
0.00340477
0.0033976
0.00323041
0.00328862
0.00324393
0.00311998
0.00313741
0.0031385
0.139777
0.139777
0.00244525
0.02499
0.00923238
0.0160878
0.00666608
0.00398279
0.00639048
0.00292747
0.00271162
0.00331099
0.00444896
0.00647394
0.00449089
0.00453587
0.00457153
0.00386265
0.00451275
0.00328943
0.00328892
0.00427584
0.00367597
0.00402733
0.00341148
0.003994
0.00354549
0.00334865
0.00354475
0.00352229
0.00350076
0.00377413
0.00375162
0.00350309
0.00366031
0.129262
0.107406
0.0123189
0.0194841
0.0106551
0.00264731
0.0078191
0.0116553
0.00297501
0.00436513
0.00414392
0.00901245
0.00405939
0.00665301
0.00319822
0.00397418
0.00454512
0.00505356
0.00468692
0.00352513
0.00366946
0.0040512
0.00391884
0.004192
0.00312875
0.00413848
0.00379389
0.00411529
0.00388901
0.0039092
0.00349412
0.00372144
0.00348272
0.00330742
0.00366775
0.00345746
0.00360083
0.00371148
0.0037086
0.00352001
0.286911
0.330493
0.0598601
0.00628226
0.0146597
0.00663101
0.00997042
0.00346994
0.0027544
0.00535036
0.0042448
0.00598458
0.00428748
0.00439909
0.00498098
0.00450476
0.00522599
0.0042657
0.00437941
0.00340289
0.00456929
0.0036379
0.0033171
0.00337925
0.00402825
0.00311492
0.00373124
0.0576263
0.523437
0.00560783
0.0283157
0.00275012
0.0094569
0.00927407
0.00284542
0.00871486
0.00562087
0.00628264
0.00291105
0.00348376
0.00604544
0.00540445
0.0056512
0.00481706
0.00440014
0.00320069
0.0034103
0.00454052
0.00440261
0.00417511
0.00376856
0.00331104
0.00313189
0.0037949
0.00309641
0.00333596
0.00319098
0.00386445
0.0192589
0.073535
0.0195847
0.00724558
0.0223539
0.00586555
0.0124188
0.00485682
0.00541361
0.00293588
0.00333954
0.00309989
0.00730816
0.00412836
0.00415798
0.00434134
0.00413828
0.00467501
0.00397487
0.00484222
0.00355272
0.00391505
0.00388834
0.00384932
0.00410305
0.00387581
0.0035017
0.00298815
0.00377698
0.00302828
0.00364899
0.00311865
0.00389163
0.00315146
0.00351334
0.129991
0.134276
0.0199373
0.0131817
0.00428634
0.0155936
0.00720602
0.00974188
0.00296676
0.00937459
0.00270969
0.00608021
0.00660287
0.00277642
0.00456801
0.00353312
0.00439547
0.00437923
0.00306918
0.00452056
0.00350105
0.00341982
0.0034645
0.00401735
0.003219
0.00394279
0.00400054
0.00325747
0.00325726
0.00363015
0.00307311
0.00362974
0.00375563
0.191105
0.194118
0.00957821
0.0083605
0.00881724
0.00269398
0.00360631
0.00649067
0.00434071
0.00801569
0.00344975
0.00613387
0.00339173
0.00349445
0.00438396
0.00513759
0.00484004
0.00300089
0.00296238
0.00455266
0.0043023
0.00445405
0.00403916
0.00416328
0.00374616
0.00377973
0.00410587
0.00361382
0.00357403
0.00360343
0.00366869
0.00306975
0.00377258
0.320125
0.320125
0.00244506
0.0241991
0.00922435
0.0159399
0.00660281
0.00398132
0.00634015
0.00292762
0.00271211
0.00331225
0.00443941
0.0064417
0.00448122
0.00452675
0.00456219
0.0038598
0.00450441
0.00328955
0.00328902
0.00426965
0.00367406
0.00402316
0.00341081
0.00398998
0.0035444
0.00334819
0.00354324
0.00352122
0.00349939
0.00377128
0.00374896
0.00350208
0.00365797
4.04821
0.0649968
0.103743
0.0157453
0.00381903
0.0115069
0.0185431
0.00862569
0.00537836
0.0102919
0.00820564
0.00782098
0.00812566
0.00587621
0.00463402
0.00487751
0.113815
0.176025
0.0624302
0.0094545
0.00411977
0.0128749
0.0078434
0.00494428
0.00730576
0.00479251
0.00502288
0.00633122
0.00414993
0.00332092
0.00478244
0.00293356
0.00439456
0.00458264
0.00353861
0.0037535
0.00319646
0.00327351
0.00389066
0.00309296
0.00387704
0.00358225
0.00302616
0.00378483
0.00310968
0.00316983
0.00303624
0.00317315
0.00350359
0.00357284
0.00336768
0.0035393
0.00312485
0.00361211
0.00309338
0.0371134
0.0464243
0.053477
0.0105797
0.0166922
0.00465863
0.00301181
0.00332259
0.00412617
0.00535935
0.00589353
0.00461598
0.0031901
0.00281674
0.00420399
0.0039145
0.00376291
0.00306335
0.00362823
0.00346513
0.00341089
0.00385852
0.00377613
0.00319075
0.00295633
0.00392756
0.00361883
0.0035718
0.00322762
0.00317369
0.00364614
0.00366171
0.00300776
0.00321228
0.00355818
0.00349672
0.00352979
0.00305077
0.00322129
0.00329544
0.00348121
0.00352081
0.00309876
0.00307102
0.00322812
0.00342429
0.00333323
0.00345839
0.00309859
0.00346275
0.00312072
0.00312594
0.00339167
0.0190798
0.00553573
0.00542291
0.0293943
0.0027584
0.00972464
0.0090967
0.00285365
0.00859627
0.0055807
0.00623791
0.00291661
0.00350545
0.00608254
0.00545276
0.00569265
0.00483966
0.00441384
0.00320375
0.00341753
0.00456244
0.00442997
0.00419057
0.00378283
0.00331443
0.00313137
0.00380341
0.00309428
0.00333942
0.00319092
0.00388153
0.0121224
0.00299746
0.00241967
0.0178154
0.00813741
0.00287994
0.00269442
0.00396408
0.00274005
0.00525884
0.00271806
0.00477626
0.00305005
0.0027878
0.00484766
0.00453603
0.00285399
0.00443978
0.00393031
0.00362165
0.00292012
0.00304239
0.00361433
0.00295831
0.00343404
0.00370886
0.00321269
0.00377683
0.00359446
0.00349908
0.00314076
0.00343419
0.00301277
0.00365405
0.00364458
0.00301614
0.00353098
0.00316794
0.00313696
0.0033043
0.00317171
0.00338943
0.00307298
0.0034614
0.00313742
0.00349915
0.00349254
0.00342555
0.0030911
0.00347825
0.00344876
0.00335606
0.00320758
0.00336543
0.131331
0.0307941
0.0159758
0.0263047
0.0166808
0.00449627
0.00853478
0.00743488
0.00789353
0.00616336
0.00300022
0.00846092
0.0083011
0.00626449
0.00443875
0.00403489
0.00547443
0.00514273
0.00444186
0.00446629
0.317883
0.377524
0.00817896
0.0223067
0.0194345
0.00489621
0.0067911
0.00460703
0.0113021
0.00261635
0.00390491
0.00381797
0.00469778
0.00630986
0.00472583
0.00448331
0.00513848
0.00390071
0.00292664
0.00325819
0.00444902
0.00343574
0.00439666
0.00398498
0.00423557
0.0036729
0.0032554
0.00389087
0.00308218
0.00366323
0.00382824
0.00378942
0.00352569
0.00322518
0.00106994
0.0967603
0.157072
0.0682073
0.00424206
0.00809294
0.00365628
0.0042719
0.00695741
0.00275314
0.00659679
0.0040095
0.00474749
0.00390639
0.00377074
0.00281318
0.00379747
0.00374115
0.0039294
0.00331341
0.00307653
0.00293318
0.00295938
0.00337072
0.0031602
0.00385357
0.00331301
0.00372719
0.00358586
0.00369778
0.00369084
0.00302176
0.00367549
0.00307322
0.00344628
0.00359159
0.00345321
0.0035455
0.00350832
0.00340892
0.00344868
0.00336688
0.00309951
0.00345711
0.00343792
0.00314574
0.00316308
0.00346605
0.00348075
0.0034175
0.00343627
0.807368
4.57095
0.022933
0.0123994
0.00559348
0.00385121
0.00980523
0.00608721
0.0085358
0.00582735
0.00719208
0.00414177
0.00595129
0.00481001
0.00411416
0.0049288
0.00467623
0.0043663
0.00371178
0.00438627
0.00393894
1.10842
0.320386
0.0542578
0.0127776
0.0059357
0.0227521
0.0133987
0.00593435
0.00267389
0.00917149
0.00752739
0.00367181
0.00779426
0.00575209
0.00503996
0.0048887
0.00509434
0.00490111
0.00476407
0.0033201
0.00405985
0.127552
0.106128
0.0289723
0.00734348
0.0227442
0.0115169
0.00982446
0.00468568
0.00683122
0.00634274
0.00565096
0.00308454
0.00545703
0.0039953
0.0037834
0.00501728
0.00356577
0.00335711
0.00293151
0.00409436
0.00316519
0.00359614
0.00329803
0.0030036
0.00372664
0.00372918
0.00375206
0.00380908
0.00374375
0.00316176
0.00362994
0.00369262
0.00315542
0.00363946
0.00347235
0.00310172
0.00325806
0.00348173
0.00333063
0.00354987
0.00342448
0.00315406
0.00348548
0.154275
0.184832
0.0258185
0.00734349
0.0224876
0.0108335
0.00990512
0.00469877
0.00674726
0.00628765
0.00560103
0.00308859
0.00543145
0.00398565
0.00377847
0.00499277
0.00356978
0.00335889
0.00293262
0.00408766
0.00316714
0.00359545
0.00329904
0.00300468
0.00372355
0.00372615
0.00374881
0.00380519
0.00374053
0.00316249
0.00362776
0.00368987
0.00315606
0.00363732
0.00347145
0.00310237
0.00325815
0.00348075
0.00333035
0.00354838
0.00342367
0.00315449
0.00348444
0.0153887
0.0555158
0.0362342
0.0104478
0.00791883
0.00844586
0.0129217
0.00322922
0.00809515
0.00623982
0.0047492
0.00698622
0.00324527
0.00422445
0.00303615
0.00435505
0.00507492
0.00356988
0.00422655
0.00419322
0.00332254
0.00447934
0.0041117
0.00396915
0.00421645
0.0041865
0.00356708
0.0472772
0.0671104
0.0104802
0.0276206
0.00303543
0.0124435
0.0144752
0.00309192
0.00654863
0.0070213
0.130943
0.0144637
0.0316231
0.0511943
0.0102279
0.0159764
0.0178655
0.00921001
0.00837649
0.00354853
0.00273531
0.00591076
0.00368598
0.00573419
0.00286429
0.00408614
0.00526299
0.00533295
0.00428786
0.00468876
0.00424991
0.0047863
0.00418415
0.1227
0.180692
0.0238687
0.0412197
0.0241897
0.00937609
0.00722119
0.00356009
0.00670704
0.00477473
0.0060601
0.00738911
0.00335298
0.00517866
0.00276075
0.00276382
0.00491694
0.00404916
0.00449169
0.00287167
0.00464533
0.00453813
0.00405647
0.00361203
0.00413539
0.00308588
0.00315177
0.00410253
0.00360398
0.00402611
0.00397204
0.00379896
0.00374866
0.00337967
0.00356915
0.0032323
0.00361313
0.0032574
0.00371628
0.00346426
0.00329867
0.192018
0.0312706
0.00688321
0.0236104
0.00275673
0.00294976
0.00651348
0.0103201
0.0050371
0.00451756
0.0058955
0.00274284
0.0037017
0.00520605
0.00448285
0.00507585
0.00480714
0.00354142
0.00407666
0.00295802
0.00451677
0.00364205
0.00433947
0.00405774
0.00325151
0.00373606
0.00325155
0.087621
0.0723334
0.00269345
0.0061812
0.0271298
0.0172284
0.005973
0.010003
0.00823413
0.00571593
0.00498022
0.00327371
0.00471009
0.00473759
0.00438382
0.00393154
0.00290257
0.00305442
0.00416873
0.0030751
0.00369445
0.00294049
0.00333389
0.00340486
0.00390919
0.00297496
0.00297846
0.00371912
0.00326179
0.00303179
0.00336535
0.00309142
0.00331327
0.0035751
0.00359113
0.00317588
0.00330251
0.00318286
0.00354008
0.00353011
0.0031407
0.00309898
0.00309293
0.0034742
0.00330114
0.00337616
0.00342072
0.00346449
0.00325621
0.0034367
0.012086
0.0462842
0.00234248
0.00237495
0.0103923
0.0045637
0.00507711
0.00247749
0.00254386
0.00281614
0.00478767
0.00411392
0.00427354
0.00402041
0.00278705
0.00322223
0.00279346
0.00288455
0.00362993
0.00400847
0.00377536
0.00284524
0.00287909
0.00382998
0.00367356
0.00376488
0.00357802
0.00366876
0.00350696
0.00367091
0.00302005
0.00359896
0.00345129
0.0030066
0.00351055
0.00299159
0.00299199
0.00304887
0.00350759
0.00347544
0.00303151
0.00348104
0.00346477
0.00304204
0.00305799
0.00343792
0.00305877
0.00336134
0.00317364
0.00343081
0.00306755
0.00335061
0.00309794
0.0030921
0.00341711
0.00310265
0.00324778
0.00313622
0.00341868
0.00340477
0.00341608
0.00311443
0.00339626
0.00319902
0.00332517
0.185878
0.0157013
0.030921
0.00927811
0.00651126
0.0302891
0.00638948
0.00439817
0.00788405
0.00718074
0.00592856
0.00336838
0.0056358
0.00497466
0.00427298
0.0040488
0.00531398
0.00525172
0.00412264
0.00387477
0.00328595
0.00386668
0.00290616
0.00290599
0.00305721
0.0040291
0.00411208
0.00373797
0.00388397
0.00384737
0.00393009
0.00324142
0.00380828
0.00355834
0.00378971
0.00324313
0.00303197
0.00349319
0.00361683
0.00348
0.00354249
0.00337548
0.00355328
0.00306715
0.00359374
0.00324673
0.0135834
0.00510588
0.016465
0.0114404
0.00257377
0.00256172
0.00477992
0.00592596
0.00446757
0.0038928
0.00394426
0.00302241
0.00276971
0.00285404
0.0028216
0.0028736
0.00374151
0.00318618
0.0037507
0.00399632
0.00285278
0.0028768
0.0037071
0.00370215
0.00317261
0.00364834
0.00302128
0.00331845
0.00302392
0.0035492
0.0035096
0.00347816
0.00346453
0.00359424
0.00342929
0.00351205
0.00308477
0.00332216
0.00351148
0.00305474
0.00323762
0.00334267
0.00347068
0.00312312
0.00345996
0.0032502
0.00325933
0.00317969
0.00318914
0.00341465
0.00310626
0.00327503
0.00317742
0.00340894
0.00339879
0.00340689
0.00316856
0.0031694
0.00192539
0.166177
0.00222194
0.0102291
0.00908717
0.00641992
0.00487501
0.00402423
0.00239625
0.0048207
0.00487604
0.0046603
0.00254275
0.00386167
0.00273365
0.00393797
0.00280474
0.00363168
0.00390363
0.00377137
0.00283943
0.00289086
0.00285865
0.00291928
0.00307268
0.00309946
0.0035947
0.00345926
0.00298004
0.00297251
0.00357305
0.00360615
0.00326752
0.00310719
0.00315759
0.00299572
0.00338977
0.00300476
0.00315684
0.0033828
0.00350729
0.00303797
0.00304264
0.00347008
0.00346257
0.00309436
0.0034742
0.00346534
0.00345963
0.00339176
0.0031129
0.00331381
0.00320226
0.00310175
0.00310468
0.00312956
0.00310635
0.003258
0.00312496
0.00328554
0.00336868
0.00337622
0.00313304
0.00315058
0.00313956
