0.0320518
0.413486
0.00411931
0.0103183
0.00782308
0.00182683
0.00393258
0.00153128
0.00148679
0.000879805
0.000270948
0.069469
0.0608185
0.0621526
0.00474755
0.00445633
0.00946472
0.00159326
0.00257952
0.00207969
0.00340757
0.00390997
0.00105257
0.00388957
0.00380586
0.00129178
0.00107074
0.00210602
0.00264043
0.00142863
0.00155538
0.00176615
0.00177455
0.00335647
0.00187249
0.00226319
0.00329204
0.00259713
0.00327273
0.00216299
0.00221744
0.00291667
0.00322844
0.00216228
0.00258472
0.00288933
0.00229168
0.00229913
0.0030808
0.00277123
0.00284541
0.00232978
0.0023857
0.0978134
0.0303343
0.0681673
0.00916531
0.0146381
0.00135511
0.0115449
0.00629928
0.00938688
0.00136121
0.00777406
0.00549792
0.00170569
0.00167711
0.00409285
0.00178113
0.00176915
0.00412558
0.00186603
0.00358836
0.00201558
0.00365228
0.00303931
0.00336204
0.00351781
0.00345735
0.00224736
0.0023719
0.00302213
0.00247101
0.00242081
0.00226214
0.00324635
0.00231163
0.00309404
0.003268
0.00232006
0.00325829
0.00319949
0.002681
0.00234555
0.0023951
0.00306515
0.00248001
0.00276571
0.00307209
0.00245102
0.00290349
0.00246543
0.00298039
0.00305916
0.0024984
0.00271077
0.00253021
0.00294428
0.00279525
0.00261446
0.00282922
0.00253662
0.00297116
0.00297932
0.00279697
0.00254925
0.0695137
0.125177
0.089479
0.0155017
0.0289956
0.00435331
0.00217829
0.00173612
0.00397854
0.00396743
0.00257771
0.0006339
0.000558706
0.00252546
0.00075876
0.00367326
0.0035304
0.00189466
0.00184293
0.00173975
0.00180645
0.00203945
0.00238888
0.00235953
0.00214617
0.00216743
0.00217138
0.00319693
0.00249167
0.00219388
0.00234787
0.00220895
0.00313014
0.00226987
0.0800947
0.11348
0.0866552
0.00457279
0.00294637
0.0228634
0.00546057
0.00224189
0.00298145
0.00345579
0.000432972
0.00375796
0.000687152
0.00340551
0.00107646
0.000776094
0.00152473
0.00143466
0.00111078
0.00353595
0.00284548
0.00162084
0.0022746
0.00173404
0.00202536
0.00201771
0.00329561
0.00326966
0.00327101
0.00326884
0.00323366
0.0032478
0.00209432
0.0025583
0.00289849
0.00304409
0.00228538
0.00233128
0.00303046
0.00268536
0.0151907
0.0383948
0.013943
0.00166228
0.0117307
0.00299038
0.00938668
0.00439856
0.00409369
0.000478511
0.00345769
0.000669582
0.0004365
0.00129163
0.00176109
0.000786132
0.000940446
0.00168988
0.00166875
0.00198559
0.00162816
0.00292119
0.00174861
0.00182847
0.00183289
0.00200912
0.00204829
0.00295898
0.00224266
0.0724171
0.112933
0.0777703
0.0532414
0.0147599
0.000350499
0.00346234
0.00350234
0.00409054
0.00394699
0.00395958
0.000950207
0.00153527
0.00182114
0.000750679
0.00249955
0.00270404
0.00182579
0.00136228
0.0028107
0.00156128
0.00254051
0.00184237
0.00222923
0.00174241
0.00207451
0.00225369
0.00194639
0.00323295
0.00222946
0.00205776
0.00249089
0.00218019
0.00316498
0.00222573
0.0757517
0.08524
0.0223314
0.0211237
0.00539191
0.001951
0.00616696
0.0040262
0.00393556
0.00196193
0.00135001
0.00326631
0.00124565
0.00365903
0.00375439
0.000301535
0.00202599
0.0032154
0.00266608
0.00192721
0.00342902
0.00297725
0.00197165
0.00184725
0.00301499
0.00330958
0.00193498
0.00207001
0.00315023
0.0032038
0.0027534
0.00218267
0.0031024
0.00315981
0.205603
0.00822815
0.00228188
0.000176379
0.0156378
0.0020441
0.00332153
4.51595e-05
0.00408261
0.00174084
0.000563345
0.00010337
0.00318994
0.00372502
0.000754567
0.00306341
0.00126447
0.00160647
0.00166825
0.00274357
0.00173618
0.00327891
0.00313183
0.0018553
0.00202138
0.00245605
0.00268904
0.00227323
0.0022259
0.00234601
0.0021757
0.00299822
0.00228737
0.0022438
0.00231323
0.0398874
0.0485864
0.0705774
0.0238976
0.000967049
0.000944644
0.00123456
0.00240299
0.00338779
0.000205431
4.13339e-05
0.000296153
0.00112907
0.00339738
0.00103024
0.0030465
0.00158212
0.00283001
0.00198213
0.0018321
0.00184435
0.00249753
0.00246098
0.00313975
0.00290537
0.00289068
0.00278637
0.00213249
0.00234519
0.0021614
0.00273748
0.00223712
0.00280663
0.10054
0.0086065
0.0248228
0.0195673
0.00877615
0.000754364
0.00397342
0.00402634
0.00198132
0.00388841
2.85531e-05
0.000428319
0.00367418
0.00268347
0.00121807
0.00270606
0.00315877
0.00352018
0.00333625
0.00170135
0.0019326
0.00211687
0.0032688
0.0021551
0.00322452
0.00208059
0.00318997
0.00310359
0.00230966
0.00300251
0.00301806
0.00273187
0.00229276
0.0270626
0.13948
0.025022
0.0209033
0.00966657
0.00468898
0.00413614
0.000695476
0.00252188
0.00179446
0.000192187
0.00150723
0.000927865
0.00103438
1.37209
0.0764278
0.0118351
0.00350229
0.00245908
0.00106602
0.00416081
0.000519351
0.00371332
0.00250339
0.00325423
0.00370568
0.00327668
0.00161603
0.00114037
0.00123127
0.0036437
0.00152473
0.00350289
0.00196441
0.0021166
0.00201041
0.00335089
0.00209418
0.00322872
0.0020566
0.00321958
0.00323361
0.0023509
0.0030537
0.00288383
0.00223709
0.00293751
0.00277791
0.00241635
0.00287401
0.00272083
0.00251227
0.00291773
0.0029981
0.0228865
0.00345238
0.00935617
0.00629699
0.00490852
0.00539729
0.00570348
0.00525337
0.00446915
0.000892257
0.0016146
0.00113694
0.00116354
0.0023336
0.00158346
0.00159303
0.00178118
0.00191316
0.00249184
0.0021166
0.00331586
0.00205209
0.00209502
0.00341078
0.00228771
0.0021514
0.00220322
0.00280735
0.0027257
0.0032333
0.003208
0.00222198
0.00226048
0.00226042
0.00226844
0.00319199
0.003158
0.00313431
0.00235193
0.00264288
0.00236469
0.00308777
0.00305618
0.00242313
0.00285291
0.00279817
0.0030309
0.00251204
0.00285335
0.00247526
0.00246164
0.00248405
0.00357353
0.0040431
0.00478678
0.0058467
0.00303499
0.00216353
0.000954265
0.00197177
0.00022037
0.00154563
0.000962623
0.00120781
0.000749987
0.00304759
0.00106195
0.00119007
0.00152873
0.00144532
0.00172691
0.00172303
0.00177924
0.00301962
0.00271908
0.00210188
0.0020274
0.00322682
0.00320962
0.00212275
0.00301508
0.00218653
0.00230295
0.00848105
0.00819076
0.00361015
0.00496979
0.00818762
0.000323874
0.00146354
0.00463021
0.00391919
0.00330595
0.00416325
0.00448024
0.00421441
0.00153635
0.00353836
0.00368271
0.00179562
0.00198055
0.00347671
0.00196496
0.00197372
0.00327018
0.00202437
0.00216055
0.0031403
0.00239383
0.00297021
0.00216473
0.00272859
0.00228148
0.00222736
0.00225386
0.00321534
0.00319728
0.00231038
0.00232293
0.00317383
0.00261066
0.00254562
0.00312021
0.00237991
0.00237537
0.00238824
0.00278631
0.00243443
0.00254078
0.00251662
0.00255778
0.00293183
0.00249928
0.00301215
0.135856
0.00927873
0.124338
0.00458098
0.00457127
0.0016394
0.0102945
0.00437868
0.00487731
0.000580935
0.00216567
0.000800078
0.000421068
0.000964872
0.00121944
0.0021291
0.00316866
0.00329502
0.00165624
0.00169816
0.00327265
0.00214361
0.00151377
0.00298094
0.224929
0.153453
0.00460862
0.0673667
0.00371068
0.00870825
0.0023838
0.00478193
0.0010053
0.00397297
0.000709383
0.00316094
6.35473e-05
0.0014104
0.00342448
0.00162755
0.0013828
0.00354156
0.00289106
0.00336252
0.00168218
0.00333043
0.00294521
0.00190045
0.00192231
0.00324596
0.00266894
0.00298049
0.00276754
0.00213516
0.00231015
0.00228215
0.00220301
0.00269438
0.325552
0.00530567
0.00801257
0.00388175
0.00736794
0.00440371
0.000936278
0.000937593
0.00466307
0.0038907
0.00242333
0.000794522
0.00421744
0.00208533
0.00373769
0.00166013
0.00357463
0.0032195
0.0020327
0.00344248
0.00280465
0.00216077
0.00198626
0.0033757
0.00247387
0.00215069
0.00273852
0.00331803
0.00227411
0.00330251
0.00319983
0.00324872
0.00226393
0.00222047
0.00267749
0.00318379
0.00299022
0.00248802
0.00303342
0.00314023
0.00234736
0.00310127
0.00308041
0.00240514
0.00245139
0.00304088
0.00242549
0.00302767
0.00251055
0.00246611
0.00298139
0.0027554
0.0025855
0.197434
0.0926934
0.0090422
0.027939
0.00802509
0.000563902
0.00133625
0.00294084
0.00224766
0.000186696
0.0012507
0.00289901
0.00328762
0.000920797
0.00195159
0.0034522
0.00330875
0.0012055
0.00271959
0.00165851
0.00326317
0.00189859
0.00189803
0.00199159
0.0116362
0.114651
0.00294418
0.0145895
0.000110686
0.0107488
0.00498218
0.00265015
0.00166129
0.000259321
0.000104339
0.000424396
0.00298501
0.00326051
0.0036264
0.00091231
0.00244997
0.00115554
0.0010621
0.00173583
0.00155344
0.00179396
0.0017853
0.00677653
0.0529872
0.00559406
0.00136233
0.000351376
0.00496896
0.00123565
0.00235613
0.000293054
0.00405208
0.00377932
0.00372503
0.00392144
0.00361623
0.00142266
0.00367521
0.00183154
0.00176074
0.00357103
0.00154316
0.00200213
0.00203584
0.00187635
0.00340914
0.00313748
0.00244322
0.00260177
0.00329804
0.00304338
0.00324837
0.00313392
0.00314588
0.0023761
0.00316846
0.0022895
0.00229497
0.00305049
0.00312417
0.00298796
0.00283822
0.00235586
0.00237844
0.00290238
0.00238344
0.00302565
0.00251195
0.00247205
0.00303868
0.0279165
0.00559407
0.00103843
0.000928646
0.00496896
0.00107883
0.00225019
0.000219919
0.00405103
0.00377911
0.00370806
0.00391605
0.00361556
0.00143751
0.00367344
0.00183888
0.00176792
0.00356944
0.00155518
0.00200673
0.00204003
0.00188279
0.00340616
0.00313395
0.00244438
0.00260164
0.00329625
0.00304111
0.00324672
0.00313169
0.00314368
0.00237812
0.00316677
0.00229149
0.0022971
0.00304894
0.00312264
0.00298664
0.00283757
0.00235752
0.00238011
0.00290151
0.00238506
0.00302449
0.00251305
0.00247332
0.237429
0.0545886
0.0280716
0.00712363
0.0222285
0.000232376
0.00338462
0.00399679
0.00415441
0.000600485
0.00112252
0.00238748
0.00381632
0.000531771
0.0016154
0.00254325
0.000552912
0.00149753
0.00110917
0.00337862
0.00133378
0.00155128
0.00314208
0.00181159
0.00281242
0.00187197
0.0019599
0.0018842
0.00201772
0.00225135
0.0219989
0.00481879
0.0068765
0.00145404
0.00798543
0.00124007
0.00218208
0.000698057
0.00317274
0.00243856
0.103791
0.135259
0.00803265
0.0174284
0.00147515
0.000688424
0.00474501
0.00295181
0.000167755
0.000192232
0.000926369
0.00163252
0.000873301
0.000737946
0.00128667
0.00258802
0.00202794
0.00252039
0.00314356
0.128407
0.041717
0.0309575
0.012765
0.00498911
0.00430919
0.00394052
0.000280111
0.00341783
0.000856405
0.00306849
0.00322247
0.00073323
0.00165835
0.00157595
0.00366636
0.00103116
0.00367745
0.0014334
0.00137236
0.00332054
0.0022642
0.00197471
0.00181899
0.00186002
0.0018911
0.00324665
0.00330519
0.00326503
0.00324415
0.00214885
0.00223596
0.00219814
0.00270006
0.00226729
0.00225984
0.00303556
0.00306756
0.00281784
0.0023147
0.00307289
0.213569
0.151127
0.00550302
0.0119493
0.00636081
0.00572858
0.00302989
8.53161e-05
0.0012541
0.00365926
0.00355746
0.00321664
0.0029661
0.000858321
0.003588
0.00160127
0.00154416
0.00245511
0.00337408
0.00206223
0.0018264
0.00284818
0.00278163
0.00233278
0.00234281
0.00309641
0.0023942
0.00303342
0.0263425
0.00530171
0.0081819
0.00426345
0.00747457
0.00440199
0.000938013
0.00091019
0.00467915
0.00388848
0.00248471
0.00078206
0.00421873
0.00210764
0.00373679
0.00166407
0.00357344
0.0032328
0.00203947
0.00344159
0.00281234
0.00216586
0.00198741
0.00337495
0.0024793
0.00215033
0.00274307
0.00331752
0.00227748
0.00330257
0.00320035
0.0032481
0.00226445
0.00222171
0.00268026
0.00318286
0.00299151
0.00249094
0.00303388
0.00313926
0.00234871
0.00310025
0.00307995
0.00240723
0.00245337
0.00304009
0.00242688
0.00302671
0.0025125
0.0024672
0.00298081
0.0027564
0.00258728
0.00980371
0.00531296
1.81988e-05
0.000485745
0.002067
0.00466146
0.00865883
0.00080977
0.00101727
0.00643456
0.00136538
0.00140469
0.00150633
0.00421229
0.00164504
0.00386373
0.00349313
0.00394466
0.00199979
0.00195588
0.00353852
0.00367654
0.0028408
0.0020133
0.00242318
0.00360509
0.00211958
0.00333796
0.00345534
0.00243948
0.00337249
0.00220361
0.00338459
0.00221683
0.00330349
0.00242973
0.00229375
0.00323716
0.00317969
0.00232494
0.00319992
0.00234446
0.00287846
0.0029401
0.00238152
0.00256412
0.00290232
0.00245743
0.00312072
0.00242811
0.00307537
0.00287909
0.00289334
0.00249431
0.00251327
0.00278988
0.00246308
0.00260369
0.00283844
0.00266249
0.00300314
0.00258831
0.00251437
0.00281139
0.00279904
0.00272269
0.0784762
1.27335
0.00402274
0.00222937
0.0019523
0.00444727
0.000637576
0.00410614
0.000586938
0.000361252
0.00268396
0.001589
0.00318869
0.00108491
0.00114626
0.00255975
0.00115052
0.00146841
0.00131384
0.00262202
0.00176227
0.00318755
0.00179804
0.0032401
0.00198965
0.00201389
0.00219494
0.00329629
0.00328218
0.00326603
0.00218891
0.00325534
0.00290703
0.00317482
0.00312869
0.00225905
0.00228699
0.00273305
0.00226965
0.00228485
0.00305828
0.00233462
0.00233786
0.00232666
0.00257742
0.00254221
0.00256508
0.0726503
0.0156184
0.000996225
0.00659955
0.00450724
0.00729536
0.00120779
0.00398722
0.00364813
0.00388815
0.00175941
0.00147287
0.0038814
0.00361199
0.0037622
0.00267765
0.002034
0.0034793
0.00240207
0.00205347
0.00359111
0.00214328
0.0025132
0.00214134
0.00335835
0.00342404
0.00263379
0.00334708
0.00296899
0.00278511
0.00226447
0.00230488
0.00315636
0.0032166
0.00231944
0.003163
0.00243715
0.00255476
0.00235782
0.00309501
0.002402
0.00292404
0.00239198
0.00241203
0.00254424
0.00292662
0.00308785
0.00305363
0.00303032
0.00246482
0.0030116
0.00298987
0.00300795
0.00299874
0.00250709
0.00298944
0.0029834
0.0670628
0.0524357
0.043595
0.00380832
0.0057822
0.00664133
0.0131119
0.00103709
0.00583154
0.00149574
0.00178706
0.00210512
0.00163115
0.00168427
0.0018688
0.00361198
0.00376695
0.00309549
0.00188914
0.00361913
0.00355907
0.00247239
0.00203369
0.00362859
0.00353711
0.00337976
0.00328806
0.00275026
0.00221073
0.0033304
0.0027491
0.00286437
0.00223656
0.00229124
0.00324065
0.0032138
0.00323119
0.00235739
0.00312345
0.00321452
0.00235157
0.00254407
0.00309506
0.00313027
0.00303398
0.00289378
0.00311583
0.00294171
0.0030804
0.00303896
0.00265121
0.002455
0.00280741
0.00307524
0.0030153
0.00302511
0.00303256
0.00248686
0.00298533
0.00297664
0.00295843
0.00253161
0.00281748
0.0025645
0.0029784
