0.0250021
0.0199717
0.0240262
0.025384
0.0255775
0.0255616
0.0256211
0.025606
0.0255968
0.0242967
0.0254534
0.0261454
0.0263007
0.0253549
0.0252161
0.0253928
0.0256427
0.0254759
0.0262091
0.0255796
0.0252368
0.0261073
0.0256336
0.0254533
0.0259775
0.0253788
0.0257839
0.0253457
0.0256465
0.0253836
0.0253637
0.02553
0.0257696
0.0256563
0.0253928
0.0256164
0.0255681
0.0255687
0.0254916
0.0257082
0.0255799
0.0257568
0.025814
0.0257382
0.0254633
0.0257783
0.0255708
0.0254573
0.0256626
0.025751
0.0254984
0.0254557
0.0257433
0.0254566
0.0257332
0.0257033
0.025562
0.0256031
0.0257202
0.0257281
0.0256119
0.0254836
0.0254956
0.0257086
0.0257057
0.0255146
0.0256473
0.0268023
0.0236464
0.0242036
0.0250156
0.0261218
0.0251309
0.0253166
0.025982
0.0258657
0.0256978
0.0256481
0.0254735
0.0257049
0.0256048
0.0256589
0.0256653
0.0255985
0.0256138
0.025568
0.0256135
0.0256298
0.0256261
0.0255819
0.0255914
0.0255875
0.0256142
0.0255908
0.025591
0.0255828
0.025596
0.0256106
0.0255847
0.0256137
0.0255836
0.0256078
0.0255845
0.025599
0.0255874
0.0256024
0.0256086
0.0256035
0.0256036
0.0256021
0.0256057
0.0255871
0.0255862
0.0255867
0.0256071
0.0256025
0.0255953
0.025595
0.0255982
0.0255985
0.0256057
0.025605
0.0255888
0.0255916
0.0256047
0.026961
0.0280198
0.0267077
0.0262764
0.0256484
0.0252428
0.0255023
0.025783
0.0257413
0.025721
0.0256471
0.0254943
0.0256345
0.0256328
0.0256513
0.0255453
0.0255964
0.0256276
0.0255945
0.0255754
0.0255762
0.0256078
0.0255785
0.0255965
0.0256195
0.0256049
0.0256182
0.0255814
0.0255862
0.0255814
0.0255863
0.0256114
0.0256149
0.0255986
0.0256022
0.0255837
0.0256066
0.0255969
0.0255942
0.0255883
0.0255898
0.0255851
0.0255943
0.0255862
0.0255939
0.0255925
0.0255951
0.0255886
0.025604
0.025587
0.0273942
0.0282427
0.0266945
0.0261479
0.0254547
0.0253124
0.0255113
0.0257262
0.0256686
0.025609
0.0258005
0.0255221
0.0257835
0.0256
0.0256013
0.025606
0.0255806
0.0255645
0.0255797
0.0256106
0.025665
0.0255582
0.025655
0.0255792
0.0255233
0.0255608
0.025528
0.0256677
0.0256261
0.0256665
0.025628
0.0255448
0.0255364
0.0255823
0.0255713
0.0256485
0.0255592
0.0255915
0.0256026
0.0256274
0.0256211
0.025641
0.0256038
0.0256366
0.0256055
0.0256115
0.0256015
0.025627
0.0255695
0.0256331
0.0273425
0.0243307
0.0262576
0.0243091
0.0254241
0.0257947
0.0258785
0.0253415
0.0255305
0.0254929
0.0256616
0.0255189
0.0257879
0.0255661
0.0254842
0.0256722
0.0257671
0.0254834
0.025575
0.0254125
0.0256737
0.0254252
0.025432
0.0254383
0.0254446
0.0255402
0.025479
0.0257282
0.0255161
0.0256191
0.0255632
0.0255841
0.025483
0.025661
0.0255303
0.0254983
0.0256703
0.0255826
0.025659
0.0255342
0.0266934
0.0252546
0.026039
0.0248312
0.0258702
0.0254145
0.0254931
0.0254362
0.0251384
0.0255781
0.0251863
0.0260525
0.0257841
0.0252246
0.0259106
0.0258888
0.0252937
0.0255084
0.0255185
0.0258508
0.0254916
0.0257036
0.0257174
0.025568
0.0257403
0.0257342
0.0255557
0.0254147
0.025608
0.0256645
0.0255604
0.0254854
0.0257094
0.0256141
0.025454
0.0256383
0.0254858
0.0257295
0.0254933
0.0256949
0.025578
0.0255489
0.0256041
0.0255688
0.0255617
0.025675
0.0256903
0.0255333
0.0256843
0.0254833
0.0241602
0.0264937
0.024635
0.0254136
0.0260268
0.0258719
0.0255086
0.0256891
0.0257288
0.0254441
0.0257925
0.0254783
0.0256027
0.0255525
0.0256016
0.025538
0.0256746
0.0255501
0.0255887
0.025568
0.0255774
0.0255695
0.0256014
0.0255644
0.0255815
0.0255939
0.0256095
0.0255919
0.0255782
0.0256214
0.0256055
0.0256156
0.0256233
0.0256031
0.0255754
0.0255756
0.0256074
0.0255915
0.0256121
0.0256074
0.0255946
0.0255893
0.0256126
0.0255866
0.0255815
0.0255847
0.0256082
0.0317374
0.0250918
0.0259962
0.0241742
0.0255076
0.0256853
0.025508
0.0258013
0.0255885
0.0252174
0.0255931
0.0252764
0.0259015
0.0255048
0.0255967
0.0259895
0.0252517
0.0253839
0.0253735
0.0252712
0.0254283
0.0253529
0.0256905
0.0255819
0.0255946
0.0253506
0.0253487
0.0253621
0.0257758
0.0253727
0.0257167
0.0258173
0.02582
0.0255223
0.0257083
0.0256766
0.0257699
0.0254219
0.0256039
0.0254178
0.0257751
0.0254571
0.0257453
0.025641
0.0256684
0.025447
0.0254518
0.0257403
0.0256081
0.0257367
0.0257164
0.025474
0.0255004
0.0254714
0.0256837
0.0254856
0.0256558
0.0255581
0.0255021
0.0295342
0.0237479
0.0250208
0.0261885
0.025235
0.0248088
0.0248978
0.0255546
0.0255706
0.0254579
0.0250467
0.0254992
0.0258303
0.0254493
0.0252449
0.0255373
0.0257046
0.0252838
0.0205825
0.0262385
0.0247198
0.0251571
0.025325
0.0258113
0.0253827
0.0254431
0.0257741
0.025619
0.025504
0.0256068
0.0255694
0.0255336
0.0256073
0.0256291
0.0255826
0.0255821
0.0255752
0.0255615
0.0255658
0.0256027
0.0255708
0.0256108
0.0255983
0.0256183
0.0255717
0.0256189
0.0256077
0.0255866
0.0255961
0.0255794
0.0255766
0.0255765
0.0256056
0.0255855
0.0255935
0.0255806
0.023107
0.0230173
0.0265302
0.0272275
0.0265669
0.0253355
0.0256048
0.0262198
0.0256638
0.0262286
0.025108
0.026136
0.0255587
0.0260836
0.0255257
0.0258711
0.0256534
0.0252489
0.0254509
0.0253628
0.0252906
0.0254446
0.0258808
0.0258668
0.0254272
0.025853
0.0258559
0.0258002
0.0254089
0.0256481
0.0258184
0.0253681
0.0254874
0.0256905
0.0255883
0.0254537
0.0254332
0.0256529
0.0257329
0.0256604
0.0254588
0.0254382
0.0255975
0.0254863
0.025747
0.0256627
0.0257285
0.0254825
0.0254765
0.025473
0.0257091
0.0257054
0.0257218
0.025715
0.0255974
0.0256433
0.0255125
0.0286085
0.0245699
0.0237149
0.0260328
0.0259394
0.0261119
0.0254422
0.0253083
0.0258464
0.0256559
0.0258096
0.0253515
0.025376
0.0256877
0.0253886
0.0255504
0.0254474
0.0257605
0.0254981
0.0256967
0.0256056
0.0257212
0.025715
0.025461
0.0255372
0.0255072
0.0256647
0.0255767
0.025538
0.0256925
0.0255167
0.0255667
0.0255553
0.0255133
0.0256373
0.0256258
0.0256691
0.0238133
0.0303513
0.0242252
0.0259132
0.025555
0.02533
0.0254972
0.0254317
0.0255109
0.0254654
0.0254695
0.0254697
0.0256667
0.0256505
0.0256675
0.0255175
0.0255327
0.0255224
0.0255212
0.0254706
0.0241605
0.0264799
0.0246536
0.0254171
0.0262894
0.0261515
0.0255292
0.0256143
0.025589
0.0255899
0.0260415
0.0256357
0.0258267
0.0253035
0.0255298
0.0253059
0.0258867
0.0253422
0.0255575
0.025388
0.0254372
0.0254039
0.0256737
0.0253933
0.0254918
0.0255942
0.025695
0.0255771
0.0254726
0.0257483
0.0256647
0.0257196
0.0257507
0.0256467
0.0254599
0.0254613
0.0256691
0.025566
0.0256932
0.025666
0.0255856
0.0255505
0.0256942
0.0255332
0.0255013
0.0255212
0.0256686
0.0260388
0.0218965
0.0234923
0.0254855
0.0252156
0.0252237
0.0257875
0.0253608
0.025556
0.0255434
0.0254621
0.0255319
0.0256559
0.0256283
0.0256414
0.0256311
0.0255783
0.0256343
0.0255729
0.0255851
0.0256307
0.0255747
0.0255945
0.0256144
0.0255967
0.0255771
0.0255815
0.0256105
0.0256059
0.0256066
0.0256074
0.0256085
0.0255897
0.0255925
0.0255823
0.0256113
0.0256068
0.0255834
0.0253628
0.0254062
0.0265313
0.0246343
0.0251922
0.0251137
0.0258208
0.0251082
0.0255704
0.0253498
0.0255879
0.0255976
0.025891
0.0253064
0.025827
0.0255711
0.0254528
0.025525
0.0254268
0.0254041
0.0254149
0.0254438
0.0254483
0.0255659
0.0254457
0.0257437
0.0255563
0.0257107
0.0254706
0.025573
0.0254721
0.0255737
0.0256628
0.0257118
0.0257066
0.0254954
0.0256996
0.0256367
0.0255023
0.025545
0.0256866
0.0256803
0.0255171
0.0255303
0.0256554
0.0256704
0.0255201
0.0244186
0.0203031
0.0249539
0.0252363
0.0252838
0.0257104
0.0255059
0.0253746
0.0253872
0.0254604
0.0245385
0.0259565
0.0246598
0.0253163
0.0253496
0.0254558
0.0251123
0.0263762
0.0252586
0.0256258
0.0255658
0.025377
0.0255752
0.0255837
0.0256593
0.0256051
0.025651
0.0258757
0.0257316
0.0257146
0.0253716
0.0255293
0.0257447
0.025461
0.0255312
0.0256483
0.0257314
0.0257812
0.0256785
0.0256774
0.0257719
0.0257606
0.0257617
0.0254813
0.0254539
0.0257291
0.0257152
0.0255164
0.0255964
0.0255187
0.0257263
0.0257206
0.0257129
0.0256686
0.0254892
0.0255968
0.0256661
0.0257022
0.0255716
0.0255055
0.0256351
0.0256952
0.0256143
0.0256869
0.0256098
0.0256184
0.0255238
0.0255692
0.0255746
0.0256108
0.0109256
0.02827
0.0243613
0.0253451
0.0254971
0.0253603
0.0256324
0.0255734
0.0254886
0.0254395
0.0254279
0.0254597
0.0256928
0.0256534
0.0255154
0.0254931
0.0256039
0.0256712
0.0256193
0.0233423
0.0303587
0.0243372
0.0261021
0.0256938
0.0250482
0.0252957
0.0252331
0.0254599
0.0252877
0.0252932
0.0252956
0.0257489
0.0257166
0.025746
0.0254222
0.0254565
0.0254329
0.02543
0.0136835
0.0273724
0.0258951
0.0244216
0.0249962
0.0252743
0.0257975
0.0256923
0.0255263
0.0257456
0.0255359
0.0257276
0.0256869
0.0257078
0.0257043
0.0255912
0.025586
0.0256319
0.0267612
0.0251841
0.0249282
0.0256876
0.0256167
0.0252799
0.0253457
0.0254432
0.0255202
0.0254893
0.0255818
0.0260108
0.025301
0.0256692
0.0259037
0.0253357
0.0258647
0.0258016
0.0254982
0.0258578
0.0257951
0.0258058
0.0258098
0.0255372
0.0255881
0.0257815
0.0257808
0.0257363
0.0254291
0.0255321
0.0257577
0.0257645
0.0257532
0.0255316
0.0254567
0.0256072
0.0256818
0.0255863
0.0256164
0.0257035
0.0257244
0.0257167
0.0255594
0.0255634
0.0254882
0.0257048
0.0255102
0.0255367
0.025593
0.0256982
0.0256771
0.0255968
0.0256796
0.025617
0.0256433
0.0255587
0.025585
0.0256632
0.0256716
0.0270383
0.0237374
0.0244351
0.0255286
0.0258782
0.0253561
0.02574
0.0254041
0.0255671
0.0255437
0.0255569
0.0255327
0.0255736
0.0256488
0.0255394
0.025541
0.0256455
0.0255605
0.0256387
0.0255502
0.0255757
0.025595
0.0256397
0.0256289
0.0256109
0.0255913
0.0255927
0.0255644
0.0170679
0.0237846
0.0235053
0.0252196
0.0257158
0.0249786
0.0252187
0.0251605
0.0261487
0.0249989
0.0261152
0.024985
0.0260185
0.0259795
0.0251858
0.0257657
0.0252099
0.0256818
0.0253551
0.0255494
0.0187064
0.027675
0.0252424
0.025787
0.0250926
0.025052
0.0254292
0.0253906
0.0253022
0.0257185
0.0257879
0.0256853
0.0256393
0.0257312
0.0255294
0.0255188
0.0254289
0.0256962
0.0254789
0.025365
0.0259141
0.0255804
0.0250536
0.0263984
0.0255978
0.0249819
0.0258448
0.0258112
0.0256382
0.0257527
0.0254006
0.0255224
0.0254067
0.0253581
0.0253687
0.0255891
0.0253846
0.0257367
0.0256808
0.0257817
0.0257253
0.0254326
0.0254415
0.0255107
0.0255434
0.0254517
0.0254853
0.0256478
0.0255751
0.0255402
0.0256492
0.0255776
0.0256739
0.0256985
0.0256505
0.0255249
0.0254968
0.0255499
0.0235645
0.0244483
0.0252685
0.0262527
0.0260652
0.0255066
0.0252946
0.0252462
0.025778
0.0257049
0.025728
0.0256504
0.0257251
0.0256338
0.0256865
0.0256691
0.0256976
0.0255675
0.0256343
0.0255767
0.025654
0.0256631
0.0256531
0.0255582
0.0255595
0.0255561
0.0255564
0.0223373
0.022572
0.0247285
0.0261815
0.0252209
0.0251367
0.0257994
0.0254338
0.025468
0.0254364
0.0256945
0.0254722
0.0256841
0.025571
0.0255965
0.0254986
0.0255004
0.0255101
0.0263515
0.026863
0.0250411
0.0268188
0.0249161
0.0257057
0.0254353
0.025707
0.0256439
0.0254685
0.02602
0.0255828
0.0260047
0.0259857
0.0259375
0.0255027
0.0253243
0.0258845
0.0258684
0.0255745
0.0258243
0.0254858
0.0254492
0.0253866
0.0257501
0.0254214
0.0257092
0.0257864
0.0254285
0.0255326
0.0254209
0.025764
0.0254355
0.0254654
0.0256984
0.0256229
0.0257521
0.0257462
0.0256774
0.0255074
0.0256098
0.0255614
0.0257205
0.0256866
0.0257171
0.0256903
0.0254866
0.0256797
0.0256072
0.0256289
0.0255878
0.0256982
0.025547
0.0256954
0.0255134
0.0256812
0.0255141
0.0256718
0.0256251
0.0206783
0.0246468
0.0250339
0.0257943
0.0250856
0.0250571
0.0252901
0.0261733
0.0263202
0.0252206
0.025683
0.0253325
0.0247526
0.026014
0.0261419
0.0255939
0.0255533
0.025558
0.0256791
0.0253367
0.0254694
0.0253657
0.0254593
0.0253929
0.0256495
0.0254923
0.0257528
0.0254323
0.0255452
0.025648
0.0256281
0.0256908
0.0255704
0.0254616
0.0257252
0.0256913
0.0255407
0.0255203
0.02569
0.0256549
0.0255165
0.0256732
0.0256755
0.0255651
0.025678
0.0244431
0.0260127
0.0265956
0.0255081
0.024727
0.0254881
0.0249254
0.0258689
0.0253359
0.0260225
0.0258551
0.0254513
0.0256836
0.0258606
0.0255666
0.0254227
0.0258708
0.0253189
0.0256378
0.0255096
0.0256914
0.0258144
0.0257117
0.025444
0.0254062
0.0254105
0.0256465
0.0257415
0.025487
0.0257286
0.0256908
0.0254662
0.0254845
0.025486
0.0255212
0.0254689
0.0255492
0.0255614
0.025593
0.0256346
