0.0304286
0.0282692
0.0263243
0.0268473
0.026443
0.0265654
0.0266331
0.0266417
0.0216739
0.0382427
0.0288691
0.0340298
0.0239875
0.0243464
0.026716
0.0241162
0.0262477
0.0256748
0.0267966
0.0283945
0.0281886
0.0258942
0.0255935
0.0274888
0.0275631
0.025645
0.0275488
0.02752
0.025578
0.0256581
0.0275395
0.0260085
0.0268388
0.0258016
0.0272025
0.0270667
0.026851
0.0262255
0.0261422
0.0259317
0.0272414
0.0271772
0.0261879
0.0262324
0.0262992
0.0271284
0.0272114
0.0260523
0.0271782
0.0266375
0.0261444
0.0265552
0.0262744
0.0270688
0.0269799
0.0270331
0.0263739
0.0262501
0.0270396
0.0267575
0.0262314
0.0266796
0.0265352
0.0269343
0.0265942
0.0269713
0.0266082
0.0273262
0.0234763
0.0209844
0.0260938
0.0234809
0.0250996
0.0253503
0.0266499
0.027363
0.0258532
0.0263967
0.0267877
0.0264981
0.0263699
0.0264834
0.026422
0.0266195
0.0265752
0.0266756
0.0267287
0.0265331
0.026714
0.0266626
0.0265626
0.0266114
0.0266428
0.0265858
0.0266708
0.0265816
0.0265855
0.02663
0.0266325
0.0265825
0.0265821
0.026607
0.026609
0.026653
0.0265857
0.0265856
0.0266065
0.0266657
0.0266336
0.0266454
0.026666
0.0266034
0.026653
0.0266054
0.0266266
0.0266483
0.0266183
0.0266516
0.0266538
0.0265959
0.0265965
0.0265978
0.0266121
0.0266093
0.0266528
0.0266259
0.0216739
0.0287457
0.024639
0.0278429
0.0282362
0.0273904
0.0271637
0.027217
0.0262821
0.0262753
0.0265835
0.0266581
0.0265636
0.0266876
0.0267423
0.0265438
0.0265896
0.0265373
0.026601
0.026712
0.0267088
0.0265583
0.0266845
0.026564
0.0267039
0.0265844
0.0265755
0.0266674
0.0266898
0.026609
0.0265971
0.0265847
0.0266317
0.0266431
0.0266658
0.0266549
0.0266048
0.0266734
0.0266474
0.0266284
0.0266373
0.0266001
0.0266458
0.0266561
0.0266048
0.0265935
0.026598
0.026659
0.0216739
0.0298909
0.0246414
0.0285624
0.0281715
0.0270971
0.0267687
0.0277288
0.0263587
0.0266833
0.0260636
0.0261927
0.0265717
0.0262444
0.0263446
0.0268873
0.0269722
0.0268509
0.0269881
0.0263488
0.0263716
0.0268162
0.0264485
0.0267679
0.0263749
0.0267304
0.0268801
0.0264704
0.0264145
0.0266497
0.0267165
0.026784
0.0265843
0.0265468
0.0264801
0.026512
0.0266929
0.0264619
0.0265381
0.0266062
0.0265755
0.0267214
0.0265481
0.026515
0.0267026
0.0267487
0.0267303
0.026507
0.030551
0.0194857
0.0241989
0.0272898
0.0247753
0.0284315
0.0268526
0.0266567
0.0260548
0.0270062
0.026903
0.0274446
0.0260989
0.0270815
0.0259284
0.0271978
0.0268168
0.0265332
0.0271989
0.0262015
0.02692
0.0271397
0.0269456
0.0262299
0.026195
0.026545
0.0264176
0.0268865
0.0269762
0.026262
0.0263008
0.0262981
0.0263308
0.0269277
0.0263209
0.0264097
0.0268715
0.0266438
0.0214263
0.0184211
0.0240136
0.0237728
0.0253977
0.0267482
0.0261293
0.0259837
0.0266044
0.0273114
0.0274947
0.0266967
0.0272801
0.0256271
0.0255875
0.0275645
0.0265242
0.0273142
0.025763
0.027445
0.0260042
0.0267131
0.0267128
0.0268279
0.0265528
0.0268222
0.0271481
0.026261
0.0260699
0.0261278
0.0264363
0.0269938
0.0271098
0.0261873
0.0264916
0.0267838
0.0267226
0.026971
0.026226
0.0269983
0.0263344
0.0262802
0.0268581
0.0268895
0.0267758
0.0264421
0.0279769
0.0242002
0.0286623
0.0287944
0.0270348
0.0267497
0.0270815
0.0266216
0.0262031
0.0266099
0.0267053
0.0266673
0.0266075
0.026524
0.0268184
0.0267737
0.0264727
0.0264772
0.0265673
0.026558
0.0265205
0.0267615
0.0265211
0.026557
0.026575
0.0265386
0.0266405
0.0267084
0.0266045
0.0265721
0.0265618
0.0265513
0.0265544
0.0266444
0.0267005
0.0266651
0.026631
0.0266399
0.0265648
0.0266494
0.0266631
0.0266726
0.0265728
0.0265722
0.0266592
0.0266764
0.0266491
0.0235673
0.0270428
0.0289076
0.0315018
0.025417
0.0254142
0.0256297
0.0248134
0.0284454
0.0276708
0.027888
0.028001
0.0263097
0.0277588
0.0265948
0.0278441
0.0264457
0.025551
0.0276529
0.0259673
0.0256737
0.0273047
0.0273118
0.0264188
0.0259573
0.0257466
0.0274938
0.0274591
0.025833
0.026814
0.0273309
0.0266801
0.0270694
0.0273151
0.0265626
0.0259694
0.0270684
0.0269526
0.0272274
0.0272173
0.0262127
0.027187
0.0260681
0.0262687
0.027114
0.0261191
0.0262783
0.0270197
0.0268773
0.0264395
0.0270632
0.0264596
0.0263259
0.0267522
0.0270118
0.026245
0.0262557
0.0263912
0.0268456
0.0186266
0.0280145
0.0206457
0.0226207
0.0238089
0.0268992
0.0252885
0.0245795
0.0248696
0.0264586
0.0281111
0.0280084
0.0253597
0.0268835
0.0276738
0.0255502
0.0272263
0.025733
0.0274177
0.0371808
0.0326029
0.026761
0.0265751
0.025182
0.027047
0.0256833
0.0269265
0.0265907
0.0266808
0.0263591
0.0263776
0.0266495
0.0265864
0.0264936
0.0265457
0.0265004
0.0265223
0.0265618
0.0265185
0.0267425
0.0265218
0.0265368
0.0267007
0.0266938
0.0266919
0.0265556
0.0266729
0.0265621
0.0266522
0.0266423
0.0266382
0.0265902
0.0266903
0.0265628
0.0265794
0.0236547
0.0275893
0.0248821
0.0258525
0.0278886
0.0254914
0.0276
0.0266756
0.0264053
0.025083
0.0266931
0.0255011
0.0267378
0.0276424
0.0258197
0.02796
0.027848
0.0275558
0.0256285
0.025615
0.0269058
0.0277026
0.0272759
0.0258408
0.0256804
0.0264502
0.0275383
0.0257504
0.0257851
0.026616
0.0271899
0.0263626
0.0263956
0.0273628
0.027122
0.0265897
0.0264744
0.0271537
0.0270223
0.0267362
0.0272146
0.0269444
0.0270584
0.0265987
0.0260596
0.0268671
0.0268387
0.0269294
0.0262106
0.026265
0.0271017
0.0266841
0.0264489
0.0262402
0.0268414
0.0269954
0.0267212
0.0268069
0.0265203
0.0263488
0.032099
0.0237424
0.0274849
0.0229343
0.025221
0.0266023
0.0262671
0.0254752
0.0257466
0.0263384
0.0265694
0.027528
0.0269268
0.0262125
0.0267532
0.0266941
0.0262593
0.0271632
0.0264574
0.0269426
0.0271445
0.0265514
0.0263122
0.0267533
0.0270577
0.026935
0.0262649
0.0269448
0.0262531
0.0262665
0.026476
0.0264606
0.0263427
0.0267852
0.0269063
0.0265503
0.0267156
0.0268955
0.0264573
0.0186271
0.0289457
0.0292416
0.0267119
0.0267196
0.0262287
0.0261743
0.0263597
0.0263939
0.0264668
0.0263206
0.0263862
0.0263876
0.0265354
0.0264625
0.0265092
0.0264404
0.0266713
0.0265341
0.0279578
0.0242116
0.0280216
0.0285167
0.0280064
0.027673
0.0280039
0.0257564
0.0264711
0.0257596
0.0263966
0.0264032
0.0272018
0.0269319
0.0274974
0.0274237
0.0257871
0.0258048
0.0260585
0.0260478
0.025922
0.0273458
0.0259387
0.0261474
0.026283
0.0260518
0.0267693
0.0271282
0.0265061
0.0262739
0.0262065
0.0261531
0.026168
0.0267661
0.0270693
0.0268866
0.0266735
0.0267276
0.0262437
0.0267823
0.0268645
0.0269184
0.0262933
0.0262912
0.0268395
0.0269361
0.0267767
0.0186266
0.034977
0.0253122
0.0290041
0.0264699
0.026529
0.0271701
0.0257868
0.0263283
0.0267799
0.0263811
0.0267248
0.0264945
0.0266404
0.026521
0.0266596
0.0266257
0.0265564
0.0265511
0.0266133
0.0265593
0.0265499
0.0266528
0.0265944
0.0267171
0.0265813
0.0266935
0.0266375
0.0265606
0.0266267
0.0266167
0.0265848
0.0266514
0.0265759
0.026671
0.0265727
0.026594
0.026676
0.0266156
0.0265988
0.0304774
0.0310796
0.0245128
0.0247575
0.0275655
0.0261598
0.0267797
0.0254381
0.02806
0.0266689
0.0266392
0.0259199
0.0270152
0.0264871
0.0257874
0.0273334
0.0273157
0.0273675
0.0263702
0.0264559
0.0268591
0.026019
0.0261527
0.0260416
0.026371
0.026118
0.026429
0.0264806
0.0261937
0.0264198
0.0269498
0.0268121
0.0264855
0.0262376
0.0267148
0.0262796
0.0269126
0.0267578
0.0269578
0.0269276
0.0264848
0.0268911
0.0263326
0.0268745
0.0263412
0.026368
0.026881
0.0263582
0.0233866
0.0295179
0.0259952
0.0276554
0.0274395
0.0272766
0.0268335
0.0262425
0.0243752
0.0346632
0.0230867
0.0273713
0.0255799
0.0292063
0.0277484
0.025603
0.0254489
0.0274309
0.0265907
0.0254647
0.0265611
0.0268687
0.0276166
0.0262188
0.0258211
0.0261541
0.0265761
0.0261969
0.0273815
0.0269656
0.0259211
0.0259902
0.027171
0.0262923
0.0266123
0.0262575
0.0271514
0.0268559
0.0261284
0.0267872
0.0267686
0.0266195
0.0263394
0.0270474
0.0265353
0.0264735
0.0264585
0.0265902
0.027011
0.0265643
0.0269821
0.0262607
0.0262632
0.0266753
0.0264861
0.0264807
0.026946
0.0265062
0.0269474
0.0263418
0.0268987
0.0265524
0.0268774
0.0263847
0.0267166
0.0267843
0.0264205
0.0335586
0.0255373
0.0282676
0.0249613
0.0279112
0.0262156
0.0263963
0.0273762
0.0262504
0.0265898
0.0261913
0.0265373
0.0270801
0.0262487
0.0264434
0.026709
0.0263364
0.0266298
0.0263734
0.0268309
0.0186271
0.0282955
0.0290653
0.026051
0.0262257
0.0265675
0.0256056
0.0259404
0.0261141
0.0263124
0.025932
0.0260942
0.0260968
0.0264368
0.0262695
0.0263739
0.0262188
0.0267283
0.0264269
0.0237696
0.0212221
0.0262658
0.0245009
0.0274661
0.0269134
0.0271073
0.0270901
0.0263455
0.027018
0.0264486
0.0267879
0.0269251
0.0265797
0.0268898
0.0265679
0.0264408
0.0265456
0.0267246
0.0186266
0.0274542
0.0274604
0.0266707
0.0261182
0.0280584
0.0265422
0.0267228
0.0280693
0.0274761
0.0262063
0.02778
0.0266008
0.0267072
0.0266471
0.0264239
0.0270465
0.0261817
0.0268804
0.0269828
0.0262658
0.0273121
0.0273092
0.0264519
0.0266688
0.0265751
0.027229
0.0260153
0.0265564
0.0264137
0.0263463
0.0271485
0.0270586
0.0270464
0.0267932
0.0268442
0.0261973
0.026162
0.0262318
0.0267483
0.0264836
0.0264295
0.0270165
0.0262345
0.026481
0.0264401
0.0269909
0.0263188
0.0265637
0.0268194
0.0266028
0.026944
0.0263287
0.0269109
0.0265421
0.0263484
0.026365
0.0268072
0.0268834
0.0265181
0.23347
0.0290006
0.0222895
0.0288176
0.0261785
0.0272669
0.0263253
0.0263928
0.0262852
0.0264818
0.0265515
0.0269472
0.026399
0.0264465
0.0265899
0.0264803
0.0268141
0.0266329
0.0264998
0.0264711
0.0267809
0.0266434
0.0267583
0.0265024
0.0266258
0.0266652
0.0266423
0.0266555
0.0333632
0.0224078
0.0258723
0.0275877
0.0231715
0.026697
0.0260185
0.0289508
0.0246027
0.0263405
0.0248672
0.0250484
0.025229
0.027612
0.0258332
0.0267025
0.0264924
0.0271717
0.0258858
0.0340679
0.0277247
0.0265033
0.0285414
0.0264575
0.0263821
0.0258181
0.0275172
0.0269947
0.0262436
0.0261534
0.026645
0.0261845
0.0261422
0.0266506
0.0261799
0.0268489
0.0267143
0.0201264
0.0216339
0.0313847
0.0285434
0.0275539
0.0277656
0.026946
0.0265182
0.0279477
0.0254024
0.0255268
0.0266805
0.0264905
0.0265209
0.027486
0.0266763
0.0270814
0.0268848
0.0267238
0.0267975
0.0263993
0.0269579
0.026069
0.0260734
0.0264399
0.0261815
0.0267966
0.0269457
0.0264002
0.0268866
0.0265113
0.0269699
0.0266716
0.0262741
0.0262986
0.0263174
0.0263593
0.0360796
0.0243254
0.0269283
0.0273242
0.0261175
0.027982
0.0258981
0.027214
0.0267816
0.0270089
0.0267136
0.0270234
0.0270342
0.026309
0.0264498
0.0269973
0.0263731
0.0267082
0.0264536
0.0265501
0.0268921
0.026498
0.0267268
0.0268139
0.0267153
0.0268222
0.0264491
0.0264511
0.0266383
0.01177
0.0323638
0.0275749
0.0266611
0.0262052
0.0268352
0.0267164
0.0265033
0.0265983
0.0262453
0.0267439
0.0265928
0.0263274
0.0269023
0.0263472
0.0265865
0.0265025
0.0306255
0.0256076
0.0248535
0.0273254
0.0239945
0.0297809
0.0259731
0.0264974
0.0263478
0.0274301
0.0265184
0.027213
0.0279231
0.0254926
0.0255531
0.0266924
0.0274849
0.0273302
0.0274435
0.0264695
0.0269825
0.0273385
0.0270664
0.0267525
0.0271563
0.0259722
0.0260066
0.0270524
0.0272044
0.026072
0.0263308
0.0263025
0.0271633
0.0261291
0.0270868
0.0271025
0.0264373
0.0261847
0.026211
0.0266633
0.0264485
0.0270435
0.026259
0.0264627
0.0263694
0.0268051
0.0263957
0.026475
0.0263112
0.0265829
0.0263456
0.0263334
0.0264799
0.026506
0.026384
0.0351868
0.0262256
0.0257313
0.0249823
0.0258005
0.0254049
0.0255754
0.0258035
0.0258509
0.0265086
0.0315778
0.0279614
0.0265126
0.0285311
0.0272232
0.0260157
0.0278215
0.0251596
0.0280088
0.0256768
0.026384
0.0259588
0.0263984
0.0275027
0.02667
0.0261691
0.026867
0.0260054
0.0265601
0.0272372
0.0271006
0.0265117
0.026257
0.0270619
0.0263727
0.0270444
0.0262474
0.0261932
0.0269689
0.026549
0.0267709
0.0269681
0.0269115
0.0263077
0.0266571
0.0266752
0.0263379
0.026373
0.0267104
0.0263595
0.0211526
0.0281523
0.0277512
0.0291826
0.0262375
0.0282641
0.0266758
0.0247028
0.0258374
0.0252024
0.0272211
0.0259075
0.0277162
0.0254916
0.0267244
0.027698
0.0275027
0.027403
0.0263302
0.025969
0.0264669
0.0263998
0.0270545
0.0259722
0.0269721
0.0263859
0.026952
0.0260746
0.0265457
0.0271208
0.027093
0.0268433
0.0261746
0.0263848
0.0264714
0.0269109
0.0269207
0.0263645
0.0264391
