0.00835538
0.023387
0.022971
0.0206799
0.0205888
0.020586
0.0205457
0.0205721
0.0387016
0.0272109
0.0225399
0.0222944
0.0180603
0.0233124
0.0184393
0.0225011
0.0209142
0.0192959
0.0206645
0.0193935
0.0202328
0.0219466
0.0204867
0.0216136
0.0196974
0.0206591
0.0204867
0.0210456
0.0214806
0.0207518
0.0197536
0.0199375
0.0214049
0.0213842
0.0212821
0.0213138
0.0213092
0.0203928
0.0211151
0.0204857
0.0200019
0.0211919
0.0206202
0.0199537
0.020955
0.0204084
0.0200275
0.0206318
0.0205051
0.0209714
0.0200892
0.0209531
0.0204217
0.020116
0.0206703
0.0203394
0.0206817
0.0206789
0.0201516
0.0204277
0.0202016
0.0207363
0.020552
0.0202061
0.0207366
0.0203371
0.0204419
0.0209021
0.0227353
0.0197567
0.0169159
0.0209814
0.0183412
0.0219588
0.0213941
0.0205484
0.0209536
0.0199698
0.0211968
0.0202668
0.0209942
0.0202843
0.0206055
0.0204384
0.02051
0.0205303
0.0204962
0.0206266
0.0206079
0.0206396
0.0206288
0.0205217
0.0206031
0.0206252
0.020545
0.0206154
0.0206066
0.020608
0.0205362
0.0205599
0.0205198
0.0205411
0.0205942
0.0205179
0.0205859
0.020523
0.0205779
0.0205949
0.0206029
0.0206038
0.0206023
0.0205651
0.0205493
0.0205345
0.0205994
0.0205792
0.0205947
0.0205534
0.0205673
0.0205973
0.0205934
0.0205445
0.0205443
0.0205467
0.0205412
0.0205717
0.0205442
0.0276837
0.0220933
0.023198
0.0187134
0.0191672
0.0216079
0.0202322
0.0207303
0.0207209
0.0203206
0.0207142
0.0206767
0.0204297
0.0205687
0.0204777
0.0206123
0.0205064
0.0206417
0.0205999
0.0205928
0.0204903
0.0206108
0.0205064
0.0206137
0.0205577
0.020615
0.0206143
0.0205136
0.0206142
0.0205069
0.0206018
0.0205402
0.0205214
0.0205165
0.02061
0.0206066
0.0205672
0.02054
0.0205335
0.0205405
0.0205894
0.0205881
0.0205979
0.0205594
0.0205827
0.0205891
0.0205858
0.0273057
0.0220932
0.0231788
0.0191409
0.0193223
0.0215269
0.0197032
0.0212343
0.0202881
0.0204481
0.0206879
0.0206316
0.0207013
0.0206245
0.0207935
0.0202726
0.0207181
0.0203818
0.0202536
0.0205705
0.0208153
0.0202912
0.0207655
0.0203103
0.0206404
0.0203241
0.0203805
0.0207504
0.02036
0.020764
0.0204417
0.0206762
0.0207279
0.020737
0.0203952
0.0204123
0.0205799
0.0206711
0.0206897
0.0206683
0.0204864
0.0204915
0.0204515
0.0206007
0.0205118
0.0204865
0.0204993
0.00827896
0.0234015
0.0202144
0.0213583
0.0211258
0.0186388
0.0195486
0.0193635
0.020501
0.0206038
0.0209694
0.021044
0.0210824
0.0198028
0.0201715
0.0210707
0.0210965
0.0209553
0.0202581
0.0210587
0.0200888
0.0204174
0.020116
0.0203206
0.0206579
0.0204818
0.0209561
0.0204218
0.0207355
0.020618
0.020339
0.0208537
0.0204359
0.0204207
0.0202922
0.0202818
0.0203505
0.0203215
0.0214298
0.0246313
0.017615
0.016004
0.0201981
0.0191758
0.0190021
0.0208916
0.0188409
0.0206459
0.019639
0.0202982
0.0208439
0.0194654
0.0205655
0.0204818
0.0208931
0.0198648
0.0213424
0.0200484
0.0198144
0.0203167
0.0202039
0.0205443
0.0205441
0.0206344
0.0203685
0.0202479
0.0199913
0.0200975
0.0200745
0.0210508
0.0208445
0.0201682
0.0204657
0.0203315
0.020196
0.0206595
0.0209401
0.0209395
0.0203955
0.0202535
0.0207715
0.0208622
0.0202748
0.0205254
0.0202882
0.0207052
0.0153856
0.0174719
0.021339
0.0209153
0.0184745
0.0219492
0.0204747
0.0212253
0.0201465
0.0201554
0.0209462
0.0201478
0.0202583
0.020799
0.0207238
0.0205988
0.0204225
0.0206643
0.0205883
0.0203997
0.0206577
0.020606
0.0206239
0.020652
0.020462
0.0206541
0.0205292
0.0206145
0.020546
0.0206508
0.0204806
0.0205953
0.0206246
0.0205666
0.0205146
0.0205622
0.020618
0.0206255
0.0205463
0.0205081
0.0205995
0.0206226
0.0205567
0.0205324
0.0205097
0.0205149
0.0206011
0.0205578
0.0205491
0.0205646
0.0145831
0.0254394
0.0185465
0.0233896
0.0155721
0.0222146
0.0231256
0.0184089
0.0209168
0.019024
0.0221232
0.020624
0.0207637
0.021092
0.0197853
0.0212493
0.020951
0.0198284
0.0214021
0.0194974
0.0195764
0.0203948
0.0201029
0.0196428
0.0213974
0.0214317
0.0211363
0.0208552
0.0197367
0.0213517
0.0198299
0.021138
0.0203952
0.0211093
0.0199286
0.0211891
0.0209821
0.0199709
0.0204502
0.0203148
0.0201304
0.0205492
0.0200442
0.0209594
0.0209544
0.0210588
0.020877
0.0210263
0.0201115
0.0210031
0.0206874
0.0201784
0.0201627
0.0209169
0.0207692
0.0209358
0.0209117
0.0207007
0.0202238
0.0280462
0.0270352
0.0203885
0.0163615
0.0205693
0.0175128
0.0181014
0.021817
0.0222918
0.0190603
0.0204995
0.0213515
0.0199327
0.0193655
0.0194637
0.0205092
0.021352
0.0196373
0.0200283
0.0198084
0.0195218
0.0178754
0.0156168
0.0170685
0.0186129
0.0188491
0.0207806
0.0211778
0.0203531
0.020149
0.0206354
0.0205108
0.0205988
0.0206434
0.0204312
0.0204842
0.0206487
0.0206123
0.0204933
0.020644
0.0206203
0.0206587
0.02065
0.0205986
0.0204658
0.0205667
0.0205893
0.0204786
0.020593
0.0206361
0.0205128
0.0206155
0.0205197
0.020509
0.0206088
0.0206204
0.0145179
0.0179881
0.0172285
0.0158206
0.0232727
0.0190434
0.0200295
0.0224659
0.0205
0.0222365
0.0206712
0.0215796
0.0206076
0.020155
0.021797
0.0217771
0.0217436
0.0213386
0.0195103
0.0214703
0.0214473
0.0197561
0.0210239
0.0204731
0.0197427
0.0196775
0.0196873
0.020117
0.0203267
0.0212304
0.0212628
0.0199125
0.0212692
0.0199899
0.0198504
0.0202693
0.0206048
0.0207371
0.0211667
0.0202282
0.0211526
0.0211396
0.0211154
0.0205738
0.020878
0.0205296
0.0207606
0.0210077
0.0209869
0.0210357
0.020929
0.0209588
0.0209562
0.0201857
0.0208475
0.0201824
0.0202181
0.0203026
0.020264
0.0285189
0.0163173
0.024796
0.0229212
0.017549
0.0205052
0.0210171
0.0217277
0.0197299
0.0194697
0.0207666
0.0200435
0.0197359
0.020548
0.0205446
0.0199139
0.0206449
0.0201499
0.020133
0.0202456
0.0201118
0.0205975
0.020641
0.0209938
0.0209344
0.0204026
0.0201907
0.0207748
0.0209228
0.020493
0.02039
0.0205843
0.0204726
0.0208612
0.0206942
0.0202952
0.0203022
0.0203803
0.0207954
0.0205903
0.0107576
0.0284676
0.0218165
0.0203827
0.020464
0.019918
0.0207906
0.0201159
0.0206561
0.0205553
0.0202778
0.0205726
0.0207709
0.0207748
0.0203889
0.0203715
0.0204397
0.0153856
0.0174759
0.0213233
0.020903
0.0192879
0.0217157
0.0205113
0.0210376
0.0204293
0.020439
0.0204395
0.0193656
0.0195119
0.0215228
0.0214266
0.0211898
0.0197588
0.0212667
0.0203673
0.0197944
0.0212044
0.0208846
0.0210054
0.0211521
0.0199547
0.0211459
0.0202462
0.0208833
0.0203622
0.021112
0.0200524
0.0207343
0.020945
0.0205344
0.0202241
0.0205151
0.0208958
0.0209426
0.0204167
0.0201972
0.0207714
0.0209132
0.0204917
0.0203416
0.0202212
0.0202477
0.0207812
0.0205031
0.0204485
0.0205466
0.0148087
0.0202256
0.0249893
0.0200835
0.0193912
0.0211642
0.021353
0.0209434
0.0205794
0.0203851
0.0206524
0.0204478
0.0206145
0.0204493
0.0206309
0.0204531
0.0205099
0.0205309
0.0205407
0.0206392
0.0205575
0.0204953
0.020635
0.0204919
0.0204855
0.0205104
0.0206275
0.0205452
0.0205891
0.0205061
0.0205136
0.0205737
0.0205876
0.0205724
0.0205291
0.0206138
0.020579
0.0160923
0.0250239
0.0238472
0.0172157
0.0167062
0.0213796
0.0209195
0.02076
0.0203857
0.0205847
0.0194788
0.0206851
0.0199798
0.0206227
0.0205288
0.0204666
0.0208084
0.0211979
0.0204022
0.0200704
0.0210654
0.020403
0.0207573
0.0206324
0.0201458
0.0208953
0.0201042
0.0200837
0.0202265
0.0209832
0.0203203
0.0201543
0.0207943
0.0209051
0.0208793
0.0208952
0.0207029
0.0203922
0.0208032
0.0202747
0.0203186
0.0207977
0.0207919
0.0207128
0.0203484
0.020765
0.0286115
0.0248328
0.0206206
0.0209878
0.0205452
0.0205497
0.020929
0.0210596
0.0203175
0.0205215
0.0160931
0.0249697
0.0268504
0.0232627
0.0204852
0.0223273
0.0225954
0.0205992
0.0209125
0.0205339
0.0206698
0.0195742
0.0194835
0.0216475
0.0205745
0.0209572
0.0209656
0.0207365
0.0207642
0.0204647
0.0203402
0.0204753
0.0198926
0.0200324
0.0209167
0.0204517
0.0201068
0.0201973
0.0208452
0.0206429
0.0204987
0.0208342
0.0204614
0.0201925
0.0203119
0.0202532
0.0209768
0.020434
0.0209761
0.0201653
0.02097
0.0202944
0.0208951
0.0207628
0.0208873
0.0205954
0.0202518
0.0204332
0.0202619
0.0204738
0.0204162
0.0206403
0.0208279
0.0207061
0.0208181
0.0207904
0.0206288
0.020345
0.0297528
0.0197884
0.0203213
0.0208572
0.0206292
0.0206151
0.0200679
0.0207621
0.0199927
0.0209467
0.0204295
0.0208665
0.0201975
0.0204333
0.020779
0.0202811
0.0204754
0.0203751
0.0107419
0.0284665
0.022505
0.0208842
0.0206014
0.0193911
0.0210894
0.0196922
0.0207221
0.0205039
0.0199568
0.0205612
0.0210106
0.0210187
0.0201805
0.020149
0.0202885
0.00453388
0.00952495
0.0240939
0.0209063
0.0194281
0.0200798
0.0206061
0.0201795
0.020927
0.0208537
0.0208335
0.020702
0.0208063
0.0207863
0.0207852
0.0206347
0.0205914
0.0205352
0.0230083
0.016682
0.0201554
0.018054
0.0182236
0.0172229
0.0198868
0.0206171
0.0214746
0.0212848
0.0205852
0.0198816
0.0217013
0.0205705
0.0198523
0.0209496
0.0197377
0.0203274
0.0211804
0.0201122
0.0199649
0.0199576
0.0211803
0.0206545
0.0203219
0.0208201
0.020454
0.0202174
0.020069
0.020365
0.0210097
0.0206965
0.0208634
0.0207329
0.0210108
0.0209943
0.0201406
0.0201665
0.0207454
0.0201967
0.0209078
0.0204632
0.0208362
0.0209085
0.0208118
0.0202482
0.0208961
0.020237
0.0206996
0.0208426
0.0206401
0.020605
0.0203513
0.0208216
0.0203142
0.0208187
0.0203454
0.0203602
0.0246763
0.018042
0.017459
0.0206049
0.0200771
0.0210955
0.0209977
0.0199185
0.0206447
0.0207673
0.0203763
0.0207416
0.0204679
0.0204668
0.0203468
0.0207257
0.0203702
0.0203831
0.0206978
0.0205105
0.0206858
0.0206541
0.0204281
0.0205434
0.0204653
0.020447
0.0204903
0.0206559
0.0205813
0.0333906
0.0273383
0.0218454
0.0209838
0.0191725
0.022536
0.0185433
0.0197312
0.0191278
0.0221543
0.0219388
0.0192867
0.021396
0.021786
0.0195957
0.0198379
0.0207415
0.0200383
0.0209383
0.0296383
0.0018986
0.0177308
0.0214932
0.0211679
0.0206198
0.0210913
0.0194875
0.0212763
0.0197301
0.0210979
0.0211467
0.0204605
0.020766
0.0205645
0.0201221
0.0202183
0.0201856
0.0202761
0.0206865
0.0185766
0.00812616
0.024099
0.0157365
0.019239
0.0201589
0.0208737
0.0208461
0.0218002
0.0208157
0.0206598
0.021233
0.0205882
0.0199987
0.020508
0.0209711
0.0206547
0.0212416
0.0210241
0.0209388
0.0204894
0.0207222
0.019994
0.0202233
0.020039
0.0206733
0.0206971
0.0201459
0.0209994
0.0204488
0.0209773
0.020479
0.0208622
0.0202093
0.0204597
0.020647
0.0204671
0.0205907
0.0296829
0.022919
0.0252376
0.0184899
0.0226783
0.0193797
0.0205576
0.0198877
0.0201896
0.0209547
0.020865
0.0206327
0.0204706
0.0202748
0.0202808
0.020225
0.0202907
0.0206904
0.0207721
0.0206545
0.0203243
0.0205773
0.0205586
0.0207468
0.0207639
0.0204129
0.0206142
0.0206585
0.0207229
0.020496
0.0326791
0.0280196
0.0236084
0.0173441
0.0211988
0.0211082
0.0208513
0.0205186
0.020712
0.020763
0.0209197
0.0202303
0.0208496
0.0203943
0.0202198
0.020624
0.0202745
0.0207492
0.0207502
0.0203449
0.0271008
0.0241991
0.0176854
0.0257766
0.0183249
0.0208307
0.0198556
0.0198631
0.0223317
0.0206895
0.0219069
0.0194262
0.0205067
0.0217414
0.019943
0.0209454
0.0196692
0.0209661
0.0201604
0.0207155
0.0205001
0.0200209
0.0198728
0.0209417
0.0210116
0.020426
0.0210347
0.0199892
0.0200247
0.0202413
0.0211299
0.0211086
0.0204813
0.020155
0.0210941
0.0200841
0.0209867
0.0205119
0.0206147
0.0209653
0.0209674
0.0210058
0.020742
0.0201732
0.0209411
0.0208724
0.0204817
0.0205365
0.0202321
0.020917
0.0203239
0.0208566
0.0204606
0.0203126
0.0208506
0.0207143
0.020848
0.0205842
0.0203362
0.0204818
0.011975
0.0188272
0.0210536
0.0185198
0.0214007
0.0196527
0.0212063
0.0209983
0.000501978
0.0274036
0.0180661
0.0189858
0.0171693
0.0204075
0.0216354
0.0215236
0.0217241
0.0194935
0.0198388
0.0201759
0.0210385
0.0199164
0.0210061
0.0202548
0.0208734
0.0211259
0.0210479
0.0208294
0.0206514
0.020788
0.0207417
0.0201473
0.0208822
0.0201783
0.0201954
0.0201869
0.02093
0.020354
0.0208063
0.0203798
0.0204522
0.0202878
0.0204587
0.0203187
0.0206106
0.0264503
0.0242921
0.0216266
0.0159354
0.0235092
0.0212759
0.0216427
0.0216248
0.0192501
0.0193471
0.0193437
0.0206567
0.0211016
0.0214844
0.020942
0.0210887
0.0204703
0.0206429
0.0198569
0.0212578
0.0211899
0.0201733
0.0212104
0.0204478
0.0199543
0.0207397
0.0209879
0.0205507
0.0210792
0.0208181
0.0209224
0.0206823
0.020669
0.0209942
0.0204234
0.0207313
0.0204582
0.0205551
0.020768
0.0208578
