0.0103357
0.0116427
0.01281
0.0137581
0.0136876
0.0135206
0.013526
0.0135616
0.0135575
0.0140591
0.0173041
0.0132294
0.0140675
0.0132364
0.0135804
0.0134197
0.0142587
0.0136535
0.0141863
0.0140736
0.0134773
0.0134634
0.0136915
0.013211
0.0134314
0.0137255
0.0138647
0.0138072
0.0136503
0.0134008
0.0134903
0.0138082
0.0136838
0.0133569
0.0135834
0.013601
0.0133535
0.0137314
0.0133718
0.0137638
0.0135302
0.0136975
0.0136432
0.0134427
0.0137309
0.013404
0.0136999
0.0134086
0.0137047
0.0135129
0.0137097
0.0134519
0.0136996
0.0136791
0.0136358
0.0134684
0.013675
0.0136829
0.0135755
0.0135626
0.0136674
0.0134649
0.013638
0.0135961
0.0135522
0.0136559
0.0135116
0.0127213
0.0141095
0.013494
0.0137472
0.0137281
0.0138531
0.013771
0.01331
0.0136577
0.0136018
0.0134699
0.0135617
0.0135857
0.0135199
0.0135709
0.0135448
0.0135806
0.0135472
0.0135561
0.0135622
0.0135495
0.0135515
0.0135536
0.0135803
0.0135719
0.0135542
0.013554
0.0135769
0.0135739
0.0135632
0.0135582
0.0135723
0.0135551
0.0135764
0.0135668
0.0135612
0.013566
0.0135624
0.0135729
0.0135621
0.0135664
0.013558
0.0135683
0.0135601
0.0135591
0.013563
0.0135717
0.0135732
0.0135717
0.0150123
0.0141511
0.0145474
0.0142116
0.013011
0.0136314
0.0134384
0.0134487
0.0138813
0.013512
0.0135136
0.0136482
0.0136385
0.0136033
0.0135284
0.0135455
0.0135578
0.0135587
0.0135422
0.0135717
0.0135629
0.0135589
0.0135674
0.0135865
0.0135816
0.0135768
0.0135527
0.0135615
0.0135837
0.0135691
0.013567
0.013553
0.0135534
0.0135683
0.0135536
0.0135795
0.0135778
0.0135762
0.0135623
0.0135552
0.0135555
0.0135559
0.0135571
0.0135626
0.0135707
0.0135756
0.0135675
0.0135705
0.0135592
0.0150119
0.01439
0.0147149
0.0141425
0.0131474
0.0136253
0.0135846
0.013593
0.0138069
0.0136266
0.0136276
0.0135812
0.0135619
0.0134971
0.0135552
0.0136339
0.013658
0.0136596
0.0136131
0.0135399
0.0135521
0.0135609
0.0135466
0.0134984
0.0135117
0.0135237
0.0136119
0.0135695
0.013508
0.0135457
0.0135539
0.0136179
0.0136153
0.0135505
0.0136139
0.0135184
0.0135228
0.013527
0.013575
0.0136061
0.0136047
0.0136029
0.0135976
0.0135754
0.0135457
0.0135305
0.0135573
0.0135468
0.0135895
0.0148004
0.0114721
0.0144885
0.013605
0.0124402
0.0125732
0.0135899
0.0131989
0.0134391
0.0135801
0.0135587
0.0134036
0.0134232
0.0135489
0.0133954
0.0135369
0.0135131
0.0136785
0.0136416
0.0136346
0.0134492
0.0134586
0.0136526
0.0136177
0.0136527
0.0136024
0.0135948
0.0135946
0.0136322
0.0113196
0.0125201
0.0141948
0.0137222
0.0135965
0.0133581
0.0135343
0.0130355
0.0133711
0.0136696
0.0135325
0.0137389
0.0133358
0.0132645
0.0132853
0.0134808
0.0133413
0.0133752
0.0137681
0.0136635
0.0135229
0.0133877
0.01338
0.0135043
0.0134787
0.0136715
0.0136765
0.0136061
0.0135244
0.0136605
0.0134603
0.0134365
0.0136606
0.0134898
0.013496
0.0135382
0.0134974
0.0134584
0.01346
0.0136329
0.0136486
0.0135053
0.0135438
0.0134753
0.0136319
0.0135087
0.0146149
0.0128608
0.0135586
0.0131672
0.0136341
0.0136671
0.013382
0.0138322
0.0134703
0.0134654
0.0135125
0.013613
0.0135117
0.0135405
0.0135404
0.0135267
0.0135296
0.013554
0.0135473
0.0135389
0.013542
0.0135898
0.013577
0.0135852
0.0135479
0.0135541
0.0135456
0.0135768
0.0135502
0.0135477
0.013583
0.013574
0.0135531
0.0135781
0.013551
0.0135544
0.0135782
0.0135575
0.0121896
0.0127425
0.0140002
0.0126018
0.0142004
0.013081
0.0130912
0.0141293
0.0135686
0.0137572
0.0132074
0.0138117
0.0133823
0.0132413
0.0134557
0.0133072
0.0138316
0.0134589
0.0137129
0.0137988
0.0133509
0.0134923
0.0135723
0.0133631
0.0133751
0.0136593
0.0137465
0.0135863
0.0136792
0.0135069
0.0136504
0.0134454
0.0135946
0.0134969
0.0134754
0.013685
0.0134358
0.0134379
0.0134399
0.0134459
0.0136497
0.0134797
0.0136071
0.0134585
0.0135332
0.0136459
0.0136556
0.0161811
0.00997023
0.0123522
0.0114065
0.0143019
0.0121372
0.0126025
0.0129253
0.0127821
0.0129988
0.0131169
0.0138449
0.0133153
0.0131506
0.0136528
0.0132085
0.0135575
0.0135328
0.0120014
0.0111236
0.0148358
0.0126959
0.0134482
0.0138512
0.0133491
0.0136844
0.0134083
0.0135339
0.0135518
0.0134998
0.013553
0.0135297
0.0135524
0.0135943
0.0135816
0.0135395
0.0135479
0.0135416
0.0135444
0.0135611
0.0135446
0.0135444
0.0135462
0.0135635
0.0135782
0.0135724
0.0150756
0.0145636
0.0139205
0.0140746
0.0132068
0.0132328
0.0128544
0.0133303
0.0136559
0.0134482
0.0131519
0.0137228
0.0132978
0.0131965
0.0137502
0.0132521
0.0138353
0.0134004
0.0136914
0.0138306
0.013391
0.0133227
0.0134278
0.0137791
0.0137729
0.0134335
0.0133689
0.0133809
0.0134696
0.0134136
0.0137303
0.0134292
0.013407
0.0137221
0.0134195
0.0134493
0.0135334
0.0137009
0.0135314
0.0135915
0.0136099
0.0134524
0.0135886
0.0135694
0.0135466
0.0134708
0.0134909
0.0134777
0.0148211
0.0117326
0.013012
0.0132839
0.0126775
0.0126952
0.013851
0.0134246
0.0135126
0.0135174
0.0136703
0.0133692
0.0136372
0.0135291
0.0134957
0.0134148
0.0134531
0.0136172
0.0136432
0.0135256
0.0135421
0.0136059
0.0136284
0.0136673
0.0135861
0.0134638
0.0135167
0.0135241
0.0135132
0.0135107
0.0136154
0.0136348
0.0134963
0.013513
0.0135942
0.0136296
0.0135829
0.013499
0.0166221
0.0119338
0.0147425
0.012577
0.013492
0.0133363
0.013536
0.0134117
0.0134388
0.0135245
0.0134486
0.0134493
0.0135602
0.0134623
0.0134999
0.0134781
0.0134868
0.0134942
0.0135118
0.0146016
0.0128516
0.0135466
0.0131598
0.0133384
0.0136428
0.0130505
0.0137784
0.0132198
0.0135829
0.0135367
0.0134417
0.013301
0.0136349
0.013361
0.0133523
0.0133494
0.0134844
0.0134265
0.0133886
0.0134031
0.0137071
0.0136495
0.0136881
0.0134459
0.0134926
0.0134344
0.0136407
0.0134652
0.0134504
0.0136701
0.0136207
0.0134855
0.0136429
0.0134743
0.0134943
0.0136426
0.0135148
0.0141183
0.0146519
0.0121578
0.0134048
0.0139182
0.0134584
0.0136163
0.0137009
0.0136551
0.0136754
0.0136103
0.0134976
0.0135983
0.0135296
0.013601
0.0135784
0.0135452
0.0135492
0.0135639
0.0135934
0.0135499
0.0135618
0.0135859
0.0135762
0.0135478
0.0135879
0.0135493
0.0135495
0.0135634
0.0135825
0.0135762
0.0135747
0.0135755
0.0135806
0.013553
0.0135772
0.0132653
0.0130339
0.0122441
0.0130777
0.0132195
0.0131554
0.0140895
0.0137024
0.0138349
0.013582
0.0135326
0.0135868
0.0134253
0.013427
0.013712
0.0136103
0.0134123
0.013432
0.0135239
0.0134758
0.0136512
0.0136117
0.0136859
0.0135991
0.0135809
0.0134642
0.0136724
0.0134825
0.0134786
0.013485
0.0135247
0.0135963
0.01362
0.0134934
0.0135612
0.0135127
0.0135048
0.0135683
0.0108718
0.012914
0.0132015
0.0131401
0.0131783
0.0132365
0.0133269
0.0120169
0.0117254
0.0126503
0.0140848
0.0133027
0.0133909
0.0133776
0.0135318
0.0134497
0.0136687
0.0136492
0.0137372
0.0135524
0.0137311
0.0133657
0.0138118
0.0133604
0.0134719
0.0136576
0.0133998
0.0137186
0.0134223
0.0137064
0.0134301
0.0137309
0.0137291
0.0137177
0.0134214
0.0136846
0.0136807
0.0134993
0.0136971
0.0134727
0.0136941
0.0136232
0.0136875
0.0136674
0.0136823
0.0134746
0.0136529
0.0134692
0.0135914
0.0135389
0.0135363
0.013478
0.0135234
0.0136522
0.0135001
0.0134906
0.0135124
0.0136155
0.0135122
0.0136273
0.0135864
0.0135209
0.0136329
0.0159758
0.00839293
0.0140007
0.014099
0.0134316
0.0133027
0.013383
0.0134169
0.0135006
0.0134708
0.0134311
0.0134678
0.0136092
0.0134939
0.00855912
0.0138199
0.0115047
0.0130105
0.013047
0.0131861
0.0132297
0.013301
0.0134545
0.0133032
0.0133297
0.01332
0.0135663
0.013402
0.0133588
0.0133627
0.0134621
0.0135113
0.0206338
0.0160068
0.0142632
0.0137482
0.0136693
0.0135465
0.013733
0.013805
0.0136357
0.0135008
0.0137237
0.0136027
0.0136589
0.0136756
0.0135487
0.0135945
0.0135267
0.0129421
0.0141946
0.0136097
0.0134134
0.0139574
0.0135274
0.0135906
0.0135136
0.013575
0.0139327
0.0139075
0.0135598
0.0134404
0.013555
0.0137601
0.0133611
0.0137861
0.0135871
0.0137044
0.0133813
0.0134158
0.013753
0.0137142
0.013696
0.0134891
0.0136952
0.0135411
0.0135073
0.0135373
0.0137128
0.0137058
0.0134495
0.0134344
0.0135656
0.0134731
0.0136012
0.0136777
0.0134575
0.0134904
0.013608
0.0135389
0.0136673
0.0135259
0.0135375
0.0136343
0.013657
0.0136409
0.0135164
0.01362
0.0136037
0.0135314
0.0134967
0.013618
0.0135073
0.0136355
0.0134968
0.0135535
0.0132741
0.00912897
0.0145394
0.0132687
0.0131254
0.0132608
0.0133364
0.0136018
0.0134644
0.0134894
0.013515
0.0135205
0.0135234
0.0135074
0.0135162
0.0136089
0.0135184
0.0135192
0.0135215
0.0135268
0.0135252
0.0135901
0.0135338
0.0135283
0.013577
0.0135334
0.0135352
0.00747498
0.0145872
0.0135094
0.0137466
0.0125225
0.0130479
0.0129017
0.0130006
0.0129664
0.0137915
0.0135685
0.013062
0.0130416
0.0132866
0.0132926
0.0132332
0.0134096
0.0132661
0.0127197
0.010805
0.0117959
0.0130345
0.0133363
0.0133252
0.0132376
0.0132954
0.013338
0.0133508
0.0136294
0.0133681
0.0135084
0.0133874
0.0133878
0.0133893
0.0134667
0.0134322
0.0121166
0.0118122
0.0140082
0.0134248
0.0130181
0.0131142
0.0136345
0.0134194
0.0137288
0.0133351
0.0134099
0.0134595
0.0135215
0.0133918
0.0134128
0.0134986
0.013451
0.0136257
0.0136868
0.0135658
0.0135127
0.0134445
0.0134584
0.0135933
0.013455
0.0136546
0.0135668
0.0135617
0.0135821
0.00130795
0.0147682
0.0143865
0.0136253
0.0135409
0.0134513
0.0134645
0.0134827
0.0136778
0.0136819
0.0136269
0.0135243
0.0136048
0.01364
0.0136347
0.0136404
0.0135589
0.0135994
0.0170467
0.0110601
0.0117014
0.013452
0.0132851
0.0134535
0.0133732
0.0134251
0.0136474
0.0136704
0.0134199
0.0134706
0.0135208
0.0134817
0.0134835
0.0134502
0.0135479
0.0134939
0.0126187
0.0136717
0.0140434
0.0132251
0.0134341
0.0135138
0.0136809
0.0135809
0.0135945
0.0135451
0.0139226
0.0138929
0.0138053
0.0132948
0.013814
0.0137519
0.013663
0.0133614
0.0133852
0.0137756
0.0137626
0.0134337
0.013755
0.013395
0.0135065
0.0133979
0.0134438
0.013732
0.0135516
0.013424
0.013718
0.0135914
0.0136984
0.013709
0.0135983
0.0136966
0.013569
0.0136585
0.0134695
0.0134617
0.0135646
0.0135687
0.0136693
0.0136336
0.0135148
0.0136657
0.0136601
0.0136029
0.0135283
0.0136389
0.0134811
0.0135496
0.0135967
0.0135679
0.0135117
0.0136145
0.0136279
0.013498
0.00308181
0.0189471
0.0126104
0.0130465
0.0128357
0.0129541
0.0131151
0.0130948
0.0133163
0.0130104
0.0105397
0.0130179
0.0130892
0.0135262
0.013803
0.0136489
0.0133245
0.0135299
0.0135549
0.0133776
0.0136986
0.0137148
0.0136465
0.0135329
0.0136323
0.0136172
0.0135013
0.013558
0.013547
0.0134622
0.0135384
0.0134692
0.0135183
0.0135827
0.01362
0.0149218
0.0101362
0.0113249
0.0133657
0.0135317
0.0131986
0.0130267
0.0132487
0.0136997
0.013612
0.0137076
0.0137093
0.0135245
0.0135515
0.0135276
0.0137293
0.0135287
0.0133166
0.0135341
0.0134931
0.0137301
0.0135588
0.0133836
0.0137113
0.0135788
0.0134296
0.0136366
0.0134536
0.0136045
0.0134549
0.0134269
0.0134345
0.0135882
0.0136754
0.0135077
0.0134873
0.0136427
0.0136565
0.0134659
