0.0053037
0.0146925
0.0173751
0.0190937
0.0192047
0.0191578
0.0191347
0.0191579
0.0191359
0.0202718
0.0203901
0.0195055
0.019026
0.018363
0.019985
0.017387
0.0190756
0.0192195
0.0191414
0.0192089
0.0200041
0.018251
0.0197819
0.0199852
0.0183577
0.0192692
0.019774
0.0198605
0.0198215
0.0195236
0.018592
0.0197821
0.0197343
0.0196475
0.0197047
0.0194779
0.0195598
0.0195627
0.0195068
0.0186482
0.0194722
0.018664
0.0194927
0.0195875
0.0187625
0.0194053
0.0195493
0.0187539
0.0190705
0.0188649
0.0195072
0.0187781
0.0187814
0.0188029
0.0193475
0.0191711
0.019262
0.0191467
0.0193969
0.0188503
0.0194108
0.0190863
0.019379
0.0190423
0.0192205
0.0193615
0.0190714
0.0213642
0.0248343
0.0171867
0.020849
0.0197594
0.0198918
0.0184974
0.0194571
0.0194949
0.0193826
0.0189722
0.0189968
0.0191916
0.0191762
0.0191224
0.0191278
0.0190781
0.0192045
0.019097
0.019101
0.019165
0.0191548
0.019171
0.0191714
0.0191497
0.0191608
0.0191072
0.0191711
0.0191708
0.0191669
0.0191114
0.0191075
0.0191164
0.0191687
0.0191675
0.0191656
0.0191541
0.0191653
0.0191139
0.0191639
0.0191202
0.0191219
0.0191235
0.0191336
0.019162
0.0191285
0.0191553
0.0191595
0.019131
0.0191374
0.0188191
0.0186034
0.0199807
0.0194804
0.0176967
0.019374
0.0187761
0.0190539
0.0190545
0.0190901
0.0192779
0.0190741
0.0192051
0.0191554
0.0191729
0.0191952
0.0191618
0.0190933
0.019177
0.0191757
0.0191762
0.019178
0.0191567
0.0190937
0.0191577
0.019106
0.0191426
0.019118
0.0191736
0.0191716
0.0191335
0.0191489
0.0191615
0.0191171
0.0191479
0.0191103
0.0191303
0.019152
0.0191509
0.019162
0.0191173
0.0191605
0.0191164
0.0191177
0.0188191
0.0186034
0.0205355
0.0194784
0.0178658
0.0197589
0.018414
0.0187192
0.0193658
0.0191479
0.0191206
0.0192136
0.0189703
0.0191736
0.0189204
0.0190894
0.0189031
0.0192922
0.0190507
0.0189576
0.0189633
0.0190044
0.0191328
0.0192936
0.0191172
0.0192627
0.0191548
0.0192293
0.0190011
0.0190152
0.0191792
0.0191196
0.0190643
0.0192279
0.0191208
0.0192455
0.0191841
0.0191015
0.0191056
0.0190595
0.0192246
0.0190654
0.0192266
0.0192217
0.0138792
0.0216886
0.01934
0.0203096
0.0188869
0.0194643
0.0188021
0.0182027
0.0183066
0.0188494
0.0190698
0.0196118
0.0190353
0.0189324
0.0194249
0.0191058
0.0192775
0.0190908
0.0189825
0.0189733
0.0191713
0.0193484
0.0190833
0.0189423
0.0192673
0.0193102
0.0189337
0.0202299
0.0176633
0.0221551
0.0201401
0.0184223
0.0187519
0.0201698
0.0191662
0.0181908
0.0192656
0.0184284
0.0183643
0.0183791
0.0191612
0.0185134
0.0188186
0.0189229
0.0192299
0.0189262
0.0191953
0.0192834
0.0196043
0.018738
0.0187687
0.0195948
0.0193328
0.0195546
0.0187367
0.0187709
0.0195069
0.019356
0.0188092
0.0194801
0.0191426
0.0189311
0.0188861
0.0189468
0.019156
0.0194171
0.0190288
0.0193972
0.0188741
0.01896
0.0189046
0.0190356
0.0193714
0.0189272
0.0183858
0.0171063
0.0189115
0.0202868
0.0198383
0.0191928
0.0197763
0.0187137
0.0193261
0.0190562
0.0188983
0.0193014
0.0191756
0.0191535
0.0192057
0.0191725
0.0192002
0.0190343
0.0190486
0.0190833
0.0191737
0.0190854
0.0191812
0.0190841
0.0191461
0.0191681
0.019185
0.0191012
0.0191533
0.019127
0.0191238
0.0190968
0.0191344
0.0191222
0.0191068
0.0191103
0.0191481
0.0191525
0.022899
0.0122787
0.0186143
0.0193381
0.0192299
0.0192473
0.0191567
0.020348
0.0189642
0.019058
0.0198643
0.0186196
0.0190398
0.0186226
0.0183855
0.0194177
0.0193312
0.0194551
0.018779
0.0196998
0.0193248
0.0196969
0.0185952
0.0185889
0.0186009
0.0190683
0.0186292
0.0196174
0.0193184
0.0193287
0.0195749
0.0195424
0.0194892
0.0188665
0.019165
0.0190503
0.0193561
0.0188792
0.0188957
0.0194509
0.019452
0.0191242
0.019355
0.0194129
0.0189864
0.0194111
0.0193712
0.0112474
0.0170449
0.0210355
0.0205055
0.0198658
0.0205752
0.0195522
0.0176531
0.019686
0.0187978
0.0200829
0.019474
0.0187661
0.0191182
0.0184766
0.0194982
0.0189599
0.0114255
0.0210326
0.0209208
0.0174806
0.0187622
0.0197872
0.0189662
0.0186716
0.0192788
0.019053
0.0191125
0.0192399
0.0191581
0.0192255
0.0191515
0.0191662
0.0190541
0.019132
0.0192052
0.0191746
0.0191486
0.0191903
0.019184
0.0190878
0.0191606
0.0191183
0.0190968
0.0191783
0.0191704
0.021684
0.0212341
0.0216003
0.0190417
0.0192768
0.0196141
0.0193559
0.0191511
0.0201638
0.0181092
0.0193599
0.0198452
0.0185702
0.0188867
0.0183341
0.0184145
0.0192351
0.0198199
0.0194236
0.0185556
0.0186634
0.0186583
0.0196569
0.0197051
0.0191604
0.019699
0.0196323
0.0192964
0.0195844
0.0193111
0.0192308
0.0195807
0.0194676
0.0187892
0.0191834
0.0189954
0.0188182
0.018999
0.0192093
0.0188369
0.0188274
0.0194379
0.0191481
0.0188732
0.018869
0.0188858
0.0194148
0.0190256
0.0239315
0.0196912
0.0207659
0.0204193
0.0190472
0.0200811
0.0191591
0.0194893
0.0188988
0.0194557
0.0195772
0.0191689
0.0193013
0.0186433
0.0186112
0.0189903
0.0194863
0.0195096
0.0188471
0.0194594
0.019157
0.0188501
0.0188139
0.0192347
0.0188198
0.0194297
0.0192715
0.0188692
0.0189312
0.0193389
0.0193257
0.0191372
0.0192162
0.0192429
0.0191554
0.0190672
0.0192063
0.0154293
0.0179511
0.0181924
0.0170103
0.018814
0.0193649
0.0192174
0.0188674
0.0191934
0.019374
0.018954
0.0189029
0.0189069
0.0190925
0.0191112
0.0191721
0.0189943
0.0189974
0.0183761
0.0172818
0.0179644
0.0211487
0.0197268
0.0184915
0.0203898
0.0190782
0.0190729
0.019476
0.0183835
0.0198192
0.0190262
0.0192404
0.0196529
0.0195354
0.0195827
0.0186254
0.0186659
0.0187575
0.0193578
0.0187926
0.0194115
0.0187888
0.0191518
0.0193147
0.0194333
0.0188844
0.0192132
0.0190408
0.0190259
0.0188795
0.0190955
0.0190204
0.0189319
0.0189524
0.0191865
0.0192153
0.0240921
0.0166066
0.0177738
0.0196642
0.0201979
0.0181619
0.0198092
0.0197404
0.0189842
0.0189452
0.0190742
0.0190914
0.0191809
0.0192174
0.0190523
0.0191628
0.0192085
0.0191004
0.019197
0.019171
0.0191875
0.0191876
0.0191853
0.0191235
0.0191912
0.0191136
0.0191894
0.0190887
0.0191612
0.019106
0.0191682
0.0190944
0.0191634
0.0191736
0.0191555
0.0191749
0.0191754
0.0191117
0.0191256
0.0191677
0.0224135
0.0188941
0.0180439
0.0166854
0.0204931
0.0174876
0.0201336
0.0183922
0.0194318
0.0198058
0.0194256
0.0188325
0.0189668
0.0193494
0.0193507
0.0195494
0.0187481
0.0191367
0.0187399
0.0194178
0.0188058
0.0194199
0.0188667
0.0190063
0.0192037
0.0192973
0.0194118
0.0191547
0.0189835
0.0192466
0.0189196
0.018918
0.0189445
0.0191228
0.0189546
0.0189668
0.0190289
0.0177567
0.022093
0.0192477
0.0179809
0.018496
0.0184593
0.0191722
0.0189691
0.0189355
0.0190958
0.0266554
0.0199823
0.0195558
0.0213178
0.0202145
0.0178393
0.0179067
0.0192634
0.0201877
0.0190591
0.0194256
0.0196458
0.0191782
0.0191778
0.0190234
0.0191885
0.0188976
0.0196815
0.0186379
0.0196011
0.0195863
0.0195943
0.0190668
0.0195238
0.0195953
0.0195455
0.0191945
0.0190674
0.0188626
0.0188598
0.0194772
0.0189075
0.0194894
0.0188205
0.0194634
0.0190175
0.0193907
0.0192178
0.0188581
0.0191514
0.0189692
0.018907
0.0189529
0.0194084
0.0188894
0.0191588
0.0189036
0.0189272
0.0191062
0.0193678
0.0193607
0.0190556
0.0193252
0.0192478
0.0191745
0.0192492
0.0193257
0.018969
0.0193245
0.0141463
0.0153414
0.0171327
0.0199605
0.0193149
0.0192513
0.0192964
0.019028
0.0194761
0.0188834
0.0193498
0.0190748
0.0188769
0.0189103
0.0188791
0.0192329
0.0193138
0.0189832
0.0154103
0.017907
0.0182602
0.0163659
0.0189155
0.0192751
0.0192499
0.0185132
0.0191885
0.0196669
0.0187287
0.0186439
0.0186573
0.0190241
0.0190651
0.0192051
0.018829
0.0188347
0.0266969
0.0153329
0.0209194
0.0183588
0.0188642
0.0194243
0.0188487
0.0192606
0.0192925
0.0192091
0.0191174
0.0193282
0.0193051
0.0192904
0.0190139
0.0191851
0.0190566
0.0191264
0.0190147
0.0196033
0.0178192
0.0216725
0.0203718
0.0187506
0.0187941
0.0193804
0.0203516
0.01906
0.0192342
0.0200402
0.0198738
0.0192119
0.0192323
0.0189083
0.0184992
0.0194572
0.0192812
0.0187208
0.0192348
0.0196212
0.0188718
0.0196155
0.019033
0.0191833
0.0187408
0.0191976
0.0188349
0.0187376
0.0194048
0.0189334
0.0187761
0.0194271
0.0194788
0.018995
0.0188529
0.018842
0.0192454
0.0188564
0.0188689
0.0190979
0.0193335
0.0193933
0.0190317
0.0194093
0.0189328
0.0191328
0.0189005
0.0189344
0.0192276
0.019343
0.0190689
0.0193116
0.0189642
0.0193341
0.0189822
0.0191912
0.0192952
0.0192624
0.0220335
0.0171928
0.01917
0.0187491
0.0185767
0.0183849
0.0184428
0.0192668
0.0192948
0.0191996
0.0191474
0.0191828
0.0192252
0.019181
0.0192304
0.0190295
0.0192288
0.0191837
0.0191771
0.019188
0.0191321
0.0191515
0.0191318
0.0192112
0.0192025
0.0200327
0.0223068
0.0193749
0.0162352
0.0207494
0.0176572
0.0177945
0.0196039
0.0180121
0.0194151
0.0182316
0.0184844
0.0195815
0.0185296
0.0188318
0.0253718
0.0198007
0.0177067
0.0189818
0.0192448
0.0190597
0.018678
0.0191355
0.0186743
0.0186015
0.0189801
0.0193466
0.0194761
0.0188816
0.0188354
0.0191151
0.0194096
0.0192196
0.0191679
0.0170707
0.0185824
0.0193587
0.0180551
0.0204412
0.0203514
0.019235
0.0195423
0.0192206
0.0186993
0.0187732
0.0193537
0.0192995
0.018911
0.0194983
0.0189795
0.0190522
0.0187626
0.0188092
0.0188221
0.0193491
0.0193576
0.0188501
0.0188869
0.0188596
0.0189322
0.0189582
0.01896
0.0189256
0.0212669
0.0209432
0.0205378
0.0201607
0.0186542
0.0185334
0.0191955
0.0194286
0.0192251
0.0190644
0.0192104
0.0189611
0.0189586
0.0191453
0.0191437
0.0192789
0.0190151
0.0190892
0.0192255
0.0192549
0.0245719
0.0146779
0.0183003
0.0173163
0.0186337
0.018506
0.0187386
0.0194331
0.0188348
0.0190419
0.0192795
0.0191307
0.0188607
0.0189211
0.0189378
0.0190356
0.0191404
0.0191568
0.0163677
0.016246
0.021808
0.0199273
0.0200719
0.0193687
0.0176092
0.0177075
0.0188237
0.019124
0.018836
0.0182316
0.0185056
0.0191631
0.0193482
0.0198337
0.0189346
0.0190076
0.0196721
0.0188193
0.0188149
0.0196234
0.0189282
0.0191186
0.0190147
0.0193172
0.019002
0.0195495
0.0187345
0.0195298
0.0188777
0.0188594
0.0195069
0.0195058
0.0188421
0.019121
0.0191853
0.0194694
0.0188158
0.0194158
0.018964
0.0189687
0.0194233
0.0188643
0.0193526
0.0191644
0.0188836
0.0189818
0.0190216
0.0191262
0.0192861
0.0191269
0.0193659
0.0192654
0.0191662
0.0192298
0.0192813
0.0191432
0.0189915
0.0149536
0.0183496
0.0170859
0.0196161
0.0195473
0.0181741
0.0184054
0.0188047
0.0185761
0.016414
0.0183172
0.0181
0.0183896
0.0185967
0.0191364
0.0197745
0.0193612
0.0186183
0.019617
0.0186694
0.0189764
0.0187033
0.0192892
0.0191366
0.0194105
0.0191165
0.0194198
0.0191345
0.0193595
0.0189008
0.0192045
0.0191204
0.0193162
0.0193461
0.0190906
0.0193033
0.0192879
0.0216364
0.0215857
0.0225209
0.0153406
0.0191572
0.0184326
0.0210994
0.0174104
0.0180006
0.0180806
0.0200214
0.018104
0.0198936
0.0183213
0.0191004
0.0197702
0.0185833
0.0195602
0.0185701
0.0188058
0.0187916
0.0195674
0.0194807
0.0194262
0.019558
0.0192092
0.0195248
0.0194452
0.0190899
0.0194772
0.0188298
0.0190206
0.019189
0.0194247
0.0189129
0.018864
0.0188886
