0.0302789
0.025746
0.0249019
0.0251351
0.0250884
0.0251392
0.0251179
0.0251324
0.0435459
0.0250048
0.0250597
0.0265827
0.0249955
0.0249948
0.0252066
0.0252569
0.025239
0.0252014
0.0252027
0.0251977
0.0251502
0.0251629
0.0251724
0.0251745
0.0251522
0.0251268
0.0251613
0.0251443
0.0251607
0.0251601
0.0251391
0.025161
0.025155
0.0251424
0.025132
0.0251572
0.0251529
0.0251422
0.0251328
0.0251363
0.0251458
0.0251515
0.0251303
0.0251388
0.0251296
0.0251473
0.0251429
0.0251373
0.0251334
0.0251455
0.0251453
0.0251394
0.0251342
0.0251392
0.0251342
0.0251259
0.0251393
0.0251406
0.0251405
0.0251321
0.0251386
0.0251316
0.0251394
0.0251356
0.0251302
0.0249776
0.0251216
0.0250815
0.025147
0.0251828
0.0251312
0.0250952
0.0251124
0.0251557
0.0251342
0.025115
0.0251202
0.0251191
0.0251297
0.0251287
0.025128
0.0251292
0.0251236
0.0251229
0.0251232
0.0251253
0.0251237
0.0251239
0.0251249
0.0251252
0.0251251
0.0251243
0.0251244
0.0251252
0.0251245
0.0251247
0.0251249
0.0251249
0.0251248
0.0251252
0.0251248
0.0251252
0.0251247
0.0251249
0.0251247
0.0251249
0.0251251
0.025125
0.0251248
0.0251252
0.0251248
0.0251248
0.0251252
0.0251167
0.0249485
0.0250742
0.0251648
0.0250364
0.0250851
0.0250788
0.0250908
0.0251027
0.0251131
0.0251207
0.0251243
0.0251289
0.0251224
0.0251235
0.0251235
0.0251231
0.0251234
0.0251237
0.0251246
0.0251272
0.0251256
0.0251255
0.0251263
0.0251251
0.0251262
0.0251252
0.0251261
0.0251261
0.0251255
0.0251255
0.0251259
0.0251257
0.0251259
0.0251259
0.0251257
0.0251256
0.0251256
0.0251253
0.0251256
0.0251254
0.0251253
0.0251256
0.0251257
0.0251253
0.0251256
0.0251255
0.0251255
0.0251165
0.0249247
0.0250721
0.0251617
0.0250268
0.0250769
0.0250714
0.0250867
0.0250962
0.0251115
0.0251154
0.0251192
0.0251237
0.0251188
0.0251194
0.0251198
0.0251202
0.025123
0.0251208
0.0251242
0.0251225
0.0251216
0.0251218
0.0251221
0.0251247
0.0251222
0.0251232
0.0251225
0.0251225
0.0251245
0.0251235
0.0251233
0.0251231
0.025123
0.0251229
0.0251239
0.0251242
0.025124
0.025125
0.0251238
0.0251244
0.0251248
0.0251236
0.0251235
0.0251251
0.0251238
0.0251243
0.0251243
0.0252217
0.0251307
0.0253792
0.0248563
0.0249465
0.0250736
0.025107
0.0250937
0.0250111
0.0250471
0.0251024
0.025086
0.0251
0.0251021
0.0250753
0.0250803
0.0250983
0.0251123
0.0251187
0.0250831
0.0251056
0.0250901
0.0251199
0.0251046
0.0250951
0.0250993
0.0251117
0.025101
0.0251138
0.025112
0.0251472
0.0250464
0.0250105
0.0250771
0.0251025
0.0251604
0.0250858
0.0251234
0.0251218
0.025106
0.025112
0.0251162
0.0251233
0.0251145
0.0251148
0.0251251
0.0251145
0.0251233
0.0251138
0.0251205
0.0251211
0.0251152
0.0251145
0.0251178
0.0251234
0.0251225
0.0251168
0.025117
0.0251213
0.0251173
0.0251223
0.0251237
0.025118
0.0251217
0.0251246
0.0251189
0.0251196
0.0251194
0.0251192
0.0251245
0.0251251
0.0251236
0.0251198
0.0251224
0.0251242
0.0251214
0.0251224
0.0251233
0.0251288
0.0252706
0.0253381
0.0248305
0.0251386
0.0250765
0.0250677
0.02509
0.025114
0.0251441
0.025108
0.0251172
0.0251219
0.0251191
0.0251211
0.0251195
0.0251212
0.0251192
0.0251228
0.0251219
0.0251228
0.0251218
0.0251235
0.0251245
0.0251227
0.0251224
0.0251244
0.0251244
0.0251241
0.0251234
0.0251228
0.0251239
0.0251234
0.0251236
0.0251251
0.025124
0.0251238
0.0251235
0.0250445
0.0251468
0.0251479
0.0250681
0.0250608
0.0252544
0.0251156
0.0251863
0.0251503
0.0251571
0.0251533
0.0251604
0.0251262
0.0251543
0.0251566
0.0251429
0.0251524
0.0251468
0.0251323
0.0251453
0.0251509
0.0251359
0.0251443
0.0251524
0.0251349
0.0251499
0.0251402
0.0251462
0.0251442
0.0251458
0.0251297
0.0251389
0.0251311
0.025142
0.0251332
0.0251321
0.0251402
0.0251323
0.0251352
0.0251343
0.0251293
0.0251381
0.0251304
0.0251351
0.0251253
0.025127
0.0251361
0.0292741
0.0240647
0.0226796
0.0248605
0.0246419
0.0250032
0.0250745
0.0248897
0.0249584
0.0247025
0.0247803
0.0248936
0.0249363
0.0249745
0.0249301
0.0250728
0.0250743
0.0250201
0.0250815
0.0250131
0.0252441
0.0252243
0.0252931
0.0250064
0.0250499
0.025066
0.0250589
0.0251328
0.0251014
0.0251246
0.0251233
0.0251154
0.0251222
0.0251219
0.0251242
0.0251147
0.0251192
0.0251245
0.0251193
0.0251194
0.0251208
0.0251237
0.0251189
0.02512
0.0251194
0.0251206
0.0251203
0.0251201
0.0251219
0.0277198
0.0251944
0.0250799
0.0250751
0.0250945
0.0252021
0.0251243
0.0251666
0.0251642
0.0251515
0.0251476
0.0251436
0.0251324
0.0251397
0.0251419
0.0251426
0.0251408
0.0251381
0.0251387
0.0251319
0.0251393
0.0251373
0.0251381
0.0251283
0.0251375
0.0251281
0.025129
0.025131
0.0251322
0.0251354
0.0251317
0.0251297
0.025134
0.0251298
0.0251329
0.0251333
0.0251251
0.0251275
0.0251284
0.0251296
0.0251316
0.0251263
0.0251312
0.0251286
0.0251269
0.0251304
0.0251294
0.0251267
0.0122293
0.0251202
0.0250681
0.0251311
0.0248331
0.0250601
0.0249814
0.0249999
0.0251447
0.0251371
0.0251127
0.0250924
0.0250953
0.0250937
0.0251031
0.0251129
0.0251148
0.0251206
0.0251069
0.0251002
0.025106
0.0251123
0.0251023
0.0251049
0.0251236
0.0251247
0.0251211
0.0251089
0.0251191
0.0251232
0.0251193
0.0251237
0.0251121
0.0251114
0.0251148
0.0251223
0.0251245
0.0321088
0.0233729
0.0247066
0.0250018
0.0249317
0.0250903
0.0249952
0.025048
0.0250407
0.025037
0.0250501
0.0250776
0.0251196
0.0250677
0.0250673
0.0250664
0.0251161
0.0251011
0.0250776
0.0251289
0.0252671
0.025324
0.0247913
0.0251037
0.0250413
0.0250443
0.0250651
0.0251132
0.0251112
0.0250937
0.025095
0.0251162
0.0250975
0.0251168
0.0250984
0.0251033
0.0251099
0.0251007
0.0251006
0.0251073
0.025109
0.0251177
0.025122
0.0251108
0.0251066
0.0251192
0.0251192
0.0251191
0.0251128
0.02511
0.0251176
0.0251145
0.0251158
0.0251244
0.0251175
0.0251161
0.0251142
0.0251203
0.0253916
0.0249499
0.0245808
0.0251357
0.0252381
0.0251927
0.0250121
0.025202
0.0251015
0.0251105
0.0251137
0.0251386
0.0251182
0.0251221
0.0251253
0.0251256
0.0251311
0.0251248
0.0251279
0.0251299
0.0251295
0.025126
0.0251306
0.0251267
0.0251299
0.0251294
0.0251266
0.0251261
0.0251292
0.0251288
0.0251285
0.0251274
0.0251285
0.0251269
0.0251282
0.0251271
0.0251261
0.0250893
0.0251295
0.0247162
0.025252
0.0251041
0.0250776
0.0250905
0.0250681
0.0251008
0.0250707
0.0251007
0.0250934
0.0251121
0.0251043
0.0251198
0.0251127
0.0251061
0.025105
0.0251057
0.0251086
0.0251066
0.0251088
0.0251077
0.025118
0.0251106
0.0251095
0.0251111
0.0251195
0.0251148
0.0251223
0.0251157
0.0251136
0.0251144
0.025117
0.0251224
0.0251205
0.0251188
0.0251177
0.0251222
0.0252802
0.024556
0.0243133
0.0250489
0.0249082
0.0250273
0.0248848
0.0251034
0.0249678
0.0249907
0.0268768
0.0317227
0.0253419
0.025609
0.0250138
0.0249865
0.0251438
0.0253112
0.0251637
0.0252359
0.0252257
0.0252179
0.025146
0.0251665
0.0251448
0.0251567
0.0251586
0.0251603
0.0251425
0.0251354
0.0251542
0.025154
0.025139
0.0251269
0.0251534
0.0251257
0.0251349
0.0251349
0.0251499
0.0251272
0.02515
0.025127
0.0251391
0.0251484
0.0251307
0.0251339
0.0251396
0.0251281
0.0251445
0.0251442
0.0251428
0.0251351
0.0251428
0.0251326
0.025139
0.0251377
0.0251336
0.025132
0.0251304
0.0251299
0.0251368
0.0251288
0.0251263
0.0251384
0.0251329
0.0251372
0.0251367
0.0251366
0.0251258
0.0275223
0.0262203
0.0227897
0.0245154
0.0249715
0.0249911
0.0251053
0.0249737
0.0250626
0.025064
0.0250292
0.0250825
0.025081
0.0250606
0.0250762
0.0250818
0.0250718
0.0250737
0.0251034
0.0321382
0.0233129
0.024658
0.0249865
0.0247884
0.0250747
0.0248637
0.0250132
0.0249161
0.0249625
0.02495
0.0250103
0.0251117
0.0250025
0.0249962
0.0249968
0.0251046
0.0250748
0.025022
0.0332503
0.0265063
0.0235119
0.0248325
0.0252535
0.0252208
0.0250293
0.0252937
0.0251544
0.0251243
0.0251889
0.0251544
0.0251799
0.0251703
0.0251385
0.0251776
0.0251572
0.0251208
0.0250478
0.0254919
0.0250137
0.0252281
0.0250116
0.0250533
0.0251501
0.0252975
0.0251506
0.0252175
0.0252009
0.0251211
0.0251458
0.0251294
0.0251483
0.0251502
0.0251514
0.0251507
0.0251351
0.0251514
0.0251339
0.0251487
0.0251383
0.0251434
0.0251286
0.0251502
0.025138
0.0251488
0.0251415
0.0251384
0.0251289
0.0251263
0.0251447
0.0251373
0.0251416
0.0251267
0.0251267
0.0251427
0.0251411
0.0251277
0.0251302
0.0251325
0.0251352
0.0251392
0.0251408
0.0251308
0.0251381
0.0251386
0.025138
0.0251374
0.0251377
0.0251355
0.0251287
0.0251366
0.0251307
0.0251311
0.0251355
0.0251321
0.00535211
0.0243153
0.0247274
0.0248213
0.0249994
0.0252723
0.0252314
0.0252139
0.025106
0.0250577
0.0251001
0.0250801
0.0250936
0.0251111
0.0250898
0.0251046
0.0250975
0.0251179
0.0251115
0.0251109
0.0251034
0.0251111
0.025123
0.0251104
0.0251136
0.0251242
0.0251157
0.0251154
0.0251196
0.021118
0.0240242
0.0238454
0.0246605
0.0245038
0.0245913
0.0249198
0.0245941
0.0246764
0.0246741
0.0247572
0.0248292
0.0249732
0.0250392
0.0248469
0.0249114
0.0248821
0.0249054
0.0250553
0.0251635
0.0235322
0.0248454
0.025006
0.0249866
0.0249442
0.0250036
0.02511
0.02506
0.025043
0.025042
0.0250797
0.0250516
0.0250361
0.0250848
0.0251011
0.0252203
0.0251307
0.0253807
0.0248436
0.0249322
0.0250706
0.0251058
0.0250856
0.0250016
0.0250394
0.0251006
0.025082
0.0250964
0.0250994
0.0250684
0.0250737
0.0250949
0.0251105
0.0251178
0.0250772
0.025103
0.0250851
0.0251192
0.0251017
0.0250909
0.0250957
0.0251099
0.0250975
0.0251123
0.0251102
0.0103972
0.0267219
0.0239581
0.0248864
0.0253806
0.0251467
0.0252143
0.0251209
0.0251328
0.0251771
0.0251604
0.0251733
0.0251648
0.0251553
0.0251551
0.0251624
0.0251498
0.0251447
0.0250959
0.0167489
0.0251497
0.0246548
0.0253019
0.0248903
0.0247836
0.0249685
0.0250485
0.0249669
0.025024
0.0250568
0.0251015
0.0250677
0.025049
0.0250726
0.0251121
0.025079
0.0250642
0.0249262
0.0254547
0.0250058
0.0249269
0.0254425
0.0249985
0.0252804
0.0252491
0.0252184
0.0251985
0.0251164
0.0251942
0.0251328
0.0251642
0.025164
0.025161
0.0251556
0.025143
0.0251637
0.0251597
0.0251439
0.0251304
0.0251554
0.0251566
0.0251331
0.0251489
0.0251507
0.0251402
0.0251342
0.0251507
0.0251273
0.0251524
0.0251494
0.0251376
0.0251384
0.0251339
0.0251463
0.0251346
0.0251268
0.025137
0.0251416
0.0251356
0.0251377
0.02514
0.0251306
0.0251419
0.0251334
0.0251422
0.0251405
0.0251414
0.0251372
0.0251382
0.0251343
0.025137
0.0251363
0.0251384
0.0251376
0.0221112
0.0249726
0.024697
0.024776
0.0247485
0.0246864
0.024912
0.0248523
0.0248916
0.0245449
0.0236587
0.0239041
0.0248766
0.0250833
0.0249132
0.025092
0.0250325
0.0250593
0.0250786
0.0250833
0.0250844
0.025074
0.0250802
0.025098
0.0250879
0.0250858
0.0250891
0.0250871
0.0250934
0.0250917
0.025111
0.0251014
0.0251031
0.0251044
0.0250997
0.0251185
0.0251106
0.0251109
0.0251123
0.0246347
0.0253677
0.024345
0.0252938
0.0249817
0.0249676
0.0250179
0.0251528
0.0251094
0.0250896
0.0250843
0.0251155
0.0250805
0.0250933
0.0250818
0.0250848
0.0250873
0.0250883
0.0250914
0.0250857
0.025095
0.02509
0.0251191
0.025114
0.0251006
0.0251114
0.0251056
0.0251011
0.0251207
0.0251041
0.0251027
0.0251137
0.0251046
0.025113
0.0251224
0.0251056
0.025107
0.0251128
