0.0135649
0.0175949
0.0155173
0.0136936
0.0138624
0.0140515
0.0141376
0.0141213
0.0141112
0.0147634
0.0165619
0.0130889
0.017741
0.0146908
0.0144387
0.0143551
0.0149822
0.0140864
0.0147795
0.0147327
0.0141483
0.014688
0.0138501
0.0139807
0.0137174
0.0141588
0.0145446
0.0137333
0.014182
0.0137613
0.0139077
0.0142773
0.0143681
0.0144364
0.0138694
0.0142424
0.0141199
0.0138451
0.0138772
0.0143008
0.0142957
0.014344
0.0138805
0.0143498
0.0143365
0.0142314
0.0141988
0.0140643
0.0140879
0.0140161
0.0142145
0.0139619
0.0139448
0.0139445
0.0142219
0.0139826
0.0142164
0.0142621
0.0142612
0.0139875
0.0140848
0.014102
0.0142296
0.0140222
0.0140055
0.0142417
0.0140843
0.0163336
0.0155045
0.0126635
0.0166071
0.0142784
0.014026
0.0143141
0.0141971
0.01424
0.0142137
0.0142204
0.0141865
0.0140275
0.0141638
0.0140919
0.014068
0.0141139
0.0140749
0.0140756
0.0140774
0.0140932
0.0140984
0.0140964
0.0141148
0.0141262
0.0141165
0.0141022
0.0141337
0.0141276
0.0140996
0.0141006
0.014099
0.0141015
0.0140987
0.0141236
0.014112
0.0141078
0.0141008
0.0141164
0.0141056
0.0141049
0.0141249
0.0141033
0.0141037
0.014118
0.0141096
0.0141171
0.0141235
0.0141234
0.0141218
0.00530484
0.0115239
0.0114201
0.0131857
0.0154733
0.0139804
0.0142716
0.013988
0.0140186
0.0139708
0.0142107
0.0141978
0.0141121
0.0141613
0.0140753
0.014151
0.0140655
0.0141458
0.0141435
0.014143
0.0140962
0.0140906
0.0140967
0.0141342
0.0140952
0.0141396
0.0141
0.0141315
0.0141274
0.0140962
0.0141297
0.0141039
0.0141005
0.0141328
0.0141102
0.0141156
0.0141018
0.0141214
0.0141258
0.0141161
0.0141046
0.0141215
0.0141044
0.0141252
0.0141011
0.0141044
0.0141251
0.00392424
0.011539
0.01107
0.0131858
0.0157415
0.0137749
0.0142175
0.0140153
0.0141695
0.0140495
0.0141044
0.0140797
0.0140947
0.0140682
0.0141039
0.0140661
0.0141655
0.0140044
0.0140063
0.0140173
0.0142205
0.0141604
0.0142188
0.0140425
0.014207
0.0140294
0.0141525
0.0140492
0.0140605
0.0141853
0.0140548
0.0141426
0.0141609
0.0140477
0.0141209
0.0141006
0.0141565
0.014082
0.0140684
0.0141007
0.0141455
0.0140823
0.0141466
0.0140702
0.0141593
0.0141467
0.0140712
0.010968
0.011387
0.0158814
0.013097
0.0146858
0.0140657
0.0137362
0.0140906
0.0138385
0.0144227
0.0141944
0.0139751
0.0140128
0.0143188
0.0143217
0.0143188
0.0141551
0.0140161
0.0142379
0.0139828
0.0141308
0.0140097
0.0139906
0.0142498
0.0141639
0.0139849
0.0141651
0.0142144
0.0141774
0.0124723
0.0157081
0.0128781
0.0142498
0.0136784
0.0148461
0.0135636
0.0139967
0.0143403
0.013575
0.01463
0.0136835
0.0139013
0.0143822
0.0139375
0.0138946
0.0141504
0.0143745
0.0141289
0.0140235
0.0138871
0.0142697
0.0143483
0.0143637
0.0142001
0.0143231
0.0141957
0.0143334
0.0142771
0.0142048
0.0140431
0.0140233
0.0141099
0.013967
0.01426
0.0139465
0.0140071
0.0139806
0.0139989
0.0142388
0.0142554
0.0141305
0.0142453
0.013987
0.014189
0.0142262
0.0140404
0.0140168
0.015426
0.0116826
0.015437
0.0133241
0.0140454
0.0142184
0.0139774
0.01387
0.0140146
0.0140373
0.0140664
0.0141225
0.0140415
0.0140542
0.0141001
0.0141063
0.0140765
0.0140972
0.0140911
0.0140923
0.0141206
0.014146
0.0141247
0.0141073
0.0140961
0.0140949
0.0140865
0.0141407
0.0141176
0.0141396
0.0141306
0.0141174
0.0141238
0.0141292
0.0140927
0.0141321
0.0141244
0.0141214
0.0141009
0.0106901
0.0150548
0.0156826
0.0150397
0.0146004
0.0141965
0.0148958
0.014472
0.0137198
0.0140787
0.0139991
0.0139792
0.0137336
0.0143326
0.0145519
0.0140167
0.0138193
0.0143398
0.0140746
0.0137748
0.0139843
0.0143898
0.0140943
0.0143843
0.0142403
0.0138473
0.0138866
0.0143515
0.0139206
0.0139683
0.0140302
0.0140051
0.0139436
0.0141376
0.0143277
0.0142866
0.0139336
0.0142715
0.0142533
0.0141257
0.0141458
0.0141454
0.0142292
0.0139821
0.0139677
0.0142057
0.0142441
0.0142556
0.0142519
0.0136352
0.0124668
0.0105532
0.0123023
0.0126763
0.0145446
0.0147265
0.0132083
0.0133489
0.0138672
0.0135696
0.0145948
0.0137348
0.0136165
0.0141966
0.013648
0.0137976
0.0142134
0.0138462
0.0137783
0.00938079
0.0160151
0.0145479
0.0139665
0.0143746
0.0144788
0.0142018
0.0139808
0.0140482
0.0140861
0.0140902
0.0141755
0.0140998
0.0141695
0.0140977
0.0140724
0.0140893
0.0140798
0.0141302
0.0140921
0.0141448
0.0141416
0.014086
0.0141419
0.0141111
0.0140882
0.0141267
0.0141363
0.0140926
0.0141077
0.0163336
0.0108329
0.0110197
0.0110333
0.01556
0.0140592
0.0141651
0.0148799
0.0140866
0.013522
0.0137586
0.0136456
0.014578
0.0137971
0.0138272
0.0138945
0.0142462
0.0144994
0.0144894
0.0139651
0.0143681
0.0144289
0.0140977
0.0143956
0.0143516
0.0143965
0.0138597
0.0139947
0.0139901
0.0143588
0.0142358
0.0140636
0.0143376
0.0140404
0.0139122
0.0139168
0.0139529
0.014271
0.0141901
0.0139986
0.0139761
0.0139464
0.0141687
0.0139661
0.0142283
0.0142551
0.0141827
0.0142454
0.0141648
0.0154432
0.0120076
0.0121686
0.0150867
0.014343
0.0141429
0.0141841
0.014016
0.0137722
0.0140787
0.0138068
0.0140241
0.013988
0.0142908
0.0138731
0.0143491
0.0139567
0.0143265
0.0142174
0.0139288
0.0140202
0.0139626
0.0142764
0.0142095
0.0142481
0.0139716
0.0141485
0.013981
0.0141774
0.0141451
0.0140398
0.014231
0.0141203
0.0141144
0.0140764
0.0141415
0.0141281
0.0140832
0.0191904
0.0120207
0.0159479
0.0115283
0.0140959
0.0137748
0.0141445
0.0139531
0.0142674
0.0142325
0.0139904
0.0140932
0.0141059
0.0140011
0.0140101
0.0140502
0.0140392
0.0141742
0.0154259
0.0119854
0.0154275
0.0133829
0.0140453
0.0145811
0.0142569
0.0135597
0.014251
0.0142236
0.0141194
0.0143562
0.0137688
0.0138007
0.0139367
0.014125
0.0138567
0.0139948
0.013948
0.0139661
0.014194
0.0143095
0.0142037
0.0140856
0.0140021
0.0139931
0.0139414
0.014276
0.0141481
0.0142688
0.0142241
0.0141447
0.014184
0.0142153
0.0139832
0.0142268
0.0141836
0.0141658
0.014035
0.0157961
0.0119307
0.0132275
0.0141214
0.0140141
0.0141397
0.0141385
0.0142269
0.0141841
0.0140633
0.014149
0.0140717
0.0141613
0.0140772
0.0141549
0.0141212
0.0141496
0.0140853
0.0141416
0.01415
0.0140882
0.0141109
0.0141428
0.0141375
0.01414
0.0140929
0.0141044
0.0141328
0.0141359
0.0141029
0.0141318
0.0141008
0.0140976
0.0141254
0.0124723
0.0157182
0.0118189
0.0139719
0.0136573
0.0143138
0.0141409
0.0145698
0.0141144
0.0141184
0.0137746
0.01438
0.0144225
0.0138748
0.0139136
0.0143503
0.0142975
0.0141365
0.0141785
0.0142065
0.0139343
0.014012
0.0141284
0.0142395
0.0142791
0.0142008
0.0139919
0.0139718
0.0142419
0.014133
0.0141196
0.0142162
0.0139915
0.0141794
0.0140665
0.0140902
0.0141676
0.0140637
0.0140438
0.0168219
0.012739
0.0145365
0.0137378
0.0139206
0.0138267
0.0138778
0.0140791
0.0157528
0.0132167
0.0149602
0.0145455
0.0144765
0.0140375
0.0145949
0.0141178
0.014627
0.0142971
0.0142468
0.0144926
0.0144735
0.0138879
0.0144714
0.0144148
0.0144251
0.0141585
0.0140691
0.0141377
0.0139994
0.0142787
0.0139104
0.0140806
0.0139732
0.0142751
0.0140342
0.0143131
0.014293
0.0143025
0.0142874
0.0139514
0.0142668
0.0139625
0.014053
0.0141492
0.0140197
0.0139977
0.0141769
0.0142554
0.0141703
0.0142037
0.014241
0.0140217
0.0142085
0.0142348
0.0140099
0.0141112
0.0141999
0.0142121
0.0140574
0.0142039
0.014214
0.0140829
0.0142139
0.0140585
0.0170701
0.0129275
0.0155891
0.0150947
0.0139662
0.0139795
0.0139976
0.0140874
0.014193
0.0139753
0.0140608
0.0139983
0.0141463
0.0142392
0.0139665
0.0140263
0.0140207
0.0141119
0.014005
0.0140211
0.0191984
0.0122088
0.0159177
0.011041
0.0139988
0.0135166
0.0142544
0.0137459
0.0144197
0.0143622
0.0138321
0.0140821
0.0141096
0.0138607
0.0138836
0.0139769
0.0139523
0.0142431
0.0193744
0.00874216
0.0101688
0.014696
0.0138769
0.0141386
0.014335
0.0141022
0.0142803
0.0141363
0.0142387
0.0140536
0.0140847
0.0141284
0.014048
0.0140527
0.0141764
0.0131207
0.0126993
0.0149353
0.0152279
0.0153105
0.0140699
0.0138399
0.0142649
0.0140043
0.0139155
0.0140722
0.014546
0.0144963
0.0141008
0.014131
0.0140424
0.014387
0.0139945
0.0140875
0.0141523
0.0140224
0.01386
0.0138827
0.013908
0.0140216
0.0143564
0.0143535
0.0140108
0.0142618
0.0139118
0.0142011
0.0143135
0.0140023
0.0142791
0.0141728
0.0139499
0.0139998
0.0139847
0.0140201
0.0141569
0.0141163
0.0140163
0.0139798
0.0140396
0.014254
0.0141724
0.0141799
0.0139996
0.0141672
0.014032
0.0141514
0.014213
0.0140429
0.0142206
0.0140556
0.0140127
0.0142179
0.0140343
0.0141977
0.00949506
0.0120999
0.0149378
0.0141433
0.0140649
0.0142115
0.0141434
0.0140603
0.0141182
0.0141352
0.0140577
0.0141462
0.014063
0.0140562
0.0141871
0.0141216
0.0141548
0.0141446
0.0140599
0.0141162
0.0140998
0.0140819
0.0141259
0.0140795
0.0140761
0.0141436
0.0102549
0.0103452
0.0104078
0.0152717
0.0128406
0.0129456
0.013824
0.0139422
0.0133789
0.0136136
0.0146774
0.0135431
0.0137873
0.0145258
0.0135579
0.0138642
0.0137254
0.0140503
0.0137476
0.0165212
0.0149296
0.0147422
0.0151439
0.0143275
0.0139813
0.0142482
0.0140833
0.0138103
0.0138885
0.0142039
0.0139202
0.0139196
0.0141167
0.0139645
0.0106821
0.0114857
0.0129392
0.0131792
0.0145578
0.0136712
0.0138048
0.0141939
0.0140342
0.0141179
0.0142307
0.0141392
0.0139777
0.0139059
0.0138782
0.0138752
0.0139134
0.0138937
0.0143114
0.0140471
0.014246
0.0142511
0.0141612
0.0139601
0.013974
0.0140092
0.013985
0.014076
0.0142118
0.0141611
0.00556141
0.0120893
0.015665
0.0130503
0.014078
0.0140422
0.0142798
0.0142365
0.0140216
0.0141908
0.0141635
0.0140938
0.0141037
0.0142081
0.0141996
0.0140485
0.0141357
0.014062
0.00840806
0.0132308
0.0159613
0.014402
0.0136621
0.0140221
0.0138889
0.0139408
0.0141044
0.0140099
0.0139566
0.0139721
0.0141566
0.0140187
0.0141516
0.0141937
0.014015
0.0156231
0.0147334
0.0129046
0.0117354
0.0144702
0.0137214
0.0146609
0.0142379
0.0142182
0.0135586
0.0140913
0.0136439
0.0138654
0.0145689
0.014504
0.0139321
0.0140284
0.0142009
0.0143694
0.014082
0.0144279
0.0139238
0.0139535
0.0139294
0.0139366
0.014193
0.0142183
0.0143057
0.0141465
0.0139016
0.0143036
0.0139052
0.0142783
0.0142627
0.0142556
0.0142912
0.0142223
0.0142123
0.0141073
0.014173
0.0140603
0.0142339
0.0139638
0.0140068
0.0140116
0.0141296
0.0142466
0.0142459
0.0140327
0.0141413
0.0140084
0.0140415
0.0140652
0.0140584
0.0141676
0.0142161
0.0197459
0.0144459
0.0146492
0.0134594
0.0140018
0.0137079
0.0142918
0.0137553
0.01121
0.00995876
0.0128713
0.0134775
0.014551
0.0142512
0.01406
0.014181
0.01409
0.0138386
0.0139107
0.0138803
0.0138968
0.014337
0.0143383
0.0139054
0.0140259
0.0143047
0.013975
0.0139881
0.0139779
0.014109
0.0141433
0.0142155
0.014023
0.0139944
0.0140854
0.014187
0.0140429
0.0140554
0.00840649
0.0143706
0.0134312
0.0139347
0.0140962
0.0139984
0.0144322
0.0144067
0.0142391
0.0145456
0.0140558
0.0144281
0.014152
0.0140367
0.0142719
0.0143273
0.013826
0.0141397
0.0140928
0.0143195
0.0138375
0.0141107
0.0139136
0.0138733
0.0143295
0.0142654
0.0140177
0.0140037
0.0139207
0.0141027
0.0139547
0.0140762
0.0140181
0.0141482
0.0141914
0.014249
0.0142135
0.0140269
0.0139914
