0.0792193
0.00170025
0.0052317
0.00459866
0.00936598
0.0132073
0.0154285
0.0168951
0.00836497
0.00300693
0.0172745
0.00348122
0.0124292
0.0157577
0.0106179
0.0082572
0.00989718
0.00971313
0.0138632
0.0159053
0.0157539
0.0149395
0.0111065
0.011605
0.0121816
0.0128322
0.0152418
0.0136262
0.0124139
0.0151428
0.0146875
0.0139778
0.0149433
0.0129346
0.0148116
0.0146936
0.0132749
0.0130214
0.0142906
0.0131364
0.0288437
0.00448508
0.0228745
0.0231533
0.00883131
0.00638666
0.00804739
0.0182556
0.013893
0.0157267
0.0169982
0.0120448
0.0133524
0.01292
0.011571
0.0158105
0.0121777
0.0121452
0.0151794
0.0156515
0.0154194
0.0127021
0.0137552
0.0152004
0.012874
0.0132234
0.0128928
0.0150256
0.0143955
0.0134842
0.0148633
0.0132065
0.0149015
0.0148945
0.0144746
0.0132127
0.0147859
0.0143761
0.0143993
0.0133771
0.0138447
0.0133344
0.0141672
0.0141307
0.0136626
0.0144223
0.0143434
0.0145766
0.0139699
0.0110994
0.0014127
0.015164
0.0104721
0.00661988
0.0169957
0.0149959
0.0160253
0.00904173
0.011231
0.0097055
0.01458
0.0110714
0.0104855
0.0108656
0.0109767
0.0150422
0.0154018
0.0153289
0.0140116
0.0124924
0.0125832
0.0148867
0.0126483
0.0145857
0.0145077
0.0147021
0.012965
0.0296982
0.0683851
0.0170078
0.00962254
0.0146346
0.00455263
0.00897636
0.00943903
0.0146647
0.01012
0.00998541
0.0102077
0.0159194
0.0110573
0.0116968
0.0149426
0.012283
0.0150133
0.0133248
0.0152429
0.0127288
0.0142105
0.0149394
0.0130056
0.0144922
0.0129763
0.0130246
0.00338478
0.00141045
0.000577852
0.0117037
0.00716038
0.0115788
0.0167429
0.00698544
0.00759163
0.0103411
0.0109635
0.0157094
0.0103039
0.0141888
0.0150341
0.0118487
0.0130954
0.0136709
0.0124359
0.0127179
0.152659
0.0807795
0.0175897
0.0169601
0.000326819
0.0170703
0.0157695
0.014602
0.0107615
0.00850719
0.00891849
0.00923587
0.0156542
0.0102004
0.0114169
0.0156625
0.0154539
0.0152971
0.0135346
0.0127237
0.0149701
0.0148208
0.013721
0.0126486
0.0128206
0.012801
0.0779982
0.0715905
0.067411
0.00417957
0.00258551
0.00136519
0.0108625
0.0166675
0.00778429
0.0154873
0.00868113
0.0094537
0.0140161
0.0140177
0.015867
0.0142687
0.0152669
0.0153162
0.0119513
0.0123048
0.0144619
0.014169
0.0152409
0.0133644
0.0125258
0.0140225
0.0128485
0.0149023
0.0259875
0.0295045
0.0029769
0.0159838
0.000937669
0.0169386
0.0164761
0.0164877
0.00845228
0.00889258
0.0157238
0.010985
0.0117011
0.0144964
0.0121153
0.0152896
0.0121897
0.0128115
0.0152686
0.0122944
0.0147517
0.0146029
0.012797
0.0146164
0.013815
0.0148615
0.0322733
0.00583097
0.00531988
0.0183186
0.0172516
0.0172073
0.00800129
0.00888378
0.0107186
0.0123913
0.0164627
0.010993
0.0135751
0.0148407
0.0158347
0.0147773
0.0120904
0.0151113
0.0125061
0.0146304
0.012917
0.0142043
0.0149313
0.0131996
0.0127617
0.0128033
0.0492622
0.0167022
0.0150381
0.00656292
0.00926074
0.0165638
0.0167461
0.0143126
0.0112394
0.0082735
0.016247
0.0158557
0.0109304
0.0140019
0.0156986
0.0156431
0.0116465
0.0149778
0.0121716
0.0150509
0.0138837
0.0131504
0.012391
0.0129113
0.0128597
0.0141734
0.0143571
0.0133704
0.354784
0.011104
0.0611565
0.0523342
0.0167143
0.0028038
0.0169805
0.00955277
0.00806904
0.0142755
0.00909923
0.00919262
0.0100482
0.00987421
0.167225
0.00525437
0.0580119
0.00657743
0.000565356
0.0168729
0.0138459
0.0106546
0.0104376
0.00925367
0.0097681
0.0160119
0.0154759
0.0152384
0.0139157
0.0155736
0.0124529
0.0153782
0.0119407
0.0141005
0.0123496
0.0138317
0.0142088
0.0132893
0.015052
0.0129554
0.012974
0.0139901
0.0129187
0.0129262
0.0130871
0.0144632
0.0133535
0.00673404
0.0185435
0.00317851
0.00473025
0.0162977
0.00224401
0.0174568
0.0113562
0.00904889
0.016344
0.0164261
0.0118376
0.0107973
0.0158979
0.012522
0.0114324
0.0120785
0.0155941
0.0155808
0.0150703
0.0152702
0.0126104
0.0128604
0.0126647
0.0146065
0.012993
0.0138272
0.0139695
0.0131945
0.0149457
0.0133644
0.0129883
0.0136336
0.0130629
0.0148394
0.014691
0.0144218
0.0133197
0.0145124
0.0144263
0.0146275
0.00122447
0.122564
0.063523
0.00873063
0.000776526
0.00943081
0.00623094
0.0052716
0.00695165
0.0165739
0.0130091
0.0104405
0.0128779
0.0107435
0.012996
0.0114609
0.0153593
0.012695
0.0117955
0.0151233
0.0150021
0.0128443
0.0126751
0.0128801
0.0132247
0.0157356
0.0126019
0.015522
0.00295673
0.00877606
0.00893003
0.0161213
0.0170092
0.0102972
0.0140413
0.0117204
0.0120423
0.0133874
0.0151678
0.0118192
0.0126374
0.0128439
0.014539
0.0148898
0.0126686
0.0141301
0.0152019
0.0147237
0.0142478
0.0149589
0.0130738
0.0148734
0.0135852
0.014682
0.0149072
0.0148977
0.0136414
0.0138678
0.0146166
0.0144512
0.0142069
0.013774
0.0146372
0.0133939
0.0145673
0.170075
0.0195784
0.0100261
0.0195988
0.0168311
0.00961653
0.0129344
0.0162992
0.0106014
0.0112559
0.0114914
0.0111982
0.0119651
0.157462
0.088647
0.0486148
0.000995667
0.00573236
0.0166348
0.010104
0.0167349
0.00942195
0.0162751
0.0111272
0.0153192
0.0111567
0.0157972
0.0156394
0.0114984
0.0145212
0.0153456
0.0151023
0.0122694
0.0152318
0.012857
0.0124173
0.0127241
0.0129324
0.0140349
0.0144794
0.00905495
0.00975217
0.0138961
0.00158393
0.0171088
0.0172946
0.0169927
0.0115932
0.0103261
0.0162444
0.014213
0.0122213
0.0156691
0.015055
0.0114711
0.0157127
0.0118172
0.011916
0.0120832
0.0121582
0.0124126
0.0124423
0.0125571
0.0139087
0.0150719
0.0145733
0.0149484
0.0128886
0.0145827
0.014367
0.0138737
0.0134522
0.0147707
0.0132531
0.0146558
0.013239
0.0141658
0.014011
0.0135908
0.013379
0.0345882
0.00684898
0.00533665
0.00914438
0.00761222
0.00949067
0.0163503
0.0101785
0.0056896
0.0152423
0.00825136
0.00996135
0.0117052
0.0158533
0.0156651
0.0142804
0.0146403
0.0118705
0.0124089
0.0120259
0.0150772
0.00412303
0.0823618
0.00832108
0.0150315
0.0143707
0.0118864
0.0109689
0.00905959
0.0145225
0.0112452
0.0124836
0.0152221
0.0763421
0.00128518
0.0102889
0.0124743
0.00117636
0.00377215
0.0125528
0.0109126
0.0165249
0.00935853
0.0115142
0.0158823
0.0115653
0.0126798
0.012656
0.0117938
0.0154132
0.0146889
0.0140476
0.0128962
0.0126466
0.0130188
0.012517
0.0126616
0.0150502
0.0136161
0.0130623
0.0130326
0.0148204
0.013979
0.0145045
0.0147001
0.0133603
0.0138446
0.0642398
0.00266086
0.00782323
0.0124683
0.00197776
0.00416242
0.0124365
0.0108307
0.016511
0.00942631
0.0115414
0.0158683
0.0115896
0.012682
0.0126614
0.0118131
0.0154065
0.0146801
0.0140439
0.012903
0.0126542
0.0130246
0.0125265
0.0126692
0.0150471
0.013618
0.0130674
0.0130376
0.0148176
0.0139788
0.0145019
0.0146971
0.0133637
0.0138453
0.0215334
0.0312881
0.0697608
0.00398558
0.000184135
0.0167639
0.0171654
0.00687941
0.0145091
0.00971375
0.0110068
0.0137132
0.0118673
0.0140547
0.0109179
0.0123379
0.0124124
0.0140457
0.0122804
0.0122953
0.0131211
0.157717
0.00229853
0.00647369
0.00760184
0.0153546
0.0071909
0.0109441
0.0171875
0.107014
0.00265525
0.00551537
0.0171484
0.00606764
0.00614578
0.00767383
0.0116883
0.00884355
0.0102899
0.0137843
0.0115739
0.0124784
0.00888668
0.0136126
0.0153625
0.00491485
0.00251138
0.0169486
0.0122085
0.0102829
0.0164005
0.0113343
0.0107513
0.0153545
0.0121147
0.0112573
0.0154678
0.0154902
0.0148712
0.0121747
0.0151654
0.0125598
0.0130451
0.0128083
0.0146671
0.0128687
0.0145527
0.0147171
0.0134969
0.175498
0.0917894
0.047919
0.00333914
0.00474468
0.0169372
0.0159309
0.00863957
0.0107328
0.00924406
0.0107752
0.0146281
0.0134497
0.0120507
0.0149201
0.0137924
0.0146515
0.0146328
0.0124057
0.0149595
0.011469
0.0100697
0.0141053
0.000945119
0.0171041
0.0173357
0.0170284
0.011566
0.010413
0.0162412
0.01426
0.0122447
0.0156803
0.0150725
0.0114631
0.0157147
0.0118137
0.0119142
0.0120838
0.0121577
0.0124163
0.0124424
0.0125578
0.0139137
0.01507
0.0145744
0.014947
0.012892
0.0145833
0.0143685
0.0138772
0.0134567
0.0147695
0.0132573
0.0146549
0.0132429
0.0141665
0.0140124
0.0135941
0.0133816
0.110271
0.019306
0.00160881
0.0102921
0.0182361
0.00944157
0.0173558
0.0162883
0.00994473
0.0165644
0.0152547
0.0114597
0.016183
0.0157427
0.0151939
0.015369
0.0152242
0.0155189
0.0123887
0.0128577
0.0152201
0.0125698
0.0127888
0.0151605
0.013
0.0128126
0.0130684
0.0149724
0.0129895
0.0130051
0.0130792
0.0148463
0.0148585
0.0148318
0.0132514
0.0137274
0.0132793
0.0145779
0.0145503
0.0134016
0.0133677
0.0138713
0.01364
0.0141145
0.0144292
0.0137615
0.0137194
0.0163449
0.0029659
0.0143624
0.0136998
0.0103233
0.00895926
0.00902734
0.00755365
0.0150553
0.0116989
0.0158418
0.0107769
0.0150475
0.0119269
0.0152781
0.0140981
0.0153789
0.0130058
0.0122299
0.0125562
0.0130626
0.012621
0.0129004
0.0129788
0.0129309
0.0130151
0.0144128
0.0129579
0.0129938
0.0148282
0.0134118
0.0195391
0.0201856
0.00892186
0.00273895
0.0193631
0.0188023
0.018146
0.0154432
0.0159804
0.0112456
0.0166774
0.0122937
0.0165624
0.0162857
0.0159461
0.0158806
0.0118865
0.0119477
0.012543
0.0123251
0.0153995
0.0124441
0.014308
0.0144853
0.0127522
0.0127157
0.0151299
0.0150499
0.0150649
0.0150821
0.0150894
0.0136203
0.0149626
0.0148381
0.0131191
0.014838
0.0135479
0.014742
0.0146629
0.0132988
0.013333
0.0143247
0.014592
0.0141258
0.0144584
0.0135727
0.014172
0.0143109
0.0229317
0.020248
0.000181355
0.0208383
0.00519025
0.0112539
0.0171921
0.0175861
0.0175436
0.0098734
0.0117096
0.0157607
0.0159018
0.0116585
0.0161389
0.0158705
0.013838
0.0154
0.0125859
0.0154936
0.0153482
0.0141081
0.0127888
0.0152837
0.0152379
0.0148057
0.0150432
0.0150238
0.0150627
0.0150328
0.0133612
0.0149318
0.0131146
0.0131578
0.0137058
0.0146089
0.0133773
0.0134185
0.0144819
0.0143852
0.0133688
0.0134015
0.0145447
0.0145569
0.0135433
0.0144822
0.0135236
0.0145409
