0.187502
0.0318853
0.0160454
0.0067158
0.000513086
0.00718958
0.00332002
0.0211532
0.014986
0.0163885
0.00699178
0.0167761
0.00384405
0.00139591
0.0136723
0.0137068
0.00265757
0.0105971
0.00320789
0.00525957
0.0039225
0.00496883
0.0110762
0.00643455
0.00562842
0.00920647
0.0106788
0.00937277
0.00811441
0.0103918
0.00675371
0.00889782
0.0101285
0.007963
0.00717353
0.00713274
0.00985914
0.00981923
0.00807496
0.00738558
0.0320425
0.0329573
0.0186517
0.0249879
0.0153567
0.00208651
0.0147917
0.0101602
0.0155455
0.00286998
0.0125454
0.0129491
0.00461362
0.0045354
0.0120415
0.0115109
0.0117472
0.0109701
0.00622245
0.0110307
0.011187
0.00759869
0.0105492
0.00708906
0.0103473
0.00762406
0.00702009
0.00946124
0.00711836
0.00717948
0.00992902
0.00835285
0.00735327
0.00985154
0.00741882
0.00979811
0.00822526
0.00976365
0.007571
0.00960572
0.0094706
0.00811416
0.0083337
0.00866887
0.00781659
0.00936562
0.00782207
0.0078736
0.00787305
0.00498055
0.00439701
0.0142411
0.01421
0.00139263
0.00189344
0.0140535
0.0139325
0.00539425
0.0120969
0.00419196
0.00364108
0.00893321
0.00457565
0.0048149
0.0107464
0.00602884
0.00627103
0.00789821
0.00942659
0.00677443
0.00828176
0.00769663
0.00995895
0.00958456
0.00720641
0.000736771
0.00114059
0.012171
0.0151264
0.0015363
0.0133249
0.000627966
0.00180441
0.00273609
0.012788
0.012419
0.00861357
0.00487412
0.0109855
0.0107994
0.00879553
0.0103418
0.00625912
0.00828743
0.00901119
0.00717994
0.0100971
0.00789024
0.00990396
0.00979713
0.00949555
0.111448
0.0306879
0.0519043
0.00163711
0.0145416
0.013508
0.00811719
0.00254378
0.0124483
0.0120818
0.00456893
0.00498389
0.0109129
0.00491526
0.0053732
0.00570141
0.00578365
0.0101697
0.00689148
0.0066996
0.0275261
0.00802624
0.0347481
0.0137623
0.00815303
0.014633
0.00342552
0.000969082
0.00301605
0.00456581
0.0129068
0.00163833
0.00829621
0.00426134
0.00488979
0.00967287
0.00576272
0.00635865
0.00650313
0.00649871
0.00980199
0.00690724
0.00765698
0.0072706
0.0191837
0.00959385
0.00992353
0.00173449
0.0113623
0.0145969
0.0141175
0.0028298
0.00608021
0.000316429
0.0124059
0.00176235
0.00451735
0.00991333
0.00569591
0.00541755
0.00978571
0.00564986
0.0104512
0.00780026
0.0103487
0.0102604
0.00874011
0.00690409
0.00819282
0.00945048
0.126968
0.0168861
0.0165615
0.00259338
0.00571464
0.00670796
0.000160163
0.013669
0.00408988
0.00156874
0.0118399
0.00874918
0.0116824
0.00869649
0.00592543
0.00595729
0.010826
0.00633727
0.00598158
0.00819555
0.0094129
0.00676948
0.00688854
0.00862741
0.0079597
0.00837775
0.00712331
0.00727068
0.0178651
0.00325555
0.00235575
0.0145642
0.014808
0.00375032
0.011528
0.00368646
0.0125787
0.00618158
0.0123595
0.00974761
0.00410257
0.00416335
0.00495505
0.00717089
0.0108169
0.0107923
0.00584548
0.00753873
0.0104039
0.00675021
0.0102907
0.00670373
0.00737871
0.00981444
0.00878059
0.00511204
0.0145163
0.0144392
0.0013792
0.00166704
0.0140279
0.0139011
0.00546809
0.0120797
0.00419793
0.00365122
0.00893954
0.00459442
0.00482721
0.010737
0.00603959
0.00628314
0.00790445
0.00942317
0.00678267
0.0082843
0.0077019
0.00995364
0.00958022
0.00721236
0.134507
0.0410203
0.00894217
0.0328701
0.0157048
0.00525284
0.0129312
0.0125604
0.00253911
0.0118498
0.00728871
0.00972373
0.0201812
0.0149305
0.0167666
0.00213451
0.0168786
0.0038485
0.001408
0.0135835
0.0136304
0.00269894
0.0106124
0.00326049
0.00526739
0.00397547
0.00499886
0.0110534
0.00647039
0.00564981
0.00920863
0.0106612
0.00936782
0.00812515
0.0103758
0.00676471
0.00889659
0.010116
0.0079712
0.00718264
0.00714285
0.00984958
0.00980982
0.00808123
0.00739482
0.0191448
0.0146812
0.00245179
0.0028021
0.00059587
0.00821091
0.00430852
0.0128381
0.000961815
0.00207927
0.0135511
0.00439466
0.00578932
0.00959855
0.0115557
0.00524933
0.011158
0.00629629
0.0105477
0.0064561
0.0106782
0.0069684
0.0103466
0.00785715
0.0102107
0.0101684
0.00894691
0.0096865
0.010032
0.00845538
0.00980392
0.00731909
0.00803968
0.0080037
0.00972647
0.00753292
0.00745566
0.00749674
0.00803712
0.00836343
0.00865259
0.00963153
0.0357622
0.0141909
0.00885171
0.0145613
0.00337962
0.00110238
0.00307814
0.00453495
0.012888
0.00157506
0.0083069
0.0042045
0.00484872
0.00968723
0.00572483
0.00631862
0.00646414
0.00646124
0.00982084
0.00688022
0.00763411
0.00724059
0.00258899
0.0187194
0.00262766
0.0138637
0.0179186
0.0176828
0.00442388
0.000766495
0.00518939
0.0154051
0.0129668
0.0107851
0.00479047
0.0112063
0.00523554
0.00865609
0.0112619
0.0115326
0.00642866
0.00646985
0.00665463
0.0104945
0.00656925
0.00691346
0.0101029
0.0101155
0.00736193
0.00917167
0.00742429
0.00909172
0.00749438
0.00729193
0.0075482
0.00972313
0.00968843
0.00822173
0.00752471
0.00960762
0.00938725
0.00767176
0.00818491
0.0116866
0.0153778
0.0119877
0.00748444
0.0124756
0.00413196
0.00412142
0.00420921
0.00488953
0.01075
0.0103906
0.0357558
0.0245128
0.0312844
0.0160821
0.0143667
0.0144628
0.0018079
0.00279666
0.0125156
0.00296054
0.00249158
0.00953073
0.00774026
0.00865588
0.00502516
0.0110468
0.0106632
0.00716991
0.0101807
0.0100442
0.00990668
0.00984738
0.0100389
0.0071354
0.00902952
0.0277866
0.0160111
0.0206982
0.0119118
0.0181408
0.0174147
0.00152742
0.0142259
0.0154149
0.000560705
0.0135068
0.00339498
0.00479274
0.00517692
0.00486407
0.00676812
0.00617798
0.0110499
0.0107116
0.00628019
0.0092584
0.0106222
0.00647039
0.00782434
0.00701306
0.00685737
0.010029
0.0100095
0.00789197
0.00716933
0.00986991
0.00768771
0.00981163
0.00908781
0.00912446
0.00741443
0.00771796
0.00965287
0.00965728
0.00788303
0.00883303
0.00946408
4.10479
0.00711354
0.00440206
0.00321235
0.00149129
0.00847786
0.00299847
0.0117361
0.012626
0.0120701
0.0118258
0.0101975
0.00429875
0.00473909
0.00539212
0.0105686
0.00614076
0.00975919
0.00769144
0.00769619
0.324257
0.0128911
0.0123592
0.00389918
0.00111591
0.0126421
0.0124735
0.00312396
0.0112625
0.0112799
0.0047554
0.00922992
0.0059718
0.0926804
0.0288197
0.0136703
0.0188519
0.0111133
0.0140891
0.0036727
0.0133375
0.0121666
0.00497039
0.00450677
0.0123153
0.0109117
0.0120333
0.0118111
0.0112059
0.00577371
0.0106758
0.00609326
0.00620644
0.00932634
0.00697843
0.0103001
0.00904663
0.0101837
0.00713297
0.00903151
0.00770468
0.00822577
0.0073008
0.0094923
0.00904092
0.00966768
0.00898526
0.0927169
0.0288192
0.0136687
0.0185747
0.0110815
0.0139769
0.00367296
0.0132633
0.0121231
0.00497141
0.00451278
0.0122767
0.0109063
0.0120004
0.0117825
0.0111864
0.00578377
0.0106619
0.00610631
0.0062142
0.00932417
0.00698929
0.0102906
0.00904544
0.0101755
0.00713796
0.00902974
0.00770985
0.00822851
0.00730623
0.00948791
0.00903883
0.00966328
0.00898343
0.462427
0.00112876
0.0273403
0.0017671
0.0147283
0.00725862
0.00275485
0.00263921
0.0129155
0.0123709
0.0121889
0.0113816
0.00486762
0.00606218
0.00628718
0.00794784
0.0102664
0.00751304
0.00719514
0.00839053
0.00701131
0.263402
0.0026529
0.00154033
0.011802
0.0119335
0.00450061
0.0070511
0.0941937
0.0015646
0.000195689
0.000998948
0.0136148
0.013041
0.00292342
0.0118894
0.0047921
0.00498112
0.00658155
0.0078632
0.0141503
0.0169174
0.013998
0.0013027
0.0155934
0.0138519
0.0137209
0.00136812
0.00430652
0.00448377
0.00242375
0.0124256
0.00482209
0.00810365
0.00945593
0.0111267
0.0108012
0.0105442
0.00626528
0.00626184
0.0068508
0.00978539
0.0100835
0.00749981
0.00798507
0.00824048
0.00972755
0.00964118
0.127431
0.0152344
0.0128334
0.0030101
0.0132785
0.00161768
0.00523248
0.00512525
0.00434967
0.00686705
0.0061432
0.0072769
0.010522
0.0105047
0.00682137
0.00726801
0.00693265
0.0733001
0.0311081
0.077016
0.0266468
0.0163285
0.0132162
0.00164582
0.0131481
0.00510808
0.0142028
0.00358548
0.00400407
0.0116409
0.011285
0.00524677
0.0115254
0.00633572
0.0106134
0.00609742
0.00610852
0.00969089
0.00637852
0.0106388
0.00686544
0.00858685
0.00870914
0.00858622
0.00848136
0.00808975
0.008205
0.00883375
0.00873247
0.00742502
0.00941784
0.00903138
0.00964329
0.00967901
0.00953232
0.00774443
0.00882981
0.0089218
0.00918941
0.0299547
0.00101484
0.047423
0.0231774
0.210565
0.017314
0.00526891
0.0143147
0.0145808
0.00556836
0.00478773
0.00523595
0.0110046
0.0113678
0.00804476
0.0114947
0.010964
0.00678252
0.00839531
0.00805571
0.00656359
0.0107786
0.00669408
0.0100193
0.01019
0.00786273
0.0069468
0.0102363
0.00711012
0.00712249
0.00937236
0.00984053
0.00735841
0.00872992
0.0098036
0.00735656
0.00845455
0.00962746
0.00943476
0.00848586
0.00957165
0.00764185
0.00825791
0.00815789
0.00789694
0.00777367
0.00775787
0.0077971
0.00787222
0.058092
0.0319701
0.138896
0.0688093
0.0142348
0.0060638
0.00288268
0.00274799
0.00337393
0.0113347
0.0121939
0.00547491
0.0119066
0.00562515
0.00518471
0.0089486
0.0107386
0.0102153
0.0107594
0.00613849
0.00621224
0.00642157
0.0104442
0.010459
0.00678337
0.0100816
0.0072749
0.0100173
0.0081147
0.00714059
0.00947123
0.00969149
0.007432
0.0075177
0.0096196
0.106051
0.0904431
0.0800444
0.0196822
0.0123377
0.0125383
0.0171695
0.0126281
0.0142342
0.0123574
0.0058656
0.00557547
0.00915506
0.00652818
0.00581828
0.0113929
0.00940498
0.00844681
0.00650201
0.0105227
0.00981926
0.0071102
0.00667877
0.00653506
0.0102096
0.00695921
0.00972883
0.010119
0.0100901
0.00814738
0.00766115
0.00783939
0.00846819
0.00984354
0.00958129
0.00875264
0.00942393
0.00898664
0.00958403
0.00891437
0.00761241
0.00778364
0.00883279
0.00927296
0.0093665
0.00776833
0.00896083
0.018536
0.33862
0.0245034
0.0338486
0.0123113
0.0172421
0.00300843
0.00361836
0.00475591
0.0134263
0.00878402
0.00528878
0.0119588
0.00596558
0.0111943
0.00615248
0.00618019
0.0109825
0.0105314
0.0103769
0.00848654
0.0107504
0.00655354
0.0106099
0.0103752
0.0103293
0.00862377
0.00955664
0.0100665
0.00730059
0.00853923
0.00983212
0.00900034
0.00906182
0.00979642
0.00768605
0.00914209
0.00760162
0.00955443
0.00910068
0.00769103
0.00767782
0.00811699
0.0091762
0.00816033
0.00777962
0.00925897
0.00925451
