1.19099
0.0981728
0.0063035
0.0138174
0.0762858
0.00560103
0.00460289
0.00482662
0.0167799
0.0136527
0.00997175
0.00796768
0.00873352
0.0151255
0.0102195
0.00839641
0.0091005
0.00932473
0.0140247
0.0096819
0.0138963
0.0100416
0.0134813
0.0134479
0.0111143
0.0124031
0.0104829
0.0104138
0.0114705
0.0132915
0.0107545
0.0107741
0.0116361
0.011188
0.0108507
0.0683805
0.122616
0.00257826
0.00567136
0.00813185
0.0164512
0.0079469
0.0084621
0.016325
0.00907975
0.015
0.0147476
0.00924669
0.0100201
0.0100915
0.0106413
0.014527
0.0098802
0.0136373
0.0117962
0.0135549
0.0103542
0.0138244
0.0131115
0.0105477
0.0128822
0.0107534
0.0107865
0.0107778
0.0131274
0.0123826
0.0112538
0.0108347
0.0129903
0.0109708
0.0129565
0.0123989
0.0112882
0.012859
0.0111015
0.0112245
0.0121373
0.0124718
0.0113295
0.0126586
0.0122218
0.0126575
0.0388538
0.111434
0.0190633
0.00725386
0.0162721
0.0163837
0.0150769
0.0155631
0.0136011
0.0087994
0.0102287
0.0143346
0.0143485
0.00976726
0.00993368
0.0100358
0.0138732
0.0127055
0.0099982
0.0113269
0.0132692
0.0106795
0.0124891
0.0108825
0.0130435
0.0131327
0.229212
0.0152074
0.00650324
0.0057275
0.0166569
0.0147282
0.00645024
0.0132961
0.0141952
0.0151564
0.00779888
0.014573
0.014442
0.00916835
0.0141291
0.00971638
0.00990701
0.0112793
0.0135879
0.0132175
0.0132889
0.0124367
0.0131865
0.0105877
0.0117979
0.0130637
0.209349
0.0112467
0.0171655
0.00267717
0.00751361
0.00443396
0.00574961
0.0128909
0.00774279
0.00829693
0.0128706
0.00887574
0.00919581
0.00988083
0.00966113
0.0113045
0.0111957
0.0108776
0.0131139
0.115365
0.00245316
0.000702527
0.016802
0.00410745
0.016369
0.00630258
0.005979
0.0153917
0.0143567
0.0148792
0.0147644
0.0144985
0.014304
0.0141312
0.00929278
0.0138813
0.0103262
0.0129858
0.00974629
0.00986342
0.011759
0.0121826
0.010354
0.0129337
0.0105515
0.0679599
0.0194682
0.00486713
0.0182561
0.0160224
0.00782687
0.00708156
0.0159818
0.014684
0.0108441
0.0125172
0.00921802
0.00940752
0.0117628
0.00964596
0.00960848
0.0113052
0.00969577
0.0122087
0.0113998
0.0134077
0.0106517
0.0104252
0.0104454
0.0478917
0.088678
0.00305511
0.00318178
0.01592
0.0166203
0.0164206
0.00707213
0.0150301
0.0083722
0.0090744
0.0146228
0.00975932
0.00895165
0.0141553
0.0139671
0.011017
0.00984038
0.0137698
0.00999517
0.0100497
0.0121551
0.011043
0.0105787
0.0105702
0.149693
0.0262048
0.0174604
0.000416973
0.0164552
0.00678594
0.00631287
0.00795534
0.00623033
0.00852562
0.00885936
0.0144962
0.0110639
0.0136119
0.0135075
0.0093701
0.0131885
0.0140142
0.0127556
0.00979903
0.0129488
0.0133197
0.0103639
0.0113442
0.0104482
0.191739
0.445082
0.0190571
0.00725075
0.016267
0.0163683
0.0150731
0.0155442
0.0135795
0.00881443
0.0102366
0.0143231
0.0143416
0.00977518
0.00994492
0.0100425
0.0138671
0.0127008
0.0100078
0.01133
0.0132631
0.0106861
0.0124865
0.0108881
0.013039
0.0131282
1.02256
0.00769032
0.0193118
1.7698e-05
0.0175989
0.00157251
0.0152927
0.00538441
0.00618227
0.0150922
0.00836492
0.00846088
0.0581901
0.00475775
0.00489899
0.00507492
0.0165905
0.0134936
0.00989516
0.00803172
0.00877618
0.0150939
0.0102263
0.00844909
0.00913473
0.00935349
0.0140154
0.00970341
0.0138755
0.0100574
0.0134633
0.0134334
0.0111228
0.012397
0.0104942
0.0104293
0.0114751
0.0132824
0.0107659
0.0107837
0.0116393
0.0111957
0.0108598
0.0474153
0.00650139
0.0071104
0.0155867
0.00375134
0.00704293
0.0174281
0.0163988
0.0167227
0.0155531
0.0164917
0.00908317
0.0145713
0.0089575
0.0105141
0.0107185
0.00970469
0.00986184
0.00986479
0.00984251
0.0137392
0.0138111
0.0133795
0.011077
0.0134616
0.0118441
0.0120656
0.0132504
0.011463
0.0106869
0.0129203
0.0130268
0.011567
0.0127324
0.0108772
0.0116661
0.0112126
0.0109871
0.0126617
0.0127915
0.0110811
0.067862
0.00281103
0.00102784
0.0167596
0.00419677
0.0163531
0.00632057
0.00591621
0.0154147
0.0143375
0.0149
0.014786
0.0145191
0.0143239
0.0141528
0.00926467
0.0139015
0.0102909
0.012996
0.00972011
0.00982777
0.0117496
0.0121828
0.010324
0.0129499
0.0105307
0.0229866
0.0217579
0.00107826
0.0170462
0.0196482
0.00731601
0.00628428
0.0161316
0.0161766
0.0152299
0.0125991
0.0106813
0.00893843
0.0144296
0.0143166
0.0141607
0.0101218
0.0101125
0.00973279
0.00999775
0.0109836
0.0134761
0.0105935
0.0134254
0.0109433
0.010799
0.010512
0.0133633
0.013134
0.012454
0.0111346
0.0109326
0.0110472
0.0120554
0.0111911
0.0125263
0.0110266
0.012689
0.0127638
0.00244926
0.0108967
0.00415698
0.0122252
0.0152503
0.0150166
0.00883541
0.00882448
0.00915
0.00926187
0.0100155
0.0127897
0.0188689
0.00705593
0.0164881
0.00531491
0.0160885
0.00702631
0.00642584
0.00867974
0.00777553
0.0146009
0.0145067
0.0138437
0.0114772
0.00944946
0.0108954
0.00977358
0.0120456
0.0100967
0.010132
0.0128492
0.0102527
0.0117541
0.0103957
0.0105051
0.610953
0.0112794
0.00435042
0.0149589
0.0163079
0.00464142
0.0176945
0.00693703
0.0162208
0.0155235
0.00810668
0.00913515
0.014137
0.00955265
0.00902148
0.0139072
0.0105382
0.0100843
0.0126685
0.00962333
0.0104054
0.0102237
0.0105419
0.0104258
0.010354
0.0111422
0.0109396
0.0104766
0.0110735
0.0107134
0.0109523
0.0118514
0.0108589
0.0118527
0.0113843
0.0129138
0.0128947
0.0126236
0.0128056
0.0127927
0.0111569
0.0775947
0.0104065
0.000829601
0.0160745
0.0106131
0.00686897
0.00715223
0.00814361
0.0143839
0.00939973
0.00928979
0.011718
0.0131357
0.0126932
0.012506
0.740383
0.0189363
0.0022245
0.0154343
0.0140497
0.00669236
0.011028
0.0139248
0.00894553
0.00901503
0.0100759
0.0813967
0.0920709
0.00266871
0.0040725
0.0177817
0.0172191
0.00506561
0.0153214
0.00665362
0.0136418
0.0144132
0.00865578
0.0123725
0.0106686
0.0138691
0.0114159
0.010899
0.0139168
0.0121767
0.0102658
0.0103056
0.0103987
0.0102984
0.0122875
0.0132611
0.0105767
0.0121548
0.0131963
0.0127049
0.0129754
0.012775
0.0128447
0.0110196
0.0110086
3.48579
3.17033
0.00299297
0.00431328
0.0175764
0.0172104
0.00516393
0.0153197
0.00673764
0.0135951
0.0144104
0.00868854
0.0123481
0.0106694
0.0138541
0.0114136
0.0109027
0.0139068
0.0121693
0.0102744
0.0103162
0.0104084
0.0103077
0.0122838
0.0132561
0.0105833
0.0121524
0.0131916
0.0127003
0.0129714
0.0127712
0.0128415
0.0110238
0.0110125
0.561037
0.0202333
0.00178531
0.00327486
0.0173903
0.0106476
0.00615312
0.0158144
0.0154939
0.00840375
0.0132698
0.0125404
0.0146049
0.00854443
0.0142515
0.01071
0.00979835
0.0100608
0.0132153
0.0110387
0.0673317
0.0146993
0.0170972
0.0169248
0.00334791
0.0068417
0.00776986
0.213536
0.0290135
0.00207321
0.0179826
0.0169655
0.00580809
0.0109782
0.0110583
0.0105276
0.00882898
0.00809545
0.0122493
0.00934889
0.0134928
1.2097
0.00868633
0.00556691
0.00256432
0.00525744
0.00596452
0.0154256
0.015003
0.015677
0.00740031
0.0100917
0.00779427
0.00965753
0.00890544
0.0116442
0.0134506
0.00994708
0.013702
0.0107469
0.0102626
0.0135655
0.0132753
0.0107286
0.0133327
0.0114319
0.0124749
0.0110311
0.0109595
0.243417
0.0190499
0.0152795
0.00145747
0.0168042
0.0164844
0.00432337
0.00718769
0.00679547
0.0154036
0.00680729
0.0123388
0.0111522
0.0102397
0.0107432
0.0137532
0.0138673
0.0130776
0.0102027
0.0113571
0.000835516
0.0179553
0.0305282
0.023132
0.00644727
0.0169843
0.00458766
0.0172326
0.00680647
0.0084605
0.0162764
0.00789029
0.00944139
0.0108351
0.0146319
0.0146309
0.00929314
0.00970436
0.00951706
0.0138778
0.0101076
0.0129482
0.0106518
0.0137079
0.0103359
0.010757
0.0126497
0.0131766
0.0106489
0.0106099
0.0131708
0.0130787
0.0114822
0.0107817
0.0109702
0.0129656
0.0109568
0.0116443
0.011922
0.0110067
0.0113314
0.0123832
0.0185349
0.0771719
0.014007
0.0205891
0.0168024
0.0182647
0.00788636
0.00897984
0.0173814
0.0171659
0.0075397
0.00802289
0.0157854
0.0148264
0.0105568
0.0140751
0.0142502
0.00979871
0.0097623
0.0142246
0.0140702
0.0104693
0.0136993
0.0136333
0.0135647
0.0112507
0.0132948
0.0105672
0.010996
0.0106611
0.0107306
0.0131336
0.0123724
0.0130454
0.0130408
0.0109588
0.010989
0.0119839
0.0116712
0.0124634
0.0122498
0.012692
0.0112134
0.0124921
0.0126037
0.0339357
0.0269394
2.53428e-05
0.0171977
0.00154589
0.0170205
0.0179679
0.00871388
0.0163133
0.0155504
0.0151893
0.0129396
0.0152287
0.008812
0.00928941
0.00925194
0.0142393
0.00932706
0.00974516
0.00978203
0.0135025
0.0101477
0.0105967
0.0107564
0.0110739
0.0103432
0.013256
0.0132368
0.0109672
0.0131322
0.0127352
0.0107535
0.0116229
0.010926
0.0121782
0.9305
0.0172123
0.00556799
0.015854
0.0181749
0.00856213
0.00651703
0.0188042
0.0066446
0.0187231
0.0074092
0.00801447
0.0096346
0.0101906
0.0134702
0.0139054
0.0101004
0.0144412
0.0131249
0.0101364
0.0128728
0.011169
0.0104289
0.0135856
0.0108598
0.0106622
0.0128606
0.0121545
0.0129008
0.013335
0.0115853
0.010819
0.0108088
0.0130728
0.0125333
0.0109803
0.0117196
0.0129858
0.0128916
0.0110554
0.0111093
0.0116264
0.011666
0.0127076
0.0127135
0.0126455
0.0112395
0.00238064
0.00183128
0.0264239
0.0257479
0.0199865
0.00620432
0.0179328
0.00916137
0.00868489
0.0090608
0.0145126
0.0139111
0.0163225
0.0156379
0.0133563
0.014572
0.0144123
0.0141931
0.0139438
0.00987126
0.0123032
0.0140046
0.0134862
0.0109752
0.0133427
0.0104696
0.01101
0.0105666
0.013149
0.0123104
0.0112867
0.0118002
0.0107749
0.0108293
0.010886
0.0109247
0.0109214
0.0129495
0.0112142
0.0125578
0.0127262
0.0111042
0.0127178
0.0127264
0.0125228
0.0126833
0.0120864
0.0113014
0.011793
