0.00200826
0.00593571
0.0183246
0.0163147
0.0187148
0.0170399
0.00883753
0.0181795
0.0206566
0.0189583
0.0177644
0.0193957
0.0181852
0.0192833
0.0191538
0.0202573
0.0189414
0.0194223
0.0189899
0.0198431
0.019493
0.0205031
0.0197216
0.0202625
0.019931
0.019698
0.0198598
0.0198605
0.0198574
0.0199776
0.019984
0.0199167
0.0203867
0.0203517
0.0200705
0.0199787
0.0199854
0.0200562
0.0960494
0.0204325
0.0253322
0.0212419
0.0209568
0.0200019
0.0215132
0.0200356
0.0219024
0.0199842
0.0206246
0.0200352
0.0207395
0.0207946
0.0202067
0.0208514
0.0199424
0.0208214
0.0206649
0.02052
0.0207439
0.02061
0.0199921
0.0206317
0.0204674
0.0200305
0.0205073
0.0200959
0.0203517
0.0204263
0.0200435
0.0200767
0.0200932
0.0204495
0.0204071
0.0202422
0.0204069
0.0203312
0.0200778
0.020311
0.0201916
0.0203863
0.0203738
0.020332
0.0203027
0.0203566
0.0201117
0.0203384
0.0202866
0.0136283
0.00333373
0.0177525
0.0135249
0.0136429
0.0169975
0.0155262
0.0193634
0.0184158
0.0195532
0.0203696
0.0202705
0.019563
0.0205438
0.0195944
0.0202631
0.0195219
0.0198908
0.0199103
0.0198902
0.0201361
0.0202634
0.0203612
0.0198169
0.0198186
0.0203687
0.0203405
0.0199564
0.0184315
0.0151808
0.0184979
0.0206755
0.0198163
0.0193845
0.0201698
0.0181961
0.0182982
0.0184423
0.0204303
0.0204141
0.0204953
0.0198739
0.0196404
0.0204048
0.0197207
0.0197653
0.0204636
0.0197879
0.0203173
0.0198793
0.0198892
0.0198905
0.02031
0.0201628
0.0203605
0.000213573
0.00885353
0.0200938
0.0202705
0.0179769
0.0162654
0.0174526
0.019867
0.0182165
0.0197948
0.0202102
0.0193129
0.0190885
0.0203126
0.0193561
0.0198789
0.0193843
0.019713
0.0197146
0.0198845
0.0136852
0.0209337
0.0060686
0.0156718
0.0186989
0.0168169
0.0177969
0.0167155
0.0193938
0.0177525
0.0191948
0.0191156
0.0195621
0.0189325
0.0192783
0.0201407
0.0193479
0.0193623
0.0193737
0.0196723
0.0199314
0.0198902
0.0198453
0.0202894
0.0199541
0.00806743
0.00334781
0.0172564
0.0173502
0.0202395
0.0154429
0.0195549
0.019324
0.0204402
0.0177947
0.0200139
0.0192785
0.0195703
0.020408
0.0192596
0.0201645
0.0204764
0.0198001
0.0193628
0.0203662
0.0198061
0.0198734
0.0202422
0.0202409
0.0199554
0.0200628
0.0202956
0.0205556
0.0155697
0.00925167
0.0197813
0.0185791
0.0189823
0.0206635
0.0190904
0.0206291
0.018881
0.01931
0.0204563
0.020189
0.0204951
0.0204248
0.0197865
0.0195215
0.0203733
0.0198631
0.0199694
0.0203717
0.0199106
0.0198862
0.0201506
0.00868187
0.0190949
0.0200325
0.017707
0.017746
0.0170567
0.0198198
0.0178144
0.0202358
0.0191236
0.0189134
0.0191812
0.0193334
0.0203493
0.0197876
0.0203425
0.0195921
0.0200065
0.019939
0.019814
0.0202542
0.0197735
0.0198333
0.0199037
0.0136471
0.0036085
0.0177581
0.0137763
0.0137747
0.0170058
0.015597
0.0193884
0.0184214
0.0195541
0.0203721
0.0202729
0.0195646
0.0205427
0.0196009
0.0202638
0.0195256
0.0198938
0.0199131
0.019891
0.0201371
0.0202635
0.0203608
0.0198188
0.0198207
0.0203681
0.02034
0.0199575
0.0330042
0.0135627
0.0131798
0.0143822
0.0153597
0.0157102
0.0164876
0.0164529
0.0202256
0.0194901
0.0193439
0.00624315
0.0181856
0.0206774
0.0191492
0.0177723
0.0193971
0.0181931
0.0192854
0.0192114
0.0202699
0.0189713
0.0194253
0.0190088
0.0198443
0.0195048
0.020501
0.019724
0.0202647
0.0199387
0.0197046
0.0198619
0.0198632
0.0198603
0.019979
0.0199872
0.0199195
0.0203854
0.0203507
0.0200725
0.0199809
0.0199877
0.0200573
0.015939
0.0217517
0.0181185
0.0212324
0.0213289
0.0192125
0.0194457
0.020786
0.0210436
0.019689
0.0209477
0.0207023
0.0206651
0.0205974
0.019736
0.0204833
0.019858
0.0203855
0.020483
0.020416
0.0202947
0.0199435
0.0204499
0.0199461
0.0202396
0.0204411
0.0203444
0.0202769
0.0204051
0.0201381
0.0200619
0.0200168
0.0200264
0.0202053
0.0201579
0.0200865
0.0201608
0.0203532
0.0203495
0.0200749
0.0203152
0.0200798
0.0145183
0.0209246
0.00579017
0.0155462
0.0186705
0.0169399
0.0178931
0.0166295
0.0193817
0.0177009
0.0191864
0.0190968
0.0195524
0.0189051
0.0192593
0.0201376
0.0193271
0.0193431
0.0193547
0.0196595
0.0199272
0.0198804
0.0198342
0.0202897
0.0199491
0.0194155
0.0214623
0.0215611
0.0206453
0.0208165
0.0208022
0.0212507
0.0211134
0.0206673
0.0194313
0.0207743
0.0201536
0.0198774
0.0198275
0.01976
0.0206604
0.019879
0.0205803
0.0204861
0.0205148
0.0199428
0.0200965
0.020296
0.0200386
0.0204606
0.0199998
0.0202489
0.0203662
0.0204121
0.0201402
0.0204026
0.0202721
0.0203396
0.0203671
0.0200552
0.020355
0.0200778
0.0202366
0.0203203
0.0200831
0.0203382
0.00617726
0.0176423
0.00941919
0.00895064
0.0149613
0.016311
0.020354
0.0201783
0.0198706
0.018177
0.0205094
0.018947
0.019242
0.020752
0.0100829
0.0179098
0.0195493
0.0139096
0.0182101
0.0182299
0.0174837
0.0192966
0.0205227
0.018693
0.0190083
0.0204365
0.0195649
0.0204783
0.0203622
0.0195717
0.0194404
0.0196213
0.0197871
0.0198886
0.019732
0.0197347
0.0202666
0.0198117
0.0200661
0.0198575
0.0193076
0.0213982
0.0213206
0.0212166
0.020802
0.0210508
0.0209307
0.0196988
0.0192732
0.0208238
0.0207012
0.0197601
0.0198059
0.0206495
0.0205675
0.0205301
0.0204599
0.0198988
0.0198935
0.0204946
0.0200084
0.0203235
0.0199694
0.0200051
0.0199937
0.0201708
0.0200676
0.0203962
0.0203962
0.0200189
0.020027
0.020043
0.020142
0.0200624
0.0203614
0.0200653
0.020344
0.0203389
0.0203107
0.0202573
0.0236563
0.0065877
0.0194452
0.0153885
0.018312
0.0181749
0.017352
0.0204184
0.0176939
0.0185105
0.0182468
0.0188934
0.0193044
0.0204114
0.0193709
0.0193912
0.0191823
0.0202108
0.0198673
0.0195451
0.0114735
0.0116475
0.019824
0.0184408
0.0192729
0.015065
0.0194578
0.0204105
0.0178756
0.0198655
0.0195056
0.0195322
0.0197776
0.0173622
0.0188445
0.0195139
0.0183749
0.0186888
0.0191857
0.0189584
0.0207359
0.0202766
0.0202717
0.0197619
0.0205942
0.0195014
0.0196895
0.0198184
0.0197501
0.0198489
0.0199429
0.0198105
0.0198741
0.0200858
0.0199806
0.0203731
0.0199456
0.0200056
0.0203474
0.0203386
0.0200126
0.0203631
0.0202314
0.0203413
0.0200562
0.0202848
0.0208754
0.0202709
0.0208923
0.020847
0.0186262
0.0195843
0.0206856
0.0193765
0.0205293
0.0194118
0.0205988
0.0197846
0.0202935
0.0196374
0.0204521
0.0202889
0.0198446
0.0198793
0.019885
0.0199483
0.0204043
0.0202773
0.0203645
0.0203673
0.0200256
0.0200008
0.0200279
0.0201551
0.0200357
0.0201073
0.0200803
0.0202529
0.0176686
0.0118792
0.00834418
0.00979279
0.0155723
0.0182206
0.0199534
0.0197158
0.019924
0.0200595
0.0185973
0.0200209
0.0196887
0.0200494
0.0197125
0.0194815
0.0201997
0.019914
0.0196687
0.0196261
0.143286
0.0190789
0.0121728
0.0205493
0.0134833
0.017788
0.03464
0.0149853
0.0104747
0.0105672
0.0142082
0.0175514
0.0167954
0.0174443
0.0183527
0.0204433
0.0190226
0.0190377
0.0292861
0.00381197
0.0161305
0.0170097
0.0191233
0.0199369
0.0194584
0.0197022
0.018577
0.0188175
0.0191804
0.0191163
0.0196203
0.0197151
0.0202036
0.0199917
0.0201068
0.0200554
0.019864
0.0204198
0.0197896
0.0198086
0.0198492
0.0200132
0.0199308
0.0199214
0.0205876
0.013716
0.0197285
0.0195812
0.0201978
0.0134205
0.0177169
0.0181885
0.0176844
0.0195183
0.0189524
0.0201441
0.0196914
0.0196603
0.0197972
0.0202564
0.0195582
0.0195439
0.0203359
0.0201789
0.0224519
0.0148475
0.0224082
0.0154171
0.0208174
0.019529
0.0206766
0.0192258
0.0193468
0.0197855
0.0207235
0.0207257
0.0197479
0.0197431
0.0206053
0.0205154
0.0205288
0.0205403
0.0198668
0.0205359
0.0198652
0.0204823
0.0199561
0.0201875
0.0200992
0.0204463
0.0199767
0.0199824
0.0200174
0.0202844
0.0200303
0.0202737
0.0203802
0.0200381
0.0200597
0.0200558
0.0201642
0.020058
0.0200637
0.0202025
0.0196943
0.0613419
0.0259482
0.0204454
0.0210711
0.0223748
0.0206144
0.019973
0.0198104
0.0198528
0.0198688
0.0209606
0.0198997
0.0199122
0.0200393
0.0205827
0.0199635
0.0199655
0.0200431
0.0199721
0.0205474
0.0205631
0.0199767
0.0200293
0.0202769
0.0201536
0.0201844
0.0204619
0.0204283
0.0204088
0.0204481
0.0200512
0.0200552
0.0201148
0.0203432
0.0203752
0.0203665
0.0200749
0.020126
0.020357
0.020175
0.0201017
0.0203342
0.0203418
0.0201148
0.0201098
0.0196181
0.00336819
0.00694292
0.0186365
0.0207204
0.0195154
0.0201815
0.019473
0.0206254
0.0192753
0.0196353
0.0193192
0.0196358
0.0195495
0.0196402
0.0203233
0.0199044
0.0199848
0.0201525
0.0199089
0.0198764
0.0198203
0.0204162
0.0204041
0.0204169
0.0204075
0.0203758
0.0199475
0.0202959
0.0199895
0.0200385
0.0202561
0.0203598
0.0201227
0.0194612
0.0228457
0.0369157
0.0255913
0.0256058
0.0197139
0.0197592
0.0218941
0.0199652
0.0197946
0.0208113
0.0198511
0.0210831
0.01986
0.0208828
0.0203558
0.0199473
0.0206652
0.0206569
0.0206876
0.0204739
0.0206249
0.0199709
0.0204683
0.0204863
0.0205059
0.0202046
0.0201894
0.0200442
0.0204575
0.0203484
0.0204284
0.0204493
0.0200514
0.0203486
0.0204038
0.0204021
0.0202464
0.0200694
0.0204035
0.0203541
0.0202303
0.0202747
0.0201063
0.0203046
0.0203294
0.0201875
0.0202358
0.0203283
0.0399848
0.0216922
0.0278244
0.0252204
0.0271831
0.0219947
0.0225593
0.0213361
0.0210714
0.0198413
0.0198644
0.0198869
0.0211908
0.0209838
0.0199176
0.0205986
0.0207752
0.0204868
0.0199639
0.0199779
0.0200017
0.0199892
0.0200316
0.0199904
0.0205503
0.0205382
0.0201301
0.0204126
0.0201672
0.0203472
0.0200404
0.0203985
0.0204088
0.0202637
0.0201362
0.020352
0.0204167
0.0203917
0.0203655
0.0203631
0.020365
0.0201202
0.0201774
0.0201039
0.0203471
0.0201605
0.0201401
0.0203368
