0.0288153
0.0276323
0.0272839
0.0274574
0.0275221
0.0275368
0.0288154
0.0269716
0.0292825
0.0270698
0.0280106
0.0274518
0.0271917
0.0270951
0.0276062
0.0274497
0.0277235
0.0273742
0.0274953
0.0273719
0.0276019
0.0278466
0.0272944
0.0277057
0.0274336
0.0274909
0.0273338
0.02769
0.0277625
0.0274688
0.0275469
0.0277432
0.0275773
0.0275819
0.0276888
0.0274099
0.0275872
0.0274372
0.0276864
0.0276997
0.0274171
0.0274969
0.0275274
0.0274865
0.0274671
0.0275538
0.0274509
0.0274354
0.0274391
0.0276556
0.0276541
0.0275657
0.0274763
0.0264866
0.0287382
0.0269556
0.0268396
0.0269974
0.0281697
0.0276234
0.0276305
0.0276136
0.0275821
0.0275339
0.0275967
0.027563
0.0275391
0.0275495
0.0275196
0.0275348
0.0275315
0.0275651
0.0275601
0.0275655
0.0275645
0.0275379
0.0275538
0.0275425
0.0275389
0.0275505
0.027551
0.0275595
0.0275395
0.0275582
0.0275468
0.0275528
0.0275412
0.0275465
0.0275507
0.0275434
0.0275581
0.0275535
0.027541
0.0275587
0.0275585
0.0275414
0.0275531
0.0275547
0.0275445
0.0284662
0.0256752
0.0268561
0.0278556
0.0274284
0.0275239
0.0273812
0.0274252
0.0276126
0.0275138
0.027578
0.0275951
0.0274981
0.0275195
0.0275496
0.0275435
0.0275482
0.0275402
0.0275686
0.0275634
0.0275692
0.0275501
0.0275557
0.0275368
0.0275392
0.0275369
0.0275644
0.0275647
0.0275408
0.0275509
0.0275458
0.0275604
0.0275389
0.0275444
0.0275396
0.0275449
0.0275557
0.0275419
0.0275511
0.0275523
0.0275464
0.0284662
0.0253991
0.0268575
0.0278513
0.027598
0.0275236
0.0274505
0.0274838
0.0275221
0.0275278
0.0276955
0.0275043
0.0275764
0.0276143
0.0276564
0.027642
0.0275352
0.0276325
0.0274899
0.0275029
0.0274875
0.0275359
0.0275218
0.0276044
0.027585
0.0276076
0.0275001
0.0275002
0.0275811
0.0275399
0.0275605
0.0275113
0.0275925
0.027568
0.0275894
0.0275665
0.0275268
0.0275794
0.0275431
0.0275387
0.027561
0.023691
0.0286698
0.0258902
0.0272722
0.0273558
0.0277513
0.0275439
0.0274343
0.0273367
0.0276705
0.0274461
0.0273756
0.0273805
0.0276383
0.0276001
0.0275234
0.0275732
0.0276595
0.0275643
0.0275003
0.0274873
0.0274588
0.0276261
0.0274707
0.0282885
0.0267737
0.0280306
0.0279805
0.0275513
0.0275349
0.0275451
0.0276087
0.0277834
0.0276338
0.0276838
0.0274884
0.0277536
0.0273913
0.0273286
0.0275384
0.0277231
0.0274035
0.0274867
0.0274077
0.0276132
0.0273888
0.0273982
0.0276315
0.0276906
0.0275571
0.0274169
0.0276351
0.0275115
0.0275282
0.0274501
0.0274638
0.0274453
0.0276478
0.0276468
0.0274965
0.027521
0.0276243
0.0276243
0.0263416
0.0271731
0.027917
0.0273831
0.0274449
0.0275487
0.0276074
0.0275724
0.0275055
0.0275212
0.0275044
0.0275422
0.0275457
0.0275229
0.0275413
0.0275701
0.0275771
0.0275476
0.0275757
0.0275652
0.0275557
0.0275377
0.0275322
0.0275365
0.027563
0.0275331
0.0275464
0.0275447
0.0275349
0.0275349
0.0275459
0.0275633
0.0293217
0.0274198
0.0292403
0.0282629
0.0287532
0.0273502
0.0274189
0.0275073
0.0275275
0.0273269
0.0272201
0.0276734
0.0278982
0.0272448
0.0278626
0.0275595
0.0274029
0.0273413
0.0277788
0.0273164
0.0277462
0.0276009
0.0273602
0.0274149
0.0274773
0.0277489
0.0277493
0.0274805
0.0275524
0.0277198
0.0273824
0.0274205
0.027473
0.0276604
0.027661
0.027693
0.0276499
0.0276832
0.0275687
0.0276397
0.0276013
0.0275371
0.0275806
0.0275894
0.0276375
0.0276118
0.0169401
0.0225413
0.0262244
0.0274635
0.026922
0.0273003
0.0273161
0.0270471
0.0276281
0.0269881
0.0278014
0.0270705
0.0271921
0.0271238
0.0277484
0.0277425
0.0273205
0.0272936
0.0237215
0.0251943
0.0282627
0.0272806
0.027575
0.027348
0.0276218
0.0275766
0.0276171
0.0276027
0.0275888
0.0275295
0.027514
0.0275206
0.0275426
0.0275238
0.0275396
0.0275254
0.0275404
0.0275399
0.0275681
0.0275314
0.0275485
0.0275648
0.029966
0.0266461
0.0292711
0.0279065
0.0274051
0.0275436
0.0275267
0.0274139
0.0276015
0.0277123
0.0276988
0.0274777
0.0273943
0.0272633
0.0278627
0.0272638
0.0278088
0.0278155
0.0273474
0.0275596
0.0273743
0.0274315
0.0275302
0.0276358
0.0275786
0.0275691
0.0275423
0.0274479
0.0274199
0.0274685
0.0274988
0.0274659
0.0274048
0.0276059
0.0277072
0.0274545
0.0276578
0.0276504
0.0274735
0.027687
0.0275855
0.0274941
0.0274777
0.0274484
0.0275718
0.0275079
0.0275179
0.0275426
0.007672
0.0284098
0.0252043
0.0284657
0.0272963
0.0277979
0.0277011
0.0275103
0.0278022
0.0277678
0.0276145
0.027708
0.0277471
0.027539
0.0274545
0.0276319
0.0274383
0.0276678
0.0274216
0.0274237
0.0274896
0.0276479
0.0274521
0.0275015
0.0276385
0.0274633
0.0274702
0.0274871
0.0276012
0.0275223
0.0276122
0.0276113
0.0274869
0.0231184
0.0271622
0.027127
0.0275852
0.027401
0.0274226
0.0274454
0.0274582
0.0275891
0.0276072
0.0275392
0.027558
0.0263416
0.0271666
0.0282457
0.0275261
0.0275277
0.0273512
0.0278027
0.0274177
0.0275955
0.0273356
0.0273234
0.0275842
0.0275765
0.0273656
0.0274984
0.0276836
0.0277055
0.0275515
0.0276983
0.027651
0.027597
0.0274723
0.0274358
0.0274641
0.0276347
0.0274451
0.0275315
0.0275195
0.027456
0.0274574
0.027527
0.0276315
0.0291132
0.0254467
0.0282942
0.0280636
0.0275726
0.0276308
0.0275669
0.0275577
0.0274749
0.0275677
0.0276013
0.0275549
0.0275258
0.027531
0.0275827
0.0275282
0.0275269
0.0275323
0.0275791
0.0275536
0.0275492
0.0275407
0.0275658
0.0275319
0.0275488
0.0275596
0.0275537
0.0275365
0.0275444
0.0275557
0.0275362
0.0275433
0.0275504
0.0275598
0.023526
0.0282449
0.0272158
0.026775
0.0274068
0.0275128
0.0275237
0.027466
0.0274638
0.0274685
0.027339
0.0274253
0.0274251
0.0277282
0.0275892
0.0276262
0.0273998
0.0274523
0.0275745
0.0274226
0.027487
0.0276451
0.0275334
0.027648
0.0275962
0.027617
0.0274887
0.0275947
0.0275974
0.0274714
0.0276269
0.0275111
0.0274778
0.0138002
0.0264918
0.0274517
0.0272058
0.0271948
0.0272095
0.0275034
0.0272732
0.0274095
0.0274245
0.0273389
0.0273677
0.0291132
0.0276766
0.0268364
0.0269031
0.0280718
0.0276885
0.027814
0.0279751
0.0277231
0.0278382
0.0275089
0.0277523
0.027751
0.0275501
0.0277494
0.0277626
0.02759
0.0275688
0.0276481
0.027686
0.0273923
0.0276771
0.0274836
0.0276861
0.0276946
0.0274575
0.0274829
0.0276195
0.0274729
0.0275571
0.0274424
0.027585
0.027651
0.0274473
0.0274561
0.0275711
0.0274541
0.0276472
0.0276388
0.0275254
0.0274701
0.0275162
0.0274755
0.0276249
0.0276295
0.0136396
0.0216492
0.0238333
0.0279734
0.0272723
0.02732
0.0277146
0.0274946
0.0273708
0.0274635
0.0274195
0.0274429
0.0276255
0.0275742
0.0274562
0.0274624
0.027518
0.0274592
0.0222394
0.0269836
0.0277102
0.0273807
0.0271543
0.0272624
0.0272851
0.0273504
0.0273512
0.0273496
0.0275391
0.027429
0.0297058
0.0263182
0.0284118
0.0276573
0.0276678
0.0276801
0.0276879
0.0275564
0.0276671
0.0275671
0.027619
0.0284662
0.0290689
0.0286154
0.0269186
0.0270781
0.0279935
0.0276293
0.0278884
0.0273956
0.0278726
0.0275521
0.0275034
0.0274813
0.02746
0.0275637
0.0275646
0.0276703
0.0276376
0.0275148
0.0273684
0.0273763
0.0273888
0.027428
0.0275758
0.0277136
0.0275011
0.0277096
0.0274269
0.0275982
0.0276852
0.0274836
0.0275864
0.027612
0.0276694
0.027503
0.0275284
0.0276003
0.0275786
0.0275708
0.027482
0.0276499
0.0276269
0.0274969
0.0276079
0.0276305
0.0275638
0.0274866
0.0276228
0.0274802
0.0263366
0.00706265
0.0267535
0.0277485
0.027756
0.027367
0.0275648
0.02751
0.0275234
0.0275131
0.027493
0.0275309
0.0275065
0.0275182
0.0275634
0.0275687
0.0275836
0.0275323
0.0275156
0.0230749
0.0213045
0.0289964
0.0267921
0.0283586
0.0271136
0.0265745
0.0273879
0.0268701
0.0267924
0.0279911
0.0271505
0.0269843
0.0271023
0.0270852
0.0271722
0.027734
0.0271534
0.0277459
0.0271773
0.0245972
0.00961711
0.0195551
0.0257877
0.026655
0.0275197
0.0273411
0.027195
0.0272494
0.0272745
0.027436
0.0272813
0.0276545
0.0276844
0.0273891
0.0276333
0.0273838
0.0273857
0.0273974
0.0273983
0.0274765
0.0259928
0.0212215
0.0279876
0.0277059
0.0272252
0.0276857
0.0274455
0.0274467
0.0278148
0.0272764
0.0278061
0.0273631
0.0277129
0.0273777
0.0277091
0.0273979
0.0273985
0.0275745
0.0275583
0.0274944
0.0276064
0.027537
0.0274452
0.0276213
0.0274815
0.0241551
0.0312765
0.0234214
0.028417
0.027455
0.0273395
0.0274582
0.0276589
0.0274701
0.0276813
0.0274673
0.0275832
0.0276506
0.0276386
0.0274937
0.0275914
0.0275645
0.0276201
0.0275591
0.0276143
0.0275276
0.0309707
0.0352322
0.0273445
0.0273498
0.0271947
0.0273818
0.0273954
0.0274156
0.0274122
0.0274143
0.0274571
0.0275194
0.0276001
0.02758
0.0282691
0.0265652
0.0286676
0.0269489
0.0273957
0.0279596
0.0273619
0.0271897
0.028021
0.027627
0.0277529
0.0272132
0.0275958
0.0272708
0.0278594
0.0274512
0.0273856
0.027388
0.0274999
0.0277678
0.0276137
0.0277769
0.0277597
0.02753
0.0276267
0.0277245
0.0277259
0.0276731
0.0277176
0.027712
0.0277036
0.0276763
0.0274114
0.0274816
0.027686
0.0276659
0.0274991
0.0275987
0.0275885
0.0276762
0.0274369
0.0275763
0.027456
0.0276216
0.0275789
0.0276141
0.0274508
0.0274941
0.0276166
0.0274915
0.0276399
0.0275733
0.0276384
0.0276328
0.0275685
0.0275308
0.0291011
0.0224229
0.0268496
0.0269565
0.0271084
0.0275239
0.0272379
0.0293213
0.0275065
0.0288748
0.0275877
0.0273485
0.0274115
0.0273839
0.0275189
0.0273421
0.0275875
0.0276107
0.0273396
0.0273574
0.0273681
0.0273881
0.0274551
0.0276206
0.0275214
0.027652
0.0276807
0.027639
0.027422
0.0276666
0.0274396
0.0274957
0.0274595
0.0274467
0.027644
0.0274563
0.0275599
0.0275104
0.0274701
0.0276075
0.0288155
0.0186844
0.0253203
0.0266823
0.0267578
0.0275319
0.0277703
0.0272128
0.0274676
0.0276599
0.0273746
0.0275947
0.0276375
0.0276219
0.0272975
0.0273705
0.0276424
0.0273307
0.0275985
0.0276453
0.027394
0.0274062
0.0274341
0.0273764
0.027538
0.0274119
0.0275852
0.0274243
0.0274158
0.0276793
0.0274724
0.0275425
0.0274831
0.0274789
0.0274777
