0.0246188
0.0120966
0.0131664
0.0129232
0.0129901
0.0129423
0.00821335
0.0181362
0.0158251
0.0110839
0.0113762
0.0159639
0.00992927
0.0128532
0.0129732
0.0112226
0.0127708
0.013999
0.0143459
0.013552
0.0140635
0.0133248
0.0127012
0.0142735
0.0142039
0.0127542
0.0131719
0.0123862
0.0135192
0.0119605
0.0129958
0.0129944
0.013395
0.0137274
0.012217
0.0136159
0.0135903
0.0130367
0.0123726
0.0122671
0.0126394
0.0123214
0.012776
0.0134704
0.0130238
0.0135435
0.0127957
0.013521
0.0128475
0.0128322
0.0131523
0.0127343
0.0124796
0.0133661
0.0132658
0.00478067
0.0141248
0.0123302
0.0102787
0.0151237
0.0125143
0.0140723
0.0133112
0.0130727
0.0133429
0.013225
0.0128739
0.0130394
0.0129001
0.0128444
0.0129591
0.013101
0.012869
0.0128902
0.0128836
0.0130117
0.0130146
0.0128881
0.0128986
0.0129046
0.0128935
0.0129544
0.0129534
0.0129927
0.0129965
0.0129227
0.0129162
0.0129486
0.0129967
0.0129808
0.0129106
0.01298
0.0129845
0.0129708
0.0129883
0.0129277
0.0129606
0.0129681
0.0129872
0.0129492
0.0129879
0.0129777
0.00718413
0.0105766
0.0109478
0.00985903
0.0146967
0.0132752
0.0126857
0.0123682
0.012792
0.0128981
0.0130792
0.0127053
0.0129237
0.0132054
0.0131212
0.0128624
0.0129392
0.0130064
0.0130274
0.0130337
0.0128575
0.0130237
0.012956
0.0129953
0.0128877
0.0130136
0.0130117
0.0129685
0.0129369
0.0129795
0.0129426
0.0129711
0.0128955
0.0128979
0.0129362
0.0129839
0.0129782
0.012911
0.0129168
0.0129201
0.0129679
0.0129287
0.00745285
0.0112867
0.0109622
0.009161
0.0143499
0.0126054
0.0127435
0.012894
0.0121954
0.0129495
0.0136807
0.0131203
0.0129995
0.0128556
0.0127085
0.013122
0.0130456
0.012959
0.0128743
0.0127314
0.0132795
0.012714
0.0130133
0.0128919
0.0131823
0.0126692
0.0127118
0.0129367
0.0130429
0.0128872
0.0130225
0.0129104
0.0131546
0.0131485
0.013035
0.0128511
0.0128723
0.0131115
0.013094
0.0130834
0.0129114
0.0130539
0.00552267
0.0180957
0.0071112
0.0122475
0.0132399
0.0132801
0.0126737
0.0127539
0.0124951
0.0118828
0.0123957
0.0129076
0.0133695
0.0124612
0.0122183
0.0133669
0.0125283
0.0129579
0.013016
0.0124227
0.0124647
0.0131963
0.0124776
0.0132334
0.0126195
0.0126219
0.0126135
0.00697165
0.0172362
0.0128028
0.0143299
0.013753
0.0131804
0.013154
0.0113682
0.0132748
0.0115723
0.012284
0.0134426
0.0131105
0.013911
0.013571
0.0134269
0.0138865
0.0120258
0.0137619
0.0126335
0.0125034
0.0136496
0.0129638
0.0122338
0.0131586
0.0129312
0.0135206
0.013476
0.0135153
0.0131413
0.0124686
0.0125657
0.0124457
0.0132433
0.0134006
0.0124952
0.0126811
0.0126475
0.0125719
0.0220109
0.00882366
0.010936
0.015271
0.0122956
0.0122393
0.0115232
0.0123752
0.0133217
0.0123129
0.0128564
0.0130102
0.0128308
0.0129466
0.0128467
0.0129064
0.0129653
0.0130315
0.0128757
0.0130322
0.0130241
0.0130439
0.0130471
0.0129728
0.0129378
0.0129735
0.0128805
0.0130108
0.0130113
0.0130149
0.0130155
0.0129064
0.012215
0.0138069
0.0142369
0.014935
0.0117883
0.01017
0.0134927
0.0134203
0.0132588
0.0130518
0.0133741
0.0122913
0.0139313
0.0142281
0.0128802
0.0118208
0.0119614
0.0137535
0.014041
0.0137956
0.0138828
0.0121747
0.0129224
0.0135337
0.0122208
0.0125287
0.0123495
0.0121501
0.0128914
0.0124721
0.0122507
0.0136767
0.0125621
0.012928
0.0122799
0.0135741
0.0123387
0.0135364
0.012682
0.0132928
0.0133793
0.0124802
0.0129943
0.0126662
0.0129746
0.016689
0.0105318
0.0146803
0.0139274
0.0172064
0.0160535
0.0106314
0.0152595
0.0105684
0.0113928
0.0112099
0.0132477
0.011383
0.0115714
0.0132845
0.0139653
0.0117373
0.0122282
0.0136516
0.0178896
0.0131646
0.0105494
0.0127486
0.0141592
0.0131146
0.0127113
0.0126236
0.0131508
0.013025
0.0128938
0.0131108
0.0127939
0.0130751
0.0127899
0.0128671
0.012933
0.0130078
0.0128326
0.0128486
0.0128687
0.0129846
0.0129203
0.0128655
0.0130365
0.012956
0.0129474
0.0179784
0.00325973
0.012552
0.0154336
0.0112884
0.0117485
0.0127706
0.0139672
0.0130002
0.0109902
0.0139609
0.0137377
0.011315
0.014444
0.0119691
0.0137662
0.0119062
0.0141121
0.0127872
0.0133683
0.0118802
0.0128378
0.0139091
0.0129299
0.0138771
0.0136888
0.0122515
0.0130405
0.0125205
0.0132735
0.0125063
0.0128986
0.0136489
0.0128103
0.0136511
0.0123212
0.013176
0.0134544
0.013436
0.0132173
0.0125219
0.0124633
0.0132005
0.0134046
0.0124725
0.0133217
0.00973492
0.00853346
0.0100479
0.0125497
0.0117152
0.0123744
0.0131205
0.0132359
0.012943
0.0126557
0.0130937
0.0131532
0.0137066
0.0121408
0.0125812
0.0135101
0.0135461
0.0126734
0.0126207
0.0128512
0.0127131
0.0131421
0.0124463
0.0133605
0.0125523
0.0126538
0.0127816
0.0125655
0.012656
0.0131423
0.0130432
0.0131264
0.0148135
0.00764637
0.0148981
0.0118533
0.013035
0.0126568
0.0132121
0.0126012
0.0125304
0.0126808
0.0128224
0.0128276
0.0232824
0.00892891
0.0120915
0.0149536
0.0124533
0.0110328
0.0104322
0.0129494
0.012508
0.0113478
0.0120728
0.01273
0.0121271
0.0125449
0.0122209
0.0125046
0.0129533
0.0134861
0.0124105
0.0134803
0.0134146
0.013537
0.0135494
0.0130555
0.0128318
0.0130659
0.0125005
0.0133124
0.0133146
0.0133357
0.0133348
0.0126502
0.00899617
0.0167703
0.015471
0.0104416
0.0141718
0.0120494
0.014235
0.0129766
0.0127864
0.0134745
0.0127563
0.0130463
0.0130118
0.012803
0.0130877
0.0130629
0.0130469
0.013023
0.0128687
0.0130431
0.0129347
0.0128528
0.0129619
0.0128515
0.0130391
0.0128777
0.0129785
0.012997
0.01294
0.0129073
0.0129199
0.0128944
0.0128921
0.012929
0.0128982
0.0159358
0.016566
0.0113661
0.0163285
0.01363
0.0122942
0.0134278
0.0116601
0.0113397
0.0141881
0.0132638
0.0134691
0.0128366
0.0132562
0.0133142
0.0121966
0.0122564
0.0128557
0.0130944
0.0127977
0.0123408
0.0127756
0.0130962
0.0131397
0.0125801
0.013288
0.0126388
0.0131316
0.0132535
0.0125545
0.0133243
0.0132923
0.012875
0.0127906
0.0131116
0.00673553
0.0103352
0.00827312
0.0133317
0.0112099
0.0124658
0.0124627
0.0137157
0.0123889
0.013449
0.0104068
0.0200752
0.016337
0.00969498
0.0168459
0.0132075
0.0144608
0.0133599
0.013063
0.0129996
0.0138253
0.0121555
0.0117288
0.0140931
0.0118837
0.0131826
0.0136923
0.0132432
0.0123525
0.0122497
0.0121695
0.0131269
0.013152
0.0133909
0.0135932
0.0134106
0.0131241
0.0135249
0.0128942
0.0135153
0.0135039
0.0131396
0.013384
0.0125596
0.013334
0.0129932
0.0134346
0.0126461
0.0131695
0.013052
0.0133545
0.0125791
0.0131352
0.012603
0.0128084
0.0132997
0.0131716
0.0128345
0.0171333
0.00574644
0.0144325
0.0144779
0.0142153
0.013782
0.0123576
0.0131597
0.0131858
0.0122836
0.0129814
0.0126036
0.0131726
0.0126197
0.0124576
0.0129275
0.0132346
0.013135
0.0131801
0.0128397
0.0148156
0.00778186
0.0144569
0.011081
0.0131755
0.012245
0.013515
0.0121892
0.0120858
0.0123674
0.0126612
0.0126735
0.0207905
0.0128033
0.0128328
0.0140252
0.0133734
0.0135458
0.0131694
0.0130309
0.0132143
0.0132031
0.013252
0.0126718
0.0131918
0.0158981
0.017596
0.0162609
0.0119347
0.012648
0.0135034
0.0111655
0.0128907
0.0139095
0.0129625
0.0127159
0.013861
0.0135312
0.0118766
0.0135101
0.0123498
0.0123789
0.0121427
0.0137417
0.0121996
0.0126488
0.0136301
0.0136094
0.0122958
0.01342
0.0129675
0.0135342
0.0128764
0.0135202
0.0124269
0.0124766
0.0130618
0.0130023
0.0128301
0.012461
0.0127632
0.0126497
0.0132764
0.0129772
0.0125892
0.0127554
0.0127803
0.0126345
0.0126775
0.0126016
0.0129847
0.0147797
0.0162322
0.0111122
0.0116342
0.012273
0.0130379
0.0126825
0.0124266
0.0130018
0.0131515
0.0131899
0.0131635
0.013007
0.0127441
0.0129318
0.0129889
0.0127992
0.0128649
0.012798
0.0128036
0.0128278
0.000412876
0.0170048
0.0158662
0.0124899
0.0170778
0.00721514
0.0143568
0.0155915
0.00990325
0.0106744
0.0109901
0.0121311
0.0143713
0.0113889
0.0117825
0.0117411
0.0121203
0.0176345
0.0134794
0.0123696
0.0147757
0.0140058
0.0122473
0.0140629
0.0124816
0.0116013
0.0130584
0.0118987
0.0130982
0.0129956
0.0135369
0.013571
0.0134735
0.0133136
0.0134331
0.0124333
0.0132865
0.0129664
0.00899397
0.0163535
0.00984247
0.0156221
0.0152262
0.0122331
0.0115868
0.0143588
0.0133186
0.0136392
0.0123809
0.0130856
0.0121054
0.0134698
0.0135301
0.0136349
0.0136178
0.0122908
0.0133866
0.012949
0.0123674
0.0125918
0.0129761
0.0132861
0.0126145
0.01292
0.0126783
0.0125666
0.0178919
0.0166577
0.0105027
0.0126259
0.0116035
0.0120127
0.0126584
0.0133258
0.0133483
0.0130508
0.0133112
0.0127789
0.0130436
0.0132067
0.0126485
0.0130379
0.0127673
0.013189
0.0129725
0.0130898
0.0130815
0.00914611
0.016007
0.0089745
0.0114594
0.012997
0.0126189
0.0132105
0.0126891
0.013374
0.0131971
0.0130582
0.0129944
0.00992546
0.0145162
0.0100056
0.0137181
0.00888936
0.0135216
0.0140216
0.0124805
0.0139424
0.0144895
0.0144308
0.0125241
0.0131287
0.0141353
0.0122907
0.0137448
0.0119993
0.013393
0.0120668
0.0138002
0.0121091
0.0124388
0.0137046
0.0132328
0.0137237
0.0128629
0.0132484
0.0125834
0.012844
0.0134866
0.0133004
0.0135929
0.0135871
0.0134715
0.0133477
0.0133391
0.0124237
0.0133638
0.0125913
0.0124637
0.012453
0.0130021
0.0127955
0.0130316
0.0125064
0.0134068
0.0133787
0.0127016
0.0128296
0.0127953
0.0132176
0.0128669
0.0133281
0.0127486
0.000968973
0.0150381
0.0115854
0.013112
0.0113468
0.0120252
0.0126165
0.0156094
0.0166996
0.0150536
0.0107688
0.0155574
0.0102449
0.0103524
0.0109088
0.0128525
0.0130223
0.0136434
0.0120124
0.0120528
0.0137063
0.0122601
0.012202
0.0136262
0.0135859
0.0134992
0.0135506
0.0133027
0.0134532
0.012904
0.0133272
0.0128533
0.0128165
0.0129118
0.0125816
0.0126545
0.0126144
0.0126561
0.0126012
0.00194473
0.0154123
0.0153725
0.0147332
0.0129093
0.0150281
0.0130419
0.0130277
0.0118811
0.0139433
0.0124665
0.0137468
0.0134229
0.0122936
0.011978
0.0120416
0.0129443
0.0137474
0.0121091
0.0122223
0.012192
0.0127121
0.0126077
0.0134139
0.0127739
0.0133682
0.0135244
0.0123836
0.0133139
0.0133575
0.0129437
0.0125695
0.0124768
