0.00631501
0.015489
0.0156546
0.0159297
0.0156936
0.0157316
0.0157577
0.0167824
0.016716
0.0152749
0.0163289
0.0155269
0.0163515
0.0158376
0.0159088
0.0157482
0.0160526
0.0158585
0.0158616
0.0155179
0.0155635
0.0158185
0.0159475
0.015922
0.0155969
0.0156787
0.0156678
0.0157904
0.0156015
0.0158944
0.0157033
0.0156204
0.0158867
0.0156335
0.0156441
0.0156611
0.0158754
0.0157196
0.0158546
0.0157026
0.0158647
0.015777
0.0157163
0.015666
0.0157481
0.015808
0.0157592
0.0157453
0.0157297
0.0156778
0.0157196
0.015758
0.0157331
0.015688
0.0156886
0.0150795
0.0149543
0.0160817
0.0154193
0.0155022
0.0155731
0.0155615
0.0156978
0.0159068
0.0156706
0.0157525
0.0157776
0.0157324
0.0157128
0.0157902
0.0157558
0.015739
0.0157448
0.015741
0.015743
0.0157429
0.0157509
0.0157639
0.015757
0.0157444
0.0157619
0.0157434
0.0157464
0.0157487
0.0157518
0.0157575
0.015758
0.0157454
0.0157451
0.015755
0.0157487
0.0157532
0.0157468
0.0157549
0.015751
0.015752
0.01576
0.0157485
0.0157575
0.0157475
0.0157534
0.015749
0.015759
0.0169342
0.0163503
0.0153934
0.0158406
0.0154978
0.015825
0.015795
0.0157512
0.0157606
0.0157051
0.0157176
0.0157194
0.0157251
0.0157309
0.0157726
0.0157363
0.0157689
0.0157389
0.0157432
0.0157399
0.0157635
0.0157557
0.0157402
0.015763
0.0157412
0.0157622
0.0157469
0.0157444
0.0157442
0.015761
0.0157619
0.0157575
0.0157572
0.0157617
0.0157453
0.0157596
0.0157535
0.0157563
0.0157587
0.0157506
0.0157601
0.0169342
0.0163503
0.0154154
0.0158389
0.0155397
0.0159328
0.015786
0.0157584
0.0156767
0.0157672
0.0156324
0.0157818
0.0157856
0.0157914
0.015718
0.0157988
0.0157276
0.0158017
0.0157855
0.0157966
0.0157297
0.0157587
0.0157975
0.0157078
0.0157943
0.0157206
0.0157801
0.0157866
0.015787
0.0157271
0.0157212
0.0157418
0.0157431
0.0157229
0.0157834
0.0157324
0.0157569
0.0157458
0.015736
0.0157667
0.0157303
0.0127854
0.0161386
0.0161825
0.0158108
0.0154465
0.0158071
0.0157554
0.0158567
0.015673
0.0155908
0.0155833
0.015787
0.0157927
0.0157339
0.0156851
0.015783
0.0158436
0.0157031
0.0158127
0.0156666
0.0157969
0.0158065
0.0156765
0.0156807
0.015689
0.0156997
0.0156919
0.00425809
0.016414
0.0163598
0.0163133
0.0162168
0.0156891
0.0157618
0.0156628
0.0155237
0.0157672
0.0157568
0.0155852
0.0159029
0.0157175
0.0158266
0.015647
0.0155992
0.0156548
0.0156333
0.0158319
0.0157945
0.0156281
0.0156494
0.0156597
0.0156878
0.0158536
0.0158387
0.0156549
0.0156798
0.0157181
0.0156678
0.0158206
0.0158118
0.0158162
0.0157107
0.0157951
0.0157393
0.0157709
0.0158153
0.0156968
0.0158143
0.0143012
0.015693
0.0154306
0.0153878
0.0154336
0.0155697
0.0157054
0.0157969
0.0157619
0.015762
0.0156999
0.0157813
0.0157187
0.0157145
0.0157596
0.0157638
0.0157322
0.0157325
0.0157604
0.0157337
0.0157367
0.0157507
0.015743
0.0157513
0.0157404
0.0157544
0.0157408
0.0157409
0.0157627
0.0157463
0.0157459
0.0157443
0.0157586
0.0246821
0.01518
0.0155216
0.0160006
0.0156147
0.015609
0.0157278
0.0156798
0.0157598
0.0155779
0.0158264
0.0155108
0.0159478
0.01598
0.0155429
0.0155719
0.0157467
0.015732
0.0158873
0.0156536
0.0156277
0.0156151
0.0157392
0.0156867
0.0156121
0.0156301
0.0156846
0.0158523
0.0158549
0.0158796
0.0158729
0.0156607
0.0157239
0.0156427
0.0158303
0.0157612
0.0157721
0.015822
0.015813
0.0156767
0.0156683
0.0157349
0.0157123
0.0158433
0.0158409
0.0158189
0.0156807
0.0156935
0.0171411
0.0133321
0.0169049
0.0147458
0.0154098
0.0152683
0.0156007
0.0156492
0.015879
0.0155475
0.0153739
0.0154442
0.0155033
0.0158802
0.0154985
0.0154408
0.0156521
0.0158987
0.0157732
0.015752
0.0167478
0.0152405
0.0149851
0.0155506
0.0160581
0.0157598
0.0157289
0.0156608
0.0157221
0.0157655
0.0157629
0.0157484
0.0157572
0.0157385
0.0157209
0.0157301
0.0157618
0.0157273
0.0157689
0.0157339
0.0157416
0.015768
0.015764
0.0157539
0.0157374
0.0157411
0.0157456
0.0157429
0.0145736
0.0159309
0.0161277
0.0154122
0.0158318
0.0157792
0.0156284
0.0161215
0.0157682
0.0160279
0.0155388
0.0159066
0.0159976
0.0158087
0.015962
0.0159438
0.0157099
0.0155621
0.0159329
0.0159294
0.015624
0.0155983
0.0156565
0.0157479
0.0158733
0.0158912
0.0158926
0.0156221
0.015771
0.0156446
0.0156488
0.0156409
0.0158632
0.0156648
0.0156664
0.0157784
0.0158497
0.0158404
0.0158441
0.0157343
0.0157237
0.0156656
0.015829
0.0158405
0.0156925
0.0158265
0.0157966
0.015661
0.0161072
0.0154085
0.0152318
0.0152979
0.0154895
0.0158567
0.0157653
0.0157497
0.015876
0.0156013
0.0157056
0.0158137
0.0156632
0.0157025
0.0156463
0.0158038
0.0158368
0.0158358
0.0157353
0.0157809
0.015697
0.015749
0.0157379
0.0158141
0.0158144
0.0157527
0.0156965
0.0158086
0.0156996
0.0157867
0.0157922
0.0154873
0.013677
0.0173014
0.0155987
0.0155068
0.0157582
0.0156095
0.0157269
0.015686
0.015671
0.0157922
0.0156844
0.0156854
0.0143012
0.0154612
0.0156033
0.0155012
0.0152651
0.0153722
0.0158358
0.0156846
0.0156279
0.0158843
0.0155694
0.0159036
0.01559
0.0155945
0.0158137
0.0158384
0.0156298
0.0156327
0.0157945
0.0156428
0.0156491
0.0157259
0.0156812
0.0157317
0.0156703
0.0157548
0.0156765
0.0156757
0.0158103
0.0157055
0.0157033
0.0156944
0.0157835
0.00943072
0.0149321
0.0155682
0.0153193
0.0159259
0.0159637
0.0155023
0.0158955
0.0158057
0.0157091
0.0157777
0.01573
0.0157705
0.0157728
0.0157625
0.0157628
0.0157452
0.0157483
0.0157685
0.0157604
0.015768
0.0157617
0.0157675
0.0157576
0.0157526
0.0157602
0.015744
0.0157621
0.0157654
0.015743
0.0157637
0.0157589
0.0157636
0.0164285
0.0161496
0.0160352
0.0152068
0.0160808
0.015973
0.0158287
0.0157493
0.0158467
0.0157685
0.0156232
0.0155864
0.0157304
0.0156763
0.0158131
0.0158635
0.0158622
0.0157569
0.0157468
0.015656
0.0156585
0.0157856
0.0157511
0.0157161
0.0158296
0.015676
0.015751
0.0157766
0.0156945
0.0158151
0.0157334
0.0157705
0.0158044
0.0157847
0.0158048
0.0115382
0.012101
0.0144208
0.0140602
0.0158267
0.0153213
0.015345
0.0153746
0.0155249
0.0156114
0.0156604
0.0155697
0.0486213
0.0154014
0.0162316
0.0153225
0.01552
0.0155742
0.0157435
0.0157526
0.0157165
0.0157977
0.0157725
0.0155618
0.0157559
0.0157704
0.015862
0.0158762
0.0158947
0.0158476
0.0156526
0.0156499
0.0157943
0.0158714
0.0156386
0.0157804
0.0156896
0.015657
0.0158384
0.0158401
0.0157256
0.0158227
0.0158407
0.0158225
0.0157184
0.0157629
0.0158364
0.0158324
0.0157262
0.0158234
0.0158042
0.0157887
0.0158191
0.0156956
0.0157092
0.015695
0.0157017
0.0158139
0.015785
0.015713
0.0157614
0.0136643
0.0168253
0.0148956
0.0147468
0.0152553
0.0156925
0.0157873
0.0157625
0.015697
0.0157631
0.0157806
0.015624
0.0156432
0.0157022
0.0156589
0.0157226
0.0157672
0.0157657
0.0157269
0.0153497
0.013284
0.0172282
0.0153745
0.0153697
0.0157505
0.0154803
0.0156711
0.0155966
0.0155782
0.0158368
0.0156073
0.0156053
0.0131001
0.0179804
0.0156226
0.0156882
0.0157976
0.0158063
0.0158078
0.0157045
0.0157408
0.0158223
0.0157414
0.0152435
0.0158803
0.0164411
0.0159947
0.0161438
0.0157532
0.0160881
0.0156954
0.0155081
0.015769
0.0157527
0.0159565
0.0156901
0.0157619
0.015624
0.0156185
0.015896
0.0157196
0.0157496
0.0157317
0.0157883
0.0156377
0.0158634
0.0157326
0.0157329
0.0157642
0.0158147
0.015694
0.0157311
0.0157628
0.0158392
0.0158347
0.0156734
0.0157291
0.015797
0.015807
0.0158162
0.01575
0.0157974
0.0158194
0.0157454
0.0157906
0.0157914
0.0158162
0.0157526
0.0158077
0.0138144
0.0146149
0.0165336
0.0146836
0.0153648
0.0157819
0.0157557
0.0157816
0.0157011
0.0156971
0.0157121
0.0157527
0.0157594
0.0157187
0.0157208
0.015727
0.0157309
0.0157268
0.0157274
0.0165128
0.0163446
0.0145818
0.0148799
0.0152242
0.0152674
0.015867
0.0152844
0.0151473
0.0153753
0.0154294
0.0154481
0.0154426
0.0156048
0.0156451
0.0154605
0.0156858
0.015876
0.0180027
0.0144441
0.014029
0.016411
0.0158394
0.015449
0.0154927
0.0156613
0.0157868
0.0155282
0.0155398
0.015602
0.0156302
0.0156608
0.015739
0.012788
0.0161606
0.0161806
0.015791
0.0154245
0.0158014
0.0157609
0.0158698
0.0156602
0.0155743
0.0155649
0.0157901
0.0157966
0.01573
0.0156754
0.0157859
0.0158541
0.0156959
0.0158196
0.0156555
0.0158018
0.0158127
0.0156672
0.0156715
0.0156808
0.0156926
0.0156842
0.0147592
0.0157309
0.0156991
0.0153442
0.0158113
0.0158251
0.0158749
0.0156778
0.0158595
0.0157251
0.0158323
0.0156976
0.015737
0.0157742
0.0158094
0.0157976
0.0157584
0.0157698
0.0157424
0.015764
0.0183084
0.0131203
0.0136315
0.015037
0.0151725
0.0154041
0.0156938
0.0157279
0.0156614
0.0156509
0.0156482
0.0157886
0.015992
0.0154404
0.0161695
0.0163053
0.0159599
0.015782
0.0163517
0.0156797
0.0161279
0.0158271
0.0160123
0.0157984
0.0159013
0.0157202
0.0157409
0.0159323
0.0156128
0.0158457
0.0159028
0.0158497
0.0158496
0.0157726
0.0158676
0.0158752
0.0157125
0.0156591
0.0158369
0.0158016
0.0157319
0.0158642
0.0158614
0.0157754
0.0156627
0.0158201
0.0157697
0.0158329
0.0156814
0.0157903
0.0156999
0.0156812
0.0157193
0.0156821
0.0158029
0.0156854
0.0158213
0.0158236
0.0156874
0.0157364
0.015729
0.0157034
0.0157953
0.0158158
0.0157154
0.0157973
0.00578289
0.01204
0.0155205
0.0155725
0.0159042
0.015704
0.0137348
0.0146363
0.016296
0.0159117
0.0152165
0.0156608
0.0156563
0.0155397
0.0158555
0.0156944
0.0155706
0.0158098
0.0156008
0.0157387
0.0156249
0.0158536
0.0157006
0.0157078
0.0156824
0.0157816
0.0158038
0.0157496
0.0157752
0.015667
0.0157639
0.0157853
0.0157986
0.0157772
0.0157855
0.0156973
0.0157678
0.0157124
0.0175592
0.014447
0.0163917
0.015931
0.0159355
0.0154303
0.0159338
0.0158696
0.0154046
0.0158553
0.0159562
0.0156202
0.0155825
0.0155632
0.0158776
0.0158811
0.0156032
0.0157047
0.0156211
0.015616
0.0156232
0.0156332
0.0156729
0.0156309
0.0156699
0.0156489
0.0157604
0.0158302
0.015764
0.0156867
0.0156732
0.0157936
