0.00153416
0.00118551
0.00151799
0.00147801
0.00148904
0.00389649
0.00128361
0.00229479
0.00316893
0.00165791
0.00115107
0.0013824
0.00145685
0.00204862
0.00157886
0.00138374
0.00189568
0.00149254
0.00104926
0.00162067
0.0014021
0.00172691
0.00190809
0.0018523
0.00185276
0.00181052
0.00114444
0.00181311
0.00156222
0.0017373
0.00118038
0.0015523
0.00131024
0.00157042
0.00132709
0.00173439
0.00149411
0.00170755
0.00129185
0.00136248
0.00157657
0.0016361
0.00127833
0.00167618
0.00137711
0.00164523
0.00131222
0.00159645
0.00134658
0.00132183
0.00134554
0.00143663
0.0019996
0.00159005
0.00215952
0.00199512
0.00160378
0.00180837
0.00191017
0.00121803
0.00145838
0.00119978
0.00130478
0.00139395
0.0013899
0.00156197
0.00151854
0.00148827
0.00146511
0.00144298
0.0015151
0.00150828
0.0014563
0.00150763
0.00147634
0.00150429
0.00149418
0.00147105
0.00150469
0.00149628
0.00149395
0.00146631
0.00149166
0.0014654
0.00148291
0.00149692
0.00150062
0.00147053
0.0014673
0.00149774
0.0014704
0.00149227
0.0014977
0.00149489
0.00149095
0.00149412
0.00148649
0.0014894
0.0014702
0.0014728
0.00207125
0.00153507
0.00189537
0.000814974
0.000906467
0.00194776
0.00161284
0.00164806
0.00139706
0.00142
0.00156778
0.00155412
0.00140368
0.00144632
0.00141121
0.00143538
0.00144144
0.00151658
0.00149966
0.00151201
0.00146274
0.00151323
0.00151328
0.00147552
0.00146294
0.00148385
0.00148411
0.001465
0.00146616
0.00150272
0.00150183
0.00146662
0.00149011
0.00149008
0.00147325
0.00148236
0.00148895
0.00149123
0.00148948
0.00146842
0.00149517
0.00206732
0.00153242
0.00187785
0.000557926
0.00103203
0.0021939
0.00141478
0.00187509
0.0011782
0.00120792
0.00139831
0.00174624
0.00146161
0.00160572
0.00151063
0.00150329
0.00154377
0.00137096
0.00142464
0.00139124
0.0015989
0.00138313
0.00138354
0.00148418
0.00155852
0.00146218
0.00146371
0.00154773
0.00154139
0.00141127
0.00141462
0.00154267
0.00144924
0.00144937
0.00151315
0.00147743
0.00145407
0.00144702
0.00145352
0.0015346
0.00143496
0.00484141
0.00283942
0.00189836
0.00286201
0.00131833
0.00214573
0.00146851
0.00205737
0.00179365
0.00188069
0.00148024
0.00124503
0.00175296
0.00124905
0.00140418
0.00152113
0.00146892
0.00130294
0.00162838
0.00137495
0.00143387
0.00136002
0.00161994
0.00163439
0.00162243
0.0013588
0.00160207
0.00194521
0.00172766
0.0015736
0.00115166
0.00148204
0.00129875
0.00145065
0.00147472
0.00145659
0.00146789
0.00101866
0.00121323
0.00108625
0.00188999
0.00164432
0.00113652
0.0011562
0.00177125
0.00166017
0.00132523
0.00126079
0.00122947
0.00140748
0.00124398
0.00141402
0.00125718
0.0016992
0.00166548
0.00164252
0.00149969
0.00166488
0.00130201
0.00140235
0.00144271
0.00149035
0.00164532
0.00160339
0.00135629
0.00142486
0.00160665
0.00203913
0.0012374
0.00259697
0.00106504
0.00218662
0.0013239
0.00142444
0.00156256
0.00149205
0.0016703
0.001633
0.00161943
0.00144827
0.00146251
0.00147107
0.00145958
0.00143566
0.00144206
0.00151858
0.00152297
0.00148499
0.00150252
0.00147194
0.00146975
0.001472
0.00146728
0.0015055
0.00147795
0.00145777
0.00149271
0.00150421
0.00148635
0.0015048
0.00108823
0.000919371
0.00205838
0.00150823
0.00172126
0.000397
0.00178899
0.00096052
0.000642772
0.00142498
0.000859036
0.000924634
0.00204059
0.00148755
0.00100275
0.00154464
0.00102375
0.00127147
0.00105368
0.00107335
0.0010954
0.0016956
0.00156354
0.00165494
0.00128252
0.00176593
0.00163048
0.00171905
0.00151101
0.00133804
0.00132805
0.00150766
0.00122581
0.00131903
0.00173129
0.00123814
0.00165317
0.00150425
0.00167875
0.00162347
0.00127902
0.00141892
0.00132761
0.00147051
0.00130352
0.00165234
0.00131386
0.00153002
0.00362029
0.00249643
0.00206737
0.00150879
0.00138818
0.00177886
0.00125182
0.00252676
0.000864961
0.0013413
0.00227757
0.00215166
0.00109088
0.00122912
0.00184075
0.00196823
0.00187992
0.00176524
0.00170125
0.00328738
0.000822635
0.000733017
0.00162584
0.00125419
0.00161579
0.00140309
0.00144107
0.00144562
0.00158873
0.00142412
0.00146718
0.00156644
0.00144682
0.00153666
0.001513
0.00144949
0.0015159
0.00148195
0.00147366
0.00152233
0.00150305
0.00147404
0.00150282
0.00146763
0.00150382
0.001493
0.00221862
0.00300895
0.00210076
0.00132211
0.00170143
0.00192726
0.00156565
0.00133887
0.00144903
0.00109866
0.00229119
0.00208199
0.00204066
0.00103819
0.00105556
0.00122935
0.00197524
0.00150574
0.0018448
0.00186317
0.00188861
0.00122459
0.00115897
0.00184137
0.00153846
0.00120426
0.00163403
0.00118281
0.00133669
0.00151751
0.00175467
0.00174053
0.00170246
0.00167149
0.00135273
0.00172061
0.00124602
0.00150079
0.0013753
0.0016824
0.0016937
0.00134851
0.00141132
0.00137281
0.00139237
0.0015927
0.00145935
0.00165511
0.0016516
0.000803654
0.00126393
0.0031099
0.00269327
0.000621057
0.00168491
0.0013813
0.00176806
0.00198112
0.00146187
0.00179699
0.00167045
0.00176451
0.00147256
0.00121463
0.00168092
0.00174381
0.00170714
0.00131546
0.00130987
0.00146073
0.00131439
0.00131169
0.0016373
0.00132997
0.00162051
0.00145182
0.00151263
0.00161342
0.00152961
0.00151339
0.0015454
0.00146604
0.00158393
0.00159901
0.00350558
0.00229611
0.00145111
0.00157993
0.00156072
0.00139899
0.00155567
0.00149991
0.00145235
0.00154875
0.00142277
0.00140285
0.00203809
0.000731026
0.00305338
0.00112476
0.00260293
0.00165539
0.00144861
0.00190551
0.00181122
0.00198882
0.00194021
0.00192523
0.00161216
0.00162047
0.00146125
0.00129628
0.00119269
0.00121849
0.00171002
0.00172055
0.0015166
0.00162183
0.00142168
0.00140543
0.00141997
0.00138756
0.00162973
0.00145864
0.00132846
0.00155115
0.00161753
0.00151078
0.00161804
0.0022613
0.000578242
0.000518454
0.000892101
0.00188004
0.00110477
0.00146685
0.00137147
0.00149936
0.00133541
0.0014481
0.00154613
0.00153346
0.00140931
0.00153657
0.00153427
0.00145599
0.00152577
0.00150237
0.00147454
0.0015207
0.00146141
0.00148802
0.00150689
0.00148126
0.00145462
0.00149427
0.00147663
0.00149476
0.00148908
0.00146109
0.00146373
0.00146906
0.00125829
0.00142546
0.00199271
0.00125724
0.000750645
0.00159156
0.00147615
0.00145131
0.00106463
0.0015378
0.00145346
0.00117213
0.00132733
0.00170864
0.00155967
0.00137942
0.00174536
0.00136611
0.00172565
0.00126785
0.00153526
0.00136616
0.0016627
0.00142803
0.00134719
0.0016014
0.00136777
0.00134015
0.0014113
0.00142884
0.00160025
0.00158708
0.00136803
0.000830466
0.00110725
0.000731478
0.000893573
0.00139702
0.00136654
0.00208005
0.00128768
0.00188648
0.00178992
0.00179296
0.00139633
0.00175783
0.00108635
8.65681e-05
0.00197202
0.00189446
0.00125881
0.000675543
0.00136323
0.00188058
0.000824332
0.00162477
0.00147252
0.000961573
0.00146336
0.00162236
0.00115152
0.00182531
0.00165525
0.00167501
0.00120301
0.00138513
0.00127562
0.00137035
0.00127716
0.00148412
0.00127796
0.00158484
0.00142702
0.00129911
0.00155109
0.00165804
0.00164242
0.00147892
0.00161197
0.00136476
0.00163367
0.00156405
0.0015908
0.0013896
0.00134607
0.00156497
0.00159078
0.00158819
0.00136337
0.0015982
0.00152366
0.00150211
0.00155108
0.0030354
0.00234563
0.0018464
0.00123555
0.00154279
0.00123765
0.00196735
0.00172225
0.00127539
0.0012812
0.00138229
0.00155715
0.00172167
0.00171145
0.00168339
0.00140464
0.00138183
0.00152657
0.00148272
0.00143657
0.00131009
0.00354185
0.00269302
0.0015343
0.00179407
0.00171927
0.00130187
0.00165669
0.001536
0.00142542
0.00163483
0.00135494
0.00131033
0.00412409
0.00154692
0.00169551
0.00120098
0.00148469
0.00129673
0.00133968
0.00135892
0.00159331
0.00138703
0.00139728
0.00144621
0.000434069
0.000148546
0.000255441
0.00253867
0.00228367
0.00102631
0.00162163
0.00141487
0.000843764
0.00141594
0.00097989
0.00160116
0.00178438
0.00173514
0.00163603
0.00148721
0.0017804
0.00117836
0.00142309
0.00125503
0.00138656
0.00135031
0.0017321
0.00124921
0.00155529
0.0013309
0.00139243
0.00160678
0.00152388
0.00132813
0.00165736
0.00133699
0.0016047
0.00160255
0.00139137
0.00161125
0.00163263
0.00150764
0.0014303
0.00139377
0.00134999
0.00135247
0.00135509
0.00150763
0.00158952
0.00137236
0.00246786
0.00264279
0.00175508
0.00167701
0.00141433
0.00121328
0.00140369
0.00139855
0.00140079
0.00146441
0.00141191
0.00147607
0.00156116
0.00142573
0.00156653
0.00155209
0.0014995
0.00147755
0.00143335
0.00149071
0.00151262
0.00577594
0.00130283
0.00590377
0.00405087
0.00359446
0.000391429
0.00157495
0.00064599
0.00166065
0.00258669
0.000822302
0.0023134
0.000998517
0.00212972
0.00154438
0.00141873
0.00121971
0.0019632
0.00157677
0.00116162
0.00123648
0.00339939
0.00464806
0.00237608
0.00148909
0.00148353
0.00205498
0.00205694
0.0015527
0.001887
0.00181668
0.00133398
0.00180398
0.00160602
0.00167903
0.00172013
0.00169561
0.00162402
0.00495139
0.00293846
0.00188411
0.00293988
0.00134018
0.00220248
0.00145841
0.00211083
0.0018324
0.00192174
0.0014836
0.00121651
0.00178574
0.00122127
0.00139596
0.0015278
0.00146845
0.00128161
0.00164715
0.00136213
0.00142842
0.00134526
0.00163733
0.00165297
0.00163967
0.00134384
0.00161722
0.00869125
0.00278584
0.00198474
0.00169658
0.00139188
0.00150876
0.00132689
0.00137385
0.00156747
0.00135517
0.00139238
0.00156173
0.00148724
0.00150614
0.00138995
0.00143282
0.00140499
0.00145878
0.00315039
0.00156001
0.00146315
0.00137505
0.00137596
0.001613
0.00140982
0.00166194
0.00150923
0.00147979
0.00142462
0.00697236
0.00414666
0.00189633
0.00213846
0.00136806
0.00167078
0.00182976
0.00152709
0.00123356
0.00150119
0.00101831
0.00104376
0.00107247
0.00141196
0.00139228
0.00174622
0.00132423
0.00117167
0.00154185
0.00117695
0.00117977
0.00119321
0.00132969
0.00121995
0.00148097
0.00124213
0.00159998
0.00134044
0.00169127
0.00154206
0.00127991
0.0016911
0.00160983
0.00134724
0.00131001
0.00143606
0.00129759
0.00129961
0.00134125
0.00140493
0.00144401
0.00136255
0.00154982
0.00162242
0.00136037
0.00162688
0.00160548
0.00150973
0.00141455
0.00156324
0.00144824
0.00137387
0.00136323
0.000112281
0.0012055
0.00257855
0.00229824
0.00205348
0.00195433
0.00820774
0.00914962
0.00329778
0.00228758
0.00108894
0.00176764
0.00126592
0.00143945
0.00144423
0.00151192
0.00173588
0.00138128
0.00177547
0.00156902
0.00138967
0.00175513
0.0014745
0.00127047
0.00169695
0.00160297
0.00145656
0.00167482
0.0013443
0.00156282
0.00156041
0.00136499
0.00161455
0.00159948
0.00139597
0.00136358
0.00137867
0.00137079
0.00179974
0.00471903
0.00267308
0.000240983
0.00233618
0.00204094
0.000996685
0.00152129
0.00120391
0.00112239
0.00167024
0.00108035
0.0017154
0.00159973
0.00118748
0.00128802
0.00120397
0.0016896
0.00126727
0.00174766
0.00174291
0.00123332
0.00169334
0.00154775
0.00170316
0.00170262
0.0013632
0.00150912
0.00152563
0.00164296
0.00131916
0.00133136
0.00152039
