0.0247347
0.0235677
0.0236818
0.0235974
0.0235785
0.023552
0.0231508
0.0229825
0.0231545
0.0237691
0.0237372
0.0233131
0.0236565
0.0233383
0.0234007
0.0236912
0.023716
0.0236473
0.0235862
0.0237689
0.0234336
0.0235954
0.0235568
0.0234801
0.0235073
0.0234568
0.023626
0.0236071
0.0234556
0.0236636
0.0235164
0.0234931
0.0235539
0.0235578
0.0234986
0.0235612
0.0236406
0.023478
0.0234974
0.0236127
0.0234877
0.0235359
0.0236002
0.0236129
0.0235838
0.0235698
0.023502
0.0235575
0.0236159
0.0236153
0.02361
0.0236147
0.0236082
0.0230097
0.023512
0.0239489
0.0233071
0.0235328
0.0235632
0.0236194
0.0234628
0.023484
0.0236142
0.0234959
0.0236021
0.0235423
0.0235097
0.0235657
0.0235547
0.0235494
0.0235638
0.023565
0.0235515
0.0235643
0.0235595
0.0235547
0.0235533
0.0235505
0.023561
0.0235608
0.0235505
0.0235505
0.0235525
0.0235586
0.0235618
0.0235541
0.0235627
0.0235627
0.0235556
0.0235585
0.0235514
0.0235543
0.0235516
0.0235584
0.0235527
0.0235597
0.0235583
0.0235535
0.0235575
0.0235553
0.0235593
0.0235587
0.0240139
0.023396
0.022933
0.0233933
0.0233799
0.0237383
0.0234
0.0235602
0.0236023
0.0235711
0.0235128
0.0235412
0.0235423
0.0235536
0.0235554
0.0235537
0.023545
0.0235672
0.0235471
0.0235603
0.0235536
0.0235504
0.0235495
0.0235556
0.0235496
0.0235616
0.023555
0.0235642
0.0235539
0.0235632
0.0235511
0.0235517
0.023563
0.0235547
0.0235559
0.023559
0.0235602
0.0235616
0.0235599
0.0235608
0.0239912
0.0233958
0.022836
0.0233996
0.0232873
0.0237123
0.0234356
0.0234853
0.0235408
0.0236352
0.0235247
0.0236
0.0235584
0.0236053
0.0235485
0.0236045
0.0235625
0.0235225
0.0235791
0.0235405
0.0235571
0.0235709
0.0235846
0.0235519
0.0235885
0.0235362
0.0235564
0.0235302
0.023563
0.0235331
0.0235764
0.0235738
0.0235337
0.0235606
0.0235568
0.0235456
0.0235419
0.0235378
0.023543
0.02354
0.0244602
0.0228762
0.0236559
0.0229159
0.0233296
0.0231888
0.0234511
0.0235588
0.0235783
0.0235027
0.0235627
0.0234914
0.02362
0.0235974
0.0235579
0.023463
0.0236079
0.0235742
0.0234917
0.0234917
0.0235905
0.0234946
0.0234992
0.023541
0.0235032
0.0235058
0.0235291
0.0232903
0.0234783
0.023322
0.023132
0.0236864
0.0236681
0.0235929
0.0235215
0.0233161
0.0235902
0.0235463
0.0235443
0.0235299
0.0236706
0.0235015
0.0236673
0.0234444
0.0236076
0.023606
0.0234545
0.0235351
0.0234735
0.0235955
0.0235765
0.0235869
0.0234803
0.023481
0.023617
0.0236135
0.0234971
0.0236149
0.0235735
0.0235272
0.0235208
0.0235334
0.023504
0.0235218
0.0235611
0.0235883
0.0236002
0.0238201
0.0235172
0.0237972
0.0232096
0.0237599
0.0236601
0.0237007
0.0234788
0.0234812
0.0235771
0.0235789
0.0235574
0.0235555
0.0235523
0.0235424
0.0235425
0.0235551
0.0235429
0.0235488
0.0235453
0.0235495
0.0235521
0.0235554
0.0235607
0.0235475
0.0235472
0.0235496
0.0235576
0.0235482
0.0235531
0.0235486
0.0235634
0.0245768
0.0231816
0.0237274
0.0241082
0.0239015
0.0234864
0.0234624
0.0237465
0.0233034
0.0235985
0.0235716
0.023737
0.0235354
0.0236402
0.0237278
0.0236643
0.0236951
0.0235986
0.0234379
0.0235721
0.0234471
0.0235163
0.0236819
0.0235181
0.0234673
0.0234683
0.0236622
0.0236242
0.0236453
0.0234706
0.0235149
0.0236253
0.0234867
0.0236434
0.023496
0.0234834
0.0234838
0.0236305
0.0234947
0.0235273
0.0236224
0.0234916
0.0236182
0.0235833
0.0234976
0.0236171
0.0236061
0.0235569
0.0210341
0.0241957
0.0208138
0.0228645
0.0222877
0.0224452
0.0228162
0.0230427
0.0230945
0.0230298
0.0233004
0.0234263
0.0235989
0.0234671
0.0233281
0.0233257
0.0232759
0.0233381
0.0235667
0.0233848
0.023454
0.0226197
0.0231647
0.0228349
0.0231268
0.0234942
0.0236193
0.0234128
0.0235557
0.0235188
0.0235619
0.0235593
0.0235437
0.0235436
0.0235433
0.0235577
0.0235421
0.0235568
0.0235528
0.0235411
0.0235432
0.0235423
0.0235551
0.0235438
0.023549
0.0235505
0.0235523
0.0235643
0.0239617
0.0231764
0.0232941
0.0237212
0.0236371
0.0235198
0.0235866
0.0238602
0.0236929
0.0234854
0.0237722
0.0233929
0.0237167
0.0237236
0.0234302
0.0236988
0.0235859
0.0236568
0.0236606
0.0234275
0.0234853
0.0234342
0.0236806
0.0234482
0.0236497
0.0235071
0.0234647
0.0236249
0.0236175
0.023595
0.0236133
0.0236213
0.0234768
0.023637
0.0235326
0.0234809
0.023598
0.0236317
0.0236082
0.0235818
0.0236186
0.0234925
0.0235711
0.0236063
0.0234988
0.0235355
0.0235181
0.0235981
0.0237509
0.0241957
0.0232808
0.0229973
0.023174
0.0234419
0.0237259
0.0235971
0.0233494
0.0235618
0.0234649
0.0234586
0.0236541
0.0235533
0.0235433
0.0235004
0.0234976
0.0234877
0.023568
0.0234914
0.0235303
0.0236043
0.0236031
0.0234996
0.0234973
0.0235085
0.0234992
0.0235005
0.0235037
0.0235781
0.0235921
0.0235864
0.0235723
0.0235145
0.020641
0.020428
0.0244821
0.0237171
0.0234204
0.0235668
0.0234566
0.0234639
0.0234664
0.0234823
0.0234793
0.0235225
0.0235005
0.0236873
0.0235079
0.023915
0.0230683
0.0237249
0.0235437
0.0236446
0.0233677
0.0233687
0.0236662
0.0236661
0.0236249
0.023492
0.0235572
0.0234651
0.0234646
0.0235631
0.0234652
0.0235057
0.0234805
0.0235125
0.0235316
0.0235556
0.0235883
0.0234977
0.0234966
0.0235134
0.0235662
0.0235052
0.0235371
0.0235086
0.0235991
0.0224565
0.0232
0.023664
0.0238525
0.0234434
0.0233711
0.0236261
0.0236178
0.0234645
0.0235348
0.023565
0.0235398
0.0235841
0.0235518
0.0235815
0.0235432
0.0235488
0.0235602
0.0235702
0.0235702
0.0235679
0.0235697
0.0235691
0.0235683
0.0235606
0.0235496
0.0235667
0.0235545
0.0235497
0.0235654
0.0235602
0.0235511
0.0235648
0.0235523
0.0239547
0.0225268
0.0236739
0.0232994
0.0233724
0.0233948
0.0234197
0.0233536
0.023583
0.0233935
0.0235469
0.0235431
0.023531
0.023453
0.0234666
0.0234723
0.0234911
0.0236042
0.0236166
0.0236166
0.0236104
0.0235723
0.0235875
0.0235016
0.0235496
0.0235385
0.0235608
0.0235581
0.0235454
0.0235499
0.023515
0.0235637
0.0235849
0.0264703
0.0238202
0.0228026
0.023307
0.0230776
0.0234419
0.0232169
0.0233156
0.0232736
0.023541
0.023328
0.0233653
0.0233686
0.0231679
0.0235541
0.0232966
0.0235438
0.0234341
0.0236735
0.0234784
0.023746
0.0233783
0.023638
0.0237485
0.0234554
0.0234313
0.0235029
0.0236839
0.0236658
0.0235712
0.0235341
0.0236568
0.0236566
0.0236332
0.0236526
0.0235015
0.0235088
0.0236186
0.0235649
0.0236271
0.0236304
0.0236142
0.0235492
0.0236058
0.0236211
0.0236132
0.0235215
0.0236189
0.0235202
0.02361
0.0235263
0.0235718
0.0236072
0.023577
0.023583
0.0236015
0.0235616
0.0235781
0.0235736
0.0235204
0.0235168
0.0235387
0.0248741
0.0235832
0.0229697
0.0230074
0.0229448
0.0235314
0.0233515
0.0234268
0.0235911
0.02348
0.0234725
0.0234547
0.0234815
0.0234759
0.0234888
0.0235494
0.0234994
0.0235136
0.0203975
0.0202095
0.0243532
0.0235654
0.02323
0.023394
0.0233018
0.0233256
0.0233736
0.0234073
0.0233869
0.0234856
0.0234347
0.0220628
0.0257624
0.0228662
0.0232572
0.0232836
0.0234824
0.0235085
0.0236878
0.0236724
0.0236094
0.0236425
0.0236115
0.0236214
0.0229028
0.0244928
0.0234517
0.0235853
0.0235939
0.0236494
0.0234844
0.0236723
0.0235811
0.023379
0.0237537
0.0234251
0.0236618
0.0235411
0.0236794
0.0234687
0.0236579
0.0236297
0.0236088
0.0236562
0.0236488
0.0234793
0.0236373
0.0235085
0.0235249
0.0236317
0.0236318
0.0235413
0.0236294
0.023626
0.0236156
0.0236196
0.023619
0.0235623
0.0235805
0.0235052
0.0236113
0.0235972
0.0236077
0.0235175
0.0235592
0.0235853
0.0235932
0.0235993
0.0235655
0.0235717
0.0235387
0.0235267
0.0234527
0.0232921
0.0241077
0.0232326
0.0234897
0.0234934
0.0235065
0.0235456
0.0235484
0.0235217
0.023522
0.0235326
0.0235288
0.0235701
0.0235447
0.023551
0.0235311
0.0235665
0.0130456
0.0228734
0.0222859
0.023217
0.0228052
0.0230377
0.0228517
0.0231496
0.0234415
0.0232995
0.0232645
0.0235051
0.0233065
0.0231065
0.0233409
0.023558
0.0232347
0.02368
0.0232591
0.0235313
0.0234488
0.0220162
0.023456
0.023201
0.0233172
0.0233527
0.023356
0.0233432
0.0233477
0.0234297
0.0234148
0.0234905
0.0234572
0.0235728
0.023586
0.0234904
0.0234297
0.0234308
0.0205181
0.0224437
0.0227237
0.0230903
0.0234131
0.0235209
0.0234146
0.0234552
0.0234105
0.0236076
0.0234283
0.0234756
0.0234379
0.0236028
0.0234513
0.0234504
0.0234682
0.0234863
0.0234653
0.0235109
0.023608
0.0235092
0.0235816
0.023492
0.0234941
0.0235609
0.021278
0.0248029
0.0224727
0.0239343
0.0231922
0.0237391
0.0237011
0.0234907
0.023675
0.0236462
0.0235642
0.0236426
0.0235264
0.023633
0.0236233
0.023547
0.0236013
0.023601
0.0235557
0.0235357
0.0235794
0.0230644
0.0222116
0.0232129
0.0239579
0.0233734
0.0234368
0.0234488
0.0234542
0.0235788
0.0234544
0.0235424
0.0235329
0.0234797
0.0234873
0.023629
0.0234155
0.023252
0.0235019
0.0237903
0.0233893
0.0239664
0.0236512
0.023635
0.0235873
0.0235586
0.0237068
0.0235489
0.0235783
0.0237194
0.0237193
0.0235418
0.0234462
0.0236439
0.023624
0.0235328
0.0235716
0.0236208
0.0236367
0.0236602
0.0234817
0.0234758
0.0235124
0.0235686
0.0236457
0.0235113
0.0234869
0.0235558
0.0236344
0.0235313
0.0235586
0.0236252
0.0235486
0.0235933
0.0235001
0.0236181
0.0236184
0.0235112
0.0236145
0.0236151
0.0236112
0.0235116
0.0236073
0.0235931
0.0235939
0.0236031
0.0235184
0.0235133
0.0235442
0.0235196
0.0235472
0.0159331
0.0227706
0.0229382
0.0230207
0.0234788
0.0232118
0.0214075
0.0241744
0.0225947
0.0239108
0.0238893
0.0232831
0.0234771
0.0233158
0.0235273
0.0233459
0.0233782
0.0236268
0.0234358
0.0234539
0.0235053
0.0236335
0.0234722
0.0236038
0.0234796
0.0236179
0.0235005
0.0235989
0.0234863
0.0234788
0.0235556
0.0235146
0.0235676
0.0235638
0.0234984
0.0235533
0.0235243
0.023596
0.023596
0.0235956
0.023594
0.024004
0.023887
0.0238771
0.0229169
0.023313
0.0237047
0.0233125
0.0235743
0.0236984
0.0233363
0.0233958
0.0235809
0.0234036
0.0234358
0.023555
0.0234229
0.0234976
0.0234669
0.0234389
0.0235426
0.0235184
0.0234579
0.0234728
0.0235501
0.023497
0.023584
0.023474
0.0235226
0.0235969
0.0235111
0.0235358
0.0236157
0.0235013
0.0235026
