0.107813
0.13295
0.020199
0.00839722
0.00873108
0.014344
0.0134619
0.0115725
0.0138051
0.0140535
0.0674539
0.0720506
0.00547047
0.0147123
0.0153786
0.0153151
0.0144123
0.0130462
0.0151674
0.0146095
0.0139151
0.0151937
0.0142783
0.0147647
0.0154174
0.0148503
0.0150262
0.0151262
0.0153903
0.0152565
0.0152675
0.0150718
0.0151124
0.0153497
0.0152791
0.0151358
0.0151552
0.0151527
0.0151925
0.0154051
0.0152003
0.0153087
0.0153911
0.015339
0.0152433
0.0154098
0.0153427
0.0152766
0.0153995
0.0612577
0.0388473
0.0400001
0.0222232
0.0154559
0.0162731
0.0172273
0.0156331
0.0154595
0.0164059
0.015475
0.0154816
0.0158595
0.0155203
0.0162321
0.0161705
0.0157778
0.0154851
0.0153974
0.0157716
0.0158092
0.0156145
0.0157192
0.0156029
0.0156408
0.0156282
0.0155798
0.0155044
0.0155141
0.0153825
0.0154875
0.0153927
0.015582
0.0155487
0.0154846
0.0155388
0.0154259
0.0153789
0.0154358
0.0155268
0.0154383
0.0154546
0.0154138
0.0154791
0.0154797
0.0154053
0.0153906
0.0154876
0.0154635
0.0154833
0.0154306
0.0154639
0.0154421
0.0154049
0.0154348
0.0154282
0.0154405
0.0154047
0.0243802
0.0801051
0.00522638
0.0145283
0.014004
0.0121049
0.0147423
0.014293
0.0143399
0.0151676
0.0146418
0.0150931
0.0153337
0.0149441
0.0154082
0.0151125
0.0152676
0.0150298
0.0153196
0.0151995
0.0151725
0.0152689
0.0151296
0.01515
0.015243
0.0151788
0.0152952
0.015266
0.0152401
0.0806097
0.0835549
0.0152608
0.0137295
0.0147247
0.0150327
0.013984
0.0140172
0.0149635
0.0153667
0.0150589
0.0153981
0.0149567
0.0148352
0.0153427
0.0154305
0.0148564
0.0154265
0.015005
0.0151989
0.0152255
0.0151032
0.0151511
0.015288
0.0153523
0.0153834
0.0152438
0.0152766
0.0154165
0.22373
0.224809
0.00776836
0.00108096
0.00753609
0.010933
0.00778632
0.0122113
0.0120969
0.0131879
0.0134456
0.0152442
0.013635
0.0139422
0.0145641
0.0151177
0.0149324
0.014406
0.0148728
0.0146152
0.0154228
0.0150318
0.0149058
0.0148449
0.0152482
0.0152475
0.015322
0.0151507
0.0151427
0.144448
0.147236
0.0148826
0.00796261
0.00959418
0.0148641
0.0122558
0.0117244
0.0152765
0.0134542
0.0143055
0.0147432
0.0146417
0.0150866
0.0146771
0.015294
0.0153563
0.0150636
0.014981
0.015408
0.0149337
0.0152035
0.0151217
0.0154072
0.0151314
0.0152298
0.0151098
0.17746
0.181917
0.0145455
0.00980978
0.00802146
0.0136911
0.0144114
0.0144762
0.014527
0.0154485
0.0146586
0.014402
0.0149177
0.0153075
0.014612
0.0144015
0.0153182
0.0150107
0.0148034
0.0152606
0.0154103
0.0152025
0.0149468
0.0150353
0.0150986
0.0151207
0.0153939
0.0153644
0.0151955
0.0840438
0.0812429
0.00851682
0.0104771
0.0145398
0.015296
0.0111234
0.0130663
0.0137041
0.0144225
0.0143567
0.0151152
0.0145973
0.0152973
0.014594
0.0151011
0.0149624
0.0149323
0.0149209
0.0153123
0.0150389
0.0153428
0.0152952
0.0152906
0.0152841
0.0151349
0.015185
0.0153736
0.0152941
0.137646
0.0981075
0.0122864
0.00974998
0.0127679
0.0148631
0.0130806
0.0135824
0.0149024
0.0143277
0.0147136
0.0147485
0.0152479
0.0147253
0.0154159
0.0149172
0.0150535
0.0153721
0.015115
0.0151021
0.0149904
0.0153319
0.015148
0.0151369
0.0151399
0.0152227
0.0151621
0.0285528
0.183361
0.0048702
0.0145308
0.0140077
0.0121131
0.0147598
0.0143151
0.014342
0.0151679
0.014644
0.0150936
0.0153346
0.0149458
0.0154084
0.0151151
0.0152679
0.0150327
0.0153203
0.0152003
0.0151741
0.0152699
0.0151314
0.0151515
0.0152438
0.0151801
0.0152959
0.0152669
0.0152411
0.0567757
0.0108149
0.0146104
0.0111017
0.00816431
0.00917351
0.0134639
0.0151089
0.0828115
0.0848995
0.00550056
0.0148174
0.0153906
0.015328
0.0144158
0.0130571
0.0151679
0.0146119
0.0139416
0.0151939
0.0143065
0.0147834
0.015418
0.0148557
0.0150286
0.0151275
0.0153914
0.015257
0.0152682
0.0150778
0.0151155
0.0153508
0.01528
0.0151392
0.0151589
0.0151559
0.015195
0.0154052
0.015203
0.01531
0.0153914
0.01534
0.0152453
0.0154098
0.0153433
0.0152782
0.0153997
0.0167116
0.0176022
0.0145806
0.0148977
0.0150108
0.0149257
0.0151814
0.0150736
0.0151407
0.015193
0.0152771
0.0153441
0.0154766
0.0154731
0.0153376
0.0153703
0.0154359
0.01532
0.0153508
0.0152985
0.0153388
0.015372
0.0153405
0.0154483
0.015341
0.0154337
0.0154322
0.0153771
0.015361
0.0154365
0.01544
0.0153779
0.0153588
0.0154024
0.015431
0.0153844
0.015431
0.015373
0.0154199
0.0154253
0.0153722
0.0153736
0.0154028
0.0153786
0.0154242
0.0153809
0.0154192
0.0153825
0.0153994
0.0153898
0.0127044
0.00195068
0.0326421
0.0144757
0.00954497
0.0126307
0.0119682
0.0122096
0.0125232
0.01461
0.0142723
0.0135739
0.0152747
0.0152929
0.0147526
0.0145338
0.0147842
0.0148577
0.0150242
0.0150641
0.0153309
0.01523
0.0154269
0.0153674
0.0151767
0.0152157
0.0151868
0.0151105
0.0153294
0.0158763
0.00983872
0.0166335
0.0155847
0.0171245
0.0156362
0.0155834
0.0152955
0.0154152
0.0152836
0.0152865
0.0155058
0.0155027
0.0153144
0.0154796
0.0154627
0.0153448
0.0153348
0.0153389
0.0154074
0.0153505
0.0154594
0.015406
0.0154217
0.0153829
0.0153605
0.0154291
0.0153622
0.0153642
0.0153782
0.0154351
0.0154394
0.0154265
0.0154299
0.0153692
0.0153731
0.0153778
0.0154189
0.0154258
0.0153763
0.0154292
0.0153946
0.0153786
0.0153921
0.0153811
0.0154118
0.0154243
0.0154169
0.0154233
0.0153847
0.329763
0.0279142
0.0116709
0.0195876
0.00478476
0.0143013
0.00949291
0.0143707
0.0134924
0.0121816
0.0136311
0.0141223
0.0136188
0.0152445
0.014037
0.0145516
0.0152918
0.0144787
0.0153056
0.00978698
0.00735709
0.0147187
0.0133582
0.0152075
0.0149409
0.0143976
0.0150861
0.0152121
0.0153867
0.0150552
0.015249
0.01448
0.0149112
0.0146099
0.0154171
0.0150732
0.0151144
0.015203
0.0149653
0.0152237
0.0152492
0.0151349
0.0150957
0.0153863
0.0152807
0.0153038
0.0127805
0.0155368
0.0143591
0.0141152
0.0138479
0.0154177
0.0151309
0.0154884
0.0153141
0.0154858
0.015476
0.015478
0.0154679
0.0153086
0.0153677
0.0153992
0.0153454
0.0152917
0.0154548
0.0153193
0.0153744
0.0154145
0.0154476
0.0153351
0.0154416
0.0153575
0.0153854
0.01544
0.015361
0.0153657
0.0153671
0.0154251
0.015358
0.0153669
0.0154324
0.0154083
0.0153952
0.0154183
0.0153713
0.0153904
0.0153784
0.0154242
0.015425
0.0154212
0.0153807
0.0154155
0.0153874
0.0153829
0.0153818
0.122602
0.043143
0.0136417
0.0148214
0.0136853
0.0151933
0.0143851
0.0126462
0.0147863
0.0138406
0.0137994
0.0145619
0.0148006
0.014602
0.0146698
0.0149614
0.015367
0.015116
0.015245
0.68446
0.182713
0.0101665
0.0108266
0.00496829
0.0145154
0.011524
0.0127202
0.0153779
0.0150192
0.0147662
0.0136197
0.0144236
0.0149371
0.0147152
0.0152812
0.0144807
0.0153928
0.00983727
0.0152529
0.0118654
0.0139444
0.0143681
0.0154713
0.0143767
0.0153831
0.0153001
0.0152842
0.0151985
0.0151637
0.0152384
0.0150616
0.0154099
0.0152038
0.0152569
0.0153106
0.0152126
0.0152345
0.0152369
0.0152669
0.0153224
0.0153282
0.0152874
0.0153472
0.0153673
0.0153292
0.0153273
0.0153833
0.0153535
0.0153575
0.0153317
0.0153325
0.015418
0.0153417
0.0154208
0.0154119
4.68095e-06
0.0153279
0.0118654
0.0139444
0.014367
0.015471
0.0143979
0.0153859
0.0153045
0.0152889
0.0151983
0.0151637
0.0152423
0.0150652
0.0154104
0.0152065
0.0152571
0.0153107
0.0152149
0.0152354
0.0152382
0.0152679
0.0153226
0.0153289
0.0152881
0.0153474
0.0153676
0.0153295
0.0153276
0.0153835
0.0153539
0.0153576
0.0153321
0.0153329
0.0154179
0.015342
0.0154207
0.0154119
0.424331
0.0118792
0.00883535
0.014626
0.0121136
0.0152466
0.0134058
0.0151811
0.0139703
0.014246
0.0149427
0.0145653
0.0145052
0.0146689
0.0152839
0.0148209
0.0148458
0.0151393
0.583748
0.00212729
0.0085069
0.0138326
0.0119187
0.0139091
0.011644
0.0125945
0.0151888
0.0142995
0.385076
0.161734
0.0120436
0.00894977
0.013787
0.012677
0.0103952
0.0108901
0.0140349
0.0133923
0.0149755
0.0146676
0.013566
0.0140141
0.0141403
0.014761
0.0147812
0.0148694
0.0153881
0.00752914
0.00867041
0.00981182
0.0137725
0.0107835
0.0138478
0.0140494
0.0148524
0.0141189
0.0149626
0.0150905
0.0151778
0.0151164
0.0152436
0.0151301
0.0153081
0.015017
0.01532
0.0150154
0.0154046
0.0153359
0.0152993
0.0152239
0.0152129
0.0152202
0.0152491
0.0152505
0.00666401
0.122709
0.00685414
0.00300977
0.00827274
0.00788935
0.0151147
0.0126734
0.0134779
0.0139263
0.015369
0.01291
0.0131707
0.0134621
0.0153288
0.015092
0.014084
0.0151364
0.0149719
0.0146121
0.0150784
0.0152168
0.0151289
0.015172
0.0151122
0.0153146
0.0152692
0.0152303
0.0124347
0.0155435
0.014398
0.0141991
0.0139792
0.0154373
0.0151491
0.0154911
0.015315
0.0154906
0.0154828
0.0154823
0.0154723
0.0153105
0.0153753
0.0154054
0.0153456
0.0152963
0.0154575
0.0153228
0.0153787
0.0154178
0.015448
0.0153373
0.0154429
0.0153578
0.0153882
0.0154404
0.0153614
0.0153659
0.0153673
0.0154264
0.0153594
0.0153672
0.0154327
0.0154098
0.0153967
0.0154193
0.0153718
0.0153918
0.0153797
0.0154246
0.0154252
0.0154217
0.0153809
0.0154161
0.0153884
0.0153838
0.0153826
0.015637
0.0156616
0.0435341
0.0198952
0.015577
0.0176631
0.0166752
0.0154321
0.0153573
0.0165807
0.0156738
0.0155859
0.0154496
0.0154759
0.0160551
0.0155274
0.0153655
0.015476
0.0153606
0.0156456
0.0154706
0.0156622
0.0155698
0.015509
0.0156103
0.0155132
0.0155159
0.0154919
0.0155214
0.015452
0.0155466
0.0154717
0.015522
0.0155313
0.0154408
0.0154973
0.0154128
0.0154498
0.0154039
0.0154722
0.0154085
0.0154881
0.0154855
0.0154817
0.0154506
0.0154393
0.0153928
0.0153967
0.0153842
0.0154309
0.0154304
0.0153865
0.0153989
0.0154535
0.0154052
0.0154459
0.0154458
0.0154393
0.0336776
0.0112979
0.0120806
0.00514903
0.0123301
0.0143015
0.0136592
0.0151138
0.014125
0.0149696
0.0154666
0.0147686
0.0150681
0.0153243
0.0149366
0.0153027
0.0153614
0.0152479
0.0154464
0.0149967
0.0151292
0.0153339
0.0152856
0.015231
0.015191
0.0152233
0.015313
0.0152907
0.0153413
0.01531
0.0153112
0.0154287
0.0153457
0.0152816
0.0152873
0.0153741
0.0153193
0.0153014
0.0153425
0.0153127
0.0320176
0.0184541
0.027489
0.0158953
0.0157569
0.0156483
0.0165893
0.0154824
0.0155498
0.0153802
0.0159306
0.0159863
0.0153869
0.015564
0.0155294
0.0154054
0.0153855
0.0153813
0.0157374
0.0153615
0.0155895
0.015628
0.0154846
0.0155405
0.0155483
0.0155688
0.0154541
0.0153916
0.0153866
0.0153917
0.0154664
0.0154759
0.0154435
0.0154658
0.0154773
0.0153803
0.0154656
0.0154671
0.0153835
0.0154457
0.0153841
0.0153893
0.015471
0.0154444
0.0154487
0.0154532
0.015397
0.015412
0.0154018
0.01541
0.0154504
0.0154446
0.01545
0.0154273
0.0352321
0.0191459
0.0350184
0.0183383
0.0183267
0.0198484
0.016073
0.0161224
0.0153538
0.0160962
0.0164138
0.0163832
0.0163695
0.0155615
0.0161726
0.0154662
0.0156565
0.0154204
0.0155801
0.0158261
0.0155307
0.0155335
0.0157172
0.0154005
0.0155091
0.0155826
0.0154393
0.0155211
0.0155998
0.0155619
0.0154247
0.0155346
0.0154031
0.0155074
0.0153745
0.015456
0.0155335
0.0155179
0.015403
0.0154652
0.0155119
0.0154847
0.0154977
0.0154573
0.015483
0.0154673
0.0154642
0.0154052
0.0154728
0.0154175
0.0154661
0.0154666
0.0154268
0.0154566
0.01539
0.0154577
0.0154502
0.0154453
0.0154296
