1.00333
0.0229005
0.00674702
0.00577771
0.00443317
0.00649429
0.00322235
0.00503735
0.00949301
0.00772234
0.205785
0.249298
0.349368
0.0672958
0.00965254
0.00972882
0.00657928
0.00147262
0.0105506
0.00977642
0.00780779
0.00726943
0.0100502
0.0101022
0.0099568
0.0100138
0.00907848
0.00953245
0.00910999
0.00884829
0.009176
0.00924928
0.010058
0.0104094
0.00960864
0.0094276
0.00974172
0.00956471
0.00997777
0.00996527
0.00964747
0.00974048
0.0100421
0.00990921
0.0100742
0.0101752
0.0103864
0.0104768
0.00999102
0.0103145
0.0783353
0.0175726
0.00498987
0.00914832
0.00179139
0.00947943
0.0098447
0.0104144
0.00978642
0.00967545
0.00874733
0.00911074
0.00899493
0.0103849
0.0101554
0.010361
0.00979154
0.0100646
0.0100118
0.0105522
0.0098829
0.00995326
0.0101169
0.0105205
0.0105179
0.0100371
0.010037
0.010179
0.0101598
0.0104875
0.0104175
0.0102402
0.0101242
0.0104989
0.0105036
0.010484
0.010182
0.0101921
0.0102054
0.0104019
0.0102306
0.0104348
0.0103118
0.0102748
0.0103922
0.0104545
0.0102939
0.010353
0.0102985
0.0103348
0.0103569
0.0102847
0.0104089
0.010439
0.0103882
0.0103264
0.0103883
0.0103985
0.190087
0.138624
0.0568113
7.26526e-05
0.00678093
0.00885509
0.00381692
0.00767667
0.0088278
0.00916994
0.00707209
0.0103797
0.00731315
0.00914479
0.00901387
0.00983247
0.00954571
0.00905044
0.00981922
0.00957933
0.010179
0.00965944
0.00973654
0.00963736
0.0104578
0.00994323
0.010012
0.0102813
0.221532
0.000128383
0.00192924
0.00842753
0.00991356
0.00569807
0.0100172
0.00456365
0.00790636
0.00619663
0.00715392
0.00906075
0.0105723
0.00913347
0.00888536
0.0088566
0.00939724
0.00918638
0.00944516
0.00959018
0.00978857
0.00967962
0.0101128
0.0104693
0.0100233
0.00979802
0.00994172
0.00992249
0.0101515
0.0202315
0.338606
0.0443643
0.0173738
0.0048077
0.00628815
0.00893918
0.00486022
0.00671322
0.00768765
0.00974277
0.0042477
0.00519266
0.00560781
0.00974739
0.00917038
0.0073223
0.0101969
0.00897539
0.00836702
0.00995185
0.00966022
0.010022
0.00959724
0.00992994
0.00995556
0.00986792
0.0101897
0.0102321
0.0299358
0.136512
0.00913903
0.0074765
0.00152775
0.00161986
0.00183824
0.00338937
0.00756077
0.00823152
0.00564952
0.00952169
0.0105719
0.00830078
0.00852664
0.00846616
0.00864462
0.00980744
0.00990827
0.0105159
0.00966968
0.0102054
0.0100536
0.00962639
0.0097338
0.00968858
0.00960206
0.0100298
0.0665621
0.208727
0.0391718
0.00857384
0.0208218
0.0108275
0.000733198
0.00923229
0.00919855
0.00529278
0.00758464
0.00804538
0.00891605
0.00954172
0.00959698
0.00834236
0.0101139
0.00926277
0.00984255
0.0104074
0.00979934
0.0103027
0.00943361
0.00985572
0.0104467
0.00997333
0.0104421
0.00962446
0.0845204
0.00379868
0.000599459
0.00962449
0.00907187
0.0146765
0.00240559
0.00894696
0.00923559
0.00677823
0.00867185
0.0102562
0.00967151
0.00970527
0.0078912
0.00909007
0.00881752
0.0092999
0.00896695
0.00968843
0.00971287
0.0100697
0.00942179
0.00944085
0.01049
0.0103943
0.010212
0.0100777
0.00993054
0.271394
0.0151765
0.0711666
0.0120707
0.0210502
0.00528134
0.000233126
0.00545679
0.00951922
0.00527275
0.00600987
0.00709111
0.00740409
0.0100345
0.00806944
0.00982443
0.0101418
0.00915711
0.00974782
0.00928606
0.010189
0.00911629
0.00937421
0.00953428
0.0101348
0.00979559
0.00970224
0.0618601
0.0361795
0.0577513
0.00656857
0.00479641
0.00179425
0.010488
0.00775646
0.00788925
0.00682224
0.00670296
0.00750695
0.00802809
0.00809204
0.0103343
0.00880741
0.00980389
0.00905174
0.00926949
0.0102648
0.0105132
0.0102689
0.0103999
0.0101893
0.00997282
0.00995764
0.00997607
0.00984926
0.00999231
0.0386664
0.0152412
0.00758606
0.000751238
0.00831226
0.00490816
0.00628289
0.00862828
0.00863108
0.140828
0.0826258
0.00114954
0.0042545
0.0147015
0.0101753
0.000787051
0.00660275
0.00988667
0.00781747
0.00482184
0.00637286
0.0103807
0.00778065
0.00985661
0.00870026
0.00889087
0.00973255
0.00913342
0.010442
0.00930287
0.00958666
0.00950598
0.00957124
0.00980067
0.0102601
0.010295
0.00969366
0.0097568
0.010142
0.00982627
0.0102669
0.0102031
0.00997776
0.0102338
0.0100583
0.0100146
0.0887697
0.0105178
0.00307801
0.0463686
0.000635529
0.00680907
0.00707317
0.00589939
0.00516934
0.0103626
0.00765265
0.010089
0.0084946
0.0104641
0.0104948
0.00882452
0.0100799
0.00931311
0.0101561
0.00942159
0.00942023
0.00969206
0.0104655
0.00962264
0.0100159
0.0101056
0.0104017
0.00997885
0.00988027
0.010016
0.0100903
0.0099212
0.010189
0.0101525
0.0100791
0.0101939
0.0101134
0.0104219
0.0101126
0.0103508
0.0102256
0.0101223
0.0104512
0.0104718
0.0103857
0.0102273
0.0102576
0.0102025
0.0160959
0.0069097
0.0200609
0.0294895
0.0156641
0.00819375
0.00324091
0.00611735
0.0050992
0.0102306
0.00816278
0.00710571
0.00878561
0.00861863
0.00933902
0.00865674
0.00902608
0.00888834
0.00887007
0.00991448
0.0101802
0.00935144
0.0104455
0.00976731
0.00957264
0.00963446
0.00969715
0.071845
0.121396
0.0666333
0.0103845
0.00252344
0.000450544
0.00202227
0.00454849
0.00815108
0.00763005
0.00868425
0.00736372
0.0103413
0.00885651
0.0104783
0.0105844
0.010503
0.0092742
0.00974385
0.00939853
0.0098939
0.0104291
0.00968887
0.0100095
0.0101558
0.0104751
0.00999458
0.0104935
0.00989431
0.0102192
0.0103985
0.00995473
0.00996936
0.0103599
0.010202
0.0101084
0.0101086
0.0103994
0.0102633
0.0101178
0.0102927
0.0101299
0.0101643
0.0101757
0.0104343
0.0102224
0.0102754
0.0102042
0.704299
0.018082
0.0656511
0.00352205
0.00804702
0.00619337
0.000378584
0.00833913
0.00339675
0.00220307
0.00345025
0.00493943
0.00882191
0.0060851
0.00899981
0.0102213
0.00909649
0.00804421
0.00897986
0.00841203
0.16033
0.029614
0.00456023
0.00346341
0.00134156
0.00787763
0.00801658
0.0059125
0.00742274
0.00923423
0.00782002
0.00943898
0.00751733
0.00812592
0.00790373
0.00838741
0.00920199
0.00892176
0.00985174
0.00930446
0.00975342
0.00939802
0.00966766
0.00976696
0.00998073
0.0102287
0.009687
0.00998526
0.0293392
0.0557151
0.00910499
0.00265534
0.00985486
0.0105151
0.00797444
0.00929761
0.00944926
0.0105905
0.00954147
0.00856394
0.00948542
0.00860862
0.0102807
0.00973997
0.00933839
0.00920722
0.00933531
0.00937898
0.0104307
0.00989822
0.0105032
0.00962664
0.00975946
0.00992152
0.0101713
0.00997238
0.0103305
0.0104113
0.0104241
0.0104699
0.0103977
0.010387
0.0100554
0.0101542
0.0101678
0.0100753
0.0101236
0.0102138
0.0103787
0.0101662
0.0104772
0.0103078
0.0101561
0.0103057
0.0102193
0.0103201
8.14424
0.0660363
0.00262167
0.0344215
0.00876373
0.00882335
0.00905057
0.00469899
0.0098373
0.00627808
0.00840071
0.00918556
0.00976444
0.0097211
0.00946161
0.00840441
0.00934836
0.00955159
0.598761
0.00603014
0.00168927
0.0265513
0.00909282
0.0189615
0.00541412
0.00218416
0.00396203
0.00539038
0.00800013
0.00956974
0.0091714
0.00819411
0.00969052
0.0104505
0.00954121
0.00926461
0.0101708
0.0100157
0.110116
0.113897
0.00379872
0.0202199
0.00677131
0.000944869
0.00569046
0.00990738
0.00954044
0.00893513
0.00986041
0.00732194
0.008355
0.00865959
0.00947192
0.00949438
0.00909377
0.00925235
0.00944837
0.00967666
0.00971458
0.00996684
0.0098624
0.00981525
0.00979583
0.0101266
0.0099003
0.0103303
0.0101551
0.00999461
0.0100605
0.0101407
0.0100895
0.010053
0.0102285
0.0102662
0.0101476
0.0103228
0.109217
0.114661
0.00379872
0.0198452
0.00676983
0.000956888
0.00589767
0.00990531
0.00953611
0.0089274
0.00987066
0.00734157
0.00839069
0.00868498
0.00947288
0.00950627
0.00910897
0.00926446
0.00945783
0.00968351
0.00971874
0.00997002
0.0098662
0.00981881
0.00979991
0.0101282
0.0099035
0.0103303
0.010156
0.00999673
0.0100621
0.0101418
0.0100911
0.0100549
0.0102292
0.0102668
0.0101489
0.0103231
0.149457
0.0675491
0.0204568
0.0024489
0.0078039
0.00416432
0.00644584
0.00969971
0.00865435
0.00859076
0.0099271
0.00994125
0.00885179
0.00906395
0.00958623
0.00994556
0.450069
0.0024474
0.0320444
0.00585972
0.00195933
0.00556638
0.00596761
0.00863474
0.00771681
0.00610926
0.187529
0.0442773
0.0106967
0.00873972
0.0223855
0.00689911
0.00160607
0.00658893
0.00920496
0.00934252
0.00510738
0.0093533
0.00885185
0.00912643
0.00758
0.0100198
0.009358
0.0104289
0.207418
0.00437352
0.000538831
0.00679376
0.00466862
0.0104027
0.00819349
0.00618021
0.00923788
0.01034
0.00742295
0.0100697
0.00950049
0.00887052
0.0091406
0.00986502
0.00917969
0.00946843
0.0100437
0.00996144
0.00983167
0.00990152
0.00989752
0.00977295
0.0102458
0.0100842
0.0101963
0.00987844
0.00989282
0.234939
0.0109696
0.0440314
0.0381152
0.00145849
0.00415886
0.0103516
0.00908586
0.00710621
0.00555577
0.00533122
0.00805718
0.0100028
0.00626559
0.00944306
0.00746209
0.00984124
0.00843761
0.00941398
0.00887556
0.01034
0.00966036
0.00887845
0.010421
0.00963194
0.00937605
0.00977964
0.00958785
0.00936525
0.0373672
0.0579972
0.00881506
0.00201942
0.00983812
0.0105173
0.00802162
0.00931995
0.00946995
0.0105907
0.0095603
0.00858816
0.00947433
0.00859025
0.0102858
0.00973552
0.0093348
0.00920694
0.00934192
0.00937907
0.0104324
0.00990393
0.0105035
0.00962968
0.00976273
0.00992272
0.0101745
0.00997343
0.0103322
0.0104122
0.0104248
0.0104701
0.0103985
0.0103877
0.0100582
0.0101556
0.0101703
0.0100782
0.0101255
0.0102148
0.0103794
0.0101687
0.010477
0.0103091
0.0101584
0.0103061
0.0102206
0.0103213
0.027877
0.00549281
0.0478373
0.0106226
0.00904091
0.00898673
0.00940305
0.00863154
0.00772747
0.00839154
0.0104737
0.00981324
0.00877957
0.00981919
0.00976238
0.00999567
0.0101077
0.0101093
0.00981797
0.00961858
0.010518
0.0104975
0.0101813
0.0103722
0.00995649
0.010159
0.0099652
0.0104989
0.0100322
0.010042
0.0100799
0.0101785
0.010426
0.0102466
0.0102818
0.0101439
0.01023
0.0102929
0.0103634
0.0104484
0.0101953
0.010407
0.0103093
0.0104007
0.0104336
0.0102209
0.0103361
0.0104711
0.0104268
0.0103615
0.0104264
0.0103868
0.0102792
0.0104219
0.0103193
0.0102816
0.0103853
0.0103295
0.0265123
0.0326556
0.0189043
0.0292003
0.00498965
0.00961255
0.000126911
0.00683042
0.00887424
0.00954348
0.0103915
0.00794071
0.00787642
0.00999968
0.00925752
0.00870141
0.0096837
0.00863053
0.0101512
0.00908698
0.00940803
0.00940988
0.00965177
0.010195
0.00978308
0.0102542
0.0102321
0.0103441
0.00975541
0.0097646
0.0101036
0.00996099
0.0101647
0.0104547
0.0103145
0.010199
0.0100415
0.127303
0.00255636
0.0107042
0.00921561
0.00506344
0.00627876
0.00840122
0.00875781
0.009447
0.00940102
0.00894786
0.0100515
0.0105959
0.00986366
0.00912002
0.0087211
0.0105639
0.010551
0.0101388
0.0100661
0.0100167
0.00986018
0.0103658
0.00985559
0.0104426
0.00990593
0.00990674
0.0100142
0.0102573
0.010427
0.0101202
0.010133
0.0100923
0.0102138
0.0102775
0.0102642
0.0101323
0.0101805
0.0101965
0.0101903
0.0103077
0.010192
0.0103597
0.0102832
0.0104702
0.0103297
0.0104457
0.0102587
0.0102647
0.0103085
0.0104489
0.0103209
0.0104325
0.0103167
0.0102749
0.00397878
0.0014501
0.010559
0.00680675
0.00890102
0.00959731
0.00717499
0.00990888
0.00936639
0.00832638
0.00995821
0.00915328
0.00957356
0.0104316
0.00927566
0.0102824
0.0104769
0.0103467
0.00973193
0.0104555
0.0102448
0.00987807
0.0101326
0.00995957
0.0104414
0.0104957
0.0105196
0.0101431
0.0102051
0.0102737
0.0104338
0.010279
0.0102838
0.0102172
0.0102291
0.0101878
0.0104907
0.0104887
0.010267
0.010254
0.0104619
0.0103364
0.0102737
0.0103799
0.0103099
0.0102762
0.0102589
0.0102865
0.0102666
0.0102713
0.0104575
0.0102916
0.0102867
0.0102881
0.0104345
0.0103014
0.0102962
