0.673182
0.169005
0.0544147
0.0141242
0.00450334
0.00759423
0.004877
0.0195635
0.0181988
0.0169107
0.0439619
0.00208711
0.144965
0.045406
0.0078916
0.0146898
0.00724752
0.0137102
0.0176428
0.0215075
0.019867
0.0171056
0.017611
0.0207824
0.020353
0.0188149
0.0181029
0.0179894
0.0194864
0.0203448
0.0207899
0.0203012
0.0189727
0.0192227
0.0196088
0.0192384
0.0204332
0.0200596
0.0198587
0.0210445
0.0212355
0.0207971
0.020185
0.0200377
0.0211683
0.0204733
0.0207991
0.0204272
0.0206028
0.047368
0.0435046
0.00965648
0.0214473
0.0132298
0.0143198
0.01146
0.0177901
0.0190927
0.0200234
0.0160441
0.0200136
0.0184158
0.0193441
0.0211991
0.0202602
0.0195491
0.0201881
0.0195595
0.0213184
0.0194844
0.0212783
0.0197465
0.0212548
0.020185
0.0212116
0.0200139
0.020223
0.0202676
0.0201934
0.0202401
0.02023
0.0212055
0.0202515
0.0203133
0.02112
0.0206036
0.020369
0.0203965
0.020408
0.020982
0.0205887
0.0206966
0.0205476
0.020986
0.0207573
0.0209344
0.0210899
0.0207846
0.0208442
0.0206492
0.0207367
0.0206701
0.020709
0.0207803
0.0210117
0.0207352
0.0208308
0.0206767
0.128453
0.0212332
0.0138206
0.019837
0.00151307
0.0077188
0.0211324
0.0104952
0.0184368
0.018751
0.0188775
0.0178311
0.0186623
0.0183906
0.0195977
0.0200084
0.0193762
0.0197932
0.0203588
0.0211053
0.0194789
0.0194222
0.0210185
0.0202134
0.0210111
0.0210535
0.020586
0.0204382
0.0478079
0.0177561
0.045719
0.00999277
0.00116185
0.0163654
0.0175585
0.0204378
0.0211129
0.0196976
0.0191544
0.018915
0.0214473
0.0189867
0.0196252
0.0181665
0.0188926
0.0198013
0.019192
0.0197217
0.0192799
0.0203566
0.0212073
0.0199905
0.0203941
0.0200918
0.0201406
0.0199863
0.355871
0.104449
0.0185769
0.0147248
0.0170027
0.0195428
0.0152009
0.012653
0.00735703
0.0120314
0.017604
0.0168421
0.0141721
0.0191017
0.0197029
0.0211111
0.0167795
0.0210874
0.0176572
0.0177593
0.019359
0.0206391
0.0203978
0.0195781
0.0210405
0.0189809
0.0195525
0.02064
0.161987
0.10787
0.0108254
0.0167308
0.0186218
0.00774023
0.0120882
0.017464
0.0193656
0.0125879
0.0131351
0.0142105
0.0209293
0.018943
0.0191814
0.0172653
0.0185141
0.0202015
0.0184416
0.0184859
0.018592
0.0192147
0.0198085
0.0192924
0.0192476
0.0202204
0.019567
0.0209355
0.0198807
0.0185442
0.254888
0.00323439
0.0139412
0.0167415
0.018816
0.000620036
0.0168567
0.0167196
0.0170138
0.0153201
0.019028
0.0178195
0.0172685
0.018097
0.0180635
0.0173927
0.0189124
0.0196742
0.0210589
0.0205275
0.0192838
0.0198352
0.0201012
0.0194628
0.0194877
0.0196453
0.0196169
0.00507217
0.0289395
0.0255653
0.0208391
0.00836354
0.0186951
0.0197852
0.0178623
0.0147403
0.0195228
0.0188418
0.0159365
0.0178583
0.0210637
0.0182734
0.0201199
0.0206727
0.0193585
0.0190082
0.0198048
0.0199087
0.0195305
0.0208861
0.0211146
0.0204399
0.0209456
0.0198016
0.0202699
0.0234447
0.0536687
0.0136607
0.00481078
0.00888685
0.00806534
0.00797772
0.00915231
0.0153803
0.0166957
0.0150964
0.0214871
0.0161127
0.0194226
0.0182376
0.019624
0.0183891
0.0201634
0.0195178
0.0190286
0.0194474
0.0195806
0.0198926
0.0206581
0.0194397
0.0196656
0.0198549
0.0196816
0.196851
0.0212228
0.0137239
0.0198419
0.00119978
0.00777144
0.0211322
0.0106418
0.0184364
0.0187696
0.01888
0.0178566
0.0186788
0.0184091
0.0196014
0.0200128
0.019385
0.019798
0.0203607
0.0211046
0.0194864
0.0194307
0.0210181
0.0202165
0.0210108
0.021053
0.0205876
0.0204406
0.98198
0.0602354
0.00776823
0.0186076
0.00318502
0.021094
0.0153564
0.0181755
0.0163
0.0295689
0.0067857
0.140002
0.0458376
0.00801215
0.0151017
0.00803742
0.0136825
0.0177756
0.0215059
0.0198876
0.0171113
0.0176198
0.0207769
0.0203465
0.0188593
0.0181327
0.0180396
0.0194937
0.0203501
0.0207879
0.0203022
0.0190015
0.0192422
0.0196222
0.0192601
0.0204373
0.0200672
0.0198705
0.0210433
0.0212335
0.0207976
0.0201923
0.0200469
0.0211667
0.0204772
0.0208001
0.020432
0.0206054
0.191855
0.0330067
0.0723287
0.00874978
0.0144105
0.0188462
0.0124085
0.0106733
0.0136837
0.0164536
0.0183866
0.0170504
0.0185556
0.021399
0.0173051
0.0177483
0.0180683
0.0201376
0.021053
0.0200597
0.0188378
0.0189382
0.0200929
0.0203483
0.0194912
0.0211318
0.0201046
0.0198784
0.0201082
0.0203114
0.0202075
0.0204232
0.0203252
0.0211965
0.0201766
0.0209308
0.0206526
0.0202547
0.0205563
0.0205204
0.0211134
0.0206164
0.0204531
0.0206593
0.0209297
0.0208213
0.0204918
0.020637
0.0206289
0.127462
0.0893823
0.0118151
0.0165795
0.0186836
0.00727904
0.0123277
0.0175271
0.0193829
0.012643
0.0131089
0.0141699
0.0209202
0.0189402
0.0191415
0.0171976
0.0184918
0.0201957
0.0183998
0.0184358
0.0185478
0.0191768
0.0197827
0.0192589
0.0192101
0.0202088
0.0195335
0.0209347
0.0198539
0.092034
0.000715197
0.0491062
0.00277907
0.0174287
0.0134383
0.0209133
0.0198992
0.0108805
0.0179095
0.0196629
0.0214438
0.0213656
0.0171991
0.0205389
0.0194329
0.0204593
0.0186004
0.0204192
0.0189023
0.020949
0.0204939
0.020567
0.0197086
0.0201359
0.0201406
0.0207155
0.0202895
0.0203924
0.0199687
0.0201059
0.0199885
0.0204902
0.0201145
0.0203321
0.0211643
0.0202292
0.0202522
0.0207533
0.0206442
0.0204889
0.0204244
0.020431
0.0206259
0.0207787
0.0207047
0.0205618
0.0205646
0.0206032
0.28489
0.383972
0.00388282
0.0123476
0.00783897
0.00843205
0.00815784
0.0103876
0.0106594
0.0130576
0.0213355
0.0199508
0.0162743
0.0181663
0.0175572
0.0192842
0.018159
0.0432742
0.00994044
0.00894368
0.00780649
0.00762326
0.00302639
0.0159213
0.00767693
0.0114694
0.0186544
0.0205108
0.0191441
0.0177421
0.020316
0.0175641
0.0189967
0.0186237
0.0207094
0.0194025
0.0195048
0.0198104
0.0209136
0.0212259
0.019813
0.0196641
0.0203709
0.0204593
0.0199526
0.367895
0.0124329
0.000927368
0.0751562
0.0109726
0.00172898
0.0186929
0.0169541
0.0215573
0.0148146
0.0190845
0.0176581
0.0205492
0.0176411
0.0209167
0.0183809
0.0176888
0.0184567
0.0194395
0.0196573
0.0193601
0.020578
0.0213221
0.0203913
0.0193975
0.0205026
0.0211475
0.0210901
0.0207923
0.0198181
0.0201791
0.0205367
0.0201859
0.0202453
0.0211838
0.0201334
0.0206199
0.0204849
0.020528
0.0203861
0.0203672
0.0203238
0.0205533
0.020662
0.0208531
0.0206128
0.0209959
0.0206066
0.172352
0.277562
0.0334631
0.00963029
0.0177244
0.0155342
0.015684
0.0116575
0.0178558
0.0187779
0.0153257
0.0171377
0.0172172
0.0193485
0.0182577
0.0194297
0.0182886
0.0203166
0.974527
0.054285
0.0170927
0.0147466
0.0206053
0.0127558
0.01439
0.00627275
0.0131095
0.0157062
0.0120511
0.0149318
0.0181442
0.0159054
0.016594
0.0212813
0.0179182
0.0199716
0.017953
0.0187927
0.558516
0.181037
0.0189379
0.00666995
0.0202009
0.00700052
0.0161153
0.0200945
0.0132271
0.0181253
0.0164144
0.0205322
0.0193155
0.019426
0.0213348
0.0189277
0.0201996
0.0198874
0.0207123
0.0202033
0.0201277
0.0211489
0.0204636
0.0196135
0.0202643
0.0203846
0.0211059
0.0201221
0.0199718
0.0201443
0.0206339
0.0202193
0.0203276
0.0202577
0.0202982
0.0210672
0.0204723
0.020475
0.525309
0.379072
0.0189379
0.00865107
0.0202005
0.00763828
0.016085
0.0201054
0.0134352
0.0181157
0.0164466
0.0205262
0.0193383
0.0194467
0.0213331
0.0189518
0.0201974
0.0198968
0.0207103
0.0202084
0.020129
0.0211476
0.020466
0.0196231
0.0202684
0.0203863
0.021105
0.0201264
0.0199778
0.0201489
0.0206351
0.0202232
0.0203307
0.0202612
0.0203015
0.0210666
0.0204745
0.0204771
0.271341
0.0774302
0.0641333
0.0105311
0.0111476
0.016801
0.0185261
0.0170394
0.0174628
0.0168318
0.0177846
0.0196673
0.0181137
0.0197204
0.0211128
0.0188963
0.0195042
0.0133753
0.170486
0.00385769
0.00398403
0.0107277
0.0122876
0.0161461
0.00960088
0.00829213
0.0760212
0.00277131
0.000968033
0.0123055
0.0072462
0.0209699
0.018188
0.0148804
0.0122347
0.0136477
0.0177564
0.0147792
0.0163086
0.0206898
0.0187145
0.018965
0.0200994
0.750575
0.0924957
0.122653
0.00973943
0.00314223
0.0193739
0.0109918
0.0178331
0.0174514
0.0148438
0.0188918
0.016597
0.0171203
0.0186923
0.0173643
0.0183343
0.0185801
0.02016
0.0196331
0.0193163
0.0209563
0.0204924
0.0210686
0.0205383
0.0199079
0.0207384
0.0204614
0.0201667
0.0200563
0.729943
0.101688
0.0177564
0.0653863
0.0215666
0.0216826
0.00938516
0.0128238
0.00449334
0.0176175
0.0159539
0.0188996
0.017767
0.0213336
0.0138725
0.0178352
0.0188085
0.0167343
0.0207618
0.0212115
0.0207806
0.0186005
0.0204734
0.0200674
0.0198463
0.0186483
0.0209321
0.020265
0.0196045
0.247513
0.240041
0.00118749
0.072906
0.0101148
0.00166238
0.0187319
0.0168239
0.0215571
0.0146335
0.0190546
0.0177062
0.0205642
0.0175905
0.0209252
0.0183606
0.0176816
0.0184443
0.0194306
0.0196508
0.0193714
0.020586
0.021322
0.0203984
0.0193972
0.0205084
0.0211483
0.0210915
0.0207956
0.0198224
0.0201811
0.0205373
0.0201881
0.0202473
0.0211833
0.0201375
0.0206206
0.0204862
0.0205292
0.0203885
0.02037
0.0203275
0.0205565
0.0206645
0.0208542
0.0206156
0.0209959
0.0206094
0.126573
0.0837832
0.0508452
0.00969883
0.0202899
0.00420052
0.0197016
0.0151699
0.0205674
0.0142385
0.0186205
0.0192952
0.0211276
0.0201756
0.0190862
0.0212795
0.0202341
0.0196922
0.0186317
0.0213565
0.0188556
0.0212914
0.0194005
0.0198549
0.0200951
0.0204155
0.0202564
0.0203975
0.020248
0.0210208
0.0201447
0.0202457
0.0210988
0.0203071
0.021166
0.020267
0.0211204
0.0206247
0.0211383
0.0206416
0.020406
0.0209779
0.0205426
0.0205714
0.0210539
0.0206701
0.0206772
0.0206821
0.0206986
0.0206201
0.0207267
0.0211017
0.020896
0.0206307
0.0207153
0.0206415
0.0206484
0.464357
0.480584
0.152175
0.0177013
0.00440363
0.00989803
0.00829261
0.0165506
0.0214325
0.0172956
0.0215639
0.0188096
0.0200419
0.0195841
0.0169474
0.0169129
0.0177823
0.0187876
0.0202332
0.0204512
0.0196519
0.0212476
0.0193437
0.0196319
0.0197763
0.0202804
0.0209291
0.0202362
0.0202078
0.0208052
0.0199226
0.0209645
0.0200451
0.0202317
0.0208296
0.0202148
0.0201869
0.0210307
0.0209281
0.0605686
0.0303406
0.042317
0.018955
0.0102253
0.0194685
0.0178191
0.0163871
0.012355
0.017772
0.0213834
0.0157339
0.0201351
0.0179977
0.020297
0.0208358
0.0209079
0.0209779
0.0202578
0.0200916
0.0203207
0.0207924
0.0198629
0.0197124
0.0208547
0.0200864
0.0212868
0.0199278
0.0201559
0.0211743
0.0205477
0.0205705
0.020482
0.0203331
0.0201362
0.0201739
0.021204
0.0202887
0.0210323
0.0207614
0.0204997
0.0210497
0.0205937
0.0209362
0.0204418
0.0208307
0.0204649
0.0207161
0.0204886
0.0205065
0.0208784
0.0210307
0.0206074
0.0206153
0.0206118
0.0206069
0.0208296
0.0206051
0.0206841
0.00407992
0.296349
0.131719
0.013901
0.0100863
0.0151592
0.0200854
0.0100959
0.0193589
0.0172976
0.0214632
0.0214784
0.0210083
0.0195355
0.0191404
0.0195128
0.0213698
0.0195745
0.0188839
0.0212775
0.0208614
0.0197549
0.020497
0.020895
0.0198488
0.0198071
0.0211758
0.0197118
0.0211632
0.0210942
0.0203743
0.0201927
0.0211504
0.0209188
0.0206126
0.020358
0.0210966
0.0206063
0.0206201
0.0210449
0.0204844
0.0211523
0.0205309
0.0204726
0.0204961
0.021106
0.0205322
0.0207662
0.0209469
0.0208731
0.0206275
0.0210115
0.0209649
0.0206339
0.0206816
0.0207047
0.0206942
0.020994
0.0206559
