1.35737
0.23623
0.0249264
0.0196294
0.00575899
0.00092453
0.0057453
0.000210342
0.00427738
0.000744087
0.00522445
0.00237989
0.0164975
0.000975474
0.000198701
0.00572162
0.000147426
0.000974073
0.000726627
0.00156542
0.000705759
0.000484064
0.000366264
8.68353e-05
6.28493e-05
0.000297222
0.000518029
0.000560619
0.000229183
0.000596345
0.000520227
0.000289241
0.000264585
1.13565e-05
3.53601e-05
0.000184283
0.000397308
0.000221104
0.000354342
0.000349595
6.92575e-05
0.000185055
4.4357e-05
0.000236921
0.000244098
0.000203042
0.000241538
3.51257e-05
0.0470038
0.0610604
0.00264409
0.0199182
0.00342973
0.000961184
0.00128438
0.000252169
0.000237171
0.000534055
0.000196661
0.00125284
0.000362075
0.000208877
0.000561211
4.4878e-05
0.00021809
0.000278991
7.33569e-05
0.000122753
0.000124598
0.000413938
0.000165485
0.000106769
0.000318928
0.00027511
0.000184047
0.000124687
9.76893e-05
0.000232734
0.000105318
8.1417e-05
0.000123974
3.90011e-06
0.000134064
9.80753e-05
8.07737e-05
9.28753e-05
6.72175e-05
5.51617e-05
0.000119783
0.000137751
2.35395e-05
0.000142441
0.000106573
0.000112804
1.65186e-05
4.04251e-05
2.53139e-05
6.56004e-07
0.000106396
8.73833e-06
0.000133468
4.88203e-06
6.55125e-05
1.97757e-05
1.21911e-05
1.18393e-05
3.62028e-06
8.71554e-05
1.63718e-07
0.000105499
6.28622e-05
1.27659e-05
2.84293e-05
0.0258263
0.0723343
0.0273684
0.0654695
0.00636854
0.0132735
0.00136944
0.000696585
0.00241754
0.00108067
0.0012639
5.52799e-05
0.00180171
0.00155366
0.00133576
0.000625333
0.000405887
6.57601e-05
0.000254977
0.000266255
0.000528429
0.000727902
1.05728e-05
0.000406648
0.000557233
0.000361673
0.000384562
1.08482e-05
0.000364103
0.000208336
0.000319202
0.000327486
0.000362565
4.8379e-05
0.00023145
0.104059
0.0734014
0.00209285
0.0191159
0.00301365
0.00170084
0.00339105
0.000931597
0.00109098
0.000201314
0.000928851
0.000477161
8.00573e-05
0.000333172
0.000833079
0.000299797
0.000708889
0.00073164
0.000493354
0.000633075
0.000578372
1.57267e-05
0.000479795
3.34471e-05
0.000492839
1.94911e-05
2.62777e-06
8.59633e-06
0.000102146
0.000384532
0.000236221
0.000211278
0.000245966
0.000171918
0.000317616
0.000180266
0.0226076
0.0975802
0.118134
0.00314418
0.0303883
0.00171712
0.00351622
0.000633282
0.00232036
0.000842262
0.000463832
0.00181274
9.56663e-05
0.00153758
0.000536206
0.000997677
0.000259334
0.00104907
3.02181e-05
0.000315095
0.000502054
0.000630859
0.000326425
0.00049095
0.00034981
0.000584247
0.000202739
0.000112195
0.151485
0.035572
0.03045
0.0239531
0.00289609
0.00858914
0.00576974
0.00303969
0.00352329
0.00114605
0.00066859
0.00190145
0.00125587
0.00039075
0.00128399
0.00102392
0.000665537
4.00636e-05
3.54531e-05
0.000648355
0.0006583
2.74903e-06
0.000569936
0.000347628
5.4455e-05
0.000363781
7.56974e-05
0.000173165
0.000267935
0.024243
0.0588881
0.000388874
0.0181848
0.00710347
0.000638934
0.00258803
0.001792
0.00137132
0.00113283
0.00170581
0.00109611
0.000628776
0.00101552
2.68513e-05
0.00102759
0.000953543
5.10336e-06
1.05667e-05
9.50152e-05
0.000497592
0.00012031
0.000351729
0.000295512
0.000280914
0.000484893
0.000432323
0.000376876
0.00032232
0.0398876
0.0770238
0.167776
0.0142854
0.00200923
0.000746349
0.00202601
0.000850717
0.00136697
0.00063476
0.000341249
0.00189875
0.00108195
0.000599522
5.70956e-05
0.000398655
0.000650439
0.000524561
0.000737289
0.000526814
0.000301491
2.65993e-05
0.000333535
0.00033854
2.33205e-05
0.000302476
7.93758e-05
9.89199e-06
0.000134085
0.000346979
2.33526e-05
0.00018178
0.000220238
9.39044e-05
0.000337508
0.113358
0.106089
0.00250307
0.00172634
0.0218734
0.00262941
0.000505747
0.00246717
0.00271664
0.00249856
0.000458321
3.22334e-05
0.000851434
0.00148813
0.00114945
5.32623e-05
0.00121473
0.000131411
0.000209238
0.000832057
2.66694e-05
0.000276298
0.000389181
0.000316203
0.000265933
0.000278997
0.000308097
0.000265905
0.000563495
0.000491555
0.000213883
0.000142948
3.16351e-05
0.000462065
0.000313135
0.548387
0.168712
0.220843
0.0443312
0.00634908
0.0132401
0.00136678
0.000695724
0.00238824
0.00106307
0.00124529
5.54633e-05
0.00178411
0.00154447
0.0013273
0.00062394
0.000405221
6.53054e-05
0.000254581
0.000265783
0.000526688
0.000723268
1.03819e-05
0.000403886
0.000554222
0.000360549
0.000382411
1.05426e-05
0.000362775
0.000207892
0.000317585
0.000326289
0.000361023
4.84224e-05
0.000230764
1.62254
0.0310951
0.001864
0.00576678
0.00117819
0.00387489
0.00229527
0.00401866
0.0023826
0.00268396
0.000855891
0.000481998
0.00540598
0.00112054
0.0164134
0.000794405
0.000196467
0.00559196
0.000144626
0.000972011
0.000692363
0.0015436
0.000704369
0.000466216
0.000365676
8.41376e-05
6.08416e-05
0.0002965
0.000515803
0.000557671
0.000224844
0.00058942
0.000516078
0.000288168
0.000260764
1.1536e-05
3.45212e-05
0.000182003
0.000393454
0.000218795
0.000350674
0.000346003
6.90519e-05
0.000184336
4.44813e-05
0.000235351
0.000242364
0.000201944
0.0002396
3.54252e-05
0.00948203
9.68236e-05
0.00128996
0.000713398
0.00125377
0.00261613
0.000122507
0.000196958
0.000652872
0.000171386
0.000725707
0.000132193
0.000115229
9.10367e-05
0.000130637
8.9619e-05
8.88792e-05
7.92257e-05
0.000133886
5.10675e-05
3.87115e-05
0.000303168
0.000197585
0.000274276
4.12503e-05
0.000164578
5.15492e-05
0.000240956
3.14071e-05
2.98857e-05
0.000226475
5.36813e-05
0.000220437
0.000193385
4.60853e-05
0.000164714
2.65254e-07
0.000170531
1.11679e-05
0.000164642
0.000151667
0.000121615
1.17779e-05
0.000156644
0.000149135
0.000155342
2.31016e-05
0.000144783
6.19966e-05
0.00014162
8.25448e-05
9.14778e-05
0.150181
0.0245851
0.0315486
0.0214915
0.00297446
0.00847827
0.00562903
0.0030181
0.00356041
0.00113835
0.00066831
0.00193858
0.00128339
0.0003953
0.00131106
0.00104676
0.000678257
4.03579e-05
3.6284e-05
0.000663044
0.000673564
2.16699e-06
0.000583315
0.000354716
5.46551e-05
0.000370609
7.63034e-05
0.000176385
0.000272388
0.00263176
0.00399756
0.018265
0.00309061
0.000246457
0.00130477
0.000863423
0.000264073
0.00065903
5.92219e-06
0.00014047
0.00014192
0.000439524
0.000159127
7.22073e-05
0.000104645
0.000274045
0.000251182
0.000304623
4.14593e-05
0.000105531
6.35278e-05
0.000230862
0.000240669
5.39723e-05
2.92953e-05
1.51296e-05
3.52052e-06
2.28468e-05
0.000129996
0.000161535
1.80537e-05
0.000169932
8.91114e-06
4.29421e-06
5.40435e-06
0.000166234
2.81648e-05
0.000159596
0.000155491
0.0001475
4.39706e-05
9.36893e-05
2.17406e-05
0.000107012
0.000145724
0.000131133
5.00192e-05
0.000118244
5.76465e-05
0.348139
0.174469
0.0140606
0.0229711
0.00620221
0.0100197
0.00156283
0.0038726
0.00141912
0.0010194
0.00122718
0.00119497
0.0010923
0.000492205
0.000872939
0.614559
0.0036047
0.00202927
0.00767796
0.00656551
0.00108789
0.00156387
0.00291975
8.4527e-05
0.00230707
0.000590824
0.00142832
0.00166921
0.000453155
0.00039676
0.000258173
0.000505872
0.000148739
0.000106757
0.000778688
0.000605741
0.000162804
3.46137e-05
0.000564099
0.00053645
0.000185339
0.000368088
0.000213356
0.000219118
0.000178216
0.000374672
0.00027547
0.03623
0.0113481
0.00252639
0.000313212
0.00259006
0.00164006
0.00122213
0.000477422
0.000830465
0.000498457
0.000120451
0.000123682
9.10355e-05
0.000104407
0.000366444
0.000321522
0.000259963
0.000349013
7.10492e-06
0.000243449
0.000229204
5.30578e-05
5.06816e-05
0.000217068
3.31235e-08
2.79016e-05
0.000202413
0.000213408
0.000187617
1.56228e-05
0.000139365
0.000107972
3.42209e-05
0.000185458
0.000186797
0.000159014
6.94482e-05
5.65551e-05
0.000163083
0.000142886
1.25069e-05
0.000152618
0.000157402
0.000118073
0.000151921
0.000131534
0.000139449
0.000137278
0.000140674
4.81087e-05
0.508856
0.011748
0.00666462
0.0114384
0.0118069
0.000854112
0.00458892
0.00324505
0.00218867
0.00100063
0.00198218
0.00160315
0.00155389
0.00078215
0.000304607
0.000627243
0.00115801
0.000393555
0.000873726
0.00087858
0.000236032
0.000709422
0.732031
0.00469798
0.0169386
0.00486096
5.55872e-05
0.00122469
0.00458655
0.0042223
0.00187746
0.00281893
0.00119477
0.00147174
0.00182417
0.00101147
0.000172337
0.000913703
0.00081049
0.00108528
0.00078352
0.107
0.0304459
0.0159435
0.00172891
0.00419377
0.000452513
0.000189291
0.000100111
5.36047e-05
0.0003711
0.000110203
0.000714296
9.80142e-05
9.34982e-05
2.90084e-05
0.000183498
0.000303487
0.000320595
0.000443086
0.000255014
3.24526e-05
0.000355722
0.000303644
0.000186265
1.68533e-05
0.000250151
0.00026404
8.7313e-05
0.000190972
3.96381e-06
0.000183071
2.03672e-05
0.000165343
8.51329e-05
0.000216312
0.000161053
0.000142607
0.000194475
0.000196998
0.000167532
8.3473e-05
0.000106731
0.000167404
0.000163382
0.0637983
0.0290335
0.0159438
0.00172891
0.00419413
0.000452514
0.000169279
0.000100554
4.45592e-05
0.000371128
0.000108583
0.000713836
9.66442e-05
9.22123e-05
2.91892e-05
0.000179467
0.000303287
0.000320326
0.000442
0.000251437
3.19909e-05
0.000352723
0.000301777
0.0001851
1.64229e-05
0.000249597
0.000262656
8.70207e-05
0.000190652
4.28079e-06
0.000182373
2.0608e-05
0.000164757
8.50161e-05
0.000215598
0.000160779
0.000142223
0.000194002
0.00019644
0.000167205
8.34319e-05
0.000106573
0.000166985
0.00016298
0.50036
0.00600085
0.0127663
8.26353e-05
0.0050441
0.00761286
0.0037748
0.00264422
0.00145123
1.10944e-05
0.00223674
0.00172495
0.000209692
0.000601848
0.000542852
0.000514422
0.000934339
0.000759578
0.000242493
0.000238901
0.000751137
0.000635997
0.104129
0.0655844
0.00320701
0.00730575
0.00114676
0.00524081
0.00318649
0.00019614
0.00401846
0.00142227
0.00105829
0.0813908
0.060499
0.0193288
0.00249405
0.0014875
0.0102696
0.00157511
0.00176126
0.00379484
0.00233879
0.000467826
0.00240372
0.00257936
0.000687561
0.00210024
0.000738944
0.00131187
0.0015919
0.000687109
0.000543016
0.000344318
0.166925
0.00270833
0.0199777
0.00432316
0.00271907
0.00148676
0.00481662
6.93794e-05
0.0023455
0.000982808
0.00082527
0.000686557
0.00094943
0.000886252
0.00107245
7.64594e-05
0.000169294
0.000775101
0.000384416
0.000606999
0.000635095
0.000462528
2.37125e-05
0.00025029
0.000387749
0.000328078
0.000396776
0.000195607
0.000242641
0.000282566
0.000191679
2.00471e-05
0.000293628
3.17109e-05
0.236153
0.0149365
0.00649098
0.00465853
0.00497511
0.000915272
0.00321144
0.00610787
0.000805849
0.000346062
0.00108205
0.000515139
0.000973668
0.000563751
0.000229855
0.000736565
0.000147496
0.00142257
0.000537755
0.00107963
0.000350606
0.000847138
0.000791638
0.000166401
0.000744216
0.000542
0.000529449
0.000113828
0.00057209
0.0108419
0.00935554
0.00277218
0.000329718
0.00250396
0.0015941
0.00119197
0.000472394
0.000820183
0.000492095
0.000122897
0.000126599
9.22249e-05
0.000106722
0.00036035
0.000319096
0.000259001
0.000344914
3.53051e-06
0.000238845
0.000228562
4.9776e-05
5.12885e-05
0.00021657
2.36684e-06
2.84955e-05
0.000199732
0.000212318
0.000187208
1.59394e-05
0.000136893
0.000105737
3.28919e-05
0.000183584
0.000185143
0.000158749
6.80312e-05
5.53707e-05
0.000161543
0.000141351
1.2655e-05
0.000151297
0.000156232
0.000116655
0.000150717
0.000130173
0.000139182
0.000136936
0.000139745
4.76464e-05
0.0135641
0.0140252
0.00973997
0.00434322
0.00151418
0.00131932
0.000473794
9.65551e-05
0.00132322
0.000198985
0.000205488
0.000307784
0.000625798
0.000274183
0.000362032
0.000133174
6.07941e-05
6.94256e-06
7.38116e-05
4.73292e-05
0.000193178
0.00020619
0.000206949
0.000133578
3.38953e-05
9.97625e-05
0.000150384
0.00015918
8.94525e-05
2.82569e-06
7.46171e-05
1.88239e-05
1.43673e-05
7.05173e-05
4.4453e-05
5.57562e-05
0.00015366
4.13393e-05
0.000153805
8.31599e-06
0.000106652
6.1233e-06
2.50042e-05
1.77455e-05
6.51134e-06
0.000118276
2.67236e-05
6.1992e-06
8.63976e-06
4.46298e-05
2.39665e-05
1.73888e-05
0.000100333
1.0125e-05
0.00011577
9.36422e-05
0.000120276
0.000123853
1.96524e-05
0.266923
0.00156596
0.0103231
0.00789347
0.00115565
0.000188627
0.000684795
8.56855e-05
0.000108792
0.00115701
6.63497e-05
0.000767733
0.000353267
0.000857387
0.000653465
3.03537e-05
0.000533503
0.000339711
0.000185048
0.00025737
1.55013e-05
5.88907e-05
0.000379043
0.000262374
4.04931e-05
0.000289941
0.000289403
0.000290852
5.16331e-05
0.000259057
0.000198374
0.000234566
0.000192092
0.000229177
0.000100472
0.000135336
0.000163659
0.0153123
0.0369962
0.0119535
0.00245131
0.00233497
2.79033e-05
3.4309e-05
0.000146502
0.00108113
0.000844746
0.000459406
0.000627253
0.000128672
0.000123704
0.00020118
0.000143972
0.000309934
0.000212062
0.000200187
0.000167402
0.000178835
0.000193016
5.08368e-05
0.00019264
0.000160753
0.000127059
0.000120247
0.00018072
1.69241e-05
1.7749e-05
6.45362e-05
3.59766e-06
6.3755e-05
0.000161954
4.26209e-05
4.0814e-05
5.01562e-06
1.95212e-05
3.47206e-05
2.71664e-05
8.2862e-05
0.000135716
0.000132263
1.30068e-05
5.88932e-06
2.9466e-05
5.22549e-05
0.000131901
0.000102001
4.74015e-05
2.03273e-05
9.79724e-06
1.60026e-05
3.33645e-05
0.000127708
9.07666e-05
0.0434372
0.00447075
0.0146214
0.0132313
8.86899e-05
0.000841537
0.0001967
0.00253459
0.00101672
0.000244589
0.00010561
0.000409472
0.000693582
0.000230569
0.000323486
0.000241586
0.000192636
0.0001503
0.000279143
0.000119197
0.000314263
0.000166518
0.000176894
0.000187388
0.000187152
7.8283e-05
2.94415e-05
8.87723e-05
0.000162844
0.000124045
9.8763e-05
7.99703e-05
6.99048e-05
0.00012757
1.56959e-05
6.66455e-05
1.98972e-05
4.77735e-05
3.24485e-05
1.80976e-05
0.000112695
9.75033e-05
3.65965e-05
2.15602e-05
9.33069e-07
2.40732e-05
7.27654e-05
1.53323e-06
1.4773e-05
1.36104e-05
1.0811e-05
7.27124e-06
7.09716e-05
0.000118608
0.000130308
2.13737e-05
7.20099e-05
5.36945e-06
1.04996e-05
0.000116446
