0.24455
0.0112214
0.00154687
0.0155422
0.0168986
0.0173966
0.0168945
0.0158516
0.0174005
0.0172463
0.0783005
0.0121946
0.00645309
0.00690388
0.0201757
0.017749
0.0201701
0.01843
0.0194754
0.0176806
0.0199944
0.0199068
0.0196943
0.020102
0.0200599
0.0191555
0.0192359
0.0194325
0.0198566
0.0200256
0.0200255
0.0193053
0.0199959
0.0193124
0.0197126
0.0195675
0.0195223
0.0198744
0.0199758
0.0196732
0.019518
0.019563
0.0199477
0.0197853
0.0199496
0.0196869
0.019626
0.0197204
0.0196571
0.0196894
0.0196659
0.0848401
0.0241916
0.0260649
0.0315974
0.0347255
0.0222581
0.0205914
0.0204083
0.0208173
0.0199267
0.020889
0.0205715
0.0196147
0.020689
0.0203375
0.0201885
0.0200632
0.0203417
0.0204111
0.0197102
0.0201514
0.0196673
0.0196558
0.0198805
0.0203486
0.0202912
0.0197076
0.0202616
0.0197829
0.0199866
0.01978
0.0201055
0.0201157
0.0196896
0.0199886
0.0200425
0.0199784
0.0199431
0.0198027
0.0200513
0.0197825
0.0199865
0.0200307
0.0197631
0.019906
0.019941
0.0198203
0.0198808
0.0199139
0.0199637
0.0197968
0.0198696
0.0199448
0.0199429
0.0199291
0.0199321
0.019809
0.0199311
0.0198437
0.0197752
0.0198583
0.0197712
0.0198241
0.0197735
0.0199121
0.00833694
0.0131245
0.0112303
0.0131907
0.020239
0.0199272
0.0155991
0.0197284
0.0193467
0.0186511
0.0199714
0.0188389
0.018953
0.0191577
0.0199484
0.0190117
0.0191166
0.0191004
0.0193189
0.0191466
0.019642
0.0199058
0.0195375
0.0199666
0.0199663
0.0194136
0.0196536
0.0199045
0.0199352
0.0196177
0.0195244
0.0196698
0.0198702
0.0195571
0.00469906
0.0023332
0.00617556
0.0197357
0.0179683
0.0145492
0.016954
0.0172973
0.0177224
0.0201523
0.0198692
0.0193954
0.0194763
0.0194613
0.0192947
0.0195263
0.0200378
0.0195107
0.0198467
0.0195529
0.0192956
0.0192551
0.0195579
0.0195959
0.0194072
0.0198915
0.0195198
0.0194875
0.0195582
0.0196325
0.0197609
0.0196408
0.0195582
0.0197523
0.0197814
0.019675
0.0956366
0.0177396
0.0122643
0.00535139
0.0184114
0.0169839
0.0145731
0.0192755
0.0158245
0.0178359
0.0177472
0.0189659
0.0183928
0.0196793
0.0197664
0.0189138
0.019401
0.0195514
0.0190651
0.0197296
0.0191059
0.0189907
0.0196376
0.0195968
0.0195639
0.0198849
0.0193486
0.0194876
0.0197158
0.0164215
0.0150351
0.0095012
0.00917427
0.0127782
0.0159216
0.0157709
0.0196205
0.0189263
0.0189649
0.0190535
0.0193503
0.018675
0.0187534
0.0199341
0.0198985
0.0196341
0.0194089
0.0195941
0.0191831
0.019574
0.0195909
0.0196667
0.019302
0.0194971
0.0194761
0.019452
0.0195666
0.0196285
0.0225445
0.00767925
0.0119969
0.0100916
0.0201385
0.0157938
0.0173118
0.0152317
0.0176398
0.017084
0.0191599
0.0200118
0.0196923
0.0186761
0.0194881
0.0191851
0.0192667
0.0192658
0.0193303
0.0200007
0.0194348
0.0194805
0.019312
0.0194486
0.0193877
0.0197446
0.019872
0.0198326
0.0198643
0.0215247
0.0161588
0.0102593
0.0202582
0.0200938
0.0197931
0.0186332
0.0143984
0.0177106
0.0198377
0.0199398
0.0191303
0.0193171
0.0193473
0.0188803
0.0198525
0.0194481
0.0189466
0.0191906
0.0199282
0.0192078
0.0199234
0.0192018
0.019355
0.0198854
0.0194752
0.0193925
0.0195125
0.0195877
0.0199435
0.0195654
0.0197543
0.0198362
0.00556105
0.0209808
0.0356692
0.0171794
0.0110371
0.0102202
0.0148156
0.0189983
0.015062
0.0157934
0.0169051
0.0190358
0.0199418
0.0193259
0.0186715
0.0187297
0.0189264
0.0195042
0.0196877
0.019264
0.0189299
0.0190734
0.0194385
0.0191163
0.0192169
0.0196071
0.0194662
0.019441
0.019456
0.0194722
0.0196338
0.0194161
0.0194372
0.0195219
0.0196767
0.0196191
0.0287764
0.013239
0.0112936
0.0133639
0.0202389
0.0199281
0.0156876
0.0197295
0.0193472
0.0186521
0.0199712
0.018847
0.01896
0.0191624
0.019948
0.0190179
0.0191216
0.0191057
0.0193219
0.0191516
0.0196429
0.0199056
0.0195388
0.0199661
0.0199659
0.0194163
0.0196546
0.0199042
0.0199348
0.019619
0.0195263
0.0196705
0.0198701
0.0195586
0.113311
0.0197999
0.0123352
0.0188585
0.0185005
0.0173603
0.0164164
0.01871
0.0188281
0.0186092
0.0750855
0.0197454
0.00868807
0.00587545
0.0201761
0.0178752
0.0201704
0.0184183
0.019473
0.0177645
0.0199933
0.0199047
0.019691
0.0201014
0.020059
0.0191681
0.0192461
0.0194377
0.0198558
0.0200247
0.0200246
0.0193136
0.0199948
0.0193205
0.0197135
0.01957
0.0195258
0.019874
0.0199749
0.0196751
0.0195218
0.0195664
0.0199469
0.0197858
0.0199488
0.019688
0.0196284
0.0197217
0.0196587
0.0196911
0.0196678
0.0275166
0.0217962
0.0170832
0.0188858
0.0170398
0.0192723
0.0192034
0.0205175
0.0205201
0.0190861
0.0201793
0.0200409
0.0194228
0.0196042
0.0200515
0.0200677
0.0200995
0.0195321
0.0194966
0.0195267
0.0200957
0.0196994
0.0195346
0.019689
0.0200143
0.019646
0.0197341
0.0196237
0.0196407
0.0196339
0.0197722
0.0199939
0.0199912
0.0197311
0.0197957
0.0196905
0.0199272
0.0199183
0.0198398
0.0198688
0.0199375
0.0197884
0.0198302
0.0198099
0.0199206
0.0197217
0.0197578
0.0199134
0.0197946
0.0198275
0.0198728
0.0197598
0.0199005
0.0170571
0.0159637
0.00932004
0.00938471
0.0127147
0.0160244
0.0156482
0.0195981
0.0188824
0.0189284
0.0190511
0.0193486
0.0186585
0.0187368
0.0199331
0.0198969
0.0196262
0.0194032
0.019592
0.019166
0.0195713
0.0195824
0.0196603
0.0192889
0.0194903
0.0194682
0.0194422
0.0195579
0.0196243
0.0313634
0.0188735
0.0186309
0.0123935
0.022205
0.0204675
0.0194184
0.0206609
0.0194475
0.0205118
0.0202766
0.0202774
0.0201376
0.0195741
0.0201624
0.0201533
0.0199396
0.0198774
0.0201306
0.0196076
0.0197295
0.0200579
0.0198639
0.0199808
0.0196396
0.020056
0.0200353
0.0199883
0.0196481
0.0199851
0.0197323
0.0196606
0.019758
0.0199767
0.0196582
0.0197044
0.0197225
0.0199499
0.0198851
0.0197093
0.0199443
0.0198051
0.0199371
0.0197126
0.0198511
0.0199067
0.0197273
0.019917
0.0197532
0.0197494
0.0197666
0.0197577
0.0197793
1.2257
0.0131757
0.017683
0.0108812
0.01463
0.016944
0.014978
0.0166745
0.0177332
0.0177376
0.0172649
0.0196942
0.0189949
0.0194921
0.0192619
0.0196565
0.0191892
0.00337939
0.018724
0.0165737
0.0158123
0.0161214
0.016895
0.0153956
0.0140437
0.0176558
0.0170751
0.0187078
0.0198939
0.0189153
0.0191523
0.018807
0.0188288
0.0189236
0.020029
0.0198095
0.0200121
0.0191112
0.0194505
0.0198401
0.0196037
0.0193387
0.0198158
0.0198546
0.0194476
0.0198162
0.0195369
0.0199241
0.0195232
0.0198945
0.0209958
0.0203939
0.0190649
0.0193831
0.0192124
0.0188395
0.0192693
0.0195215
0.0202831
0.0201645
0.0199591
0.0194317
0.019489
0.0201237
0.0200464
0.0200463
0.019492
0.019547
0.0195691
0.0198812
0.0195675
0.0196223
0.0200492
0.0195729
0.0196394
0.0200115
0.0199689
0.0199458
0.0198126
0.0199887
0.0198389
0.0196754
0.0198499
0.0199599
0.0196765
0.0196824
0.019922
0.0196959
0.0196927
0.0199397
0.0198645
0.0198953
0.0199138
0.0197693
0.0197259
0.0197261
0.0197786
0.0198137
0.0198415
0.0197441
0.0197662
0.125184
0.0545902
0.0183927
3.2364e-05
0.0195446
0.0173261
0.0171566
0.0198341
0.0196997
0.0169058
0.0186714
0.0185168
0.0191952
0.018888
0.0186731
0.0190594
0.0197329
0.019035
0.0190021
0.0190286
0.0192509
0.0194251
0.0191833
0.0513311
0.202698
0.176774
0.0145032
0.0120701
0.0183635
0.017008
0.0149957
0.0176766
0.0183498
0.0184136
0.0196184
0.019107
0.0185428
0.0186971
0.0186527
0.0195934
0.0187253
0.0188723
0.0189324
0.0189969
0.016434
0.010866
0.0149238
0.016337
0.0182328
0.0193779
0.0201473
0.0201864
0.0201788
0.0185515
0.0200726
0.0200883
0.0198877
0.0200339
0.0192987
0.0193777
0.0194733
0.0196596
0.0199998
0.0195069
0.019918
0.0198023
0.0195119
0.0200041
0.0199983
0.0195854
0.0196504
0.0195963
0.019962
0.0196522
0.0196404
0.0196231
0.0197014
0.0198005
0.0196482
0.0198978
0.0199248
0.0196851
0.0198954
0.0196909
0.0196968
0.0196969
0.0199114
0.0197792
0.0198377
0.017286
0.0108785
0.0149238
0.0167269
0.0183662
0.0193777
0.0201468
0.0201863
0.0201787
0.0185879
0.0200695
0.0200857
0.0198842
0.0200317
0.0193056
0.019383
0.0194752
0.0196598
0.0199988
0.0195096
0.019917
0.0198017
0.0195144
0.0200035
0.0199977
0.0195869
0.0196514
0.0195977
0.0199615
0.019653
0.0196413
0.0196243
0.0197021
0.0198005
0.0196491
0.0198974
0.0199244
0.0196857
0.019895
0.0196916
0.0196973
0.0196976
0.019911
0.0197794
0.0198377
0.0798619
0.137074
0.00142383
0.0111345
0.0171667
0.0143588
0.0156227
0.0191794
0.0199023
0.019534
0.0179514
0.0185017
0.0198954
0.0200189
0.0192688
0.0199284
0.0195886
0.0195509
0.0192921
0.0193272
0.0565754
0.242435
0.0111267
0.0141197
0.0111885
0.0186165
0.0198842
0.0184864
0.0187584
0.0195412
0.0185012
0.0575576
0.222267
0.0303012
0.016848
0.0192869
0.0137265
0.017006
0.0156816
0.01509
0.014789
0.0164738
0.0192474
0.0172503
0.0188139
0.0191738
0.0183781
0.0189384
0.0187042
0.0185706
0.0193467
0.01975
0.0192399
0.0198227
0.0190374
0.192621
0.016256
0.0102288
0.0143129
0.0189757
0.0164561
0.0183877
0.0200028
0.0187467
0.0194527
0.0197843
0.0195043
0.0199053
0.0196817
0.0191889
0.019616
0.0195395
0.0197738
0.0194042
0.0195064
0.0194882
0.0196317
0.0195025
0.0197508
0.0196874
0.0195414
0.0198582
0.0197627
0.0196436
0.0195787
0.0198196
0.0199046
0.0196252
0.300715
0.0454834
0.0170384
0.0176788
0.0176535
0.0187885
0.0201127
0.0177793
0.016436
0.0198719
0.0181871
0.0189968
0.01994
0.0192108
0.0183951
0.0196884
0.0195509
0.0198255
0.0193091
0.0193116
0.019402
0.0191897
0.0192787
0.0196251
0.0195548
0.0193816
0.0193749
0.0196857
0.0427063
0.0171626
0.0156721
0.0208451
0.0203736
0.0191288
0.0192718
0.0189749
0.0203381
0.0203965
0.0192393
0.019144
0.0201388
0.0193933
0.0202974
0.0194565
0.020059
0.0197089
0.0200668
0.0195637
0.01977
0.0196582
0.019931
0.0198797
0.0196428
0.0196139
0.0197111
0.0198615
0.0199929
0.0196638
0.0197112
0.019718
0.0196745
0.0199582
0.0199225
0.0196908
0.0196916
0.0197033
0.0198114
0.0198759
0.0197577
0.019717
0.0197146
0.0197314
0.0197614
0.0197467
0.0198456
0.0199075
0.0197969
0.019903
0.0199003
0.00245103
0.0221932
0.0204939
0.0214769
0.0205201
0.0195228
0.0207261
0.0212327
0.0195841
0.0205956
0.0196968
0.0195623
0.0195738
0.0204613
0.0197869
0.0198014
0.0203527
0.0198424
0.0202982
0.0201203
0.0199663
0.0198823
0.0198333
0.0200138
0.0200911
0.0197478
0.0197756
0.0199764
0.0200574
0.0198186
0.0200228
0.0197337
0.0200447
0.0198189
0.0197054
0.0197216
0.019723
0.0198488
0.01998
0.0197214
0.0198844
0.0199512
0.0199552
0.0199184
0.0197648
0.0199099
0.019815
0.0199341
0.0198914
0.0198295
0.0197833
0.0199241
0.0197522
0.0199015
0.0198987
0.0198943
0.019798
0.0198713
0.580852
0.0194624
0.014037
0.0067303
0.0193984
0.017251
0.0173317
0.0193497
0.0181492
0.0181242
0.0190181
0.0201362
0.0200831
0.0190517
0.01902
0.0191139
0.0198164
0.0198237
0.019383
0.0196467
0.0199999
0.0199299
0.0195382
0.0196663
0.019527
0.0195386
0.01996
0.0196047
0.0198367
0.0196415
0.01988
0.0195892
0.0199424
0.0198341
0.0196914
0.0197155
0.0196856
0.0197446
0.0198076
0.0198916
0.0198697
0.0262328
0.0454394
0.0339353
0.0289931
0.0209011
0.0203447
0.01959
0.0212353
0.0203458
0.0200399
0.0207491
0.0197991
0.0198428
0.0195644
0.0207306
0.0200357
0.019982
0.0199247
0.0198239
0.0200349
0.0201418
0.0201558
0.0200219
0.0197185
0.019887
0.0197976
0.0200135
0.0199972
0.0200182
0.0200145
0.0199247
0.0199545
0.0197414
0.0199743
0.0197227
0.0199651
0.0199563
0.0199718
0.0199334
0.0199441
0.0198988
0.0199466
0.0199433
0.01995
0.0199375
0.0198557
0.019878
0.0198737
0.0199215
0.0198999
0.0198845
0.0199125
0.0198425
0.019863
0.0236681
0.0282967
0.0267209
0.0237203
0.0223511
0.0203346
0.0200113
0.0210243
0.0198089
0.0216437
0.0207088
0.0211068
0.0212698
0.0203829
0.0208187
0.0195992
0.019813
0.0201879
0.020201
0.019763
0.0196443
0.0201629
0.0196761
0.0201596
0.0196731
0.0196884
0.0200783
0.0200977
0.0200605
0.0201
0.0197507
0.0197602
0.0200706
0.0200249
0.0199989
0.0197739
0.0199831
0.0199243
0.0199994
0.0199583
0.0198464
0.0197369
0.0198667
0.0199488
0.019793
0.019917
0.0198685
0.0197605
0.019782
0.0199089
0.0199291
0.0199309
0.019908
0.0198629
0.0197555
0.0198422
0.0197648
