0.201567
0.00839118
0.0120878
0.00345838
0.0101299
0.00732636
0.0126716
0.0131424
0.00922907
0.0147617
5.81796e-05
0.0128895
0.00850148
0.00945342
0.0134588
0.00783758
0.0141545
0.00825513
0.0139344
0.0136714
0.0137885
0.00980745
0.0108692
0.0110454
0.010631
0.0128875
0.0131008
0.0110191
0.0110438
0.0111234
0.0113661
0.0119443
0.0111116
0.0123333
0.0127457
0.011354
0.0126252
0.0120152
0.0122143
0.0116554
0.0121628
0.012642
0.0115485
0.0124774
0.011594
0.0125748
0.011964
0.01178
0.0117041
0.0122072
0.038591
0.0109283
0.0140096
0.0116136
0.0178568
0.0142173
0.0188846
0.0167227
0.0114786
0.0109179
0.015629
0.0144059
0.0137787
0.014314
0.013036
0.0141837
0.0133544
0.0111909
0.0113989
0.0130469
0.0115722
0.0129148
0.0115313
0.0114147
0.0131748
0.0130952
0.0117569
0.013072
0.0115294
0.0121409
0.0115151
0.0119684
0.011937
0.012058
0.012179
0.0121389
0.0116095
0.0116288
0.0119545
0.0126742
0.0116668
0.0121651
0.0119363
0.0123236
0.0126127
0.0118405
0.0124167
0.0117797
0.0117622
0.0117863
0.0125546
0.0120989
0.0124996
0.0123401
0.0118071
0.0123893
0.0118789
0.0118427
0.0124074
0.0119137
0.011871
0.0120991
0.0119315
0.0122385
0.0123986
0.0152008
0.0333765
0.00603792
0.0140306
0.00887432
0.00858842
0.0139135
0.00734314
0.00999134
0.00828926
0.012486
0.0136507
0.013421
0.0104679
0.0132869
0.0106309
0.0105918
0.0106773
0.0110556
0.0127288
0.0114642
0.0112143
0.0123192
0.0123112
0.0111609
0.0127921
0.0124408
0.012743
0.0114544
0.0114755
0.0118066
0.0115095
0.011595
0.0118363
0.0123691
0.0148903
0.000955654
0.000936829
0.0140179
0.00837144
0.00990265
0.0138275
0.0106399
0.0135941
0.0135776
0.0133186
0.010697
0.0114015
0.0130624
0.0105558
0.0108499
0.0112463
0.011029
0.0111908
0.0110319
0.0115264
0.011273
0.0127905
0.0113524
0.0127103
0.0113386
0.011821
0.011576
0.0116792
0.0116446
0.0120936
0.00133383
0.0114406
0.0102462
0.00280725
0.00402852
0.012775
0.00838555
0.0139549
0.0100278
0.0124993
0.0103257
0.0113385
0.0101045
0.0123985
0.0103187
0.0118472
0.0116816
0.0103437
0.011074
0.0111631
0.010914
0.0112327
0.0111121
0.0123835
0.0111864
0.0115089
0.0114725
0.0113547
0.0114713
0.0101223
0.00462934
3.98219e-05
0.0027063
0.00473193
0.00426204
0.00962093
0.0138561
0.00804102
0.0133967
0.00994761
0.0108287
0.012019
0.0102786
0.0103293
0.0112181
0.0109171
0.0108885
0.0117218
0.0109067
0.0128082
0.0112576
0.012315
0.0115458
0.0127338
0.0127013
0.0115058
0.0114683
0.0123936
0.0117835
0.0349179
0.0432752
0.0138251
4.32657e-05
0.00210001
0.00374373
0.0128994
0.0138775
0.0136648
0.0133579
0.00953362
0.00958666
0.012315
0.0125907
0.0121331
0.0109939
0.011074
0.0130645
0.0109172
0.0129562
0.0128545
0.0128096
0.0118167
0.011471
0.011329
0.0113144
0.0114749
0.0122882
0.011508
0.0115594
0.0116216
0.0101645
0.0100137
0.0143426
0.00382167
0.0101371
0.00536915
0.00750662
0.0102624
0.012238
0.0105952
0.00940056
0.00980664
0.0099775
0.010876
0.0132296
0.0120858
0.0107427
0.0128884
0.0117727
0.0113708
0.0108617
0.0127811
0.0111293
0.0111432
0.011255
0.0127172
0.0127611
0.0120023
0.0126424
0.0126362
0.0114986
0.0119548
0.0123319
0.0123294
0.0116407
0.0111875
0.00150933
0.00861363
0.0143297
0.0139371
0.00212489
0.0140148
0.0101145
0.00648178
0.0138027
0.00952573
0.0136945
0.00982264
0.00985131
0.0132519
0.0129113
0.0132388
0.0110669
0.0105976
0.0110579
0.01173
0.0121034
0.010958
0.0115689
0.0114661
0.012033
0.0120349
0.0122401
0.0115843
0.0114102
0.0114702
0.011477
0.012285
0.0115308
0.0117493
0.0151393
0.0322946
0.00650175
0.0140491
0.0090436
0.00859369
0.0139013
0.00736232
0.00999388
0.00830013
0.0125018
0.0136455
0.0134155
0.0104718
0.0132824
0.0106434
0.0106028
0.0106819
0.0110586
0.0127268
0.0114698
0.0112209
0.0123193
0.0123112
0.0111653
0.0127896
0.0124398
0.0127407
0.0114568
0.011478
0.0118087
0.0115121
0.0115971
0.0118381
0.0123681
0.136555
0.0123258
0.00562401
0.0127959
0.00271372
0.00867301
0.0115717
0.0122297
0.00999948
0.0104096
0.0124559
0.00985302
0.0147993
1.70184e-05
0.0132473
0.00850857
0.00945742
0.0135346
0.00814513
0.0141293
0.00827106
0.0139129
0.0136634
0.0137653
0.00983523
0.0108738
0.0110489
0.0106545
0.0128829
0.0130917
0.0110246
0.0110493
0.011129
0.0113783
0.01195
0.0111217
0.0123335
0.0127405
0.0113623
0.0126211
0.0120178
0.0122145
0.0116611
0.0121634
0.0126382
0.0115539
0.0124746
0.0115989
0.0125713
0.0119662
0.0117838
0.0117074
0.0122069
0.0274139
0.00218884
0.0156683
0.00321146
0.00711855
0.00854006
0.00864966
0.0139981
0.0135544
0.0142747
0.0137665
0.0135513
0.0133442
0.0135693
0.0137461
0.013588
0.0106091
0.0134648
0.0110149
0.0110504
0.0113281
0.0113176
0.0111588
0.0129939
0.0129667
0.012838
0.0120977
0.0128236
0.0127945
0.0127824
0.0121947
0.0118986
0.0127273
0.0127193
0.0116171
0.012653
0.0125886
0.0115886
0.0126733
0.0117201
0.0116352
0.0119962
0.0121144
0.0118951
0.0125227
0.0123545
0.0117806
0.0122702
0.0124576
0.0117973
0.0124313
0.0118524
0.0107332
0.00645485
0.000334385
0.00248702
0.00457128
0.00437124
0.00959015
0.0138447
0.00797267
0.0133969
0.0099332
0.0108182
0.0120182
0.0102521
0.010297
0.0111992
0.0108923
0.0108723
0.0117111
0.0108866
0.0128154
0.0112372
0.0123151
0.0115302
0.0127415
0.0127089
0.0114959
0.0114563
0.0123967
0.0117726
0.0234651
0.00948116
0.00828578
0.00571708
0.0143822
0.009293
0.00953227
0.014538
0.0104788
0.013867
0.0141489
0.0103119
0.0132157
0.0133204
0.0104783
0.0114438
0.0108994
0.0127292
0.0131797
0.0112889
0.011065
0.0130086
0.0130441
0.0111481
0.011283
0.0129315
0.0129368
0.0114716
0.0127805
0.0114538
0.0127809
0.0126562
0.0127484
0.0121439
0.0127068
0.0115806
0.0126014
0.0121082
0.0126653
0.0126316
0.0126193
0.012609
0.0116999
0.0125619
0.0117207
0.0123381
0.0124791
0.0117964
0.0118336
0.012439
0.0121018
0.0124665
0.0124542
0.0118933
0.0197534
0.00106965
0.010087
0.0141487
0.01411
0.00769172
0.00781451
0.00713747
0.0110158
0.0134886
0.00961203
0.0102991
0.0103825
0.011174
0.0127806
0.0126655
0.0438258
0.0147784
0.00445512
0.0140344
0.0140834
0.0123505
0.00981806
0.00833387
0.0130454
0.00995776
0.0102013
0.0091966
0.0106056
0.0105954
0.0114494
0.013218
0.0106862
0.0123981
0.0127153
0.0115964
0.0110212
0.0115094
0.0115388
0.0112098
0.0111404
0.0111854
0.0114772
0.0112936
0.0113615
0.0125886
0.012588
0.0120128
0.0120659
0.0117945
0.023904
0.0172771
0.0182781
0.00351574
0.00903884
0.0120245
0.00869734
0.0149445
0.00926821
0.00983464
0.0137278
0.0105923
0.011566
0.0106623
0.0105679
0.0135897
0.0119221
0.0133229
0.0131922
0.0110796
0.0112066
0.0129283
0.0111177
0.0130584
0.0113381
0.0129567
0.0112998
0.0128479
0.0125768
0.0126887
0.0121664
0.0127502
0.0115499
0.0115356
0.011605
0.0126664
0.0121872
0.0123285
0.0125177
0.0125896
0.0117411
0.0120606
0.0117881
0.0124825
0.0120892
0.0122038
0.0124807
0.0117923
0.0120746
0.0124501
0.0363676
0.0745097
0.00766046
0.00729792
0.0128251
0.0138045
0.00694592
0.00874846
0.00925594
0.0136446
0.00944996
0.0130431
0.0125525
0.0105028
0.0104181
0.0105421
0.0129089
0.0108084
0.0112787
0.0112819
0.0117166
0.0116289
0.0114506
0.00978025
0.056
0.0129821
0.0122435
0.00882697
0.00223463
0.0137834
0.00821928
0.00987909
0.00912886
0.0073639
0.011354
0.013408
0.0100666
0.0105422
0.010536
0.0104517
0.0105352
0.0128858
0.010993
0.0111982
0.0111489
0.00506751
0.00238979
0.00880243
0.0152466
0.00852563
0.0151031
0.0141963
0.0103153
0.0117386
0.0138323
0.0130243
0.0135573
0.0100004
0.0101755
0.0109708
0.0135081
0.0111521
0.0132011
0.0128536
0.0130833
0.0130807
0.0110992
0.0129844
0.0124376
0.0114143
0.0128544
0.011447
0.0127458
0.0115402
0.0114817
0.0126675
0.0126722
0.0126526
0.0116927
0.0116381
0.0125393
0.01167
0.0125624
0.0121162
0.0125514
0.0117423
0.0119421
0.0119635
0.0122691
0.00509051
0.00238013
0.00880243
0.0151574
0.00903214
0.0150428
0.0141589
0.0103154
0.0118485
0.01381
0.0130374
0.0135519
0.0100421
0.0102071
0.0109717
0.0134951
0.0111536
0.0131929
0.0128502
0.0130765
0.0130744
0.0111042
0.0129789
0.012437
0.0114162
0.0128505
0.0114493
0.0127427
0.011542
0.0114842
0.0126651
0.0126698
0.0126501
0.0116951
0.0116399
0.0125374
0.0116722
0.0125606
0.0121164
0.0125496
0.0117437
0.0119432
0.0119644
0.0122684
0.0020776
0.00626197
0.00445591
0.00651583
0.00290855
0.0103225
0.00580495
0.00784612
0.00998837
0.0105431
0.0102297
0.0117261
0.00977303
0.0131283
0.0117563
0.0104447
0.0106973
0.0118428
0.0128946
0.011894
0.0113051
0.0127147
0.0126818
0.0119737
0.205048
0.00755224
0.0121376
0.00350534
0.0101882
0.00735667
0.0126715
0.0131379
0.00924228
0.0358035
0.0220445
0.004664
0.0128249
0.00263172
0.00321811
0.00699158
0.00911671
0.00811344
0.0100005
0.00840736
0.00871014
0.0097012
0.0130593
0.00981615
0.0100583
0.0129044
0.0112567
0.0105411
0.0116201
0.0107631
0.0126154
0.00376007
0.0223383
0.0129322
0.00505236
0.0136606
0.0140991
0.00762235
0.00870553
0.0100597
0.00953259
0.0136324
0.0095308
0.0120314
0.0102373
0.0104382
0.0131348
0.0130991
0.0108582
0.0118943
0.0117232
0.0129327
0.0114886
0.0112395
0.0128337
0.0112872
0.0126972
0.0127426
0.0123157
0.0116258
0.0123592
0.0126038
0.0116197
0.0125673
0.0117039
0.0116569
0.0807757
0.0155638
0.00250615
0.000972038
0.0061878
0.00422551
0.0112893
0.0138728
0.00964807
0.00800343
0.0116758
0.0132336
0.0123833
0.0102151
0.0105647
0.0125474
0.0105676
0.0106763
0.010901
0.0108385
0.0109674
0.011616
0.010874
0.0128824
0.0111718
0.0113343
0.0115454
0.0115135
0.0114071
0.00725897
0.00309528
0.0151581
0.0139081
0.0144297
0.0153085
0.0142276
0.0124374
0.0100531
0.0107049
0.0112566
0.013521
0.0134074
0.0108536
0.011232
0.0112325
0.0133284
0.0132016
0.0131261
0.0116989
0.013122
0.0129287
0.0111771
0.0130417
0.012758
0.0113244
0.0114649
0.0115543
0.0120652
0.0114179
0.0119671
0.0126413
0.0119293
0.0115558
0.0126897
0.0126527
0.0116921
0.012628
0.0126208
0.0116511
0.0119131
0.0117997
0.0117343
0.0123014
0.0124931
0.0124924
0.0122674
0.0121286
0.0120197
0.012424
0.012327
0.0071772
0.0263925
0.0280251
0.0188748
0.0284631
0.0151687
0.01025
0.0158128
0.0157258
0.0149169
0.0141349
0.0123531
0.0130549
0.0135321
0.0113037
0.0129274
0.0113555
0.0111623
0.011229
0.0133361
0.0133496
0.0130148
0.0130285
0.0132299
0.0123033
0.0131575
0.0113989
0.0114927
0.0115269
0.0115546
0.0128288
0.012704
0.0128026
0.0115803
0.0115895
0.0122727
0.0116589
0.0121926
0.0125928
0.0124286
0.0126159
0.0117884
0.0124099
0.012439
0.0125161
0.0124661
0.0124015
0.0124878
0.0118105
0.0122273
0.0124536
0.0124093
0.0124368
0.0124324
0.0123222
0.0123914
0.0119865
0.0158709
0.00828476
0.0226407
0.00867571
0.00818902
0.0137821
0.00915639
0.00794701
0.0139638
0.00993971
0.00961146
0.0131129
0.013301
0.0109581
0.011158
0.0129977
0.0127985
0.0118688
0.0110262
0.0110678
0.0111503
0.0129798
0.0112339
0.0112839
0.0114066
0.0120314
0.0127528
0.0122856
0.012704
0.0114782
0.0115688
0.0124786
0.0121039
0.0123407
0.0117777
0.0125709
0.011768
0.0117083
0.0125079
0.000895916
0.0352508
0.0176913
0.00954658
0.0105856
0.0136943
0.0104426
0.0137174
0.0126964
0.0108247
0.0139441
0.0133241
0.0109074
0.0121675
0.0134272
0.0120483
0.0111117
0.0133588
0.0134405
0.0133715
0.0112578
0.0131033
0.0112397
0.0132414
0.0130933
0.0125206
0.0129437
0.0114789
0.0128407
0.0128954
0.0114995
0.0118446
0.0128085
0.0115511
0.0116151
0.0116278
0.0120412
0.0116176
0.0120314
0.0119822
0.01168
0.0125556
0.0126227
0.0126079
0.0125282
0.0124602
0.0122019
0.0123536
0.0124907
0.0124816
0.0118203
0.0118302
0.0120938
0.0118408
0.0119628
0.0122403
0.0120251
0.0120608
0.0236287
0.0797299
0.0114608
0.00994414
0.00981125
0.0114305
0.0102928
0.0146454
0.0108999
0.0139736
0.0106205
0.0111052
0.0126236
0.0135978
0.0111547
0.0135302
0.0129665
0.011251
0.0132769
0.0133763
0.0133591
0.0112451
0.0121295
0.0132506
0.0123531
0.0132034
0.0115558
0.0114608
0.012924
0.0115561
0.0115647
0.0128396
0.011579
0.0125262
0.0115764
0.0127168
0.0115941
0.012552
0.0126245
0.0120723
0.0117067
0.0117902
0.0117084
0.0117791
0.0117417
0.0117854
0.012573
0.0125306
0.0117949
0.012483
0.01182
0.0119836
0.012441
0.0122255
0.0124381
0.0124096
0.0119706
0.0123709
0.0122486
