0.101128
0.067646
0.003994
0.00858812
0.00500106
0.00714133
0.00661202
0.00337421
0.006937
0.00349508
0.00407164
0.0706205
0.0685427
0.0130486
0.00515564
0.00552277
0.00742848
0.00285912
0.00241461
0.00246904
0.00270876
0.00321027
0.00411336
0.00270233
0.00314011
0.00327301
0.00363553
0.00319447
0.00306109
0.00341791
0.00247178
0.00251804
0.0031639
0.00282695
0.00251382
0.00271121
0.0028399
0.00254414
0.00291068
0.00293137
0.00273208
0.00289671
0.00276899
0.0026053
0.00256832
0.00278519
0.0028208
0.00280674
0.00282164
0.00277569
0.00279565
0.0534905
0.0027588
0.00264139
0.00686324
0.000757432
0.00284746
0.00041944
0.00235492
0.0011329
0.00174213
0.00254356
0.00166863
0.00146141
0.00173691
0.0023809
0.00235179
0.00250349
0.0018495
0.00240664
0.00208186
0.0025908
0.00247296
0.00266522
0.00275121
0.00237482
0.00242165
0.00259092
0.00241838
0.00273761
0.0024349
0.00273871
0.00242787
0.00250286
0.00247566
0.00256909
0.00251613
0.00269986
0.00268233
0.00247342
0.00263623
0.00261165
0.00253149
0.002613
0.00252939
0.00269211
0.00265507
0.00250802
0.00251522
0.00249788
0.00269352
0.00267058
0.00267668
0.00265152
0.00266478
0.00268003
0.00262393
0.00267877
0.00254493
0.00254407
0.00254236
0.00267725
0.00260056
0.00267548
0.00255159
0.00260258
0.0811897
0.128374
0.0749974
0.00429626
0.00659234
0.0064042
0.00416131
0.00605705
0.0050231
0.00309339
0.00419841
0.00394844
0.00310064
0.00287744
0.0032193
0.00296364
0.00304075
0.00326998
0.00348072
0.00344064
0.0032777
0.00329923
0.00318967
0.00305438
0.00296355
0.00303583
0.0029572
0.00272706
0.0028308
0.00294699
0.00293455
0.00282943
0.00290093
0.00285907
0.00287782
0.110549
0.07503
0.0258901
0.00489489
0.0107773
0.00318592
0.00391112
0.00323539
0.00415942
0.0048255
0.00304494
0.00394282
0.00287133
0.00276316
0.00316808
0.00355529
0.00293561
0.00252848
0.00251407
0.00267941
0.00283965
0.00251214
0.0027477
0.00290625
0.00302536
0.00292674
0.0026071
0.00300739
0.00253112
0.00279912
0.00281512
0.00289035
0.00287216
0.00268076
0.238069
0.015441
0.0114463
0.00580281
0.00618341
0.00463999
0.0073699
0.0091901
0.00434642
0.00366393
0.00451924
0.00379568
0.00297707
0.00261515
0.00331022
0.00282688
0.00315289
0.00386645
0.00267235
0.00334254
0.00328234
0.00317484
0.00354137
0.00302856
0.00341
0.00291181
0.00290397
0.00289297
0.00305932
0.0192172
0.0996753
0.00793304
0.0105088
0.00306951
0.00234376
0.00842966
0.0071823
0.00295706
0.00442409
0.00440658
0.00259793
0.00294814
0.00384252
0.00357667
0.00255536
0.00289062
0.00301627
0.00363139
0.00347542
0.00291761
0.0026649
0.00263146
0.00301163
0.00254845
0.00293504
0.00288305
0.00279824
0.224812
0.142788
0.0431297
0.017741
0.00806293
0.00316747
0.00354363
0.00412571
0.00449067
0.00253812
0.00480215
0.00376204
0.0032401
0.00284291
0.00285962
0.00323752
0.00365434
0.003433
0.00356158
0.00331894
0.00332132
0.00282816
0.0030317
0.00276918
0.00307069
0.00306193
0.00302823
0.00270663
0.0928005
0.023731
0.00480505
0.00468029
0.00345016
0.00904329
0.00835409
0.0025799
0.00385484
0.00291978
0.00544811
0.00466611
0.00294231
0.00312154
0.00346317
0.00269834
0.00311586
0.00382141
0.0034974
0.00337582
0.00269509
0.00298107
0.00322276
0.00280015
0.00253842
0.00281061
0.00272119
0.00285055
0.0030274
0.00294676
0.00270523
0.00279729
0.00281571
0.00289597
0.00276506
0.0343513
0.0151546
0.0170762
0.00974849
0.0147794
0.00341091
0.00313196
0.00738624
0.00359943
0.00367135
0.00485593
0.00454018
0.00248325
0.0034746
0.00326116
0.00277729
0.00253205
0.00285508
0.00325248
0.00320732
0.00261405
0.00276057
0.00258358
0.00287889
0.00308973
0.00250419
0.00317779
0.00264036
0.00297294
0.00300112
0.0030012
0.00293629
0.00286968
0.00276211
0.00273195
0.170064
0.0228953
0.0123995
0.0149781
0.0053346
0.00265144
0.00324318
0.00634442
0.00581959
0.00401627
0.00343281
0.00330003
0.00322984
0.00397044
0.00332333
0.00277012
0.00308883
0.00296445
0.00246059
0.00324051
0.00329767
0.00253506
0.00313448
0.00311462
0.0028791
0.00304517
0.00277247
0.0030135
0.00286182
0.00298517
0.00286087
0.00273576
0.00283546
0.00269733
0.00289505
0.0822562
0.0706177
0.00270175
0.0144952
0.00448284
0.00806282
0.00457107
0.00586218
0.0053359
0.00330992
0.0422785
0.00981494
0.014875
0.00406528
0.00596828
0.0065126
0.00762173
0.00541486
0.00480861
0.00292777
0.00438704
0.00436259
0.00341056
0.0039326
0.00298705
0.00245543
0.00352401
0.00261529
0.00246277
0.00313941
0.00284647
0.00294775
0.0029014
0.0025822
0.00298711
0.00304089
0.00296584
0.00264585
0.00255623
0.00293161
0.00288668
0.00264147
0.00288047
0.00272565
0.00275343
0.00261778
0.00256736
0.00255833
0.00261021
0.00374943
0.0102847
0.00248931
0.00237362
0.0023089
0.00344054
0.0040835
0.00234769
0.00321075
0.00239073
0.0032564
0.00243803
0.00246763
0.0029196
0.00280003
0.00289948
0.00242069
0.00297538
0.00288613
0.00248723
0.002651
0.00280354
0.00264902
0.00271065
0.00266297
0.00247948
0.00281367
0.0024977
0.00250804
0.00278342
0.00259323
0.00276179
0.00270423
0.00276719
0.00270868
0.00275029
0.00274108
0.00272557
0.00274587
0.00257058
0.00274682
0.00273557
0.00258065
0.00273169
0.00268917
0.00263615
0.00261771
0.00270843
0.00270984
0.00269626
0.00256508
0.00267518
0.00258138
0.00319571
0.0086365
0.00626392
0.0082715
0.00256442
0.00264455
0.00374088
0.00529477
0.00517864
0.00254657
0.00458503
0.00326686
0.00461988
0.0025179
0.00374349
0.00374995
0.00355682
0.00336692
0.00266479
0.00301697
0.00272568
0.00313353
0.00255716
0.0026316
0.00275345
0.00306227
0.0027864
0.00267123
0.00822445
0.00563614
0.00230064
0.00379377
0.00320633
0.00228479
0.00308361
0.0027635
0.00357854
0.00298272
0.00327182
0.00247988
0.00237351
0.00284203
0.00309418
0.00240443
0.00290063
0.00240114
0.00244591
0.0024582
0.00285067
0.00257894
0.00250122
0.00280552
0.0025952
0.00248934
0.0027998
0.00261056
0.00257188
0.00279357
0.00263212
0.00277398
0.00250984
0.00251343
0.00265403
0.00252517
0.00256217
0.00274105
0.00252705
0.00264858
0.00269932
0.00272692
0.00271594
0.00272464
0.002542
0.00271511
0.00254979
0.00265065
0.00256455
0.00256546
0.00265336
0.00260218
0.00263021
0.0156653
0.00883622
0.0239585
0.0119737
0.0184024
0.0133857
0.008561
0.00319097
0.00701507
0.00478251
0.00549288
0.00524464
0.00426849
0.00251388
0.00252071
0.00387233
0.00272822
0.00271648
0.12427
0.0830307
0.020226
0.0102336
0.00246062
0.00284195
0.00564658
0.00614231
0.00241763
0.00300284
0.00531522
0.00351838
0.00363095
0.00428712
0.00427252
0.00260016
0.0029933
0.00340172
0.00257316
0.00257425
0.00277235
0.00325284
0.00253783
0.00301247
0.00306336
0.00304418
0.00275334
0.00278394
0.00281858
0.00294405
0.00283493
0.00295714
0.00285916
0.00276309
0.00513029
0.00768242
0.00223702
0.00228094
0.00297369
0.002401
0.00417941
0.00345459
0.00235387
0.00293807
0.00239074
0.00238678
0.00239434
0.00259548
0.00239343
0.00313332
0.00313628
0.00243119
0.00245255
0.00254721
0.00289502
0.00247131
0.00255346
0.00283943
0.00272387
0.00284169
0.00280048
0.00282083
0.00270879
0.00278473
0.00266988
0.00278694
0.00261152
0.00266963
0.00271038
0.00275479
0.00261425
0.00273134
0.00273072
0.00272447
0.00266685
0.00273243
0.00254811
0.00271855
0.00270287
0.00271357
0.00266776
0.00270973
0.00260628
0.00270151
0.00262212
0.00262963
0.141053
0.00960151
0.00251417
0.0261478
0.00910761
0.00908286
0.00238024
0.00414692
0.00718164
0.00425759
0.00325
0.00564518
0.00430271
0.00409645
0.0039331
0.00332771
0.00368898
0.00300717
0.00261664
0.00361319
0.00318919
0.00288878
0.00301558
0.00324751
0.0488475
0.0313636
0.00478761
0.0271878
0.012928
0.0111537
0.0126416
0.0110669
0.00765463
0.00676443
0.00481265
0.00685186
0.00246672
0.00348178
0.00312688
0.00248056
0.00452471
0.00443033
0.00328274
0.0025157
0.00352537
0.00359593
0.00283071
0.0524104
0.0281699
0.0052548
0.00506108
0.00244179
0.00480908
0.00590729
0.00298514
0.00397321
0.00251248
0.00259822
0.00335998
0.00343839
0.00295298
0.00299954
0.00345963
0.00294846
0.00278616
0.00318134
0.00305722
0.0029798
0.00292656
0.00302722
0.00291512
0.00291223
0.00250264
0.00283876
0.00280435
0.00253697
0.00280795
0.00251218
0.00257013
0.00275389
0.00281372
0.00281001
0.00278233
0.00256732
0.0027934
0.0027761
0.00278923
0.00260405
0.00267625
0.00275557
0.00276028
0.00275196
0.00271458
0.00273548
0.00269586
0.0137516
0.0254745
0.00506272
0.00489306
0.00244181
0.0048391
0.00578351
0.00298777
0.00396867
0.00251374
0.0026006
0.00334327
0.0034367
0.00294868
0.0030017
0.00344379
0.002948
0.00278705
0.00317475
0.00305332
0.00297713
0.00292387
0.00302332
0.00291264
0.00290987
0.00250308
0.00283741
0.00280329
0.00253743
0.00280685
0.00251254
0.00257051
0.00275327
0.00281258
0.00280887
0.0027814
0.00256762
0.00279243
0.0027753
0.0027883
0.00260419
0.00267603
0.00275486
0.00275957
0.00275131
0.00271421
0.00273494
0.00269558
0.154766
0.0178127
0.0275725
0.0213852
0.00347579
0.00454861
0.00461529
0.00378348
0.00330412
0.00451173
0.00240981
0.00347003
0.00380799
0.00303473
0.00252804
0.00316137
0.00363772
0.00284126
0.00334883
0.00302861
0.00268081
0.00324182
0.00323264
0.20881
0.0600191
0.0240319
0.00761242
0.00510787
0.0100457
0.00491802
0.00351809
0.00687377
0.00313276
0.00552964
0.00569475
0.648516
0.0444212
0.0103466
0.00405766
0.00421776
0.00410891
0.0101012
0.00530038
0.00727189
0.0057895
0.00501144
0.00552335
0.00413344
0.00400159
0.00484472
0.00449523
0.00307393
0.00273013
0.00388992
0.00378072
0.00254244
0.00327769
0.00353779
0.0970716
0.0261407
0.00535733
0.005041
0.0027464
0.00758425
0.00338551
0.00279183
0.0036085
0.00286543
0.00329909
0.00318687
0.00261742
0.00288739
0.00303174
0.00321689
0.0025832
0.00270834
0.00246661
0.00283567
0.00303147
0.00291969
0.00263172
0.00307011
0.00302752
0.0025708
0.00266336
0.00284356
0.00272587
0.00268944
0.0025901
0.00276835
0.0025385
0.00273146
0.00275049
0.00284892
0.203617
0.0082819
0.00684275
0.00887891
0.00297518
0.0126847
0.0107718
0.00609519
0.0043189
0.00688118
0.00385356
0.00419114
0.00497468
0.00504469
0.00309407
0.00345042
0.00384151
0.00324845
0.00316738
0.00374595
0.00282123
0.00300283
0.00340291
0.00340306
0.00339286
0.00311847
0.00307882
0.00261676
0.00313617
0.00579061
0.00855582
0.00222891
0.00227964
0.00292001
0.0023885
0.00411376
0.00347019
0.00234825
0.00294053
0.00239072
0.00238556
0.0023937
0.00258012
0.00239142
0.00313078
0.00313312
0.00242705
0.00245046
0.00254323
0.00289359
0.00247114
0.00254993
0.00283544
0.00271913
0.00284069
0.00279682
0.0028195
0.00270532
0.00278398
0.00266688
0.00278571
0.00260918
0.00266717
0.00270798
0.00275384
0.00261252
0.00272931
0.00273029
0.00272416
0.00266486
0.00273164
0.00254793
0.00271789
0.00270256
0.00271269
0.00266637
0.00270869
0.00260544
0.00270029
0.00262114
0.00262863
0.0334391
0.00278328
0.00266036
0.00285202
0.00166725
0.00207647
0.00270229
0.00137267
0.00146781
0.00183496
0.0028191
0.00282618
0.00218311
0.00225384
0.00236853
0.00281233
0.0023218
0.00228047
0.00277401
0.00233519
0.00273116
0.00270045
0.00236926
0.00275302
0.00239035
0.00257557
0.00250822
0.00248301
0.00248205
0.00243868
0.00247177
0.00273068
0.00256433
0.00271279
0.00250587
0.00260793
0.00248009
0.00260129
0.00249441
0.0026275
0.0026846
0.00250473
0.00270611
0.00267713
0.00269069
0.00257998
0.00258607
0.00253459
0.0026379
0.00267106
0.00254529
0.00254457
0.0025513
0.00267979
0.00254965
0.00254887
0.00264962
0.00264681
0.0026228
0.0295228
0.00261661
0.00448471
0.00245586
0.00465209
0.00340908
0.00294219
0.00431674
0.00297648
0.00245574
0.00306078
0.00357743
0.00294019
0.00256423
0.0034104
0.00271601
0.00323856
0.00306037
0.00271927
0.00296198
0.00288133
0.00252866
0.00296237
0.0029711
0.00268065
0.00290662
0.00257417
0.00255864
0.00282975
0.00261139
0.00286134
0.00273436
0.0027703
0.002681
0.00278008
0.00267372
0.00274565
0.0027271
0.00254577
0.00277584
0.00270267
0.0227815
0.0484431
0.00162993
0.00168908
0.000408142
0.00136197
0.00221338
0.00199037
0.00287884
0.00183038
0.0022822
0.00282753
0.00234976
0.00283427
0.00211956
0.00283152
0.00280717
0.00228564
0.00280806
0.00242897
0.00265989
0.00245729
0.00258227
0.00239789
0.00273956
0.00248596
0.00241695
0.00245799
0.00251709
0.00247544
0.00246245
0.00253856
0.00267338
0.0024666
0.00272958
0.00253947
0.0024809
0.00248957
0.00265808
0.00266473
0.00270851
0.00251012
0.00252512
0.00270527
0.00268072
0.00265029
0.00252319
0.00253368
0.00255241
0.00259078
0.00254444
0.00259015
0.00267676
0.00255161
0.00261107
0.00266394
0.00257882
0.00261802
0.0322744
0.00481672
0.0100417
0.00200965
0.00227565
0.00205399
0.00256298
0.00242986
0.00280908
0.00175693
0.00233198
0.00275803
0.00229472
0.00186852
0.00279804
0.0028025
0.00269814
0.00278833
0.00242612
0.00276444
0.00250889
0.00261732
0.00275195
0.00244688
0.00249402
0.00245082
0.00239205
0.00274082
0.00273612
0.00241054
0.00272424
0.00242895
0.00250913
0.00271928
0.0027238
0.00248349
0.00266126
0.00251312
0.00248056
0.00267059
0.00269912
0.00252831
0.00253912
0.0025003
0.00266233
0.00251215
0.00268625
0.00257263
0.00268761
0.00264723
0.00253316
0.00259017
0.00268181
0.00268304
0.0026027
0.0025947
0.00255238
0.00260511
0.00262239
