0.043664
0.02048
0.0249749
0.0281729
0.0122323
0.0244418
0.00636586
0.0223035
0.00948566
0.00601552
0.00675032
0.0134937
0.451905
0.00412753
0.0169844
0.00764256
0.00264789
0.0421951
0.0358564
0.0111882
0.0258347
0.00241115
0.00688803
0.017776
0.0195084
0.0158635
0.0185167
0.00749603
0.00736337
0.01293
0.0170095
0.00995711
0.00852313
0.00912574
0.00920684
0.00973653
0.011371
0.0158011
0.00944074
0.0146249
0.0145418
0.010828
0.0140312
0.0150194
0.014809
0.0150004
0.0112962
0.0147568
0.0140941
0.012215
0.0110644
0.0109421
0.0143029
0.0116862
0.0709347
0.00189426
0.0246561
0.0562873
0.0256349
0.0358838
0.0237927
0.00540181
0.0368976
0.0329639
0.00459073
0.0234003
0.0211246
0.0209316
0.0171152
0.0184158
0.0085257
0.00891507
0.0184291
0.0154585
0.00857286
0.00873036
0.00898323
0.009899
0.0118076
0.0163753
0.0102557
0.00962935
0.0100614
0.0158166
0.00984116
0.0123772
0.0100444
0.01078
0.0104511
0.0152246
0.0105062
0.0150102
0.0106216
0.0149391
0.0107334
0.0106394
0.0132732
0.0124037
0.0108764
0.0143143
0.0112232
0.0127098
0.0114941
0.0114958
0.0113496
0.0111852
0.014238
0.0111802
0.0112963
0.0114266
0.0117533
0.0114267
0.0140258
0.0128093
0.0118203
0.0138692
0.0124846
0.0131215
0.013676
0.257837
0.0332825
0.0880896
0.0528957
0.0385699
0.00499619
0.00241079
0.0251898
0.00389148
0.0207555
0.00521735
0.0185051
0.0192924
0.018313
0.0134331
0.00795168
0.00783217
0.0169711
0.016641
0.0165507
0.0166417
0.0158723
0.00971626
0.0153244
0.0141757
0.0151705
0.0141481
0.0130602
0.0103363
0.0112093
0.0142358
0.0124938
0.333452
0.0082834
0.048803
0.0198347
0.0273049
0.02779
8.65285e-05
0.00614743
0.0196243
0.00255716
0.0037451
0.0154391
0.0065668
0.0186893
0.00799841
0.00832884
0.0137772
0.0169779
0.0167197
0.00863262
0.0165831
0.0115432
0.0115705
0.013517
0.015791
0.00967691
0.0155017
0.014862
0.0148112
0.0124984
0.0103628
0.0126799
0.0138996
0.0137634
0.0105871
0.112917
0.0402352
0.0106991
0.00631713
0.00493027
0.0236375
0.0194901
0.00123091
0.000687859
0.0162199
0.0189445
0.0191136
0.00678577
0.0133709
0.0178674
0.0170633
0.00816659
0.0162976
0.0113075
0.00902233
0.00871802
0.00883898
0.0154175
0.0145585
0.0126707
0.015422
0.01499
0.0943882
0.0185335
0.0262765
0.0274094
0.00312916
0.0122371
0.0245259
0.0196517
0.00599757
0.0191475
0.0179018
0.00683024
0.00728267
0.00780539
0.0146547
0.0170285
0.0085677
0.0133797
0.00916888
0.00918335
0.0093151
0.0119344
0.00938927
0.0139599
0.0100589
0.0101657
0.0137611
0.0105915
0.0260839
0.0329937
0.00783704
0.0141866
0.000775987
0.0255248
0.0182055
0.00253853
0.00570782
0.0192936
0.00732669
0.00683548
0.00727042
0.00805433
0.0149077
0.00811872
0.0137437
0.0155581
0.00987151
0.0161903
0.014366
0.00952219
0.0142804
0.0152835
0.0100501
0.015084
0.0142248
0.0109677
0.157181
0.0186551
0.0014147
0.0132109
0.000544108
0.00111156
0.00442572
0.0244419
0.00355296
0.0222917
0.00412708
0.0113449
0.0188167
0.00765273
0.00803066
0.0147061
0.0174672
0.0170534
0.0114914
0.00871947
0.0115417
0.00854818
0.0120153
0.0158192
0.0105557
0.00932751
0.00969198
0.0100757
0.010123
0.0102641
0.0150858
0.0108884
0.014921
0.0103756
0.0148736
0.105712
0.0699149
0.0307526
0.029589
0.0349057
0.0238243
0.00906876
0.00953311
0.0121021
0.0196939
0.00550244
0.0189075
0.0162434
0.00728583
0.0107385
0.00831929
0.0120217
0.00793702
0.00863529
0.0171943
0.0166961
0.00926292
0.0161242
0.0160597
0.0102708
0.0139747
0.0153307
0.0119443
0.0108568
0.0102648
0.0110901
0.0149623
0.159881
0.033467
0.07203
0.0528095
0.03849
0.00473084
0.00250795
0.0251392
0.00395803
0.0207463
0.005264
0.0184991
0.0192686
0.018277
0.0134158
0.00797153
0.00785558
0.016959
0.016631
0.0165406
0.0166246
0.0158622
0.00973047
0.0153115
0.0141673
0.0151616
0.0141406
0.0130579
0.0103463
0.0112165
0.0142282
0.0124946
0.0450595
0.0480465
0.0155653
0.0317217
0.0029809
0.0206205
0.00797507
0.21089
0.0824179
0.0299973
0.037075
0.000106417
0.0013889
0.00390924
0.0169942
0.00515038
0.00372383
0.0197568
0.00619553
0.00967518
0.00742157
0.0122099
0.0115438
0.0182178
0.014985
0.0177817
0.0171859
0.0146951
0.00860515
0.0164737
0.016027
0.0163419
0.00935752
0.0104565
0.00980785
0.0154732
0.0153139
0.0100321
0.0101717
0.0104665
0.013733
0.0105632
0.0122714
0.0106312
0.0106458
0.0106992
0.013659
0.0185448
0.207441
0.0696659
0.0496367
0.00977851
0.0504896
0.022673
0.00433818
0.0204217
0.00512014
0.0216842
0.0212799
0.0133913
0.00773242
0.0195811
0.00808189
0.0165451
0.0183127
0.0141402
0.00786796
0.0149204
0.00862195
0.0174426
0.0167342
0.0161056
0.014601
0.0152377
0.0157744
0.0155386
0.00978913
0.0154165
0.0151949
0.0131237
0.0150252
0.0105199
0.0108052
0.0110239
0.01105
0.0105764
0.0105093
0.0124081
0.0130807
0.0130267
0.0143197
0.0111727
0.0141467
0.0115989
0.0112556
0.0131561
0.100592
0.0145721
0.0263911
0.0275398
0.00326282
0.0117212
0.024586
0.0197039
0.00598798
0.0191908
0.017933
0.00680612
0.00723712
0.00775992
0.0146628
0.0170776
0.00853743
0.0133784
0.00911796
0.00913506
0.0092658
0.0119119
0.00934134
0.0139815
0.0100143
0.0101242
0.0137832
0.0105534
0.00553077
0.0309626
0.0112118
0.0222456
0.0302185
0.00126731
0.000540898
0.0289183
0.00189491
0.022102
0.0218013
0.0183059
0.00750423
0.00611691
0.0081725
0.00922814
0.00815411
0.00839097
0.0082296
0.0171063
0.00896236
0.0133669
0.00889
0.00855367
0.0128763
0.00987833
0.0158784
0.0154862
0.0132353
0.0156155
0.0154839
0.00998902
0.0127574
0.0103141
0.0105021
0.0104671
0.0147993
0.0148509
0.0149314
0.0121832
0.014835
0.0108738
0.0108023
0.0127004
0.0137806
0.011258
0.013674
0.0140544
0.0118824
0.0115534
0.0118883
0.0140125
0.0527002
0.0406209
0.017701
0.031275
0.00904941
0.0253803
0.0191063
0.0215359
0.020596
0.0192074
0.0184217
0.0174185
0.0149692
0.00883112
0.00877226
0.00928645
0.0158722
0.0861307
0.0808055
0.0396852
0.0202899
0.00291707
0.00121424
0.00232219
0.00330961
0.00193265
0.0046135
0.0191671
0.0193387
0.00874992
0.0181675
0.0180642
0.0153218
0.0166136
0.00809841
0.00804209
0.0169696
0.0166425
0.0123679
0.0155205
0.00994672
0.0114888
0.00944138
0.0110284
0.0152733
0.0151636
0.0147578
0.01506
0.010337
0.0149728
0.0132938
0.10684
0.00331893
0.00239363
0.00375613
0.0310861
0.0227324
0.0229189
0.0175181
0.0070289
0.0215088
0.0149878
0.0080344
0.00836719
0.00851336
0.0187191
0.0183852
0.0180356
0.00849684
0.0167906
0.00859294
0.00834231
0.00826093
0.0085336
0.0170803
0.0156984
0.0104738
0.0160252
0.00962934
0.0156824
0.00975515
0.0154304
0.0100469
0.0103474
0.010391
0.0103433
0.0103909
0.0106463
0.0135577
0.0149622
0.0149185
0.011346
0.012913
0.0118727
0.0133049
0.0141399
0.0138598
0.0122846
0.0140828
0.0140079
0.0115106
0.0140545
0.989535
0.00717875
0.035507
0.0297694
0.0309588
0.00520802
0.0245163
0.0274359
0.0199488
0.00496402
0.004681
0.0106728
0.0146288
0.00711664
0.0140326
0.00955959
0.0165857
0.0102276
0.0158363
0.00968066
0.00954865
0.01538
0.0106213
0.355085
0.0660229
0.00644125
0.00687341
0.0284842
0.0112267
0.00241816
0.00976631
0.00231632
0.0216161
0.0209043
0.00554846
0.0191239
0.0102375
0.0133413
0.0138111
0.00781658
0.00813159
0.0100513
0.015808
0.00895153
0.00944838
0.162289
0.167978
0.0117007
0.0285147
0.00306195
0.0327264
0.00297834
0.00118101
0.0218966
0.0185177
0.0198484
0.00498849
0.00534155
0.0172775
0.0071921
0.017089
0.0123555
0.0149568
0.0113785
0.0173095
0.00828992
0.0167263
0.0158099
0.0118863
0.011897
0.00939191
0.0117254
0.0156376
0.0136834
0.0107946
0.0146288
0.0102207
0.0150746
0.010338
0.0116198
0.0115051
0.0148657
0.0110775
0.0131776
0.0111435
0.0121282
0.0138409
0.0130216
0.0125988
0.014108
0.0126037
12.3262
0.165562
0.00604295
0.0285147
0.00210961
0.0327264
0.00252954
0.000837354
0.0216814
0.0185159
0.0198423
0.00508968
0.00542983
0.0172748
0.00724595
0.0170838
0.0123271
0.0149063
0.0113663
0.0172677
0.00832289
0.0167094
0.0158021
0.0118841
0.0118949
0.00940985
0.0117265
0.0156293
0.0136742
0.0108046
0.0146165
0.0102326
0.0150663
0.0103481
0.0116245
0.0115106
0.0148555
0.0110853
0.0131741
0.0111508
0.0121304
0.0138345
0.0130191
0.0125987
0.0141017
0.0126036
1.52833
0.0101862
0.0227962
0.00712799
0.00815823
0.00494281
0.00118877
0.00261407
0.00420707
0.010612
0.0195853
0.00554071
0.0180859
0.00725455
0.014795
0.014507
0.0101871
0.0154288
0.0104944
0.0155262
0.0108189
0.0116126
0.0409629
0.033842
0.0361506
0.030916
0.00513116
0.0198884
0.00280212
0.00681122
0.0173612
0.00790159
0.00840282
0.124902
0.0486371
0.0396536
0.0308519
1.81818e-05
0.0300009
0.00206749
0.00216364
0.00952851
0.0204195
0.0193251
0.00827695
0.0162794
0.0169929
0.0101818
0.00802132
0.00847204
0.00896844
0.0132032
0.0156302
0.0127238
0.0926846
0.0126491
0.0117136
0.00359658
0.00673627
0.0267461
0.0199141
0.00621499
0.0186525
0.00560646
0.00490951
0.00654072
0.00798537
0.0101076
0.0178782
0.00805522
0.00819051
0.00967509
0.0137324
0.0165989
0.0159282
0.0165387
0.0110845
0.0147025
0.0107186
0.0148024
0.0103378
0.0149384
0.0132929
0.0148656
0.0132586
0.0112187
0.0147203
0.0117542
0.0297934
0.0549382
0.0217728
0.0325535
0.0262512
0.00478682
0.00371514
0.0144296
0.00778526
0.0176369
0.0126952
0.0193441
0.0162638
0.00973861
0.00766794
0.0175163
0.00882508
0.0157938
0.0103397
0.016132
0.00993129
0.0154413
0.011858
0.0105329
0.00525452
0.000879225
0.000983185
0.00768383
0.000691648
0.0190779
0.00211318
0.00306833
0.00663655
0.0208834
0.00670688
0.0158283
0.00748262
0.012986
0.00661947
0.0195748
0.0176362
0.0171698
0.016866
0.00839704
0.016468
0.0145811
0.0173881
0.017064
0.0169341
0.0153356
0.0157656
0.0158405
0.0139198
0.0101315
0.0102697
0.0109537
0.00987992
0.0101771
0.0144238
0.0147815
0.0148861
0.0105656
0.011715
0.0122304
0.0107362
0.0112985
0.0109008
0.0109541
0.0142707
0.0130985
0.013819
0.0112415
0.0115595
0.0139466
0.0117442
0.0140279
0.00124138
0.00140781
0.000555485
0.0258176
0.0241555
0.00535624
0.0273152
0.00746654
0.00776763
0.00528093
0.0238081
0.00739914
0.0187212
0.0199953
0.00762296
0.00858691
0.00846083
0.00799651
0.00866839
0.0150906
0.0169673
0.00889318
0.0111144
0.0100139
0.0168465
0.0157702
0.0164856
0.00989248
0.0152404
0.0156146
0.0130008
0.0124367
0.0131525
0.0102833
0.0149273
0.0129072
0.0106822
0.0108613
0.0146267
0.0114584
0.0110391
0.0142625
0.0110557
0.012013
0.0110957
0.0113622
0.0142699
0.0111492
0.0112586
0.0128478
0.0118449
0.0132203
0.0132181
0.0130736
0.0113812
0.0117076
0.0134523
0.0138272
0.0178399
0.0217113
0.0399049
0.00455455
0.000991313
0.00066015
0.0211451
0.00237703
0.0185559
0.0216187
0.0202982
0.0150424
0.00595228
0.00667086
0.0190603
0.00698637
0.01713
0.00836254
0.0172134
0.00805352
0.0171188
0.0104607
0.00935409
0.0161118
0.00908817
0.0163046
0.00936877
0.0131302
0.0152852
0.0153959
0.0153192
0.0153008
0.0103028
0.0105144
0.0145996
0.0146421
0.0108027
0.0142572
0.0119066
0.0113899
0.0126666
0.0132721
0.061699
0.0547633
0.0308456
0.00428695
0.0263995
0.00359801
0.0181643
0.0197118
0.00559405
0.021652
0.0118731
0.0149826
0.0180734
0.0183239
0.00916942
0.00828969
0.00782541
0.00906894
0.0162062
0.0172738
0.00874112
0.00897933
0.0170708
0.0101944
0.0163646
0.0133877
0.00905904
0.0156469
0.0155772
0.0142539
0.0151162
0.0157055
0.0116224
0.0155806
0.0145824
0.0104486
0.0151691
0.0117933
0.0148529
0.0144872
0.0144304
0.0132145
0.014406
0.0136605
0.0120965
0.0133321
0.0111548
0.0129976
0.0111024
0.0128238
0.0139064
0.0140393
0.0116686
0.0136476
0.0123546
0.013962
0.0134572
0.0332361
0.0347549
0.0499058
0.0275854
0.0210522
0.00574668
0.00630257
0.0181738
0.00625197
0.0202558
0.0231424
0.0219407
0.0196374
0.0168714
0.00753575
0.0164772
0.0188641
0.00781013
0.0167266
0.0171679
0.0168529
0.0126435
0.0169783
0.00937124
0.009084
0.0157435
0.0120871
0.00947359
0.0157177
0.0102023
0.0154302
0.0152951
0.0154601
0.0102662
0.0150359
0.0149539
0.0147779
0.0106864
0.0148169
0.0118761
0.014498
0.0127364
0.0143224
0.0134082
0.0112346
0.0119985
0.0117749
0.0141503
0.0112609
0.0140737
0.0133887
0.0116944
0.0140224
0.0114157
0.0114159
0.0114258
0.0138426
0.011597
