0.0706993
0.20645
0.0175218
0.0188107
0.0157404
0.0211644
0.0219302
0.0207088
0.019452
0.0213061
0.0194598
0.0383838
0.0235889
0.0207188
0.015175
0.022489
0.0197909
0.0186381
0.0189634
0.019363
0.0194161
0.0221183
0.0217165
0.0217841
0.0215867
0.02015
0.0214812
0.0214464
0.0205017
0.0214464
0.0210983
0.0203792
0.0203811
0.0207963
0.0204183
0.0213204
0.0206654
0.0206715
0.0212991
0.0204598
0.0212115
0.0208521
0.0211979
0.021199
0.0208865
0.0205757
0.0206134
0.0211377
0.0206458
0.0209544
0.0206508
0.0603751
0.0306549
0.0200701
0.0228262
0.0306055
0.0337436
0.020522
0.0248509
0.0232128
0.0205973
0.0226077
0.0217506
0.0239029
0.0237446
0.0212999
0.0210751
0.0205546
0.0218074
0.0218551
0.0219475
0.0207799
0.0208662
0.0219759
0.0218127
0.0204972
0.0213881
0.021671
0.0215472
0.0213455
0.0215027
0.0207359
0.0215019
0.0215097
0.021338
0.0210067
0.0213448
0.0213917
0.0205908
0.0207215
0.0213146
0.0209968
0.0206294
0.0211985
0.0211601
0.0211348
0.0211283
0.0210386
0.020861
0.0211653
0.0206823
0.0211454
0.0211907
0.0209971
0.0210754
0.0207794
0.0207513
0.0208086
0.0211327
0.0210954
0.0207872
0.0208533
0.020802
0.0211021
0.0207418
0.0210997
0.0210683
0.0633531
0.00270279
0.0226669
0.0141204
0.018727
0.0221231
0.0184425
0.0180839
0.022016
0.0203424
0.0217977
0.0200285
0.0217185
0.0216576
0.020235
0.0201314
0.0200197
0.0210553
0.0202275
0.0210967
0.0213441
0.0207214
0.0213322
0.0204081
0.0204116
0.0212366
0.0204812
0.0212047
0.0211128
0.0207949
0.0205331
0.0207128
0.0208621
0.0118607
0.0299823
0.0207049
0.00837276
0.0221762
0.0222514
0.0219486
0.0199794
0.0183819
0.021821
0.0217959
0.0216177
0.0211311
0.0195182
0.0200498
0.0216862
0.0200798
0.0214635
0.0207509
0.0202814
0.0213284
0.0204076
0.0213032
0.0208069
0.021316
0.0211153
0.021151
0.020833
0.0205552
0.0209245
0.0212254
0.0206406
0.0207455
0.0205571
0.0205702
0.02101
0.156915
0.0272762
0.0214601
0.0214488
0.0181246
0.0217228
0.0220536
0.0205875
0.0184467
0.0218042
0.020668
0.0195664
0.0215818
0.0198963
0.0200267
0.0214324
0.0203009
0.0213604
0.0207814
0.020782
0.0208488
0.0204432
0.020266
0.0204653
0.020944
0.0206316
0.0205317
0.0210331
0.116496
0.00687535
0.018406
0.0182298
0.0219773
0.0220417
0.0202424
0.019274
0.0191593
0.0216308
0.0188725
0.0190955
0.0192073
0.0197724
0.0197915
0.0210456
0.0204849
0.020591
0.0211429
0.0201832
0.0204321
0.0210153
0.0212684
0.0203926
0.0204621
0.0212327
0.0206622
0.0205297
0.0113725
0.0196652
0.0229001
0.0130184
0.0194069
0.0187139
0.0219599
0.0200083
0.018814
0.0217626
0.0194762
0.0191819
0.0213116
0.0201072
0.0198355
0.0214041
0.0201991
0.02133
0.020725
0.0203864
0.0209838
0.0207926
0.0210994
0.0211647
0.0211665
0.0209849
0.00731227
0.0101536
0.0185501
0.0187832
0.0151367
0.0175951
0.0220976
0.0219738
0.0220151
0.0218676
0.0207972
0.0217839
0.0216991
0.0197942
0.0201107
0.0203853
0.0199848
0.0204399
0.0211941
0.0201708
0.0213821
0.0205287
0.020724
0.0203417
0.0204273
0.0208373
0.020395
0.0206373
0.0208498
0.0206169
0.0205067
0.0212059
0.0210363
0.020886
0.0205999
0.0378176
0.00978409
0.0158304
0.00892258
0.0156974
0.0182124
0.0193127
0.0219934
0.0187089
0.0218208
0.0191424
0.0194839
0.019222
0.0194641
0.0207459
0.0215649
0.0199137
0.0198119
0.0213896
0.021479
0.0209654
0.0214078
0.0204652
0.0213993
0.0206435
0.0206249
0.0203655
0.0203174
0.0203577
0.0204624
0.0209908
0.0205132
0.0208426
0.0210538
0.0205379
0.0206873
0.0922498
0.00660862
0.0181838
0.0222881
0.0163041
0.0223004
0.0192744
0.0218953
0.018105
0.0197638
0.0191642
0.0217393
0.0217239
0.0197719
0.0196367
0.0202463
0.0215288
0.0199878
0.0207806
0.0212798
0.0212936
0.0203754
0.0208141
0.0211287
0.020405
0.0209461
0.0204467
0.0206093
0.0212194
0.0206595
0.0206173
0.0211877
0.0207455
0.0205931
0.0205792
0.0637479
0.00184764
0.0038274
0.0134876
0.0180573
0.0170611
0.0181598
0.0192345
0.0188206
0.0188386
0.0191268
0.0558434
0.0182224
0.0134954
0.0143581
0.0182461
0.0220198
0.022763
0.0194167
0.0222567
0.0189966
0.0200461
0.0216476
0.0218012
0.0209466
0.0215676
0.0201044
0.019955
0.0206455
0.0213989
0.0203363
0.020189
0.0203731
0.0203309
0.0203795
0.0205941
0.0212951
0.0203914
0.0210903
0.0211031
0.0205671
0.0210231
0.0212065
0.0211662
0.021225
0.0206386
0.0211991
0.0210613
0.0207842
0.0206378
0.0206467
0.0211242
0.0207194
0.0190677
0.0303872
0.0365853
0.0194739
0.025119
0.0225245
0.0197927
0.023876
0.0198925
0.0231911
0.0220256
0.0224046
0.0211507
0.0218894
0.0202331
0.020201
0.020237
0.0213117
0.020458
0.0216026
0.021482
0.0203465
0.0216277
0.0213899
0.0214073
0.0214922
0.0214428
0.0208861
0.0213313
0.020828
0.0208608
0.0213301
0.0213421
0.0205375
0.020564
0.0212426
0.0212765
0.0212575
0.0210799
0.0210915
0.0211786
0.0210398
0.0211222
0.0207442
0.0206502
0.0209508
0.0208949
0.0206919
0.0207239
0.0211232
0.0210567
0.0207643
0.0207254
0.0347289
0.0139153
0.00442247
0.0213901
0.0193829
0.0188117
0.0182199
0.0188361
0.0212436
0.0192694
0.0199844
0.0197483
0.019956
0.0214931
0.0206006
0.0206784
0.0209915
0.0206567
0.0203648
0.0203527
0.0212376
0.0212328
0.0205315
0.0206038
0.0204861
0.0205534
0.00522768
0.0229482
0.0333897
0.0239122
0.0206483
0.0202487
0.0198051
0.0227905
0.0229701
0.0201423
0.0225561
0.0201783
0.0216203
0.0202953
0.0217361
0.0214678
0.0208907
0.0217268
0.0217309
0.0214743
0.0216033
0.0216347
0.0208933
0.0214631
0.020445
0.0215068
0.0205137
0.0213547
0.0212671
0.0209754
0.0212728
0.0205727
0.0206095
0.0205643
0.0207287
0.0210348
0.0212002
0.0211967
0.0206418
0.0208219
0.0211803
0.0211567
0.020669
0.0207252
0.0208369
0.0207197
0.0207053
0.0211167
0.0207093
0.0207594
0.0210579
0.0127335
0.0202073
0.00348411
0.0218076
0.0204698
0.0169803
0.0166644
0.0186739
0.0180234
0.0191503
0.0212162
0.0190352
0.0200638
0.0209012
0.0202255
0.0199311
0.0212841
0.0202778
0.0056077
0.0225166
0.0217151
0.00839526
0.0159531
0.0173698
0.0192355
0.0175188
0.0175727
0.0219166
0.0193977
0.0192462
0.0215049
0.0194814
0.0207837
0.0198299
0.0200689
0.0213697
0.0202992
0.0214446
0.0202095
0.0208885
0.0202734
0.0203451
0.0206753
0.0209745
0.0203793
0.0212866
0.0209531
0.0206833
0.020572
0.0205742
0.0211498
0.0205569
0.0200081
0.0318172
0.0198804
0.0260535
0.0194509
0.0258312
0.0194958
0.0195698
0.0237469
0.0230852
0.0199428
0.019979
0.0210388
0.0202495
0.020409
0.021946
0.0219341
0.0207218
0.0208909
0.0203044
0.0211476
0.0203459
0.020893
0.0215206
0.0205587
0.0205921
0.0210653
0.0204994
0.0205209
0.0205926
0.0212428
0.0213388
0.0213317
0.0213347
0.0212912
0.0212915
0.0205841
0.021242
0.0212186
0.0212004
0.0206399
0.0208832
0.0207183
0.0209296
0.0206718
0.0210971
0.0210589
0.0207451
0.0210995
0.0209664
0.0207047
0.0211139
0.0211126
0.0953774
0.00683782
0.00825775
0.0117845
0.0155075
0.0145638
0.0156556
0.0216431
0.0215958
0.0193406
0.0193221
0.0198706
0.0204623
0.0197166
0.0211511
0.0199915
0.0200075
0.0213396
0.0206055
0.0202545
0.0203711
0.0205577
0.109824
0.0459787
0.0153654
0.00340961
0.020324
0.0186722
0.0154294
0.0219492
0.0184146
0.0193863
0.019617
0.0196875
0.0214219
0.0209096
0.0201425
0.019579
0.0201314
0.0212257
0.0203033
0.0200849
0.0212434
0.0208381
0.0242237
0.0162299
0.0187619
0.0195633
0.0191103
0.0189516
0.0192464
0.0196576
0.0201335
0.0212162
0.0220265
0.0216278
0.0200475
0.0210649
0.0205429
0.0202571
0.0201841
0.0202249
0.0215222
0.021435
0.0203283
0.0214111
0.0214648
0.0213619
0.0204392
0.0213604
0.020489
0.0204823
0.0207291
0.0204895
0.0213158
0.020705
0.0210298
0.020755
0.0206075
0.0212044
0.0206466
0.0211831
0.020693
0.0211516
0.0210407
0.0210238
0.0207495
0.0209604
0.0206831
0.0210973
0.0056531
0.0160736
0.0188765
0.0196058
0.0191744
0.0188251
0.0192916
0.0196788
0.0201418
0.0211838
0.0220237
0.021612
0.0200559
0.0210543
0.0205405
0.0202618
0.02019
0.0202301
0.0215208
0.0214338
0.0203324
0.021407
0.0214631
0.0213589
0.0204419
0.0213588
0.0204909
0.0204843
0.0207298
0.0204918
0.0213144
0.020706
0.0210289
0.0207556
0.0206088
0.0212032
0.0206478
0.0211819
0.020694
0.0211505
0.0210399
0.0210231
0.0207502
0.02096
0.020684
0.0210965
0.0171559
0.0220214
0.00893306
0.00597276
0.0220752
0.0150747
0.0182428
0.0219986
0.0213417
0.0188133
0.0195212
0.0193552
0.0194745
0.0195332
0.0207298
0.0202567
0.0212599
0.0213855
0.0203713
0.0204052
0.0212488
0.0203879
0.0205094
0.0518331
0.0132486
0.0139174
0.00906663
0.0136128
0.0196572
0.0149471
0.0215821
0.0178893
0.0194744
0.0191966
0.0195032
0.181185
0.0405398
0.0299515
0.0174604
0.0162972
0.0151999
0.0140129
0.0179143
0.0214269
0.0197717
0.0207735
0.0209995
0.0200745
0.0215885
0.0211041
0.0192523
0.0195065
0.0214127
0.0198567
0.0197828
0.0206751
0.0201008
0.0200816
0.0202079
0.0107117
0.0178596
0.0223757
0.02244
0.0207827
0.0182594
0.0197631
0.019489
0.0190178
0.0218516
0.0194596
0.0196358
0.0215386
0.0201278
0.0203177
0.0215039
0.0203003
0.0202996
0.0211886
0.0213524
0.0203384
0.0203569
0.0212298
0.0212514
0.0206133
0.0211461
0.0211083
0.0206943
0.0211081
0.0208955
0.0210295
0.0206903
0.0211543
0.0207454
0.00168135
0.0118429
0.0141039
0.0150687
0.012056
0.0218046
0.0186475
0.0196597
0.0201895
0.0193802
0.020866
0.0188411
0.019457
0.0215512
0.0195931
0.0199389
0.0212968
0.0199253
0.0200943
0.020903
0.0204787
0.0203146
0.0201459
0.0203344
0.0208507
0.0204791
0.0210882
0.0204066
0.0204744
0.0205105
0.0209401
0.0317898
0.0201256
0.0260663
0.0194548
0.0262402
0.019519
0.0196019
0.0237657
0.0231261
0.0199418
0.0199757
0.0210792
0.0202458
0.0204193
0.0219489
0.021941
0.0207352
0.0209011
0.0203039
0.0211574
0.0203464
0.0209006
0.0215208
0.0205627
0.0205963
0.0210705
0.0205001
0.0205212
0.020595
0.0212443
0.0213388
0.021332
0.0213346
0.0212917
0.0212909
0.0205852
0.021242
0.0212186
0.0212001
0.0206407
0.0208848
0.02072
0.0209309
0.020673
0.0210971
0.0210591
0.0207466
0.0210992
0.0209671
0.0207055
0.0211132
0.0211119
0.0224739
0.0158827
0.0260134
0.0200777
0.0240496
0.0241949
0.02276
0.0261367
0.0200902
0.0245285
0.0202093
0.0218824
0.0215747
0.0224654
0.0210098
0.0204711
0.0216086
0.0215701
0.0220419
0.0204454
0.0205806
0.0205216
0.0204731
0.020614
0.0206387
0.021182
0.0205381
0.021383
0.0214831
0.0210336
0.021251
0.0213173
0.0206024
0.0213027
0.0212516
0.0206867
0.0208028
0.0212428
0.0212826
0.0208916
0.0210031
0.0208925
0.0206896
0.0210475
0.0206794
0.02113
0.0206863
0.0208704
0.0210503
0.020781
0.021104
0.0207757
0.0210595
0.0210011
0.0211138
0.0210243
0.0210807
0.0210969
0.0207529
0.0161273
0.0247022
0.0177181
0.0229003
0.0223516
0.0168552
0.0190233
0.0187352
0.01969
0.0194174
0.0213398
0.0201881
0.0201585
0.0209602
0.0215738
0.021617
0.0205896
0.020592
0.0205073
0.0202375
0.0203035
0.0203287
0.0213132
0.02044
0.0204802
0.0213359
0.0204468
0.0204664
0.0212648
0.0205535
0.0211428
0.0205664
0.0210482
0.0206005
0.0211562
0.0211173
0.0211468
0.0206574
0.0206475
0.0206511
0.0210427
0.0206615
0.054055
0.042119
0.0239296
0.0237359
0.0228638
0.0202327
0.0249772
0.026942
0.0229214
0.0242628
0.0202268
0.0228494
0.0205984
0.0205989
0.0202502
0.0203884
0.0220458
0.0215214
0.0203937
0.0219829
0.0208753
0.0217426
0.0214466
0.0205315
0.0216185
0.020478
0.021559
0.0210237
0.0213367
0.0214505
0.0208395
0.0212486
0.0213354
0.0209518
0.0206429
0.020869
0.0212175
0.0206073
0.0210779
0.021265
0.0212704
0.0212442
0.021214
0.0212019
0.0207307
0.0212031
0.0210855
0.0210706
0.0211873
0.0210306
0.0210299
0.0211082
0.0207216
0.02109
0.0211226
0.021129
0.0207425
0.0207306
0.0209213
0.256374
0.0772548
0.0238977
0.0249387
0.0229768
0.0222305
0.0228291
0.0225659
0.0228784
0.0205028
0.0211363
0.0203085
0.0226264
0.0204594
0.0218766
0.0207302
0.0206956
0.0204117
0.021583
0.0217385
0.021533
0.0204927
0.0215484
0.0216689
0.0206058
0.0211578
0.0215621
0.0213153
0.0213626
0.0206083
0.0212795
0.0207183
0.0212385
0.0209288
0.0212047
0.0213005
0.0212678
0.0212672
0.0206458
0.0206784
0.0212356
0.0211255
0.0210164
0.0207201
0.0209317
0.0207265
0.0211773
0.0206931
0.0211577
0.0209885
0.0208016
0.0208026
0.0211247
0.0207841
0.0210964
0.0208247
