0.0124012
0.0121738
0.0136623
0.014827
0.0142557
0.0142801
0.0142445
0.014245
0.0142336
0.0142329
0.0129393
0.0164949
0.0149817
0.0151929
0.0134179
0.0145128
0.0140592
0.0143004
0.0141655
0.0141747
0.0140128
0.014701
0.0142356
0.0141676
0.0146644
0.014451
0.0139655
0.0142805
0.0141122
0.0145591
0.0145251
0.0143059
0.014062
0.0141632
0.0142052
0.0144776
0.0144817
0.0144768
0.0144849
0.0143495
0.0140012
0.0140062
0.0142329
0.0140366
0.0144357
0.0142991
0.0143922
0.0141316
0.0142674
0.0143272
0.0143961
0.0140787
0.0143938
0.0140645
0.0143893
0.0143782
0.014093
0.0142409
0.0143481
0.0142229
0.0143026
0.0141091
0.014342
0.0143412
0.0142693
0.0143379
0.0141188
0.0142878
0.014332
0.0200537
0.0144168
0.0133254
0.0143962
0.0148989
0.0142588
0.0143788
0.0145236
0.0144336
0.0141075
0.0142
0.0142205
0.0142828
0.0142007
0.0142521
0.0142149
0.014203
0.0142335
0.014242
0.01423
0.0142259
0.0142091
0.0142408
0.0142051
0.0142072
0.0142137
0.0142371
0.0142372
0.0142129
0.0142292
0.0142171
0.014215
0.0142083
0.0142273
0.0142144
0.0142262
0.01421
0.0142291
0.0142335
0.0142293
0.0142148
0.0142173
0.0142162
0.0142132
0.0142252
0.0142275
0.0142148
0.0142312
0.0142219
0.0142252
0.0142183
0.0146748
0.0181442
0.0146449
0.0144667
0.0146905
0.0140359
0.0142765
0.0143954
0.0140982
0.0142269
0.0142406
0.0142281
0.0143036
0.0142947
0.0142445
0.0142296
0.0142494
0.0142509
0.0142067
0.0142425
0.014244
0.014236
0.0141997
0.0142037
0.0142126
0.0142197
0.0142358
0.0142278
0.014205
0.0142117
0.0142379
0.0142072
0.0142306
0.0142343
0.0142303
0.0142273
0.0142202
0.014224
0.0142172
0.0142355
0.014218
0.0142219
0.0142345
0.0142147
0.0142154
0.0146748
0.0187162
0.0144904
0.0142868
0.0146318
0.0141861
0.0141152
0.0143553
0.0139462
0.0143822
0.0142434
0.0143792
0.0142149
0.0142238
0.0141292
0.0141096
0.0142156
0.014173
0.0142729
0.0142024
0.0141912
0.0141276
0.0143013
0.0142899
0.0142673
0.0142475
0.0141852
0.014219
0.0142858
0.0142689
0.0141649
0.0142796
0.0142023
0.0141842
0.014201
0.014213
0.0142396
0.0142255
0.0142495
0.0141786
0.0142463
0.0142323
0.0141827
0.0142568
0.0142544
0.0151318
0.0152608
0.0148505
0.0148218
0.0140346
0.0141827
0.0142437
0.0142759
0.0142167
0.0139712
0.0143444
0.0143599
0.0143659
0.0140559
0.0143847
0.0140548
0.0143655
0.0142249
0.0143565
0.0142662
0.0142818
0.0141034
0.0141654
0.0141149
0.0141849
0.0142167
0.0142342
0.0141683
0.0143119
0.0142569
0.0142965
0.010308
0.0159044
0.0138177
0.0138965
0.0143585
0.0149593
0.0137873
0.0142706
0.0141454
0.0140615
0.0142722
0.0146189
0.0145011
0.014221
0.0139326
0.014166
0.0139556
0.0139776
0.0139866
0.0141622
0.0139885
0.0143781
0.0140359
0.0140039
0.0141607
0.0142718
0.0144072
0.0142425
0.014395
0.0143674
0.0140818
0.0141052
0.0140975
0.0143
0.0142522
0.0140934
0.0143507
0.0143451
0.0142803
0.0141364
0.0143444
0.0142295
0.014108
0.0143385
0.0142728
0.0141162
0.0143125
0.0141193
0.0131354
0.0159747
0.014164
0.0139748
0.0143935
0.0138529
0.0143583
0.0143243
0.014271
0.0141613
0.0143398
0.0142582
0.0142443
0.0142854
0.0142746
0.0142311
0.0142322
0.0142323
0.0142208
0.014237
0.0142487
0.0142326
0.0142463
0.0141939
0.0142507
0.0142321
0.0142362
0.0142439
0.0142485
0.0142293
0.0142105
0.0141982
0.0142315
0.0142021
0.0142239
0.0142393
0.0142274
0.0142075
0.0142201
0.0142398
0.0142279
0.0142416
0.01423
0.0142345
0.0142391
0.0142346
0.0142391
0.0132714
0.0137013
0.0151198
0.0155021
0.0147413
0.0142555
0.014278
0.0149402
0.0141689
0.0143026
0.0146731
0.0143152
0.0145746
0.0138054
0.014352
0.0141116
0.0141807
0.0138963
0.0139331
0.0139195
0.0143568
0.0143074
0.014506
0.0145023
0.0143573
0.0139561
0.014433
0.0143417
0.0144715
0.0144003
0.0144498
0.0142302
0.0140539
0.0141397
0.0142122
0.0144156
0.0140769
0.0140566
0.0142055
0.0143271
0.014366
0.0143794
0.0140922
0.0143835
0.0143297
0.0142025
0.0140775
0.0141825
0.0141997
0.0143547
0.0143484
0.0141376
0.0141134
0.0143423
0.0143412
0.0142128
0.0141795
0.0166885
0.00980894
0.0146118
0.0122593
0.0143582
0.0138916
0.0148154
0.0138035
0.0147929
0.0140156
0.0137116
0.0137032
0.0136943
0.0138441
0.0137945
0.0138315
0.0144613
0.0145161
0.0139698
0.0139116
0.0143837
0.0139501
0.0117167
0.0133036
0.0151053
0.0142984
0.0140402
0.0142139
0.0144151
0.0144126
0.0143371
0.0142864
0.0141165
0.0142378
0.0142523
0.0141451
0.0142641
0.0142381
0.0141812
0.0142498
0.0142492
0.0142507
0.0142378
0.0141883
0.0141875
0.014249
0.0142152
0.0142098
0.0141968
0.0142446
0.0142445
0.0142332
0.0142126
0.0142415
0.0142019
0.0142261
0.0142107
0.0142054
0.0129367
0.0156403
0.0138326
0.014594
0.0143963
0.0150285
0.014278
0.0149379
0.0148077
0.0139717
0.0139656
0.0147065
0.013821
0.0140155
0.0138354
0.0144318
0.014521
0.0145494
0.0140989
0.0141501
0.0142753
0.0144105
0.0139452
0.0144072
0.0144954
0.0139843
0.0140979
0.014415
0.0140965
0.0143683
0.0140402
0.0141863
0.0142761
0.014369
0.0141615
0.0144152
0.0144111
0.0144101
0.0140764
0.0143902
0.0142432
0.0141652
0.0142728
0.0140818
0.0140984
0.0141345
0.0141841
0.0143406
0.0141437
0.0141499
0.0141517
0.0141448
0.0141186
0.00788136
0.0148622
0.0146105
0.0138952
0.0146923
0.0141373
0.014086
0.0144985
0.0142314
0.013858
0.0144203
0.0142165
0.0139658
0.0140769
0.014333
0.0142301
0.0140752
0.0142262
0.0140354
0.0143878
0.0143663
0.0142966
0.0140804
0.0142282
0.0143228
0.0141684
0.0143147
0.0142444
0.0143392
0.0141117
0.0142842
0.0143248
0.0141999
0.0141553
0.0141368
0.0141726
0.0142873
0.0142998
0.0142548
0.0141515
0.0102481
0.0149517
0.0151776
0.0130346
0.0144238
0.0142394
0.0142131
0.0142859
0.0142624
0.0142945
0.0141368
0.0141846
0.0142116
0.0141717
0.014239
0.0142711
0.0131332
0.0170038
0.0141625
0.0135995
0.0147338
0.0135681
0.0146753
0.0140932
0.0140371
0.0142422
0.0145969
0.0142368
0.014236
0.0145239
0.0144962
0.0143515
0.0142367
0.01431
0.0141371
0.0143358
0.0144117
0.0142757
0.0143912
0.0140454
0.0144032
0.0142726
0.0143039
0.0143581
0.0143847
0.0142534
0.0141314
0.0140732
0.0142709
0.0140909
0.0142209
0.0143239
0.0142451
0.0141221
0.0141977
0.0143266
0.0142489
0.0143355
0.0142631
0.0142923
0.0143204
0.0142926
0.0143201
0.0129936
0.0138804
0.0145851
0.0144558
0.014251
0.0141565
0.0143462
0.0142511
0.014414
0.0141204
0.0142706
0.0142854
0.0141813
0.0141833
0.0142653
0.0142359
0.0141874
0.0142208
0.0141864
0.014222
0.0142467
0.014244
0.0142352
0.014213
0.014246
0.0141998
0.0142442
0.0142367
0.0142077
0.0142232
0.0142191
0.0142348
0.0142156
0.0142405
0.0142394
0.0142376
0.0142384
0.0142313
0.0142206
0.016986
0.0127811
0.014362
0.0148245
0.0135079
0.014524
0.0138795
0.0140997
0.0141325
0.0142684
0.0142368
0.0142481
0.0141335
0.0144904
0.0141604
0.0144358
0.0140684
0.0143862
0.0143939
0.0143157
0.0142756
0.0140316
0.0141536
0.0140601
0.0140603
0.0143784
0.0143689
0.0143547
0.0140929
0.0141674
0.0143102
0.0142689
0.0141186
0.0143433
0.014336
0.0142355
0.0141189
0.014322
0.0143195
0.0142664
0.0142205
0.0141276
0.0143
0.0141993
0.0142649
0.014146
0.0141931
0.0080128
0.0151355
0.014149
0.0142776
0.013542
0.014237
0.013802
0.0140383
0.0139032
0.0141575
0.0143934
0.014002
0.0142836
0.0143334
0.0140555
0.0145153
0.0132756
0.0144541
0.013841
0.013842
0.0148344
0.0144468
0.0143575
0.0147764
0.013996
0.0146687
0.0146402
0.0138511
0.0140925
0.0141034
0.014444
0.0143927
0.0140384
0.0143663
0.0143271
0.0141333
0.0141689
0.0143983
0.0141829
0.0144226
0.0141302
0.0140571
0.0143945
0.0140464
0.0142366
0.0142109
0.0143688
0.0141187
0.0141092
0.0140863
0.0143664
0.0140888
0.0143631
0.0142074
0.014338
0.0143552
0.0141599
0.0143482
0.0141109
0.0143262
0.0141252
0.0142674
0.0142956
0.0143211
0.0142649
0.0142399
0.0143111
0.0142777
0.0142723
0.0142892
0.0141519
0.0141891
0.0142775
0.0142395
0.0085685
0.0137577
0.0135597
0.0133846
0.0138892
0.014252
0.0142767
0.0142214
0.0140771
0.0143307
0.0142819
0.0140846
0.0142395
0.0141314
0.0141482
0.0141697
0.0141328
0.0141596
0.0141454
0.0176496
0.0129735
0.0140055
0.0143758
0.0140631
0.0140919
0.0143748
0.0143883
0.0143863
0.0143664
0.0139826
0.0143309
0.014326
0.0140523
0.0143319
0.0141799
0.0140775
0.0140836
0.0177456
0.0127668
0.0133776
0.0147234
0.014699
0.0144577
0.0142977
0.0142684
0.014341
0.0143124
0.0142232
0.0142637
0.0142411
0.0142567
0.0141753
0.0141659
0.0142888
0.0245308
0.0129468
0.0141317
0.0141957
0.0139808
0.0150654
0.0146883
0.0150084
0.0140462
0.0137558
0.014302
0.0145212
0.0141962
0.0143711
0.0139609
0.0140183
0.0142297
0.0144921
0.014452
0.0142556
0.0144435
0.0141589
0.0140331
0.0140442
0.01442
0.0143964
0.0144107
0.0142094
0.0140699
0.0143778
0.0143821
0.0141309
0.0141697
0.0141804
0.0142275
0.0143618
0.0142782
0.014363
0.0140972
0.0143587
0.0142171
0.014129
0.0142812
0.0143464
0.0142309
0.0143329
0.0141217
0.0142064
0.0142079
0.0142918
0.0141597
0.0142819
0.0142758
0.0142256
0.0141402
0.0142565
0.0142137
0.0115192
0.0127231
0.0140343
0.0147867
0.0143504
0.0139651
0.0141667
0.0139785
0.0139885
0.0141024
0.0141332
0.0142789
0.0142771
0.0142386
0.0142018
0.0142705
0.0142399
0.0141631
0.0141786
0.0141745
0.0142616
0.0142364
0.0142584
0.014255
0.0142508
0.0142062
0.0142504
0.0166008
0.0130727
0.0139011
0.0115119
0.013656
0.0137997
0.0140971
0.0150127
0.01383
0.0133663
0.0135189
0.0135267
0.0140061
0.0139388
0.0142438
0.0143374
0.0140108
0.0141963
0.0138577
0.014019
0.013891
0.0144314
0.0142609
0.0133439
0.0125603
0.0145551
0.0145543
0.0138033
0.0140324
0.0141739
0.0137219
0.0142067
0.0138488
0.0140265
0.0140563
0.0139752
0.0142917
0.0140161
0.0141579
0.0140185
0.0140266
0.0140784
0.0142436
0.0142986
0.0141896
0.0142608
0.0140988
0.0131612
0.0151265
0.0153458
0.0148014
0.0146466
0.0145309
0.0139248
0.0141083
0.0144254
0.0142353
0.0138567
0.0139108
0.0144124
0.0143804
0.01423
0.0140715
0.0144188
0.014362
0.0144029
0.014267
0.0142246
0.0140569
0.0141155
0.0140901
0.0141604
0.0141501
0.0141277
0.014345
0.0141368
0.0141387
0.0141737
0.014256
0.0141894
0.0141285
0.0141298
0.0141764
0.0130106
0.0130979
0.0134892
0.0142421
0.0141398
0.0141586
0.0140525
0.0143254
0.0143106
0.0142185
0.0143005
0.0143071
0.0143104
0.0141887
0.0141835
0.014229
0.014295
0.0141648
0.0141862
0.0142806
0.0141728
0.0142646
0.00636965
0.011621
0.0155497
0.0136369
0.0139279
0.0143437
0.0142527
0.0140984
0.014352
0.0141485
0.0141791
0.0143075
0.0142187
0.0142569
0.0141346
0.0141263
0.0141616
0.0141762
0.0128157
0.0150113
0.0142576
0.0135716
0.0141005
0.0138878
0.0145907
0.0143307
0.0144308
0.014017
0.014691
0.0142309
0.0143449
0.0144437
0.0139619
0.0142782
0.0145251
0.0142822
0.0145006
0.0139776
0.0141405
0.0142169
0.0143132
0.0141264
0.0141017
0.0141472
0.0143334
0.0141166
0.0141834
0.0142344
0.0144201
0.0141578
0.0142195
0.0142652
0.0141006
0.0141181
0.014214
0.0143762
0.0142639
0.0143563
0.014135
0.0143121
0.014241
0.0141434
0.0142647
0.0142098
0.0143588
0.0143572
0.0142107
0.0142942
0.0143479
0.0141207
0.0143206
0.0142057
0.0143228
0.0141738
0.0143207
0.0142828
0.0142978
0.0143174
0.014317
0.0141991
0.0141476
0.0204077
0.0124073
0.0141562
0.014205
0.013742
0.013632
0.0140136
0.0137201
0.0138265
0.0139006
0.0143198
0.0162446
0.014931
0.0134437
0.0146632
0.0133774
0.0137118
0.0136406
0.0145692
0.0142339
0.0139615
0.0141869
0.0139705
0.0140174
0.0144138
0.0142235
0.0143967
0.0142713
0.0143487
0.0143508
0.0140713
0.0143052
0.0142528
0.0142964
0.0143314
0.014324
0.01432
0.0142513
0.0143191
0.0142502
0.0142522
0.0143004
0.014152
0.0142301
0.0143027
0.0129883
0.0128941
0.0135277
0.0142119
0.013377
0.0134324
0.0147683
0.0137981
0.0142518
0.0140348
0.0142596
0.0142605
0.0142339
0.0144938
0.0140324
0.0144359
0.0140608
0.013961
0.01397
0.0140584
0.0140201
0.0143613
0.0140082
0.0140229
0.0144153
0.0140288
0.0140634
0.0140569
0.014373
0.014071
0.0140795
0.0140812
0.0143621
0.0143561
0.0143495
0.0141365
0.0142293
0.0143358
0.0141114
