0.0191576
0.0113799
0.0117294
0.0117409
0.0116665
0.0116472
0.0116428
0.0116003
0.0116238
0.0116086
0.00904778
0.0110691
0.0114968
0.0112879
0.011705
0.0117805
0.0126551
0.0127674
0.0114631
0.0125657
0.0116349
0.0107401
0.0107273
0.0124778
0.0123143
0.0109449
0.0122385
0.0112102
0.0118133
0.0112066
0.0117942
0.011384
0.0110766
0.0116574
0.0114413
0.0115188
0.0111384
0.0118791
0.0120224
0.0114704
0.0114602
0.0119756
0.0115211
0.0113001
0.0112921
0.0117672
0.0116093
0.0113324
0.0113218
0.0113299
0.0113329
0.011609
0.0113805
0.0116961
0.0118429
0.0113641
0.0118286
0.0113814
0.0113864
0.0114138
0.0115494
0.0118378
0.0118315
0.0117711
0.0116805
0.0114207
0.0115951
0.0115351
0.0462402
0.0111555
0.0106779
0.0108321
0.0121962
0.0115794
0.0110398
0.0117977
0.0118209
0.0114589
0.0113756
0.0114319
0.0116662
0.0117214
0.0116639
0.011584
0.0116971
0.0115922
0.0116683
0.0116397
0.0116123
0.0115844
0.0115679
0.0115772
0.0115916
0.0116376
0.0116345
0.0115792
0.011617
0.0115841
0.0116032
0.0115878
0.0116339
0.011623
0.0116262
0.0116333
0.0116277
0.0116277
0.0116074
0.0116267
0.0116075
0.0116285
0.0115914
0.0115909
0.0115904
0.0115955
0.0116053
0.011622
0.0116128
0.0116262
0.011603
0.0116091
0.0116245
0.011624
0.0148096
0.0137919
0.0144551
0.0119691
0.0123763
0.0122468
0.0113436
0.012016
0.0117652
0.0118516
0.0118469
0.0114975
0.0115153
0.0115097
0.0115163
0.0115702
0.0116691
0.0116606
0.0116612
0.0116599
0.0116375
0.0115969
0.0115821
0.0116333
0.0116352
0.0116073
0.0116352
0.0116071
0.0115767
0.0115819
0.0116325
0.0115795
0.0115794
0.0116344
0.0116255
0.0116347
0.0116334
0.0116256
0.0115921
0.0116181
0.011614
0.011631
0.0116239
0.0116125
0.0115988
0.0116248
0.0116004
0.0147929
0.0135197
0.0151176
0.0116496
0.0121269
0.0125654
0.0116004
0.0118198
0.0120613
0.0117984
0.0117477
0.0116775
0.0117093
0.0116869
0.0116829
0.0116417
0.0115224
0.0115894
0.0115817
0.0115191
0.0116046
0.0116667
0.0116963
0.0114437
0.0115415
0.0116441
0.0115256
0.0116417
0.0117229
0.0117102
0.0115288
0.0117148
0.0117141
0.011515
0.0115603
0.0115142
0.0115211
0.0115564
0.011679
0.0115874
0.0116024
0.011533
0.0115616
0.0116062
0.0116552
0.0115576
0.0116495
0.0119285
0.0119993
0.0106504
0.0109073
0.011826
0.0106457
0.0118055
0.0116345
0.0118308
0.0112813
0.0116658
0.011867
0.0112208
0.0118874
0.0119329
0.0118499
0.0115131
0.0119092
0.0113309
0.0114533
0.011396
0.0114777
0.0118447
0.0116157
0.0115415
0.0118159
0.011752
0.0114173
0.0117554
0.0116762
0.0115006
0.0116228
0.0117538
0.011502
0.00960843
0.00920048
0.0114037
0.0107671
0.0126408
0.0118234
0.0124745
0.0116761
0.0117437
0.0115015
0.0117045
0.0113513
0.0110012
0.0110441
0.0115378
0.0113952
0.0116577
0.0113777
0.0118239
0.011936
0.0112116
0.0114191
0.011275
0.0119308
0.0119262
0.0117993
0.0118976
0.011349
0.0118397
0.0113507
0.0116906
0.0113743
0.0118305
0.0114121
0.0117601
0.0118189
0.0114822
0.011445
0.0117519
0.0116816
0.0116917
0.0114831
0.0120685
0.0136894
0.0132074
0.0122872
0.012143
0.0108796
0.0118374
0.0117242
0.0117116
0.0117088
0.011506
0.0116161
0.0116394
0.0116085
0.01159
0.0116219
0.011626
0.0114979
0.011624
0.0116238
0.011679
0.0115912
0.0116446
0.0115586
0.0115488
0.0115547
0.0115733
0.0116417
0.0116538
0.0116409
0.0115678
0.0115673
0.011565
0.0115802
0.0116403
0.0116208
0.0116435
0.0116257
0.0116411
0.0116239
0.0115911
0.0116385
0.0116152
0.0116069
0.0116317
0.0116217
0.0116266
0.0116361
0.0204858
0.00998423
0.013703
0.0102921
0.00987863
0.0135099
0.0117503
0.0129998
0.0116844
0.0112474
0.010696
0.011641
0.0125433
0.0125204
0.0114065
0.0114987
0.0116417
0.0123106
0.0113728
0.0110634
0.0119747
0.012151
0.0114287
0.0116328
0.0111824
0.0112713
0.0111417
0.0120592
0.0111773
0.0119064
0.0112197
0.0120048
0.0119804
0.0116423
0.0113118
0.0112716
0.0112711
0.0113268
0.0118104
0.0115186
0.0113404
0.0118151
0.0118296
0.0113314
0.011887
0.011741
0.0118256
0.0114673
0.0114861
0.0114086
0.0117565
0.011685
0.0114877
0.0114415
0.0117961
0.0115933
0.0115071
0.0118057
0.00309815
0.00214299
0.0116675
0.011305
0.0121995
0.0104835
0.0101873
0.0125714
0.0117986
0.0124873
0.0106233
0.0109122
0.0117363
0.0107739
0.0122577
0.0121275
0.0109877
0.0118202
0.0111045
0.0113388
0.0115904
0.0118939
0.0155011
0.0149464
0.0118498
0.0105092
0.0106533
0.0123219
0.0109793
0.0118217
0.0115912
0.0113339
0.0116113
0.0117148
0.0114869
0.0116486
0.0114944
0.0115672
0.0115216
0.0116696
0.0116513
0.0115757
0.0115378
0.0116296
0.0115908
0.0116137
0.0115705
0.0115634
0.0116523
0.0115657
0.0115694
0.0115691
0.0116277
0.0116457
0.0115954
0.0116371
0.0116156
0.0178495
0.0160493
0.0117844
0.0102639
0.0134453
0.0131147
0.0119243
0.0126438
0.0116573
0.0109078
0.0107237
0.01149
0.0116034
0.0117046
0.0122626
0.0110064
0.0109212
0.0119472
0.0121741
0.0117718
0.0118652
0.0120821
0.0119245
0.0111694
0.0111597
0.0120296
0.0112835
0.0115317
0.0120204
0.0112241
0.0114062
0.0119913
0.0113202
0.0119672
0.0112982
0.0119239
0.01175
0.0116328
0.0113113
0.0113219
0.0113895
0.011826
0.0115068
0.0118603
0.0118678
0.011442
0.0116679
0.0113734
0.0115363
0.0114379
0.0117371
0.0115827
0.00866259
0.00502496
0.0112034
0.0110517
0.0122853
0.0115246
0.0123234
0.0119081
0.0111109
0.0114459
0.0117007
0.0110879
0.0119707
0.0116938
0.0116213
0.0118805
0.011913
0.0118398
0.0115665
0.0112826
0.0118251
0.0113514
0.0113539
0.0118409
0.0118021
0.0118331
0.0113793
0.0115683
0.0118097
0.0118126
0.0114513
0.0117988
0.0117906
0.0116744
0.0117736
0.0115131
0.0115562
0.0117441
0.0115896
0.0114722
0.0114722
0.00518087
0.0121312
0.0116042
0.0111578
0.0117644
0.0117137
0.0111882
0.01174
0.0113726
0.0115107
0.011746
0.0114683
0.0114809
0.0115141
0.0114941
0.0116965
0.0120507
0.0136798
0.0131941
0.0117865
0.0128195
0.0110509
0.0113663
0.0122536
0.0112712
0.0122042
0.0110456
0.0116572
0.0116355
0.0116717
0.0112239
0.011662
0.0116431
0.0111364
0.0116801
0.0115634
0.0120211
0.011374
0.0118913
0.0112731
0.0112702
0.0112874
0.0113612
0.0118182
0.0118957
0.0118108
0.0113489
0.011348
0.011343
0.0114143
0.0118034
0.0116706
0.0118206
0.0117052
0.0118052
0.0116931
0.0114839
0.0117865
0.0116372
0.0115842
0.0117435
0.0116802
0.0117111
0.0117679
0.012655
0.00973728
0.0128334
0.0107825
0.0109836
0.0116866
0.0111358
0.0114993
0.0119588
0.0114248
0.0115832
0.0117267
0.0115544
0.0115361
0.0115385
0.0116823
0.0115397
0.0115492
0.0116462
0.0116056
0.0115962
0.0116046
0.0116464
0.0116496
0.0116018
0.011629
0.0116405
0.0116424
0.0116206
0.0116181
0.011595
0.0116322
0.0115822
0.0116136
0.0116236
0.0116272
0.0116104
0.0165394
0.00609401
0.0143201
0.00972126
0.0125937
0.0114062
0.0121853
0.0124805
0.0118082
0.0115662
0.0110429
0.0116249
0.011063
0.0111066
0.0116592
0.0118492
0.0113912
0.0114435
0.0116236
0.0112393
0.0116037
0.011694
0.0119174
0.0114632
0.0113344
0.0117235
0.011635
0.0114362
0.0115725
0.0118404
0.0117261
0.011502
0.0117938
0.0117818
0.0114946
0.0117127
0.0117927
0.011555
0.0115231
0.0116079
0.0115003
0.0115568
0.01148
0.0116605
0.0114976
0.0116463
0.00145256
0.0101038
0.011759
0.0116325
0.01039
0.0106513
0.0109848
0.0118431
0.0119177
0.0114797
0.0111656
0.0117708
0.0115816
0.0114076
0.0113252
0.0113871
0.0134492
0.0194653
0.0138267
0.0122132
0.011287
0.0116654
0.0118859
0.0119267
0.011027
0.0117975
0.0118602
0.0114042
0.0114781
0.0122515
0.0122009
0.0121513
0.011127
0.0111143
0.0120767
0.0115571
0.0117849
0.0119712
0.0115706
0.0115331
0.0119459
0.0114754
0.0113163
0.0118428
0.0118675
0.01142
0.0118886
0.0117286
0.0116157
0.0114363
0.011781
0.0114849
0.0113729
0.0114025
0.0114051
0.0118243
0.011691
0.0114104
0.0114351
0.0114676
0.0117269
0.0117349
0.0117031
0.0116189
0.0115028
0.0117788
0.0115772
0.0117157
0.0117267
0.0116273
0.0117453
0.0117285
0.000361394
0.00804689
0.00780618
0.0106084
0.0120813
0.0110025
0.011606
0.011638
0.0118897
0.0117441
0.0112531
0.0115896
0.0115583
0.0117102
0.0113501
0.0118176
0.0117615
0.0114373
0.0114275
0.0117602
0.0117587
0.0116659
0.0114665
0.00584947
0.0116015
0.0111486
0.0107805
0.0117183
0.0116379
0.0108622
0.0118957
0.0111414
0.011368
0.011908
0.0113067
0.0113306
0.0113997
0.0113606
0.0117963
0.017733
0.00848506
0.00932577
0.0113148
0.012092
0.0119784
0.0118479
0.0117515
0.0114898
0.0116546
0.0115015
0.0117625
0.0117267
0.0117357
0.0115898
0.0116024
0.0115083
0.0116632
0.0121775
0.0131783
0.0128312
0.015721
0.0113622
0.0116289
0.0104624
0.0127256
0.0123468
0.0120125
0.0123495
0.0116513
0.0116631
0.0109658
0.0122572
0.0117861
0.0113815
0.0121081
0.0121195
0.0114643
0.0115839
0.011714
0.0119643
0.0113413
0.0113609
0.0119558
0.011386
0.0112898
0.0112995
0.0118058
0.0115378
0.0118612
0.0118909
0.0118882
0.0117395
0.0118707
0.0114003
0.011506
0.0113705
0.0118443
0.0117301
0.0118043
0.0118303
0.0114662
0.0117786
0.0114288
0.0116211
0.0114404
0.0117853
0.0117914
0.0116004
0.0114429
0.0117787
0.0114443
0.0114558
0.0116185
0.0117448
0.0114886
0.0114932
0.00355237
0.00631969
0.0126452
0.0110172
0.0117242
0.011355
0.0118137
0.0111439
0.0116683
0.0116694
0.0116429
0.011668
0.0114479
0.011431
0.0116687
0.0115921
0.0116153
0.0116775
0.0116702
0.0116781
0.0115281
0.0116745
0.0116443
0.0115542
0.0116344
0.011653
0.0116665
0.011582
0.0115967
0.0163124
6.82535e-05
0.0136802
0.0144352
0.0107556
0.0106592
0.0115308
0.0114028
0.0127308
0.0123015
0.0110303
0.0103571
0.012429
0.0113418
0.0111697
0.0110965
0.0115321
0.0121375
0.012082
0.0122473
0.0115521
0.0110498
0.0111929
0.0110818
0.0171262
0.0138732
0.00674747
0.00844114
0.0124933
0.0116898
0.0116593
0.0117188
0.0118861
0.011103
0.0112587
0.011685
0.0118526
0.0113878
0.0114112
0.0113295
0.0117258
0.0115559
0.0118166
0.0118049
0.0117239
0.01155
0.0130601
0.0135525
0.012671
0.0127951
0.011325
0.011525
0.0116652
0.0117212
0.0116011
0.0111187
0.0118593
0.011889
0.0119001
0.0112849
0.0119315
0.0112798
0.0118943
0.0116196
0.0118773
0.0117013
0.0117315
0.011374
0.0114991
0.0113968
0.011538
0.0116014
0.011636
0.011504
0.0117872
0.0116805
0.0117575
0.00984594
0.0124704
0.0101318
0.0125913
0.0117135
0.011359
0.0113877
0.011382
0.0113818
0.0117776
0.0117041
0.0117131
0.0115494
0.0117603
0.0117593
0.0116844
0.011642
0.0117155
0.0115662
0.0115702
0.0115791
0.0117071
0.0116908
0.00659925
0.0128293
0.0107004
0.0108089
0.011765
0.0117414
0.0112212
0.0112767
0.0116583
0.0117893
0.0114104
0.0114783
0.0114869
0.0117373
0.0117015
0.0117329
0.0133314
0.0215224
0.0138616
0.0109597
0.0133
0.0111926
0.0119882
0.0113801
0.0118116
0.0117252
0.0117164
0.0111895
0.011879
0.0113503
0.0122403
0.0113529
0.0121417
0.0116521
0.0112793
0.0117103
0.0119422
0.0116928
0.0115729
0.0114218
0.0112497
0.0116671
0.011976
0.0119816
0.011971
0.0119476
0.011664
0.0119674
0.0118636
0.0113889
0.0112959
0.0119194
0.011928
0.0119189
0.0117459
0.0113481
0.0115896
0.0113635
0.0115121
0.0114166
0.0113813
0.0114218
0.011399
0.0118129
0.0115864
0.011543
0.0114826
0.0117487
0.011659
0.0114243
0.0117947
0.0117736
0.0117854
0.0114666
0.0117725
0.0115518
0.0117728
0.0115759
0.0117689
0.0117574
0.00845905
0.00946381
0.0107253
0.0119342
0.0108907
0.0112035
0.0112488
0.0114588
0.0113965
0.0117632
0.0198092
0.0107343
0.00916023
0.0124388
0.0122793
0.0117045
0.0116446
0.0106165
0.0116323
0.0116564
0.0115391
0.0119393
0.0119939
0.0113687
0.0119604
0.0112506
0.011582
0.0114341
0.0118236
0.0114242
0.011809
0.0118671
0.0114138
0.011419
0.0113976
0.0113986
0.0117995
0.011445
0.0117211
0.0117921
0.0115793
0.0114352
0.011572
0.0117171
0.0115431
0.0128087
0.0110769
0.00928797
0.0110833
0.0100071
0.0117498
0.0122606
0.0107941
0.0116193
0.0112494
0.0119188
0.012111
0.0119378
0.0121733
0.0121427
0.0121409
0.0120686
0.0117823
0.0112432
0.0118854
0.0114459
0.0112386
0.0113552
0.0117221
0.0117727
0.0113247
0.0118538
0.0118924
0.011415
0.0119122
0.0113851
0.0118495
0.0118208
0.0118176
0.0114028
0.0115819
0.0114262
0.011492
0.0117985
0.0114723
