0.0203564
0.00941363
0.0113816
0.0120583
0.0116409
0.0115463
0.011621
0.0114234
0.0114714
0.0114856
0.0114967
0.00972778
0.0105942
0.0112566
0.0122466
0.0100395
0.0118435
0.0106028
0.0125517
0.0116704
0.0120458
0.0117178
0.0122453
0.0119843
0.0114526
0.0111607
0.0115694
0.0116497
0.0119833
0.011844
0.0113907
0.0118844
0.0112183
0.0118752
0.0111273
0.0112198
0.0111662
0.0112464
0.0111382
0.0118162
0.0112464
0.0117999
0.0115338
0.0112499
0.0117791
0.0114409
0.0112516
0.0117614
0.0114029
0.0116337
0.0114143
0.0117364
0.0113038
0.0116583
0.0117283
0.011726
0.0117205
0.0117084
0.0113807
0.0116833
0.0116836
0.0115296
0.0113744
0.0113896
0.011631
0.0113815
0.0114633
0.0115402
0.01015
0.0112131
0.0108637
0.010979
0.0110429
0.0109905
0.0113622
0.0119676
0.0115013
0.0113343
0.0116743
0.01155
0.011492
0.0115099
0.0114746
0.011468
0.011472
0.0115378
0.0114717
0.011471
0.0115142
0.0114706
0.0114928
0.0114703
0.0114671
0.0115151
0.011512
0.0115076
0.0114784
0.0114892
0.0115111
0.011503
0.0114802
0.0114949
0.0115
0.0115053
0.0115116
0.0114925
0.0115113
0.0114949
0.0114902
0.0114817
0.011483
0.0114982
0.0115068
0.0115081
0.0115082
0.0114953
0.0115062
0.0114971
0.0114865
0.0115053
0.0147062
0.0130159
0.0120393
0.0124129
0.011438
0.0119826
0.0117201
0.0113468
0.0113024
0.0115934
0.011393
0.0115004
0.0115557
0.0115656
0.0115631
0.0114586
0.0114481
0.0114531
0.0114776
0.0115191
0.0115156
0.0115205
0.0114696
0.011496
0.0114651
0.0114786
0.0115078
0.0114791
0.0115165
0.0114938
0.0114722
0.0115152
0.0115116
0.0115051
0.0114786
0.0114994
0.0114822
0.0115108
0.0114839
0.0115124
0.0115017
0.0114852
0.0114902
0.0114789
0.0115049
0.0114806
0.0146486
0.0128754
0.0117869
0.0122734
0.0117124
0.0122467
0.011994
0.0113697
0.0114832
0.0114146
0.0114685
0.0115167
0.011392
0.011447
0.0114599
0.0115376
0.0115847
0.0116043
0.0115482
0.0113736
0.0114686
0.0114325
0.0115766
0.0115148
0.0115892
0.0115565
0.0114568
0.0115548
0.0114003
0.0115086
0.0115723
0.0114093
0.0114286
0.0114593
0.0115528
0.0114803
0.0115414
0.0114316
0.0115358
0.0114254
0.01147
0.0115307
0.0115132
0.0115501
0.0114561
0.0115449
0.00922128
0.0129197
0.0130342
0.0121343
0.0119398
0.0120105
0.0110038
0.0113149
0.0117117
0.011506
0.0109851
0.0110554
0.0117258
0.0116832
0.0114849
0.0112755
0.0117484
0.0116641
0.0117256
0.0115361
0.0114796
0.0112671
0.0113388
0.0113071
0.0113973
0.0113868
0.0113587
0.0116528
0.0113707
0.0113734
0.0114194
0.0115286
0.0114408
0.0113682
0.0113703
0.0114246
0.00816906
0.0128839
0.0132207
0.0125535
0.012016
0.0112534
0.0116392
0.0112563
0.0120479
0.0117616
0.0119734
0.0110864
0.0110285
0.0112212
0.0110412
0.0118374
0.0110867
0.0111088
0.0114435
0.0111681
0.0111844
0.0114605
0.0111671
0.0117969
0.0115507
0.011238
0.0112839
0.0112962
0.011467
0.0112518
0.0112775
0.0116745
0.0115202
0.0112852
0.011683
0.0116346
0.0115079
0.0114166
0.0116642
0.0115705
0.01135
0.0114828
0.0116519
0.0114139
0.0116415
0.0116357
0.0115296
0.00914388
0.0137748
0.0126456
0.0100672
0.0107805
0.0114601
0.011583
0.0110581
0.0111755
0.0113927
0.0114134
0.0113893
0.0115897
0.0115854
0.0114956
0.0115648
0.0115123
0.0115045
0.0114138
0.011493
0.0115193
0.0115327
0.0114729
0.0114592
0.0114381
0.0115227
0.0114531
0.0114927
0.0115074
0.0114819
0.011528
0.0115163
0.0114872
0.0114858
0.0115188
0.0114657
0.0114932
0.0115226
0.0115125
0.0114892
0.0114931
0.0115129
0.0115117
0.0115201
0.0114808
0.0114817
0.0115129
0.0114832
0.0144248
0.0121648
0.00975561
0.0112922
0.0106928
0.0102576
0.0113284
0.0125754
0.0110036
0.0110685
0.0111003
0.0121431
0.0120022
0.0109758
0.0117479
0.0117512
0.0113932
0.0119988
0.0118318
0.0117159
0.0114092
0.0116025
0.0113809
0.0118895
0.0118838
0.0118272
0.0117906
0.0118414
0.0111292
0.0111506
0.0117821
0.0113076
0.0113303
0.011275
0.011712
0.0115416
0.0114944
0.011713
0.0117664
0.0114717
0.0117681
0.0113586
0.0116987
0.0117484
0.0112992
0.0112587
0.0117234
0.0114161
0.0112789
0.011694
0.011354
0.0115585
0.0113281
0.0114241
0.0116495
0.0114273
0.0116385
0.0115067
0.00682458
0.0111216
0.0111543
0.00772414
0.0106407
0.00983337
0.0109908
0.0100042
0.0103397
0.011887
0.0117237
0.0105913
0.0109249
0.0108103
0.0108931
0.0108675
0.010965
0.0118954
0.0118432
0.0117353
0.0116241
0.00659143
0.00884122
0.0101203
0.0122788
0.0119002
0.0108656
0.0115582
0.0111596
0.0116865
0.0115067
0.0114836
0.0115029
0.0115671
0.0113742
0.0114919
0.0115449
0.0114932
0.0114415
0.011476
0.0114992
0.0114842
0.0115117
0.0114708
0.0114472
0.0115112
0.0114847
0.0114626
0.0114752
0.0115016
0.0114802
0.0115176
0.0114783
0.0114712
0.0114854
0.013375
0.0119342
0.00939282
0.011076
0.0111925
0.0125194
0.011771
0.0114606
0.0116808
0.0120472
0.010852
0.0116091
0.0112274
0.0109176
0.0119973
0.0110556
0.011319
0.0119338
0.0110616
0.0117257
0.0114736
0.0118747
0.0117435
0.0118741
0.0118705
0.0116341
0.011431
0.01141
0.0112305
0.0115667
0.0116638
0.0113588
0.0117556
0.011774
0.0115964
0.0112225
0.0115564
0.0117436
0.0116394
0.0113132
0.0117176
0.0116504
0.0116777
0.0116372
0.0116873
0.0113665
0.0114013
0.0114415
0.0116793
0.0116512
0.011325
0.0113447
0.0137379
0.0107118
0.0103682
0.0105265
0.0108945
0.011281
0.0118168
0.0117151
0.0115245
0.0115349
0.0117814
0.0111105
0.0112586
0.0112774
0.0113598
0.0117867
0.0112094
0.0116473
0.0113485
0.0114098
0.011364
0.0112791
0.0117007
0.0115138
0.0116333
0.0113467
0.0116487
0.0113237
0.0113677
0.0113382
0.0114178
0.0116255
0.0113469
0.0115907
0.0114916
0.011548
0.011559
0.0116035
0.0115916
0.0115812
0.0113816
0.0105508
0.00953482
0.0128473
0.0113249
0.0113518
0.0109905
0.0114549
0.0112365
0.0114155
0.0116048
0.0113649
0.0113859
0.0113713
0.011517
0.0113984
0.0142579
0.0101128
0.0106169
0.0120525
0.0117061
0.0108495
0.0105657
0.0115401
0.0111961
0.0112733
0.0114357
0.011096
0.0115599
0.0118871
0.0118424
0.0116207
0.0113021
0.0112253
0.0114616
0.0112541
0.0111659
0.0117584
0.011639
0.011693
0.0112161
0.0115831
0.0112253
0.0116825
0.0113903
0.0117039
0.0114801
0.0113031
0.0113221
0.0113059
0.0116077
0.0115759
0.0115477
0.0113529
0.0113437
0.0115471
0.0116188
0.0115736
0.0114776
0.0114342
0.00890366
0.011728
0.0106332
0.0119013
0.0113731
0.0114371
0.0116564
0.0114393
0.0116226
0.0116158
0.0114066
0.0115255
0.0115295
0.0114918
0.0114357
0.0115421
0.0115373
0.0114453
0.0114419
0.0115265
0.0114711
0.0115253
0.0115286
0.0115127
0.0114531
0.0115066
0.011527
0.011506
0.0114902
0.0115244
0.0114831
0.0115224
0.0115224
0.0114973
0.0115059
0.0115205
0.0114865
0.0114927
0.0115132
0.0114723
0.0106964
0.0128685
0.0119821
0.0110413
0.0122081
0.0118065
0.0114748
0.0115545
0.0115242
0.0114391
0.0116399
0.0110781
0.0114879
0.0118155
0.0114675
0.0117593
0.0112687
0.0113353
0.0113495
0.0117697
0.0115321
0.0117318
0.0113193
0.0113209
0.0117306
0.0116726
0.0112573
0.0112675
0.0115328
0.0116285
0.0115535
0.0113111
0.0115301
0.0116186
0.0116002
0.0113346
0.0113751
0.0114963
0.0113401
0.0116153
0.011607
0.0115199
0.0114323
0.0114493
0.0114565
0.0114172
0.0116068
0.00795344
0.0105862
0.0105294
0.00985271
0.0109187
0.0118153
0.0116358
0.0108577
0.0110804
0.0110357
0.0114486
0.0111943
0.0114853
0.0115566
0.0112272
0.0116268
0.010023
0.0107965
0.0121544
0.0112222
0.0117755
0.0117395
0.0121832
0.0109726
0.0116412
0.0115931
0.0118709
0.0119747
0.0113091
0.0112311
0.0119101
0.0115509
0.0113986
0.0118464
0.0113815
0.0115106
0.0111639
0.0111991
0.0112512
0.0114536
0.0112966
0.0116416
0.0113292
0.0116871
0.0116173
0.0117339
0.0112655
0.0114671
0.011381
0.0112886
0.0112913
0.011648
0.0116118
0.0112958
0.011424
0.01167
0.0114401
0.0116071
0.0114737
0.0113927
0.0113365
0.0115478
0.0115035
0.0116447
0.0116395
0.0113949
0.0116223
0.0115591
0.0113821
0.0116073
0.0113836
0.0116144
0.0116099
0.00939128
0.0119388
0.0118348
0.0102053
0.0121105
0.0111
0.0115666
0.0108949
0.0114666
0.0117017
0.0113956
0.0112079
0.0116958
0.0116057
0.0112773
0.0116231
0.0114528
0.0113497
0.0113591
0.0113272
0.0114296
0.0115459
0.011584
0.0114642
0.010463
0.00914264
0.0126994
0.0115329
0.0113606
0.010693
0.0112399
0.0110141
0.0113052
0.0117358
0.0112132
0.0112584
0.0112324
0.0115405
0.0112901
0.0131356
0.010329
0.0112365
0.0112789
0.0114052
0.0115817
0.0116987
0.0116279
0.0113515
0.0115774
0.0114248
0.0116035
0.0116011
0.0115058
0.0115507
0.01141
0.0112073
0.0115734
0.0112255
0.0121068
0.0124735
0.0116175
0.0116121
0.0116188
0.011544
0.0115735
0.0115926
0.0115119
0.0111514
0.0111201
0.0112049
0.0111182
0.0112444
0.0117772
0.011806
0.0116156
0.0118065
0.0117416
0.0111964
0.011679
0.0115474
0.0117806
0.0116595
0.0117475
0.0116745
0.0117312
0.0112999
0.0116396
0.0112922
0.0116084
0.0114685
0.0113019
0.0114927
0.0115162
0.0113114
0.0114184
0.0114858
0.0114995
0.0116661
0.0116635
0.0114803
0.0116132
0.0113479
0.0113713
0.01164
0.011373
0.0113747
0.0113991
0.0114375
0.0114379
0.0114442
0.0113737
0.0115281
0.0137605
0.0103321
0.0118352
0.0111295
0.0122416
0.0119261
0.0118974
0.0113954
0.0110822
0.0115964
0.0115341
0.0113582
0.0115431
0.0115639
0.0115383
0.0115422
0.0115671
0.0114897
0.0114573
0.0115538
0.0114557
0.0114806
0.0114305
0.0114605
0.0115481
0.0114331
0.0114403
0.0115349
0.011493
0.0109302
0.011879
0.0098309
0.0118829
0.0122146
0.0106321
0.00916345
0.0110645
0.0104855
0.0103219
0.0103495
0.0105397
0.0105019
0.0111525
0.0109738
0.0109033
0.0108258
0.0115047
0.0109564
0.0119194
0.0115874
0.0117683
0.0111727
0.0125602
0.00922217
0.0109459
0.0106123
0.0116661
0.0117769
0.0110351
0.0110408
0.0116712
0.0110923
0.0113361
0.0111911
0.0112038
0.0115917
0.0112708
0.0113536
0.0113106
0.0113817
0.00862835
0.0114986
0.00978477
0.0103959
0.011519
0.0116623
0.011405
0.0104613
0.0111601
0.0109606
0.0110743
0.0112941
0.0118053
0.0112481
0.0112732
0.0114061
0.0117123
0.0112352
0.0115294
0.0112956
0.011236
0.0113852
0.0116681
0.0116462
0.0114638
0.0113713
0.0112802
0.0112944
0.0113657
0.0116624
0.0113274
0.0113438
0.0115768
0.0116093
0.0115309
0.0105878
0.0108135
0.0108663
0.0106803
0.0107245
0.0112918
0.011343
0.0113746
0.0116059
0.0116361
0.0116325
0.0116016
0.0115074
0.0115645
0.0114069
0.0115503
0.0114109
0.0115587
0.0115363
0.011576
0.00719639
0.00894682
0.0125904
0.0118206
0.0112116
0.0108665
0.0117233
0.0115129
0.0116516
0.0112944
0.0114696
0.0112939
0.0114491
0.0113813
0.0115556
0.01137
0.011383
0.0115665
0.013335
0.0122965
0.0120429
0.0126715
0.0116036
0.0122548
0.0115105
0.0115969
0.0121963
0.0112298
0.0115939
0.0116242
0.0115263
0.0113986
0.0116593
0.0119261
0.0115877
0.0111462
0.011867
0.0118499
0.0118432
0.0113965
0.0113098
0.0117618
0.0115653
0.0114653
0.0113228
0.0114976
0.0115174
0.0114178
0.0116571
0.0117075
0.011256
0.0112848
0.0116094
0.0116411
0.011455
0.0117096
0.0114239
0.0113471
0.0115478
0.0114738
0.0116862
0.0113811
0.0113514
0.0113291
0.0114515
0.0116443
0.0114131
0.0114595
0.0115407
0.0116238
0.0114949
0.0113492
0.0114146
0.0114797
0.0115444
0.0113689
0.0113816
0.0116232
0.0123088
0.0106941
0.0119236
0.0111443
0.0120468
0.0106415
0.0119833
0.0115444
0.0109183
0.0110451
0.0111618
0.0111499
0.00996496
0.00932128
0.0112875
0.0116486
0.0104994
0.0113552
0.0115893
0.0107038
0.0116185
0.0118976
0.0111842
0.011079
0.0111198
0.0117701
0.0117822
0.0113804
0.0117067
0.0115453
0.011459
0.0113697
0.0113105
0.0116977
0.0112789
0.0114071
0.0115196
0.0114755
0.011349
0.0116095
0.0116178
0.0113462
0.0115942
0.0113627
0.0115689
0.0114276
0.0114403
0.0129233
0.0123333
0.0103482
0.0114901
0.0116851
0.0113682
0.0114544
0.012228
0.011958
0.011692
0.0118238
0.0117628
0.0109868
0.0110428
0.0118788
0.0111029
0.0118624
0.011081
0.0117232
0.0118387
0.0111697
0.0118044
0.0111896
0.011318
0.0114215
0.0112128
0.011539
0.0113758
0.0115111
0.0112775
0.011313
0.0115753
0.0115411
0.0116443
0.0112886
0.0114574
0.0116563
0.0113331
0.0113294
0.0113249
