0.0471352
0.0273445
0.0296197
0.029323
0.0318715
0.0327078
0.0326017
0.0324835
0.0324999
0.0324083
0.032422
0.0324294
0.0376473
0.0293184
0.0382221
0.0310359
0.0284456
0.0325616
0.0339139
0.0309586
0.0351173
0.0299528
0.0342631
0.032902
0.0330472
0.0311046
0.0331602
0.0335579
0.0327322
0.0310952
0.0311144
0.0313482
0.0336202
0.0336114
0.03159
0.0335477
0.0322731
0.033447
0.0324855
0.03148
0.0330837
0.0324394
0.0331806
0.031575
0.0329581
0.0331823
0.0316727
0.0317739
0.0326344
0.031963
0.0330133
0.0320714
0.0318885
0.0329929
0.0325002
0.032982
0.0329975
0.0318667
0.032322
0.0322635
0.0319257
0.0327544
0.0320983
0.0319143
0.0328992
0.0328303
0.032271
0.0328213
0.0274096
0.0265654
0.0354915
0.0287196
0.0298598
0.0311024
0.0299662
0.0347423
0.0327642
0.0321419
0.0327655
0.0328184
0.0322664
0.0324657
0.0323356
0.0323546
0.0324662
0.0324418
0.032468
0.0323838
0.0323964
0.0323992
0.0323619
0.032486
0.0324395
0.0323525
0.0323582
0.0324806
0.0324801
0.0324007
0.032483
0.0324822
0.0323982
0.0323722
0.0323727
0.0324167
0.0324542
0.0323872
0.0324333
0.0324376
0.0324386
0.0323939
0.0324521
0.032391
0.0324451
0.032459
0.032461
0.0324079
0.0324437
0.0324345
0.0179303
0.0362991
0.0269509
0.0349067
0.0311101
0.0299457
0.0306594
0.033685
0.0330146
0.032576
0.0328117
0.0326738
0.0326672
0.0326302
0.0325867
0.0324803
0.0324121
0.0325326
0.0323205
0.0324731
0.0323376
0.0324284
0.0323549
0.0324977
0.0323407
0.0324928
0.0324908
0.0324858
0.0323712
0.0324812
0.0324502
0.0324889
0.0324882
0.0324521
0.0324666
0.0324457
0.0323674
0.0324015
0.0324752
0.0324217
0.0324421
0.0324755
0.032471
0.0323852
0.0324671
0.0324361
0.032469
0.0324357
0.0179303
0.0359278
0.0260042
0.0359199
0.0311211
0.0300809
0.0297179
0.0331923
0.0328597
0.0332285
0.0323526
0.0322419
0.0324588
0.0323621
0.0324286
0.0319909
0.0325182
0.0321327
0.0327561
0.0320117
0.0327125
0.0325025
0.0326657
0.0321708
0.0327112
0.0321411
0.0321821
0.0322188
0.0326345
0.0322239
0.0323804
0.0321682
0.0321751
0.0323619
0.0322913
0.0323836
0.0326375
0.0325386
0.0322449
0.0324635
0.0323835
0.0322465
0.0322653
0.0325814
0.0322806
0.0324028
0.0322738
0.0324036
0.0237294
0.0344212
0.0362054
0.0342426
0.0262555
0.0320562
0.0334296
0.032646
0.033703
0.0325667
0.0334753
0.0330146
0.0329023
0.0319608
0.0328986
0.0327871
0.0317472
0.0329162
0.0330928
0.0317578
0.0325152
0.0318078
0.0318177
0.0326265
0.0328926
0.0327229
0.0319274
0.0320448
0.0327725
0.0320114
0.0320216
0.0320479
0.0327748
0.0322943
0.0320811
0.0401034
0.0315262
0.0334511
0.0382774
0.0334466
0.030543
0.03285
0.0303612
0.0323752
0.032372
0.0338162
0.0322001
0.0321242
0.0320701
0.0315409
0.0314044
0.0333551
0.0320568
0.0314959
0.0319196
0.0319201
0.0317933
0.0318739
0.033248
0.0315896
0.0322659
0.0325261
0.0324889
0.0325453
0.031738
0.0324482
0.0330588
0.0329584
0.03292
0.0318209
0.0329598
0.0323901
0.0320441
0.0327042
0.0327486
0.032323
0.0327442
0.0325124
0.0320188
0.0320579
0.0320958
0.0369274
0.0359352
0.031782
0.0312881
0.029383
0.0289131
0.0315229
0.0322613
0.032634
0.0322996
0.0324201
0.032496
0.0324154
0.0325147
0.0326171
0.0324959
0.0325698
0.0322175
0.0325194
0.0324856
0.0325151
0.0322922
0.0324944
0.0323509
0.0324253
0.0325263
0.0325356
0.0324446
0.032332
0.0323541
0.0323321
0.032492
0.0323337
0.032365
0.0324895
0.0324795
0.0323536
0.0324847
0.0324233
0.0323809
0.0324742
0.032363
0.0323631
0.0324486
0.0401034
0.0373515
0.0388875
0.0329557
0.0321844
0.0378509
0.0355623
0.0319506
0.0290606
0.0354196
0.0338162
0.0325131
0.0334019
0.0331309
0.0336568
0.0334644
0.0331092
0.0317577
0.0310863
0.0316277
0.0321602
0.0335287
0.0311299
0.0334711
0.0314099
0.031398
0.0335853
0.0334955
0.0325416
0.0332503
0.0319378
0.0317238
0.0316569
0.0323324
0.0326662
0.0331119
0.0316462
0.0319905
0.0320948
0.0327241
0.0318724
0.0320457
0.0328374
0.0325641
0.0318189
0.0318112
0.0319902
0.0318409
0.0323218
0.032887
0.0322372
0.0322428
0.0323293
0.0329595
0.0328064
0.0319513
0.0327506
0.0319795
0.0237295
0.0239893
0.0353272
0.031382
0.0275926
0.0357696
0.0317356
0.0306131
0.0343039
0.0304284
0.0308472
0.0329888
0.032356
0.0337446
0.0309357
0.0335599
0.0310744
0.0322463
0.032695
0.0316548
0.0328591
0.0323753
0.0205663
0.0379609
0.0367654
0.027161
0.0279817
0.0333183
0.0322453
0.0324253
0.0323209
0.0325013
0.0320952
0.0321127
0.0324743
0.0326077
0.0324922
0.0323496
0.0325521
0.0324841
0.0325359
0.0323057
0.0323535
0.0325281
0.0323413
0.0325342
0.032533
0.0324499
0.0323431
0.0323871
0.0324954
0.0324771
0.0324473
0.0324654
0.0323972
0.0323542
0.0323543
0.0386414
0.0342681
0.0313841
0.0306303
0.0352617
0.0303951
0.0274889
0.0328687
0.0291781
0.0316752
0.032086
0.030592
0.0339117
0.0336446
0.0321739
0.0333553
0.0325507
0.0312726
0.0323794
0.0328998
0.0312828
0.032568
0.0332893
0.0328798
0.0334722
0.0324644
0.0315738
0.0332338
0.0315301
0.0327288
0.0316904
0.0316129
0.032486
0.0331744
0.0316841
0.0319316
0.0325377
0.032781
0.0323044
0.0323358
0.0326526
0.032942
0.0323453
0.0325975
0.0319072
0.0319592
0.0320067
0.0321146
0.0329108
0.0320688
0.0376473
0.0333986
0.0387276
0.036476
0.0357204
0.035299
0.029192
0.0328156
0.0325401
0.0312164
0.0312255
0.0319302
0.0331707
0.0329759
0.0330584
0.0316891
0.0329045
0.0316885
0.0318347
0.0326327
0.0317627
0.0322345
0.0329263
0.0320228
0.031824
0.0329652
0.0328073
0.0324982
0.0328912
0.032518
0.0328275
0.0325261
0.0323781
0.0328121
0.0323211
0.0320767
0.0327022
0.0327042
0.0326624
0.0321547
0.0321144
0.0454761
0.034794
0.0393816
0.0327506
0.0327964
0.0315449
0.031809
0.0323758
0.0319895
0.0320966
0.0326164
0.0325668
0.0322435
0.032153
0.0323522
0.032251
0.0369274
0.0358624
0.0317833
0.0328705
0.0298827
0.0273776
0.0303876
0.03323
0.0336771
0.0328085
0.0331883
0.0324001
0.0327995
0.0332962
0.033458
0.0331652
0.033354
0.0314512
0.0331086
0.0328561
0.0330676
0.0316253
0.0328838
0.0318687
0.0323293
0.0330845
0.033129
0.0325037
0.0318336
0.0319453
0.0318505
0.0328413
0.0318618
0.0320179
0.0328212
0.0327555
0.0319746
0.0327874
0.0323919
0.0321291
0.0327188
0.0320366
0.0320372
0.032556
0.0237294
0.0345436
0.0374445
0.0363634
0.0290685
0.0308662
0.0321426
0.0321803
0.0323344
0.0323232
0.0324702
0.0325563
0.0324138
0.032564
0.0324595
0.0323025
0.0324719
0.0323071
0.0324959
0.0323948
0.0325234
0.0325138
0.0324805
0.0323691
0.0323209
0.0325146
0.0323721
0.0323344
0.0323669
0.0324901
0.0323518
0.0324343
0.0324902
0.0324479
0.0323811
0.0323701
0.0323693
0.0324766
0.0324843
0.0468605
0.0348363
0.0339161
0.0309346
0.0320264
0.0330376
0.0324888
0.0322835
0.0312436
0.0312834
0.0331828
0.0335824
0.0326491
0.0319905
0.0332385
0.0327681
0.0320458
0.0315296
0.0316145
0.03209
0.0330984
0.031743
0.0317212
0.0323701
0.0317309
0.0326771
0.0327793
0.032864
0.0319626
0.0318819
0.0322152
0.0325031
0.0328348
0.0325818
0.0321297
0.0327927
0.0328272
0.0328118
0.0323065
0.032122
0.0322966
0.0326384
0.0326861
0.0327535
0.0327637
0.0327261
0.0583886
0.0336264
0.0335864
0.033266
0.0330595
0.0316673
0.0326377
0.032683
0.0322746
0.0331298
0.0315586
0.032279
0.0327773
0.0319263
0.0319841
0.036382
0.028085
0.0311564
0.0343937
0.0354803
0.0319113
0.0314725
0.03282
0.0336186
0.0325316
0.0339154
0.0331913
0.0311486
0.0335915
0.0336084
0.0332188
0.0325493
0.0324704
0.0314952
0.031505
0.0314834
0.0323692
0.0315541
0.0316238
0.033164
0.0317457
0.0328116
0.0330707
0.0320643
0.0331055
0.0320509
0.0328537
0.0324168
0.0326339
0.0320901
0.0322516
0.0329543
0.0322362
0.0325759
0.0329423
0.0321214
0.0328637
0.0327899
0.0328207
0.0328471
0.032874
0.0323522
0.0326218
0.0327208
0.0328094
0.0320856
0.0321839
0.0327781
0.0321749
0.0320932
0.0325055
0.0321875
0.0322998
0.0323
0.017923
0.0377871
0.0356234
0.0343332
0.0325834
0.0323762
0.0331286
0.0312602
0.03185
0.0314197
0.0325216
0.0329803
0.032296
0.031909
0.0328802
0.0319507
0.0328174
0.0325534
0.0326561
0.0324696
0.0326282
0.0326354
0.0577037
0.0295571
0.030202
0.0315063
0.0322931
0.0326462
0.0317596
0.0334906
0.0333471
0.0328872
0.0320206
0.0315635
0.0324303
0.0317546
0.031817
0.0326504
0.031975
0.416368
0.0326587
0.0352389
0.0319515
0.0322309
0.032613
0.0317984
0.0328972
0.0327497
0.0327521
0.0325813
0.0322996
0.032521
0.0327345
0.0326751
0.032222
0.0323318
0.0324055
0.0255607
0.0283858
0.0326171
0.0330041
0.0331457
0.0326758
0.0301759
0.0309334
0.0322988
0.030597
0.0324574
0.0339731
0.0326788
0.0336203
0.0309492
0.0311481
0.031968
0.0312757
0.0321815
0.0327302
0.0322854
0.0327912
0.0315563
0.033295
0.0331777
0.0331836
0.0319614
0.0319528
0.0317948
0.0325584
0.0330546
0.0318515
0.0324955
0.0320063
0.0318316
0.0319607
0.0318558
0.032958
0.0329299
0.0329558
0.0323836
0.0324614
0.0323856
0.0324784
0.0326657
0.0325937
0.0323546
0.0320114
0.0323749
0.0320408
0.0320169
0.0327679
0.0320587
0.0326516
0.0321974
0.0322848
0.0324625
0.0321142
0.0324121
0.0237294
0.0282017
0.035182
0.0309127
0.0313032
0.0337454
0.0312779
0.0325181
0.0326061
0.0322195
0.0325632
0.0326667
0.0322038
0.0322315
0.0326494
0.0324641
0.03245
0.0321754
0.0322319
0.0322369
0.0325455
0.032298
0.0325038
0.0322869
0.0322649
0.0325692
0.0323558
0.0324541
0.0457448
0.0316478
0.0347156
0.0343091
0.0340775
0.034078
0.0340657
0.0340131
0.0331963
0.0301891
0.0306811
0.0344943
0.0307165
0.0306507
0.0308278
0.0330073
0.0337132
0.0311156
0.0317782
0.0316189
0.032012
0.3285
0.0202112
0.0304645
0.0323277
0.0328634
0.0316091
0.0327246
0.0309549
0.0310481
0.0315741
0.0312843
0.0322949
0.0315304
0.0325415
0.0332078
0.0328241
0.0329834
0.0330239
0.0321433
0.0318917
0.0326738
0.0320023
0.0326206
0.0237294
0.037168
0.0350132
0.0320849
0.0328215
0.0323092
0.030733
0.0305775
0.0328692
0.0335605
0.033243
0.0314933
0.0332746
0.0329861
0.0332054
0.032803
0.0326927
0.033189
0.0330984
0.0324537
0.032996
0.031837
0.0317953
0.0329024
0.0317956
0.0324743
0.0319484
0.0323744
0.0323463
0.0324341
0.0325069
0.0321506
0.0323192
0.0328185
0.0323003
0.0259082
0.0376662
0.030156
0.0347169
0.0325231
0.0326816
0.0326594
0.032072
0.032772
0.0324586
0.0327525
0.0328124
0.0320343
0.0327202
0.0327836
0.0322626
0.0324898
0.0325612
0.0321463
0.0325817
0.032431
0.0323665
0.0325881
0.0541531
0.0352023
0.0296175
0.0331693
0.031284
0.0326509
0.0314099
0.0325605
0.0321931
0.0328585
0.0319103
0.0323479
0.0325554
0.0323174
0.0320739
0.03212
0.0323039
0.0442899
0.027559
0.0274487
0.030611
0.0316609
0.0299056
0.0348714
0.0303715
0.032856
0.0343372
0.0326625
0.0324939
0.0339018
0.0324449
0.0308866
0.0337481
0.0315091
0.0312529
0.0327565
0.0326684
0.0313996
0.0328787
0.0333244
0.0333557
0.0329562
0.031799
0.0316728
0.0318791
0.0332131
0.0327724
0.0326339
0.0317528
0.0322328
0.0331545
0.031778
0.0324782
0.0321794
0.0318517
0.032082
0.0328067
0.0325672
0.0329978
0.0318431
0.0325507
0.0318657
0.0328253
0.0324457
0.0320077
0.0322054
0.0323687
0.0325494
0.031976
0.0320084
0.0325884
0.0324413
0.0326677
0.0324731
0.0327669
0.0325638
0.0327693
0.0321473
0.0320836
0.032188
0.0320561
0.0327683
0.0475502
0.0348699
0.0314035
0.0340198
0.0304959
0.030773
0.0329678
0.0332334
0.0330887
0.0317705
0.0381025
0.035819
0.0322969
0.0333222
0.0333795
0.0301237
0.0333027
0.0323771
0.0334794
0.0321204
0.0333508
0.0316772
0.0316322
0.0329023
0.0331195
0.0330211
0.0317194
0.0318829
0.0318176
0.0325578
0.0323595
0.0322687
0.0329201
0.0328486
0.0329042
0.0328654
0.0319799
0.0320906
0.0322013
0.0326621
0.032191
0.0327428
0.0325345
0.0274105
0.0355227
0.0299505
0.0310306
0.0319757
0.0311932
0.0325211
0.0321835
0.0338361
0.0305959
0.0328815
0.0316383
0.03105
0.033334
0.0311532
0.0318121
0.0325787
0.0333456
0.0322258
0.0332739
0.0318054
0.0316078
0.0331571
0.0330317
0.0316147
0.0330444
0.0316621
0.0331752
0.03175
0.0320292
0.0326508
0.0317891
0.0327022
0.0328818
0.0329402
0.0328258
0.0319059
0.0327629
0.0322794
0.032769
0.032133
