0.0167924
0.0106574
0.00896268
0.00766401
0.0084207
0.00833541
0.00824327
0.00830464
0.00828421
0.00828459
0.00420877
0.00902592
0.00882251
0.0083829
0.00779408
0.00844491
0.00837425
0.00832367
0.00822853
0.0083099
0.00830751
0.00802081
0.00827305
0.00825162
0.00817462
0.00824649
0.00828662
0.0084171
0.00834787
0.00812557
0.00829781
0.00821228
0.00814474
0.00820784
0.00822797
0.00823463
0.0082746
0.00817002
0.00837053
0.0083213
0.00833287
0.00835792
0.00823333
0.00825977
0.00821349
0.00821287
0.00819431
0.00819472
0.00825087
0.00825135
0.00820174
0.00820453
0.00825168
0.00821228
0.00824346
0.00821256
0.00823776
0.00830195
0.00821825
0.00833128
0.00829976
0.00822216
0.00828685
0.00822234
0.00832212
0.00822857
0.00831862
0.00825198
0.00868426
0.00858711
0.00803374
0.00833348
0.00829651
0.00834225
0.00830049
0.00821123
0.00826552
0.00835024
0.00831501
0.00829026
0.00831484
0.0082551
0.00827147
0.0082732
0.00826844
0.00828328
0.0082799
0.00828438
0.00828244
0.00827069
0.00828559
0.00828423
0.00827245
0.00828285
0.00827481
0.00828351
0.00828365
0.00828067
0.00828338
0.00828225
0.00828287
0.00828336
0.0082784
0.00827426
0.00828042
0.00828316
0.00828183
0.00828283
0.00828197
0.00827434
0.00827869
0.0082828
0.0082821
0.00828254
0.00827881
0.00827635
0.00827512
0.00827946
0.00827663
0.00764624
0.00757248
0.00843595
0.00826442
0.00845886
0.00816317
0.00840723
0.00837261
0.00820917
0.00837731
0.00824315
0.00825276
0.00831207
0.00829493
0.00828124
0.00826984
0.00829182
0.00828055
0.0082812
0.00827829
0.00827257
0.00826982
0.00826999
0.00827583
0.00828444
0.00826967
0.00828255
0.00828356
0.00827836
0.00827931
0.0082722
0.00827617
0.00827855
0.00828268
0.00828464
0.00828437
0.0082841
0.00827547
0.00827795
0.00827322
0.00827634
0.00828329
0.00827858
0.00827782
0.00764774
0.00747372
0.00836596
0.00818002
0.00854093
0.00809468
0.00838198
0.00835467
0.00822774
0.0083443
0.00817625
0.0081866
0.00830202
0.00824121
0.00828544
0.00832608
0.0082564
0.00828418
0.00828276
0.00828779
0.00829865
0.00830787
0.0083075
0.00829289
0.00826416
0.00830796
0.00826877
0.00826329
0.00828385
0.00828046
0.00830173
0.00829046
0.00828224
0.00826528
0.00825516
0.00825667
0.00825817
0.00829166
0.00828301
0.00829811
0.00828848
0.00826182
0.00828025
0.00828301
0.00764876
0.00802157
0.00890674
0.00793548
0.00849943
0.00838161
0.00842956
0.00847237
0.00836319
0.00841148
0.00840681
0.00840829
0.00829433
0.00832196
0.00837424
0.00824388
0.0083462
0.00827919
0.00831153
0.00825965
0.00835591
0.0083431
0.00834222
0.00829901
0.00831915
0.00825155
0.00824561
0.00830037
0.00826818
0.00832917
0.00824167
0.00831799
0.00825883
0.0082721
0.00902986
0.00782285
0.00807968
0.00839462
0.00855001
0.00831567
0.00808496
0.00842325
0.00849642
0.00809581
0.00832973
0.00817967
0.0082283
0.00841454
0.00840858
0.00830313
0.00834369
0.00817818
0.00817968
0.0083785
0.00837838
0.00837068
0.00836461
0.00836609
0.0082168
0.00827383
0.0083535
0.0083146
0.00833668
0.0083342
0.00825247
0.008225
0.00821667
0.00828944
0.00832603
0.00827491
0.00822532
0.00829423
0.00832672
0.00826393
0.00824941
0.00832535
0.00832332
0.00826072
0.00824716
0.00909315
0.00808968
0.00844377
0.00817421
0.00857663
0.00845385
0.00823352
0.00841802
0.00817232
0.00838746
0.00837521
0.00838051
0.0082642
0.0082531
0.00827764
0.00829042
0.00828647
0.0082996
0.00827964
0.00828289
0.00826126
0.00827227
0.00826912
0.00826764
0.00826926
0.00828954
0.00829067
0.00829011
0.00828984
0.00827405
0.0082675
0.00827005
0.00828185
0.00828517
0.00828159
0.00827843
0.00828712
0.00827047
0.00827105
0.00828681
0.0082776
0.0082862
0.0082804
0.00827191
0.00828584
0.00828122
0.00827499
0.00977706
0.00859198
0.00863755
0.00845727
0.00840796
0.00840237
0.00828142
0.0083605
0.00798765
0.00828782
0.00829397
0.0082709
0.0082775
0.00806538
0.0083978
0.00825092
0.00835635
0.00819663
0.00841482
0.00841207
0.00812336
0.00812692
0.00839933
0.00833515
0.00816424
0.0082036
0.00836902
0.00831668
0.00825251
0.00818556
0.00817531
0.00825881
0.00832749
0.00827563
0.00822621
0.00823652
0.00818981
0.00825466
0.00826169
0.00835149
0.00833242
0.0083317
0.00834819
0.0082585
0.00821611
0.00832174
0.00829001
0.00827902
0.00825684
0.00829049
0.00833346
0.00823228
0.00831921
0.00829439
0.00822908
0.00831946
0.00829774
0.00822962
0.00823054
0.0105262
0.0170662
0.00655148
0.0111283
0.00885013
0.00809169
0.00888491
0.00891709
0.00877365
0.00867582
0.00868567
0.0086521
0.00853043
0.00863455
0.00820015
0.00823127
0.00860647
0.00858536
0.0081944
0.00849055
0.00818823
0.00846678
0.00841815
0.00635246
0.0107049
0.00891302
0.0090665
0.00893266
0.00875996
0.00821936
0.00826528
0.00829018
0.00830875
0.00828449
0.00830491
0.00829079
0.00830128
0.00829031
0.00829459
0.00828956
0.00827618
0.00829559
0.0082809
0.00826778
0.00828754
0.00827081
0.00829107
0.00829146
0.00827966
0.0082742
0.0082731
0.00828413
0.00828918
0.00827389
0.00827097
0.00828086
0.00827812
0.00827866
0.00792394
0.00793875
0.0081405
0.00787503
0.00828114
0.00825113
0.00814494
0.00830207
0.00828714
0.00803508
0.00842605
0.00844867
0.00842303
0.00824196
0.00810578
0.00812878
0.00812142
0.0082064
0.00840561
0.00817174
0.00841072
0.00825207
0.00821105
0.00826885
0.00837652
0.0082157
0.00833754
0.0082174
0.00817491
0.00836266
0.00818718
0.00824856
0.00819149
0.00835549
0.0082089
0.0082011
0.00827819
0.00835026
0.00824216
0.00825197
0.00823655
0.00825807
0.00830053
0.00829277
0.0082686
0.00832303
0.00830335
0.00822871
0.00822591
0.00823071
0.00826654
0.00829187
0.00782932
0.00794804
0.00909024
0.00880779
0.00811359
0.00877156
0.00849654
0.0084673
0.00812942
0.00821653
0.00840007
0.00816489
0.00824987
0.00830154
0.00821487
0.00821513
0.00837646
0.00832352
0.00831664
0.00831648
0.00834001
0.00826096
0.00830623
0.00829515
0.00828791
0.00823034
0.00828344
0.00828315
0.00823493
0.00825289
0.0083174
0.00832322
0.00824838
0.00826395
0.00831682
0.00829974
0.00831951
0.00830721
0.00824792
0.00825066
0.00824632
0.00439759
0.00518024
0.0127861
0.00857488
0.00864402
0.00839775
0.00836388
0.00834341
0.00832356
0.00836802
0.00824732
0.00833934
0.00832024
0.00833232
0.00831928
0.00831485
0.00784382
0.00930969
0.00835908
0.00819413
0.00834987
0.00862761
0.00836402
0.0082793
0.00849133
0.00813011
0.0081886
0.00831056
0.00817706
0.00820167
0.00818286
0.00830572
0.00820732
0.00818222
0.00839661
0.00823697
0.00830577
0.00825905
0.0083752
0.00831016
0.00836238
0.00823679
0.00829086
0.00833978
0.00821337
0.00831769
0.00822367
0.00827943
0.00831672
0.00826753
0.00833012
0.00833433
0.00823006
0.00822971
0.008289
0.008234
0.0082791
0.00829661
0.00831962
0.00830839
0.00824494
0.00734287
0.0088218
0.00906036
0.00867129
0.00864898
0.00822191
0.00842314
0.00819836
0.00826356
0.00824863
0.00825016
0.00824916
0.0082523
0.00827308
0.0083023
0.00826259
0.00826189
0.00829039
0.00828988
0.00828887
0.00828912
0.00826292
0.00826395
0.00827707
0.00828262
0.00828402
0.00827971
0.00827277
0.00828516
0.00828519
0.00828088
0.00827558
0.00828434
0.00828268
0.00827495
0.00828323
0.00828457
0.00827149
0.00889172
0.00910152
0.00871283
0.00876116
0.00816463
0.00827299
0.00814961
0.00826963
0.00847042
0.00827363
0.0082924
0.00815573
0.00817006
0.00817051
0.00829001
0.0083677
0.00831858
0.00818697
0.00837117
0.00836205
0.00835323
0.00826894
0.00819674
0.00827137
0.00827779
0.00831076
0.00834905
0.00833619
0.00834105
0.0082316
0.00833828
0.00833621
0.00824571
0.00829702
0.00826699
0.00829287
0.00830671
0.00831256
0.0082565
0.00831877
0.0083198
0.00824771
0.00829576
0.00825108
0.00827202
0.00827907
0.00825204
0.144465
0.0139888
0.016642
0.0083418
0.00862946
0.00861505
0.00850908
0.00826832
0.00852602
0.00852875
0.0083431
0.00836985
0.00841138
0.00838321
0.00842748
0.007355
0.00776365
0.00750879
0.00810056
0.0081243
0.00827577
0.0081598
0.00823372
0.008028
0.0082012
0.00833506
0.00828604
0.00825928
0.00812973
0.00826934
0.00814666
0.00818516
0.00833343
0.00816025
0.00816804
0.00830011
0.00836123
0.0083095
0.0081815
0.0081794
0.00818909
0.00819684
0.0083427
0.00819596
0.00823466
0.00820346
0.00821113
0.00824007
0.00823259
0.00821372
0.00830887
0.00829247
0.00821616
0.00823041
0.00832455
0.00823881
0.0082452
0.0082245
0.00830724
0.0083124
0.00823003
0.00824487
0.00823753
0.00829626
0.00823619
0.00824733
0.00823921
0.008238
0.00830364
0.00826205
0.00825328
0.00912157
0.00776985
0.00644606
0.0082667
0.0084091
0.00847527
0.0084586
0.00840137
0.00841699
0.00821522
0.00838441
0.00826193
0.00829807
0.00831322
0.0083712
0.00836221
0.00833162
0.00834172
0.00834676
0.00834213
0.00831231
0.00828088
0.00831712
0.00442146
0.00516786
0.0131138
0.0087404
0.00869237
0.00849054
0.00847105
0.00842932
0.00834635
0.00849006
0.00821206
0.00841653
0.00836463
0.00839348
0.00836842
0.00835796
0.0117512
0.0130989
0.00847833
0.00812895
0.00805123
0.00811027
0.00832052
0.00819419
0.00819825
0.00831479
0.00821321
0.00829483
0.00825823
0.0082114
0.00825818
0.00829892
0.00829877
0.00950464
0.00872465
0.0076941
0.00852672
0.00819706
0.00838673
0.00825151
0.00819797
0.00830415
0.00827263
0.00834188
0.00806283
0.00833599
0.00812752
0.00812911
0.00821186
0.00833859
0.00825017
0.00828115
0.00821064
0.00831376
0.00832342
0.00827553
0.00825696
0.00829963
0.0081856
0.00819513
0.00820271
0.00819891
0.00820071
0.00829169
0.00820765
0.00821542
0.00821603
0.00823854
0.00821706
0.00832283
0.00821432
0.00821483
0.00821824
0.00822811
0.00831727
0.00830984
0.00827621
0.00823179
0.00828756
0.00831928
0.00831925
0.00823609
0.0082353
0.00823592
0.00823629
0.00827212
0.00827524
0.00830571
0.00830335
0.00825116
0.00825486
0.00707624
0.0106818
0.00736891
0.0086164
0.00843502
0.00837189
0.00833942
0.00839128
0.00831641
0.00833452
0.00827663
0.00830879
0.00830924
0.00828011
0.00831077
0.0083112
0.00826869
0.00826123
0.00826134
0.00829431
0.00826102
0.00830421
0.00830431
0.00828762
0.0082698
0.00829999
0.00829283
0.00829886
0.00829853
0.00742465
0.0122329
0.0122582
0.00947575
0.0083209
0.00913304
0.00908151
0.00834211
0.00879227
0.00833383
0.00832252
0.00881946
0.00874457
0.00867207
0.00813225
0.00870617
0.00866627
0.00866075
0.00861667
0.00856261
0.00817895
0.00855266
0.00828995
0.00824608
0.00566345
0.00720058
0.00830661
0.00841261
0.00853863
0.00849698
0.00826598
0.00834988
0.00847132
0.00842827
0.00824069
0.00828983
0.00837826
0.00839596
0.00835996
0.00840955
0.0083794
0.00836616
0.008386
0.00833637
0.00731563
0.00890951
0.00903258
0.00838083
0.00877134
0.00859247
0.00834991
0.00817748
0.00819294
0.00834584
0.00834434
0.00819484
0.00838921
0.00826586
0.00819249
0.00838507
0.00820058
0.00837602
0.0083776
0.00833559
0.00820078
0.00836303
0.00826745
0.00832313
0.00826377
0.008281
0.00825561
0.00834384
0.00826631
0.00827008
0.00833381
0.00827101
0.00832828
0.00826869
0.00830978
0.0109757
0.00604263
0.0092203
0.00817667
0.00838771
0.00809587
0.00811646
0.00833227
0.00816409
0.00828173
0.00821678
0.00823235
0.00820977
0.00826356
0.00824096
0.00822976
0.00822126
0.00824006
0.00823685
0.00823436
0.00825118
0.00823972
0.00962723
0.0136554
0.0047146
0.00868171
0.00854953
0.00839668
0.0083864
0.00839526
0.00837184
0.00825745
0.00834787
0.00831182
0.00826953
0.00833051
0.00866406
0.00867005
0.0084329
0.00790649
0.00855322
0.00841296
0.00806921
0.00820208
0.00837951
0.00838277
0.00824097
0.00840978
0.00818554
0.00843793
0.00813269
0.00817484
0.00826072
0.00828939
0.00839466
0.00835755
0.00836521
0.00815882
0.00830814
0.00830888
0.00828652
0.00837286
0.00817237
0.00817961
0.0081836
0.0083583
0.00831334
0.00821391
0.00819222
0.00833977
0.00820556
0.00827444
0.00834721
0.0083111
0.0083161
0.00822624
0.008309
0.00827992
0.00820957
0.00832477
0.00825371
0.00821714
0.00821838
0.0082183
0.00832104
0.0082195
0.00828537
0.00822582
0.00829324
0.00824484
0.00824002
0.00831819
0.00824395
0.00824691
0.00823875
0.00826167
0.00830145
0.00831168
0.00828359
0.00826536
0.00827922
0.00260588
0.00908925
0.00892622
0.00889559
0.00870276
0.00865243
0.00865735
0.00848078
0.00859802
0.00846263
0.00555152
0.00755676
0.00804706
0.00863864
0.00853398
0.00803917
0.00826504
0.00821035
0.00839286
0.00834222
0.00841514
0.00832654
0.00821168
0.00824222
0.00825803
0.00837919
0.00835211
0.00834842
0.00836415
0.00823042
0.00831879
0.00826538
0.00826126
0.00834623
0.00834342
0.00834481
0.00832654
0.00824585
0.00828836
0.00832617
0.00824949
0.00831881
0.00832085
0.00773942
0.0090556
0.00791613
0.00843648
0.00817006
0.00812291
0.00807622
0.0084879
0.00829028
0.00846085
0.00815689
0.00834375
0.00814617
0.00828825
0.00841294
0.00830417
0.00842257
0.00842222
0.0081638
0.00838967
0.0082311
0.00834019
0.00836142
0.00838048
0.0083475
0.00834087
0.00836923
0.00825505
0.00835863
0.00834732
0.00821959
0.00830466
0.00834393
0.00823448
0.00834658
0.00822046
0.00833886
0.00828271
0.00833821
0.00828511
0.00833328
0.00831786
