0.00692074
0.00833242
0.00843599
0.00732212
0.00696781
0.00749999
0.00730079
0.00738308
0.00738666
0.00735269
0.00737131
0.00777201
0.0128878
0.00463197
0.00696397
0.00487289
0.0106378
0.00619154
0.00733995
0.00762394
0.005704
0.00883725
0.00879351
0.00635815
0.00616453
0.00711252
0.00842674
0.00640776
0.007953
0.00654802
0.00828696
0.00658388
0.00825142
0.00647051
0.00787443
0.00657791
0.00814031
0.00659233
0.00692347
0.00665497
0.00751649
0.00696007
0.0069335
0.006745
0.00676036
0.00680572
0.00679888
0.00783878
0.00685327
0.00700141
0.00684589
0.00759388
0.00778217
0.0076834
0.00709595
0.00709754
0.00696885
0.00700295
0.00775287
0.00706695
0.00734314
0.00710811
0.00699632
0.00773524
0.00721071
0.0074287
0.00762905
0.00770043
0.00771039
0.00768202
0.00763888
0.00629737
0.0116929
0.00631573
0.00770715
0.00542182
0.00627959
0.00684111
0.00677863
0.00693245
0.00759204
0.00707883
0.00742818
0.00722747
0.00728423
0.00729668
0.0073832
0.00740131
0.00737404
0.00741938
0.00728692
0.0074199
0.00742309
0.00731591
0.00737165
0.00732392
0.00732387
0.00740674
0.00741117
0.0074
0.00734167
0.00741408
0.00740999
0.00735903
0.0073301
0.00737309
0.00740093
0.00732846
0.00738414
0.00737394
0.00734592
0.00740092
0.00733201
0.00733386
0.00734452
0.00734465
0.00739294
0.00739307
0.0073473
0.00734219
0.0073373
0.00738834
0.00735057
0.00738214
0.00738555
0.0123745
0.00457039
0.00426905
0.00583925
0.00907945
0.00687668
0.00696284
0.00761252
0.00786361
0.00688117
0.00705405
0.00756884
0.00747847
0.00726897
0.00735494
0.00725932
0.00735047
0.00732157
0.00730759
0.00731509
0.00743597
0.00738993
0.00737902
0.00743205
0.00731851
0.00732173
0.00731807
0.00740803
0.00738754
0.00741324
0.00739919
0.00740526
0.00733594
0.0073538
0.00738309
0.00740525
0.00733444
0.00735342
0.00732993
0.00732849
0.007394
0.00733522
0.00737034
0.00738757
0.00734357
0.00733464
0.00734448
0.0129179
0.00490835
0.00363763
0.00626361
0.0088702
0.00692843
0.0064546
0.00717327
0.00758701
0.00703328
0.0073179
0.00725628
0.00731671
0.00733842
0.00772569
0.00747362
0.00732414
0.00762863
0.00749138
0.00748011
0.00713536
0.00725569
0.00728068
0.00714741
0.00759502
0.00749336
0.00756958
0.00720888
0.00726352
0.00719621
0.00723359
0.00722026
0.00746793
0.0073904
0.00728728
0.0072225
0.00747891
0.00739918
0.00749848
0.00750346
0.0072562
0.00747584
0.00733632
0.00727765
0.00744173
0.00747681
0.00743888
0.0163422
0.00904459
0.0064559
0.0119254
0.00484573
0.00868791
0.00595246
0.00867416
0.00662427
0.00784473
0.00710321
0.0067812
0.00752454
0.0068487
0.00754865
0.0071781
0.00754115
0.00772906
0.00747124
0.00734362
0.00748957
0.00727322
0.00716775
0.00775709
0.00723785
0.00770882
0.0073296
0.00756475
0.00748904
0.00751596
0.00757648
0.00725769
0.00731461
0.00714847
0.00949723
0.00648102
0.00927988
0.00387594
0.00686139
0.00860915
0.0080573
0.00754062
0.00669381
0.00732678
0.00727613
0.00668221
0.00630407
0.00703153
0.00698116
0.00704107
0.00743395
0.00693337
0.0067102
0.00715801
0.00703035
0.00800837
0.00800594
0.00763875
0.00796529
0.00709996
0.00794021
0.00767065
0.00681517
0.0075517
0.00788507
0.00712902
0.00731636
0.00710133
0.00707036
0.00743046
0.00706998
0.00766777
0.00701755
0.00767371
0.00701457
0.00771362
0.00761243
0.00749109
0.00708839
0.00741257
0.0075942
0.00212537
0.011298
0.00682604
0.00966851
0.00518449
0.00841365
0.00735765
0.00782014
0.0071037
0.007814
0.00784353
0.00745677
0.00742204
0.00729776
0.00727482
0.00742191
0.00735244
0.00726319
0.00734918
0.00747406
0.00734374
0.00730578
0.00747604
0.00727822
0.00737878
0.00733936
0.0073225
0.00730597
0.00731838
0.00729243
0.0073067
0.00743309
0.00739858
0.00731019
0.00741264
0.00730987
0.00734595
0.00738925
0.00735369
0.00741884
0.00732367
0.00734786
0.00738883
0.00734991
0.00732159
0.0021533
0.00432096
0.00812639
0.0123352
0.00551957
0.00388758
0.00700086
0.00791543
0.00542189
0.00803385
0.00762135
0.00646176
0.00606891
0.00807651
0.00829974
0.00756462
0.00718777
0.00816556
0.00837224
0.00721804
0.00821562
0.00721954
0.00668941
0.0082478
0.00774935
0.00757673
0.00797956
0.00661589
0.00662264
0.00791929
0.0080387
0.0068713
0.00692226
0.00675373
0.00675607
0.00708286
0.00685962
0.00786573
0.00705102
0.00684975
0.00790864
0.00756821
0.00693065
0.00684303
0.00691381
0.00737263
0.00704761
0.00772089
0.00716477
0.00698179
0.00741912
0.00733968
0.00767887
0.00698004
0.00700172
0.00770125
0.0077107
0.00720242
0.0071018
0.0076903
0.00815087
0.0177173
0.00448387
0.00690998
0.00696548
0.00635695
0.0106936
0.00608951
0.00547673
0.00600866
0.00587232
0.00786029
0.00697403
0.00660852
0.0076778
0.00753326
0.00635782
0.00713539
0.0078183
0.00655324
0.00716252
0.00706745
0.00683139
0.00714665
0.0159493
0.00349452
0.0113135
0.00709943
0.0086214
0.00891753
0.00721862
0.0072951
0.00712781
0.00737036
0.00731308
0.00760141
0.00732855
0.00725798
0.00726861
0.00730527
0.00733075
0.00737606
0.00745002
0.00739482
0.00742406
0.00745852
0.00739936
0.00734582
0.00741196
0.00730195
0.00730881
0.00734213
0.00732254
0.00740621
0.00738267
0.00741524
0.00740413
0.00424441
0.005053
0.00755233
0.00278396
0.00658933
0.0105467
0.00821604
0.00715292
0.00721492
0.00694988
0.00583931
0.00825393
0.00859962
0.00737849
0.0084407
0.00739058
0.00839909
0.00818391
0.00826726
0.00677815
0.00653263
0.00801794
0.00697874
0.0070767
0.00664009
0.00755698
0.00666986
0.00781595
0.00670812
0.0067701
0.00697073
0.00719933
0.00699298
0.00696844
0.00790289
0.00687485
0.00780899
0.0078527
0.00700532
0.00698643
0.00749674
0.00697468
0.00699045
0.00772728
0.00715825
0.0072571
0.0073083
0.00754597
0.00741166
0.00703188
0.00960538
0.00543462
0.00385983
0.00921541
0.00602476
0.00716781
0.00747306
0.00790071
0.00803115
0.00815453
0.00723159
0.00673706
0.00690839
0.00796453
0.00792028
0.00688424
0.0075675
0.00779024
0.00705357
0.00718419
0.00748272
0.00756315
0.00743866
0.00726036
0.00701776
0.00734093
0.00739536
0.00705001
0.00709782
0.00719084
0.00755349
0.0071614
0.00760658
0.00726923
0.00720593
0.00727581
0.00742931
0.0230893
0.00697541
0.00794923
0.00645236
0.00856673
0.00700381
0.00726048
0.00749111
0.007075
0.0075821
0.00748281
0.00752844
0.00733882
0.00752277
0.0075111
0.00752413
0.0019256
0.0111875
0.00569554
0.010591
0.00584316
0.00763924
0.00749892
0.00749428
0.00751146
0.00635371
0.00766267
0.0062029
0.00707297
0.00728175
0.0069956
0.0079666
0.00767662
0.00667414
0.00776219
0.00741976
0.00803769
0.00794082
0.00793808
0.00794859
0.0079139
0.00696536
0.00687448
0.00689003
0.00688028
0.00771792
0.00782852
0.007805
0.00738816
0.00720186
0.00738704
0.00751776
0.0070096
0.0077226
0.00771119
0.00702748
0.00752713
0.00708616
0.00739699
0.00766222
0.00707147
0.00735275
0.00758545
0.0123018
0.00263851
0.00764228
0.0062744
0.00818158
0.00629962
0.00758069
0.00736216
0.00787713
0.00725209
0.00724833
0.00720223
0.00751947
0.00727544
0.00727638
0.00727814
0.0074069
0.00729801
0.00730335
0.00741066
0.00740341
0.00733606
0.00730421
0.00729577
0.00729848
0.00730118
0.00743338
0.00736932
0.00730848
0.00740238
0.00741323
0.00741549
0.00732537
0.00739143
0.00739959
0.00739561
0.00733661
0.00732669
0.00737392
0.00288877
0.0112103
0.0107051
0.00581842
0.00603937
0.00712222
0.00727544
0.0076174
0.00897097
0.00614925
0.00765726
0.00730582
0.00726369
0.00733349
0.00738711
0.00813745
0.00747311
0.00678513
0.00786794
0.00762034
0.00789718
0.00691081
0.00788547
0.00772957
0.00693505
0.00692962
0.00768907
0.00717396
0.00715835
0.00744789
0.00770216
0.00702882
0.00701903
0.00738933
0.00771961
0.00712921
0.00706324
0.00715032
0.00745554
0.00765436
0.00764563
0.00763972
0.00716398
0.00740722
0.00747559
0.00735934
0.00889609
0.00622187
0.00592187
0.00912155
0.00857431
0.00679912
0.0082526
0.00679341
0.00746105
0.00773454
0.00772204
0.00681546
0.00740413
0.00728745
0.00771813
0.00720115
0.00709295
0.00148933
0.00453571
0.00526449
0.00993507
0.00733567
0.00664959
0.00758715
0.00726674
0.00663595
0.00804987
0.00825242
0.00720068
0.00651756
0.00675466
0.00817242
0.00709105
0.00666316
0.00669306
0.00802243
0.0076807
0.00672695
0.00752898
0.00740169
0.0073416
0.00762563
0.00787757
0.00685813
0.00740283
0.00783737
0.00779329
0.00714461
0.00782461
0.00725346
0.00703672
0.00739743
0.00726467
0.00774555
0.00701765
0.00700488
0.00771947
0.00704774
0.00705209
0.00730776
0.00766434
0.00739174
0.00704932
0.00707282
0.00762125
0.00764332
0.00712931
0.00714757
0.00729987
0.00748859
0.00762853
0.00715331
0.0073849
0.00325359
0.00937878
0.00954017
0.0101478
0.00694159
0.0069705
0.00816872
0.00725099
0.00797388
0.00766071
0.00722335
0.00693439
0.00775397
0.00707026
0.00780971
0.00741932
0.00758285
0.00767972
0.00765679
0.00757156
0.00762322
0.00742359
0.00751534
0.0121843
0.00508899
0.00848514
0.00804702
0.00892147
0.00755106
0.00836461
0.0075905
0.00808325
0.00682455
0.00765879
0.00703122
0.00779053
0.00683908
0.00756625
0.00770607
0.00725895
0.00713006
0.0108618
0.0113979
0.00922573
0.00752438
0.00741811
0.00683067
0.00707301
0.00743872
0.00713767
0.00712586
0.00765756
0.00764373
0.00735166
0.00751253
0.00719789
0.00720368
0.00783102
0.00407749
0.00764344
0.00569078
0.00604272
0.00739642
0.00659303
0.00711475
0.00719158
0.00757534
0.00750406
0.00739973
0.00760721
0.00733741
0.00649638
0.0081934
0.00724658
0.0066413
0.00812144
0.00812626
0.00750387
0.00772729
0.00673508
0.00703381
0.00790517
0.00715323
0.00731997
0.00787767
0.0077757
0.00783676
0.00782215
0.00754346
0.00701801
0.00689318
0.00691953
0.00699475
0.00699594
0.00705306
0.00772345
0.00723181
0.0071435
0.00763897
0.00762316
0.00737725
0.0076905
0.00707362
0.00703251
0.00752604
0.00761302
0.00716951
0.00706581
0.00748216
0.00719544
0.00732246
0.00763775
0.00763783
0.00710373
0.00747847
0.00386523
0.0121377
0.00898707
0.00598626
0.00697106
0.00779733
0.00764662
0.0077838
0.00727848
0.00735262
0.00764717
0.00726236
0.00727057
0.00750311
0.0072387
0.00734655
0.00753292
0.00750903
0.00749948
0.00730764
0.00726095
0.00748203
0.00725783
0.00728862
0.00726854
0.00732717
0.00729459
0.00149572
0.0040569
0.00355777
0.00790763
0.0115485
0.00983519
0.00992883
0.00599643
0.00984778
0.00559574
0.00622039
0.00921644
0.00700476
0.00910252
0.00849779
0.0085167
0.00831657
0.00755501
0.00729327
0.00729441
0.000378959
0.0117619
0.00782267
0.00716493
0.00881175
0.00725106
0.00788729
0.00826308
0.00819287
0.006842
0.00795183
0.00808808
0.00806895
0.00763693
0.00776972
0.00781606
0.00773976
0.00718507
0.00700492
0.00719592
0.0076882
0.0136509
0.00587846
0.00814651
0.0106479
0.00680349
0.00937625
0.00740903
0.00608121
0.00743607
0.00687782
0.00654576
0.00666194
0.00786274
0.0075205
0.00670698
0.00798872
0.00727969
0.00775233
0.00753046
0.00779608
0.00692204
0.00691155
0.00691767
0.00752338
0.00734798
0.00772409
0.00772173
0.0074546
0.00762515
0.00710869
0.00769245
0.00706818
0.00762557
0.00757193
0.00924092
0.00560232
0.00695552
0.00633124
0.00696671
0.0075895
0.00717404
0.0075348
0.00708921
0.00716757
0.00709284
0.0070921
0.00763352
0.00732572
0.00751281
0.00716398
0.0071636
0.00748275
0.00745767
0.00725147
0.00721972
0.00258195
0.0138205
0.00916726
0.00703404
0.00748819
0.00836249
0.00752592
0.00705663
0.00727917
0.00732538
0.00711382
0.00773241
0.00710878
0.00719954
0.00724468
0.00733958
0.00758837
0.0075844
0.00268189
0.00478549
0.00422491
0.0111863
0.00850157
0.00790233
0.00649648
0.00830825
0.00634908
0.00893413
0.00743585
0.00627211
0.00746843
0.00865137
0.00618566
0.00702215
0.00772163
0.00682914
0.00825556
0.00768583
0.00768277
0.00703044
0.00809882
0.00725619
0.00701015
0.00760309
0.00690298
0.00785378
0.00686087
0.00709294
0.00689801
0.00731496
0.0068787
0.007337
0.00689858
0.00754849
0.00698536
0.00777292
0.00758766
0.00781875
0.0077922
0.00719419
0.00776757
0.00775161
0.00769987
0.00698613
0.00757116
0.00733555
0.00764647
0.0075001
0.0071246
0.00710125
0.00760856
0.0070491
0.00745025
0.00765447
0.00764754
0.0071635
0.00708049
0.00761837
0.00736296
0.00758844
0.00726279
0.0257665
0.00832613
0.00556893
0.00689958
0.00862602
0.00818393
0.00679809
0.00810237
0.00785969
0.00790669
0.0108235
0.00947823
0.00549678
0.00617034
0.00712192
0.00688182
0.00740415
0.00746596
0.00647863
0.00731232
0.00660508
0.00724694
0.00693259
0.00670781
0.00761411
0.00721865
0.00762205
0.00679822
0.00692079
0.00779422
0.00782102
0.00775165
0.00699295
0.00744889
0.00715484
0.00701321
0.00770496
0.00762534
0.00767884
0.00707608
0.00737869
0.00752882
0.00762493
0.0071248
0.00724471
0.0136231
0.0158833
0.00855514
0.0108997
0.00460463
0.00853588
0.00559769
0.00714108
0.00742304
0.00887612
0.00781863
0.0073041
0.00814638
0.00786927
0.00699126
0.00665231
0.00769111
0.00817949
0.00812269
0.00744632
0.00679474
0.00807078
0.00806895
0.007406
0.00697243
0.00699673
0.00776832
0.00786756
0.00785254
0.00784914
0.00781037
0.0075772
0.00696254
0.00730514
0.00698906
0.00753601
0.00774725
0.0073918
0.0077088
0.00756052
0.00713636
