0.0277661
0.0277147
0.0276246
0.0276556
0.0276547
0.027634
0.0276509
0.0276567
0.0276677
0.0276477
0.0276626
0.027637
0.0276351
0.0276521
0.0276304
0.0276396
0.0276385
0.0276346
0.027658
0.0276425
0.0276344
0.0276589
0.0276591
0.027656
0.0276349
0.0276574
0.0276408
0.0276566
0.0276558
0.0276389
0.0276551
0.027647
0.0276546
0.0276504
0.0276418
0.0276476
0.0276535
0.0276492
0.0276385
0.027648
0.0276449
0.0276467
0.0276451
0.0276453
0.0276404
0.0276449
0.0275408
0.02778
0.0276225
0.0280106
0.0275308
0.027466
0.0278384
0.0276603
0.0278485
0.0275094
0.0278427
0.027588
0.0277265
0.0277968
0.0278047
0.027542
0.0277811
0.0277164
0.0276464
0.0277079
0.027686
0.0277435
0.0277425
0.0277222
0.027579
0.0276932
0.0277168
0.0276634
0.0275832
0.0275896
0.0277067
0.0275904
0.0277076
0.0276065
0.0276502
0.0276526
0.0276924
0.0276671
0.0276473
0.0276881
0.0276446
0.0276446
0.0276222
0.0273912
0.0277631
0.0273812
0.0274179
0.0275343
0.0275466
0.0277831
0.0276648
0.0274562
0.0274639
0.0274876
0.0277651
0.0277304
0.0275371
0.0275258
0.0275543
0.0275247
0.0276994
0.0275421
0.0276508
0.027559
0.0275438
0.02755
0.0276595
0.0276907
0.0275791
0.0276828
0.0275763
0.0276932
0.02757
0.0276717
0.0275913
0.0276414
0.027696
0.0276908
0.0276396
0.0276184
0.0276003
0.0275957
0.0276701
0.027602
0.0276446
0.0276446
0.0276337
0.0275348
0.0277069
0.0274678
0.0275365
0.027596
0.0276016
0.0277286
0.0276544
0.0275482
0.0275319
0.0275582
0.0277238
0.027695
0.0275861
0.0275637
0.0275944
0.0275721
0.0276774
0.0275835
0.0276482
0.0275938
0.0275813
0.0275821
0.0276536
0.0276737
0.0276046
0.0276688
0.0275972
0.0276763
0.0275956
0.0276619
0.0276108
0.0276426
0.0276798
0.0276761
0.0276414
0.0276276
0.0276154
0.0276116
0.0276615
0.027615
0.0104864
0.0276446
0.0275856
0.0275258
0.0274353
0.0277123
0.0274731
0.0274594
0.0274958
0.0274991
0.0276313
0.0275123
0.027691
0.0275213
0.0275665
0.0275408
0.0276243
0.0275729
0.0275633
0.0276619
0.0275641
0.0275952
0.0275994
0.027609
0.0276419
0.0276446
0.0276446
0.0276424
0.0275348
0.0276424
0.0276444
0.0276435
0.0276945
0.0277043
0.0275812
0.0276245
0.0275842
0.0276673
0.0276564
0.0276874
0.027597
0.0276635
0.0276812
0.027663
0.0276038
0.0276782
0.0276062
0.0276086
0.0276763
0.0276107
0.0276606
0.0276698
0.027639
0.0276563
0.0276659
0.0276522
0.027618
0.0276227
0.0276326
0.0276264
0.0276245
0.027633
0.0276554
0.0276291
0.0276608
0.0276603
0.0276302
0.0276271
0.0276462
0.0276446
0.0273795
0.0274895
0.027568
0.0272828
0.0274722
0.0273936
0.0275107
0.0275437
0.0275754
0.0274517
0.0276826
0.0276531
0.0275293
0.0275416
0.0275816
0.0276402
0.0275571
0.0276942
0.0276018
0.0275685
0.0275727
0.027569
0.0275853
0.0275916
0.0275804
0.0276484
0.0275832
0.027592
0.0276446
0.0276446
0.0277225
0.0276466
0.0276775
0.0276546
0.0276558
0.0276308
0.0276551
0.0276656
0.0276505
0.0276335
0.0276341
0.0276518
0.0276585
0.0276615
0.0276318
0.0276456
0.027653
0.0276429
0.0276563
0.0276576
0.0276574
0.027637
0.0276462
0.027639
0.0276559
0.027655
0.0276394
0.0276539
0.0276542
0.027654
0.0276478
0.0276377
0.0276525
0.0276381
0.027644
0.0276412
0.0276453
0.0276516
0.0276512
0.0276476
0.0276508
0.0215471
0.0275873
0.027379
0.0272885
0.0274754
0.0274956
0.0274659
0.0275298
0.0275907
0.0276119
0.0275705
0.0275715
0.0276446
0.0273254
0.0274685
0.027225
0.0267964
0.0269522
0.0272264
0.0271056
0.0273014
0.0271733
0.0273257
0.0272417
0.0272903
0.0273153
0.0273232
0.0276055
0.0274523
0.0275871
0.0274037
0.027423
0.0274599
0.0275647
0.0276098
0.0275269
0.0275068
0.0275784
0.0275647
0.0275217
0.0276446
0.0276446
0.0276447
0.0276419
0.0276449
0.0276972
0.0276841
0.027675
0.0276448
0.0276747
0.0276765
0.0276619
0.0276296
0.027664
0.0276693
0.0276606
0.027658
0.0276455
0.0276598
0.0276512
0.0276355
0.0276607
0.0276499
0.0276612
0.0276619
0.0276613
0.027635
0.0276603
0.0276305
0.0276578
0.0276363
0.0276554
0.0276327
0.0276572
0.0276553
0.0276339
0.0276565
0.0276438
0.0276525
0.0276395
0.027637
0.0276413
0.0276361
0.0276516
0.0276446
0.0276446
0.027637
0.0276378
0.0274256
0.0275386
0.0275513
0.0275127
0.0275181
0.027703
0.0276842
0.0275772
0.0275589
0.0276762
0.0276097
0.0275641
0.0276003
0.0275774
0.0276638
0.0276552
0.0276028
0.0275934
0.0275977
0.0276124
0.0276201
0.027636
0.0276036
0.0273098
0.0229019
0.0267588
0.0277212
0.0257696
0.026301
0.0275448
0.0268529
0.0268567
0.0269067
0.0271506
0.0270529
0.0272518
0.0273941
0.0276446
0.0275387
0.0275821
0.0276139
0.0274516
0.0275707
0.0275302
0.027584
0.0275989
0.0276125
0.0275501
0.0276673
0.0276508
0.0275856
0.0275818
0.0276126
0.0276435
0.0275917
0.0276751
0.0276222
0.027598
0.0276007
0.0276025
0.027612
0.0276154
0.0276072
0.0276475
0.0276084
0.0276124
0.0276446
0.0276446
0.027083
0.0273104
0.0269856
0.0272827
0.0276801
0.0271221
0.0273684
0.0272067
0.0273149
0.0274854
0.0274276
0.0276592
0.0274614
0.0274097
0.0274536
0.0274445
0.0274695
0.0275064
0.0274747
0.0274804
0.0275882
0.0275358
0.0275362
0.0275219
0.0276255
0.0276924
0.0276058
0.0275519
0.0276446
0.0276446
0.0277385
0.0274576
0.0276193
0.0276215
0.0276889
0.0275851
0.0276118
0.0275955
0.0275778
0.027587
0.0275888
0.0276474
0.0275906
0.0276054
0.027601
0.027599
0.0276034
0.0276037
0.0276138
0.027608
0.027619
0.0276603
0.0276182
0.0276593
0.0276195
0.0276578
0.0276446
0.0273488
0.0256653
0.0260844
0.0259909
0.0258481
0.0261725
0.0274229
0.0270972
0.0270633
0.0273927
0.026879
0.0270533
0.0272893
0.0276446
0.0276524
0.0276471
0.0276919
0.0276536
0.0277275
0.027716
0.0276522
0.0276538
0.0276309
0.027662
0.0276177
0.0277003
0.0276797
0.0276805
0.027672
0.0276877
0.027657
0.0276814
0.0276807
0.0276829
0.0276812
0.027639
0.0276787
0.0276505
0.0276732
0.0276747
0.0276744
0.0276719
0.0276701
0.0276671
0.0276655
0.0276683
0.0276329
0.0276294
0.0276668
0.0276647
0.0276654
0.0276641
0.0276435
0.0276453
0.0276609
0.0276616
0.0276414
0.0276603
0.026658
0.0267095
0.0271315
0.0274098
0.0270948
0.0276542
0.0271808
0.0274952
0.0275388
0.0273102
0.0273436
0.0273882
0.027409
0.0274372
0.0243211
0.0269616
0.027704
0.0263353
0.026677
0.0275652
0.0270375
0.0270412
0.0270777
0.0272611
0.0271845
0.0273359
0.0274439
0.0276431
0.0270448
0.0247307
0.0260086
0.0246815
0.0274293
0.0272653
0.0263344
0.0267334
0.0275451
0.0271105
0.027366
0.026985
0.0271743
0.0276446
0.0284727
0.0276373
0.0276506
0.0277282
0.027659
0.0276728
0.0276277
0.0276826
0.0276982
0.027715
0.02768
0.0276467
0.0276612
0.0276135
0.0276565
0.0276677
0.0276915
0.0276383
0.0276665
0.0276819
0.0276776
0.027682
0.0276533
0.0276478
0.0276664
0.0276557
0.0276704
0.0276582
0.0276512
0.0276511
0.0276673
0.0276709
0.027669
0.0276558
0.0276665
0.0276443
0.0276645
0.0276601
0.0276637
0.0276637
0.0276349
0.0276446
0.0263403
0.0265088
0.0277253
0.026806
0.0269306
0.0274915
0.0271559
0.0272108
0.0273836
0.0273108
0.0275078
0.0273811
0.0275586
0.0275778
0.0276446
0.0271092
0.0272983
0.0273366
0.0273434
0.0275062
0.0274462
0.0276763
0.0276565
0.0275196
0.027508
0.0275308
0.027505
0.0275931
0.027567
0.0273197
0.0270372
0.0269249
0.02773
0.0271277
0.0268131
0.0274982
0.0277062
0.0272859
0.0272426
0.0273231
0.0273895
0.0124037
0.0276446
0.027596
0.0275388
0.0274661
0.0277046
0.0274957
0.0274834
0.027513
0.027517
0.0276322
0.027528
0.027686
0.0275353
0.0275749
0.0275521
0.027626
0.0275805
0.0275717
0.0276599
0.0275724
0.0276001
0.0276038
0.0276123
0.0276418
0.0276446
0.0198103
0.0262701
0.0255685
0.0249019
0.0272848
0.0269255
0.0265955
0.0272813
0.0275303
0.0270413
0.0272092
0.0272175
0.0272338
0.0276398
0.0222692
0.0254696
0.0268167
0.0253308
0.0257158
0.0266096
0.0262457
0.0273564
0.0274666
0.0273372
0.0270062
0.0273005
0.0271575
0.0285248
0.0276446
0.0276448
0.0277407
0.0276663
0.0276357
0.0276661
0.0276597
0.0277095
0.0276979
0.0276801
0.0276975
0.027671
0.0276794
0.0276351
0.0276454
0.0276777
0.0276804
0.0276815
0.0276425
0.0276719
0.0276678
0.0276232
0.0276508
0.0276275
0.0276374
0.0276691
0.0276638
0.0276663
0.0276341
0.0276599
0.0276658
0.0276374
0.027666
0.0276543
0.0276311
0.0276618
0.0276423
0.027634
0.0276598
0.0276597
0.0276397
0.0276427
0.0276446
0.027458
0.0271533
0.0274255
0.0274003
0.0274915
0.0275092
0.0277175
0.027454
0.0275281
0.0274627
0.0275212
0.0276389
0.027478
0.0276103
0.027496
0.027541
0.0275448
0.027581
0.0275997
0.0275636
0.0275568
0.0275584
0.027551
0.0275804
0.0276561
0.0276473
0.0276031
0.027607
0.0271556
0.0276241
0.0276056
0.027551
0.0276037
0.0276232
0.0276695
0.0276207
0.027656
0.0276131
0.0275643
0.0275977
0.0276555
0.0276024
0.0275867
0.0275965
0.0276368
0.0275953
0.0276015
0.0276
0.027616
0.0276099
0.0276357
0.0276186
0.027612
0.0276217
0.0276167
0.0276366
