0.00192732
0.00193251
0.00186025
0.00178464
0.0019351
0.00177757
0.00180818
0.001919
0.00173808
0.0021194
0.00205645
0.00180613
0.00179687
0.00209817
0.00183809
0.00183175
0.00187637
0.00206994
0.00185797
0.00193592
0.00204163
0.00195683
0.00200669
0.00190819
0.00204045
0.00189249
0.00185601
0.0019941
0.0019512
0.00198027
0.00202222
0.00201129
0.00187625
0.00188938
0.00199951
0.00194978
0.00188727
0.00200612
0.00192122
0.00193418
0.00196543
0.00188934
0.00192241
0.00191416
0.0019572
0.00138091
0.00250221
0.000694382
0.000793208
0.000414205
0.000314377
0.000120943
0.00383265
0.003618
0.000485446
0.0032258
0.000543506
0.00324385
0.000668531
0.00151092
0.000936226
0.000998663
0.00278601
0.000819971
0.00174983
0.00233069
0.00287947
0.00103449
0.00281307
0.00225397
0.00152422
0.00269815
0.0026572
0.00262867
0.00260463
0.00251831
0.00260017
0.0017406
0.00243758
0.00140124
0.00244583
0.00202423
0.00155123
0.00150167
0.00147192
0.00219747
0.0015053
0.00179214
0.00178495
0.00194228
0.00507686
0.000859934
0.00375322
0.000781798
0.00402664
0.00396137
0.00184783
0.00184339
0.00316931
0.00315752
0.000378607
0.000409872
0.00164436
0.0024478
0.0025433
0.000855262
0.00148602
0.00295763
0.00293774
0.000906103
0.00284341
0.00101738
0.00275894
0.00226014
0.00259913
0.00145094
0.00121518
0.00261644
0.00124688
0.00247833
0.00258361
0.0018162
0.00176212
0.00194905
0.00197805
0.00143686
0.00151811
0.00165311
0.00148223
0.00212415
0.00171515
0.00154161
0.00194401
0.00409564
0.0014938
0.00286226
0.000424587
0.00320436
0.00312548
0.0019035
0.00190097
0.00257034
0.00256865
0.00113024
0.00102498
0.00179442
0.00220452
0.00226987
0.00131137
0.00169401
0.00264525
0.00257094
0.00126189
0.00256028
0.00132391
0.00251201
0.002133
0.0023599
0.00164173
0.00147415
0.0023879
0.00146645
0.00228929
0.00237783
0.00186439
0.00182968
0.00194762
0.00196605
0.00160381
0.00166514
0.00175635
0.00163314
0.00206199
0.00179496
0.00167187
0.00194515
0.00263145
0.00213246
0.000392084
0.000811812
0.00174794
0.000758332
0.000929666
0.00129855
0.0027648
0.00108684
0.00208416
0.00156367
0.00219796
0.00176122
0.00150428
0.00232657
0.00139405
0.00190156
0.00142733
0.00145903
0.00175047
0.00211527
0.00161088
0.00196104
0.00159216
0.00223374
0.00223926
0.00175402
0.00168721
0.000148806
0.000649839
0.00101198
0.00192961
0.00190345
0.00140328
0.00126811
0.00246222
0.00154663
0.00181398
0.00193492
0.00141607
0.00216488
0.00143836
0.00209774
0.00202406
0.00228803
0.00152722
0.00193661
0.00165282
0.00212049
0.00162514
0.00167142
0.00179545
0.00225074
0.00214006
0.00201095
0.00215597
0.00221826
0.00220443
0.00168547
0.00173526
0.00207412
0.00189759
0.00173288
0.00173415
0.00174787
0.00183887
0.00191506
0.00182952
0.00176335
0.0019262
0.00192669
0.00184829
0.00136816
0.00199106
0.00399163
0.00183666
0.00348937
0.000684938
0.00290188
0.0018984
0.000561687
0.00223715
0.000690522
0.00231714
0.000922716
0.00251769
0.00104249
0.00266166
0.00241013
0.00205557
0.00184321
0.0024941
0.00252784
0.00233714
0.00143459
0.00206521
0.00232793
0.00186923
0.00188783
0.00196851
0.00230782
0.00200137
0.00217461
0.00198111
0.00184643
0.00206447
0.00177575
0.00191676
0.00197833
0.00193332
0.00197802
0.00187905
0.00180315
0.00185164
0.00208177
0.0020201
0.00181924
0.00190305
0.00206542
0.00183328
0.00205559
0.00184353
0.00195263
0.00194476
0.00186191
0.00201915
0.00186047
0.00190456
0.00186138
0.00187399
0.00195896
0.001953
0.0019343
0.00196991
0.00192146
0.00188918
0.0018865
0.00189047
0.00188996
0.00189709
0.00193527
0.00136655
7.42675e-05
0.00188739
0.00167641
0.00125199
0.00221962
0.00144676
0.00136314
0.0023542
0.00150963
0.00226264
0.00210103
0.00194809
0.00188033
0.00190365
0.00355472
0.000318742
0.00282899
0.00255068
0.00157033
0.000751019
0.00157339
0.000832725
0.000411447
0.00317812
0.000271185
0.00300666
0.00203743
0.00193123
0.00299463
0.00185613
0.00170265
0.00272002
0.00104509
0.00250517
0.00254947
0.00153042
0.00256326
0.00198295
0.00210437
0.00235362
0.00244052
0.00231849
0.00194517
0.00194451
0.00194084
0.0022362
0.00192835
0.00226788
0.00232455
0.00229557
0.00228315
0.00217672
0.0018404
0.00194025
0.00203789
0.00193039
0.00214271
0.00200534
0.00192293
0.00173684
0.0021591
0.00206795
0.00198206
0.00175695
0.00182104
0.00178515
0.0019075
0.00210063
0.00179961
0.00194217
0.00192442
0.00180228
0.00194791
0.00181376
0.00200755
0.00204835
0.00201811
0.00188168
0.00204647
0.00204615
0.00185386
0.00198875
0.00203969
0.00202178
0.00199886
0.00202864
0.00138731
0.00193482
0.00192893
0.00134744
0.00275752
0.00170308
0.00100358
0.00240033
0.00201664
0.00143255
0.00150169
0.00235067
0.00222748
0.00230238
0.00141461
0.00181559
0.00239823
0.00155004
0.00182941
0.0022842
0.00195695
0.00161495
0.00162281
0.00168645
0.00206601
0.00189642
0.00174072
0.00162396
0.00170798
0.00269113
0.00179649
0.000674824
0.000361523
0.00346875
8.18113e-05
0.000371647
0.000332301
0.00169539
0.00133651
0.000759574
0.000970578
0.00262682
0.00194478
0.00122476
0.000623601
0.00121766
0.00205091
0.00232197
0.00270153
0.00103647
0.00266255
0.00201468
0.00261708
0.00215546
0.00231631
0.00232862
0.00139124
0.00139388
0.00143366
0.00211301
0.00147414
0.00157045
0.00191391
0.00154589
0.00188199
0.00159585
0.00163435
0.00224928
0.00222809
0.00216403
0.00168678
0.0021952
0.00479842
0.00292158
0.00108771
0.000999338
0.0027311
0.00261107
0.000303417
0.00349277
0.00344818
0.00330387
0.000534922
0.00309865
0.000786052
0.000880552
0.00284504
0.000781016
0.00283867
0.00279723
0.00189323
0.00233442
0.00195762
0.00230018
0.00204557
0.00174594
0.00127026
0.00147454
0.0017508
0.00188568
0.00152121
0.0035634
0.00194846
0.00171777
0.00262511
0.0020127
0.00266923
0.00247007
0.00184882
0.00175604
0.00235227
0.00246812
0.00243065
0.00146858
0.00211456
0.00218813
0.00160243
0.0016719
0.00229241
0.00230478
0.00165648
0.00225665
0.00222606
0.00165955
0.00175614
0.00209543
0.00209723
0.00209715
0.00175465
0.00213508
0.00263232
0.00460636
0.00182189
0.00103249
0.00188051
0.00112664
0.00028257
0.000435454
0.00119071
0.00172796
0.00234382
0.000637189
0.000995291
0.00105129
0.00256733
0.00201598
0.00260323
0.00159383
0.00190834
0.00176273
0.00188531
0.00177018
0.0020748
0.00152982
0.00204255
0.00165487
0.00222061
0.00166545
0.00198832
0.00161714
0.00192614
0.0016998
0.00172384
0.00223112
0.00190628
0.00214459
0.00192149
0.00212103
0.00171157
0.00213862
0.00182379
0.00208302
0.00214546
0.00199265
0.00212286
0.00177687
0.00194786
0.00183283
0.00178844
0.00204299
0.00197333
0.0020792
0.00185458
0.002047
0.00183606
0.00187161
0.00183812
0.00205344
0.00366866
0.00192954
0.00106993
0.00299665
0.0012745
0.000706499
0.00168585
0.0008427
0.000853708
0.00261421
0.00236415
0.00126396
0.00195759
0.00190315
0.00164372
0.00175201
0.00128913
0.00066079
0.00104435
0.000294333
0.0031547
0.000344674
0.000689414
0.000669429
0.00175261
0.00147481
0.00101087
0.00118181
0.0024966
0.00192185
0.000926446
0.00223091
0.00457423
0.00185973
0.00172239
0.00127338
0.00250723
0.000346531
0.00260373
0.000400496
0.000308405
0.000805617
0.00194498
0.00180391
0.00226287
0.00198082
0.0025784
0.00193048
0.00255508
0.00212035
0.0014519
0.00149656
0.00152007
0.00227817
0.00196986
0.00233563
0.00233757
0.00164008
0.00167231
0.00225727
0.00224106
0.00220327
0.00209004
0.00219827
0.00220372
0.00190315
0.00183306
0.00216834
0.00177726
0.00174245
0.00176853
0.00207178
0.00182063
0.0021317
0.0019991
0.00191271
0.00185461
0.00205279
0.00207687
0.00183148
0.00193336
0.00181212
0.00192317
0.000148138
0.00272961
0.00180266
0.0032265
0.00319088
0.000297741
0.00213603
0.000680823
0.00135487
0.000947839
0.00139865
0.0012534
0.00150338
0.00138107
0.00233033
0.00174207
0.00112401
0.00151831
0.00215881
0.00185976
0.00146739
0.00225649
0.00220052
0.00188926
0.00171413
0.00165332
0.00166951
0.000346654
0.000854187
0.00025658
0.000370803
0.000292123
0.000767347
0.00100186
0.000704523
0.00146489
0.00118968
0.00245799
0.00362748
0.0019048
0.00288096
0.000620551
0.00222624
0.00219948
0.00116791
0.0010256
0.00197487
0.00187771
0.00227104
0.00123837
0.00189
0.00133973
0.00193249
0.00207049
0.00243626
0.00229726
0.00173264
0.00155638
0.00159599
0.00163084
0.00166455
0.0015851
0.00173284
0.00221461
0.00164403
0.0020678
0.00219375
0.00180023
0.0233805
0.000539979
0.0053858
0.0015405
0.000324301
0.000709018
0.00132843
0.00114777
0.000457303
7.97904e-05
0.00265359
0.0017734
0.000761749
0.00222961
0.000254185
0.000182647
0.00376518
0.00303911
0.00206372
7.65512e-05
0.00286873
0.000436189
0.00169012
0.00115303
0.00173836
0.00256967
0.00194403
0.00224382
0.00180767
0.00195065
0.00237488
0.00149909
0.00216492
0.00155478
0.00180247
0.00197805
0.00219474
0.00223204
0.00184015
0.00181108
0.00216576
0.00207164
0.00182407
0.00213644
0.0021989
0.00174116
0.00215416
0.00215163
0.00194496
0.00181297
0.00200946
0.001775
0.00176563
0.00179591
0.00199631
0.00178125
0.00199766
0.0020493
0.00201733
0.00197036
0.00182617
0.00201843
0.00185544
0.00205289
0.00192821
0.00189741
0.00185566
0.00184756
0.00184383
0.00194433
0.00177052
0.000616391
0.00203533
0.00142556
0.00208055
0.00227984
0.0017458
0.00288129
0.000959409
0.00196047
0.00160532
0.00226612
0.00127024
0.00125648
0.00123845
0.00257329
0.00183849
0.00203123
0.00138904
0.00221018
0.0016431
0.00175043
0.00166502
0.0022771
0.00209436
0.00199298
0.00165016
0.00194309
0.00265608
0.00194416
0.00277418
0.0014938
0.00129894
0.00218603
0.00138986
0.00228325
0.0018934
0.00141872
0.00144837
0.00169091
0.00235456
0.00231923
0.00231372
0.00230437
0.00170725
0.00167732
0.00161551
0.00168741
0.00219964
0.00169587
0.00180855
0.0017057
0.00199758
0.00185117
0.00211315
0.00174777
0.00205196
