0.150135
0.0369137
0.0112641
0.0154869
0.178208
0.0337642
0.0114353
0.0158134
0.020523
0.0171155
0.0205016
0.0201277
0.0198545
0.017901
0.0174649
0.0203125
0.0163783
0.019625
0.017707
0.0179754
0.0198934
0.019497
0.0200221
0.0183416
0.0188319
0.0198796
0.018603
0.0195695
0.0191699
0.0195046
0.0189995
0.0193568
0.0188963
0.0197023
0.0197711
0.0192477
0.0193201
0.0191597
0.0254868
0.0160207
0.016088
0.023233
0.0169197
0.0171732
0.0206422
0.0173474
0.0180069
0.0178679
0.0217382
0.0209636
0.0211545
0.0182693
0.018211
0.0184673
0.0201607
0.0191043
0.0203031
0.0194733
0.0202971
0.0187936
0.0188055
0.0200765
0.0199331
0.0199861
0.0191644
0.0189828
0.0199036
0.0199495
0.0193014
0.0197023
0.019831
0.0190138
0.0191397
0.0190471
0.0191617
0.0198398
0.0198117
0.0190796
0.019722
0.0192127
0.0197887
0.0196327
0.0191256
0.0194334
0.0197362
0.0191585
0.0197193
0.0195737
0.01971
0.019701
0.0193913
0.0195624
0.0196735
0.11874
0.0126758
0.0210283
0.019873
0.0193842
0.0127128
0.015985
0.0143394
0.0203156
0.0204739
0.0164448
0.0177628
0.0184209
0.0174073
0.0174522
0.0174105
0.0200409
0.0182594
0.0186688
0.0187526
0.018378
0.0188299
0.0193713
0.0198638
0.0188628
0.0189775
0.0188489
0.0189174
0.149603
0.0155157
0.0169168
0.0171913
0.0172654
0.0202392
0.0157765
0.0152353
0.0198782
0.0163309
0.0196468
0.0201494
0.0182107
0.0175373
0.0176097
0.019571
0.0194361
0.0189891
0.0199681
0.0199433
0.0192799
0.0190237
0.0187267
0.0191015
0.0196495
0.0189724
0.0190282
0.379609
0.0197063
0.013382
0.0166385
0.0199848
0.0192449
0.0158152
0.0150388
0.0175799
0.0177707
0.0191394
0.017152
0.0183073
0.0198319
0.018105
0.0180116
0.0182414
0.0184676
0.0184065
0.0192853
0.1632
0.0160863
0.0152158
0.0147086
0.0162663
0.0197801
0.0200023
0.0190137
0.0171644
0.0200858
0.019605
0.0164354
0.0175273
0.0197128
0.0195589
0.0180382
0.0198426
0.0186668
0.0188349
0.0198885
0.0183841
0.0191262
0.0186106
0.0195465
0.0190542
0.0187028
0.241055
0.104784
0.0281198
0.0204807
0.0162751
0.0187449
0.0168055
0.0167544
0.017911
0.0168159
0.0184237
0.0187986
0.0202464
0.0203245
0.0169824
0.0185845
0.0198789
0.0182397
0.0186098
0.0192505
0.0198246
0.0186109
0.0191599
0.0187446
0.019169
0.0186748
0.0195601
0.139612
0.046824
0.00825526
0.00287002
0.0206472
0.0129474
0.0205425
0.0143204
0.0205366
0.0205273
0.018722
0.0202305
0.0203059
0.020309
0.0181671
0.0198301
0.0183543
0.0184552
0.0199708
0.0200356
0.01846
0.0198694
0.0185221
0.0187743
0.0189122
0.0195209
0.0188256
0.0196421
0.19666
0.063895
0.00328967
0.00650148
0.0153207
0.0152649
0.0153364
0.017959
0.0205751
0.0195449
0.0199539
0.0203473
0.0172307
0.0193225
0.0197773
0.0184994
0.0184428
0.0182016
0.018176
0.0199562
0.0183906
0.0189521
0.0186564
0.0188551
0.0190311
0.0197105
0.280436
0.0127496
0.0210285
0.0198768
0.0193803
0.0128082
0.0160291
0.0143946
0.0203137
0.0204726
0.0164745
0.0177743
0.0184255
0.0174223
0.0174666
0.0174255
0.0200392
0.0182658
0.0186733
0.0187566
0.0183841
0.0188335
0.0193717
0.0198624
0.0188654
0.0189802
0.0188518
0.0189197
1.54137
0.0169014
0.00305819
0.0121837
0.0156801
0.00940002
0.0156572
0.0121508
0.0146842
0.0172158
0.0199776
0.015943
0.0158315
0.160559
0.0278713
0.0122013
0.0160089
0.0205222
0.0171015
0.0204997
0.0201185
0.0198402
0.0179311
0.01751
0.0203069
0.016451
0.0196124
0.0177367
0.0179982
0.0198876
0.0194931
0.0200179
0.0183553
0.0188367
0.019876
0.0186121
0.0195677
0.0191728
0.0195039
0.0190029
0.0193577
0.018901
0.0197002
0.0197686
0.0192498
0.0193215
0.0191629
0.0438859
0.0166615
0.0170583
0.020266
0.0191091
0.0159802
0.0196369
0.0204724
0.0168707
0.0169427
0.0175566
0.0172757
0.0184403
0.0193609
0.0196809
0.0194765
0.020252
0.0187739
0.018454
0.0200826
0.0191152
0.020028
0.0187791
0.0187019
0.0199331
0.0190559
0.018908
0.0188792
0.0189752
0.0189872
0.0191543
0.0195918
0.0190238
0.0196696
0.0190524
0.0191125
0.0191148
0.0191056
0.0197151
0.0191152
0.019702
0.00161216
0.1353
0.0377787
0.0170533
0.0205131
0.00821066
0.0147557
0.0110858
0.0173792
0.017523
0.0195796
0.0171539
0.0178891
0.0203393
0.0169231
0.0201646
0.0181602
0.0186424
0.0198968
0.0197531
0.0186768
0.0198822
0.0188614
0.0187914
0.0185368
0.0198767
0.018838
0.0190561
0.0467199
0.0465306
0.0140714
0.0191828
0.0209782
0.0178489
0.0170205
0.0183609
0.0205442
0.0199841
0.0172757
0.0197971
0.018154
0.0199476
0.0180068
0.0183841
0.0183996
0.0201032
0.018587
0.0200837
0.018609
0.0200134
0.0189031
0.0199314
0.0189141
0.019684
0.0198524
0.0189737
0.0194261
0.0193095
0.0189912
0.0197578
0.019692
0.0196332
0.0190304
0.0196593
0.0195402
0.0195736
0.019725
0.019274
0.0191502
0.0191783
0.00661994
0.0113619
0.0170123
0.0142964
0.0210271
0.0155547
0.0188684
0.015694
0.0157973
0.0162705
0.0200882
0.0175149
0.018406
0.132688
0.193097
0.029714
0.0152739
0.0121424
0.0158148
0.0206813
0.0151061
0.0204796
0.0189331
0.0166812
0.0165946
0.0169995
0.017533
0.0179896
0.019971
0.0179509
0.0180195
0.0198324
0.0184743
0.0184715
0.0188544
0.0186083
0.0185756
0.0188329
0.0186659
0.0188469
0.0193525
0.120151
0.00435105
0.0300981
0.0150853
0.0210082
0.015367
0.0163139
0.020535
0.0179514
0.0169181
0.0203845
0.0180167
0.0180865
0.0196205
0.0202291
0.0197762
0.0200667
0.0200354
0.018488
0.0191964
0.0194317
0.0189823
0.0199323
0.0189105
0.0198385
0.0198238
0.0198675
0.0193121
0.0196963
0.0191032
0.019213
0.01961
0.0190126
0.0191737
0.0191193
0.0191013
0.0191186
0.0191881
0.0192169
0.0191305
0.0880265
0.0424226
0.0373434
0.0160773
0.0163587
0.0167654
0.013754
0.0205321
0.020412
0.018021
0.0161415
0.0172004
0.0171459
0.0185216
0.0174652
0.0199879
0.0186842
0.0189138
0.0195598
0.0186721
0.049751
0.0759775
0.0195429
0.0236646
0.00972808
0.00361854
0.010572
0.0167831
0.0178861
0.0192114
0.0185101
0.0164295
0.0184396
0.0170227
0.0189126
0.0173399
0.0181121
0.0196101
0.0183514
0.393169
0.0879274
0.0110597
0.010805
0.00687711
0.0163837
0.0204966
0.0164122
0.0164292
0.0204196
0.020426
0.0173454
0.0198726
0.0183594
0.0185146
0.017696
0.0184339
0.018204
0.0183262
0.0185003
0.0183947
0.0185616
0.0200008
0.0196645
0.0188763
0.0197175
0.0188793
0.0187731
0.0188609
0.0190513
0.0194809
0.0191734
0.0198241
0.0189371
0.0198013
0.0191672
0.0190384
0.0190486
0.0195082
0.0197462
0.0192662
0.172481
0.0668389
0.0119741
0.0115203
0.00771644
0.0164679
0.0204959
0.0164506
0.0164672
0.0204192
0.0204244
0.0173758
0.0198619
0.0183704
0.0185228
0.0177194
0.0184403
0.0182161
0.0183362
0.0185079
0.0184037
0.0185684
0.0199993
0.0196623
0.0188792
0.0197153
0.0188828
0.0187774
0.0188639
0.0190534
0.0194803
0.0191747
0.0198227
0.0189396
0.0198001
0.0191686
0.0190403
0.0190505
0.0195077
0.0197451
0.0192671
0.209637
0.00201035
0.0185174
0.0171572
0.015366
0.0128552
0.0164898
0.0149418
0.02003
0.0156492
0.0161679
0.0163252
0.0179651
0.0177324
0.0194702
0.0177344
0.0186597
0.0190426
0.0196273
0.0183355
0.0193098
0.253326
0.0302006
0.00471645
0.0121327
0.0145673
0.0170473
0.0130008
0.0161535
0.0167273
0.0174643
0.00991875
0.0146812
0.0190637
0.018008
0.0172109
0.0182471
0.0174404
0.0176674
0.0200375
0.351631
0.0185086
0.00508143
0.00849204
0.0136714
0.00971908
0.0198448
0.0155995
0.0135979
0.0182941
0.0201633
0.0189253
0.0191306
0.0165522
0.0192036
0.0178172
0.0179694
0.0200927
0.0188654
0.0200804
0.018772
0.0192794
0.019969
0.0188245
0.0190592
0.019865
0.019019
0.0189114
0.0197427
0.01898
0.0192586
0.0195802
0.0189344
0.0653391
0.00161924
0.00416804
0.00981221
0.00788714
0.0189674
0.0192404
0.0169828
0.0160739
0.0178422
0.0165787
0.0192431
0.020129
0.018163
0.0194999
0.0184949
0.018325
0.0199268
0.0194787
0.0801211
0.00151825
0.0371839
0.0147046
0.0210053
0.0157842
0.0162641
0.0205366
0.0179353
0.0168936
0.0203831
0.0180089
0.0180795
0.0196369
0.0202283
0.0197889
0.020071
0.020038
0.0184879
0.0192028
0.0194364
0.0189869
0.0199317
0.0189109
0.0198392
0.0198243
0.0198671
0.019315
0.019697
0.0191061
0.0192158
0.0196108
0.0190148
0.0191763
0.0191202
0.0191034
0.0191208
0.0191904
0.0192192
0.0191319
0.0213714
0.0111632
0.0232491
0.0175867
0.0133645
0.0161574
0.0173835
0.0201078
0.0180368
0.0178081
0.0204642
0.0180208
0.0186118
0.0203607
0.0191624
0.0195374
0.0202697
0.0187551
0.0201739
0.0187273
0.0199697
0.0189168
0.0188578
0.0198431
0.0200115
0.0189212
0.0191577
0.0191144
0.0189907
0.0189749
0.0198591
0.0198241
0.0190195
0.019037
0.0197932
0.0196292
0.019768
0.019561
0.0196047
0.0197366
0.0191287
0.0191533
0.0192083
0.0197062
0.019253
0.0196894
0.406368
0.0507896
0.00537524
0.0185739
0.0175715
0.0201183
0.0161675
0.0179239
0.0163558
0.0201294
0.0176196
0.0198539
0.0176538
0.0178104
0.0200609
0.0201326
0.0185957
0.0200836
0.0183142
0.0197695
0.0195867
0.0187555
0.0196034
0.0186809
0.0189068
0.018854
0.0192492
0.0191106
0.0193739
0.0189447
0.018949
0.0197633
0.0189818
0.0192988
0.041582
0.0229157
0.0225381
0.0226693
0.0170775
0.0156543
0.0216416
0.0183808
0.0208468
0.0208829
0.0203228
0.0201109
0.0181461
0.018029
0.0182951
0.0202231
0.0202458
0.0201537
0.0201375
0.0201587
0.0200929
0.018749
0.0200666
0.0199886
0.0200199
0.0199986
0.0199692
0.0189879
0.0198971
0.0189578
0.0198481
0.0198349
0.0198317
0.0197048
0.0197856
0.0190777
0.0195676
0.019337
0.0195481
0.0197644
0.0194947
0.0193967
0.0191714
0.0195424
0.0195978
0.019685
0.0194949
0.0196855
0.0398008
0.0272323
0.0147451
0.0163944
0.0149774
0.0224428
0.0182003
0.0185523
0.0209252
0.0181344
0.0180506
0.0202276
0.0180535
0.0205207
0.0186384
0.018729
0.0187246
0.0201266
0.018927
0.0200998
0.020139
0.0188135
0.0196196
0.0200356
0.0189638
0.0188576
0.0198217
0.0196854
0.01982
0.0197569
0.0196816
0.0190571
0.0198446
0.01979
0.0192457
0.0196603
0.0197505
0.0191393
0.0191522
0.0196939
0.0192213
0.0191507
0.0191827
0.0191677
0.019342
0.0196459
0.0195126
0.0195196
