0.282657
0.0245777
0.0172161
0.0144822
0.0054942
0.0139855
0.00423183
0.432276
0.0318037
0.0166872
0.0172859
0.01596
0.00695264
0.0159718
0.0159658
0.0157453
0.0102168
0.0152145
0.0103501
0.0147924
0.0149815
0.0127912
0.0103545
0.01085
0.0120141
0.0110701
0.0110392
0.0113286
0.0115844
0.0115462
0.0119746
0.0115342
0.0138436
0.0116972
0.0127029
0.0137575
0.0117919
0.0134115
0.0135713
0.0118867
0.0132946
0.0349389
0.0318579
0.00364869
0.0329717
0.0181939
0.0183784
0.00637456
0.00765222
0.0165276
0.0152384
0.00986789
0.0100838
0.0158549
0.0106417
0.0154198
0.0155022
0.0106822
0.0142753
0.0145815
0.0110559
0.0145879
0.0113453
0.0137652
0.0126006
0.0114706
0.0118801
0.0141114
0.0140409
0.0117148
0.0138407
0.0139253
0.0117762
0.0118612
0.0137352
0.0135127
0.0136443
0.0137117
0.0137069
0.013703
0.0121779
0.0128437
0.0121586
0.0125581
0.0122681
0.0120904
0.0126112
0.0128333
0.0122297
0.0122669
0.0124092
0.0133334
0.0133258
0.0128672
0.01228
0.0133123
0.00451142
0.0269911
0.00722844
0.00727839
0.00239648
0.0114933
0.0160623
0.0058782
0.012391
0.0149678
0.00973216
0.0113796
0.0141369
0.0107034
0.0144658
0.0109254
0.0108774
0.0110334
0.0112226
0.0115191
0.011889
0.0115944
0.0116042
0.0124022
0.0116893
0.0117878
0.019177
0.000891991
0.0227453
0.0124639
0.0161892
0.00709204
0.0160335
0.0105634
0.0121175
0.0122066
0.010329
0.0140216
0.00997771
0.0109506
0.0121581
0.0145913
0.0108329
0.0140387
0.0111112
0.0113792
0.0138853
0.011541
0.0119365
0.0135775
0.0131033
0.0118622
0.0119294
0.29159
0.0051233
0.0123084
0.0163586
0.0160995
0.00811236
0.0155906
0.0155231
0.00890444
0.0145201
0.014466
0.0104817
0.0111893
0.0108382
0.0140939
0.0110472
0.0134039
0.0123577
0.217156
0.225638
0.00740702
0.0148099
0.00050831
0.00962291
0.0152873
0.00915314
0.0157361
0.00892354
0.00937066
0.0104952
0.0148103
0.0099232
0.0145087
0.0134909
0.0107771
0.0125502
0.0113452
0.0129021
0.0111657
0.0138932
0.0123364
0.0113729
0.01155
0.0115837
0.0137695
0.42963
0.000489943
0.0177405
0.0169321
0.00447712
0.0162216
0.00280565
0.00521514
0.00902952
0.00960838
0.00814009
0.00862216
0.0116843
0.0142713
0.0143361
0.0112107
0.010509
0.0104991
0.0110365
0.0125006
0.0112639
0.0136746
0.0111936
0.0112854
0.0124721
0.012706
0.0114462
0.0116626
0.0365932
0.0140512
0.0175635
0.0032279
0.012048
0.00743263
0.00604494
0.0154621
0.0105079
0.0151249
0.0148589
0.00935102
0.00983855
0.0103497
0.0144842
0.0143051
0.0142418
0.0122557
0.0115713
0.0113502
0.0114618
0.0138936
0.0115757
0.0117471
0.0115849
0.0118662
0.0116973
0.25339
0.161864
0.0147734
0.015358
0.0161776
0.0157096
0.00620485
0.00969512
0.0119425
0.0146468
0.0106359
0.00993273
0.0109163
0.0110359
0.0109862
0.0140419
0.0109882
0.0133229
0.0112042
0.0119396
0.0114856
0.0114007
0.0138662
0.0129708
0.0118152
0.736619
0.155182
0.00534873
0.00970242
0.0166706
0.0090628
0.0151091
0.00805299
0.0102563
0.00880528
0.00888395
0.0148502
0.0122397
0.0146865
0.0111183
0.0141107
0.0139719
0.013987
0.0128304
0.0111055
0.0113196
0.011404
0.0128197
0.0136669
0.0116737
0.0134096
0.0129752
0.0121196
1.3061
0.0664498
0.0208975
0.00496724
0.00140561
0.00932938
0.0132715
0.0072221
0.00973232
0.00929444
0.0103227
11.1062
0.00676893
0.00542249
0.00211741
0.000725785
0.0056948
0.00323047
0.00851602
0.0159607
0.00640314
0.0082088
0.012489
0.00963123
0.00975747
0.00999975
0.0125885
0.0144133
0.0144713
0.0143887
0.0113431
0.0142313
0.011272
0.0110292
0.0112827
0.0114751
0.0115059
0.013313
0.0115796
0.0137025
0.0119278
0.0117257
0.0119117
0.011854
0.0128462
0.0119954
0.00117055
0.0144814
0.0186767
0.00770434
0.006487
0.0176004
0.00754801
0.0103226
0.0137924
0.016064
0.0154982
0.0151396
0.0111004
0.0146677
0.0146266
0.0108403
0.0132575
0.0118408
0.0143538
0.0114276
0.0111559
0.0135896
0.0114155
0.0140158
0.0140005
0.013872
0.0121016
0.0116125
0.0116208
0.0122758
0.01214
0.0118344
0.0135482
0.0135402
0.0135494
0.0121149
0.0134933
0.0134595
0.0123573
0.0128471
0.21274
0.0435804
0.00874994
0.0149944
0.000269917
0.00983249
0.0153195
0.00911706
0.0157247
0.00891426
0.00933304
0.0104794
0.0148155
0.00988363
0.0145199
0.0134987
0.0107405
0.0125441
0.0113159
0.0129015
0.0111433
0.0139065
0.0123248
0.0113483
0.0115228
0.011557
0.0137839
0.0277614
0.0189025
0.00186647
0.00252721
0.0036548
0.00507484
0.0101603
0.0103726
0.0152856
0.0156452
0.00875276
0.00959057
0.0152074
0.010929
0.0147726
0.0108226
0.0142064
0.014516
0.0144099
0.0137228
0.0139487
0.0134736
0.0132156
0.0116664
0.0114636
0.0115468
0.0115042
0.0132353
0.0137952
0.0118024
0.0122527
0.0136309
0.0119136
0.0119141
0.0133171
0.0134428
0.0123659
0.0120842
0.0127686
0.0132337
0.0133873
0.444535
0.013795
0.0167218
0.00789467
0.00615453
0.00452903
0.013607
0.00804075
0.00981607
0.0129077
0.010579
0.0131566
0.0128715
0.157845
0.0132558
0.0220885
0.00491147
0.00162439
0.00315404
0.00983031
0.0156213
0.0155234
0.0102744
0.0152118
0.0138691
0.0149238
0.0140517
0.0131368
0.0102259
0.0119512
0.0142531
0.0109775
0.0133689
0.0113793
0.0139968
0.0114704
0.0137266
0.0116722
0.0124649
0.0339586
0.0209477
0.0190272
0.00141819
0.00308744
0.0179647
0.0153918
0.00748873
0.015305
0.0089195
0.00909763
0.0106597
0.00981413
0.0105374
0.0128567
0.0111861
0.0111114
0.0145083
0.0140977
0.011056
0.0138754
0.014073
0.0142553
0.0113268
0.0139825
0.0137809
0.0116353
0.0124606
0.0115972
0.0137165
0.0117483
0.0137253
0.0136892
0.0125367
0.0124538
0.0125247
0.013504
0.0121238
0.0126372
0.012723
0.0121418
0.51408
0.0141077
0.00035965
0.0116291
0.000921481
0.0134058
0.00257195
0.00573228
0.0151145
0.00829147
0.0142079
0.0137967
0.0101109
0.0145623
0.0139302
0.0114053
0.0133742
0.0107415
0.0127985
0.0112058
0.913955
0.050253
0.0351844
0.012719
0.00721108
0.00229689
0.00143532
0.0107798
0.0156051
0.0123032
0.0146336
0.0113594
0.0137861
0.0091664
0.0142874
0.0107456
0.0101242
0.0138787
0.0126415
0.0136098
0.046826
0.0160149
0.0182294
0.0170667
0.0174754
0.00427764
0.00933071
0.00956188
0.0152606
0.00778539
0.00938616
0.01148
0.014917
0.0117051
0.0145372
0.0107922
0.0146145
0.0114598
0.0142371
0.010908
0.0136272
0.011291
0.0141604
0.0122974
0.0114634
0.0113077
0.0140351
0.0139363
0.0127613
0.0132041
0.0121912
0.0117623
0.0137181
0.0118374
0.0135638
0.0119018
0.0126109
0.0119496
0.0135065
0.0132189
0.0134437
0.0728734
0.0160152
0.0181235
0.0169411
0.0173843
0.00478661
0.00933078
0.00956244
0.0152308
0.00781784
0.00939371
0.0115367
0.0148987
0.0117329
0.0145249
0.0107959
0.0146013
0.011479
0.0142277
0.0109139
0.0136246
0.0112943
0.014153
0.0123039
0.0114671
0.0113152
0.0140285
0.0139307
0.0127633
0.0132024
0.0121955
0.0117674
0.0137141
0.0118419
0.01356
0.0119051
0.0126123
0.0119528
0.0135034
0.0132169
0.0134411
0.55887
0.00502523
0.0173807
0.0167576
0.00416613
0.00601482
0.00804456
0.00527423
0.00785404
0.0128787
0.00886074
0.00918547
0.0128518
0.0100669
0.0112899
0.010887
0.013171
0.0118067
0.0112327
0.0120503
0.0128124
0.743957
0.014599
0.0088756
0.017004
0.0108498
0.00853892
0.00915714
0.713302
0.0177883
0.00816275
0.00765083
0.0105195
0.00950071
0.0111988
0.0140127
0.0107199
0.0140072
0.0193783
0.0172074
0.00187573
0.00114557
0.016662
0.0165205
0.0158433
0.0155474
0.0128559
0.00893819
0.0117167
0.00978248
0.0148784
0.0147632
0.0101301
0.0141475
0.0119831
0.0111306
0.0113685
0.0107428
0.0112582
0.0139202
0.0130179
0.0130118
0.0115153
0.0138619
0.0134566
0.0123925
0.01235
0.0129391
0.0131129
0.0118478
0.291545
0.00581459
0.0122116
0.0163704
0.0161091
0.00811429
0.0155955
0.0155288
0.00890377
0.014522
0.0144678
0.0104808
0.011187
0.0108368
0.0140949
0.0110465
0.0134042
0.0123573
0.0258351
0.0213706
0.0188284
0.00166443
0.00306265
0.0180654
0.0154301
0.00751849
0.0153327
0.00893458
0.0091121
0.0106658
0.00982249
0.010544
0.0128492
0.0111896
0.0111153
0.0145138
0.0140994
0.0110605
0.013876
0.0140745
0.014258
0.0113303
0.0139831
0.0137809
0.0116392
0.012462
0.0116013
0.013716
0.0117519
0.0137241
0.0136878
0.0125388
0.0124563
0.0125269
0.0135021
0.0121275
0.0126389
0.0127242
0.0121448
0.0154775
0.00520491
0.0247795
0.00798139
0.00516377
0.0094543
0.00876633
0.00905717
0.0161904
0.014957
0.0128488
0.0157771
0.0154195
0.0139654
0.0111875
0.0108637
0.0126438
0.0137216
0.0143267
0.012676
0.0140217
0.0142442
0.0119328
0.011655
0.0141354
0.0139528
0.0132094
0.0138422
0.0137732
0.0117603
0.0118069
0.0118394
0.0135361
0.0119456
0.012471
0.0127858
0.0119887
0.0135422
0.0121296
0.0128196
0.0126845
0.0133529
0.0134069
0.0133967
0.0133699
0.0125691
0.0123198
0.170851
0.015014
0.0158983
0.0172558
0.0170326
0.00665056
0.0124838
0.0085626
0.0160419
0.0103199
0.00976307
0.0133612
0.0105385
0.0148392
0.0104893
0.0143704
0.0111764
0.0142154
0.0142401
0.0136449
0.0141788
0.0141928
0.0140752
0.0120733
0.0138795
0.0137037
0.0116877
0.0127223
0.0119002
0.0131219
0.0119169
0.0135238
0.228685
0.0026809
0.00370221
0.00855695
0.0202723
0.006544
0.00975289
0.0180833
0.0154871
0.0164905
0.0137372
0.0161363
0.0107754
0.0139481
0.014792
0.0122345
0.0134126
0.0147883
0.0146254
0.0111637
0.0111601
0.0112376
0.0114989
0.0142478
0.0113203
0.0141809
0.0114411
0.0141392
0.0121773
0.0138637
0.0137497
0.0117521
0.0137742
0.0137067
0.0136484
0.0119905
0.0119726
0.0120605
0.0123286
0.0130932
0.0127259
0.0121235
0.0121609
0.0122636
0.0125946
0.0133563
0.383847
0.0173696
0.0192407
0.00870989
0.0082293
0.0104103
0.00802451
0.0165624
0.0135019
0.0146714
0.0104527
0.0135816
0.0106716
0.0113089
0.0109371
0.0138742
0.0147982
0.0142641
0.0144878
0.0142751
0.0142933
0.0113898
0.0141938
0.0116492
0.0115529
0.0125614
0.0140989
0.0117584
0.0117303
0.0138189
0.011883
0.0136462
0.011896
0.0133971
0.013613
0.0132561
0.0135927
0.0135124
0.0128397
0.0128999
0.013263
0.0121426
0.0123785
0.0134024
0.0133011
0.0123444
0.0123088
0.0124444
