0.0520824
0.0497697
0.0344124
0.0266655
0.00564119
0.00078513
0.0100744
0.416766
0.0429299
0.211244
0.0609549
0.0207375
0.00181435
0.00507631
0.00821005
0.0204881
0.000615165
0.0210678
0.020955
0.00281758
0.0101391
0.00985279
0.0173839
0.0111066
0.0163764
0.0193774
0.0104594
0.0152009
0.0130402
0.0110861
0.0117795
0.0175531
0.0174958
0.0183969
0.0175355
0.0160733
0.0136826
0.0138545
0.015685
0.0174415
0.0155608
0.0171894
0.333767
0.595637
0.00803069
0.0225885
0.000698057
0.00565528
0.00509351
0.00374633
0.0111669
0.021532
0.0159295
0.020347
0.0195287
0.00955172
0.0120846
0.0140005
0.0104987
0.0126908
0.0109838
0.0186365
0.0139747
0.0118944
0.0187756
0.0187126
0.014471
0.018479
0.0146149
0.017166
0.0170236
0.0133423
0.0177101
0.0139601
0.0162651
0.0134536
0.0139142
0.0153678
0.016497
0.0145819
0.016963
0.0155268
0.0167806
0.014031
0.0140681
0.0141658
0.0171496
0.017162
0.014229
0.0151889
0.0160279
0.0144821
0.147565
0.0288304
0.0251754
0.00778633
0.00366537
0.00839279
0.0193872
0.00464281
0.0159277
0.0210415
0.0201483
0.0159714
0.00640316
0.00854145
0.0154327
0.0174928
0.0176425
0.0111215
0.0187855
0.0113635
0.0127872
0.0177608
0.0133815
0.0133599
0.0127023
0.0152819
0.648038
0.0534764
0.0357779
0.00624423
0.0148202
0.0217735
0.0166422
0.0201993
0.0126492
0.00471348
0.0150775
0.00987794
0.00777025
0.0200448
0.00840541
0.0194179
0.0119918
0.0112003
0.0111161
0.0152061
0.0114783
0.0172783
0.0121015
0.0130352
0.0162386
0.0127456
0.0132693
0.0171483
0.31934
0.0105369
0.0258771
0.00584432
0.0233981
0.00525841
0.0021459
0.0173246
0.0181518
0.00695827
0.00553129
0.0175558
0.0117147
0.0109604
0.0106451
0.0184547
0.0116645
0.0170069
0.0119076
0.0183753
0.0118657
0.637432
0.211919
0.016833
0.0129937
0.0113059
0.00962842
0.00924661
0.000853376
0.00167579
0.021515
0.0184308
0.00536733
0.005083
0.0203466
0.0205389
0.00814438
0.00878597
0.0192096
0.0104002
0.0166823
0.0112452
0.0110802
0.0167538
0.0117479
0.0152493
0.0173819
0.0172996
0.0169751
2.34507
0.077537
0.0250026
0.022596
0.00445136
0.0215386
0.0223958
0.00198512
0.000148045
0.00503034
0.0205093
0.0202689
0.00671218
0.00803828
0.0169806
0.0123085
0.00895244
0.0190223
0.00982085
0.0118905
0.0143963
0.0148738
0.0185151
0.0150732
0.0131136
0.0177693
0.0151728
0.0174771
0.340833
0.0210448
0.0251067
0.029663
0.0409873
0.010824
0.0220834
0.0045988
0.002363
0.00448589
0.00409536
0.00428713
0.00926717
0.0179552
0.00686472
0.0098566
0.0185689
0.0106256
0.0104991
0.0156893
0.0186127
0.01773
0.0125939
0.0122423
0.0126354
0.013526
0.0146052
1.40526
0.0833614
0.0137945
0.0619467
0.0469887
0.0120921
0.00320826
0.00959966
0.0156388
0.0083489
0.0205039
0.00504335
0.0123027
0.00989698
0.0205685
0.0195122
0.0196137
0.0177204
0.0166341
0.013601
0.0122882
0.0108215
0.0185524
0.011919
0.0119325
0.0121913
0.0158149
0.0130282
0.204717
0.0287602
0.02517
0.00779449
0.00384227
0.00844604
0.0193502
0.00440823
0.0158937
0.021032
0.0201278
0.0159504
0.00646957
0.0085827
0.0154286
0.017483
0.0176328
0.0111428
0.0187768
0.0113859
0.0127983
0.0177527
0.0133941
0.0133726
0.012717
0.0152843
0.313527
0.0265896
0.0447541
0.115948
0.0197467
0.00132297
0.00282776
0.000906668
0.0038234
0.00179451
0.00815365
0.0044648
0.00753508
0.0187541
0.515414
0.0396785
0.199491
0.0576528
0.0207476
0.00229592
0.00433537
0.00836628
0.0204162
0.00102748
0.0210359
0.0209184
0.00309433
0.01021
0.00992911
0.0173428
0.0111544
0.0163528
0.0193591
0.0105221
0.015195
0.0130674
0.0111398
0.0118271
0.0175345
0.017478
0.0183811
0.0175183
0.0160678
0.0137045
0.0138744
0.0156848
0.0174284
0.0155624
0.0171775
0.237003
0.209722
0.0141287
0.0129763
0.0131618
0.0226782
0.00264716
0.00991009
0.00642422
0.0209975
0.0077966
0.0106541
0.0112175
0.0112497
0.0172338
0.00714476
0.0119684
0.0152298
0.0100204
0.0110346
0.0116087
0.0162586
0.0129374
0.0151998
0.0147394
0.0171085
0.0137548
0.0128326
0.0127322
0.0135368
0.0131295
0.0139659
0.0136665
0.0143893
0.0138126
0.0172782
0.0139069
0.0151209
0.0140469
0.0141341
0.909425
0.176161
0.0165248
0.0125368
0.0107151
0.009046
0.00882165
0.000652341
0.00167737
0.0215512
0.0183726
0.00537526
0.00496807
0.0203696
0.0205686
0.00807674
0.008709
0.0192433
0.0103084
0.0166815
0.0111607
0.0109962
0.0167629
0.0116751
0.0152323
0.0174063
0.0173237
0.0169957
0.538838
0.0155103
0.0411013
0.0105658
0.0222859
0.0208011
0.0196505
0.00367111
0.00159834
0.0208921
0.00670271
0.010134
0.0195771
0.0186202
0.0104215
0.0190326
0.0112292
0.0167446
0.0185459
0.0120991
0.0180311
0.0152167
0.0124097
0.0182398
0.0169959
0.0132784
0.0133855
0.0134752
0.0174876
0.0150191
0.0170356
0.0142345
0.0162967
0.0139751
0.0141548
0.0171195
0.0142133
0.0142634
1.35106
0.0579325
0.00574472
0.0101232
0.00159091
0.0215938
0.0223187
0.0197432
0.0208362
0.00762776
0.00651575
0.0157595
0.0181302
2.45905
0.0118231
0.0116187
0.00324469
0.000118944
0.0220209
0.0178993
0.00307019
0.00434511
0.00971969
0.0171542
0.0162161
0.00922837
0.0198393
0.00853765
0.0122683
0.014099
0.0172021
0.0160617
0.0188337
0.0124362
0.0177685
0.0132858
0.0157002
0.0180993
0.014085
0.0125485
0.549422
0.0370538
0.011109
0.0469206
0.0217928
0.0220867
0.010638
0.0221906
0.0217535
0.0194589
0.00903469
0.00220631
0.0196724
0.00793765
0.0197776
0.0123069
0.0117577
0.0118603
0.0114884
0.0112196
0.0188719
0.012574
0.0127023
0.0131315
0.0184934
0.0122055
0.0122393
0.0131444
0.0131972
0.0126996
0.0174082
0.0144044
0.0132176
0.0177601
0.0133562
0.0169528
0.0141945
0.0137307
0.0172786
0.0148148
0.0164298
0.0170928
0.0688034
0.167749
0.0978975
0.00312881
0.029558
0.00654552
0.0132203
0.00705863
0.00252306
0.00560285
0.00248617
0.0185858
0.00806482
0.0181725
0.0194405
0.00989437
0.0104711
0.0187287
0.011174
0.0120662
2.73275
0.0371811
0.00991
0.0134318
0.0448689
0.020478
0.00882287
0.00749227
0.00498815
0.022332
0.000942795
0.00609821
0.00858747
0.0202324
0.0106909
0.00851936
0.00894846
0.00909025
0.0145978
0.0104519
0.662182
0.0134048
0.0218147
0.0858629
0.0239836
0.019637
0.0189906
0.0139579
0.00639314
0.00332529
0.00294318
0.000290276
0.020331
0.0204503
0.00869337
0.0148981
0.0149518
0.0190331
0.0193651
0.0104619
0.0110694
0.0126921
0.0179083
0.0186255
0.017478
0.0121941
0.0156235
0.0184218
0.0163777
0.0177973
0.0153294
0.0161481
0.0135673
0.0152216
0.01529
0.0162988
0.0139192
0.01404
0.0162063
0.0149898
9.56779
0.0134043
0.0218147
0.0806112
0.0239836
0.0195816
0.0188853
0.0132432
0.0056573
0.00306552
0.00298412
2.39108e-06
0.0203007
0.0204393
0.0087753
0.0148715
0.0149287
0.0190088
0.0193497
0.0105069
0.0111057
0.0127077
0.0178918
0.0186135
0.017465
0.0122151
0.0156191
0.0184128
0.0163715
0.0177888
0.0153299
0.016144
0.0135766
0.0152233
0.0152917
0.0162953
0.0139287
0.0140468
0.0162037
0.0149934
1.93945
0.255473
0.0295155
0.019554
0.0132175
0.00924951
0.00322957
0.00851292
0.0115027
0.0187531
0.00863733
0.0188661
0.0109727
0.0131243
0.0108344
0.0154405
0.012494
0.012234
2.45976
0.0843277
0.0209532
0.0024842
0.00778771
0.00151125
0.00531368
9.19832
0.0108621
0.0151387
0.0240766
0.023615
0.0234245
0.000436909
0.000373168
0.0211768
0.0162028
0.014886
0.0103862
0.338993
0.0098138
0.0198366
0.00847251
0.00780261
0.00806615
0.0114252
0.020088
0.00734665
0.00445576
0.000913451
0.0200504
0.00984307
0.0200909
0.00928456
0.00879391
0.0109051
0.0199229
0.00853789
0.0191954
0.0103825
0.0186389
0.0162887
0.0123738
0.0129646
0.0134553
0.0123278
0.0121213
0.0152533
0.0178987
0.0129853
0.0134094
0.0177852
0.0159083
0.899883
0.137423
0.0171053
0.0110698
0.0240267
0.0055272
0.0227447
0.0185589
0.021973
0.0205785
0.0209087
0.0103776
0.00968521
0.019186
0.0193836
0.0141266
0.00996475
0.0175032
0.0186486
0.0120792
0.0125539
0.310935
0.0409355
0.0128896
0.0511099
0.0218307
0.0220729
0.0109795
0.0221843
0.0217794
0.0195826
0.00922559
0.00203007
0.0196977
0.00788397
0.0197715
0.0123393
0.0117438
0.011848
0.011476
0.0112274
0.018868
0.0125717
0.0127004
0.0131434
0.0184887
0.0122113
0.0122436
0.0131543
0.0131981
0.0127017
0.0174057
0.0144125
0.0132248
0.0177547
0.0133637
0.0169502
0.0142029
0.0137378
0.0172731
0.0148211
0.0164277
0.0170874
0.0203188
0.0236046
0.0234828
0.016556
0.00509179
0.00415809
0.00332369
0.00170056
0.0109253
0.0215508
0.00888055
0.011509
0.0106476
0.0201908
0.0193567
0.0193711
0.0113006
0.0191661
0.0123338
0.0143054
0.0145725
0.0184361
0.018474
0.0184385
0.0183241
0.0176787
0.0126028
0.0126227
0.0138366
0.0131256
0.0133278
0.0176962
0.01784
0.0166736
0.0144259
0.0136259
0.0139656
0.0173206
0.0154749
0.014097
0.0151082
0.0142093
0.0142306
0.0143724
0.0145816
0.01696
0.631506
0.0191137
0.0784779
0.00102511
0.00344665
0.00757389
0.00920203
0.00969326
0.00492281
0.00442841
0.00612548
0.013755
0.0118227
0.0163762
0.0083317
0.0103937
0.0177478
0.0158302
0.0119475
0.0114314
0.0126284
0.0123702
0.0120108
0.0120203
0.0122729
0.0180822
0.0125207
0.0125547
0.0159831
0.0144832
0.013514
0.0137803
0.0173553
0.0139938
0.250077
0.00883633
0.00027994
0.0133699
0.0246782
0.00162998
0.0220927
0.0218657
0.021298
0.00449833
0.0213193
0.0114009
0.00855198
0.0196583
0.00823482
0.0199501
0.0114634
0.0195024
0.0115086
0.0191876
0.0188385
0.0113764
0.0176464
0.0178295
0.0136605
0.0137213
0.0135664
0.0125304
0.0132121
0.0169935
0.014836
0.0151497
0.0165619
0.0154959
0.0172815
0.0135488
0.0141808
0.0145
0.015387
0.0139173
0.0172179
0.014013
0.0162208
0.016753
0.0163039
0.0144784
0.0165075
0.137111
0.0232301
0.0283431
0.0212707
0.0269964
0.00586424
0.0210999
0.00790104
0.00312599
0.00558201
0.0213809
0.0202195
0.0199457
0.0204002
0.00970946
0.0194927
0.00928949
0.0176717
0.0121973
0.0190808
0.0125848
0.0126987
0.0121638
0.0127778
0.0185229
0.0181341
0.0137161
0.014258
0.0132633
0.0143334
0.0133993
0.0179196
0.0163562
0.0137626
0.0154042
0.0172895
0.0155568
0.0171829
0.0147144
0.0168344
0.0141617
0.0169298
0.0150406
0.017027
0.014307
0.0166198
0.014454
