0.00602818
0.00516343
0.00762194
0.0100107
0.0129395
0.0121134
0.00719234
0.0131643
0.0132157
0.0138172
0.0135075
0.0137447
0.0137879
0.0135794
0.0135393
0.0135053
0.0135431
0.0136776
0.0136905
0.0138016
0.0137758
0.0137538
0.0137175
0.0137362
0.0137744
0.0137138
0.0137541
0.0137874
0.0137446
0.0137293
0.0137848
0.0137559
0.0137863
0.0137498
0.0137569
0.0137543
0.0137554
0.0137842
0.037966
0.014632
0.0187376
0.0232859
0.0139699
0.0200501
0.0176732
0.0138412
0.0138023
0.0142521
0.0142821
0.0140361
0.0148261
0.0147881
0.0141227
0.0145382
0.0138419
0.0138983
0.0140089
0.0140332
0.0139399
0.0141693
0.0139863
0.0137865
0.0141654
0.0139023
0.0140262
0.0139616
0.013792
0.014093
0.0141283
0.0140886
0.0139246
0.0139931
0.0139049
0.0140062
0.0139556
0.0138499
0.0139445
0.0139305
0.0139783
0.0139433
0.0138928
0.0139593
0.0139506
0.0139171
0.0139344
0.0138585
0.0139066
0.0138246
0.0138606
0.0139024
0.0138404
0.00941678
0.0109245
0.0133141
0.0124789
0.0135231
0.0137845
0.0124354
0.0127047
0.0136573
0.0132788
0.0134726
0.0133491
0.0134389
0.0136822
0.0136392
0.0136137
0.0137765
0.0136877
0.0137838
0.0137423
0.0137596
0.0137314
0.0137837
0.0137041
0.0136596
0.0137514
0.0136895
0.0127689
0.0130386
0.0135825
0.0124911
0.013377
0.0131211
0.0133418
0.0133252
0.0137037
0.0136733
0.0137739
0.0134254
0.0136159
0.0136817
0.0136392
0.0137409
0.0136392
0.0136139
0.0137426
0.0136467
0.0137503
0.0136723
0.0137215
0.0137196
0.0137377
0.013723
0.013324
0.012129
0.0108016
0.0134024
0.0136984
0.0121594
0.0129503
0.0133411
0.0130047
0.0133415
0.0131187
0.0132662
0.013393
0.0137846
0.0136937
0.0136984
0.0137844
0.0174586
0.00997174
0.0113236
0.00667013
0.0126724
0.0135559
0.012054
0.0137912
0.0137509
0.0128368
0.0134978
0.0134543
0.0131027
0.0137942
0.0132884
0.0132744
0.013622
0.0133753
0.0135513
0.013646
0.0135447
0.0135208
0.013657
0.0137343
0.0137284
0.0137509
0.0136367
0.0212166
0.00414678
0.00930881
0.0112016
0.0118597
0.0128508
0.0134922
0.0133175
0.0128742
0.0137123
0.0136402
0.0135607
0.0132423
0.0136267
0.0136195
0.0136035
0.0137409
0.0135497
0.0136516
0.0137098
0.0137122
0.0136895
0.0137528
0.0136943
0.0136751
0.0137135
0.00630072
0.010467
0.00851859
0.0118639
0.0134903
0.0131481
0.013352
0.0137834
0.0133651
0.0135682
0.0134724
0.0136643
0.013429
0.0135392
0.0136097
0.0137437
0.0137812
0.0136393
0.0137945
0.0137878
0.0136625
0.0136752
0.0137268
0.0137921
0.0137299
0.0137046
0.00195326
0.00285725
0.00731804
0.0110434
0.0130161
0.0130428
0.0131221
0.0133606
0.0134486
0.0129474
0.0135548
0.0133287
0.013227
0.0133188
0.013668
0.0135692
0.013771
0.0135569
0.0137926
0.0136436
0.0135434
0.0136137
0.013595
0.0136313
0.0136368
0.0137677
0.0136546
0.00945494
0.0109395
0.0133163
0.0125316
0.013524
0.0137851
0.012458
0.0127158
0.0136594
0.013285
0.0134769
0.0133526
0.0134413
0.0136825
0.0136409
0.0136146
0.0137767
0.0136881
0.0137839
0.0137428
0.0137599
0.0137316
0.0137838
0.0137046
0.0136606
0.0137516
0.0136903
0.0119328
0.0126286
0.0128246
0.0132641
0.00564367
0.00568544
0.00936541
0.00980739
0.0111957
0.0118537
0.0131975
0.0129376
0.00628055
0.0131723
0.0132227
0.013817
0.0135256
0.013749
0.0137892
0.0135816
0.0135531
0.0135136
0.0135506
0.0136789
0.0136916
0.0138016
0.0137765
0.013754
0.0137184
0.0137368
0.013775
0.0137151
0.0137543
0.0137876
0.0137451
0.0137305
0.013785
0.0137567
0.0137864
0.0137503
0.0137573
0.0137548
0.0137558
0.0137843
0.0208456
0.014672
0.0144555
0.0157843
0.015451
0.0160653
0.0147149
0.0140005
0.0142085
0.0145528
0.0139301
0.0142163
0.0138078
0.013832
0.0139443
0.013826
0.0140712
0.01404
0.0138255
0.014015
0.0138812
0.0139584
0.0138968
0.013851
0.0138404
0.0138506
0.0138314
0.0139292
0.0138254
0.0138793
0.0138356
0.0138308
0.0138911
0.0137981
0.0138714
0.013818
0.0138584
0.0137993
0.0138634
0.0137793
0.0138582
0.0138175
0.018829
0.00980002
0.0112134
0.00668235
0.0126236
0.0135477
0.0120672
0.013791
0.0137503
0.0128088
0.0134877
0.0134496
0.0130793
0.0137941
0.013271
0.0132571
0.0136169
0.0133614
0.013544
0.0136416
0.0135361
0.013511
0.0136528
0.013733
0.0137263
0.0137501
0.0136309
0.0152255
0.013868
0.0146388
0.0173056
0.0144443
0.013951
0.0141605
0.0145498
0.0138743
0.0139738
0.0144763
0.0142805
0.0140833
0.0138678
0.0140833
0.0138305
0.0138044
0.0138689
0.013851
0.0137824
0.0138793
0.0139425
0.0138495
0.0138299
0.0139333
0.0137753
0.0137963
0.0139147
0.0138834
0.0138632
0.0138193
0.0138588
0.0138301
0.0138739
0.0138267
0.013802
0.013855
0.0138367
0.0138592
0.0174279
0.0133648
0.00438897
0.00493986
0.0135985
0.0113214
0.0124234
0.0128591
0.0129819
0.0128547
0.013391
0.0132558
0.0132491
0.0133425
0.0127458
0.00834924
0.0119802
0.0122269
0.0136038
0.0127851
0.0132878
0.0130787
0.013023
0.0134281
0.0131129
0.0137694
0.0133942
0.0132548
0.013457
0.0135557
0.0137505
0.0137269
0.013794
0.0135645
0.01357
0.0137331
0.0135847
0.0136081
0.0136435
0.0136465
0.0137527
0.0259471
0.0139021
0.0183296
0.0168853
0.0159574
0.0138379
0.0142774
0.0144784
0.01383
0.0139589
0.0142206
0.0142853
0.0140077
0.0141203
0.0138809
0.013907
0.0140674
0.0140628
0.0138099
0.0139892
0.0139196
0.0137804
0.0138433
0.0138303
0.0138887
0.0138877
0.0138415
0.0138619
0.0138771
0.0138554
0.0138877
0.0137984
0.0138499
0.0138053
0.0138307
0.0138167
0.013843
0.0138109
0.013845
0.0138141
0.0138272
0.00575987
0.0117233
0.00852398
0.0101951
0.0134562
0.011695
0.0137104
0.0131253
0.0136607
0.012949
0.0134721
0.013116
0.0130929
0.0131625
0.013269
0.0133373
0.0136085
0.0134126
0.437462
0.0455144
0.00272944
0.0136563
0.00722684
0.0116469
0.0117341
0.0117663
0.0114796
0.0130663
0.0127671
0.0131448
0.0137598
0.0132801
0.0131986
0.013602
0.0166947
0.0177385
0.015639
0.0140465
0.0137734
0.0137848
0.014554
0.0140009
0.0144267
0.014129
0.0139672
0.0141122
0.0138451
0.0140343
0.0137906
0.0137783
0.0138206
0.0137942
0.0138594
0.0137953
0.0137858
0.0138065
0.0138471
0.0138375
0.0137728
0.0138347
0.0137976
0.0138321
0.0137777
0.0138363
0.013829
0.0138163
0.0138015
0.0137965
0.0138195
0.0138107
0.0138107
0.0137934
0.0137753
0.0137764
0.0112828
0.017242
0.0156512
0.0140465
0.0137735
0.0137848
0.0145121
0.0139906
0.014415
0.0141188
0.013968
0.0141034
0.013844
0.0140313
0.0137908
0.0137785
0.0138208
0.0137944
0.0138586
0.0137954
0.0137859
0.0138063
0.0138466
0.0138371
0.0137728
0.0138344
0.0137976
0.0138318
0.0137777
0.013836
0.0138287
0.0138161
0.0138014
0.0137964
0.0138193
0.0138105
0.0138105
0.0137934
0.0137753
0.0137764
0.261756
0.0329526
0.011925
0.0106
0.0132987
0.0137617
0.0129477
0.0126013
0.0120906
0.013731
0.0129849
0.0133816
0.0134085
0.013227
0.0134927
0.0136283
0.0137011
0.0133519
0.0134201
0.0134988
0.0136433
0.0739389
0.00587182
0.00996981
0.0125186
0.339513
0.0022713
0.00964209
0.0130609
0.012386
0.0122953
0.0135842
0.0133442
0.0136849
0.0136264
0.013113
0.0130769
0.0577382
0.00920589
0.012529
0.0134211
0.0130273
0.0135975
0.0133916
0.0132042
0.0134289
0.0137996
0.0133875
0.0135612
0.0136678
0.0137459
0.0136523
0.0135905
0.0136248
0.0137352
0.0136261
0.0137093
0.0136903
0.0137393
0.013744
0.0137055
0.0137584
0.0137397
0.0137433
0.0137145
0.0137378
0.0137495
0.013747
0.128123
0.0123539
0.00994645
0.01353
0.0132041
0.0130747
0.013119
0.0127457
0.0127214
0.0136755
0.0131924
0.0130539
0.0137347
0.0135607
0.0132958
0.0135072
0.0134242
0.0136474
0.0135253
0.0135788
0.0196846
0.01803
0.0138536
0.0173459
0.0137661
0.0162995
0.0139617
0.0139005
0.0139259
0.0146446
0.0145531
0.0143347
0.0139036
0.0138594
0.0141272
0.0139288
0.0139588
0.0138921
0.0140162
0.0139007
0.0137806
0.0139261
0.0138532
0.0138845
0.0138978
0.0138951
0.0138553
0.0138769
0.0138172
0.0138607
0.0138908
0.0137865
0.0138537
0.013842
0.0138567
0.0138485
0.0137955
0.0138521
0.0138133
0.013826
0.0137979
0.0032415
0.0156932
0.014526
0.0142849
0.0145716
0.0163539
0.017452
0.0140596
0.0144572
0.0142007
0.0142232
0.0151772
0.0147129
0.0138488
0.0143801
0.0138246
0.0143692
0.0138207
0.013792
0.0139753
0.0140833
0.0141548
0.0138151
0.0140296
0.013991
0.0139743
0.0139702
0.0138974
0.0139943
0.0139442
0.0139754
0.0139225
0.0139153
0.0138084
0.0139617
0.0139073
0.0139384
0.0139251
0.0138403
0.0138414
0.0138976
0.0138435
0.0139029
0.0138692
0.0138637
0.0138001
0.0136142
0.0139384
0.0137263
0.0138933
0.0137267
0.0138249
0.0137331
0.0137355
0.0137379
0.0137399
0.0137387
0.0138255
0.0138218
0.013755
0.013757
0.0137753
0.0137592
0.0137848
0.0138017
0.0137701
0.013766
0.0137854
0.0137992
0.0137972
0.0137964
0.0137702
0.0137953
0.0137705
0.0137949
0.0137713
0.0137934
0.0137723
0.0137834
0.0623509
0.026219
0.0159374
0.0142605
0.0166269
0.0138425
0.0169754
0.0139239
0.0138594
0.0157494
0.014019
0.0151091
0.0138227
0.013938
0.0142213
0.0141578
0.0138834
0.0142482
0.0137728
0.0138356
0.0137781
0.0138658
0.0138491
0.0140806
0.0140027
0.0140226
0.0138013
0.0137913
0.013819
0.0138291
0.0137997
0.0138582
0.0139243
0.0139607
0.0138823
0.0138797
0.0137766
0.0138421
0.01386
0.0138902
0.0138882
0.0138783
0.0138882
0.0137858
0.0138211
0.075763
0.0173166
0.0152149
0.014195
0.0146281
0.0145144
0.0174586
0.0138059
0.0160553
0.0164186
0.01429
0.0145855
0.0142421
0.014355
0.0140203
0.014034
0.0142235
0.0138361
0.0144814
0.0143016
0.0138536
0.0140493
0.0138041
0.0140635
0.0138825
0.0139651
0.0139393
0.0138354
0.0139981
0.0138596
0.0138621
0.0140001
0.0139674
0.0139825
0.0139398
0.0138966
0.0139726
0.0139198
0.0139467
0.0139434
0.0138575
0.0138122
0.0139241
0.0139197
0.0138137
0.0139086
0.013851
0.0138322
0.0138892
