0.0304223
0.0260076
0.0292972
0.028854
0.0282608
0.0287762
0.0286371
0.0287539
0.0287093
0.0287109
0.0282164
0.0287311
0.0295745
0.029042
0.0284634
0.0285815
0.0288545
0.0286655
0.0287542
0.0287155
0.0286102
0.0288356
0.0287401
0.0288932
0.0288563
0.0288339
0.0288006
0.0286183
0.028853
0.0287409
0.0287159
0.028663
0.0286587
0.0286689
0.0286318
0.0288251
0.0286795
0.0286657
0.02881
0.0288008
0.0286813
0.0286461
0.0287711
0.0287345
0.0287932
0.0287448
0.0287915
0.0287856
0.0287319
0.0287848
0.0287763
0.0287822
0.0286836
0.0286788
0.0287802
0.0286875
0.0287723
0.028769
0.0286999
0.0287603
0.0286984
0.0286901
0.0287678
0.0287298
0.0287224
0.028745
0.028758
0.0287617
0.028761
0.0286923
0.0287541
0.0287546
0.0287549
0.0287518
0.0287557
0.0287455
0.0283943
0.0286551
0.0290245
0.0286915
0.0286846
0.0285847
0.0288369
0.0288004
0.0287001
0.028733
0.0287104
0.0286988
0.0287343
0.0287369
0.0287052
0.0287333
0.0287324
0.0287237
0.0287171
0.0287246
0.0287272
0.0287249
0.0287244
0.0287144
0.028723
0.0287133
0.0287138
0.0287208
0.0287233
0.0287222
0.0287235
0.0287166
0.0287176
0.0287153
0.0287198
0.0287187
0.0287148
0.0287158
0.0287217
0.0287216
0.0287187
0.0287172
0.0287199
0.0287173
0.0287225
0.028717
0.0287166
0.0287165
0.0287211
0.0287168
0.0287176
0.0287218
0.0287214
0.0287166
0.028721
0.0292924
0.0289122
0.0286104
0.0289428
0.0288671
0.0284646
0.0286642
0.0285738
0.0286771
0.0287563
0.0286922
0.0286976
0.0287346
0.0287002
0.0287038
0.0287179
0.0287205
0.0287124
0.0287111
0.028718
0.0287262
0.0287251
0.0287264
0.0287262
0.0287258
0.0287238
0.0287118
0.0287244
0.0287243
0.0287122
0.0287207
0.0287181
0.0287147
0.0287231
0.0287232
0.0287147
0.0287169
0.0287235
0.0287238
0.0287221
0.0287235
0.0287176
0.0287176
0.0287233
0.0287226
0.0287229
0.0287169
0.0287226
0.0287162
0.0287182
0.028716
0.0292924
0.0289122
0.0286967
0.0289428
0.0288668
0.0284904
0.0286647
0.0285935
0.028731
0.0287457
0.0287221
0.0287233
0.0287271
0.0287323
0.0287318
0.0286752
0.0286795
0.028754
0.0287501
0.0287263
0.028693
0.0286911
0.0287068
0.0287081
0.0287043
0.02869
0.0287428
0.0286962
0.0287015
0.0287416
0.0287182
0.0287264
0.0287356
0.0287065
0.0287047
0.0287353
0.028729
0.0287023
0.0287002
0.0287092
0.0287024
0.0287263
0.028726
0.0287033
0.0287063
0.0287051
0.0287283
0.0287063
0.0287304
0.0287235
0.0287307
0.0278284
0.0291438
0.0292681
0.0295647
0.0292171
0.0281157
0.0286613
0.0286501
0.0285992
0.0286521
0.0287166
0.0286162
0.0287621
0.0286943
0.028735
0.0287401
0.0287188
0.0286435
0.0286433
0.0286469
0.0287196
0.0286878
0.0286883
0.0287001
0.0286484
0.0286459
0.0286672
0.0287449
0.0287495
0.0287457
0.0286677
0.0286763
0.0287534
0.0287469
0.0287209
0.0287008
0.0286823
0.0287344
0.0287267
0.0286879
0.0286844
0.0282034
0.0292428
0.0288836
0.028692
0.0285434
0.02885
0.0286907
0.0287933
0.0287024
0.0285716
0.0288269
0.0286809
0.0287369
0.028729
0.0287884
0.0287432
0.0287837
0.0287046
0.0287933
0.0286703
0.0286778
0.0286616
0.0286393
0.0287074
0.0287574
0.0287626
0.0287302
0.028724
0.0287178
0.0286581
0.0287693
0.0286741
0.0286869
0.0287635
0.0287035
0.0286781
0.0287444
0.0287179
0.0286708
0.0287041
0.0286969
0.0287447
0.0286834
0.0287388
0.028741
0.028685
0.0287131
0.0286826
0.0287264
0.0287412
0.0287198
0.0286938
0.0283277
0.0292184
0.0261206
0.0276336
0.0282515
0.0289109
0.0290365
0.0289195
0.0287404
0.0287542
0.0287233
0.0287015
0.0287245
0.0287117
0.0287126
0.0286902
0.0287226
0.0287014
0.0287211
0.0287176
0.0287012
0.028728
0.028707
0.028727
0.0287072
0.0287195
0.0287213
0.0287282
0.0287213
0.0287267
0.0287232
0.0287178
0.0287162
0.0287107
0.0287167
0.0287117
0.0287225
0.0287161
0.0287121
0.0287221
0.0287229
0.0287125
0.0287226
0.0287134
0.0287133
0.0287242
0.0287197
0.0287216
0.0282034
0.0283714
0.0287595
0.0285028
0.029043
0.0292459
0.0289928
0.0286371
0.0290714
0.0286584
0.0286799
0.028729
0.0287558
0.0285816
0.0286409
0.0287399
0.0288509
0.0287783
0.0286485
0.0288452
0.028671
0.0287179
0.0286194
0.0287133
0.0288237
0.028796
0.0288243
0.0287127
0.0286313
0.028811
0.0286411
0.0286564
0.028713
0.0286687
0.0286611
0.02868
0.0287279
0.0287819
0.0287817
0.0286757
0.028663
0.028736
0.0286831
0.0287192
0.028752
0.0286914
0.0287631
0.0287549
0.0287672
0.0287297
0.0287588
0.0286962
0.0287006
0.0287407
0.0286814
0.0287597
0.0286822
0.0287396
0.0286845
0.00943227
0.0300945
0.0257283
0.0279465
0.0274659
0.0284638
0.0280838
0.0282129
0.0284779
0.0282673
0.0283581
0.0287389
0.0284681
0.0284583
0.0285967
0.0284979
0.0285193
0.0285412
0.0286081
0.0287779
0.028528
0.0285919
0.0309479
0.0288101
0.0275509
0.0248165
0.0287309
0.0286643
0.0281731
0.0286605
0.0287046
0.0287873
0.0286773
0.0287721
0.0286699
0.0286635
0.0287139
0.028716
0.0287099
0.0286981
0.0286935
0.0287284
0.028719
0.0287141
0.0287214
0.0287023
0.0287254
0.0287022
0.028715
0.0287143
0.0287157
0.0287084
0.0287088
0.0287267
0.0287099
0.0287259
0.0287256
0.0287187
0.0287177
0.0287138
0.0287124
0.0287226
0.0287118
0.0293642
0.02889
0.0283398
0.0291663
0.0290384
0.0287732
0.0289519
0.0290065
0.0287403
0.0288531
0.0287965
0.0286968
0.0288254
0.0286302
0.0287858
0.0286655
0.0286523
0.0288102
0.0287896
0.0287067
0.0286475
0.0286479
0.028784
0.0288226
0.02876
0.028794
0.0286359
0.0287108
0.0287968
0.0287149
0.0287119
0.0287771
0.0287626
0.0286524
0.0287758
0.0286597
0.0287432
0.0286591
0.0287814
0.0286663
0.0286665
0.0287598
0.0287626
0.0287712
0.0287686
0.0286874
0.0287507
0.0287128
0.0287636
0.0287149
0.0287201
0.0287596
0.0287554
0.0287075
0.0287577
0.0295738
0.0293541
0.0286436
0.02815
0.0288138
0.0286763
0.0286389
0.0288012
0.0287014
0.028809
0.0286976
0.0285982
0.028758
0.028656
0.0286354
0.0286719
0.0286371
0.0287587
0.0287315
0.0287605
0.0286481
0.0286518
0.0286795
0.0287056
0.0287058
0.0286618
0.028661
0.0287302
0.0286672
0.0286654
0.0286977
0.0286741
0.0287274
0.0287126
0.0287512
0.0286838
0.0287524
0.028685
0.0286841
0.0286869
0.0286945
0.0286874
0.0286981
0.0287037
0.0286909
0.0132363
0.0288786
0.0260437
0.0277514
0.0279199
0.0282656
0.0288667
0.0285902
0.0285452
0.0285866
0.0286712
0.0286272
0.0286329
0.0287351
0.0286488
0.0286562
0.028661
0.0286661
0.0286708
0.0287299
0.0286931
0.0283278
0.0292177
0.0258201
0.0275379
0.0282396
0.0288973
0.0289928
0.0288623
0.0288215
0.0287021
0.0287174
0.0287347
0.0286506
0.0287647
0.0287438
0.0286116
0.0287032
0.0286286
0.0287171
0.028681
0.0286347
0.0287807
0.0286462
0.0287744
0.0286493
0.0287136
0.0287296
0.0287775
0.0287293
0.0287685
0.0287447
0.0287059
0.0286974
0.0286682
0.0287009
0.0286734
0.0287398
0.0286983
0.0286753
0.028737
0.0287424
0.0286787
0.0287402
0.0286841
0.0286838
0.0287502
0.0287224
0.0287339
0.0295768
0.0293633
0.0290332
0.0290152
0.0287927
0.028647
0.0286666
0.0286876
0.0286827
0.0287241
0.0286933
0.0287293
0.0287193
0.0287336
0.0287102
0.0287299
0.0287293
0.0287126
0.0287189
0.0287273
0.0287281
0.0287141
0.0287273
0.028711
0.0287248
0.0287118
0.0287195
0.0287244
0.0287155
0.0287233
0.0287215
0.028725
0.0287232
0.0287203
0.0287243
0.0287208
0.0287246
0.0287165
0.0295681
0.0282874
0.0294241
0.0287489
0.0289034
0.0284301
0.0286484
0.0285502
0.0287206
0.0287228
0.0287054
0.0286303
0.0286342
0.0287501
0.0287645
0.0287668
0.0286801
0.0286984
0.0286835
0.0287101
0.0287689
0.0287635
0.0287289
0.0286707
0.0287452
0.0286617
0.0287207
0.0286754
0.0286675
0.0286713
0.0287116
0.0287198
0.0286926
0.0286806
0.028681
0.0286833
0.0287535
0.0287485
0.0287069
0.0287273
0.0287414
0.0287239
0.0287039
0.0286898
0.028742
0.028744
0.0187423
0.0212145
0.0299789
0.0276386
0.0276277
0.0284881
0.0284725
0.0284279
0.0287169
0.0284563
0.0284364
0.0285181
0.0286359
0.0285926
0.0285557
0.0285667
0.0300293
0.0280323
0.0296474
0.0284019
0.0293222
0.0288348
0.0287416
0.0285625
0.0286308
0.0288582
0.0288148
0.0288741
0.0286652
0.0287295
0.0287394
0.0287239
0.0288011
0.0286837
0.0287841
0.0288136
0.0286944
0.0287108
0.0286895
0.0287462
0.0287063
0.0286671
0.0286811
0.0287949
0.0287821
0.0287897
0.0286676
0.0286647
0.0287709
0.0286739
0.0287785
0.0287695
0.0287722
0.0287691
0.0286775
0.028714
0.0286739
0.0287679
0.0286881
0.0286951
0.0287643
0.0286867
0.0286855
0.0287566
0.0287177
0.0287474
0.0287268
0.0286957
0.0286931
0.0287515
0.0287512
0.0287281
0.0286959
0.028749
0.0287016
0.0287494
0.0286944
0.0287428
0.028695
0.0287221
0.0320929
0.0316336
0.0309703
0.03027
0.0293338
0.0285699
0.0287159
0.028663
0.0286781
0.0285693
0.0286901
0.0286115
0.0287335
0.0286547
0.0287495
0.028754
0.028632
0.028724
0.0286415
0.0286455
0.0286617
0.0286595
0.0286943
0.0287309
0.0287307
0.028672
0.0120897
0.0287522
0.0258376
0.0276773
0.0277002
0.0282189
0.0287018
0.028515
0.0284305
0.0284961
0.0285981
0.0285344
0.0285354
0.0287519
0.0285743
0.0285793
0.0285892
0.0285999
0.028617
0.0287417
0.0286601
0.000523253
0.0255811
0.0314619
0.0266043
0.0292678
0.0294469
0.0293792
0.0283935
0.0287303
0.0286806
0.0288143
0.028744
0.0287986
0.028783
0.028749
0.0287914
0.0287619
0.0287837
0.0287819
0.0287359
0.0287554
0.028771
0.0287218
0.0349547
0.0283297
0.0292485
0.030052
0.0290645
0.0288027
0.0288302
0.0286412
0.0288862
0.0287511
0.0287173
0.0287405
0.0287461
0.0287333
0.0287773
0.0286776
0.0287862
0.0286793
0.0288128
0.0287576
0.0288073
0.0287956
0.0286905
0.0287982
0.0287339
0.0287965
0.0286852
0.0287724
0.0287623
0.0286702
0.0287582
0.028675
0.0287812
0.0286701
0.0287769
0.0287721
0.0287608
0.0287214
0.0287612
0.0286782
0.0286753
0.0287407
0.028755
0.0286903
0.0286913
0.0287226
0.0286875
0.0287629
0.028762
0.0287623
0.0287623
0.0287592
0.0287344
0.0286918
0.0287536
0.0287064
0.0286941
0.0287249
0.0287065
0.0287427
0.0287032
0.0287192
0.0287332
0.0213085
0.0274262
0.029843
0.0275857
0.0287531
0.028357
0.0288107
0.0286099
0.0284988
0.0286967
0.0287151
0.0286433
0.0286868
0.0286769
0.0287108
0.0286742
0.0287083
0.0286829
0.0287254
0.0286951
0.0286942
0.0287165
0.0286968
0.0286928
0.0286946
0.0287299
0.0287078
0.0286971
0.0286987
0.028729
0.0196305
0.030876
0.0293252
0.0288896
0.0285638
0.0289118
0.0277716
0.0281753
0.0284726
0.0282897
0.0283595
0.0283423
0.0283453
0.0288052
0.0286494
0.0285763
0.0284362
0.0284966
0.0284673
0.0286458
0.028544
0.0121195
0.0257397
0.0275389
0.0284511
0.0281425
0.0289461
0.0285394
0.0284475
0.0284649
0.028475
0.0287627
0.0285648
0.0285987
0.0286098
0.0285805
0.0286303
0.0286113
0.0286959
0.0285983
0.0286803
0.0286353
0.0287252
0.0286567
0.0278292
0.0291441
0.0292777
0.029577
0.0292201
0.0280753
0.0286438
0.0286481
0.0285826
0.0286392
0.0287106
0.0286016
0.028768
0.0286868
0.0287366
0.0287423
0.0287177
0.0286354
0.0286349
0.0286371
0.0287188
0.0286828
0.0286835
0.0286968
0.0286401
0.0286365
0.0286601
0.0287477
0.028753
0.0287487
0.0286613
0.0286704
0.0287574
0.0287501
0.0287208
0.028698
0.0286777
0.0287362
0.0287274
0.028684
0.0286799
0.0192886
0.0312294
0.0310515
0.0304343
0.0277509
0.0291656
0.0289948
0.0288383
0.0288104
0.0287881
0.0288049
0.0287972
0.0287873
0.0287565
0.028739
0.0287693
0.0287601
0.0287658
0.0287673
0.0287648
0.0287545
0.0287624
0.0287143
0.0287177
0.028754
0.0287538
0.0287238
0.0287539
0.031089
0.0212537
0.0310234
0.0291445
0.0279887
0.0281577
0.0282173
0.0285544
0.0285478
0.0285809
0.02855
0.0287293
0.0287014
0.0287103
0.0286381
0.0287099
0.0286336
0.0287176
0.0286503
0.0286459
0.0286495
0.0286815
0.0292529
0.0286563
0.028916
0.028778
0.0292239
0.0291634
0.0288164
0.0288004
0.02904
0.0285197
0.0285706
0.0287047
0.0287732
0.0288526
0.0288611
0.0288651
0.0287395
0.0287496
0.0288493
0.0286973
0.0286694
0.0288295
0.0287315
0.0286899
0.0287326
0.0286496
0.0286512
0.0287621
0.0287877
0.0287932
0.0287721
0.0287046
0.0286719
0.028712
0.0287908
0.028785
0.0286609
0.0286711
0.0287189
0.0286759
0.0287784
0.0287476
0.0286934
0.0286895
0.0287532
0.0286784
0.0286847
0.0286981
0.0287524
0.0287269
0.0287405
0.0287617
0.0286867
0.028685
0.0286987
0.0286839
0.028703
0.0287093
0.0287576
0.0287566
0.0287064
0.0287151
0.0287345
0.0287412
0.0287333
0.0286915
0.0287369
0.0287263
0.0335516
0.0239622
0.0283799
0.0274128
0.0282053
0.0283706
0.0282977
0.0285419
0.028464
0.0284311
0.0284394
0.0293066
0.0290447
0.0281418
0.0285575
0.0276752
0.0278951
0.0286156
0.0287258
0.0287297
0.0285097
0.0285417
0.0285268
0.0287182
0.0286316
0.028738
0.0286525
0.0286117
0.0287801
0.0287041
0.0287008
0.0287322
0.0286501
0.0287244
0.0286529
0.0287338
0.0286741
0.028656
0.0286656
0.0286717
0.0287203
0.0287443
0.0287177
0.0286808
0.028671
0.0286858
0.0287345
0.0287414
0.0287159
0.028729
0.0287445
0.028905
0.0291696
0.026807
0.028819
0.0282836
0.0289389
0.0288169
0.0287343
0.0287942
0.0287859
0.0288577
0.0286429
0.02858
0.0288179
0.0286178
0.028598
0.0286129
0.0287672
0.0286194
0.028614
0.0286774
0.0286573
0.0287907
0.0286755
0.028668
0.0286479
0.0287108
0.0287616
0.0287727
0.0287636
0.0286534
0.0286864
0.0286576
0.028709
0.0287446
0.028665
0.0286693
0.0286974
0.0286714
0.0287392
0.0287113
0.0287115
0.0286859
0.0287039
0.0287286
0.0286816
