0.0181265
0.00610769
0.0120559
0.0111844
0.0119915
0.0117959
0.0117744
0.0118401
0.0118688
0.011829
0.0118483
0.0113718
0.0115308
0.0122572
0.0117483
0.0118007
0.0121685
0.0126418
0.0119703
0.0117539
0.0118315
0.0116571
0.0118329
0.011757
0.011987
0.0117171
0.0119957
0.0118495
0.0116963
0.0118461
0.0120409
0.0120144
0.0119891
0.0117932
0.011952
0.0117796
0.0118429
0.0119599
0.0118109
0.0119556
0.0119584
0.0118889
0.0118638
0.0119564
0.011946
0.0117716
0.0117772
0.0119132
0.0117902
0.0118507
0.0118117
0.0119282
0.0119048
0.0118745
0.0118172
0.0119235
0.0118339
0.0117917
0.0118087
0.0118033
0.011909
0.0119028
0.0118078
0.0118789
0.0118786
0.0118126
0.0117943
0.0118987
0.0118284
0.0118058
0.011879
0.0118491
0.0118254
0.0118578
0.0118734
0.0118277
0.0113047
0.0120367
0.0115074
0.0120339
0.0116941
0.0120782
0.0116354
0.0117622
0.0117608
0.0119322
0.0119172
0.0118817
0.011889
0.0118809
0.0118022
0.0118093
0.0118352
0.0118366
0.0118625
0.0118667
0.0118328
0.0118413
0.0118404
0.0118419
0.0118418
0.0118402
0.0118408
0.0118471
0.0118536
0.0118483
0.0118412
0.0118459
0.0118484
0.0118412
0.011852
0.0118521
0.0118418
0.011842
0.0118416
0.0118497
0.0118469
0.0118419
0.0118425
0.0118421
0.01185
0.0118427
0.0118495
0.011846
0.0118492
0.0118426
0.0118428
0.0118465
0.0118432
0.0118442
0.0118443
0.0118463
0.0118459
0.0118433
0.0117105
0.0120746
0.011471
0.0115288
0.0115578
0.0116498
0.0117596
0.0118714
0.0119226
0.0118057
0.0118611
0.0118649
0.0118094
0.0118421
0.0118424
0.0118689
0.0118503
0.0118354
0.01184
0.0118465
0.0118545
0.0118566
0.0118429
0.0118556
0.0118417
0.0118404
0.0118404
0.0118417
0.011841
0.0118465
0.0118431
0.0118519
0.0118519
0.0118536
0.0118509
0.011841
0.011853
0.0118444
0.0118508
0.0118471
0.0118497
0.0118482
0.0118512
0.011844
0.01185
0.0118439
0.0118507
0.0118484
0.0118503
0.0118504
0.0117105
0.0120745
0.0114717
0.0114196
0.0115635
0.0117135
0.0118346
0.0118668
0.0118795
0.0117385
0.0119227
0.0118087
0.011854
0.0118399
0.0117831
0.0118211
0.0117941
0.0118462
0.0118833
0.0118387
0.0118233
0.0118133
0.0118467
0.0118175
0.0118523
0.0118741
0.0118756
0.0118622
0.0118674
0.0118422
0.0118557
0.0118269
0.011827
0.0118229
0.0118298
0.0118691
0.0118248
0.0118526
0.0118307
0.0118428
0.011834
0.0118391
0.0118297
0.0118557
0.0118335
0.011856
0.0118317
0.0118392
0.011833
0.0118325
0.0127143
0.00928831
0.0115415
0.0104107
0.0124535
0.0122578
0.011988
0.0116821
0.0116593
0.0117992
0.0117416
0.0119328
0.0117665
0.0117387
0.0117434
0.0118969
0.0117445
0.0118307
0.0118756
0.0118117
0.0119075
0.0118573
0.0118611
0.0118532
0.0117965
0.0118032
0.0118778
0.0117963
0.0118195
0.0118557
0.0118404
0.0118584
0.0118521
0.011799
0.0118005
0.0118638
0.0118045
0.0118171
0.0116913
0.0122479
0.0121937
0.0115983
0.011964
0.0115734
0.0117994
0.0116034
0.0118468
0.0116565
0.0118378
0.0120183
0.0117751
0.0118417
0.0116915
0.0117397
0.0119877
0.0119815
0.0119585
0.0118591
0.0117474
0.0117792
0.0117877
0.0118716
0.0117628
0.0119326
0.0118547
0.011836
0.0119196
0.0119043
0.011794
0.0119171
0.0117991
0.0117913
0.011847
0.0118905
0.0118159
0.0118959
0.0118934
0.0117934
0.0119016
0.0118189
0.0118083
0.0118033
0.0118424
0.0118776
0.0118104
0.0118553
0.0118592
0.0118137
0.0118846
0.011885
0.0118221
0.0118211
0.0125145
0.0105633
0.0106555
0.011431
0.0118029
0.0121529
0.0117575
0.0117235
0.0117348
0.0118743
0.0117811
0.0118796
0.0117931
0.0118132
0.0118669
0.0118333
0.0118423
0.0118384
0.0118439
0.0118521
0.0118612
0.0118455
0.0118454
0.0118456
0.0118504
0.0118544
0.0118366
0.0118534
0.0118439
0.0118468
0.0118533
0.0118546
0.0118497
0.011844
0.0118492
0.0118445
0.0118407
0.0118384
0.0118386
0.0118446
0.011839
0.0118394
0.0118489
0.0118401
0.0118494
0.0116839
0.0125751
0.0115188
0.0123298
0.0116223
0.0117153
0.0117211
0.0121904
0.0117904
0.0119263
0.0118371
0.0120297
0.0116706
0.0119852
0.0117933
0.0118076
0.0118231
0.0120369
0.0117387
0.0120029
0.0117257
0.0118942
0.0117466
0.0119678
0.01178
0.011787
0.0117507
0.0119557
0.0119631
0.0118239
0.0117777
0.0118503
0.0118743
0.0119145
0.0117772
0.0118803
0.0119329
0.0117923
0.0118396
0.0117775
0.0118242
0.0119256
0.0117844
0.0118016
0.0118156
0.011919
0.0118495
0.0117822
0.0117882
0.0118588
0.0119097
0.0118159
0.0119054
0.0117964
0.0119024
0.0118403
0.0118583
0.0118948
0.0118968
0.0118581
0.0118813
0.0118271
0.0118949
0.00718512
0.00705886
0.011175
0.0106341
0.0109499
0.0118128
0.0121131
0.0114174
0.0114126
0.0115557
0.0119336
0.0116572
0.0114418
0.0114716
0.0114974
0.0116988
0.0115845
0.0115665
0.0115898
0.0116562
0.0117533
0.0117846
0.0117719
0.0130145
0.0127216
0.010024
0.0108716
0.011333
0.012158
0.0120023
0.0117278
0.0117498
0.011814
0.0117554
0.0118592
0.0118122
0.0118268
0.0118271
0.0118411
0.0118361
0.0118329
0.011838
0.0118309
0.0118399
0.0118327
0.0118578
0.0118328
0.011849
0.0118371
0.0118353
0.0118558
0.0118358
0.0118362
0.0118359
0.0118362
0.0118492
0.0118409
0.0118438
0.0118473
0.0118409
0.0118452
0.0118383
0.0122438
0.0116365
0.0121518
0.0125961
0.0122904
0.0120351
0.0119777
0.011737
0.0121663
0.0121274
0.0118354
0.0118379
0.0120712
0.0119861
0.0120026
0.0120551
0.0116987
0.0118707
0.0117826
0.0118928
0.011866
0.0117497
0.0119617
0.0119581
0.0118609
0.0117433
0.0118705
0.0119594
0.01182
0.0119208
0.0117609
0.0119218
0.0119394
0.0117838
0.0117761
0.0119263
0.0117745
0.0117795
0.0119192
0.0119129
0.0118563
0.0119172
0.0117966
0.011819
0.01191
0.011909
0.0118668
0.0118191
0.0117913
0.011901
0.0119004
0.011799
0.0118225
0.0118679
0.0118019
0.0118059
0.0118259
0.0116706
0.0117058
0.0122137
0.0122318
0.0110566
0.0121496
0.011679
0.0119197
0.0118182
0.0117998
0.0118572
0.0118343
0.0118232
0.0117115
0.0117276
0.0118305
0.0117667
0.0118826
0.0117645
0.011819
0.0118754
0.0118144
0.0117915
0.0117784
0.0118746
0.0118577
0.0118634
0.011898
0.0117919
0.0118894
0.0118761
0.0117959
0.0117964
0.0118895
0.0118209
0.0118673
0.0118234
0.0118467
0.0118681
0.0118095
0.0118487
0.0118505
0.0118118
0.0118144
0.0118133
0.0118468
0.0042324
0.0131113
0.0123424
0.0119142
0.0117814
0.0117748
0.0117772
0.011823
0.0117993
0.0117632
0.0117635
0.0117674
0.0118427
0.0118113
0.0117873
0.0118173
0.0118119
0.0117996
0.0118074
0.0125043
0.0103816
0.0103957
0.0114304
0.0119662
0.0121186
0.0117693
0.0117819
0.0116163
0.0117749
0.0116799
0.0118012
0.0116901
0.0118529
0.0118232
0.0119019
0.011845
0.0117695
0.0118675
0.0119092
0.0119301
0.0118593
0.0118552
0.0118551
0.0118852
0.0118986
0.0117801
0.0118936
0.011834
0.0118543
0.0118925
0.0118986
0.0118706
0.0118331
0.0118669
0.0118364
0.0118095
0.0117945
0.0117969
0.0118358
0.0117986
0.0118025
0.0118625
0.0118065
0.0118653
0.0118673
0.0122254
0.0103216
0.0116227
0.012337
0.0122025
0.0119375
0.0117793
0.011819
0.0118118
0.0118996
0.0117818
0.0118381
0.0118446
0.0118672
0.0118633
0.0118475
0.0118334
0.0118331
0.0118643
0.0118615
0.0118377
0.0118379
0.0118575
0.0118378
0.0118389
0.011858
0.0118582
0.0118561
0.0118386
0.0118509
0.0118555
0.0118417
0.0118391
0.0118512
0.0118515
0.0118404
0.0118521
0.0118426
0.0118447
0.0118461
0.0118476
0.010366
0.0121406
0.0122458
0.011533
0.0121637
0.0122756
0.0120459
0.0118282
0.0116712
0.0119372
0.011835
0.0118004
0.0117144
0.0119105
0.0119591
0.0118418
0.0119287
0.0117639
0.011766
0.0117669
0.0117686
0.0117988
0.0118823
0.0119003
0.0118943
0.0118527
0.0118357
0.0119018
0.0119014
0.0119015
0.011818
0.0119009
0.0118497
0.0118329
0.0118611
0.0117994
0.0118405
0.011841
0.0118181
0.0118376
0.0118856
0.0118224
0.0118744
0.0118135
0.011873
0.0118488
0.0118639
0.0184166
0.00803044
0.0165388
0.0112543
0.0115806
0.0115787
0.011741
0.0119113
0.0117156
0.0117905
0.0118033
0.011898
0.0116897
0.0118224
0.0116963
0.0117489
0.0142465
0.012059
0.0126931
0.0119142
0.0122618
0.0122446
0.0115556
0.0122468
0.0122141
0.0119075
0.0120407
0.0118709
0.012056
0.0120245
0.0117242
0.0117712
0.0117767
0.0118607
0.0119006
0.0118035
0.011749
0.0118417
0.0119588
0.0119176
0.0119057
0.0117993
0.0119121
0.0119239
0.0117999
0.011925
0.0118938
0.0119241
0.0117798
0.0119171
0.011899
0.0118145
0.0117867
0.0119159
0.0118016
0.0118966
0.0118444
0.0118576
0.0119049
0.0118446
0.011891
0.011865
0.0118984
0.0117997
0.0118861
0.0118114
0.0118677
0.0118244
0.011888
0.0118707
0.0118561
0.0118879
0.0118805
0.0118309
0.0118717
0.0118276
0.0118807
0.0118706
0.0118166
0.0118431
0.0118645
0.0118504
0.0118389
0.0122489
0.0125347
0.0114147
0.0117938
0.0115953
0.0117867
0.0119269
0.0117547
0.0117401
0.0117441
0.0117455
0.0118615
0.0117579
0.0118004
0.011809
0.0118347
0.0118012
0.011775
0.0117779
0.0118494
0.0118548
0.0118118
0.0118363
0.0118407
0.0117957
0.0118167
0.00360769
0.0130764
0.0121836
0.0117381
0.0116193
0.0116913
0.0116949
0.0118349
0.0117389
0.011667
0.0116553
0.0116604
0.011843
0.0117685
0.011719
0.0117844
0.011772
0.011743
0.0117605
0.00618121
0.0118772
0.0118153
0.0132736
0.0113204
0.0112526
0.0115
0.0117031
0.0119217
0.0119984
0.0119748
0.0118806
0.011963
0.011814
0.011939
0.0119059
0.0119177
0.0119026
0.0119177
0.0118935
0.0118288
0.0118684
0.0114031
0.0129965
0.0114582
0.0122026
0.0120587
0.0116558
0.0120612
0.0116945
0.0121815
0.0120688
0.0121622
0.0118757
0.0118297
0.011828
0.0118071
0.01195
0.0117545
0.0119698
0.0119428
0.0118903
0.0118611
0.0119504
0.0117604
0.011945
0.0118563
0.0119413
0.0119095
0.0119399
0.011886
0.011781
0.0119036
0.0118878
0.0119159
0.0118068
0.0119029
0.0117955
0.011864
0.0119094
0.0118453
0.0119059
0.011827
0.0119022
0.0118538
0.0118999
0.0118336
0.0118245
0.0118956
0.0118214
0.0118417
0.011862
0.0118921
0.0118079
0.0118906
0.011873
0.0118098
0.0118859
0.0118598
0.0118349
0.0118181
0.0118201
0.0118769
0.0118326
0.0118761
0.00910174
0.0105319
0.0125697
0.0119873
0.0119775
0.0116454
0.0117018
0.0116408
0.011781
0.0118349
0.0118119
0.0118172
0.0118413
0.0118743
0.0118313
0.0118183
0.0118218
0.0118218
0.0118197
0.0118306
0.0118381
0.0118268
0.0118314
0.0118586
0.0118457
0.0118351
0.00977625
0.0106152
0.0111866
0.0107994
0.0115687
0.0117218
0.0112862
0.0113089
0.0113387
0.0112535
0.0113431
0.0114783
0.011369
0.011979
0.0118895
0.0115598
0.01151
0.0114954
0.0115707
0.0115371
0.0116066
0.0117758
0.0118006
0.0117006
0.0106181
0.0123308
0.0101146
0.0106475
0.0120085
0.0114629
0.0114212
0.0117013
0.0118976
0.0116478
0.0116552
0.0117351
0.0117007
0.0117034
0.011708
0.0118034
0.011853
0.0118698
0.0118053
0.0117997
0.0100712
0.0110319
0.0108712
0.0118262
0.0120482
0.0119154
0.0119155
0.0118849
0.0118274
0.0118094
0.0117258
0.0119613
0.0117185
0.011788
0.0117506
0.0117377
0.0118264
0.0118846
0.0118419
0.0117691
0.011765
0.0117836
0.0118408
0.0117731
0.0118578
0.0118251
0.0118496
0.0117804
0.0117938
0.0117965
0.0118826
0.0118063
0.011806
0.0118702
0.0118593
0.0118013
0.0118033
0.0118748
0.0118236
0.0135787
0.0131245
0.0105364
0.0105763
0.0115758
0.0113251
0.0119658
0.0117798
0.0117601
0.0119494
0.0118021
0.0119241
0.0119155
0.0119247
0.0118354
0.0118872
0.0119164
0.0119064
0.0119002
0.0119027
0.0118215
0.0118734
0.0118866
0.011871
0.0118804
0.0118839
0.0118841
0.0118729
0.0118802
0.0130533
0.00830166
0.0127972
0.0103376
0.0114663
0.012035
0.0114898
0.0115406
0.0116843
0.0117106
0.011746
0.0117394
0.0117331
0.0117554
0.011755
0.0117915
0.0117698
0.0118349
0.0118038
0.011781
0.0117827
0.011815
0.0118122
0.011413
0.0128581
0.0115498
0.0115973
0.0126225
0.0120795
0.0119624
0.0120068
0.0118763
0.0122042
0.0118595
0.0117654
0.0118333
0.0117667
0.0120483
0.0118043
0.0118895
0.0117781
0.0118564
0.0119681
0.0118747
0.0118698
0.0119667
0.0117547
0.0119603
0.0119653
0.0117709
0.0119367
0.0119478
0.0117672
0.0119383
0.0119351
0.0117774
0.0119209
0.0119012
0.0118243
0.0119248
0.0119168
0.011901
0.0119229
0.0117879
0.0119158
0.0118584
0.0118916
0.0118736
0.0118713
0.0119075
0.0119063
0.0118504
0.0118942
0.0118061
0.0118191
0.0118907
0.0119002
0.0118976
0.0118963
0.011877
0.0118943
0.0118925
0.0118067
0.0118893
0.0118872
0.0118891
0.0118647
0.0118863
0.0118712
0.0118621
0.0118477
0.0118347
0.0118477
0.00451253
0.0115807
0.0117832
0.0111746
0.011407
0.011321
0.0113463
0.0116377
0.0116101
0.01163
0.0117376
0.00905413
0.0118961
0.0113689
0.0114319
0.0113015
0.0114959
0.0118373
0.0117909
0.0119176
0.0118843
0.011883
0.0117689
0.0118969
0.0118391
0.0117651
0.011751
0.0117564
0.0118824
0.0118513
0.0117669
0.0118249
0.0117908
0.0118341
0.0117909
0.0117848
0.0117904
0.0118809
0.0118519
0.0118907
0.0118607
0.0118205
0.0118007
0.011872
0.0118802
0.0118546
0.0118124
0.0118201
0.0118687
0.0106618
0.0109389
0.0121944
0.0120815
0.0120207
0.0121423
0.0119435
0.0118306
0.01186
0.0117733
0.0116693
0.0119731
0.0119289
0.011698
0.011885
0.0117224
0.0118423
0.0117202
0.011727
0.0117339
0.0118617
0.0117616
0.0117529
0.011886
0.0119131
0.0118755
0.0118791
0.0117969
0.0117553
0.0118016
0.0117842
0.0117849
0.0119103
0.0118047
0.0118654
0.0117877
0.0118675
0.0117865
0.0118055
0.0118935
0.0118611
0.0118553
0.0117925
0.0117959
0.0118596
0.0118005
