0.0172302
0.0223841
0.020606
0.0211155
0.0206804
0.0201379
0.0204885
0.0204244
0.0204571
0.0204457
0.0204291
0.0204262
0.0201277
0.0205881
0.0207497
0.0203928
0.0202668
0.0208345
0.0203214
0.0203928
0.0206308
0.0203982
0.0204445
0.0206443
0.0203281
0.0206179
0.0203784
0.0203196
0.0203348
0.0205596
0.020341
0.020424
0.0205287
0.0205527
0.0204848
0.0205141
0.0205376
0.0205403
0.0204162
0.0203777
0.0205168
0.0205116
0.0204169
0.0205087
0.0204847
0.0203999
0.0205006
0.0204417
0.0203902
0.0204247
0.0204788
0.0204697
0.0204957
0.0204098
0.0204445
0.0204685
0.0204866
0.0204868
0.0204753
0.0204797
0.0204536
0.0204741
0.0204771
0.0204197
0.0204777
0.0204625
0.0204755
0.0204078
0.020399
0.0204686
0.0204057
0.0204598
0.0204597
0.020421
0.0204661
0.0204657
0.0222206
0.0204774
0.0208103
0.0202551
0.0202451
0.020284
0.0205038
0.0204387
0.0203965
0.0204701
0.020409
0.0204371
0.0204406
0.0204064
0.0204086
0.0204228
0.0204384
0.020412
0.0204198
0.0204292
0.0204243
0.0204171
0.0204317
0.0204219
0.020428
0.0204321
0.0204313
0.0204287
0.0204219
0.0204292
0.0204285
0.0204231
0.0204289
0.0204296
0.020425
0.0204296
0.0204288
0.02043
0.0204298
0.0204288
0.020426
0.0204227
0.0204299
0.0204228
0.020426
0.0204301
0.020424
0.0204282
0.0204261
0.0204242
0.0204289
0.0204283
0.0204281
0.0204283
0.0204253
0.0208439
0.0207558
0.020729
0.0201496
0.0204526
0.0203909
0.0204042
0.0204145
0.0203535
0.0203837
0.0204331
0.0203957
0.0204285
0.020414
0.0204397
0.0204295
0.0204345
0.0204336
0.0204303
0.0204208
0.0204206
0.0204285
0.0204256
0.0204214
0.0204219
0.0204213
0.0204231
0.0204325
0.0204212
0.0204226
0.0204308
0.020424
0.0204331
0.0204322
0.0204215
0.0204229
0.0204218
0.0204217
0.0204298
0.0204241
0.0204271
0.0204225
0.0204279
0.0204271
0.0204242
0.0204225
0.02043
0.0204233
0.0204268
0.0204262
0.0204297
0.02043
0.0204237
0.0207986
0.0207537
0.0207059
0.0200603
0.0203876
0.0203281
0.0203433
0.020355
0.0203781
0.0204193
0.0203829
0.0204121
0.0203797
0.0204204
0.0203992
0.0204207
0.0203902
0.0203896
0.0204169
0.0204266
0.0204557
0.0204173
0.0204213
0.0204313
0.0204574
0.0204375
0.0204308
0.0204062
0.0204434
0.0204341
0.0204104
0.0204318
0.0204048
0.0204068
0.0204477
0.0204393
0.0204457
0.0204462
0.0204138
0.0204346
0.0204228
0.0204417
0.0204201
0.0204229
0.0204348
0.0204417
0.0204138
0.0204385
0.0204248
0.0204271
0.0204148
0.0204139
0.020437
0.0210242
0.0198058
0.0210652
0.0200439
0.0196677
0.0207249
0.0205289
0.0204682
0.0203704
0.020398
0.0203664
0.0203697
0.0205263
0.0202949
0.0203512
0.0204518
0.0203431
0.0204666
0.0203816
0.0203427
0.0204186
0.0203507
0.0203563
0.020439
0.0203704
0.0203752
0.0204068
0.0204416
0.0203699
0.0204611
0.0203811
0.0204368
0.0203821
0.0203893
0.0204141
0.0204581
0.0204111
0.020392
0.0203897
0.0203959
0.0204379
0.0207831
0.0197087
0.0203642
0.020283
0.0203195
0.0206692
0.0205058
0.0206327
0.0204336
0.0203473
0.0204776
0.0204573
0.0204109
0.0204091
0.0203552
0.0203154
0.020323
0.0203999
0.0203506
0.0204791
0.0203443
0.020402
0.0204686
0.0205038
0.0203808
0.0204704
0.0204309
0.0204465
0.0204578
0.0203646
0.0204451
0.020367
0.0204387
0.0203706
0.0204798
0.0203789
0.020476
0.0204322
0.0204736
0.020434
0.0203817
0.0203855
0.0204102
0.0204509
0.0204467
0.0204033
0.0203907
0.0204614
0.020461
0.0203964
0.0204213
0.0204199
0.0203994
0.0199991
0.0208596
0.0204181
0.0202131
0.019983
0.0200484
0.02025
0.0203177
0.0202998
0.020375
0.0204164
0.0204029
0.0203948
0.0204286
0.0204294
0.0204134
0.0204227
0.0204088
0.0204322
0.0204151
0.0204365
0.0204365
0.0204213
0.0204147
0.020416
0.0204374
0.0204278
0.0204165
0.0204168
0.020417
0.0204274
0.0204313
0.02042
0.0204284
0.0204189
0.0204194
0.0204195
0.020425
0.020426
0.020424
0.0204251
0.0204311
0.0204251
0.0204211
0.0204293
0.0204312
0.0250989
0.0200406
0.0201235
0.0206532
0.0201467
0.0204206
0.0202737
0.0204859
0.0207439
0.0203431
0.0207278
0.0205344
0.020434
0.0206272
0.0204893
0.0205936
0.0204226
0.0204467
0.020396
0.0204287
0.0205704
0.0204136
0.020363
0.0204713
0.0203287
0.0205294
0.020336
0.0203488
0.0203793
0.0205054
0.0205187
0.0204723
0.0205106
0.0203675
0.020358
0.0203585
0.0205003
0.0203867
0.0204558
0.0203645
0.0204258
0.0203976
0.0204921
0.020379
0.0204305
0.0203738
0.020471
0.0204537
0.0204827
0.0204545
0.0203774
0.0204639
0.020459
0.0203941
0.0204349
0.0204512
0.0204716
0.0204162
0.0204496
0.0204684
0.0204049
0.0204262
0.0204395
0.0204011
0.023159
0.0129556
0.0202035
0.0182371
0.0199131
0.0194374
0.0201384
0.0201362
0.0199312
0.0205926
0.0205847
0.0203162
0.0200849
0.0201842
0.020209
0.020095
0.0201641
0.0201713
0.0204208
0.0202173
0.0203671
0.0203298
0.0202395
0.0051366
0.021308
0.0180414
0.0196212
0.0195487
0.0206643
0.0201528
0.0202933
0.0205088
0.0203565
0.0204089
0.0204661
0.0204289
0.020436
0.0204004
0.0204112
0.0203999
0.0204132
0.0204159
0.0204156
0.0204336
0.0204356
0.0204124
0.0204141
0.0204347
0.0204154
0.0204355
0.0204369
0.0204272
0.020421
0.0204268
0.0204332
0.0204168
0.0204237
0.0204195
0.0204209
0.0204254
0.0204185
0.0204205
0.0204192
0.0204226
0.0204187
0.0257716
0.0219632
0.0200852
0.0208205
0.0210518
0.0205519
0.0203891
0.0204101
0.0204156
0.0206401
0.0205721
0.0205108
0.0203587
0.0203051
0.0205645
0.0203472
0.0205506
0.0203164
0.0205273
0.0205492
0.0204082
0.0205115
0.0204667
0.0203499
0.0205117
0.0205035
0.0205228
0.020386
0.0204503
0.0203552
0.0203622
0.020492
0.0204509
0.0204472
0.0203754
0.0204974
0.0203584
0.0204933
0.0204865
0.0204898
0.0204488
0.0204132
0.0203917
0.0204012
0.0203774
0.0204407
0.0204444
0.0203931
0.0204018
0.0204563
0.0204678
0.020392
0.0204591
0.0204653
0.0203977
0.0204645
0.0203925
0.0198287
0.0187145
0.0209584
0.0202998
0.0199778
0.0205696
0.020455
0.0204747
0.0202956
0.0204104
0.0203689
0.020401
0.0203428
0.0203995
0.0204027
0.0204717
0.0204832
0.0204506
0.0203745
0.0204858
0.020367
0.0203683
0.0204537
0.0204117
0.0203683
0.0203877
0.0203695
0.0203726
0.0203732
0.0204643
0.0204581
0.0203867
0.0203997
0.0204509
0.0204339
0.0203888
0.020393
0.0204589
0.0204469
0.0203923
0.0203923
0.0203943
0.0204353
0.0203979
0.0203967
0.0203974
0.020407
0.0188171
0.0194161
0.0221466
0.0205167
0.0199771
0.0203291
0.0203295
0.0203421
0.0203441
0.0203539
0.0203529
0.020344
0.0203443
0.0203598
0.0203661
0.0203974
0.020383
0.0203777
0.0203787
0.0204073
0.0204364
0.0204125
0.0199992
0.0208431
0.0205754
0.020206
0.019775
0.0199054
0.0202632
0.020192
0.0201919
0.0202761
0.0204874
0.0203077
0.0204373
0.0204078
0.0203565
0.0204239
0.0203636
0.0203338
0.0204773
0.0203485
0.0204897
0.0204896
0.0203874
0.0203493
0.0203596
0.0204892
0.020446
0.0203617
0.0203634
0.0203635
0.0204385
0.0204593
0.0203839
0.0204413
0.0203778
0.0203805
0.0203821
0.0204186
0.0204249
0.0204115
0.0204192
0.0204553
0.0204185
0.0203932
0.0204447
0.0204552
0.0199416
0.0200405
0.0210281
0.0192836
0.019965
0.020115
0.0202978
0.0205015
0.0204941
0.0204693
0.0204223
0.0203918
0.0204623
0.0204064
0.0204467
0.0204418
0.0204189
0.0204169
0.0204279
0.0204167
0.020423
0.0204305
0.020421
0.020426
0.0204197
0.020425
0.0204221
0.0204358
0.0204357
0.0204204
0.0204212
0.0204322
0.0204319
0.0204306
0.0204294
0.0204239
0.0204329
0.0204241
0.0204321
0.0204262
0.0204323
0.0137715
0.0197002
0.0204775
0.0196674
0.020779
0.0201702
0.0204371
0.0205003
0.020408
0.0204086
0.020414
0.0203221
0.0203156
0.0205236
0.0204781
0.0204263
0.0204084
0.0204999
0.0203838
0.0203774
0.0204657
0.0204459
0.0203895
0.0204429
0.0203663
0.0204012
0.0203724
0.0203702
0.0203771
0.0204045
0.0203778
0.0204631
0.0204541
0.0203876
0.020387
0.0204109
0.0203881
0.0203913
0.0204022
0.0204523
0.0204543
0.0204149
0.0204386
0.0204204
0.020418
0.0341897
0.0260243
0.0214518
0.0201121
0.0202029
0.0202351
0.0202034
0.0203148
0.0202586
0.0201885
0.0203479
0.0202551
0.0202522
0.0202897
0.0202824
0.0204684
0.0203009
0.0200795
0.0200744
0.020144
0.0204394
0.0203754
0.0205903
0.0204549
0.0203679
0.0204682
0.0206011
0.0204199
0.0204212
0.02056
0.0203593
0.020538
0.0204733
0.0205316
0.0204266
0.0204661
0.0205235
0.0203647
0.0203805
0.0204174
0.0205014
0.0205049
0.0204344
0.0203996
0.0204781
0.0204556
0.0204799
0.020489
0.0204865
0.020482
0.0203859
0.0204645
0.02048
0.0204487
0.0204767
0.0204768
0.0203904
0.0204473
0.0204626
0.0204668
0.020459
0.0204056
0.0204331
0.0204552
0.0204657
0.0204008
0.0203962
0.0204166
0.0203981
0.0204584
0.0204584
0.0204041
0.0204585
0.020448
0.0204572
0.0204086
0.0204361
0.020434
0.0204387
0.0198384
0.0190727
0.0198501
0.0201669
0.0200577
0.0201029
0.0203932
0.0203519
0.0203217
0.0203221
0.0204212
0.0203599
0.0203327
0.0203373
0.0203494
0.0203516
0.0203885
0.0203595
0.0204104
0.0203599
0.0203973
0.0203929
0.02039
0.020389
0.0203831
0.0188142
0.0191057
0.0220755
0.0203157
0.019858
0.020253
0.0202087
0.0202127
0.0202263
0.0202553
0.0202463
0.0202355
0.0202395
0.0202909
0.0202995
0.0203624
0.0203357
0.0203164
0.0203235
0.0203863
0.0204481
0.0203973
0.0263851
0.00605051
0.0202295
0.0195053
0.0197118
0.0204641
0.0206123
0.020433
0.0205247
0.020409
0.0205268
0.0204019
0.0204309
0.0204832
0.0204123
0.0204599
0.0204502
0.0204442
0.0204518
0.0204674
0.02009
0.0197426
0.0210135
0.020074
0.0204386
0.0206643
0.0203863
0.020445
0.020676
0.0204938
0.0204368
0.0204264
0.0203277
0.0204311
0.0205259
0.0204322
0.0204708
0.0204368
0.020525
0.0203786
0.0204173
0.0205228
0.0205145
0.0205053
0.020418
0.0203613
0.0204353
0.0203765
0.0204811
0.0204277
0.0203831
0.0204927
0.0203798
0.0203812
0.0204866
0.020386
0.0204742
0.0204053
0.0204449
0.020478
0.0204646
0.0204185
0.0204757
0.0204077
0.0204616
0.0204677
0.0204686
0.0204682
0.0204172
0.0204662
0.0203998
0.0204643
0.0204628
0.0204113
0.0204235
0.0204333
0.0204594
0.0204226
0.0204343
0.0204578
0.0204486
0.0204089
0.0204006
0.0204093
0.0204293
0.0141476
0.0155623
0.0178395
0.0190148
0.020274
0.0201348
0.0204655
0.0202166
0.0204802
0.0203544
0.0204005
0.0203911
0.0203922
0.0203996
0.0203967
0.0204433
0.0204025
0.0204021
0.0204048
0.0204239
0.0204288
0.0204068
0.0204077
0.0204207
0.0204067
0.0204185
0.0204205
0.0204093
0.0166915
0.0235132
0.0176993
0.0190638
0.0196373
0.0196705
0.0200654
0.0200716
0.0200598
0.0201104
0.0199893
0.0205651
0.0200807
0.0203847
0.0203593
0.0201615
0.0204774
0.020285
0.0203024
0.0202179
0.0216515
0.0201228
0.0195395
0.01958
0.0203765
0.0203026
0.020263
0.0202338
0.0202392
0.020236
0.0204035
0.0202702
0.0202673
0.0203315
0.0202889
0.0204666
0.0203487
0.0204114
0.0203404
0.0203457
0.0203344
0.0204242
0.0210242
0.0198052
0.0210764
0.0200393
0.0196427
0.020727
0.0205206
0.020463
0.0203649
0.0203883
0.0203611
0.0203681
0.0205355
0.0202792
0.0203396
0.0204554
0.0203311
0.0204712
0.0203755
0.0203319
0.0204176
0.0203411
0.0203475
0.0204403
0.0203637
0.0203691
0.020404
0.0204432
0.0203624
0.0204651
0.0203756
0.0204378
0.0203761
0.0203842
0.0204122
0.0204618
0.0204088
0.0203873
0.0203849
0.0203922
0.0204392
0.0163173
0.0227573
0.0175423
0.0212383
0.020958
0.0201331
0.0205305
0.0205675
0.0205286
0.0204943
0.0205057
0.020471
0.0205055
0.0204371
0.0204711
0.0204071
0.0204765
0.0204804
0.0204775
0.0204656
0.0204698
0.0204314
0.0204438
0.0204345
0.0204225
0.0204584
0.0204613
0.0204475
0.0192313
0.00653827
0.0232444
0.0184811
0.01939
0.0199118
0.0199794
0.0201888
0.0203103
0.0202834
0.0203095
0.0203683
0.0204135
0.0203181
0.0203636
0.0204404
0.020334
0.0203764
0.0203432
0.0203661
0.0203664
0.020364
0.0203697
0.0203857
0.0201457
0.020052
0.0200707
0.0203251
0.020189
0.02037
0.0205887
0.0207654
0.0202858
0.0207802
0.0205647
0.0203297
0.0206448
0.0204189
0.0203515
0.02048
0.0205441
0.0205152
0.0204143
0.0204318
0.0205483
0.0205379
0.0205436
0.020448
0.0205018
0.020391
0.0205203
0.0204986
0.0205121
0.0204376
0.0203968
0.0205041
0.0203721
0.0204268
0.0205001
0.020489
0.0204761
0.0204882
0.0204662
0.0204123
0.0203761
0.0204818
0.0204007
0.0203827
0.0204463
0.020393
0.0204617
0.0204475
0.0204722
0.0204131
0.0204702
0.0204711
0.0203907
0.0204691
0.0203915
0.0203896
0.0204667
0.0204613
0.0203936
0.0204594
0.0203948
0.0203987
0.0204592
0.0204011
0.0204105
0.020458
0.0204438
0.0204334
0.0204574
0.0186144
0.0186962
0.02015
0.0196877
0.0196245
0.0200576
0.0199481
0.019968
0.020064
0.020461
0.0166158
0.0189299
0.0211099
0.0198496
0.0203209
0.0204474
0.0204005
0.0202777
0.0202717
0.0203868
0.0203871
0.0202847
0.0204375
0.020387
0.0204161
0.0203884
0.0204136
0.0204139
0.0204314
0.0203957
0.0203544
0.0203556
0.0203648
0.0203935
0.020397
0.0203706
0.0204501
0.0203888
0.020371
0.0204105
0.0204655
0.0204502
0.0204407
0.0204351
0.020457
0.0204501
0.020392
0.0204393
0.0203908
0.0203919
0.0204162
0.0208598
0.0209525
0.0202709
0.0192512
0.0196645
0.0203043
0.0200569
0.020474
0.020403
0.0204036
0.0204689
0.0203208
0.0203747
0.0203327
0.0203972
0.0203074
0.0205045
0.0205084
0.0203571
0.0204612
0.0204822
0.0203912
0.0204976
0.0204425
0.0204937
0.0203494
0.0204336
0.0204935
0.0203511
0.0204482
0.0203979
0.0204835
0.0203822
0.0203688
0.0204028
0.0203864
0.0203773
0.0204624
0.0204396
0.0204691
0.0204063
0.0204614
0.0203836
0.020389
0.0204405
0.0204066
