0.0129494
0.0129494
0.0128587
0.0132191
0.0128786
0.0129806
0.0129611
0.0127967
0.0129792
0.0128085
0.0130023
0.0128366
0.0130868
0.0130246
0.0129563
0.0128244
0.0128418
0.012898
0.0130259
0.0129859
0.0130524
0.0128737
0.0129273
0.0129725
0.0129582
0.0130381
0.0130278
0.0130338
0.0129605
0.0129
0.0130263
0.0129296
0.0128758
0.0129023
0.0129199
0.0129915
0.0129648
0.0130081
0.0129968
0.012908
0.0130088
0.0129629
0.0129586
0.012898
0.0129065
0.0129507
0.0129031
0.0129013
0.0129152
0.0129054
0.0129521
0.0129312
0.0129661
0.0129129
0.0129225
0.0150192
0.0168573
0.0131485
0.0148793
0.0145426
0.0142363
0.0116609
0.0128169
0.0122662
0.0121732
0.0136395
0.0132423
0.0136446
0.0137747
0.0122284
0.0135798
0.0122879
0.0132217
0.0133395
0.0124164
0.0134827
0.0130697
0.0133121
0.0125288
0.0126461
0.0125976
0.0133142
0.0130927
0.0127293
0.0132596
0.0129494
0.0132242
0.0132217
0.012447
0.0114092
0.0143699
0.0118326
0.0141727
0.0134372
0.0138585
0.0120458
0.0124751
0.0120946
0.0121744
0.0135818
0.0136144
0.0126564
0.013535
0.0123911
0.0126219
0.012896
0.0127754
0.0125207
0.0132422
0.0133408
0.0127874
0.0132923
0.0129175
0.0129833
0.0129494
0.0130613
0.013061
0.0127368
0.0119095
0.0138422
0.0121813
0.0136733
0.0131939
0.0134781
0.0124299
0.0126896
0.0123787
0.0124265
0.0133899
0.0133977
0.0127739
0.0133397
0.0125654
0.0127447
0.0129163
0.0128402
0.0126656
0.0131399
0.0132225
0.0128446
0.0131818
0.0129287
0.0129715
0.0129413
0.0129056
0.011653
0.0130652
0.0138897
0.0123016
0.0121769
0.0121576
0.0122495
0.0131474
0.0123195
0.0124627
0.0126543
0.0134203
0.0133883
0.0127708
0.012498
0.0130535
0.0125358
0.012605
0.0132543
0.0126201
0.0129273
0.013242
0.0132103
0.0126998
0.0126937
0.0131725
0.0127782
0.0129743
0.0129494
0.0130094
0.0135798
0.0128149
0.0133061
0.012705
0.0128477
0.0125384
0.0125499
0.0125906
0.0126069
0.0126276
0.0127697
0.0131882
0.0131859
0.0126971
0.0129314
0.0127369
0.0128063
0.0129952
0.012847
0.0129013
0.013118
0.0129854
0.0129896
0.0127976
0.0130871
0.013078
0.0128593
0.013073
0.0129494
0.0140917
0.0110208
0.0144019
0.0142734
0.0119
0.0140185
0.0120283
0.013028
0.0122989
0.0120502
0.0124265
0.013653
0.0122944
0.0134157
0.0126683
0.0123314
0.0132789
0.0134716
0.0132757
0.0124651
0.0125095
0.0126027
0.0127345
0.0133209
0.0130849
0.0131906
0.0126666
0.0132495
0.0129491
0.0125457
0.0126513
0.013022
0.0129406
0.0131503
0.0127681
0.0129483
0.0127778
0.0129439
0.012884
0.0129891
0.0129008
0.013084
0.0130725
0.0130623
0.0128535
0.0130459
0.0129392
0.0130566
0.0129051
0.0128961
0.0130477
0.0128534
0.0129016
0.0130428
0.0130359
0.0129706
0.0129544
0.0128921
0.0129361
0.0130248
0.0130246
0.0130082
0.0128911
0.0128985
0.0130177
0.0129359
0.0128855
0.0129076
0.0129506
0.0129022
0.0129811
0.0129688
0.0130053
0.0129192
0.0129563
0.0129448
0.0129908
0.0129557
0.0129016
0.0129845
0.0129725
0.0129347
0.0129487
0.0129472
0.0129546
0.0129493
0.0127131
0.0149801
0.0103787
0.0138192
0.0143425
0.0134758
0.0140537
0.013967
0.0115242
0.0124422
0.0135218
0.012443
0.0135194
0.0120433
0.012169
0.013579
0.0135945
0.0122483
0.0123293
0.0123771
0.0131976
0.0133858
0.0132774
0.013265
0.0126283
0.0128457
0.0129494
0.0124837
0.0128511
0.0130332
0.0132382
0.0130517
0.012903
0.0128041
0.012919
0.0127762
0.0130895
0.013051
0.0128289
0.0129606
0.013085
0.0128207
0.0128293
0.0128393
0.0129274
0.0130245
0.0129722
0.0130327
0.0130379
0.0130307
0.0129776
0.0128752
0.0128785
0.0129018
0.0130131
0.0129494
0.0133021
0.013978
0.0129472
0.0120173
0.0127923
0.0129873
0.0135116
0.0123612
0.0125472
0.0134477
0.0128016
0.0124545
0.0127633
0.0131667
0.0133072
0.012797
0.0125804
0.0129913
0.0132288
0.0131782
0.0131586
0.0128348
0.0127164
0.0127001
0.0127032
0.012892
0.0131554
0.0131388
0.0127582
0.012969
0.0129438
0.0129688
0.0129684
0.0123244
0.0127933
0.0122879
0.013341
0.0127867
0.0134907
0.0129571
0.0124498
0.0127628
0.0126973
0.0126556
0.0125356
0.0125612
0.0125815
0.0130665
0.013169
0.0130778
0.0126776
0.0128273
0.0130207
0.0131639
0.0127638
0.0128234
0.0128049
0.0127715
0.0128954
0.0129485
0.00859655
0.0098985
0.0118214
0.0146691
0.0144284
0.0116119
0.0136688
0.0141432
0.0121331
0.0116992
0.0117156
0.0118279
0.0125129
0.0120985
0.012094
0.0137088
0.01309
0.0129286
0.0123801
0.0123033
0.0132637
0.0124827
0.0128122
0.0129661
0.0126173
0.0126552
0.0129176
0.0129485
0.0129525
0.0130281
0.0129855
0.0127267
0.013562
0.01325
0.0132425
0.0130743
0.0132626
0.0128543
0.0125309
0.0125498
0.0125643
0.0126341
0.0132533
0.01322
0.0126487
0.0127922
0.0126962
0.0129866
0.0130638
0.0128501
0.013142
0.0128133
0.013107
0.0131195
0.0130976
0.0127957
0.0129494
0.0129527
0.0137139
0.0129501
0.0128849
0.0127552
0.012553
0.0132643
0.0128044
0.0133271
0.0132617
0.0126446
0.0128088
0.0132651
0.0131568
0.0128744
0.0130801
0.0126856
0.0126961
0.0132054
0.0129172
0.0131618
0.0127697
0.0127951
0.012885
0.0131414
0.0127646
0.0128699
0.0128051
0.0130744
0.0131215
0.0128174
0.0130013
0.0128625
0.0128001
0.0128646
0.0128271
0.0130627
0.0130518
0.0128607
0.0130114
0.0128302
0.0130438
0.0128332
0.01303
0.0128447
0.012951
0.013057
0.0128961
0.0130489
0.0130482
0.0130334
0.0130061
0.0129698
0.0128852
0.0128653
0.0129494
0.0129497
0.0129506
0.012684
0.0128071
0.0136039
0.0131948
0.0130398
0.0131917
0.0129008
0.0127569
0.0129663
0.0132978
0.012707
0.0126541
0.0132606
0.0132758
0.0132079
0.0131551
0.0129433
0.0132091
0.0126908
0.0131172
0.0132094
0.0127181
0.0130616
0.0131135
0.0130625
0.0128238
0.0131706
0.0128884
0.0130512
0.0127527
0.013106
0.0130722
0.0131293
0.0127942
0.0128282
0.0130914
0.0130641
0.0130725
0.0130899
0.0130845
0.012866
0.012816
0.0130819
0.0129622
0.0128449
0.0130544
0.0130221
0.013051
0.0130711
0.0128295
0.0129891
0.0128367
0.0128494
0.0129473
0.0128693
0.0129493
0.013923
0.015077
0.0140885
0.0126237
0.011511
0.0114439
0.0123853
0.0141166
0.0127084
0.0114415
0.0127437
0.0132945
0.0129851
0.0119241
0.0135068
0.0118959
0.0120326
0.0121484
0.0133733
0.0134868
0.012915
0.012423
0.0131959
0.0126216
0.013226
0.0125295
0.0104938
0.0129462
0.0126682
0.0122628
0.0120177
0.0120885
0.0134787
0.0126361
0.013503
0.0123601
0.013452
0.013138
0.0125686
0.0124619
0.0125558
0.0132126
0.012569
0.0126102
0.0132014
0.0126359
0.0127737
0.0127049
0.0129955
0.0127298
0.0131188
0.0128186
0.0131543
0.0129954
0.0127683
0.0129531
0.0129497
0.0129496
0.012937
0.0134372
0.0124975
0.0128782
0.0126648
0.0131078
0.0132851
0.0131257
0.0130131
0.0127104
0.0127473
0.0132048
0.0131293
0.0127922
0.013166
0.0128391
0.0127319
0.0127715
0.0130528
0.0128003
0.013128
0.0128043
0.0129839
0.0130757
0.0127839
0.0130984
0.0128021
0.0128185
0.0128918
0.0128888
0.0128037
0.0130462
0.0130983
0.0130621
0.0130787
0.0130645
0.0130756
0.0128682
0.0129847
0.0129946
0.0130022
0.0128391
0.0130599
0.0128451
0.0130563
0.0130161
0.0130505
0.0128574
0.0128592
0.0129907
0.0130317
0.012943
0.0129705
0.0128718
0.0130061
0.0130281
0.0130267
0.0129463
0.0125721
0.0112464
0.012486
0.0139827
0.0128682
0.0125406
0.0133175
0.0135517
0.0124354
0.0131951
0.0132281
0.0135214
0.0123091
0.0124045
0.0123949
0.0125429
0.0129953
0.012875
0.0131376
0.0125567
0.0125804
0.0125868
0.0132374
0.012959
0.0127905
0.0127044
0.0127723
0.0128357
0.0127438
0.012624
0.0129318
0.0128596
0.0132646
0.0122927
0.0133688
0.0126888
0.0129678
0.0133565
0.0132442
0.0132894
0.0128833
0.0130415
0.013215
0.0127263
0.0126563
0.0126807
0.0129744
0.0127199
0.0129941
0.0130899
0.012895
0.0131413
0.0130123
0.0131249
0.0128897
0.0130667
0.0129997
0.0128292
