0.021222
0.0212492
0.0213359
0.0211541
0.0212262
0.0212201
0.0212282
0.0212213
0.0212708
0.0212513
0.021208
0.0212615
0.021258
0.0211946
0.021224
0.0211928
0.0212279
0.0211948
0.0212296
0.0212497
0.0212367
0.0212312
0.0212245
0.0212462
0.0212057
0.0212461
0.0212073
0.0212078
0.0212419
0.021207
0.0212424
0.0212279
0.021219
0.0212358
0.02124
0.0212062
0.0212368
0.0212062
0.0212373
0.0212179
0.0212201
0.0212373
0.0212284
0.021213
0.0212099
0.0212213
0.0212314
0.0212156
0.0212301
0.0212114
0.0212329
0.0212114
0.0212314
0.0212332
0.021214
0.021222
0.0212686
0.0217231
0.0213328
0.0209345
0.0215697
0.0215931
0.0212296
0.0210938
0.021417
0.0214489
0.0210419
0.021146
0.0214224
0.0213661
0.0210814
0.0213858
0.0210903
0.0213471
0.0213066
0.0211094
0.0212973
0.0211361
0.0211291
0.0211583
0.0212938
0.0211879
0.0222075
0.0212208
0.0205769
0.0208854
0.0207766
0.0211691
0.0208586
0.0208794
0.021441
0.0214466
0.0213834
0.0209854
0.0211177
0.0214069
0.0210186
0.0210716
0.021362
0.0212568
0.0211077
0.0211107
0.0213368
0.0211927
0.0211012
0.0211162
0.0211424
0.0211227
0.0211791
0.0212478
0.0211468
0.0212994
0.0218879
0.0212215
0.0208178
0.0210718
0.0209844
0.0211988
0.0210317
0.0210319
0.0213467
0.0213562
0.0213145
0.0210669
0.0211644
0.0213492
0.0210883
0.0211321
0.0213123
0.0212429
0.0211518
0.0211528
0.021298
0.0212038
0.021139
0.0211529
0.0211709
0.0211553
0.0211943
0.0212388
0.0211721
0.0212754
0.021222
0.0209118
0.0207314
0.0208613
0.0211953
0.0208933
0.0209463
0.0209497
0.0211955
0.0212714
0.0211076
0.0210273
0.0213291
0.0211966
0.0210492
0.0211142
0.0212436
0.0211116
0.021098
0.0211045
0.0211065
0.0211179
0.0212257
0.0212619
0.0212539
0.0212769
0.0211362
0.0212291
0.0211475
0.021222
0.0211675
0.0211868
0.0211915
0.0212443
0.0212468
0.0213081
0.0211211
0.0212957
0.0211738
0.0212725
0.0211566
0.0211599
0.0211714
0.0212672
0.0211605
0.0212104
0.0212085
0.0212728
0.0211749
0.0212134
0.021179
0.0212519
0.0212068
0.0211939
0.0212547
0.0212264
0.0211906
0.0202173
0.0207512
0.0211711
0.0207523
0.0209585
0.020922
0.0208968
0.0211973
0.0209528
0.0214158
0.020995
0.0209773
0.021002
0.0210513
0.0210136
0.0211008
0.0210452
0.0211648
0.0211068
0.0211661
0.021286
0.0210883
0.0213243
0.0212946
0.0212048
0.0211283
0.0212599
0.0211281
0.0212666
0.021269
0.0212371
0.0212306
0.0212224
0.0212233
0.0211778
0.0212465
0.0212116
0.0212208
0.0212182
0.0212338
0.0211844
0.0212058
0.0212058
0.0212571
0.0212587
0.021245
0.0212535
0.0211925
0.0212513
0.0212357
0.0212297
0.0212306
0.0212366
0.0212245
0.0212198
0.0212461
0.0212287
0.021245
0.0212234
0.0212217
0.0212217
0.0212241
0.0212417
0.0212076
0.0212341
0.0212165
0.0212384
0.0212231
0.0212384
0.0212303
0.0212374
0.0212133
0.0212308
0.0212234
0.0212365
0.0212358
0.0212125
0.021233
0.0212135
0.0212347
0.0212322
0.0212196
0.02123
0.0212227
0.0212277
0.0212325
0.0212121
0.0161819
0.0190383
0.0194807
0.0214738
0.0212871
0.0207408
0.0212758
0.0205455
0.0205546
0.0206291
0.0207937
0.0213003
0.0207688
0.0207778
0.0207956
0.020832
0.0210056
0.0209662
0.020982
0.0211611
0.0212791
0.0209836
0.0209987
0.0211777
0.0210787
0.0210422
0.0212163
0.0210624
0.0214907
0.0212242
0.0212222
0.0212347
0.0212925
0.0212303
0.0212832
0.0212765
0.0212067
0.0212704
0.0212234
0.0212099
0.0212089
0.0212355
0.0212045
0.0211902
0.0212535
0.0212281
0.0212469
0.0212328
0.0212329
0.0212452
0.0212043
0.0212227
0.021227
0.021242
0.0212248
0.021206
0.0212246
0.0212193
0.0204166
0.0212069
0.0212049
0.021373
0.0210196
0.0211858
0.0213815
0.0212894
0.0210671
0.0210705
0.0211504
0.0212642
0.0212415
0.0210815
0.0213231
0.0212389
0.0211417
0.021112
0.0213011
0.0211491
0.0211363
0.0212677
0.0211477
0.0211746
0.0211867
0.0212532
0.0211984
0.0211619
0.0212559
0.0211775
0.021222
0.020583
0.0214661
0.0209422
0.0209223
0.0212344
0.0210085
0.0212468
0.0211238
0.0212229
0.0213121
0.0212159
0.0211049
0.0212603
0.0211128
0.0211997
0.0213034
0.0211326
0.0211365
0.0211404
0.0212735
0.0212895
0.0212411
0.0212193
0.0211553
0.0211745
0.0211647
0.0212454
0.0211691
0.021222
0.0196959
0.0215917
0.0216069
0.0211916
0.0210045
0.0205264
0.0214354
0.0214989
0.0207236
0.0214493
0.0213395
0.0211626
0.0212065
0.0209249
0.0211555
0.0213766
0.0210212
0.0210174
0.0210739
0.0213477
0.021296
0.0211882
0.0210921
0.0210766
0.021309
0.0210968
0.0212175
0.0212755
0.0212147
0.0211121
0.0210383
0.0212276
0.0212344
0.0210845
0.0210934
0.0211011
0.0212673
0.0212907
0.0211204
0.0211268
0.0211713
0.0211714
0.0211824
0.0211462
0.021177
0.0211526
0.0211913
0.0212698
0.0211619
0.0211682
0.0212515
0.0212158
0.0212182
0.0212389
0.0212065
0.0226579
0.021222
0.0212319
0.0213901
0.0212262
0.0212301
0.0212234
0.021206
0.0213305
0.0212748
0.0212191
0.0212117
0.0213207
0.0212392
0.021244
0.0212757
0.0211621
0.0212798
0.0211641
0.021162
0.0212199
0.0212151
0.0212788
0.0212791
0.021174
0.02126
0.0211894
0.0212758
0.0211834
0.0212086
0.0211795
0.0212729
0.02127
0.0212058
0.0212409
0.0212666
0.0212642
0.0212103
0.0212607
0.0212603
0.0212066
0.0211969
0.0212576
0.0212536
0.0211992
0.0212502
0.0212252
0.0212285
0.0212437
0.0212462
0.0212104
0.0212015
0.0212125
0.0212481
0.0212076
0.0212001
0.0212428
0.0212399
0.021222
0.021222
0.021238
0.0212259
0.0212253
0.0212599
0.0211859
0.0212169
0.0213352
0.0212035
0.0213417
0.0211457
0.0211742
0.0213108
0.0211821
0.0213165
0.0213191
0.0212856
0.0213106
0.021199
0.021292
0.0213046
0.0212248
0.0212994
0.0212564
0.0212862
0.0211659
0.0212616
0.021217
0.0212718
0.0212694
0.0212173
0.0212501
0.0211987
0.0212691
0.0212198
0.0212142
0.0212387
0.0212708
0.021196
0.0212336
0.0212251
0.0211862
0.0212655
0.0212071
0.0212559
0.0212599
0.021226
0.0212471
0.0212584
0.021202
0.0212112
0.0211956
0.0212549
0.0211937
0.0212197
0.0212327
0.0212507
0.0212198
0.0212476
0.0181842
0.0190481
0.0214499
0.0206169
0.0210377
0.0202538
0.0202907
0.0214235
0.0205746
0.0208002
0.0206971
0.0209987
0.0212952
0.021353
0.0208276
0.0208286
0.0208133
0.0209424
0.0209146
0.0210455
0.0211055
0.0208793
0.0208992
0.0210258
0.0209913
0.0212582
0.020962
0.0210614
0.0210081
0.0212169
0.0212009
0.0210177
0.0209735
0.0209807
0.0211366
0.0213645
0.021227
0.0212128
0.0210133
0.0213258
0.0211828
0.0211256
0.0210891
0.0210838
0.0211307
0.0213048
0.0210905
0.0212818
0.0212188
0.0211205
0.0212916
0.0211395
0.0211522
0.0211482
0.0212245
0.0212593
0.0211552
0.0212085
0.02116
0.021222
0.021222
0.0212235
0.0212
0.0212482
0.0213857
0.0212237
0.0213335
0.0213168
0.0212305
0.0212938
0.0212278
0.0213052
0.021304
0.0213002
0.0212162
0.0212376
0.0212268
0.0211686
0.0212538
0.0212713
0.0211765
0.0211886
0.0212763
0.0212785
0.0212702
0.0212325
0.0211834
0.0212655
0.0212491
0.0212472
0.0212133
0.0212545
0.0212126
0.0212495
0.021236
0.021208
0.0212445
0.0212587
0.0212548
0.0212575
0.0212495
0.0211932
0.0212023
0.0212525
0.0212437
0.0212489
0.0212487
0.0212501
0.0212292
0.0212428
0.0212005
0.0212148
0.0212318
0.0212345
0.0212436
0.0212248
0.021244
0.021243
0.0212121
0.0210867
0.0210734
0.0210837
0.0209392
0.021289
0.0212908
0.0209146
0.021019
0.0213096
0.0212355
0.021346
0.0211758
0.0210091
0.0212248
0.0213055
0.0212667
0.0212973
0.0210937
0.0211074
0.0212101
0.02117
0.0212053
0.0211647
0.0211238
0.0211663
0.0211358
0.0211859
0.021222
0.0214019
0.0209233
0.0211885
0.0211966
0.0210388
0.0210997
0.0213276
0.0213013
0.0211154
0.0211476
0.0212749
0.0211236
0.0212977
0.0211276
0.0211369
0.0212671
0.02127
0.0212067
0.0211598
0.0212663
0.021249
0.0211818
0.0212503
0.0211734
0.0212469
0.0212532
0.0211961
0.0212456
