0.0250702
0.0250702
0.0251199
0.0250708
0.0250754
0.02508
0.0250731
0.0250832
0.0250872
0.02508
0.0250829
0.0250778
0.0250782
0.0250719
0.0250826
0.0250678
0.0250766
0.0250701
0.0250744
0.0250805
0.0250782
0.0250736
0.0250783
0.0250713
0.0250796
0.0250759
0.0250788
0.0250777
0.0250765
0.0250762
0.0250785
0.025075
0.0250779
0.0250756
0.0250771
0.0250732
0.0250767
0.0250754
0.025075
0.0250739
0.0250752
0.0250694
0.0250742
0.0250753
0.0250748
0.0250732
0.0250754
0.0250752
0.0250751
0.0250728
0.0250711
0.0250711
0.0250728
0.0250736
0.0250709
0.0250724
0.025071
0.0258027
0.0250902
0.0252621
0.0251226
0.025181
0.0252043
0.0251043
0.0250561
0.0251292
0.0251053
0.0251568
0.0250759
0.0250654
0.0251075
0.0250589
0.0251107
0.0250851
0.0250952
0.0251046
0.0250649
0.0250618
0.0250741
0.0251001
0.025066
0.025079
0.0250809
0.025093
0.0250899
0.0250838
0.0250702
0.0248519
0.0249695
0.0250254
0.0249596
0.0249642
0.0249892
0.0250561
0.0250858
0.0250004
0.0250109
0.025023
0.0250229
0.0250479
0.0250377
0.0250313
0.025061
0.0250834
0.0250421
0.025079
0.025057
0.0250699
0.0250521
0.0250571
0.0250752
0.0250526
0.0250573
0.0250635
0.0250626
0.0250561
0.0250702
0.0249742
0.0250233
0.0250392
0.0250166
0.0250181
0.025025
0.025062
0.0250807
0.0250315
0.0250363
0.025045
0.025044
0.0250572
0.0250492
0.0250464
0.0250645
0.0250794
0.0250532
0.0250763
0.025062
0.02507
0.025058
0.0250612
0.0250736
0.025059
0.0250619
0.0250658
0.0250652
0.0250607
0.0250702
0.0244647
0.024945
0.025006
0.0248411
0.0249032
0.0248873
0.0249613
0.0248924
0.0248927
0.0249107
0.024982
0.0249712
0.0250197
0.0250476
0.0249747
0.0250459
0.0250701
0.0250304
0.0250047
0.0249941
0.025059
0.025014
0.0250023
0.0250575
0.0250338
0.0250104
0.0250244
0.0250282
0.0250702
0.0250675
0.0250721
0.0250301
0.0250568
0.0250593
0.0250645
0.0250577
0.0250771
0.025076
0.0250599
0.0250668
0.0250732
0.0250562
0.0250715
0.0250592
0.0250594
0.0250725
0.0250617
0.0250639
0.0250614
0.025067
0.0250635
0.0250626
0.0250656
0.0250673
0.0250685
0.0250642
0.0250667
0.0250702
0.0250513
0.0249594
0.0249761
0.0248887
0.0248606
0.0250223
0.0248911
0.0249748
0.0250768
0.0249805
0.0249304
0.0250055
0.0249858
0.0249725
0.0249836
0.0250358
0.0249941
0.0250561
0.0250571
0.0250172
0.0250447
0.0250477
0.0250375
0.0250409
0.025053
0.0250736
0.0250719
0.0250509
0.0250703
0.0250702
0.0250691
0.0250707
0.0250843
0.0250747
0.0250748
0.0250811
0.0250813
0.0250785
0.0250803
0.0250783
0.025073
0.0250811
0.0250799
0.025076
0.0250802
0.0250789
0.0250756
0.0250695
0.0250774
0.0250752
0.0250689
0.0250746
0.0250748
0.0250784
0.0250714
0.0250776
0.0250745
0.0250772
0.0250725
0.0250769
0.0250769
0.0250692
0.0250754
0.0250765
0.0250761
0.0250727
0.025074
0.0250735
0.0250756
0.0250752
0.0250735
0.0250736
0.025075
0.0250698
0.0250743
0.0250746
0.0250739
0.0250726
0.0250742
0.0250739
0.0250728
0.0250738
0.0250717
0.0250725
0.0250728
0.025073
0.0250726
0.0201993
0.02372
0.0240819
0.02455
0.0245102
0.0246527
0.0245209
0.0249646
0.0245603
0.0245588
0.0247662
0.0247795
0.0247123
0.0247083
0.024992
0.0248371
0.0248259
0.0250433
0.0249691
0.0249732
0.0248879
0.02489
0.0249214
0.0250341
0.0250443
0.0249168
0.0249308
0.0249486
0.0249768
0.024961
0.0250779
0.025075
0.025083
0.025076
0.0250759
0.0250745
0.0250803
0.0250751
0.0250737
0.0250774
0.0250757
0.0250755
0.0250758
0.0250762
0.025075
0.0250745
0.0250752
0.0250701
0.0250691
0.0250743
0.0250728
0.025074
0.0250736
0.0250724
0.0250703
0.0250714
0.0250727
0.0250702
0.0250023
0.0250166
0.0250094
0.0249679
0.0249665
0.0249923
0.0250166
0.0249801
0.0250566
0.0249837
0.0250205
0.0250012
0.025027
0.0250745
0.025067
0.0250719
0.0250293
0.0250232
0.0250589
0.0250263
0.0250281
0.0250344
0.0250319
0.0250443
0.0250727
0.0250377
0.0250483
0.025044
0.0250702
0.0250625
0.025026
0.0250324
0.0249911
0.0249702
0.0250413
0.0249884
0.0250233
0.0250747
0.0250255
0.0250029
0.0250338
0.0250248
0.0250206
0.0250257
0.0250498
0.0250297
0.0250614
0.0250629
0.0250416
0.025056
0.0250567
0.0250511
0.025053
0.0250598
0.0250724
0.0250714
0.0250586
0.0250702
0.0248058
0.0243131
0.0247907
0.0246311
0.0249873
0.024806
0.0250858
0.0247412
0.02482
0.0249876
0.0248107
0.0250178
0.0250224
0.0248965
0.0250411
0.0249206
0.0249347
0.0249959
0.0249963
0.0249516
0.0250558
0.0249717
0.0250442
0.0250258
0.0249875
0.0250121
0.0250702
0.0250246
0.0250261
0.0249619
0.0250196
0.0250666
0.0250154
0.0250132
0.0250556
0.025043
0.0250394
0.025039
0.0250745
0.0250665
0.0250635
0.0250345
0.025047
0.0250459
0.0250409
0.0250644
0.0250504
0.0250731
0.0250471
0.0250589
0.0250589
0.0250586
0.0250555
0.0250701
0.0250604
0.0250556
0.0261556
0.0250996
0.0250782
0.0251682
0.025078
0.0251108
0.0251216
0.025108
0.0251104
0.0250911
0.0251174
0.0251087
0.0251092
0.0250921
0.0251021
0.0250693
0.0250859
0.0251006
0.025096
0.0251028
0.0251011
0.0250844
0.0250911
0.0250903
0.0250668
0.0250991
0.0250789
0.0250938
0.0250776
0.0250859
0.025087
0.0250922
0.0250813
0.0250875
0.0250722
0.0250794
0.025079
0.0250833
0.0250753
0.0250798
0.0250871
0.0250849
0.0250851
0.0250766
0.0250823
0.0250749
0.0250711
0.0250847
0.0250711
0.0250829
0.0250834
0.0250743
0.0250769
0.0250818
0.0250812
0.025076
0.0250769
0.0250764
0.025241
0.025089
0.0252324
0.0251488
0.0250758
0.0251027
0.025112
0.0251093
0.0251209
0.0251006
0.0251055
0.0251049
0.0251126
0.0250873
0.0251069
0.0250796
0.0250806
0.0251022
0.0251043
0.0250894
0.0250849
0.025105
0.0250935
0.0250707
0.0250755
0.0250959
0.0250679
0.0250765
0.0250942
0.0250817
0.0250905
0.025094
0.0250844
0.0250936
0.0250932
0.0250916
0.0250671
0.0250697
0.0250674
0.0250892
0.0250811
0.0250782
0.0250838
0.0250714
0.0250872
0.0250793
0.0250848
0.0250727
0.0250844
0.0250677
0.0250797
0.0250809
0.0250725
0.0250719
0.025074
0.0250825
0.0250755
0.0250814
0.0250766
0.0103187
0.0250305
0.0246573
0.0237188
0.0241446
0.0247508
0.0242977
0.0242214
0.0245243
0.0243714
0.0246171
0.024383
0.0244914
0.0246167
0.024796
0.0249491
0.0248659
0.0249254
0.0247838
0.0248342
0.0249271
0.0250318
0.0248112
0.0248066
0.0249339
0.0250292
0.0248364
0.0248688
0.0248678
0.0248975
0.0250702
0.0249377
0.0246907
0.0247697
0.0248451
0.0249109
0.0249136
0.0249158
0.0250157
0.0250239
0.0250358
0.0249619
0.0249531
0.0250175
0.0249946
0.0250561
0.0250652
0.0250575
0.0249856
0.024996
0.0250457
0.0250428
0.0250253
0.0250355
0.0250249
0.0250509
0.0250421
0.0250574
0.0250468
0.025072
0.0250703
0.0250732
0.0250716
0.025145
0.0250966
0.0251153
0.0250989
0.0251004
0.0251024
0.0250982
0.0251074
0.0250939
0.0250795
0.0250903
0.0251016
0.0251008
0.0251005
0.0250893
0.0250769
0.0250892
0.0250956
0.0250731
0.0250917
0.0250857
0.0250864
0.0250919
0.0250853
0.0250848
0.025067
0.0250808
0.025079
0.0250897
0.0250848
0.0250794
0.0250855
0.0250756
0.0250871
0.0250864
0.0250702
0.0250851
0.0250759
0.025075
0.0250711
0.0250816
0.0250803
0.0250827
0.0250686
0.025073
0.0250773
0.0250788
0.0250815
0.0250781
0.0250807
0.0250749
0.0250808
0.0250756
0.0250779
0.025073
0.0250702
0.0248972
0.0249516
0.0249951
0.0249092
0.0248427
0.0248656
0.0250402
0.0250433
0.0248812
0.0250006
0.0249069
0.024985
0.0249679
0.0249421
0.0249512
0.0249731
0.0249846
0.0249873
0.0249849
0.0250448
0.0250198
0.0249867
0.0249941
0.0250324
0.0250133
0.0250061
0.025035
0.0250364
0.0250702
0.0250623
0.0250596
0.0250082
0.0250097
0.0250077
0.0250165
0.0250159
0.0250101
0.0250324
0.0250324
0.0250539
0.0250316
0.0250463
0.0250564
0.0250459
0.0250331
0.0250428
0.0250377
0.0250592
0.0250627
0.0250438
0.0250531
0.0250617
0.0250546
0.0250602
0.0250618
0.025055
0.0250642
