0.0251973
0.0251441
0.0251685
0.0251257
0.0251234
0.0251406
0.025138
0.0251407
0.0251303
0.0251264
0.025131
0.0251224
0.0251289
0.0251261
0.0251306
0.0251298
0.0251298
0.025128
0.0251282
0.0251288
0.0251223
0.0251285
0.0251266
0.0251226
0.0251267
0.0251261
0.0251211
0.0251191
0.0251241
0.0251264
0.0251245
0.0251256
0.0251237
0.0251252
0.0251254
0.0251237
0.0251241
0.0251214
0.0251239
0.0251216
0.025117
0.0251242
0.0251237
0.0251221
0.0251235
0.0251235
0.0251231
0.0251223
0.0251217
0.0251181
0.0251225
0.0251226
0.0251221
0.0251221
0.0251189
0.0251217
0.0251216
0.0251198
0.025118
0.0252858
0.025243
0.025238
0.0251579
0.0252208
0.0252171
0.025161
0.0251995
0.0251105
0.0252069
0.025159
0.0251807
0.0251866
0.0251633
0.0251731
0.0251375
0.0251617
0.0251135
0.0251514
0.0251069
0.0251472
0.0251499
0.0251374
0.025128
0.0251214
0.0251385
0.0251335
0.0251126
0.0246326
0.0250854
0.0250953
0.0250515
0.0249983
0.0250804
0.025026
0.0250352
0.0250464
0.0250505
0.0250748
0.0250572
0.0250692
0.025071
0.0250924
0.0250974
0.0251183
0.0251027
0.0251218
0.0250915
0.0250981
0.0251265
0.025098
0.0250947
0.0250962
0.0251218
0.0251003
0.0251071
0.0251182
0.0251019
0.0248053
0.0251049
0.0251089
0.0250887
0.0250616
0.0250922
0.0250694
0.0250723
0.0250825
0.0250796
0.0250951
0.0250841
0.0250889
0.0250897
0.0251031
0.0251039
0.0251182
0.0251086
0.0251205
0.0251018
0.0251057
0.0251238
0.0251047
0.025103
0.0251041
0.0251206
0.0251066
0.025111
0.0251181
0.0251075
0.0234296
0.0250529
0.0250042
0.0250492
0.0249086
0.0250422
0.0250364
0.0249363
0.0250152
0.0250786
0.0249678
0.0250048
0.0250864
0.0250766
0.0250071
0.0250159
0.0250321
0.0250698
0.0250362
0.0251008
0.025091
0.0250687
0.0250481
0.0250622
0.0250705
0.0250875
0.0251095
0.02508
0.0250143
0.0251176
0.0250645
0.0251045
0.0251046
0.0251082
0.0250973
0.0250955
0.0251032
0.0251007
0.0251075
0.0251065
0.0251034
0.025105
0.0251108
0.025116
0.0251088
0.0251108
0.0251131
0.0251081
0.025112
0.0251102
0.0251208
0.0251123
0.0251128
0.0251195
0.0251119
0.0251127
0.0251118
0.025112
0.025118
0.024762
0.0249729
0.0249382
0.0249062
0.0250747
0.0250133
0.0249621
0.0251355
0.0249927
0.0250438
0.0249994
0.0250684
0.0250525
0.0250822
0.0250648
0.0250934
0.0250781
0.0250938
0.0250611
0.0250865
0.025057
0.0250721
0.0251037
0.0251203
0.0250957
0.0250802
0.0250863
0.0251745
0.0251983
0.0251431
0.0251284
0.0251321
0.0251281
0.0251289
0.0251305
0.0251257
0.0251256
0.0251258
0.0251267
0.0251261
0.0251278
0.0251184
0.0251268
0.0251231
0.0251193
0.0251273
0.025127
0.0251245
0.0251171
0.0251265
0.0251258
0.0251253
0.0251174
0.0251234
0.0251246
0.0251213
0.025125
0.0251216
0.0251213
0.0251235
0.0251182
0.0251224
0.0251212
0.0251235
0.0251211
0.0251233
0.0251225
0.0251226
0.025121
0.0251181
0.0251215
0.0251227
0.0251219
0.0251206
0.0251211
0.0251222
0.0251215
0.0251212
0.0251178
0.0251188
0.025121
0.0251177
0.0251175
0.0251205
0.0251183
0.0251206
0.025118
0.024337
0.0250258
0.0246822
0.0243625
0.0244971
0.0245833
0.0246597
0.0246379
0.0247094
0.0246951
0.0248322
0.0247605
0.0248531
0.0248831
0.0248179
0.0250244
0.0250791
0.025071
0.0250022
0.0249635
0.0250614
0.0249905
0.0250745
0.0249735
0.0249757
0.0250876
0.0249962
0.0250715
0.0250064
0.025118
0.0251203
0.0251295
0.0251285
0.0251229
0.0251272
0.0251184
0.0251236
0.0251206
0.0251173
0.0251222
0.0251169
0.0251213
0.0251201
0.0251239
0.0251219
0.0251236
0.0251195
0.0251217
0.0251223
0.0251221
0.0251223
0.025122
0.0251187
0.0251211
0.0251169
0.0251212
0.025121
0.0250445
0.0249474
0.0250505
0.0250074
0.0250207
0.025008
0.0250901
0.025021
0.0251278
0.0250269
0.0250337
0.0250979
0.0250494
0.02511
0.0250982
0.0250896
0.0250845
0.0250948
0.0250762
0.0250809
0.0250993
0.0250885
0.0250849
0.0251219
0.0250927
0.0251021
0.025118
0.0249207
0.0250594
0.0250432
0.0250218
0.0250915
0.0250669
0.0250429
0.0251292
0.0250587
0.0250802
0.0250588
0.0250891
0.0250839
0.0250986
0.0250897
0.0251044
0.0250963
0.0251046
0.0250862
0.0251006
0.0250849
0.025092
0.0251099
0.0251196
0.0251047
0.0250964
0.0251003
0.0234208
0.0250967
0.0247286
0.0250405
0.0245441
0.0251108
0.0251174
0.0248466
0.0248335
0.0248972
0.0250667
0.0248891
0.0250201
0.0249067
0.0249836
0.0249058
0.0249301
0.0250555
0.0251175
0.0251119
0.0250629
0.0250523
0.0250925
0.0250989
0.0250391
0.0250498
0.0250954
0.0251109
0.0251177
0.0251164
0.0249685
0.0250314
0.02508
0.0250691
0.0250901
0.0250663
0.0250642
0.0251274
0.025115
0.0250716
0.0251179
0.0251041
0.0251007
0.0250849
0.025122
0.0250948
0.0251107
0.0251214
0.025091
0.0250978
0.0251027
0.0250956
0.0250991
0.0251014
0.0251113
0.0251078
0.0251019
0.0251041
0.0253437
0.0251639
0.0251711
0.0252104
0.0251366
0.0251344
0.0251895
0.0251838
0.0251481
0.0251465
0.0251551
0.0251486
0.0251545
0.0251557
0.025156
0.0251513
0.025147
0.0251127
0.0251511
0.0251502
0.0251333
0.0251414
0.0251435
0.0251306
0.0251358
0.0251453
0.0251432
0.0251444
0.0251387
0.0251331
0.0251384
0.025138
0.0251369
0.0251403
0.0251355
0.0251269
0.0251297
0.0251253
0.0251363
0.0251362
0.0251327
0.0251349
0.025133
0.0251178
0.0251283
0.0251236
0.0251243
0.0251273
0.0251248
0.0251287
0.0251242
0.0251294
0.025119
0.0251218
0.0251264
0.0251277
0.0251218
0.0251269
0.0251236
0.025118
0.025118
0.0251183
0.0251296
0.025157
0.0251793
0.0251336
0.0251818
0.0251626
0.0251485
0.0251509
0.025152
0.0251596
0.0251599
0.025151
0.025152
0.0251423
0.0251457
0.0251533
0.0251494
0.0251315
0.0251342
0.0251433
0.0251462
0.0251199
0.0251317
0.0251412
0.0251457
0.025142
0.0251359
0.0251401
0.0251399
0.0251332
0.0251337
0.0251277
0.0251311
0.0251204
0.0251274
0.0251331
0.0251297
0.0251294
0.0251234
0.0251346
0.0251348
0.0251334
0.0251339
0.0251331
0.0251279
0.0251327
0.0251312
0.0251288
0.0251252
0.0251312
0.0251283
0.0251214
0.0251277
0.0251244
0.0251288
0.0250911
0.0250366
0.0249608
0.0245924
0.0244282
0.0243144
0.0242681
0.0244063
0.0249975
0.0248767
0.0247203
0.024769
0.0247589
0.0248799
0.0246367
0.0246377
0.0250759
0.0248223
0.0247769
0.0250969
0.0247759
0.0248682
0.0248086
0.0248404
0.0248553
0.0249286
0.0250001
0.0249108
0.024962
0.0249886
0.025118
0.0247785
0.0248332
0.0249785
0.024959
0.0249431
0.0250165
0.0249902
0.0250051
0.0250532
0.0249893
0.0250456
0.0251123
0.0250312
0.0250397
0.0251043
0.0250671
0.0250967
0.0250778
0.0250772
0.0250526
0.0250483
0.0250765
0.0250992
0.025098
0.0251182
0.025073
0.0250889
0.0250903
0.025118
0.025118
0.0251254
0.0251184
0.0251685
0.025136
0.0251462
0.025145
0.0251464
0.0251428
0.0251264
0.0251458
0.0251458
0.025152
0.025126
0.02515
0.0251305
0.0251455
0.0251341
0.0251378
0.0251445
0.025144
0.0251447
0.0251163
0.0251353
0.0251156
0.025141
0.0251382
0.0251331
0.0251315
0.0251387
0.0251385
0.0251288
0.0251352
0.0251364
0.0251205
0.0251227
0.0251152
0.0251183
0.0251233
0.0251226
0.0251192
0.025129
0.0251223
0.0251305
0.0251316
0.0251248
0.0251307
0.0251231
0.0251278
0.0251276
0.0251222
0.0251262
0.0251268
0.025127
0.0251265
0.0251169
0.0251206
0.0251176
0.025118
0.0251067
0.0250092
0.0249731
0.0248801
0.0248631
0.024906
0.0250466
0.0250318
0.0251109
0.0250265
0.0250392
0.0250571
0.0250189
0.0250016
0.0250455
0.0250283
0.0250944
0.0250774
0.0250426
0.0250606
0.0250439
0.025042
0.0251051
0.0250602
0.025056
0.0251
0.0250608
0.025118
0.0251127
0.0250715
0.0250275
0.0250842
0.0250586
0.0250472
0.0250996
0.0251134
0.0250896
0.0250799
0.0251021
0.0250702
0.02509
0.0251082
0.0250896
0.0251201
0.0251018
0.0250849
0.0250994
0.0251061
0.0251196
0.0251171
0.025107
0.0250945
0.0251121
0.0251116
0.0250998
0.025099
