0.00113483
0.00551276
0.00719979
0.00911476
0.0136197
0.0204916
0.0146157
0.0163635
0.0147231
0.0734396
0.0223216
0.00838122
0.0215
0.00800656
0.00816275
0.0130834
0.0146701
0.01667
0.0130977
0.0147001
0.0199751
0.0195191
0.0180058
0.019744
0.0161639
0.0193524
0.0164274
0.0193403
0.0189272
0.0188979
0.0175132
0.0168832
0.0184689
0.0168393
0.016976
0.0171743
0.0171182
0.017154
0.0187916
0.0184566
0.0182819
0.0187083
0.017335
0.0186398
0.0173849
0.0186014
0.0174292
0.0133082
0.0219626
0.0275659
0.0211427
0.0219242
0.0272779
0.015254
0.0152763
0.0150466
0.0247074
0.0156893
0.0155199
0.0209991
0.0165112
0.016171
0.0166171
0.016335
0.0195947
0.017224
0.0194701
0.0175573
0.0192259
0.0192401
0.0193049
0.0189431
0.0188444
0.0189288
0.0191372
0.0175201
0.0178604
0.0180159
0.0187667
0.0180663
0.017315
0.0179353
0.0175534
0.0182601
0.018754
0.0186737
0.0174329
0.0174878
0.0183784
0.0181487
0.0174923
0.0183189
0.0179147
0.0175525
0.0176483
0.0184278
0.0183866
0.0176894
0.0176784
0.0180337
0.0184754
0.0184601
0.017857
0.0176663
0.0184173
0.00909292
0.00594111
0.0190769
0.002099
0.00982121
0.0114792
0.0126113
0.0131708
0.0205204
0.0162541
0.0200994
0.0199421
0.0162218
0.016275
0.0163978
0.0163174
0.0164465
0.0171539
0.0168358
0.0189999
0.0168506
0.017114
0.0182592
0.0175257
0.017098
0.0184282
0.0186906
0.0174986
0.0184231
0.0743648
0.0128955
0.00626628
0.00728687
0.0205757
0.0209364
0.0210603
0.0209681
0.0127513
0.0208104
0.020192
0.0133433
0.0199331
0.0154691
0.0200795
0.01964
0.0195811
0.0195426
0.0165676
0.0165566
0.0177399
0.0193777
0.0190774
0.0188507
0.0166035
0.0174097
0.0167517
0.0182398
0.0182137
0.0175204
0.0171668
0.0171237
0.0172202
0.0173329
0.0180548
0.0179428
0.0173624
0.0185159
0.0183546
0.0178675
0.00665123
0.0115359
0.00183006
0.02023
0.0116005
0.0145279
0.0204686
0.020411
0.0196981
0.0177011
0.0193912
0.0159784
0.0196778
0.0194107
0.015729
0.0163046
0.0176001
0.0165332
0.0190468
0.0166725
0.0189147
0.0168123
0.0183109
0.0170937
0.0180565
0.11404
0.00511604
0.0200877
0.00910053
0.0101729
0.00919633
0.0118721
0.0135503
0.0190393
0.0171508
0.0202186
0.0147991
0.0153398
0.0196696
0.0161109
0.0169088
0.0160104
0.0166292
0.0165566
0.0190334
0.0173298
0.0168642
0.0169721
0.0182325
0.0170445
0.0188623
0.0187494
0.0172195
0.0181863
0.149195
0.0154266
0.0213457
0.0168699
0.00343546
0.00763023
0.0203639
0.0151162
0.0127543
0.0200806
0.0153696
0.0149908
0.0150627
0.0161614
0.0166851
0.01605
0.0159448
0.0194386
0.0176222
0.0184828
0.0165939
0.0167831
0.016781
0.0168057
0.0186247
0.0181943
0.0169801
0.0180943
0.0172074
0.017633
0.0406202
0.00575511
0.0033135
0.0134096
0.00658275
0.0198346
0.0134567
0.0149245
0.0157208
0.0159095
0.0198247
0.0155893
0.0194988
0.0158318
0.0162315
0.0193375
0.0188796
0.0167988
0.0169732
0.0173153
0.0178934
0.0170712
0.0187326
0.0179479
0.0184862
0.0878414
0.0279291
0.0123442
0.00175386
0.0208124
0.00650709
0.0146829
0.0181412
0.0146328
0.020163
0.0201914
0.0149281
0.016141
0.0196343
0.0196602
0.0170641
0.0193485
0.0194056
0.0167354
0.0191481
0.0191152
0.0178772
0.0167977
0.0173446
0.0181558
0.0186104
0.0187237
0.0180026
0.018129
0.0221028
0.00567535
0.00295987
0.0203357
0.0108946
0.0204372
0.0201271
0.0202529
0.0192775
0.0146751
0.0157502
0.0195484
0.0195776
0.0178251
0.017326
0.016278
0.0181822
0.0178295
0.0189256
0.0168149
0.0176098
0.0176175
0.0187155
0.017086
0.0170998
0.0187017
0.0172891
0.0186451
0.00571257
0.00735151
0.00382595
0.0199046
0.0142527
0.0143103
0.0151161
0.0161154
0.0480337
0.0127838
0.0127753
0.0207723
0.0150633
0.0131675
0.0129406
0.0203126
0.0199355
0.0197542
0.0148695
0.0197994
0.0200379
0.0191164
0.0182378
0.016182
0.0168566
0.019409
0.0192647
0.0192103
0.0183617
0.0184637
0.017622
0.0168754
0.0168394
0.0182863
0.018203
0.0188766
0.018034
0.0171574
0.0172328
0.0187296
0.0182214
0.0184846
0.0174027
0.0173507
0.018606
0.0184429
0.0185663
0.0577007
0.0113799
0.0284257
0.0153645
0.0233426
0.0138641
0.0159892
0.0174827
0.0156046
0.0156335
0.0151097
0.0199682
0.020434
0.0194044
0.0184434
0.0192951
0.0194132
0.0191189
0.019347
0.0168639
0.0192653
0.0167677
0.0168983
0.0187342
0.0170405
0.0185062
0.0173634
0.0170832
0.0174276
0.0176714
0.0184723
0.0186026
0.0188063
0.0174176
0.0187865
0.0174252
0.0186328
0.0184428
0.017978
0.0174273
0.0186516
0.0185905
0.0178695
0.0181834
0.0183406
0.0179452
0.0181024
0.018318
0.122582
0.00640969
0.0199601
0.00948612
0.0104221
0.00944318
0.011912
0.0134628
0.0189777
0.0170726
0.0202273
0.0147544
0.0153284
0.0196801
0.0160993
0.0168781
0.0159894
0.016603
0.0165357
0.0190445
0.0173105
0.0168486
0.0169594
0.018232
0.0170227
0.0188742
0.0187611
0.017205
0.0181864
0.0177914
0.03815
0.0224304
0.0104568
0.0226782
0.0139343
0.0148447
0.0204736
0.0144204
0.0145474
0.0151218
0.0159094
0.0196234
0.0158913
0.0194782
0.0166905
0.0194794
0.01679
0.0167111
0.0192915
0.0191737
0.0175509
0.0192195
0.0180519
0.0170353
0.0186371
0.019042
0.0170331
0.0187946
0.0177188
0.0172862
0.0185226
0.0187492
0.0182744
0.0182734
0.0187344
0.01866
0.0186865
0.0186515
0.0174371
0.0186513
0.0179569
0.0175098
0.017761
0.0178516
0.0176412
0.018505
0.0184895
0.437472
0.0526387
0.0158923
0.0105695
0.00659409
0.021342
0.0102178
0.0201298
0.0145265
0.0145976
0.0154089
0.0150765
0.0181853
0.0178862
0.0186573
0.016636
0.0168488
0.0167205
0.0185416
0.0330088
0.0088366
0.0189355
0.00953352
0.0203785
0.00912114
0.0172865
0.0156869
0.0204135
0.019356
0.0152882
0.0199566
0.0155021
0.0172913
0.0157114
0.0189847
0.0163519
0.0192747
0.0171476
0.0190885
0.0190927
0.0168239
0.0188708
0.0189712
0.01704
0.0171538
0.0170744
0.0172219
0.0186163
0.0186623
0.0578175
0.0248964
0.0248981
0.0107082
0.0244703
0.0143545
0.0213982
0.0142637
0.0144669
0.0182854
0.0207403
0.0161037
0.0154478
0.0164819
0.0186035
0.0174335
0.0164207
0.0194973
0.0189484
0.0192838
0.0190955
0.0191681
0.0167819
0.0186145
0.0190444
0.0172367
0.0171229
0.0190667
0.0171959
0.0179765
0.0183176
0.0173392
0.0182178
0.0178404
0.0187044
0.0186846
0.0179919
0.0180313
0.018104
0.0174701
0.0185955
0.0176564
0.017805
0.0185236
0.0176325
0.01806
0.125825
0.0157582
0.0129833
0.0215649
0.0166384
0.0142263
0.020447
0.0127842
0.0150538
0.0195603
0.018694
0.015095
0.0183128
0.0158843
0.016113
0.01666
0.0185707
0.0167786
0.017868
0.0169466
0.647859
0.00989375
0.00565073
0.0150585
0.0126632
0.0198032
0.0206217
0.0193498
0.0144197
0.0153283
0.0189198
0.0190948
0.0173246
0.0163902
0.0192046
0.0162045
0.0179616
0.0184849
0.0169778
0.109743
0.0249791
0.0217389
0.0105385
0.015422
0.020971
0.0154746
0.021273
0.0146293
0.0203263
0.0203067
0.0153808
0.0156519
0.0177831
0.0195921
0.0170927
0.0193176
0.0185404
0.0189269
0.0187565
0.0169289
0.0169584
0.0180358
0.0171538
0.0187847
0.0189288
0.0188609
0.0172389
0.0176016
0.0178377
0.0184429
0.0185866
0.01804
0.017609
0.0184333
0.0175043
0.017611
1.57369
0.024979
0.0217389
0.0108693
0.0154789
0.020815
0.015393
0.0212677
0.0146892
0.0203237
0.0202911
0.0154147
0.0156793
0.0177683
0.0195893
0.017094
0.0193145
0.0185314
0.0189184
0.0187504
0.0169362
0.0169654
0.0180343
0.0171579
0.0187801
0.0189258
0.0188567
0.017243
0.0176038
0.0178385
0.0184406
0.0185841
0.0180399
0.0176111
0.0184314
0.0175067
0.017613
0.0111046
0.0105219
0.00144574
0.00666344
0.00737174
0.0138298
0.0139583
0.0201331
0.0172606
0.015553
0.019388
0.016165
0.0179504
0.0182151
0.0185232
0.0170331
0.017143
0.0528525
0.0449996
0.00952863
0.0112102
0.021249
0.012844
0.0122384
0.0144914
0.0331237
0.0202709
0.0115645
0.0187922
0.0190322
0.0149134
0.018616
0.0206096
0.013217
0.0138068
0.0149998
0.0193424
0.015597
0.0190098
0.0187395
0.0157771
0.0182338
0.0165653
0.0188416
4.16637
0.0225777
0.0070741
0.0216932
0.00598502
0.008598
0.0108742
0.01039
0.0153864
0.0205995
0.0202445
0.0202636
0.0201698
0.0157121
0.0164793
0.0154913
0.016
0.0194656
0.0161464
0.0194627
0.0168389
0.0166864
0.0192639
0.0166833
0.0179222
0.019094
0.0170178
0.0175149
0.0171527
0.0179686
0.0178015
0.0176233
0.0182865
0.0173473
0.0173388
0.0181319
0.0173954
3.45741
0.0135877
0.00747314
0.00670077
0.0104022
0.00485355
0.0206958
0.0111658
0.0165869
0.0204002
0.0152913
0.0195866
0.0156087
0.015211
0.0158357
0.0154139
0.0170683
0.0162669
0.0162742
0.01642
0.0173772
0.0191097
0.0167631
0.0169044
0.0188276
0.0176277
0.0170806
0.017008
0.0170197
0.0334643
0.0249066
0.0249106
0.0103724
0.0246401
0.0142756
0.0214714
0.0142189
0.014429
0.0183644
0.0207684
0.016088
0.015434
0.0164724
0.0186311
0.0174511
0.0164238
0.0194956
0.0189606
0.0192822
0.0190999
0.0191712
0.0167839
0.0186194
0.0190451
0.0172413
0.0171228
0.0190653
0.017197
0.0179793
0.018319
0.0173403
0.0182196
0.0178434
0.0187026
0.0186834
0.0179939
0.018033
0.0181054
0.0174718
0.0185936
0.0176592
0.0178073
0.0185217
0.0176352
0.0180609
0.136308
0.0133265
0.0135435
0.0134706
0.0168039
0.0217168
0.0146951
0.0167811
0.0212447
0.0163813
0.0159957
0.0161372
0.0205954
0.016103
0.019343
0.0202513
0.0174309
0.0194935
0.0169467
0.017344
0.0173471
0.0176471
0.0170585
0.0169357
0.0170407
0.0179547
0.0170961
0.0169956
0.0176971
0.0189663
0.0172686
0.0172617
0.0188353
0.0172819
0.0177267
0.0184476
0.0187622
0.0174279
0.0183336
0.0175501
0.0178731
0.0176589
0.017472
0.0174733
0.0175062
0.0182502
0.0181927
0.0185669
0.0185646
0.0184122
0.0175693
0.0182041
0.018416
0.0184541
0.0178083
0.0176721
0.0177535
0.0858149
0.00281038
0.00397977
0.0209016
0.00817147
0.021532
0.0210318
0.0206187
0.0151726
0.0180764
0.0200484
0.0197498
0.0160295
0.0199475
0.0156507
0.0195878
0.018049
0.0165617
0.0169014
0.016662
0.0168715
0.0182552
0.0180462
0.0190716
0.0190466
0.0171081
0.0189717
0.0186687
0.017124
0.0172287
0.0186066
0.018474
0.0186041
0.0182127
0.0173886
0.0173812
0.0173815
0.0186239
0.0176606
0.397791
0.0123681
0.0220814
0.031465
0.0213304
0.0239798
0.0155599
0.0235773
0.0198491
0.015719
0.0219389
0.0196518
0.0163798
0.0161666
0.0165813
0.0200806
0.0194539
0.0203933
0.016611
0.0196645
0.0193377
0.0169484
0.0195361
0.0190999
0.0169164
0.0179735
0.0192137
0.0192925
0.0170131
0.0189632
0.0173517
0.0172955
0.0172508
0.0177641
0.0176828
0.0188664
0.0187077
0.0173807
0.0173762
0.0187493
0.0186438
0.01741
0.0174872
0.0186689
0.017831
0.018195
0.0185965
0.0178474
0.0182516
0.0176604
0.0175544
0.0179735
0.0185015
0.0176211
0.01845
0.0178487
0.017853
0.018452
0.0578376
0.0203224
0.0151801
0.0250206
0.0142626
0.0147901
0.0213709
0.0151807
0.022865
0.0156481
0.0164051
0.0200583
0.0158835
0.0197859
0.0162874
0.0204571
0.0162171
0.0163751
0.0194294
0.0167408
0.0192287
0.017504
0.0194349
0.0190324
0.0186708
0.0169612
0.0170055
0.0192104
0.019256
0.0190811
0.017275
0.017858
0.0180179
0.0181124
0.0188223
0.0188642
0.0173147
0.0185256
0.0187491
0.0174372
0.018432
0.0186944
0.0176221
0.018631
0.0186179
0.0175253
0.0186025
0.0177189
0.018181
0.0181509
0.0180788
0.0181927
0.018387
0.018429
0.0178116
0.0176632
0.0184345
0.0177942
