0.0523134
0.0122555
0.0152501
0.00732323
0.00788605
0.0148855
0.00787821
0.0094016
0.00827088
0.0068049
0.0705223
0.0293497
0.0058245
0.00789918
0.016382
0.00754208
0.00549674
0.00545699
0.00530403
0.00648978
0.00673851
0.00681668
0.0053156
0.00614449
0.005684
0.00601584
0.00568012
0.00563062
0.00571533
0.00569772
0.00547252
0.00557099
0.00576893
0.00570967
0.00541969
0.00538272
0.00549519
0.00541844
0.00558087
0.00557139
0.00539817
0.00547439
0.00545144
0.00545848
0.00534694
0.00542546
0.00531824
0.00533556
0.00529031
0.0448457
0.045786
0.00448328
0.00298808
0.0052393
0.00467882
0.00514345
0.00362986
0.0048134
0.00495663
0.00518489
0.00464995
0.00508728
0.00503056
0.00495678
0.00514404
0.00520833
0.0051401
0.00529389
0.00524391
0.00516519
0.00496063
0.00515423
0.00502622
0.00505883
0.00516118
0.00521938
0.00512994
0.00527311
0.00519457
0.00524567
0.00528046
0.00527882
0.00526554
0.00517463
0.00518845
0.0052827
0.00525437
0.00522722
0.00522456
0.00529189
0.00526633
0.00520725
0.00522215
0.00521249
0.00525498
0.00523361
0.00527846
0.00527913
0.00523325
0.00526794
0.00526719
0.00526685
0.00527416
0.00524122
0.00528436
0.00524393
0.00528528
0.00526793
0.0749791
0.0218257
0.0168183
0.00575382
0.00628573
0.0118297
0.00667124
0.00570076
0.00705938
0.00595215
0.00576728
0.00566459
0.00555457
0.00591217
0.00567285
0.00532095
0.00598614
0.00536204
0.00559488
0.00571337
0.00578806
0.00534744
0.00536157
0.00565527
0.00559371
0.00552663
0.00534403
0.00554956
0.0787907
0.0811608
0.00953419
0.0270074
0.0168601
0.0204579
0.00759211
0.0064692
0.00535073
0.0060973
0.00759344
0.00633725
0.00610844
0.00532622
0.00588737
0.00588667
0.00532414
0.00601043
0.00564442
0.00572041
0.00546318
0.00555168
0.00566184
0.00597447
0.00555144
0.00583296
0.00582778
0.00582607
0.00570639
0.00557568
0.00547278
0.00552207
0.00542858
0.00548182
0.00536009
0.00532337
0.0053336
0.00549275
0.00533247
0.00839354
0.0787452
0.0360097
0.028979
0.00824703
0.00548189
0.00581156
0.00977925
0.00970159
0.00735059
0.00552292
0.00685754
0.00709216
0.00557091
0.00536062
0.00626355
0.00541333
0.00551808
0.00570239
0.00633145
0.00547411
0.00600704
0.0058549
0.00535065
0.00601999
0.00586891
0.00577688
0.00540036
0.0585085
0.0114608
0.0270484
0.0107752
0.0159855
0.00885569
0.00563417
0.00632815
0.00599472
0.00535344
0.00674121
0.00621424
0.00660798
0.00542536
0.00644876
0.00594829
0.00613057
0.00585437
0.0054616
0.00598517
0.00584882
0.00550543
0.0053034
0.00577061
0.0054647
0.00569323
0.00541224
0.201552
0.0802715
0.0118783
0.0158827
0.0109436
0.00612321
0.0056196
0.00614129
0.0081242
0.00730957
0.00594769
0.00599883
0.00671274
0.00577109
0.00641137
0.00646597
0.00597723
0.00614531
0.0053705
0.00597931
0.00588104
0.00534667
0.0053283
0.00547608
0.00530223
0.00571067
0.00552554
0.00566897
0.00543745
0.0368171
0.00710748
0.0125647
0.00871375
0.00683088
0.0132003
0.00836406
0.00829604
0.00779461
0.00614442
0.00627166
0.00620431
0.00561081
0.00587553
0.00631998
0.00619769
0.00588352
0.00531999
0.00593442
0.00585491
0.00549268
0.00554507
0.00545386
0.00529764
0.00557162
0.00537539
0.00544586
0.00551537
0.00560744
0.00559265
0.118133
0.0619582
0.0195284
0.0244411
0.011824
0.0119972
0.00569928
0.00897988
0.00853321
0.00728257
0.00741212
0.00551067
0.00554192
0.00538507
0.00533388
0.00569729
0.00607932
0.00606434
0.0056449
0.00603868
0.00532362
0.00535313
0.00532565
0.00586788
0.00572384
0.0054709
0.00563517
0.0056905
0.00565237
0.00565343
0.204993
0.0220146
0.0167804
0.00573399
0.00625728
0.0116755
0.00664941
0.00570033
0.00704865
0.00594477
0.00576245
0.00566122
0.00555397
0.00590951
0.00566988
0.00532077
0.00598137
0.00536184
0.00559281
0.00571043
0.00578483
0.00534722
0.00536118
0.00565299
0.00559179
0.00552528
0.00534374
0.005548
0.110797
0.0210272
0.00945206
0.00952912
0.0094064
0.00681973
0.00698698
0.00556963
0.00629655
0.0839328
0.0258362
0.00573871
0.00756452
0.0154187
0.00753111
0.00548368
0.00545644
0.00530401
0.00644447
0.00668724
0.00677607
0.00531569
0.00613385
0.00568268
0.0059998
0.0056782
0.00562904
0.00570631
0.00569015
0.00546934
0.0055689
0.00576098
0.00570331
0.00541783
0.00538216
0.00549347
0.00541735
0.00557712
0.00556754
0.00539717
0.00547204
0.00544964
0.00545655
0.00534631
0.00542383
0.00531797
0.00533507
0.00529029
0.00687887
0.00561924
0.0102277
0.00902717
0.00558643
0.00608532
0.00533881
0.00573274
0.00530609
0.00530755
0.00545778
0.00528806
0.00552207
0.00550954
0.00537312
0.00532974
0.00546719
0.00545024
0.0053922
0.00533022
0.00530754
0.00538742
0.00528239
0.00537298
0.0053348
0.0053555
0.00539646
0.00528689
0.0053126
0.00532388
0.00534553
0.00533304
0.00530484
0.00533479
0.00531729
0.00532228
0.00531089
0.0053236
0.00532239
0.00530634
0.00532992
0.00532728
0.00530154
0.00531248
0.00529508
0.00531729
0.00530714
0.00125248
0.010046
0.0249663
0.0109642
0.0161689
0.00898195
0.00563007
0.00631778
0.00601688
0.00535332
0.00675239
0.00623879
0.00663968
0.00542614
0.00647636
0.00596517
0.00615219
0.00586885
0.00546403
0.00600376
0.00586237
0.00551089
0.00530382
0.00578442
0.00546849
0.00570495
0.00541523
0.00738185
0.0343033
0.00542692
0.00543516
0.00657494
0.0056633
0.00579677
0.00535908
0.00576389
0.00545392
0.00530172
0.0053365
0.00553434
0.00532055
0.00536142
0.0054492
0.00544819
0.00545783
0.00534756
0.00537309
0.00529701
0.00535841
0.00540008
0.0053138
0.00537075
0.00533294
0.00534626
0.00534297
0.00535532
0.00534429
0.0053414
0.00533398
0.00528706
0.00531524
0.00533317
0.00531303
0.00532899
0.00532878
0.00532781
0.00532143
0.00532315
0.00528573
0.00530685
0.00531028
0.00531748
0.00531454
0.00529449
0.00531102
0.0053119
0.00530771
1.49368
0.0125006
0.043066
0.00770959
0.00779268
0.00650706
0.0135792
0.0116187
0.00545273
0.00563932
0.00657239
0.00694743
0.00758041
0.00685481
0.00688258
0.00676453
0.00539902
0.00587602
0.00556041
0.202124
0.0446177
0.0249816
0.00728776
0.013046
0.0094724
0.00542058
0.00535606
0.00534847
0.00614196
0.00557206
0.00673642
0.00651825
0.00618954
0.00597148
0.00554849
0.00535715
0.0056624
0.00574788
0.00534059
0.00564723
0.00534229
0.00575257
0.00531739
0.00550484
0.00547473
0.00565523
0.00531259
0.0111785
0.0101157
0.0112574
0.00842005
0.00565851
0.00728885
0.00656971
0.00532549
0.00571049
0.00544898
0.00541765
0.00528561
0.00548778
0.00545805
0.00536081
0.00541384
0.00551546
0.00551847
0.00533711
0.00531573
0.00533287
0.00542618
0.00534747
0.00532854
0.00533092
0.00529211
0.00531236
0.00531088
0.0053772
0.0053335
0.00534946
0.00532838
0.00532993
0.00529459
0.0053306
0.00534896
0.00529084
0.00534864
0.00531582
0.00532487
0.00531649
0.00529989
0.00531817
0.00529167
0.00532178
0.00530963
0.00530447
0.00532338
0.00530916
0.0105416
0.0254216
0.0104265
0.00603775
0.0176944
0.00794202
0.00648465
0.00870711
0.00628535
0.0076476
0.00694124
0.0053798
0.00548353
0.00666856
0.00555496
0.00613392
0.00564307
0.00592679
0.00608028
0.00570425
0.140173
0.0089512
0.00744188
0.00926293
0.00621542
0.00554301
0.0102332
0.00564215
0.00818746
0.00877335
0.00750291
0.0077681
0.00707833
0.00613412
0.00580356
0.00630473
0.00565496
0.00629746
0.00584334
0.00556561
0.014622
0.0306163
0.0092547
0.00632143
0.0109232
0.00535708
0.00560777
0.00662426
0.00536442
0.00617799
0.0058108
0.00584975
0.00586835
0.00568693
0.00538315
0.00545207
0.00542448
0.00555267
0.00562925
0.00542591
0.0054163
0.00547006
0.00532236
0.00531472
0.00544743
0.00544006
0.00532665
0.00547228
0.00533824
0.00540259
0.00531639
0.00540391
0.00531576
0.00530613
0.00537963
0.00538211
0.00531052
0.00529274
0.00535575
0.00535372
0.0108352
0.0287534
0.00877674
0.00622779
0.010812
0.00535708
0.00559288
0.00657417
0.00536236
0.00616254
0.0058108
0.0058379
0.00586014
0.00568104
0.00538179
0.00545228
0.00542462
0.0055491
0.00562702
0.00542421
0.00541498
0.0054695
0.00532239
0.00531474
0.00544612
0.00543941
0.00532638
0.0054709
0.00533812
0.00540206
0.00531633
0.00540322
0.00531568
0.00530605
0.00537914
0.00538163
0.00531042
0.00529273
0.0053554
0.00535339
0.0879779
0.0606448
0.00626881
0.0120963
0.0153855
0.0063162
0.00752014
0.00725012
0.0053715
0.00648386
0.00557767
0.00573427
0.00550883
0.00619689
0.00599103
0.00561938
0.00548231
0.0660019
0.0227152
0.00690496
0.019491
0.0122301
0.0120353
0.00843269
0.00875387
0.00668875
0.0319215
0.018016
0.0369095
0.0225085
0.0137999
0.0115888
0.00591803
0.0103317
0.00548242
0.00854114
0.00836041
0.00557452
0.00629144
0.00562497
0.00686727
0.00590797
0.00544784
0.00645305
0.00627753
0.0229541
0.00959977
0.0283262
0.00805976
0.00558333
0.00541221
0.00788868
0.00828087
0.0054848
0.00674539
0.00556739
0.00660029
0.00612105
0.00532279
0.00636301
0.00575116
0.00559782
0.00540746
0.00559946
0.00533048
0.00567164
0.00569
0.00541846
0.00539647
0.00546467
0.00543919
0.00536014
0.00549509
0.00562541
0.00533007
0.00533935
0.00552433
0.0055102
0.00537221
0.00539739
0.00540745
0.00548373
0.246552
0.0153154
0.0111804
0.00865905
0.00560214
0.00709382
0.00547143
0.00804393
0.00642257
0.00580692
0.00699929
0.00597521
0.00634824
0.00605181
0.00641814
0.00582469
0.00581679
0.00615399
0.00563423
0.00547539
0.0054734
0.0060134
0.00565086
0.00594288
0.005786
0.0053092
0.00575868
0.0124714
0.01209
0.00533016
0.00896459
0.0061241
0.00538671
0.00672945
0.00586724
0.00533206
0.0053589
0.00567345
0.00529243
0.00540019
0.00531672
0.00557263
0.00535218
0.00538755
0.00539932
0.00534608
0.00545916
0.00533125
0.0053337
0.0054357
0.00540944
0.00530107
0.00540698
0.00531791
0.00534767
0.00534758
0.00531902
0.00536768
0.0052967
0.00528578
0.00531348
0.00531739
0.00531724
0.00534545
0.00531013
0.0053366
0.00533427
0.00532
0.00532102
0.00528897
0.00529501
0.00532074
0.00528679
0.00530602
0.00530757
0.00531129
0.163224
0.00397031
0.00389461
0.00419087
0.00312508
0.00484025
0.00423318
0.00493725
0.00485366
0.00477666
0.00517972
0.00500213
0.0051084
0.00501551
0.00503974
0.00504424
0.00528622
0.00510818
0.00511046
0.00519127
0.00527874
0.00525086
0.00526819
0.00520735
0.00529258
0.00521387
0.00525416
0.00526597
0.00529204
0.00526121
0.00526463
0.00527232
0.00525231
0.00525215
0.00522613
0.00526311
0.00527603
0.00526701
0.00525411
0.00526649
0.00525708
0.00524676
0.00526242
0.00524804
0.00525186
0.00525543
0.0052564
0.00525297
0.00525245
0.00525615
0.00525792
0.00526057
0.00526472
0.00528009
0.00527492
0.00526655
0.0329665
0.0139121
0.00537138
0.0114962
0.013068
0.00531002
0.00539805
0.00648868
0.00680779
0.005394
0.00532423
0.00551867
0.00545199
0.00538374
0.0057667
0.00589256
0.0054778
0.00537384
0.00539477
0.00531563
0.00567409
0.0053143
0.00534329
0.00560188
0.00553196
0.0054878
0.00554483
0.00548413
0.00543121
0.00528848
0.00529918
0.00542504
0.00542357
0.00535729
0.00538085
0.00535501
0.00528851
0.00314394
0.00379313
0.00525473
0.00471858
0.00487279
0.00504017
0.00410003
0.00523459
0.00529681
0.00471325
0.00514978
0.00516241
0.00499116
0.00497631
0.00525528
0.00527818
0.00510674
0.00521979
0.00516441
0.00516864
0.00516433
0.00526881
0.00526737
0.00518895
0.00519171
0.00524053
0.00525079
0.00521057
0.00526011
0.00523915
0.00524523
0.00522621
0.00525891
0.00527183
0.00527744
0.0052611
0.00526658
0.00525192
0.00524481
0.00525869
0.00528805
0.00527824
0.00528808
0.00527968
0.00528733
0.00526677
0.00527544
0.00528312
0.00526615
0.00527372
0.00526851
0.00526428
0.00526504
0.00526581
0.00527759
0.0243036
0.00444647
0.00499123
0.00310981
0.00233588
0.00263242
0.00499726
0.00505374
0.00432293
0.00473704
0.00456175
0.00521562
0.0049528
0.00526046
0.00525034
0.00525086
0.00505757
0.0050841
0.00521661
0.00512399
0.00511022
0.00514542
0.00524557
0.00515357
0.00517876
0.00510799
0.00513502
0.00513611
0.00524365
0.00519577
0.0052014
0.00527708
0.00527306
0.00523536
0.00525442
0.00519892
0.00528934
0.00527107
0.00527362
0.00526721
0.00522984
0.00525789
0.00523478
0.00527721
0.00522957
0.00522931
0.00525589
0.00527437
0.00528008
0.00523985
0.00524207
0.00527816
0.0052643
0.00525414
0.00525141
0.00525654
0.005251
0.00525221
0.00525784
0.00525944
