1.31557
0.0579882
0.0137504
0.0103671
0.00830952
0.00650033
0.0120414
0.0062809
0.00786656
0.0150515
0.0544695
0.0266943
0.000755775
0.0126924
0.00793905
0.00814573
0.0122395
0.00793856
0.00884687
0.0119859
0.00874023
0.0118563
0.0111803
0.0117259
0.00917358
0.00950659
0.0113154
0.011369
0.0096574
0.0112079
0.0107174
0.0106535
0.00980067
0.0109917
0.0106756
0.00981866
0.00995897
0.0102105
0.00999572
0.0108165
0.0109602
0.0107114
0.0108973
0.0101277
0.0105022
0.165513
0.0159087
0.00830682
0.0118997
0.0125972
0.0187358
0.0104154
0.00947766
0.0141834
0.00916562
0.0115425
0.00964207
0.00954264
0.0125977
0.00944827
0.00965095
0.0116904
0.00962926
0.00961935
0.0118671
0.0096522
0.00981236
0.00974656
0.0107707
0.0114371
0.0112185
0.0114577
0.00993239
0.00993061
0.0112778
0.0112105
0.0112379
0.0105846
0.0100416
0.0111291
0.0101143
0.0103367
0.0110156
0.0110125
0.0109939
0.0104325
0.0109558
0.0109502
0.0103742
0.010653
0.0107056
0.0102061
0.0109175
0.0103094
0.0108939
0.0108715
0.0104054
0.0103615
0.0108422
0.0102726
0.0107965
0.0105843
0.0165272
0.0651554
0.00835845
0.00745409
0.012101
0.0073874
0.00887352
0.00762261
0.0115427
0.0116687
0.00934337
0.00944894
0.010453
0.0110893
0.0102241
0.0108965
0.00963719
0.010984
0.0112289
0.0107415
0.0110698
0.0105644
0.0104247
0.00992625
0.0109053
0.0104735
0.0103161
0.103694
0.0850446
0.0820913
0.00792353
0.0124381
0.0117038
0.0123223
0.00824681
0.00736812
0.00785948
0.0082001
0.0115427
0.0119099
0.0118024
0.00884103
0.00844347
0.0103541
0.0114649
0.00957278
0.00914658
0.0103072
0.0104211
0.00926016
0.00974347
0.0102028
0.00951069
0.00971242
0.0101418
0.00973989
0.0111774
0.0110594
0.00978808
0.0101968
0.010056
0.0100094
0.0100118
0.0106414
0.010086
0.0107648
0.0100658
0.250621
0.125625
0.0933601
0.00373559
0.00433593
0.00590126
0.00369275
0.00671781
0.0078845
0.010926
0.00841055
0.011539
0.0100993
0.00891863
0.00908012
0.0102269
0.0107731
0.00933542
0.00919699
0.00962657
0.00962706
0.00970423
0.00979637
0.00966648
0.00977894
0.00977111
0.00971329
0.123185
0.0532558
0.0381824
0.0126162
0.0117994
0.00467953
0.00681607
0.00544657
0.0069911
0.00793494
0.0111819
0.0117574
0.0085105
0.00923077
0.00945042
0.00983787
0.0109724
0.00924952
0.00944602
0.0107446
0.00964847
0.0107915
0.00964391
0.0104418
0.0105107
0.00982602
0.0102072
0.00986556
0.0109443
0.17034
0.237099
0.072781
0.00792992
0.0086674
0.0121861
0.012157
0.00636106
0.00816916
0.00868186
0.0116428
0.0113288
0.00883299
0.00836625
0.0115651
0.00892865
0.00921631
0.00933677
0.00940513
0.00951359
0.010888
0.0100599
0.0110255
0.00971589
0.00991672
0.0110638
0.0105899
0.0100542
0.0102872
0.0624925
0.0134694
0.00551234
0.0125208
0.0124594
0.011921
0.00756608
0.00829633
0.00819462
0.00930629
0.0104851
0.0106665
0.00864946
0.011497
0.0108578
0.00986168
0.0113395
0.0112033
0.0109138
0.0111134
0.0105226
0.00995115
0.00976804
0.00989252
0.00989567
0.0104364
0.00996597
0.0110164
0.0391436
0.00810161
0.0962227
0.0116533
0.000735605
0.010815
0.0121498
0.0077609
0.00845248
0.00732764
0.0118093
0.00813834
0.0108562
0.011615
0.0112008
0.00973981
0.0091404
0.00948892
0.00988815
0.00948074
0.0111965
0.0105913
0.0101323
0.00958303
0.0103958
0.0104695
0.00986297
0.0110439
0.0110034
0.00990489
0.0147598
0.0617749
0.00850733
0.00745819
0.0120974
0.00739506
0.00890656
0.00763567
0.0115401
0.0116642
0.00934546
0.00946043
0.0104575
0.011088
0.0102287
0.0108957
0.00964285
0.0109824
0.0112264
0.0107411
0.0110678
0.0105649
0.0104257
0.00992878
0.0109038
0.0104742
0.0103176
1.21769
0.00826971
0.0128424
0.00394107
0.00463663
0.01127
0.00835452
0.011294
0.0314158
0.0611867
0.0476119
0.00173993
0.0126767
0.0079433
0.00814934
0.0122316
0.00799785
0.00885139
0.01197
0.00874733
0.0118408
0.0111838
0.011713
0.00918052
0.00951165
0.0113084
0.0113615
0.00966186
0.011202
0.0107174
0.0106542
0.00980585
0.0109879
0.0106753
0.00982508
0.00996558
0.0102147
0.0099998
0.0108142
0.0109568
0.0107101
0.0108943
0.0101307
0.0105029
0.0151366
0.0206116
0.000146513
0.0127391
0.00382792
0.0122409
0.0120298
0.0084769
0.0135014
0.00909699
0.00910241
0.0119417
0.00911505
0.0119344
0.0117533
0.00977286
0.011635
0.0109733
0.0115801
0.00965152
0.011501
0.00971467
0.0106537
0.0113226
0.0112716
0.00979938
0.0108983
0.0112834
0.0101604
0.0111176
0.0111319
0.0107686
0.0104364
0.0100317
0.0100081
0.0100906
0.0109939
0.0108505
0.0108648
0.0109462
0.0101276
0.0103175
0.0105226
0.0101937
0.0107839
0.0107827
0.0108717
0.0105784
0.0102221
0.171103
0.342548
0.0325597
0.0125888
0.0118311
0.00456072
0.0067534
0.00539726
0.00693362
0.00789467
0.011186
0.0117584
0.00848073
0.00921066
0.00944084
0.00982423
0.0109752
0.00922448
0.00942814
0.0107448
0.0096353
0.0107929
0.00962989
0.0104367
0.0105074
0.00981202
0.0101969
0.00984964
0.0109506
0.003314
0.0151344
0.0136047
0.0124805
0.0137768
0.0139008
0.00699699
0.012868
0.0072416
0.0122476
0.00910686
0.00933813
0.00899801
0.00915514
0.0120938
0.0093484
0.011692
0.00970567
0.0113114
0.00952862
0.0115502
0.0115182
0.00966857
0.00983255
0.010378
0.0105012
0.0108245
0.00981131
0.0102864
0.0106829
0.00996994
0.010697
0.00999897
0.0109797
0.0101333
0.0100626
0.0100838
0.0106287
0.0101319
0.0106244
0.0101179
0.010221
0.0107582
0.0109305
0.0109144
0.0104317
0.0105419
0.010725
0.010826
0.0104727
0.0510173
3.5088e-05
0.00627041
0.00233922
0.00231237
0.0079044
0.0123494
0.00568969
0.00743029
0.00967949
0.0104696
0.00973385
0.00839413
0.00950894
0.00890033
0.0106231
0.0110058
0.0118033
0.0117898
0.0067436
0.00795164
0.0119696
0.00760862
0.00534949
0.00703828
0.0121718
0.0119776
0.0119261
0.0118511
0.00847573
0.0106154
0.00876485
0.00894278
0.00913642
0.00929316
0.0109266
0.0103358
0.0106427
0.00970413
0.0103607
0.0105015
0.0098028
0.0104478
0.00992626
0.0108571
0.0102715
0.0105514
0.0138949
0.0127446
0.00697223
0.013779
0.0131748
0.0137494
0.00779425
0.0114813
0.0121153
0.0130878
0.0123857
0.00842418
0.00856826
0.00881342
0.0120943
0.0116537
0.00949252
0.00969892
0.0115319
0.0100763
0.00964783
0.00969314
0.0102312
0.00981481
0.00971243
0.00984425
0.0112483
0.00989354
0.0103853
0.00996561
0.0106854
0.0102704
0.00998735
0.00999332
0.0100035
0.010109
0.0109154
0.0105303
0.0105023
0.0109921
0.0107486
0.010457
0.0109477
0.0101317
0.0101473
0.0105508
0.0103378
0.0106056
0.0108007
0.0106872
0.0196649
0.0102308
0.0111246
0.00488898
0.00557567
0.00664027
0.00831075
0.00531867
0.0100294
0.00685304
0.0116725
0.00900052
0.0112574
0.0106057
0.00899985
0.0095065
0.0109189
0.00938702
0.0096801
0.0110088
0.00686521
0.00785023
0.0132899
0.00554396
0.0120782
0.00416151
0.0123337
0.00617564
0.00636696
0.0118748
0.00744816
0.0114855
0.00905236
0.00913721
0.00860792
0.0112231
0.00994776
0.00955622
0.0102112
0.0158429
0.014392
0.0128333
0.0069055
0.00518382
0.0128971
0.00811135
0.00780846
0.0123741
0.00816543
0.0122026
0.0088964
0.0114718
0.00904333
0.0114354
0.00959043
0.00976895
0.0112418
0.00966177
0.0111668
0.0104264
0.0112205
0.0106697
0.00999084
0.00990429
0.00989708
0.00997553
0.0101596
0.0103435
0.0109366
0.0109199
0.0101427
0.010951
0.010321
0.0108888
0.0105003
0.0107928
0.0101898
0.0726568
0.0143158
0.0130139
0.0069056
0.00532813
0.0128619
0.00811403
0.00782355
0.0123548
0.00817205
0.012183
0.00891134
0.0114682
0.00904763
0.0114296
0.00959285
0.00977707
0.0112374
0.00966753
0.011163
0.0104294
0.0112171
0.0106698
0.00999475
0.00990622
0.00989909
0.0099773
0.0101618
0.0103449
0.0109346
0.010918
0.0101446
0.0109492
0.0103222
0.0108873
0.0105006
0.0107917
0.010191
0.0111699
0.0105141
0.00221248
0.00399995
0.0102656
0.0120329
0.0107035
0.00844475
0.0113005
0.00810632
0.0102832
0.0112813
0.00909065
0.0102481
0.0111925
0.00997075
0.0108451
0.0330738
0.0213835
0.0113588
0.00850826
0.0035361
0.00808914
0.011532
0.00686693
0.00895964
0.0321586
0.0556238
0.012585
0.00665764
0.00180778
0.00633173
0.00291083
0.00830289
0.00802091
0.00793813
0.0111006
0.0110261
0.00863016
0.00921242
0.00861398
0.00906361
0.0102881
0.00950276
0.000889492
0.00246659
0.012744
0.0127797
0.0127352
0.00663277
0.011121
0.0122255
0.00595251
0.00629838
0.0122282
0.0119718
0.00897844
0.0082594
0.0117781
0.0110875
0.0114353
0.00903376
0.0111244
0.0113847
0.00934096
0.0112902
0.0102591
0.00953656
0.00969235
0.010015
0.0107598
0.0098442
0.0101165
0.0107132
0.0110225
0.00996333
0.00997891
0.0100676
0.0106822
0.0108979
0.0100583
0.0116448
0.0161813
0.00917472
0.000222809
0.00079883
0.00279056
0.00805688
0.00831147
0.00706716
0.00760947
0.00780999
0.0117036
0.00905098
0.00884408
0.0104391
0.0114519
0.00950649
0.0104718
0.00948643
0.0110412
0.00955002
0.0110872
0.00973929
0.0109605
0.00991412
0.00444869
0.0128227
0.00700406
0.0138984
0.0132614
0.0138533
0.00781377
0.0112917
0.0119955
0.0131288
0.0124111
0.00843161
0.00856677
0.00882002
0.0121084
0.0116604
0.00949381
0.00969893
0.0115361
0.0100769
0.00965011
0.00969506
0.0102326
0.00981636
0.00971532
0.00984712
0.0112491
0.00989482
0.0103873
0.00996845
0.0106866
0.0102727
0.00998881
0.00999497
0.0100053
0.0101116
0.0109153
0.0105317
0.0105038
0.0109912
0.0107488
0.0104585
0.0109467
0.0101334
0.0101493
0.0105517
0.0103397
0.0106062
0.0108001
0.0106872
0.0283987
0.0168386
0.0184612
0.00838893
0.0086783
0.0174473
0.00864082
0.00846551
0.01218
0.00895399
0.00903533
0.0087873
0.0123064
0.012764
0.0121819
0.0123145
0.00941238
0.0115085
0.00964407
0.011636
0.0115815
0.00973793
0.0114348
0.0103647
0.0104394
0.0112486
0.0105055
0.0111384
0.00989282
0.00996014
0.0110416
0.01005
0.00997258
0.0100049
0.0110311
0.0110687
0.0110865
0.0110558
0.0109728
0.0110489
0.0105671
0.0109324
0.0101398
0.0108785
0.0101956
0.0109199
0.0107552
0.0107475
0.0108872
0.0107227
0.0102715
0.0102431
0.0102714
0.0102515
0.01045
0.0108228
0.0107861
0.0951243
0.013398
0.00190672
0.00324806
0.0127262
0.00708872
0.00773222
0.0125742
0.00722607
0.00747715
0.00804141
0.00893188
0.0119063
0.00862179
0.0105676
0.00929484
0.0114347
0.00946699
0.00953147
0.00958985
0.0102959
0.00959034
0.00971355
0.00974897
0.00981008
0.00994842
0.0108172
0.0110824
0.0101427
0.0110381
0.0105097
0.0100419
0.0103365
0.0102798
0.0101004
0.0108921
0.0101442
0.00642116
0.00866171
0.0136075
0.0144651
0.0121732
0.00854413
0.0144058
0.0152161
0.0152611
0.0127647
0.00907464
0.00917213
0.00926108
0.00928918
0.0121939
0.0112002
0.011596
0.0100162
0.0114686
0.0106424
0.0114357
0.00972375
0.0114921
0.00983662
0.0113517
0.00990942
0.0111542
0.0112309
0.0099483
0.011218
0.0111098
0.0109424
0.0100005
0.0108744
0.0107955
0.0100401
0.010335
0.0100691
0.0101685
0.0102478
0.0106403
0.0102583
0.0106611
0.0102615
0.0109191
0.0108937
0.0105971
0.0101954
0.0102036
0.0102087
0.0108763
0.0108543
0.0104974
0.0108297
0.0108222
0.0102569
0.0102673
0.149993
0.0183186
0.0141982
0.00864743
0.00872041
0.0164872
0.0086857
0.0144099
0.00886152
0.0153827
0.0137844
0.00888102
0.0127605
0.0116528
0.0107746
0.0107255
0.00966952
0.0116812
0.0116032
0.00971622
0.00967317
0.0105458
0.0107476
0.0113475
0.0100233
0.00986243
0.0111338
0.0111884
0.0111659
0.00998716
0.0102127
0.00999611
0.00999121
0.0105385
0.0100382
0.0100603
0.011051
0.010985
0.0102849
0.0108287
0.0101836
0.0104934
0.0108519
0.0109764
0.0101444
0.0102568
0.0109148
0.0106681
0.0103355
0.0102371
0.0108717
0.0102325
0.0108396
0.0102543
0.0102777
0.0103439
0.0104751
0.0104883
