0.835922
0.0262905
0.00178783
0.00992075
0.00493156
0.00206074
0.000590453
0.00110943
0.00398844
0.00461072
0.0262822
0.00264219
0.00697395
0.00812345
0.00664605
0.000243472
0.00195964
0.0069033
0.00286795
0.00592585
0.00602486
0.00292404
0.00286975
0.00504682
0.00313764
0.00362925
0.00464858
0.00538557
0.00344146
0.00475232
0.00371684
0.00501842
0.00510685
0.00441338
0.00380158
0.00473369
0.0038205
0.00388077
0.00416546
0.00406952
0.00475198
0.00484422
0.00399028
0.00399721
0.00401179
0.00410316
0.00433775
0.00474721
0.00411196
0.0842113
0.0666656
0.0224555
0.00236954
0.0258794
0.0167041
0.00350574
0.00349966
0.00539875
0.0081917
0.00821856
0.00552358
0.00585611
0.00369021
0.00647689
0.00379139
0.00589764
0.00378473
0.00508201
0.00572308
0.0037612
0.0040753
0.00549844
0.00536083
0.00530889
0.00536296
0.00391208
0.0039262
0.00500248
0.00491991
0.00397396
0.00505729
0.00503216
0.00429238
0.00500649
0.00497724
0.00406907
0.00483945
0.00484545
0.00431083
0.00406928
0.00472609
0.0047603
0.00413488
0.00465534
0.00437012
0.00443321
0.00415446
0.00422246
0.00424168
0.00416215
0.00470982
0.0047201
0.00459119
0.00436197
0.00468446
0.00425171
0.00426092
0.00438655
0.0194023
0.00367851
0.00706773
0.00648178
0.00398457
0.00257974
0.00605431
0.00193287
0.00202461
0.00336376
0.0026942
0.00328948
0.00309729
0.00332506
0.00526494
0.00336035
0.00357437
0.00368058
0.00509056
0.00489889
0.00503062
0.00487233
0.00452499
0.00465411
0.00478247
0.00472847
0.00396167
0.00474145
0.00433873
0.0347377
0.026327
0.00554956
0.00754912
0.00652448
0.00144315
0.00699965
0.000470851
0.00607674
0.00223167
0.00608405
0.00253216
0.00560609
0.00556344
0.00335041
0.00537059
0.00425367
0.00439254
0.00336891
0.00354398
0.00357568
0.00507001
0.00440228
0.00480857
0.00495451
0.0039049
0.00380515
0.00403611
0.00440496
0.00387161
0.00470457
0.00454577
0.00424687
0.00449961
0.00399334
0.00475417
0.00420783
0.132647
0.0389378
0.000478143
0.00357779
0.00393766
0.00107953
0.000456609
0.0019059
0.000387987
0.00293352
0.00252004
0.00520606
0.005589
0.00547109
0.00394229
0.0053424
0.00346847
0.00514151
0.00506733
0.0034855
0.00348187
0.00479242
0.00496633
0.00361923
0.00491153
0.00492914
0.00387112
0.00438874
0.00476416
0.00457835
0.00112527
0.0331823
0.00520038
0.00100634
0.000443029
0.00608318
0.000483339
0.00140502
0.00320939
0.00571656
0.00563996
0.00362921
0.00305042
0.00340456
0.00524756
0.00330461
0.00490997
0.00347284
0.00366683
0.00412118
0.0047469
0.00375154
0.00379554
0.00388072
0.00477582
0.00429646
0.00393117
0.00466741
0.00685769
0.00194823
0.00670285
0.00637612
0.00600128
0.00606219
0.00584124
0.0057326
0.00270946
0.00309899
0.00297593
0.00526085
0.00527169
0.00427033
0.0050717
0.00361067
0.00501796
0.00374498
0.00385806
0.00493979
0.00488439
0.00386218
0.00390921
0.00439758
0.00443667
0.0396832
0.00812761
0.0145467
0.00656178
0.00146884
0.000382655
0.00621523
0.00126621
0.00264626
0.00287218
0.0045186
0.00341776
0.00334085
0.0032425
0.00407381
0.00500116
0.00469163
0.00365508
0.00498876
0.00369352
0.00379527
0.00492637
0.00483291
0.00489457
0.00395205
0.00396894
0.0039763
0.0040455
0.0418885
0.0161102
0.00169697
0.0064744
0.00102162
0.00606949
0.00603557
0.00604556
0.00594712
0.00226616
0.00277396
0.00326754
0.00310646
0.00411085
0.00400346
0.00345843
0.00367447
0.0036143
0.00401886
0.00492278
0.00376762
0.00472701
0.00489496
0.00434303
0.00394086
0.00396132
0.00395715
0.00119595
0.010609
0.00245832
0.00601547
0.00125124
0.00597967
0.00271304
0.00283023
0.0056423
0.00567793
0.00554796
0.00356092
0.00328236
0.00528287
0.00345628
0.00343082
0.00354626
0.00368083
0.00370721
0.00494242
0.0038182
0.00491884
0.00387352
0.00484271
0.00392073
0.00396187
0.00454445
0.00398453
0.0047399
0.120771
0.0545583
0.00138868
0.00642366
0.00611106
2.69924e-06
0.00283317
0.00182504
0.00443003
0.00357454
0.00308096
0.00372278
0.00991881
0.00508908
0.00176235
1.49807e-05
0.00299793
0.00609992
0.00583587
0.00611809
0.00532784
0.00249967
0.00307158
0.00327387
0.00313397
0.00314901
0.00537223
0.00356025
0.00351969
0.00513533
0.00517484
0.00486399
0.00373652
0.00375222
0.00482396
0.00498872
0.00432665
0.00392465
0.00394078
0.00393717
0.00476026
0.00429688
0.004271
0.00421197
0.00402496
0.00468751
0.00461947
0.00406909
0.00405316
0.016346
0.0039372
0.011527
0.0036851
0.00629418
0.0080319
0.00976032
0.00563944
0.00277456
0.00296106
0.00338962
0.0065212
0.0064666
0.00338301
0.00340041
0.00574578
0.00572292
0.00549023
0.00527574
0.00364364
0.00523309
0.00380794
0.00516856
0.00517626
0.00382716
0.00462751
0.00388016
0.00385981
0.00495134
0.00481427
0.00396005
0.00493986
0.00492299
0.00445862
0.00417257
0.00487318
0.00471861
0.0046924
0.00412639
0.00424823
0.00411625
0.00477474
0.00476637
0.00449348
0.00420433
0.00472319
0.00429318
0.00432152
0.00428404
0.00623353
0.0334475
0.00563877
0.000946531
0.000546669
0.00606494
0.000417501
0.00136785
0.00319991
0.00571203
0.00563693
0.00361576
0.0030316
0.00339531
0.00525139
0.00328912
0.00491218
0.00345514
0.00364983
0.00411108
0.00474921
0.00373942
0.00378589
0.00387056
0.00478118
0.00429083
0.00391952
0.00125326
0.00848402
0.00248043
0.0205789
0.00591908
0.00279107
0.0028718
0.00700128
0.0079496
0.0031806
0.00319234
0.00324793
0.00366165
0.00627634
0.00349212
0.00554004
0.00354456
0.00386354
0.00408356
0.00535345
0.0043877
0.00499653
0.00390564
0.00408278
0.00386052
0.00395018
0.00453011
0.00435386
0.00506121
0.00403662
0.00398036
0.00493429
0.00458189
0.00401701
0.00479796
0.00450481
0.0040992
0.00407577
0.00412962
0.00475412
0.00409812
0.00409619
0.00475395
0.00472551
0.00423635
0.00445357
0.00466355
0.00433984
0.00432759
0.00664824
0.0126085
0.00570916
0.00204148
0.00137201
0.0028316
0.00159515
0.00103616
0.00185619
0.00388374
0.00532596
0.00316
0.00513087
0.00328831
0.0049455
0.00418911
0.00482105
0.00349293
0.335967
0.0140237
0.00636089
0.0067366
0.000835822
0.000806245
0.00597229
0.00157138
0.00443279
0.00561088
0.00558033
0.00239775
0.00283009
0.00307928
0.00341861
0.00471321
0.00405549
0.00356342
0.00373552
0.00371338
0.00480336
0.00494108
0.00476097
0.00383319
0.00433213
0.00476328
0.00396589
0.00420596
0.00420807
0.0493995
0.0408862
0.00729357
0.0156867
0.0172441
0.00280594
0.00828326
0.00646812
0.00890985
0.00639585
0.00322466
0.00346063
0.00628934
0.00528949
0.0032941
0.0042017
0.00361753
0.00547752
0.00424376
0.00397422
0.00533287
0.00382843
0.0042532
0.00504352
0.00496018
0.0040717
0.00500327
0.00436555
0.00508892
0.00453891
0.0039838
0.00486827
0.00466149
0.00418609
0.00399585
0.00426367
0.00418093
0.00480392
0.00413644
0.00419841
0.00407437
0.00474876
0.00408862
0.00455841
0.00471319
0.00412882
0.00466688
0.00469677
0.00428848
0.0046973
0.3287
0.00904094
0.00463612
0.00466374
0.00049888
0.00174098
0.00220914
0.00556193
0.0021934
0.00477164
0.00301704
0.00312408
0.00334474
0.00338821
0.00401874
0.00362147
0.00483495
0.0037555
0.13158
0.00910776
0.00908784
0.012882
0.00104109
0.00123635
0.000245079
0.00447539
0.00299104
0.00213424
0.00241138
0.00305897
0.00355891
0.00458039
0.00495628
0.00433291
0.00353048
0.00367376
0.00364123
0.00368051
0.00656759
0.000900097
0.000835056
0.0065464
0.00752202
0.00233477
0.00650809
0.00445425
0.00294258
0.00328872
0.00444161
0.00561967
0.00559629
0.00524694
0.00361259
0.00368145
0.0052019
0.00375832
0.00508121
0.00504006
0.00384023
0.0050485
0.00408332
0.00412781
0.00391391
0.0039599
0.00487632
0.0044505
0.003999
0.00435073
0.00406093
0.00408502
0.00418527
0.00473174
0.00412491
0.00458111
0.00473495
0.00255862
0.00977157
0.000900097
0.000835062
0.00648744
0.00744054
0.00235689
0.00647503
0.00448576
0.00296085
0.00328935
0.00445452
0.00560731
0.00558452
0.00524146
0.00361502
0.00368402
0.00519666
0.00376272
0.00507744
0.00503591
0.00384219
0.00504478
0.00408581
0.00413002
0.00391583
0.00396136
0.00487416
0.00445059
0.00400059
0.0043512
0.00406225
0.00408627
0.0041864
0.00473048
0.00412613
0.00458032
0.0047336
0.00325562
0.0509133
0.00320906
0.00448591
0.00570622
6.79425e-06
0.00112676
0.00215697
0.0055478
0.00279678
0.00450432
0.00535517
0.00422731
0.0035663
0.00484049
0.00353991
0.00480945
0.00376659
0.00454312
0.00482093
0.0467571
0.00741986
0.00441428
0.00421785
0.00288984
0.00259474
0.00241463
0.00397617
0.00241535
0.0307595
0.0980776
0.00612849
0.00303495
0.000859721
0.00629247
0.00249227
0.00464426
0.0054809
0.00579743
0.00434071
0.0039187
0.00269439
0.00300542
0.00325185
0.00338719
0.00387796
0.00356426
0.00848948
0.0295269
0.000997955
0.00699278
0.00120786
0.00245813
0.00164877
0.00595055
0.00608114
0.00614089
0.00608656
0.00456017
0.00529437
0.00299362
0.00299036
0.00538648
0.00354976
0.00341963
0.0052708
0.00520185
0.0049835
0.00380251
0.00374355
0.00398571
0.00476546
0.00501239
0.00497418
0.00439724
0.00430944
0.00385826
0.00490267
0.0043676
0.00456141
0.00405496
0.00469087
0.00401661
0.00474724
0.00411159
0.00402194
0.132591
0.03876
0.000121375
0.00347373
0.00402188
0.00108183
0.000417678
0.00190733
0.000379391
0.00293374
0.00250945
0.00520514
0.00559113
0.00547275
0.0039398
0.00534362
0.00346657
0.00514233
0.00506802
0.00348481
0.00348152
0.00479275
0.00496675
0.00361894
0.00491189
0.00492945
0.00387096
0.00438881
0.00476437
0.0045785
0.0242922
0.047357
0.00748914
0.0166776
0.0183256
0.00281425
0.00843205
0.006525
0.00906786
0.00637919
0.00322947
0.00346331
0.00630986
0.00529531
0.00329758
0.00420027
0.00361888
0.00548383
0.0042441
0.00397515
0.00533709
0.00383051
0.00425497
0.00504564
0.00496209
0.00407382
0.00500385
0.00436734
0.00509005
0.00454046
0.00398576
0.00486791
0.00466243
0.00418814
0.00399734
0.00426551
0.00418291
0.00480324
0.00413845
0.00420028
0.00407556
0.00474786
0.00408982
0.00455884
0.00471221
0.00413034
0.0046664
0.00469574
0.00428995
0.00469642
0.0373053
0.0305062
0.00902342
0.0144148
0.0189531
0.00605734
0.00355375
0.00622588
0.00655392
0.00632596
0.00360774
0.00340596
0.00403431
0.0065286
0.00378783
0.0052143
0.00601992
0.00374088
0.00524419
0.00430583
0.0053863
0.00533473
0.00381147
0.00383963
0.00514713
0.00517942
0.00386217
0.00520804
0.00515694
0.00461923
0.00400179
0.00488053
0.00402335
0.00400025
0.00458969
0.00472424
0.00494623
0.00494365
0.00459406
0.00487684
0.0048296
0.0043361
0.00469352
0.00462524
0.00417298
0.00451176
0.00410823
0.00474285
0.00417335
0.00468993
0.00464167
0.00470856
0.00418421
0.00424004
0.00440361
0.0044798
0.00462946
0.00463481
0.0123607
0.00534522
2.55774e-05
0.00810179
7.4705e-05
0.00182286
0.0019327
0.00300509
0.00596054
0.00328852
0.0027032
0.00546306
0.00323511
0.00339719
0.00559408
0.00346998
0.00361717
0.00526227
0.00394946
0.00511953
0.00515916
0.00504509
0.00439518
0.00386706
0.0038886
0.00491082
0.0039494
0.00412825
0.00402319
0.0048149
0.00443044
0.00477686
0.00476722
0.0043389
0.00476423
0.00457679
0.118317
0.0479827
0.0228915
0.019588
0.0147457
0.00695871
0.0034432
0.00958999
0.00737367
0.00337853
0.00740719
0.00344411
0.00557096
0.00560525
0.00366769
0.00369503
0.00363847
0.00518738
0.00533244
0.00418822
0.0053672
0.00378921
0.00544353
0.00385799
0.00532663
0.00384299
0.00498084
0.00395448
0.00507434
0.00479341
0.00435272
0.00474586
0.00493368
0.00489625
0.00489513
0.00481891
0.00405791
0.00407293
0.00487473
0.00405807
0.00406562
0.00484042
0.0045945
0.00428794
0.0047879
0.00435067
0.00466631
0.00474283
0.00471795
0.00428729
0.0047067
0.00470868
0.00444111
0.00431746
0.00458185
0.00442635
0.0046696
0.0749068
0.00866236
0.0293634
0.0265304
0.00657051
0.00676129
0.00948844
0.00363722
0.00408847
0.0036159
0.00359329
0.00359136
0.00551705
0.00576974
0.00514634
0.00488174
0.00553107
0.003815
0.00381939
0.00390871
0.00504712
0.00509792
0.00399024
0.00523065
0.0039403
0.00494011
0.00505923
0.00486438
0.00399795
0.0040293
0.00422191
0.00441154
0.004341
0.00425677
0.00408079
0.00453316
0.00443383
0.00483347
0.00426909
0.00408376
0.00413959
0.00425145
0.00454123
0.00481114
0.0046747
0.00472443
0.00418643
0.00430533
0.00472154
0.00454424
0.004191
0.00434156
0.00445612
0.00440274
