0.219025
0.0502851
0.0161149
0.0135743
0.0136876
0.0161783
0.0175356
0.0138566
0.0172167
0.0195076
0.0136542
0.00940125
0.0182288
0.016093
0.0186971
0.0137162
0.0145058
0.0159174
0.017811
0.018607
0.0177996
0.0179896
0.0174133
0.0176949
0.0187462
0.0185731
0.0175285
0.0185825
0.0188474
0.0185578
0.0180659
0.0184032
0.0185155
0.0186787
0.018555
0.0184661
0.0186806
0.0188008
0.0186904
0.0187846
0.0187914
0.0186811
0.0185416
0.0187037
0.0186586
0.0185958
0.0188114
0.0184189
0.018655
0.0186673
0.0189488
0.0187416
0.0186637
0.0188256
0.0189368
0.0187516
0.0187246
0.0187899
0.0189154
0.0189027
0.0189132
0.018744
0.0187806
0.0188093
0.018784
0.0188115
0.018886
0.0188005
0.0188551
0.0187996
0.0188074
0.0188711
0.0188831
0.0188821
0.0188077
0.0188793
0.018815
0.0188247
0.0188631
0.0188234
0.0188195
0.0188753
0.0188713
0.0188281
0.0188628
0.0188663
0.0188308
0.0188295
0.0188311
0.0188505
0.018832
0.0188669
0.0188668
0.0188346
0.0188659
0.0188411
0.0188618
0.0188623
0.0188502
0.0188367
0.0188346
0.0188549
0.0188582
0.0188369
0.018861
0.0188616
0.0779213
0.0144035
0.0069071
0.00782081
0.0167242
0.0176216
0.0141224
0.0171723
0.0159408
0.0184084
0.0182956
0.0166843
0.0176511
0.0183074
0.0179811
0.0180999
0.0184082
0.0186553
0.0185877
0.0186542
0.0185129
0.0184698
0.0184922
0.018439
0.0185968
0.0183493
0.0185827
0.0184929
0.0188561
0.00215726
0.0177198
0.0142145
0.0141388
0.0128438
0.00297921
0.0133218
0.0180926
0.0139696
0.0173546
0.016584
0.0185422
0.0182942
0.0167718
0.0176482
0.018459
0.0170646
0.0187907
0.0178035
0.0176341
0.0186808
0.0179141
0.0178788
0.0187182
0.0185462
0.0180841
0.0181294
0.0187931
0.0183688
0.0187105
0.0184355
0.0187355
0.0184132
0.0183611
0.0184642
0.0186621
0.0185284
0.0185391
0.576543
0.00281571
0.000310249
0.0159208
0.00963861
0.000998359
0.00728463
0.0159907
0.0170856
0.018078
0.0153245
0.0161365
0.0172927
0.0184382
0.0187465
0.0187479
0.0170513
0.0187663
0.0179359
0.0181778
0.0184538
0.0187829
0.0177192
0.0181403
0.0179062
0.0180824
0.018199
0.018069
0.0181164
0.09239
0.0149007
0.0175602
0.0138779
0.0125593
0.0094824
0.0173813
0.017918
0.0173119
0.0178121
0.0184756
0.018382
0.0173585
0.0175532
0.0176393
0.0178707
0.0182339
0.0178995
0.018383
0.0186687
0.0181739
0.0182385
0.0182399
0.0184187
0.0188494
0.0184897
0.00865575
0.0305695
0.00235769
0.000729559
0.0127432
0.00354225
0.0173812
0.0182987
0.0184161
0.0157709
0.0157657
0.0172491
0.0180894
0.0180703
0.0187453
0.0185606
0.0188088
0.017855
0.0186503
0.0182016
0.018444
0.0179824
0.0182004
0.0187915
0.018274
0.0185605
0.018556
0.0187477
0.0300211
0.0158782
0.0182512
0.0102674
0.00688581
0.0172158
0.0182896
0.0185661
0.0161204
0.0164313
0.0164406
0.0185102
0.0186245
0.0180343
0.0185389
0.0186407
0.0183758
0.0181854
0.0180476
0.0183718
0.0186125
0.0182538
0.0181813
0.018406
0.0187096
0.0188553
0.0183872
0.0186653
0.0188088
0.0178183
0.0177166
0.0110044
0.0135719
0.00945949
0.0167888
0.018674
0.0179925
0.0181657
0.017272
0.0187867
0.0184765
0.0188007
0.0170264
0.0169773
0.0172608
0.0174374
0.0183421
0.0179213
0.0178698
0.0179001
0.0179727
0.0181903
0.0181002
0.0181745
0.0183456
0.0187743
0.0183618
0.0183712
0.0187285
0.0914739
0.0146771
0.00694291
0.00783386
0.0167306
0.0176536
0.0142183
0.0171747
0.0159542
0.0184131
0.0182961
0.0167053
0.0176568
0.0183116
0.0179881
0.0181056
0.0184093
0.0186564
0.0185885
0.0186548
0.0185143
0.018472
0.0184942
0.0184414
0.0185982
0.0183522
0.0185842
0.0184949
0.018856
0.00134556
0.0240358
0.0111609
0.00795207
0.00895284
0.010361
0.0158451
0.0181066
0.016631
0.017267
0.0150311
0.012806
0.0104691
0.0182315
0.016103
0.0186979
0.0138026
0.01458
0.016035
0.0178107
0.0186141
0.0178018
0.0180115
0.0174315
0.0177223
0.0187478
0.0185784
0.017553
0.0185869
0.0188473
0.0185621
0.0180767
0.0184098
0.01852
0.0186797
0.0185573
0.0184711
0.0186818
0.0188011
0.0186921
0.0187851
0.0187918
0.018683
0.018545
0.0187051
0.0186606
0.0185987
0.0188117
0.000646662
0.0490732
0.0177479
0.0121254
0.0174004
0.0154211
0.0186312
0.0179264
0.0180544
0.0183101
0.0186395
0.0182357
0.018865
0.018876
0.0182784
0.0187713
0.0188339
0.0186536
0.0188102
0.0184653
0.0188061
0.018495
0.0184299
0.0186034
0.0185621
0.0187203
0.0187234
0.0186642
0.018764
0.0186388
0.0185993
0.0187851
0.0186274
0.0187883
0.0186637
0.0187878
0.0187521
0.0188638
0.0187321
0.0186979
0.0188549
0.0188354
0.0187741
0.0187321
0.0188609
0.0187409
0.0187504
0.0187963
0.0188477
0.0187806
0.0684336
0.0154082
0.0176796
0.0142097
0.0128449
0.00939922
0.0173321
0.0179237
0.0172977
0.0178051
0.0184742
0.0183708
0.0173245
0.0175372
0.0176149
0.0178497
0.0182235
0.0178768
0.0183717
0.0186659
0.018157
0.0182223
0.0182236
0.0184071
0.0188492
0.0184809
0.0454014
0.0123568
0.0175121
0.0182267
0.0166924
0.0155446
0.017067
0.0180692
0.0180314
0.0178218
0.0181163
0.0179767
0.018305
0.0188691
0.018123
0.018513
0.0183619
0.0187781
0.0187406
0.0186835
0.0187561
0.0185222
0.0187028
0.0187089
0.018602
0.0186217
0.0186508
0.0186962
0.0186471
0.0186834
0.0186869
0.0187489
0.0187471
0.0188327
0.0187339
0.0187069
0.0187379
0.018734
0.018784
0.0187716
0.0188045
0.0188639
0.0188014
0.0188438
0.0187751
0.0187691
0.0188306
0.0879838
0.0635438
0.0213246
0.0180994
0.0159732
0.00390337
0.0130508
0.0184751
0.0176262
0.0145049
0.0177334
0.0183652
0.0180474
0.016357
0.0178921
0.0176196
0.0176373
0.0171878
0.0174715
0.136637
0.0152838
0.0136296
0.00930096
0.0174006
0.0136409
0.014484
0.0165012
0.018185
0.01751
0.01804
0.0186001
0.018105
0.0184842
0.0180245
0.0182619
0.0179401
0.0179719
0.0180228
0.0182148
0.018595
0.0187704
0.018246
0.0185139
0.0183731
0.0183822
0.0183582
0.0182555
0.00903408
0.0025178
0.0113784
0.0143152
0.0187315
0.013927
0.0161207
0.0186926
0.0185993
0.0180734
0.0178235
0.0183572
0.0187793
0.0182803
0.0184712
0.0182071
0.018884
0.0184519
0.0184058
0.0185605
0.0188572
0.0184451
0.0184855
0.0186389
0.0185405
0.0185444
0.0187682
0.0185899
0.0185995
0.0186533
0.0186559
0.0186658
0.0188276
0.0187622
0.018779
0.0186861
0.0188211
0.0187456
0.0188612
0.0188502
0.0187478
0.0187756
0.0187504
0.0187848
0.0187827
0.0188018
0.0188109
0.0908582
0.00842887
0.0137938
0.0129036
0.012797
0.0122417
0.0185401
0.0182431
0.0142658
0.0180061
0.0165098
0.0167495
0.0170668
0.0172393
0.0171395
0.017332
0.0174985
0.0176786
0.0178314
0.0181424
0.000334717
0.00148475
0.0177546
0.0182809
0.0155008
0.0161531
0.0160644
0.0182952
0.0187473
0.0161581
0.016698
0.0181904
0.0165267
0.0185456
0.0187849
0.0182079
0.0183738
0.033973
0.00307892
0.017632
0.00884344
0.0114115
0.0162777
0.0175933
0.0188537
0.0185668
0.0187149
0.0180867
0.0183366
0.0183569
0.0184886
0.0182777
0.0181468
0.0181572
0.0186062
0.0184212
0.0188176
0.0187336
0.0184514
0.0185437
0.0185398
0.0185017
0.0185856
0.0185527
0.0186994
0.0187016
0.0187765
0.018669
0.0186255
0.0186719
0.0186521
0.0186926
0.0188215
0.0187476
0.0188234
0.341875
0.169323
0.0178191
0.0168335
0.0183114
0.01768
0.0186544
0.0154575
0.018852
0.0181027
0.0183538
0.0180355
0.0187817
0.0177868
0.0181683
0.018199
0.0186691
0.0184312
0.0185256
0.0185759
0.0185901
0.0183756
0.0185041
0.0183714
0.0185868
0.0186496
0.018601
0.0187088
0.0186809
0.0185934
0.0186224
0.0187806
0.0187017
0.0187393
0.0188511
0.018735
0.0187066
0.0187253
0.22427
0.0415463
0.0109813
0.0060381
0.0172801
0.0183718
0.0183016
0.0168656
0.016819
0.0158524
0.0177684
0.0185213
0.018733
0.0170079
0.0183314
0.0176614
0.0187536
0.0185837
0.0186369
1.84706
0.0651928
0.0079021
0.012518
0.0110797
0.0101223
0.0181242
0.0143898
0.0148143
0.101438
0.070686
0.0064761
0.011346
0.0180497
0.00459793
0.0177591
0.0146518
0.0140545
0.0151783
0.015587
0.018346
0.018751
0.0177164
0.0177691
0.0176079
0.0184433
0.0179806
0.0180337
0.43771
0.011068
0.0176896
0.0270707
0.0090521
0.0148319
0.0170515
0.0184286
0.0153799
0.018703
0.018571
0.0188214
0.0175076
0.0165171
0.0182041
0.0182312
0.01867
0.0179342
0.0182496
0.0184749
0.0180852
0.0187754
0.018799
0.0188215
0.018842
0.0187341
0.0185247
0.0188259
0.0186056
0.0185156
0.0188127
0.0184731
0.0188048
0.0185306
0.0187659
0.35385
0.366709
0.134489
0.00471878
0.0149395
0.00408136
0.0114729
0.0170203
0.0180782
0.0152477
0.018298
0.0172357
0.0158013
0.0186236
0.0157108
0.0166883
0.0171362
0.0186885
0.017673
0.0187803
0.0187804
0.0187389
0.0187512
0.0184602
0.0186673
0.0181793
0.018393
0.0800447
0.0822839
0.0154831
0.0187164
0.0163416
0.01817
0.0182434
0.0155108
0.0157153
0.0185975
0.0179559
0.0187914
0.0187127
0.0187276
0.0187402
0.0184719
0.01827
0.0183111
0.0187154
0.0184359
0.0184919
0.0184103
0.0184236
0.0185075
0.0187565
0.0185805
0.0185263
0.0188437
0.0188381
0.0186723
0.0186499
0.0187315
0.0187108
0.0187077
0.0187617
0.0188627
0.0187108
0.0187602
0.0187382
0.0187346
0.0187482
0.0188254
0.0187502
0.018804
0.0187974
0.0187664
0.0251253
0.0173959
0.0138779
0.0179123
0.0183748
0.0186349
0.0189026
0.0187698
0.0185312
0.0188461
0.0188194
0.0185206
0.0188434
0.0188586
0.0185981
0.0187817
0.0186501
0.0187493
0.0188748
0.018781
0.0188732
0.0187943
0.0187286
0.018819
0.0187488
0.0188538
0.0187569
0.018811
0.0188301
0.0187917
0.0187696
0.0188096
0.0187746
0.0187868
0.018818
0.0187964
0.0188063
0.0187974
0.0188105
0.0188397
0.0188034
0.018827
0.0188069
0.0188091
0.0188205
0.0188105
0.0188642
0.0188382
0.018824
0.0188293
0.0188155
0.0188315
0.0188222
0.0188306
0.018863
0.0188223
0.0188558
0.0188315
0.184439
0.108215
0.0155739
0.0179823
0.0187849
0.0184248
0.0183241
0.0175757
0.0182157
0.0188498
0.0179973
0.0186005
0.018133
0.0180968
0.0184729
0.0184618
0.0187342
0.0187381
0.0188726
0.0186765
0.0183772
0.018668
0.0183094
0.0187272
0.0185347
0.0186499
0.018479
0.0186685
0.0184589
0.0186269
0.0185615
0.0185585
0.0185613
0.0186154
0.0188031
0.01863
0.0186605
1.13637
0.0483126
0.0131486
0.0188813
0.0158737
0.0185786
0.0178968
0.0184029
0.0185246
0.0188557
0.0185965
0.0187784
0.0184706
0.0184813
0.0186824
0.0188104
0.0188508
0.0187973
0.0187717
0.0187132
0.0187257
0.0187852
0.018846
0.0186784
0.0187949
0.0187162
0.0186999
0.0188441
0.0187931
0.0187411
0.0188158
0.0187725
0.0187956
0.0188592
0.0188234
0.0187851
0.0188188
0.0187855
0.0188393
0.0188288
0.0188396
0.0187969
0.0187959
0.0187967
0.0188304
0.0188132
0.0188035
0.0188168
0.0188636
0.0188272
0.0188154
0.0188113
0.0188117
0.0188209
0.0188343
0.0188298
0.0188235
0.0188185
0.0188474
0.033236
0.00822102
0.0189441
0.0158181
0.0169979
0.0172058
0.0187244
0.018606
0.0188081
0.0185388
0.018589
0.018882
0.0187985
0.0188374
0.0188046
0.0187218
0.0188836
0.01879
0.0188308
0.0188845
0.0187913
0.0187881
0.0188808
0.0187714
0.0188727
0.0188723
0.0188426
0.0188168
0.0187929
0.0187927
0.0188704
0.0188137
0.0188273
0.0188167
0.0188188
0.0188163
0.0188696
0.0188161
0.0188222
0.0188165
0.0188214
0.0188291
0.018863
0.0188224
0.0188633
0.0188287
0.0188273
0.0188317
0.0188259
0.018848
0.0188319
0.0188355
0.0188441
0.0188611
0.0188627
0.0188322
0.0188315
0.0188561
