0.0237376
0.0225833
0.0125606
0.0194951
0.00414777
0.00638936
0.00831878
0.0106075
0.0114308
0.0787647
0.00151524
0.0168359
0.0131071
0.00702336
0.0107137
0.0177821
0.0119816
0.0118138
0.018006
0.0176114
0.0110597
0.0113777
0.0116433
0.0162695
0.013896
0.0126332
0.0160498
0.0139664
0.0131301
0.0157965
0.0156123
0.0151117
0.0141188
0.0155133
0.0154723
0.0135461
0.0154407
0.0151102
0.0153438
0.0136529
0.0137867
0.0141434
0.0152232
0.0145958
0.0151893
0.180482
0.0266992
0.0158926
0.00972178
0.0297349
0.010169
0.0180733
0.0112033
0.0131637
0.0166985
0.0175607
0.0170642
0.0127031
0.0120259
0.0123995
0.0162464
0.0124253
0.0163789
0.0131752
0.0132424
0.0131959
0.0161844
0.0133626
0.0131843
0.0133629
0.0157504
0.0132768
0.0159242
0.013372
0.0157145
0.0156674
0.0135289
0.0137441
0.0151781
0.0155494
0.0151975
0.0138154
0.0137484
0.0152591
0.0153527
0.0153288
0.014649
0.015143
0.0152158
0.0152621
0.0149794
0.0138871
0.0139713
0.0151907
0.0151442
0.0139502
0.0144984
0.0144439
0.014555
0.0150371
0.0150528
0.0146386
0.0140995
0.0148425
0.0142572
0.0394179
0.0345838
0.0166063
0.0190709
0.0163708
0.0104735
0.0181855
0.0166148
0.00961534
0.017152
0.0168891
0.0140645
0.0165156
0.0121415
0.0147008
0.0159609
0.0160558
0.0125611
0.0153087
0.0144837
0.015634
0.0156782
0.0133821
0.0134272
0.0149805
0.0135072
0.0138052
0.0153471
0.0139556
0.0150254
0.0190007
0.00810641
0.0136091
0.00537583
0.00954898
0.0175676
0.0130637
0.00991197
0.0171445
0.00902442
0.0115812
0.0170633
0.017072
0.0168912
0.0133528
0.0119265
0.0163546
0.0142823
0.0156569
0.0134295
0.0159798
0.0158949
0.0128958
0.0158649
0.0130443
0.0158359
0.0156227
0.0155525
0.0154567
0.0151852
0.0134918
0.0152153
0.014969
0.0152548
0.0150593
0.0147957
0.0140491
0.0127257
0.00850731
0.0189077
0.0150378
0.00618021
0.017084
0.0173246
0.0160817
0.0095266
0.0101547
0.016601
0.0113669
0.0167828
0.0157938
0.0134082
0.0125251
0.0160137
0.0145293
0.0126402
0.0148347
0.0131646
0.0133002
0.0130398
0.013717
0.0155258
0.0135979
0.0137484
0.0105793
0.0616822
0.00273362
0.0101357
0.00356115
0.0115552
0.0175578
0.0172721
0.0172171
0.0171155
0.013261
0.0148643
0.0141861
0.0130128
0.0122309
0.0140945
0.0158657
0.0139448
0.0128595
0.0141222
0.0136751
0.0133144
0.0133068
0.0152873
0.0145297
0.0138493
0.0145298
0.0298821
0.0185237
0.000439359
0.0153264
0.00943252
0.0179453
0.0181991
0.0096354
0.0117826
0.0171506
0.0102015
0.0166897
0.016291
0.0167013
0.0112332
0.0122
0.014428
0.0138645
0.0155918
0.0128581
0.0152911
0.0132351
0.0156453
0.0153574
0.0141599
0.0151505
0.014808
0.0135216
0.0143472
0.113071
0.00909068
0.0026607
0.00138521
0.0048729
0.00665651
0.00673687
0.0114964
0.0102295
0.0102063
0.0121599
0.0112618
0.0123722
0.012329
0.0145341
0.0123011
0.0155845
0.0160869
0.0131
0.0142838
0.0151017
0.0134434
0.013503
0.0133703
0.0134773
0.0135978
0.0146627
0.0144066
0.0197163
0.00929162
0.00251515
0.0177506
0.00232024
0.0183228
0.0171586
0.0165521
0.0156977
0.01075
0.0170639
0.016782
0.0167334
0.0156781
0.016515
0.0124278
0.0126019
0.0127459
0.0146839
0.0156521
0.0131073
0.0153943
0.0154768
0.0141083
0.0134267
0.0132975
0.0139235
0.014004
0.0145394
0.0153242
0.0282206
0.0338903
0.0166322
0.0190707
0.0162717
0.0105132
0.0181757
0.016592
0.00966071
0.0171424
0.016885
0.0140617
0.0165068
0.0121571
0.0146959
0.0159541
0.0160518
0.0125713
0.015305
0.0144838
0.0156297
0.0156746
0.0133864
0.0134328
0.0149784
0.0135111
0.0138091
0.0153441
0.0139588
0.0150232
0.0852076
0.0577357
0.0108324
0.00788197
0.0124158
0.0069039
0.00995224
0.0105257
0.0108028
0.0154887
0.00801307
0.00362849
0.0168848
0.0116488
0.00737711
0.010813
0.0177786
0.0118864
0.0118622
0.0179747
0.0176
0.0111236
0.0114308
0.0116897
0.0162384
0.0138946
0.0126533
0.0160424
0.0139704
0.0131417
0.0157895
0.0156014
0.0151039
0.0141224
0.0155036
0.0154643
0.0135538
0.0154337
0.0151048
0.0153378
0.0136609
0.0137941
0.0141475
0.0152182
0.0145953
0.0151844
0.0272902
0.0198927
0.0075846
0.000646885
0.0208501
0.0108455
0.0110258
0.0183643
0.0104295
0.0182162
0.0114018
0.0120008
0.0121978
0.0146222
0.0114084
0.0168995
0.013161
0.0129433
0.0132224
0.0130831
0.0161515
0.0161894
0.0160622
0.0157039
0.0159095
0.0132969
0.0133422
0.0137026
0.0134525
0.0156176
0.0136239
0.0135791
0.0140563
0.0136425
0.0151157
0.0138199
0.0148353
0.0137614
0.0153219
0.0150036
0.0152671
0.0152044
0.013864
0.0151066
0.0147537
0.0149227
0.0139007
0.0139859
0.0143449
0.0151121
0.0106297
0.0545333
0.00155838
0.0102418
0.00317412
0.0112164
0.0174821
0.0172902
0.0172325
0.0171201
0.0132056
0.0148384
0.0141507
0.0129754
0.0122027
0.0140735
0.0158809
0.0139265
0.0128344
0.0141077
0.0136533
0.013289
0.0132821
0.0152989
0.0145262
0.0138312
0.0145267
0.0257608
0.0103539
0.00448631
0.00173587
0.0189942
0.00932431
0.0111849
0.0111405
0.0115524
0.0105365
0.0123463
0.01189
0.0176617
0.0113145
0.0164742
0.0168785
0.0160508
0.0127889
0.0158951
0.0127753
0.0149797
0.013064
0.0130071
0.014957
0.0158806
0.0157976
0.013781
0.0148949
0.0133743
0.0134755
0.0144676
0.0154589
0.0136153
0.0154753
0.013591
0.0136988
0.0152142
0.0139848
0.0138985
0.0138819
0.0145688
0.0139012
0.0139346
0.0151471
0.0151449
0.0151376
0.0139438
0.014682
0.588333
0.0246632
0.00256754
0.0123244
0.00581816
0.010204
0.00653541
0.0178409
0.0176061
0.0140673
0.0171351
0.0100709
0.0162307
0.0146511
0.0126485
0.0121986
0.015975
0.0128544
0.0129653
0.0148629
0.0529
0.00867569
0.00183514
0.00508309
0.00833078
0.0175703
0.0174695
0.00996787
0.0103146
0.016815
0.0113888
0.0114374
0.0166144
0.0127961
0.0124625
0.0124562
0.0132245
0.0156436
0.0132316
0.0134774
0.0151216
0.0133524
0.0153071
0.013313
0.0151708
0.0137324
0.015366
0.0153286
0.000571508
0.02319
0.0257476
0.0211662
0.00507013
0.0216931
0.0199761
0.0135251
0.0186969
0.0178216
0.0108594
0.0164709
0.0170523
0.0167741
0.0125425
0.0127249
0.0127294
0.0162359
0.0132745
0.0163333
0.0161578
0.0154371
0.0160577
0.01573
0.0157024
0.013237
0.015281
0.0134522
0.0134848
0.0138333
0.0137234
0.0154274
0.015488
0.0146782
0.0152978
0.0137618
0.015308
0.0152346
0.0150637
0.0149895
0.0145945
0.0140749
0.0139205
0.0139045
0.0141988
0.0140028
0.0150962
4.04989
0.00948871
0.019231
0.00698998
0.00842395
0.0110731
0.017302
0.0173282
0.00975941
0.0166975
0.0157556
0.0119566
0.0137209
0.0127785
0.0127481
0.0130776
0.0133719
0.0155371
0.060798
0.00659816
0.0084537
0.0186483
0.0175259
0.017379
0.00812032
0.0167492
0.0109103
0.0121998
0.0166187
0.0113309
0.0120918
0.0124874
0.0129959
0.0129952
0.013038
0.0247207
0.0204526
0.0208212
0.0215899
0.00761036
0.0179268
0.0173055
0.00956703
0.016794
0.0162154
0.0108691
0.0146041
0.0127521
0.0165751
0.0122058
0.0122424
0.0163278
0.0138244
0.0158782
0.0133857
0.015842
0.0132459
0.0138339
0.0132608
0.0155858
0.0133242
0.0133625
0.0155392
0.0154594
0.0135843
0.015298
0.015239
0.0147312
0.0141835
0.0138836
0.0151923
0.0145376
0.0139322
0.0150617
0.0143998
0.024716
0.0180354
0.0186053
0.0215899
0.00783571
0.017925
0.0173051
0.00965213
0.0167935
0.01613
0.0109252
0.0145722
0.0127661
0.016552
0.0122273
0.0122641
0.0163181
0.0138259
0.0158748
0.0133928
0.0158382
0.0132527
0.0138374
0.0132679
0.0155827
0.0133309
0.0133686
0.0155348
0.015456
0.0135891
0.0152944
0.0152356
0.0147298
0.0141852
0.0138867
0.0151895
0.0145374
0.0139348
0.0150594
0.0144004
0.00836197
0.0136171
0.00523852
0.00772515
0.0182631
0.0097482
0.0134532
0.00990921
0.0120997
0.0117318
0.0116958
0.0160335
0.0161166
0.0159407
0.0126783
0.0141094
0.0147048
0.0142493
0.0138661
0.023982
0.0189201
0.0123572
0.0194802
0.00431216
0.00650228
0.00837658
0.0106328
0.0114463
0.0578427
0.0225329
0.0199
0.0180708
0.00119343
0.00662158
0.0177328
0.0170128
0.0100395
0.0101818
0.0112519
0.0116999
0.0121939
0.0147333
0.0127581
0.015593
0.0131222
0.0217355
0.00238275
0.00277948
0.00370088
0.0189165
0.0177347
0.0104639
0.0113282
0.0177136
0.017835
0.00963765
0.011793
0.0166103
0.0111908
0.0132887
0.0118449
0.0148372
0.0160586
0.0151463
0.0160814
0.0160235
0.0144559
0.0128853
0.0131666
0.0157541
0.0132386
0.0135594
0.0152294
0.0155728
0.0139227
0.0136385
0.0154219
0.0136261
0.0136208
0.0144962
0.0136808
0.0137863
0.01471
0.0137744
0.0139121
0.00853262
0.018908
0.0150826
0.00611771
0.0170956
0.017334
0.0160939
0.00950822
0.0101419
0.0166056
0.0113598
0.0167855
0.0157971
0.0134084
0.0125226
0.0160144
0.0145302
0.0126383
0.0148356
0.0131636
0.0132995
0.0130388
0.0137167
0.0155261
0.0135975
0.0137482
0.000959876
0.0231946
0.0257833
0.0211626
0.00486321
0.0217373
0.0201846
0.0136708
0.0187019
0.0179053
0.0108259
0.0164663
0.0171091
0.0167692
0.0125282
0.0127356
0.0127235
0.0162332
0.0132831
0.0163342
0.0161608
0.0154464
0.016056
0.0157279
0.0157003
0.013238
0.015284
0.0134555
0.0134876
0.0138376
0.0137273
0.015426
0.0154859
0.01468
0.0152956
0.0137637
0.0153058
0.0152327
0.0150628
0.0149884
0.0145956
0.014078
0.0139237
0.0139071
0.0142016
0.0140059
0.0150938
0.0316509
0.0654816
0.00785193
0.0112629
0.0285307
0.0135272
0.0175111
0.0224402
0.0112989
0.0189754
0.0123687
0.0172475
0.015123
0.0165495
0.0178787
0.0128393
0.0129573
0.0129836
0.0131559
0.0166986
0.0129727
0.0164378
0.0161506
0.0131472
0.0150598
0.0159305
0.0158311
0.0132269
0.0137778
0.0148983
0.0134177
0.013435
0.0134538
0.015642
0.0155537
0.0135763
0.0137115
0.0152146
0.0145083
0.0137103
0.0142769
0.0147753
0.0138309
0.0152006
0.0151727
0.0148166
0.0141707
0.0149739
0.0151469
0.0139286
0.0139304
0.0139589
0.0139892
0.0139984
0.0149822
0.0140632
0.0150086
0.0150118
0.0150214
0.0149244
0.00931044
0.0190482
0.00826904
0.00949833
0.00392656
0.0181593
0.0117736
0.00877543
0.0112594
0.0118547
0.0171792
0.0108815
0.016913
0.0167065
0.0120952
0.0121465
0.0122219
0.016437
0.0137829
0.0161392
0.0138887
0.0129815
0.0145775
0.015722
0.0154305
0.0136741
0.0155624
0.0142638
0.015196
0.0138196
0.0137226
0.0147933
0.0153801
0.0153241
0.0151105
0.013797
0.0142473
0.0230829
0.0264263
0.0223255
0.00791464
0.0285631
0.00870659
0.0209556
0.0228283
0.0104038
0.0120718
0.0164787
0.0175479
0.0127097
0.0172415
0.0179465
0.0167609
0.0130539
0.0126118
0.012897
0.0129328
0.0161388
0.0146447
0.013133
0.0161564
0.013126
0.0138246
0.0149285
0.015832
0.0133868
0.0142886
0.0156478
0.0134714
0.014875
0.0135146
0.0138574
0.0154403
0.0145733
0.0154329
0.0153187
0.0140714
0.0146072
0.0137965
0.0139645
0.0141378
0.014827
0.0142738
0.0148309
0.0139164
0.014932
0.0141391
0.0139749
0.0140097
0.0140685
0.0150554
0.0144799
0.0146629
0.0149144
0.0636253
0.0700884
0.0336534
0.0106743
0.0182143
0.025525
0.0144339
0.012008
0.0123078
0.0165329
0.0123251
0.0133441
0.0118575
0.0169935
0.0179873
0.0152546
0.016555
0.0169039
0.0163783
0.0166701
0.0133519
0.0164207
0.013382
0.0131004
0.0150847
0.0160491
0.0132423
0.013274
0.014433
0.015262
0.0134542
0.0141229
0.0141257
0.0135652
0.0148566
0.013979
0.0141198
0.0150288
0.0138636
0.0153219
0.0147125
0.0140752
0.0138518
0.0147581
0.0150437
0.014198
0.0148735
0.01392
0.0139326
0.0151523
0.0140758
0.0148181
0.014822
0.0150306
0.0146496
0.015017
0.014053
0.0142725
0.0149764
0.014111
