0.0142893
0.0149663
0.0164286
0.0161294
0.0169181
0.0166063
0.0174056
0.0175966
0.0173299
0.0183137
0.018417
0.018447
0.0184157
0.0184195
0.0183609
0.0184086
0.0184071
0.018469
0.0184043
0.0184148
0.0184095
0.0184402
0.0183837
0.0184147
0.0184195
0.0184483
0.0184356
0.0183863
0.0183854
0.0183987
0.0184552
0.0184572
0.0184421
0.018396
0.018445
0.0184527
0.0184423
0.0184501
0.0184279
0.0183965
0.0183868
0.0183836
0.0183871
0.0184452
0.0184419
0.0184424
0.0183973
0.018421
0.0183887
0.0184301
0.018431
0.0184025
0.0184303
0.018402
0.0184201
0.0184003
0.0184099
0.0184313
0.0184333
0.0183998
0.0184198
0.0184015
0.0183992
0.0184112
0.0184264
0.0184067
0.0184295
0.0184204
0.0199063
0.0184172
0.019617
0.0175894
0.019132
0.0190953
0.0191819
0.0185197
0.0178712
0.018478
0.0179469
0.0179371
0.01799
0.0189175
0.0187671
0.0179885
0.0180261
0.017998
0.018887
0.0180254
0.0188524
0.0180941
0.0180966
0.0187112
0.0180969
0.0187494
0.0187197
0.0187062
0.0182389
0.0184386
0.0187053
0.0181729
0.0182315
0.0184657
0.0184064
0.0183072
0.0186619
0.0182488
0.0182492
0.0186246
0.0185983
0.0182698
0.0185971
0.0182479
0.0185184
0.018479
0.0184831
0.0185798
0.0185699
0.018264
0.0185047
0.0182701
0.0183763
0.0184604
0.0185526
0.018301
0.0183178
0.0185203
0.0184132
0.0189595
0.0183966
0.0185977
0.0176204
0.0178068
0.0178625
0.0179272
0.0177621
0.0178292
0.0184818
0.0180743
0.0188571
0.0184775
0.0179627
0.0188212
0.0180489
0.0180339
0.0180718
0.018754
0.0180532
0.0187273
0.0184114
0.0181082
0.0185239
0.0184302
0.0184634
0.0183426
0.0182897
0.0186514
0.0182407
0.0182373
0.0186211
0.0182251
0.0186227
0.0183024
0.018556
0.0183386
0.018222
0.0182406
0.0184564
0.018255
0.0182929
0.01856
0.0183024
0.0182769
0.0185423
0.0183733
0.0184738
0.0184132
0.018673
0.0184066
0.0184913
0.0178826
0.0179985
0.0180318
0.0181816
0.0180341
0.0181001
0.0184455
0.0182463
0.0186707
0.0184449
0.0181671
0.0186826
0.01816
0.0181942
0.0181758
0.0186315
0.0181914
0.0186277
0.0184122
0.0182071
0.0184775
0.018423
0.0184426
0.018372
0.0183396
0.018576
0.0183065
0.0183036
0.0185502
0.0182948
0.0185561
0.0183442
0.018505
0.0183666
0.0182833
0.0182964
0.0184408
0.0183066
0.0183346
0.0185141
0.0183398
0.0183193
0.0185024
0.0183872
0.0184531
0.0181285
0.0183208
0.0185794
0.0178586
0.0179025
0.01819
0.0186025
0.0181767
0.0183898
0.0184663
0.0180631
0.0180696
0.0183512
0.0183879
0.018172
0.018163
0.018483
0.0181963
0.0185646
0.0182029
0.018203
0.0182236
0.0182946
0.0184682
0.0182403
0.0183252
0.0184885
0.0182815
0.0184831
0.0184737
0.0184488
0.0184112
0.0184845
0.0183338
0.0182954
0.01838
0.0183752
0.0183544
0.0184132
0.01841
0.0183422
0.0181291
0.0186322
0.0182534
0.0183848
0.0185993
0.0183661
0.0183031
0.0185609
0.0182387
0.0182765
0.0183779
0.0182777
0.0182578
0.0183335
0.0184673
0.0182744
0.0182825
0.0183782
0.0183086
0.0184613
0.0183022
0.0184202
0.0183095
0.0183848
0.0183384
0.0184772
0.0183473
0.0183272
0.0183276
0.0184919
0.0183577
0.0183469
0.0184779
0.0183387
0.0183417
0.0184109
0.0184503
0.0183663
0.018443
0.018362
0.018357
0.0183932
0.018454
0.0183663
0.0184139
0.0184183
0.0184126
0.0168814
0.0183696
0.0183809
0.0188382
0.0185373
0.0189237
0.0184002
0.0187112
0.0188027
0.0180621
0.0178571
0.017894
0.0184692
0.0179154
0.0187698
0.0183275
0.0180804
0.0185936
0.0185628
0.0180561
0.0185171
0.0185354
0.0181279
0.0181152
0.0183574
0.0181485
0.0184133
0.0181474
0.0182418
0.0181727
0.0182013
0.0186098
0.0183074
0.0186095
0.0183653
0.0185905
0.0185444
0.0184026
0.0185362
0.0185597
0.0183285
0.0182717
0.018532
0.018515
0.0184554
0.0183506
0.0183328
0.0182825
0.0186198
0.0185391
0.0183385
0.0184188
0.0184138
0.0183293
0.0184334
0.0184179
0.0183672
0.0184173
0.018413
0.0184242
0.0183698
0.0184406
0.0183802
0.0184681
0.0184644
0.0184637
0.0184411
0.018457
0.0184025
0.0183929
0.0184272
0.0183851
0.0184157
0.0184494
0.0183905
0.018378
0.0184479
0.0184498
0.0184325
0.0184476
0.0184274
0.0184261
0.0183841
0.0184034
0.0183841
0.0184429
0.0184407
0.0183943
0.0183877
0.0183897
0.018436
0.0184068
0.0184232
0.0183927
0.0183971
0.0184308
0.0183983
0.0184346
0.0184336
0.0184188
0.0184303
0.0184115
0.0184184
0.0184313
0.0184276
0.018413
0.0184288
0.0183981
0.0165361
0.0183952
0.0180277
0.0184997
0.0183724
0.0182892
0.0182954
0.0181687
0.0182451
0.0183275
0.0182451
0.0182089
0.0182543
0.0182879
0.0183221
0.0184316
0.0183154
0.018332
0.0184116
0.0183937
0.0183154
0.0182286
0.0188547
0.0179407
0.0189539
0.017373
0.0175278
0.0176863
0.0181883
0.017544
0.0186709
0.018539
0.017835
0.017926
0.0187079
0.0179647
0.018176
0.0179946
0.0179372
0.0180407
0.0186408
0.0182302
0.0184236
0.0180633
0.0180797
0.0184805
0.0181786
0.018253
0.0186043
0.0182177
0.0184668
0.0181729
0.0181891
0.0183496
0.0181977
0.0182251
0.0185316
0.0184094
0.01842
0.0184282
0.0184144
0.0184014
0.0184956
0.0184505
0.0184333
0.0184142
0.0183169
0.018326
0.0183285
0.01849
0.0184981
0.0183929
0.0183349
0.0184724
0.0184907
0.018459
0.0184888
0.0184312
0.0183731
0.0184274
0.0183867
0.0184039
0.0184537
0.0184495
0.0183658
0.0183607
0.0183813
0.0183693
0.0184619
0.0184326
0.0183746
0.0183716
0.0184485
0.018459
0.0183742
0.018397
0.0184479
0.0184283
0.0184064
0.018408
0.0183881
0.0184351
0.018396
0.0183848
0.0183856
0.0183828
0.0184252
0.0184228
0.018386
0.0184399
0.0184012
0.0184136
0.0184309
0.0184132
0.0182213
0.0178697
0.0178628
0.0180118
0.0182218
0.018591
0.0181114
0.0182713
0.018145
0.0181159
0.0185853
0.0185875
0.0185993
0.0184776
0.01826
0.018428
0.0184922
0.0182436
0.0185219
0.0183466
0.0185483
0.0185023
0.0183158
0.0185192
0.0184152
0.0184152
0.0182993
0.018281
0.0184907
0.0183827
0.0184506
0.0183077
0.0183097
0.018496
0.018491
0.0183823
0.0184912
0.0184144
0.0181579
0.0167235
0.0157295
0.0169001
0.016867
0.0167082
0.0168033
0.0169743
0.0178374
0.0177688
0.0177601
0.0177865
0.0179871
0.0184481
0.017892
0.018077
0.0183942
0.0184129
0.0176403
0.0183953
0.0184047
0.0186426
0.0184734
0.0187226
0.0184106
0.0185658
0.018628
0.0182572
0.01812
0.0181159
0.0184426
0.0181333
0.0186241
0.0183749
0.0182488
0.0185095
0.0184938
0.0182012
0.0184696
0.0184796
0.0182617
0.018231
0.0183859
0.0182488
0.0184151
0.0182523
0.0183214
0.0182672
0.01828
0.0185333
0.0183566
0.0185355
0.0183879
0.0185223
0.0184912
0.0184084
0.0184866
0.0185032
0.0183656
0.018331
0.0184855
0.0184751
0.0184387
0.0183776
0.0183671
0.0183325
0.0184128
0.018413
0.0177377
0.0171016
0.0170574
0.0186909
0.0177328
0.017733
0.0186161
0.017656
0.0176436
0.0188239
0.0188197
0.0184545
0.0187565
0.0178308
0.0186003
0.0179979
0.0187459
0.0179832
0.017993
0.018042
0.0183664
0.0180256
0.0182875
0.0181437
0.0184692
0.0185789
0.0185968
0.0183511
0.0183557
0.0184836
0.0185758
0.0185878
0.0185654
0.0185095
0.0185519
0.0183809
0.0185332
0.0184346
0.0170861
0.018413
0.0184095
0.0179946
0.018458
0.0181077
0.0182476
0.0186021
0.0182763
0.0182357
0.0184953
0.0181908
0.0185762
0.0183826
0.018304
0.0182191
0.0184884
0.0185353
0.0182428
0.018363
0.0185202
0.0182581
0.0183588
0.0183677
0.0182753
0.0183151
0.0182953
0.0184808
0.0184267
0.0183105
0.0183587
0.018309
0.0183929
0.0184035
0.0183138
0.0183371
0.018321
0.0184918
0.0183264
0.0184646
0.0183273
0.0184606
0.0183411
0.0183486
0.0183654
0.0183452
0.0184268
0.0184698
0.0178914
0.0145414
0.016766
0.0167075
0.017007
0.0184531
0.0174336
0.0184132
0.0184173
0.0184144
0.0186491
0.0184019
0.0182418
0.0184335
0.0183069
0.0183039
0.0185681
0.0185644
0.0182874
0.0183532
0.0183569
0.018533
0.0183105
0.018537
0.0183311
0.0185266
0.0185239
0.0184032
0.0183235
0.0183221
0.0185159
0.0185055
0.0183295
0.0184903
0.0183367
0.0183447
0.018359
0.0183728
0.0184861
0.0184533
0.0183496
0.0183587
0.0183646
0.018481
0.0183902
0.0184067
0.0184445
0.0183772
0.0183624
0.0184716
0.0184702
0.0183709
0.0183812
0.0184119
0.018376
0.0184189
0.0184069
0.0184578
0.0184589
0.0183962
0.0184047
0.0183852
0.0183767
0.0184526
0.0184042
0.0184191
0.0183938
0.0122492
0.0172743
0.0164073
0.0172655
0.0173892
0.0187457
0.0175741
0.0180145
0.0183918
0.017968
0.0179368
0.0186134
0.0183712
0.0180919
0.0183496
0.0181276
0.0137924
0.0169164
0.0172511
0.0183426
0.0175204
0.0178024
0.0179262
0.0177895
0.0173779
0.0176643
0.0177126
0.0179395
0.0182612
0.0177878
0.0178572
0.0179263
0.0179877
0.0180718
0.0182573
0.00825893
0.014079
0.0153344
0.0158494
0.0154701
0.0187801
0.0159823
0.0182488
0.0176507
0.0174947
0.0177443
0.0183165
0.0183196
0.0176902
0.0182399
0.0174324
0.0185839
0.0175518
0.0175934
0.0184563
0.0184408
0.0184037
0.0184174
0.0184179
0.0185013
0.0182513
0.0185504
0.0183694
0.0183308
0.0185703
0.0183397
0.0184086
0.0183222
0.0185593
0.0182974
0.0184899
0.0185484
0.0182974
0.0184359
0.0184759
0.018343
0.0184257
0.0183883
0.0183922
0.0183683
0.0185131
0.0184951
0.0183745
0.0183443
0.018332
0.018451
0.0183377
0.0184684
0.0183425
0.0184155
0.0183764
0.0184125
0.0184865
0.0183573
0.0183615
0.0183701
0.018477
0.0184355
0.0183565
0.0184193
0.0184685
0.0184638
0.0183685
0.0184365
0.0184127
0.0183661
0.0184182
0.0184381
0.0184339
0.0183843
0.0184379
0.0184569
0.0183741
0.0183502
0.0182239
0.016307
0.0166544
0.0188559
0.017734
0.0172197
0.0177504
0.0175554
0.0184317
0.0185336
0.0177984
0.0178783
0.0184814
0.0179771
0.0179183
0.0178578
0.0182093
0.018399
0.0184657
0.0180516
0.0180845
0.0183754
0.018182
0.0181024
0.0181183
0.0184641
0.0181566
0.0182047
0.018198
0.0183546
0.0176173
0.0179508
0.0180656
0.0180909
0.0180862
0.0185711
0.0181193
0.018514
0.0182638
0.0181856
0.0182538
0.0182793
0.0183703
0.0183341
0.0183494
0.0182667
0.0183452
0.0183934
0.016451
0.0172455
0.0174792
0.0179875
0.0172275
0.0182903
0.0178185
0.0180361
0.0182848
0.0177769
0.0178603
0.0177915
0.0178178
0.0178816
0.0180911
0.0185569
0.0180886
0.0182089
0.0184117
0.0183359
0.0176848
0.0183683
0.0178833
0.0185169
0.0182957
0.0180763
0.0183624
0.0181666
0.0180965
0.0183839
0.0181848
0.0185635
0.0181893
0.0185266
0.0182362
0.0185717
0.0183624
0.0182355
0.0182299
0.0185566
0.0185039
0.0185091
0.0182608
0.0182726
0.0182707
0.0182811
0.0183342
0.018319
0.0183011
0.0183026
0.0184835
0.0184748
0.0183372
0.0183176
0.0183342
0.00466737
0.0145744
0.0128318
0.0135869
0.0136188
0.0147309
0.0145572
0.0179387
0.0163458
0.0172441
0.0166267
0.0170021
0.0175466
0.0177911
0.0171706
0.0172021
0.0175531
0.0186795
0.0173299
0.0177603
0.0185746
0.0177162
0.017934
0.018727
0.0179698
0.0179205
0.0178466
0.0181775
0.0171273
0.0167529
0.0184211
0.0168658
0.0158799
0.0160256
0.016551
0.017559
0.0172311
0.0171141
0.0177421
0.017392
0.0181238
0.0177049
0.0178331
0.0186301
0.0180768
0.0188385
0.0186748
0.0184855
0.0184194
0.018418
0.0185374
0.0185643
0.0183176
0.0183371
0.0184889
0.0185433
0.0183325
0.018523
0.0185246
0.0183494
0.0184307
0.0185115
0.0183745
0.018491
0.0184918
0.0185047
0.0184687
0.0183316
0.0184949
0.0184932
0.0184872
0.0184347
0.0184317
0.0184765
0.0183795
0.0184706
0.0183565
0.0184736
0.018471
0.0184152
0.0184664
0.0183615
0.0184575
0.018375
0.0183765
0.0183941
0.0183967
0.0184048
0.0183796
0.0184445
0.0184511
0.018453
0.018455
0.018426
0.01844
0.0183831
0.0184504
0.0184403
0.0184339
0.0184475
0.0183888
0.0183946
0.0148775
0.0166103
0.0165536
0.0182752
0.0177263
0.017982
0.0176812
0.0177791
0.0184131
0.0183893
0.017396
0.0175956
0.0176337
0.0179752
0.0187777
0.0183298
0.0182964
0.0182325
0.0186195
0.0184961
0.0185499
0.0181284
0.0180681
0.0180826
0.0180904
0.0181077
0.0185869
0.018134
0.0181697
0.0183603
0.018332
0.0181773
0.0182101
0.0185176
0.0182482
0.0183732
0.0184933
0.0182433
0.0185117
0.0184978
0.0185231
0.0182649
0.0183215
0.0185127
0.0184384
0.0184764
0.0183496
0.0183892
0.0184132
0.018413
0.0182989
0.0183361
0.0184747
0.0184089
0.0185376
0.0185894
0.0184504
0.018423
0.0182575
0.018316
0.0183528
0.0183542
0.0182536
0.0182654
0.018492
0.018491
0.0183702
0.0184342
0.018395
0.0185098
0.0184614
0.0183065
0.0183934
0.0183837
0.0183321
0.0183517
0.0183727
0.0183734
0.0183726
0.0184435
0.0183395
0.0183445
0.0183441
0.0184759
0.0183495
0.0183579
