0.0090829
0.011094
0.0136362
0.0161596
0.0153691
0.015879
0.0163228
0.0175923
0.0176106
0.017594
0.0176292
0.0175997
0.0176018
0.0175968
0.0175896
0.017601
0.0175953
0.017612
0.0175981
0.017586
0.0176121
0.0176099
0.0176008
0.017604
0.0176076
0.0176087
0.0176049
0.0176064
0.0175865
0.0175906
0.0176049
0.0175966
0.0176023
0.0176043
0.0175985
0.0175832
0.0176026
0.0176029
0.0176003
0.0176022
0.0175867
0.0175871
0.0175906
0.017588
0.0175893
0.0175913
0.0175923
0.0175901
0.017587
0.0175972
0.0175992
0.0175857
0.017586
0.0175883
0.0175911
0.0175985
0.0175945
0.0175978
0.0175972
0.0175984
0.0175948
0.0175928
0.0175971
0.0175896
0.0175958
0.017597
0.0175967
0.0175916
0.0176889
0.0174672
0.0179133
0.0174673
0.0176062
0.0179425
0.017557
0.0175154
0.0178764
0.017849
0.0174986
0.0178152
0.0174835
0.0175304
0.0175479
0.0175823
0.017758
0.017632
0.017538
0.0177274
0.0177059
0.0177326
0.0177088
0.0177175
0.0177152
0.0176854
0.0176817
0.0176729
0.0176775
0.017541
0.0176321
0.0175344
0.0176093
0.017675
0.0175969
0.017563
0.0175384
0.0176614
0.0176449
0.0176529
0.0175789
0.0176508
0.0176483
0.017641
0.017572
0.0176411
0.0175856
0.0175752
0.0175614
0.0175681
0.0176308
0.0176187
0.017558
0.0176288
0.0176312
0.017632
0.0175922
0.0176287
0.0176181
0.0173731
0.0175688
0.0176219
0.0177254
0.0173217
0.0175829
0.0174348
0.0176995
0.0177055
0.0177035
0.0174107
0.0176854
0.0175247
0.0175066
0.01767
0.017549
0.0176386
0.0175081
0.0174899
0.0176008
0.0175196
0.0176542
0.0175472
0.0176494
0.0175232
0.017654
0.0176337
0.0175944
0.0175276
0.0175679
0.0175778
0.0175342
0.0175638
0.0175854
0.0175509
0.0175402
0.0176308
0.0175439
0.0175864
0.0175995
0.0175633
0.0175808
0.0175529
0.0175504
0.0176123
0.017609
0.0174983
0.0175822
0.0176067
0.0176752
0.0174502
0.0175876
0.0174875
0.0176588
0.0176682
0.0176692
0.0174906
0.0176497
0.0175593
0.0175487
0.0176414
0.0175686
0.0176193
0.0175345
0.0175291
0.0175969
0.0175414
0.0176325
0.0175659
0.0176292
0.0175511
0.0176339
0.0176184
0.0175933
0.0175489
0.017577
0.017583
0.0175524
0.0175744
0.0175876
0.0175657
0.017557
0.0176183
0.0175592
0.0175882
0.0175966
0.0175733
0.0175846
0.0175647
0.0175635
0.0176054
0.0176032
0.0174536
0.0171292
0.0174189
0.0174049
0.0172239
0.0174302
0.0174272
0.0173629
0.0173809
0.0174149
0.0174173
0.0175174
0.0174513
0.0174895
0.0175217
0.0175155
0.0174841
0.0174534
0.0174957
0.0175847
0.0174796
0.017475
0.0175511
0.0175686
0.0176013
0.0175356
0.0175374
0.017582
0.0175449
0.017543
0.0175392
0.0175266
0.0175226
0.0176045
0.0175404
0.0175822
0.0175523
0.01756
0.0175914
0.0175914
0.017591
0.0175865
0.017586
0.0175221
0.017586
0.017602
0.0175411
0.0175762
0.0176285
0.0175526
0.0175731
0.0176232
0.0176087
0.0176035
0.0176239
0.0175571
0.0176245
0.017556
0.0175584
0.0175604
0.0175612
0.0175604
0.0175613
0.0175859
0.0175873
0.0175665
0.0176142
0.0175667
0.0175682
0.0176095
0.0176072
0.01757
0.0175696
0.0176045
0.0175743
0.0175709
0.0175722
0.0176059
0.0176002
0.0175841
0.0175753
0.0175786
0.0176005
0.0175783
0.0176043
0.0175839
0.0175836
0.0175914
0.0175901
0.0173888
0.0171435
0.0174572
0.0176378
0.0172291
0.0174589
0.0173534
0.0176581
0.017381
0.0173425
0.0174332
0.0173588
0.0174095
0.0174146
0.0174234
0.0174159
0.017436
0.017487
0.0174733
0.0174605
0.0174976
0.0174752
0.0174974
0.0175071
0.0175611
0.0176227
0.0175284
0.0174956
0.0175747
0.0175415
0.0175253
0.0175138
0.0175431
0.0175507
0.0176106
0.0175341
0.0176273
0.017529
0.0175295
0.0176116
0.0175466
0.0175472
0.0175914
0.0176897
0.0176625
0.0176264
0.0175939
0.0175939
0.0176197
0.0176044
0.0175966
0.0176118
0.0175863
0.0176074
0.0176118
0.0176046
0.0176005
0.0175869
0.0176068
0.0176007
0.0175833
0.0176067
0.0176065
0.0176051
0.017605
0.0175823
0.0176004
0.0175986
0.0175864
0.0175985
0.0176006
0.0176024
0.0175989
0.0175989
0.0176013
0.0175922
0.0175936
0.0175996
0.0176
0.0176005
0.0176002
0.0175964
0.0175891
0.0175996
0.0175967
0.0175967
0.0175977
0.0175857
0.0175912
0.0175979
0.0175979
0.0175969
0.0175869
0.0175977
0.0175959
0.0175972
0.0175872
0.0175887
0.0175971
0.0175872
0.0175964
0.0165101
0.0168563
0.0173756
0.0172628
0.0172484
0.0173236
0.0173447
0.0173419
0.0175581
0.017469
0.0173875
0.0174502
0.017485
0.0174694
0.0174668
0.0175104
0.017555
0.017483
0.0175914
0.0175822
0.0153814
0.0173099
0.0167349
0.0167026
0.0168683
0.0170295
0.017057
0.017694
0.0170872
0.017033
0.0173668
0.0176302
0.0175516
0.0174575
0.0171641
0.0172541
0.0172877
0.0175215
0.0175218
0.0174746
0.0173319
0.0173445
0.0175972
0.0173595
0.0175468
0.0174958
0.0175225
0.0175688
0.0176337
0.0174754
0.0174759
0.0175875
0.0175575
0.0174789
0.0175253
0.0175914
0.0176669
0.0175736
0.0175955
0.0175871
0.0175658
0.0175908
0.0175997
0.0176014
0.0176223
0.017607
0.0176042
0.0175701
0.0175718
0.0176116
0.0176134
0.017615
0.0175961
0.0176119
0.0175905
0.0176089
0.0176028
0.0175819
0.0175775
0.017602
0.0175905
0.0176067
0.0175996
0.0176062
0.0175912
0.0175788
0.0175833
0.0176044
0.0175838
0.0175969
0.0176027
0.0176008
0.0176029
0.0175848
0.0175974
0.0175993
0.0175835
0.0176001
0.0175854
0.0176004
0.0175836
0.017595
0.0175842
0.017599
0.0175879
0.0175937
0.0175966
0.0175874
0.0175888
0.0175989
0.0175914
0.0175914
0.0175872
0.0175653
0.0173952
0.0175159
0.0175276
0.0175135
0.0175669
0.0175175
0.017571
0.0176333
0.0175304
0.0176
0.0175293
0.0174889
0.0176052
0.0175278
0.0175109
0.0175519
0.0175143
0.0176099
0.0175278
0.0176106
0.0175306
0.0175536
0.0175286
0.0175291
0.0175387
0.0175513
0.017552
0.0175565
0.0175555
0.0175798
0.0175493
0.0175528
0.0175774
0.0176113
0.0175536
0.0175638
0.0162907
0.0139637
0.0153036
0.0159822
0.0171866
0.01593
0.0163416
0.0162536
0.0168648
0.0168834
0.0174792
0.017151
0.0167744
0.0173496
0.0171709
0.0170365
0.017614
0.0175914
0.0175909
0.0175113
0.017399
0.0175383
0.0176216
0.0174042
0.0175359
0.0174596
0.0176326
0.0174999
0.0174679
0.0175222
0.0174758
0.0175097
0.0175099
0.0174989
0.0174991
0.0175051
0.0175408
0.0175224
0.0175176
0.0175445
0.0175252
0.0175439
0.0175404
0.017576
0.0176108
0.0175524
0.0175373
0.017583
0.017565
0.0175515
0.0175465
0.0175611
0.0175696
0.0176034
0.01756
0.0176139
0.0175561
0.0175556
0.0176041
0.0175641
0.0175645
0.0175914
0.0154849
0.0165105
0.0164808
0.0171568
0.0169133
0.0170668
0.0174106
0.0173641
0.0175679
0.0171824
0.0176672
0.0176536
0.0176302
0.0175331
0.017389
0.0174799
0.0175711
0.0176625
0.0173951
0.0173877
0.017486
0.0175
0.0174101
0.0174237
0.0174148
0.0176285
0.0175579
0.0174964
0.0174812
0.0176283
0.0175101
0.0174742
0.0175017
0.0175465
0.0174983
0.0175496
0.0175914
0.0173589
0.0173014
0.0174892
0.0174357
0.0174706
0.0175592
0.0175595
0.017557
0.0175391
0.017533
0.0176249
0.0175081
0.0175274
0.0175238
0.0175221
0.0175249
0.0175369
0.017528
0.0175312
0.0175491
0.0175327
0.0175395
0.017622
0.0176117
0.0175483
0.0175888
0.0175869
0.0176114
0.0175911
0.017552
0.0176085
0.0175542
0.0175944
0.0175566
0.0175597
0.0176121
0.0175582
0.0175607
0.0175753
0.0176067
0.0175654
0.0175983
0.017567
0.0175671
0.0175706
0.0175944
0.00960621
0.0173967
0.0162467
0.0166829
0.0163923
0.0163928
0.0167982
0.0169594
0.0169457
0.0171122
0.0175914
0.0178854
0.0178835
0.0177608
0.0176004
0.017629
0.0176754
0.0176687
0.0176561
0.017661
0.0176329
0.0176372
0.0176506
0.0176022
0.0176334
0.0176381
0.0175785
0.017639
0.0176269
0.017624
0.0176345
0.0175999
0.0176296
0.0176298
0.0176278
0.0176244
0.0175964
0.0176231
0.0175849
0.0175967
0.0176215
0.017616
0.0176191
0.0175846
0.0176162
0.0176008
0.0176084
0.0176068
0.0176105
0.0176119
0.017605
0.0176086
0.0176097
0.0176076
0.0176037
0.0176095
0.0176053
0.0176097
0.017609
0.0176085
0.0176043
0.0176052
0.0176059
0.0176049
0.0175925
0.0176062
0.0176059
0.0147022
0.0174867
0.0159691
0.0167637
0.0174857
0.0166968
0.0166953
0.017128
0.0169063
0.0171042
0.0173094
0.0175743
0.0171172
0.0174483
0.0176039
0.0174197
0.01737
0.0172889
0.0174849
0.0173999
0.0165543
0.0151147
0.0158324
0.0164484
0.0172755
0.0164209
0.0166816
0.0166136
0.0170406
0.0170527
0.0175021
0.0172446
0.0169717
0.017398
0.0172596
0.0171597
0.0176096
0.0112177
0.0162253
0.0149525
0.0158466
0.0147047
0.0150365
0.015373
0.0172322
0.016694
0.0159529
0.0167068
0.0165144
0.0169835
0.0166858
0.0169031
0.0168997
0.0172562
0.0169026
0.0175914
0.0176496
0.0175914
0.0176265
0.0176866
0.0175939
0.0176198
0.0176197
0.017671
0.0176252
0.0175898
0.0176218
0.0176517
0.0176195
0.0176342
0.0176027
0.0176085
0.0176414
0.0176062
0.0176396
0.0176395
0.0175861
0.0175844
0.0176294
0.0175711
0.0175718
0.0176003
0.0175722
0.017575
0.0176046
0.0176163
0.0175769
0.0175778
0.0175748
0.0176197
0.0176205
0.0176194
0.0176164
0.0176162
0.0175819
0.0175861
0.0175983
0.0175933
0.0176049
0.0176135
0.0176067
0.0176101
0.0176106
0.0176089
0.0176026
0.0176084
0.0175837
0.0176033
0.0176055
0.01759
0.0176068
0.0176077
0.0175864
0.0175914
0.0167127
0.017592
0.017047
0.016617
0.0165843
0.0168544
0.0175914
0.0169603
0.0169341
0.0173124
0.0171012
0.0170089
0.0174761
0.0170506
0.0171564
0.0173061
0.0172408
0.0174732
0.0172228
0.0172432
0.0173302
0.0173035
0.0173509
0.01741
0.0173974
0.0174042
0.0175066
0.0170353
0.0169793
0.0172009
0.0175222
0.0174086
0.0173166
0.0175201
0.0174806
0.0174193
0.0174097
0.0173761
0.0173935
0.0175531
0.0174363
0.0175436
0.0174547
0.0174723
0.0174941
0.01738
0.0149695
0.0159305
0.0167843
0.0165626
0.0174539
0.0170577
0.0173712
0.0168793
0.0173211
0.016961
0.0171153
0.0171176
0.0172433
0.0175846
0.0176166
0.017425
0.0173261
0.0172764
0.0175914
0.0161825
0.0175833
0.0173094
0.0173449
0.0172827
0.017449
0.017455
0.0174729
0.0175508
0.0176251
0.0174557
0.0174298
0.0174964
0.0174821
0.0174415
0.0176022
0.0175314
0.0175132
0.0175699
0.0174742
0.0175205
0.0175289
0.0176144
0.0175524
0.0175714
0.0175188
0.0175233
0.0175158
0.0175909
0.0175469
0.0175282
0.0175284
0.0175264
0.0175411
0.0176
0.0175486
0.0176048
0.0175688
0.0175914
0.0169632
0.0151634
0.0138435
0.015317
0.0160061
0.0154575
0.0159342
0.0164394
0.01701
0.0169213
0.0173606
0.0168479
0.016054
0.0176304
0.0170386
0.016492
0.016734
0.0172315
0.0166941
0.0174915
0.0172372
0.0169663
0.0171821
0.0173583
0.0173203
0.017143
0.0174208
0.0174348
0.0129258
0.0140752
0.0160419
0.0156537
0.0172321
0.0154661
0.0159735
0.0160112
0.0161074
0.0163055
0.0164948
0.0165137
0.0165071
0.0173644
0.0169449
0.0174448
0.0175524
0.0170868
0.0173661
0.0175914
0.0175914
0.0176436
0.0176297
0.0176652
0.0176508
0.0176122
0.0176131
0.017648
0.0176178
0.0176125
0.0176434
0.0175692
0.0175891
0.0176152
0.0176006
0.017624
0.0176299
0.0176136
0.0176177
0.0176231
0.0176267
0.0176054
0.0176236
0.0176221
0.017582
0.0175773
0.0175944
0.0176187
0.0176186
0.0175776
0.0176155
0.0176157
0.017615
0.0176143
0.0176123
0.0176104
0.0175894
0.0176121
0.0176118
0.0176112
0.017609
0.0176073
0.017606
0.0176086
0.0176059
0.0175993
0.0176002
0.0175992
0.017605
0.0176053
0.0176014
0.0176042
0.0176032
0.0176016
0.0175977
0.0175914
0.0147804
0.0154715
0.0161707
0.0173083
0.0167981
0.0169646
0.0172402
0.0171664
0.0175914
0.0171701
0.0174968
0.0169707
0.0171268
0.0174179
0.0174096
0.0174943
0.0173777
0.0174202
0.0173358
0.0173501
0.0173721
0.0175148
0.0173851
0.0175633
0.0175488
0.0175012
0.0174419
0.0175573
0.0174553
0.0176003
0.0175868
0.0175445
0.0176049
0.0176202
0.0174917
0.0175781
0.017548
0.0174982
0.0175888
0.0175535
0.0175524
0.0176001
0.0175203
0.017596
0.0175323
0.0175274
0.0175914
0.0175901
0.0175906
0.0175235
0.0175526
0.0174657
0.0174871
0.0175487
0.0175082
0.017581
0.0175067
0.0175858
0.0175374
0.0176186
0.0175428
0.0175334
0.0175844
0.0175928
0.0175525
0.017583
0.0175386
0.0175387
0.0175474
0.0175513
0.0176025
0.0175473
0.0175663
0.0175702
0.0175613
0.0175613
0.0175651
0.0175894
0.0175671
0.0175707
0.0175652
0.017565
0.0175716
0.0175687
0.0175987
