0.0248297
0.0217041
0.0225862
0.0218049
0.0223409
0.0238648
0.0242998
0.0233847
0.024839
0.0245221
0.0250803
0.0250642
0.0250606
0.0250695
0.025084
0.025083
0.0250778
0.0250654
0.0250848
0.0250693
0.0250569
0.0250697
0.0250737
0.0250686
0.0250711
0.0250731
0.0250603
0.0250715
0.0250663
0.0250687
0.0250662
0.0250603
0.0250712
0.025071
0.0250659
0.0250669
0.0250683
0.025058
0.025066
0.0250695
0.0250653
0.0250621
0.0250678
0.0250642
0.0250659
0.0250653
0.0250629
0.0250639
0.0250655
0.025067
0.0250657
0.0250671
0.0250651
0.0250668
0.0250597
0.0250631
0.025065
0.0250627
0.0250625
0.0250599
0.0250612
0.0250652
0.025061
0.0250644
0.0250642
0.0250647
0.0250598
0.0250632
0.0250604
0.0250604
0.025347
0.0253625
0.0251491
0.0252411
0.0251553
0.0253115
0.025235
0.0251641
0.0251317
0.0251972
0.0252189
0.0250241
0.0252005
0.0250288
0.0251879
0.0251375
0.0250404
0.0251583
0.0250684
0.0250543
0.0251044
0.025041
0.0250904
0.0250756
0.0251105
0.0251217
0.0250452
0.0251107
0.025109
0.0250664
0.02511
0.0251085
0.0250929
0.0250655
0.025102
0.0250985
0.0250592
0.0250838
0.0250974
0.025043
0.0250873
0.0250961
0.0250907
0.0250824
0.0250891
0.025071
0.0250829
0.0250776
0.0250654
0.0250834
0.0250791
0.0250781
0.0250499
0.0250784
0.0250604
0.0250221
0.0250595
0.0249891
0.0249409
0.0250002
0.0248848
0.0251018
0.025109
0.0250952
0.0249755
0.0250026
0.024986
0.0249908
0.0249634
0.0250954
0.0249894
0.0250241
0.025085
0.025021
0.0250873
0.0250667
0.0250059
0.0250301
0.025054
0.0250585
0.0250287
0.0250568
0.0250194
0.025027
0.0250558
0.025026
0.0250477
0.0250756
0.025038
0.025031
0.0250652
0.0250639
0.0250384
0.0250408
0.0250699
0.0250393
0.0250378
0.0250585
0.0250389
0.0250455
0.0250455
0.0250443
0.0250453
0.0250604
0.0250348
0.02506
0.0250311
0.0250093
0.0250343
0.0249625
0.0250881
0.025094
0.0250831
0.0250077
0.0250214
0.0250254
0.0250273
0.0250093
0.0250846
0.025023
0.0250408
0.0250766
0.0250389
0.0250786
0.0250643
0.025028
0.0250394
0.0250565
0.0250592
0.0250389
0.0250582
0.0250351
0.0250402
0.0250575
0.0250391
0.0250526
0.0250707
0.025045
0.0250418
0.0250635
0.0250627
0.0250453
0.025048
0.0250668
0.0250469
0.0250453
0.0250591
0.025046
0.02505
0.02505
0.0250493
0.0250506
0.0249934
0.0244605
0.0244193
0.0250129
0.0247581
0.0249008
0.0248944
0.0248673
0.024865
0.0248991
0.0249232
0.0250217
0.0249591
0.0249801
0.0248974
0.0249047
0.0249938
0.0249919
0.0249953
0.0250073
0.0249449
0.0249668
0.0249504
0.025014
0.0250024
0.0250185
0.0250314
0.0250058
0.0250298
0.0250653
0.0250305
0.0250373
0.0250034
0.0250067
0.0250031
0.0250041
0.0250114
0.0250613
0.0249852
0.0250598
0.0250532
0.0250463
0.0250169
0.0250209
0.0250751
0.0250498
0.0250313
0.0250345
0.0250329
0.0250327
0.025061
0.0250369
0.0250379
0.0250614
0.0250413
0.0250408
0.0250467
0.0250639
0.0250453
0.0250462
0.0250694
0.0250493
0.0250628
0.0250596
0.0250529
0.0250503
0.0250475
0.0250542
0.0250598
0.0250532
0.0250485
0.0250589
0.025051
0.0250641
0.0250515
0.0250513
0.0250543
0.025065
0.0250613
0.0250568
0.0250536
0.0250537
0.0250651
0.0235854
0.0221954
0.0247486
0.0250536
0.025101
0.0248101
0.0248331
0.024888
0.024895
0.0248234
0.0248573
0.0249896
0.0249267
0.0248968
0.0248741
0.0250916
0.0249662
0.0249781
0.0249237
0.0249413
0.0250647
0.0249716
0.0250001
0.0249568
0.0249782
0.0249984
0.0249737
0.0250549
0.0250551
0.0249975
0.025009
0.024993
0.0249976
0.0250727
0.0250056
0.0250058
0.0250022
0.0250037
0.0250134
0.0250743
0.0250315
0.025016
0.025045
0.0250413
0.0250297
0.0250521
0.0250212
0.0250526
0.0251755
0.0250604
0.0250604
0.025068
0.0250868
0.0250784
0.0250836
0.0250707
0.0250666
0.025071
0.0250693
0.0250759
0.0250697
0.0250568
0.0250609
0.0250679
0.0250723
0.0250713
0.0250665
0.0250599
0.0250578
0.0250679
0.025057
0.0250611
0.025069
0.0250685
0.0250678
0.0250679
0.0250662
0.0250598
0.0250644
0.0250632
0.0250669
0.0250649
0.0250608
0.0250615
0.025061
0.0250577
0.0250639
0.0250653
0.0250603
0.0250615
0.0250581
0.0250597
0.0250601
0.0250633
0.0250629
0.0250645
0.0250585
0.0250635
0.0250593
0.0250641
0.0250599
0.0250636
0.0250643
0.0250642
0.0250622
0.0250611
0.0250629
0.0249616
0.0246883
0.0246157
0.0247513
0.0247554
0.0247565
0.0247878
0.0248512
0.0249758
0.0250077
0.0250298
0.0250318
0.0248863
0.024904
0.0249235
0.0249413
0.0249562
0.0249805
0.0249972
0.0249852
0.0250604
0.0217812
0.0239361
0.0249312
0.0243052
0.0247526
0.0245367
0.0246547
0.0250188
0.0246276
0.0245435
0.0245155
0.0247593
0.0250487
0.024593
0.0250856
0.0248815
0.0248145
0.0247903
0.025081
0.0250307
0.0250685
0.0248593
0.024912
0.0248625
0.0248507
0.0249769
0.0249376
0.0248739
0.0248856
0.0249971
0.0250661
0.0249453
0.0249228
0.024947
0.0249724
0.0249303
0.0249587
0.0249507
0.0250236
0.0250604
0.0250604
0.0250916
0.0250778
0.0250817
0.0250758
0.0250552
0.0250789
0.0250643
0.0250637
0.0250661
0.0250622
0.0250632
0.0250569
0.0250558
0.0250717
0.025073
0.0250657
0.0250608
0.0250669
0.025069
0.0250637
0.0250547
0.0250564
0.0250615
0.0250689
0.0250632
0.0250548
0.0250593
0.0250561
0.0250676
0.0250589
0.0250674
0.0250673
0.0250663
0.0250575
0.0250563
0.0250666
0.0250609
0.0250662
0.0250569
0.0250576
0.0250565
0.0250568
0.0250618
0.025065
0.0250653
0.0250623
0.0250617
0.0250639
0.0250626
0.0250636
0.0250634
0.0250643
0.0250635
0.0250581
0.0250622
0.0250634
0.0250639
0.0250604
0.0250305
0.0249471
0.0249076
0.0249036
0.0249299
0.0249728
0.0250009
0.025026
0.0249745
0.0250306
0.0249653
0.0249671
0.0250002
0.0250507
0.0250225
0.0249912
0.025055
0.0250688
0.024996
0.0250092
0.0250436
0.0250123
0.0250523
0.0250545
0.0250668
0.0250224
0.0250608
0.0250174
0.0250386
0.0250505
0.0250393
0.02503
0.0250365
0.0250347
0.0250433
0.0250429
0.0250321
0.0204687
0.0184472
0.0230835
0.02315
0.0232566
0.023318
0.0236415
0.0240448
0.024937
0.0240408
0.0246887
0.0244393
0.0244374
0.0244876
0.024687
0.0249311
0.0246336
0.0244717
0.0238463
0.0248735
0.0250576
0.0250866
0.0249475
0.0249555
0.0249657
0.0249892
0.0249536
0.0249694
0.0250254
0.025
0.0249889
0.0249751
0.0250802
0.0250077
0.0250136
0.0249944
0.0250031
0.0250636
0.0250158
0.0250252
0.0250076
0.0250182
0.0250248
0.0250144
0.0250577
0.0250578
0.025025
0.0250306
0.0250247
0.0250252
0.0250682
0.0250308
0.0250294
0.0250287
0.0250289
0.0250334
0.0250691
0.025043
0.0250351
0.0250519
0.0250486
0.0250422
0.0250558
0.0250381
0.0250561
0.0250604
0.0234868
0.0234732
0.0248641
0.0246116
0.0245484
0.024795
0.0250744
0.0250213
0.0250259
0.0249108
0.0247483
0.0250355
0.0248216
0.0249866
0.0247684
0.0250164
0.024916
0.0248913
0.0250127
0.0249676
0.0249297
0.0250507
0.0248746
0.0250752
0.025014
0.0249854
0.0249755
0.0250163
0.0249877
0.0250774
0.024982
0.0250147
0.0250547
0.024971
0.0249662
0.0250003
0.0249846
0.0250065
0.0249909
0.0250604
0.0250236
0.0250026
0.0250554
0.0249638
0.0250263
0.0249947
0.0250145
0.0250238
0.0250358
0.0249911
0.0250582
0.0250205
0.0250153
0.0250272
0.0250385
0.0250146
0.0250721
0.0250292
0.0250261
0.0250499
0.0250298
0.0250577
0.0250279
0.0250512
0.0250307
0.0250308
0.0250356
0.0250274
0.0250455
0.025032
0.0250328
0.025061
0.0250335
0.0250347
0.0250365
0.0250652
0.0250374
0.0250405
0.0250417
0.0250425
0.0250668
0.0250431
0.025044
0.0250663
0.0250419
0.0250488
0.0250421
0.0250495
0.0250556
0.0231626
0.0229526
0.0233364
0.0239926
0.024641
0.0242284
0.0244459
0.0245075
0.0250604
0.0250766
0.0250975
0.0250786
0.0251364
0.0250659
0.0251364
0.0250845
0.0250884
0.025088
0.0251073
0.0250929
0.0251044
0.0250762
0.0250588
0.0250989
0.0250598
0.0250875
0.0250932
0.0250935
0.0250619
0.0250619
0.0250911
0.0250803
0.025066
0.0250893
0.0250877
0.0250861
0.0250777
0.0250541
0.0250821
0.0250779
0.0250824
0.0250781
0.0250674
0.0250695
0.0250787
0.0250785
0.0250701
0.0250803
0.0250786
0.0250638
0.0250728
0.0250772
0.0250666
0.0250736
0.0250704
0.0250748
0.0250695
0.0250741
0.0250697
0.0250711
0.0250701
0.0250607
0.0250676
0.0250719
0.0250721
0.0250689
0.0250711
0.0250657
0.0209237
0.024625
0.0237103
0.0239911
0.0241175
0.0248706
0.0243805
0.0243784
0.0246453
0.0247438
0.0245488
0.0246798
0.0246496
0.0248734
0.0248548
0.0247997
0.0247848
0.0249911
0.024833
0.0250497
0.0249557
0.0241899
0.0247521
0.0244947
0.0246854
0.0244584
0.0240502
0.0243727
0.0244262
0.0248522
0.0248296
0.0249415
0.0250434
0.0249201
0.0246821
0.025005
0.0249478
0.0249492
0.022357
0.00946412
0.021451
0.0217562
0.0228988
0.0217299
0.0218702
0.0230726
0.0230806
0.0235809
0.023714
0.0234801
0.0246247
0.0246589
0.0248966
0.0247627
0.024619
0.0246244
0.0250604
0.0251561
0.0251953
0.0250734
0.0251517
0.0251313
0.025115
0.0251084
0.0250993
0.0250754
0.0250913
0.025111
0.0250891
0.0250833
0.0250978
0.0251003
0.025095
0.0250862
0.0250748
0.0250844
0.0250921
0.0250708
0.0250832
0.0250637
0.0250613
0.0250728
0.0250899
0.0250817
0.0250785
0.0250841
0.0250766
0.0250632
0.0250566
0.0250796
0.0250602
0.0250824
0.0250549
0.025079
0.0250772
0.0250584
0.0250744
0.0250763
0.0250746
0.0250667
0.0250561
0.0250763
0.0250708
0.0250671
0.0250675
0.0250738
0.0250737
0.0250713
0.0250611
0.0250702
0.0250594
0.0250664
0.0250583
0.0250526
0.0224183
0.0239982
0.0240568
0.0247074
0.0242351
0.0250169
0.0244406
0.0248014
0.0247907
0.0244792
0.0244307
0.0248141
0.0245416
0.0250252
0.0248401
0.0248034
0.024972
0.0247904
0.0248127
0.0248573
0.0248018
0.0248455
0.0249355
0.0248196
0.0250135
0.0248646
0.0248782
0.024933
0.0234679
0.0235268
0.024664
0.0247759
0.0248448
0.0247722
0.0247469
0.0247984
0.0249658
0.0248098
0.0248372
0.0248868
0.0248882
0.0249235
0.0250054
0.0249566
0.0249803
0.0249996
0.0205646
0.0249797
0.0242533
0.0249446
0.0239595
0.0248199
0.0242152
0.0250421
0.0243691
0.024778
0.0244427
0.0245323
0.0246179
0.0250504
0.0247528
0.0247387
0.0249971
0.024751
0.0248611
0.0250604
0.0250364
0.0248234
0.0245834
0.0249562
0.025053
0.0249744
0.0249199
0.0250126
0.0249475
0.0250378
0.0249144
0.024927
0.0250046
0.0249857
0.0250254
0.0250205
0.024944
0.0250113
0.0249735
0.0249747
0.0249645
0.0249742
0.025049
0.0250617
0.0250131
0.024998
0.0250332
0.0249894
0.0250304
0.0250647
0.0250286
0.0250136
0.0250177
0.0250585
0.0250248
0.0250252
0.0250077
0.0250202
0.0250587
0.00913609
0.0250104
0.0217368
0.02181
0.0242704
0.0243007
0.0241141
0.0232163
0.0242202
0.0249942
0.0239384
0.0242123
0.0240839
0.0249073
0.0240346
0.0245634
0.0242905
0.0248782
0.0245743
0.0247463
0.0247679
0.0248098
0.0248905
0.0247614
0.0248441
0.0203625
0.0165973
0.0238107
0.0225246
0.0242738
0.0243598
0.0238376
0.0231495
0.0248762
0.0246517
0.0239741
0.0242278
0.0245983
0.0243603
0.0248745
0.024484
0.0247487
0.0247329
0.0247386
0.0253677
0.0250604
0.0250853
0.0250764
0.0251245
0.0250491
0.0251008
0.0251046
0.0250936
0.0250842
0.0250921
0.0250791
0.0250939
0.0250886
0.0250867
0.0250912
0.0250851
0.0250889
0.0250636
0.0250746
0.025088
0.0250866
0.0250765
0.0250743
0.0250696
0.0250781
0.0250539
0.0250726
0.0250684
0.025076
0.0250627
0.0250773
0.0250633
0.0250793
0.0250791
0.025072
0.0250553
0.0250786
0.0250746
0.025068
0.0250692
0.0250698
0.0250757
0.0250711
0.0250662
0.0250651
0.025071
0.0250664
0.0250718
0.0250732
0.0250722
0.0250718
0.025068
0.025068
0.0250714
0.0250663
0.0250606
0.0250665
0.0130729
0.0226523
0.0229559
0.0232068
0.0244415
0.0237798
0.0241691
0.0248573
0.0243299
0.024612
0.0250604
0.024096
0.0246015
0.0245618
0.0249019
0.024913
0.0247998
0.0247889
0.0248278
0.024842
0.0249082
0.0249401
0.0250097
0.0248849
0.0249691
0.0249082
0.0249262
0.0249041
0.0250636
0.0249343
0.025005
0.0250315
0.025058
0.0249693
0.0249498
0.0250285
0.0250247
0.0250001
0.0249743
0.024991
0.0249762
0.0249855
0.0250107
0.0250382
0.0250623
0.02501
0.0250527
0.0249969
0.0250048
0.0250604
0.025046
0.0250397
0.025046
0.0249945
0.0250013
0.0249693
0.0250015
0.0249963
0.0249915
0.0250651
0.0250162
0.0250289
0.0250351
0.0250327
0.0250117
0.0250351
0.0250354
0.0250138
0.0250266
0.0250196
0.0250287
0.0250388
0.0250567
0.0250263
0.0250414
0.0250378
0.0250369
0.0250347
0.0250444
0.025037
0.0250602
0.025037
0.025043
0.0250394
0.0250533
0.0250496
0.0250558
