0.0202595
0.0109362
0.0210304
0.0188196
0.017932
0.0195415
0.0198396
0.0209146
0.0212931
0.0216915
0.0224595
0.0217359
0.0215525
0.0219756
0.0219948
0.0216582
0.0218178
0.0217438
0.021872
0.0216573
0.021945
0.0217089
0.0216592
0.0216024
0.021596
0.02191
0.0216981
0.0217307
0.0217412
0.0217965
0.0218714
0.0218446
0.0217554
0.0217168
0.021799
0.0216368
0.0217654
0.0216231
0.0216601
0.0216879
0.0216586
0.0216582
0.0217704
0.0217903
0.021655
0.0217737
0.021834
0.0216474
0.0216524
0.021703
0.021785
0.02181
0.0216982
0.0217062
0.0217704
0.0217359
0.0217461
0.0217384
0.0217891
0.0218027
0.0217359
0.0217833
0.0216793
0.0217273
0.0217911
0.0217644
0.0216907
0.0217041
0.0217359
0.0217339
0.0288202
0.019251
0.0237562
0.0219816
0.0247535
0.0239987
0.0241486
0.0197572
0.0215042
0.0216468
0.0236901
0.0213813
0.0233815
0.020209
0.0200926
0.0232129
0.021372
0.022883
0.0225665
0.0211479
0.0207571
0.0205232
0.0205881
0.0206834
0.0221532
0.0208736
0.0207807
0.0222836
0.0207553
0.0221089
0.0208027
0.0226742
0.0208393
0.0210634
0.0212142
0.0209462
0.0209483
0.0211442
0.022453
0.0211208
0.0217835
0.021683
0.0215901
0.0212019
0.0216856
0.0217184
0.0212392
0.0213792
0.0212127
0.0215234
0.0220809
0.0222278
0.0219638
0.0221119
0.0217029
0.0213492
0.0215239
0.0217359
0.0214277
0.0217672
0.0187537
0.0189123
0.024085
0.0238865
0.0200457
0.0230191
0.0198318
0.0233067
0.0227619
0.020049
0.0229644
0.0217744
0.0203402
0.0214049
0.0222914
0.0228776
0.022914
0.0214638
0.0206864
0.0223496
0.0213785
0.0209038
0.0208805
0.022511
0.0219529
0.0212077
0.0223207
0.0209995
0.0223662
0.0220461
0.0223984
0.0222845
0.0214289
0.0214393
0.0220857
0.0211967
0.0218574
0.0213406
0.0217697
0.0212822
0.0220488
0.0221838
0.0217359
0.021612
0.0217485
0.0200984
0.0200428
0.0232695
0.0229246
0.0205643
0.0223563
0.0206629
0.022796
0.0222507
0.020757
0.0224165
0.0217557
0.0208608
0.0215604
0.022036
0.0225193
0.0225038
0.0215845
0.0210233
0.0220906
0.02153
0.0212277
0.0211838
0.0222352
0.0218661
0.021413
0.0221015
0.0212582
0.022148
0.0219298
0.0221771
0.0220894
0.0215412
0.0215472
0.0219613
0.0213632
0.0218138
0.0214771
0.0217577
0.0214269
0.0219428
0.0220462
0.0179982
0.0215034
0.0217767
0.0206544
0.0226438
0.020102
0.0204033
0.0204629
0.0222588
0.0225613
0.0207975
0.0208338
0.0225431
0.0209143
0.021902
0.0221581
0.0222727
0.0213424
0.0223539
0.0210919
0.0216168
0.0220843
0.021773
0.0220556
0.0221434
0.0212569
0.0221876
0.021276
0.021472
0.021429
0.0213378
0.0219253
0.0216955
0.0216758
0.0220222
0.0214303
0.021885
0.0186025
0.0217447
0.0227359
0.0224791
0.0220468
0.0222635
0.0213797
0.021359
0.0224027
0.021486
0.0215827
0.0215793
0.0222891
0.022218
0.022233
0.0221829
0.0212563
0.0215354
0.0221735
0.0218169
0.0220977
0.022093
0.0219009
0.0219794
0.0217682
0.0219359
0.0215887
0.0219699
0.0217634
0.0220282
0.0215481
0.0220106
0.0215197
0.0217214
0.0214741
0.0215399
0.0219266
0.0219663
0.0218072
0.0216545
0.0216104
0.0215316
0.0215498
0.0218275
0.0217841
0.0216947
0.021594
0.0219074
0.0218964
0.0103348
0.0155955
0.0243677
0.0219325
0.0232058
0.0217243
0.0197337
0.0200693
0.0200776
0.0212901
0.0206072
0.0209268
0.0204059
0.0228957
0.0206244
0.0228002
0.0226828
0.0220105
0.0212537
0.0221484
0.0208457
0.0225174
0.0214312
0.0209585
0.020952
0.0218252
0.0210269
0.0224541
0.0222881
0.0211455
0.0220635
0.0210671
0.0218462
0.0213024
0.0217307
0.0216672
0.0215028
0.021221
0.022118
0.0218389
0.0212723
0.022089
0.0213471
0.021615
0.0217218
0.0217359
0.0222968
0.0215463
0.021829
0.0218122
0.0214572
0.021516
0.021981
0.0217054
0.0215611
0.0218548
0.0215687
0.0217535
0.021789
0.021555
0.0218868
0.0218591
0.0218319
0.021888
0.0218291
0.0216928
0.0216891
0.0217518
0.0216133
0.0218219
0.0218594
0.0216477
0.0217925
0.0217226
0.0217749
0.0218239
0.0216414
0.0218388
0.0218269
0.0217655
0.0217827
0.0217753
0.0216477
0.0218198
0.0218173
0.0218109
0.02167
0.021736
0.021759
0.0217842
0.0218014
0.021703
0.0217558
0.0218026
0.0216701
0.0217291
0.0216796
0.0217911
0.0217236
0.0217611
0.0196753
0.0227199
0.0216136
0.0211761
0.0219791
0.0207501
0.02106
0.0210781
0.0212633
0.0213008
0.0216066
0.0219252
0.0220728
0.021435
0.0216497
0.0216584
0.021774
0.0214619
0.0214769
0.0216789
0.0217359
0.0247296
0.0180408
0.021931
0.0184439
0.018568
0.0190038
0.0192487
0.0205742
0.0205837
0.0233055
0.0201007
0.0206189
0.0203641
0.0212542
0.0229707
0.0205104
0.0223683
0.0203855
0.0205574
0.0205813
0.0226543
0.0226891
0.0223802
0.0218959
0.0220277
0.0226087
0.0212813
0.021117
0.0216389
0.0216953
0.0210145
0.0218431
0.0222831
0.0211596
0.0214516
0.0211743
0.0216325
0.0216709
0.0217359
0.0225774
0.0217604
0.0217625
0.0213431
0.0217572
0.0217775
0.022142
0.0214301
0.0217514
0.0217134
0.0214535
0.0217431
0.0215514
0.0217849
0.0220092
0.0216314
0.0215785
0.0219841
0.0215075
0.0216839
0.0219604
0.0215065
0.0216017
0.0217858
0.0218347
0.0215926
0.0215481
0.021662
0.0216327
0.0215751
0.0218752
0.0216367
0.0217405
0.0215736
0.021611
0.0218241
0.0218782
0.0216715
0.0216316
0.0216238
0.0216076
0.0216578
0.0216563
0.0216176
0.0216207
0.0218522
0.0216421
0.0218338
0.0217785
0.0216621
0.0217507
0.0216926
0.0217754
0.0217385
0.0216717
0.0217801
0.0216803
0.0217357
0.0214025
0.021738
0.021734
0.0218291
0.022782
0.0224064
0.0218172
0.0207356
0.0221484
0.021445
0.0212053
0.0219842
0.0210074
0.0224181
0.0214939
0.0211146
0.021771
0.021269
0.0214226
0.0220335
0.0212016
0.0212601
0.0212666
0.0216296
0.021409
0.021607
0.0218229
0.021349
0.021466
0.0216033
0.0217725
0.0220297
0.0214211
0.0214474
0.0218212
0.0217495
0.0219603
0.0214696
0.0207439
0.020339
0.0249
0.0189811
0.0184255
0.0191322
0.0215763
0.0235073
0.0232454
0.0228453
0.0204679
0.0232443
0.0220078
0.0228755
0.0206769
0.0216863
0.0222525
0.0224145
0.0214968
0.0208815
0.0217356
0.0217354
0.0217498
0.0216243
0.0200584
0.0205498
0.021976
0.0227848
0.0212196
0.0208615
0.0225151
0.0226528
0.0216343
0.021779
0.0209232
0.0210872
0.0223209
0.0224703
0.0210069
0.022426
0.0211041
0.0222665
0.0223568
0.0219787
0.0218992
0.0211838
0.0215204
0.0211896
0.0212226
0.021254
0.0215561
0.0212712
0.0220014
0.0213538
0.0218124
0.0213611
0.0215469
0.0220256
0.0217519
0.0214147
0.0214355
0.0219702
0.0220263
0.0220106
0.021845
0.0219651
0.0217736
0.0217359
0.0144638
0.0223961
0.0214019
0.0209017
0.0235537
0.0211069
0.0239392
0.0195331
0.0228128
0.019652
0.022992
0.0203135
0.0231949
0.0210235
0.0228615
0.0230173
0.0215777
0.0215886
0.0210028
0.0205112
0.0206306
0.0213994
0.0207338
0.0207912
0.0208596
0.0208944
0.0209237
0.0209708
0.0211561
0.0224174
0.0221954
0.0221224
0.0216804
0.0217211
0.0222526
0.0211994
0.0220957
0.0224244
0.0206822
0.0214732
0.021728
0.0206297
0.022711
0.0220074
0.021339
0.0214035
0.0222677
0.0210088
0.0214379
0.0223838
0.021106
0.0220897
0.0218523
0.0218479
0.0220746
0.0211895
0.0216348
0.0222433
0.0212382
0.0212499
0.0212921
0.0221466
0.0220446
0.0213572
0.022144
0.0221022
0.0219971
0.0215235
0.0220211
0.0217279
0.0218069
0.0216671
0.0216978
0.0216675
0.0215475
0.0215006
0.021533
0.0216902
0.0216531
0.0215347
0.0219105
0.0219102
0.0215271
0.0219024
0.0215333
0.00812087
0.0233765
0.0179382
0.0227693
0.0228758
0.0202331
0.0210203
0.0208836
0.021736
0.0217359
0.021736
0.021228
0.0218055
0.0217834
0.0221293
0.0220711
0.02175
0.0214795
0.0221387
0.0218517
0.0215824
0.0221289
0.0215231
0.0217427
0.0218975
0.0214008
0.0219645
0.0216304
0.0215623
0.0216312
0.0214609
0.0214502
0.0214921
0.0214987
0.0215233
0.021505
0.0219643
0.0214957
0.0216318
0.0216355
0.0218569
0.0219532
0.0218265
0.021875
0.0216478
0.0218312
0.0218969
0.0217326
0.0219013
0.0215797
0.021572
0.0218118
0.021844
0.0216528
0.0215927
0.0218819
0.0216429
0.0218667
0.0217771
0.0218675
0.0218121
0.0218189
0.0217517
0.0218436
0.0217423
0.0217359
0.0215504
0.0206787
0.0190013
0.0211887
0.0223216
0.0231175
0.0203923
0.0220583
0.020675
0.0209133
0.0206499
0.020697
0.0223504
0.0214698
0.0209347
0.0220148
0.0211132
0.0208153
0.0242402
0.0199205
0.0191309
0.0196613
0.0216187
0.0231255
0.0229142
0.0225925
0.0207992
0.0229443
0.0219439
0.0226474
0.0209184
0.0216966
0.022143
0.0222751
0.0215481
0.0210468
0.0201012
0.013526
0.0188827
0.0162266
0.0155653
0.0182409
0.0231086
0.0182955
0.0239442
0.0224638
0.0188757
0.0186115
0.0193588
0.0232889
0.0198082
0.0229341
0.020345
0.020499
0.0216034
0.0216733
0.02055
0.0217353
0.0220467
0.0217153
0.021719
0.0224857
0.0219744
0.0214327
0.0223902
0.0212188
0.0221085
0.022221
0.0213465
0.0220338
0.0212918
0.0221639
0.0217633
0.0218741
0.0218725
0.0220127
0.0213841
0.0215521
0.0220796
0.0213979
0.0215885
0.0220411
0.02158
0.0217819
0.0220363
0.0216107
0.0220065
0.0215768
0.0219982
0.0214937
0.0219888
0.02195
0.0218772
0.0215748
0.0219071
0.0219093
0.0219393
0.0215885
0.021931
0.0219293
0.0219246
0.0215612
0.0218828
0.0215654
0.0215669
0.021882
0.02184
0.0218914
0.021828
0.0216004
0.0217397
0.0217876
0.0217969
0.0218079
0.0210177
0.0206688
0.0178783
0.0215742
0.0187575
0.0212992
0.0216941
0.0197636
0.021148
0.0206412
0.0224484
0.0218473
0.0229467
0.0204041
0.0227208
0.0208241
0.0218915
0.0207378
0.0207549
0.0223072
0.0209446
0.0211518
0.0212008
0.022118
0.0210664
0.0213994
0.0228404
0.0215454
0.0227441
0.021714
0.0207813
0.0211148
0.0210518
0.0220968
0.0219298
0.0211872
0.0216219
0.0212949
0.0212916
0.0216943
0.0213888
0.021924
0.0216118
0.0217357
0.0215542
0.0186661
0.0188348
0.0235867
0.0197473
0.0200502
0.0206996
0.0200989
0.0206549
0.0216895
0.0203844
0.0224587
0.020721
0.0223352
0.0208316
0.0216291
0.0218711
0.0223161
0.0221635
0.0208951
0.0216531
0.0215898
0.0215984
0.0224012
0.0224203
0.0213959
0.0209114
0.0207949
0.0207679
0.0214785
0.0217831
0.0215476
0.0211033
0.0212741
0.0220852
0.0222604
0.0210912
0.0211411
0.0217726
0.021772
0.021469
0.0220044
0.0214781
0.0212618
0.0221673
0.0220015
0.0218108
0.0213442
0.0213609
0.0218217
0.0213877
0.0213868
0.0214148
0.0215299
0.0218773
0.0219136
0.0219357
0.0219418
0.0080595
0.0101771
0.0142493
0.0143213
0.0157856
0.0245263
0.0184045
0.0180975
0.0243033
0.0210727
0.0231919
0.0231174
0.0191381
0.0197095
0.0197607
0.0224111
0.0199638
0.0217416
0.0224684
0.0229212
0.0203886
0.0214852
0.0205481
0.0217395
0.0205894
0.0223173
0.0146133
0.0210231
0.0236279
0.0224937
0.0178179
0.0175322
0.0185491
0.0193718
0.0188449
0.0234648
0.0228233
0.0196333
0.0206124
0.0202753
0.0219909
0.0203264
0.020399
0.0213762
0.0217471
0.021736
0.0222945
0.0224448
0.0213847
0.0222533
0.0219338
0.021862
0.0222344
0.0212963
0.0219256
0.0219542
0.0219962
0.0217021
0.0220897
0.0217364
0.0215393
0.0217706
0.0217477
0.0215009
0.0215033
0.0214579
0.0220058
0.0215984
0.0214804
0.0214826
0.0216528
0.0214895
0.021763
0.0215162
0.0219586
0.0215913
0.0215349
0.0218148
0.0216405
0.0215897
0.021851
0.0218606
0.0215984
0.0215915
0.0217425
0.0218036
0.0218469
0.0216192
0.021879
0.0216411
0.0216179
0.0216514
0.0216239
0.0217493
0.021762
0.0216157
0.0218053
0.0217948
0.0218425
0.0218481
0.0216297
0.0217353
0.0198165
0.0199686
0.0202093
0.0198262
0.02051
0.0207243
0.0223753
0.0216126
0.0219131
0.021737
0.0213525
0.0218929
0.0201512
0.0228664
0.0202464
0.0203732
0.0228745
0.0205549
0.0208271
0.0210039
0.020846
0.0218992
0.022008
0.0211009
0.021491
0.021933
0.0214027
0.0215692
0.0224186
0.0213283
0.0222809
0.0212944
0.0211198
0.0215684
0.0214621
0.0221349
0.022209
0.0215231
0.0213092
0.0214883
0.0220179
0.0214927
0.0214315
0.0213786
0.0214685
0.0215141
0.0214289
0.0205995
0.0231324
0.0220155
0.0219992
0.0219315
0.0224641
0.0209265
0.02103
0.021136
0.0222803
0.0219421
0.0212503
0.0215789
0.0216092
0.0215281
0.021669
0.0215718
0.0212895
0.0219872
0.0221562
0.021397
0.0213223
0.0220881
0.0216098
0.0218379
0.0215853
0.0217464
0.0220297
0.0214678
0.0214648
0.0219949
0.0215416
0.0215633
0.021626
0.0216001
0.0219341
0.0217624
0.0216335
0.0215959
