0.00243077
0.00396534
0.000635271
0.00374572
0.000399851
0.00193019
0.0010607
0.00113244
0.00105136
0.00066082
0.000775696
0.000321942
0.000353294
0.000313579
0.00034962
0.000333578
0.000315363
0.000322834
0.00032054
0.000319521
0.000325294
0.000319604
0.000320461
0.000321795
0.000319572
0.000316927
0.000319349
0.000317471
0.000313766
0.000312984
0.000318918
0.000313686
0.000320808
0.000320807
0.000317457
0.00031989
0.000311367
0.000319404
0.000311521
0.000309282
0.000305415
0.000312332
0.000305182
0.000313828
0.000315936
0.000314155
0.000311185
0.000312747
0.000311762
0.000312872
0.000312221
0.000314517
0.00030736
0.000306555
0.000314198
0.000311784
0.000312242
0.000314089
0.000308422
0.000307481
0.000310024
0.000312785
0.000305789
0.000312713
0.00031177
0.000312182
0.000311522
0.00031162
0.000310788
0.00489997
0.000701044
0.000717652
0.000880042
0.000336369
0.000623503
0.000639847
0.000622544
0.000323495
0.000398332
0.000402645
0.000542283
0.000519743
0.000370869
0.000527099
0.000313688
0.000433642
0.000290831
0.000371229
0.000414971
0.00034855
0.000439498
0.000402133
0.000434232
0.000343153
0.000330297
0.000380498
0.000401166
0.00034511
0.000343622
0.000362268
0.000385409
0.000345239
0.000384577
0.000309439
0.000329457
0.000292445
0.000339581
0.000343335
0.000356171
0.000366863
0.000354815
0.000361884
0.000333671
0.00035803
0.000291596
0.000300952
0.000354576
0.000300099
0.000320413
0.000331076
0.000305657
0.000342801
0.000293314
0.000308034
0.000337868
0.000336423
0.000337972
0.000306697
0.000309606
0.000204935
0.000361586
0.000273348
0.000293274
0.000368652
0.000364246
0.000344788
0.000262778
0.000252945
0.000259507
0.000253297
0.000267837
0.000347827
0.000258952
0.000261168
0.000261303
0.000343556
0.000341422
0.000268078
0.00027231
0.00027899
0.000299883
0.000272906
0.00027628
0.000332738
0.00027725
0.000331266
0.000323497
0.000323938
0.000303815
0.00028978
0.000327242
0.00032518
0.00028543
0.000304286
0.000293345
0.000290805
0.000300341
0.000321827
0.000290443
0.000290677
0.000319912
0.000294421
0.000292047
0.000316727
0.00031869
0.000318486
0.000306697
0.000307883
0.000258196
0.000335067
0.000292802
0.000301161
0.00034674
0.000342523
0.000326527
0.000285885
0.000279724
0.000281737
0.000275036
0.00028635
0.000332778
0.000276983
0.000277687
0.000280354
0.000331941
0.000328649
0.000282745
0.000286051
0.00029068
0.000302851
0.000284653
0.000286361
0.000323449
0.000287921
0.000323813
0.000317167
0.000317816
0.000304936
0.000296104
0.000321021
0.000318875
0.000292526
0.000305192
0.000298207
0.000296361
0.000302649
0.000316948
0.00029582
0.000295619
0.000315553
0.000298615
0.000296818
0.000313355
0.000314766
0.000314765
0.000306656
0.0001282
9.90002e-05
0.000309235
6.23112e-05
0.000160957
8.76564e-05
0.000141302
0.000149937
0.000187194
0.000194178
0.00025238
0.00026187
0.000196019
0.000264735
0.000177248
0.00024358
0.000181645
0.000212707
0.000209364
0.00020663
0.000259953
0.000212171
0.000314607
0.000237939
0.00029445
0.00023027
0.000262075
0.000246231
0.000293812
0.000277768
0.00030056
0.000270809
0.000266994
0.000256018
0.00030664
0.000259984
0.000267886
0.000299985
0.000306695
0.000304497
0.000318623
0.000321797
0.00032214
0.000314591
0.000293448
0.000287833
0.000316002
0.000289885
0.000321729
0.000290128
0.000311658
0.000291439
0.000291365
0.00029705
0.000316672
0.000307304
0.000310377
0.000296531
0.000294609
0.000317736
0.000317922
0.000299239
0.000305585
0.000306142
0.000316323
0.000304804
0.000307468
0.000298581
0.000298495
0.00030102
0.000307041
0.000309184
0.000313687
0.000305657
0.000312034
0.000300088
0.000312588
0.000311375
0.000312373
0.000300531
0.000301504
0.000306933
0.000311422
0.000303552
0.000310785
0.000306697
4.99115e-05
0.000110981
0.000208063
5.99532e-06
9.65444e-05
0.000152791
0.000305315
0.000254579
0.000207929
0.000169005
0.00017282
0.000204628
0.000219102
0.000319563
0.000244745
0.00018734
0.000200898
0.000200607
0.000330356
0.00021766
0.000219558
0.00027072
0.000257946
0.000317955
0.000237488
0.000299289
0.00025806
0.000260305
0.000254466
0.000268831
0.000264309
0.000255752
0.00028277
0.000276034
0.000299764
0.000316693
0.000269303
0.000290514
0.000270434
0.000270952
0.000307189
0.000290586
0.000278131
0.00030007
0.000288513
0.000314982
0.000306697
0.000316274
0.000308265
0.000307977
0.000311608
0.000300382
0.000314623
0.000318221
0.000326271
0.000324453
0.000323999
0.000302297
0.000323418
0.00030614
0.000321207
0.000319904
0.000320109
0.000319804
0.000312786
0.000315528
0.00031581
0.000316528
0.000315179
0.00031559
0.000317863
0.000311738
0.000306439
0.000313148
0.000316513
0.000315709
0.000315159
0.000315361
0.00031325
0.000312587
0.000305898
0.00031339
0.00031438
0.000311999
0.000309684
0.000311486
0.00031312
0.000310329
0.000312431
0.000309346
0.000307345
0.000312591
0.000311279
0.000307325
0.000307444
0.000306894
0.000311464
0.000310584
0.000307384
0.000305402
0.000309467
0.000306548
0.000271939
0.000192418
6.62328e-05
1.84954e-06
0.000135611
0.000210997
4.18477e-05
0.00010509
0.000102197
0.000170775
0.000204968
0.000153369
0.000267649
0.000218476
0.000235078
0.000189265
0.000275833
0.000208959
0.000271432
6.16387e-05
0.000155686
0.000139796
0.000165926
0.000147368
0.000240342
0.000207871
0.000159882
0.000237755
0.000299774
4.67896e-05
0.000301516
0.000204559
0.000132216
0.000178743
0.00025582
2.72603e-05
0.000156196
0.000173077
5.1093e-05
0.000142477
8.09548e-05
0.000317768
0.000192769
0.000193458
0.000240263
0.000122354
0.000166872
0.00014982
0.00016874
0.000243148
0.00027993
0.000180297
0.000184811
0.000295761
0.000216973
0.000202281
0.000213978
0.00023002
0.000306697
0.000323723
0.000299836
0.000307921
0.000328254
0.000332875
0.000321128
0.000308323
0.000300781
0.0003084
0.000316628
0.000313603
0.000317503
0.000322261
0.000312538
0.000312368
0.000308652
0.000322242
0.000318679
0.000315873
0.000301754
0.000320339
0.000310972
0.000318711
0.000315625
0.000313359
0.000318683
0.000318357
0.000317793
0.000316258
0.000316085
0.000312112
0.000304144
0.000303173
0.000309097
0.000308313
0.000314063
0.0003066
0.000313769
0.000314543
0.000312832
0.000311012
0.000312638
0.000313403
0.000307935
0.000308109
0.000304313
0.000310554
0.000312497
0.000309912
0.00030994
0.000311157
0.00030451
0.000311959
0.000312037
0.000311801
0.000306697
0.000258856
0.000189504
0.000105164
0.000241849
0.000236819
0.000205764
0.000208972
0.000258748
0.000250489
0.000266744
0.000269617
0.000280824
0.000243229
0.000308171
0.000323665
0.000279985
0.00027528
0.000316117
0.000261284
0.000259529
0.000284272
0.000275184
0.000267084
0.000313941
0.000301053
0.000303269
0.000281711
0.000273002
0.00027413
0.000273816
0.000292571
0.000283055
0.000282363
0.000285582
0.000292759
0.000292477
0.000288778
0.000303624
0.00171984
0.00289443
0.00159354
0.000233287
0.000150225
0.000348202
0.00042616
0.000467115
8.66717e-05
0.000199794
0.000294363
0.000105734
0.000259745
0.000187643
0.0001128
0.000141766
0.000209224
0.000306697
0.000158989
0.000229123
0.000246044
0.000152884
0.000198866
0.000222121
0.000308147
0.000282849
0.000250763
0.000248945
0.000247228
0.000252697
0.000258456
0.000315299
0.000278002
0.000250014
0.000258714
0.000255031
0.000321661
0.000263704
0.000264443
0.00028459
0.000282478
0.000314036
0.000271965
0.000303363
0.000278851
0.000282605
0.000279224
0.000284528
0.000284565
0.000279404
0.000291958
0.000288441
0.000303319
0.000313094
0.000285585
0.000298102
0.000286947
0.000286531
0.000307436
0.000296711
0.000290087
0.000303321
0.000295566
0.000311966
0.000306697
0.00026021
0.000298937
0.000339672
6.80402e-05
0.000156576
4.29502e-05
0.000194871
6.72731e-05
3.4579e-05
0.000162384
1.56148e-05
0.000153449
0.000257888
0.000240881
0.000310622
7.83518e-05
0.000325055
7.93806e-05
0.00026333
0.000261976
0.000322069
0.000279845
0.000176911
0.000193017
0.000217922
0.00020389
0.000208606
0.000234152
0.000278071
0.000309639
0.00024278
0.000224845
0.000226719
0.000232692
0.000283778
0.000249314
0.000303011
0.000280087
0.000296827
0.00023284
0.000213656
0.000324851
0.000281696
0.00022738
0.000234509
0.000242184
0.000305178
0.000257446
0.000308355
0.000263589
0.000278008
0.00031709
0.000280202
0.000302111
0.000309127
0.000294475
0.000293141
0.000271376
0.000279693
0.000314616
0.000288519
0.000290305
0.000277918
0.000285873
0.000278983
0.000308324
0.000294107
0.000297696
0.000288364
0.000312255
0.000294954
0.000307155
0.000291338
0.000302853
0.000287975
0.000297626
0.000290289
0.000294713
0.00029372
0.000293199
0.000313515
0.000294395
0.000310092
0.000295406
0.000298943
0.000303483
0.000294453
0.000296016
0.00109083
0.00138793
0.000205266
0.000241757
0.000144453
0.000187096
0.000149138
0.000306697
0.000466328
0.000429816
0.000436909
0.000395076
0.000335897
0.000348436
0.000353923
0.000338726
0.000345525
0.0003561
0.000345764
0.000323825
0.0003524
0.000339807
0.00029708
0.00030038
0.000324912
0.00034
0.000348991
0.000298015
0.000331188
0.000322091
0.000318377
0.000330452
0.000335589
0.000333277
0.000314247
0.000338357
0.000329561
0.000334604
0.000319205
0.000301539
0.000334045
0.00032558
0.000330366
0.000307942
0.000327993
0.000328965
0.000317331
0.000311298
0.00030777
0.000326314
0.000327666
0.000326911
0.000318453
0.000322985
0.000307041
0.000318696
0.000309847
0.000324073
0.000309002
0.000315707
0.00030315
0.000317097
0.000321015
0.000313778
0.000318005
0.000310702
0.000904637
0.000385575
0.000588117
0.000239067
0.000285406
0.000260281
4.90822e-05
1.66811e-05
0.000159973
7.39598e-05
0.000254812
7.36939e-06
0.000226318
0.00026911
4.44915e-05
0.00024129
0.000275997
0.00101025
0.00195467
0.00106007
0.00011312
0.000181887
0.000192274
0.000252722
0.000277491
2.03996e-06
8.47246e-05
0.000155189
1.69736e-05
0.000131874
0.000210918
0.000152258
0.00017478
0.000228034
0.00707394
0.00576554
0.00147346
0.00319687
0.000311751
0.00218878
0.00168197
0.00200182
0.000345809
0.000243324
0.000652238
0.00108352
0.000161126
0.000870022
0.000178158
0.000282123
6.24242e-05
7.96536e-05
0.000366611
0.000116233
0.000306697
0.000376309
0.000309892
0.000425405
0.000321963
0.000391556
0.000395163
0.000335789
0.000347827
0.000331029
0.000354975
0.000348052
0.000326514
0.000357992
0.000310459
0.000338392
0.000332744
0.000350174
0.000326929
0.000329015
0.000351453
0.000312068
0.000343363
0.000339021
0.000342276
0.000333039
0.000314067
0.000327073
0.000340141
0.000323075
0.000330498
0.000321727
0.000336665
0.000332157
0.000321459
0.000335622
0.00032832
0.000325126
0.000308214
0.000321083
0.000315794
0.00032566
0.000301041
0.000329943
0.000313593
0.000329054
0.000305251
0.000320249
0.000323547
0.000310295
0.000313359
0.000324268
0.000323182
0.000323757
0.000303452
0.000313135
0.000322042
0.000316424
0.000322025
0.000316511
1.45035e-05
4.26663e-05
0.000175795
0.00103807
0.000455914
0.000400517
0.000414181
0.000469879
9.96317e-05
0.000253383
0.000169089
0.000110916
0.000132444
0.000244751
0.000225011
0.000101197
0.000109975
0.000213022
6.17491e-05
0.000259465
7.59513e-06
0.000126372
4.04356e-05
5.55682e-05
0.000130741
7.44421e-05
0.000101198
0.000187279
0.000313814
0.00229357
0.000774807
1.32128e-05
0.000125165
1.2213e-05
3.86445e-06
9.61398e-05
4.71439e-05
0.000249829
0.000270779
0.000207676
0.000246389
0.000251904
0.000135576
0.00028495
0.000181064
0.000286993
0.000213951
0.000251539
0.000209415
0.00825275
0.00281985
6.25069e-05
0.000684762
0.000359713
0.000179422
0.000518709
0.000289555
0.000129248
9.13721e-05
0.000232739
8.14338e-05
0.000184384
4.9309e-05
2.13264e-05
0.000157916
0.000150804
6.97786e-06
6.71233e-05
0.000135724
0.000218872
7.46725e-05
4.24248e-05
0.00010532
0.000179241
0.000226567
0.000171201
0.000186621
0.000203836
0.000163154
0.000233007
0.000199136
0.000208418
0.000188384
0.000195907
0.000246472
0.000205292
0.000296875
0.00026891
0.000265631
0.000217664
0.00022509
0.000271804
0.000257129
0.000240496
0.000283538
0.000292157
0.000285188
0.000283079
0.000277048
0.000266404
0.000293444
0.00025528
0.000272677
0.000266467
0.000266907
0.000265458
0.000302628
0.0021231
0.00284527
0.00235161
0.00272615
0.00157006
4.50017e-05
0.000201762
0.000314714
0.000356597
0.000946525
0.000147158
0.000157106
0.000315549
0.000168313
0.000572299
0.000184216
0.000139182
0.000240734
0.000228866
0.00022087
0.000128283
8.29023e-05
0.000106282
0.000223981
1.89919e-05
0.00020758
0.00599364
0.00148467
0.00214202
0.0016424
0.000770196
0.00134402
0.00073077
0.00112802
0.000269859
0.000293652
0.000633158
0.000497851
0.000217394
0.00016773
7.2365e-05
0.000243021
9.70257e-05
0.000428885
0.000438317
0.000398327
0.000398042
0.000397317
0.000364663
0.000344561
0.000344919
0.000364064
0.000327734
0.000353139
0.000331319
0.000329175
0.000339716
0.000347468
0.000342739
0.000306873
0.000323222
0.000337916
0.000332581
0.0003389
0.000342825
0.000341415
0.00033821
0.000338122
0.000321792
0.00033709
0.000317177
0.000334743
0.000314296
0.000332119
0.000328957
0.000331591
0.000327246
0.000307926
0.000331022
0.000302277
0.000328021
0.000326555
0.000317187
0.000305111
0.000320401
0.000310332
0.000320942
0.000314166
0.0003193
0.000314335
0.000320651
0.000322463
0.000319946
0.000319877
0.000320856
0.000318864
0.00031151
0.000312387
0.000314874
0.000317916
0.000317009
0.00133385
0.000739945
0.00108577
0.00103723
0.000108966
0.000729726
2.56236e-05
7.76706e-05
0.000347592
8.9647e-05
0.000214251
0.000204976
4.49321e-05
0.000205742
0.000152909
0.000294006
0.000233675
0.000241721
0.000131684
0.000296937
0.000203532
0.00012666
0.00026386
0.000219604
0.000166426
0.000164053
0.000167425
0.000170561
0.000272993
0.000312879
0.000220299
0.000190422
0.000248053
0.000283903
0.000224549
0.000235514
0.00025641
0.000245346
0.000224621
0.00024037
0.000231084
0.000241491
0.000304299
0.000285047
0.000248681
0.000285789
0.0002741
0.000271716
0.000266941
0.000282326
0.000293351
0.00026549
0.000233883
0.000278645
0.000261136
0.000293437
0.000275167
0.000253034
0.000274589
0.000314795
0.00025169
0.000261181
0.000296107
0.000271113
0.000305356
0.000265303
0.000287259
0.000266419
0.000311115
0.000297009
0.000307949
0.000287156
0.00027302
0.000280964
0.000278688
0.000280396
0.000280888
0.000304399
0.000282207
0.0002944
0.000298468
0.000288601
0.000311845
0.000302148
0.000287402
0.000289725
0.000289135
0.00029118
0.000292364
0.000294971
