0.00712631
0.00740184
0.0133748
0.0109839
0.0130188
0.0114489
0.0119024
0.010967
0.0117943
0.0104381
0.0104659
0.0104651
0.0105086
0.0104148
0.0104613
0.010246
0.0106864
0.0105046
0.0105421
0.010382
0.0104835
0.0104734
0.010453
0.0103302
0.0103359
0.0104584
0.0103556
0.0105427
0.0104826
0.0103326
0.0103347
0.0104861
0.010549
0.0103407
0.0103666
0.0105337
0.0103623
0.0105193
0.0105489
0.0105653
0.0103848
0.0104747
0.0103715
0.010376
0.0104799
0.0104109
0.0105391
0.0105043
0.0103929
0.0103895
0.0103948
0.0104343
0.0104874
0.0105167
0.0104959
0.0104439
0.0104313
0.0104033
0.0104014
0.0104022
0.0104061
0.0104412
0.0105164
0.0104279
0.0104106
0.0104361
0.0104183
0.00937086
0.0146032
0.012504
0.00769677
0.00952792
0.00964999
0.0125802
0.00919355
0.00967642
0.00765706
0.0116919
0.0102289
0.0113846
0.0115163
0.0118549
0.00947404
0.009606
0.00910454
0.0108453
0.0115699
0.00929182
0.0114127
0.011435
0.0092345
0.00932553
0.0114105
0.0113527
0.0113375
0.00946791
0.0112929
0.0111875
0.00952635
0.00969291
0.0111851
0.00987068
0.00976146
0.00972411
0.0109453
0.00992412
0.0110947
0.0110452
0.00994365
0.0110348
0.00999611
0.0108971
0.0109922
0.00994752
0.00992155
0.010904
0.0104725
0.0102301
0.0108776
0.0102421
0.0106895
0.0100239
0.010021
0.0108549
0.0107287
0.00985862
0.013281
0.0108337
0.00822374
0.00760767
0.0106505
0.0104066
0.0087378
0.0118553
0.00869743
0.0113342
0.00878622
0.00901511
0.00881705
0.00986981
0.00904828
0.0115461
0.00918757
0.0093751
0.0113446
0.0103675
0.0101355
0.0112463
0.0111961
0.0102457
0.00967634
0.00972845
0.0100955
0.010225
0.00983086
0.0107991
0.0103676
0.00995738
0.0103239
0.0107617
0.00993614
0.00992579
0.00993256
0.0106132
0.010477
0.0100279
0.0100371
0.0108751
0.0107091
0.0103319
0.0101517
0.0102619
0.0102163
0.0119676
0.0106196
0.00942076
0.00898026
0.0105421
0.0104411
0.00926912
0.0112032
0.00956634
0.0108898
0.00955089
0.0097068
0.00950412
0.0101742
0.00966032
0.0111017
0.00962513
0.00984045
0.0110776
0.0104098
0.0102759
0.0109622
0.010925
0.0103348
0.00995706
0.0100004
0.0102417
0.0103203
0.010065
0.0106748
0.0104055
0.0101385
0.0103767
0.0106556
0.0101169
0.0100904
0.0101116
0.0105601
0.010473
0.010178
0.0101836
0.0107453
0.0106264
0.0103786
0.0102581
0.0103323
0.0104659
0.0105766
0.0103956
0.0117992
0.01056
0.00964734
0.0101347
0.00947659
0.0106379
0.0109196
0.0107547
0.0113825
0.0111951
0.0104681
0.0111457
0.0105171
0.0103743
0.0101307
0.00983691
0.0107186
0.0106552
0.0109748
0.010968
0.0106581
0.0106785
0.0107394
0.0102444
0.0102931
0.0101106
0.0102751
0.010341
0.0107968
0.0105244
0.0102605
0.0103502
0.0102991
0.010434
0.0107157
0.00814621
0.0104615
0.0111003
0.00956199
0.0112742
0.00965043
0.00973981
0.0102601
0.0106879
0.0110209
0.0110353
0.0107993
0.00992417
0.0102102
0.00994353
0.0109282
0.0104429
0.0100159
0.0100557
0.0108711
0.0108466
0.0100681
0.0104999
0.0101124
0.0106654
0.010776
0.0107368
0.010669
0.0107126
0.0101901
0.0107438
0.0104124
0.0106995
0.0106903
0.0102683
0.0102968
0.0103177
0.0104856
0.0104947
0.0104947
0.0102579
0.0105023
0.0102685
0.0104481
0.0105625
0.0106295
0.010611
0.0103114
0.010602
0.0104796
0.0104659
0.0104656
0.0126412
0.00955461
0.00967696
0.0105624
0.00842397
0.0106649
0.00909164
0.0112261
0.0116622
0.0108558
0.0111895
0.0108471
0.00944697
0.0115469
0.00983092
0.0107135
0.0114967
0.0104701
0.00950281
0.0112953
0.00965463
0.0112221
0.0112566
0.00966132
0.0111947
0.0106511
0.0111825
0.0109691
0.0107209
0.0111282
0.00983109
0.0098919
0.0102404
0.00991173
0.0100174
0.0105584
0.0107498
0.0100959
0.0106607
0.0108257
0.0100395
0.0100192
0.0100461
0.0105116
0.0100681
0.0102651
0.0108473
0.0104659
0.010453
0.0106292
0.0103227
0.0104814
0.0102212
0.0104807
0.0101943
0.0106435
0.0103964
0.0104337
0.0106586
0.010521
0.0104742
0.0106058
0.0104305
0.0103267
0.0103021
0.0105364
0.0103288
0.0105752
0.0104637
0.0105391
0.0105699
0.0103665
0.0105147
0.0103499
0.0104641
0.0104893
0.0103516
0.010399
0.010373
0.0104118
0.0104681
0.0105492
0.010443
0.0105509
0.0103902
0.0104962
0.0103804
0.0105375
0.0103866
0.0105238
0.0105121
0.0105318
0.0104913
0.010521
0.010483
0.0105221
0.0104453
0.0105262
0.0104024
0.0104176
0.0104367
0.0104758
0.0104994
0.0104568
0.0104096
0.0104868
0.01045
0.0106531
0.0102439
0.0116323
0.0109449
0.0101317
0.0100468
0.01032
0.0099447
0.0102315
0.0109974
0.0104714
0.0109069
0.0107897
0.0107503
0.0107438
0.0102956
0.0106923
0.0104218
0.0105494
0.0106585
0.0104659
0.0101582
0.00986284
0.0126925
0.0123415
0.0116634
0.0124463
0.01077
0.00858196
0.0114962
0.0109224
0.0112871
0.0118834
0.00967125
0.00978527
0.010791
0.01149
0.0103548
0.0106588
0.0115026
0.00953868
0.0100379
0.0101791
0.0100667
0.0113465
0.0112539
0.0103533
0.0106989
0.0104153
0.0110749
0.00997017
0.009909
0.010311
0.0101227
0.0101866
0.0108129
0.0100031
0.0102694
0.0104593
0.0102931
0.0108342
0.0105011
0.0100137
0.0100232
0.0100189
0.010623
0.0106106
0.0104999
0.0102585
0.0105879
0.0102517
0.0106415
0.0102549
0.0103595
0.0106126
0.0107032
0.010638
0.0102732
0.0103876
0.0105256
0.0102568
0.0102582
0.0104168
0.0105872
0.0106194
0.0106034
0.010559
0.0104448
0.0102989
0.0104404
0.0103119
0.0106087
0.0103227
0.0103293
0.0105871
0.010589
0.0103401
0.010344
0.0103468
0.0103613
0.0105471
0.0103852
0.0105527
0.0104743
0.01047
0.0103617
0.0103626
0.010462
0.0105289
0.0103722
0.0103766
0.0103772
0.0104356
0.0105456
0.00663899
0.00713145
0.00903311
0.0117568
0.0105006
0.0104661
0.0098164
0.00956483
0.0102039
0.00963186
0.0112086
0.0105992
0.00989793
0.0105837
0.010505
0.0110823
0.00985713
0.0100594
0.0101442
0.0102366
0.00995844
0.0109145
0.0103874
0.0102028
0.0108682
0.010321
0.0104223
0.0105911
0.0100992
0.010101
0.0104295
0.0106335
0.0101533
0.0102172
0.0101877
0.0106197
0.0102101
0.0103204
0.0102207
0.0107002
0.0104685
0.0101243
0.00844276
0.0137599
0.0111656
0.0130281
0.0125795
0.0115199
0.0122505
0.009428
0.0110884
0.0120895
0.0117562
0.0114922
0.0104673
0.0114595
0.0114177
0.0113934
0.0102129
0.00977495
0.0104659
0.0104658
0.011826
0.0100746
0.0101291
0.0105047
0.00929489
0.0105496
0.00980934
0.0108124
0.0110733
0.0106427
0.0108089
0.0106408
0.00995461
0.0110577
0.0101515
0.0105844
0.0110996
0.0104656
0.00986343
0.0109391
0.0100168
0.0108923
0.010927
0.00996236
0.0109024
0.0105649
0.010901
0.0107489
0.0106048
0.0108779
0.0100706
0.0101322
0.0103376
0.0101251
0.010204
0.0105173
0.0106284
0.010251
0.0105767
0.0106767
0.0102124
0.0101975
0.0102096
0.0104916
0.0102191
0.0103476
0.0107038
0.0104659
0.010466
0.00766253
0.0131652
0.0110018
0.0115269
0.0110545
0.0124841
0.0125228
0.00848446
0.00876464
0.0100339
0.0117632
0.0117562
0.00992086
0.0115092
0.00997183
0.0117028
0.0116769
0.0116585
0.010018
0.0109605
0.00952549
0.0112706
0.00981216
0.00959967
0.00967467
0.0110369
0.0108696
0.00972477
0.00983096
0.0100217
0.0106035
0.0106356
0.0104816
0.00991181
0.010913
0.0109314
0.00998863
0.0103104
0.0104659
0.00932667
0.0107564
0.0104237
0.0114741
0.00956779
0.0113127
0.0105074
0.0111348
0.0100805
0.00996743
0.0110906
0.00979776
0.0104107
0.0101655
0.0100325
0.0100194
0.0100872
0.0109814
0.0109107
0.010448
0.0105229
0.0102436
0.0106931
0.0104511
0.0106629
0.0108132
0.0100938
0.0108286
0.0103787
0.0104352
0.010121
0.0107838
0.010146
0.0107158
0.0103737
0.0107284
0.0106606
0.0101978
0.010207
0.0106863
0.0102586
0.0106623
0.0102302
0.0105878
0.0104988
0.0106409
0.010659
0.010466
0.0105291
0.0101225
0.0129392
0.00905335
0.0119972
0.0106125
0.0115005
0.00969668
0.0102392
0.0104659
0.0104572
0.0104513
0.00982884
0.0104514
0.0104702
0.00997452
0.0104425
0.0102515
0.0109501
0.010281
0.0102389
0.0101361
0.0101204
0.0100765
0.0101779
0.0105398
0.0103277
0.010526
0.010157
0.0101577
0.010312
0.0106778
0.0104
0.0107137
0.0101808
0.0106277
0.0103133
0.0106473
0.0102311
0.0102238
0.0103173
0.0102394
0.0103947
0.0103143
0.0102565
0.0106365
0.0106281
0.0106192
0.0104727
0.0103753
0.0103164
0.0102947
0.0105353
0.0104831
0.0103129
0.0106104
0.010318
0.0106051
0.0105581
0.0103924
0.0103254
0.0105794
0.0105539
0.0103392
0.0105579
0.0105812
0.0104827
0.010384
0.010486
0.0137005
0.00842241
0.0127204
0.0123651
0.00993939
0.00930153
0.00955116
0.00934185
0.0101907
0.0116086
0.011342
0.0112492
0.011237
0.00983682
0.0104633
0.0111564
0.0107545
0.0110291
0.0110291
0.0104675
0.0102528
0.00902999
0.0130183
0.0109441
0.0124476
0.012113
0.0112248
0.0117793
0.00968862
0.0109269
0.0117271
0.011488
0.0112542
0.010468
0.0112452
0.0112334
0.0112093
0.0102677
0.00991092
0.0100581
0.0188636
0.00650652
0.00709992
0.00734892
0.00760923
0.0128312
0.0133786
0.0128346
0.0103335
0.00859714
0.00895375
0.00893162
0.0111407
0.0118976
0.00927775
0.0117875
0.0113543
0.0115269
0.0104346
0.0104659
0.0104778
0.0104822
0.00988222
0.0111068
0.0105893
0.0103917
0.0102219
0.0109934
0.0108521
0.010768
0.0109123
0.0100039
0.0101908
0.0100163
0.0107932
0.0102814
0.0100619
0.0101023
0.0107958
0.0103151
0.0101327
0.0107534
0.0103128
0.0107674
0.0107496
0.0101646
0.0104979
0.0103861
0.0106753
0.0102416
0.010276
0.0102115
0.0105573
0.0103718
0.0104461
0.0106818
0.010561
0.0102563
0.010634
0.0102562
0.0102714
0.0103075
0.0104225
0.0105127
0.0102801
0.0104917
0.010297
0.0103743
0.0103872
0.0102964
0.0105015
0.0104219
0.0105508
0.0103233
0.0105546
0.0103967
0.0105927
0.0104659
0.00749393
0.00757325
0.0131895
0.0100836
0.00861103
0.0123777
0.0123229
0.0122244
0.0102033
0.00891241
0.0119565
0.00955693
0.0113138
0.00945852
0.0110535
0.010613
0.0115171
0.0104192
0.0103376
0.0113611
0.00979441
0.0107973
0.0111238
0.00997847
0.0110512
0.0104874
0.0107258
0.0104012
0.0113579
0.0105481
0.0111526
0.0101016
0.00974034
0.0103899
0.010507
0.0108167
0.00997993
0.00994239
0.0101994
0.0106668
0.010492
0.0108462
0.0107045
0.0106728
0.010594
0.0105049
0.0103011
0.0185276
0.0103882
0.00973992
0.0116691
0.0102579
0.00882709
0.0106379
0.0120451
0.00950586
0.0101588
0.0115236
0.0115652
0.0114322
0.0114
0.0113244
0.0100525
0.0110098
0.0102036
0.0105645
0.0106653
0.0104775
0.0100691
0.0112715
0.00914809
0.00979052
0.0116985
0.0105527
0.00995688
0.0111941
0.00990708
0.00988769
0.0112445
0.00987264
0.00984201
0.0108508
0.0102937
0.00997363
0.0109995
0.010976
0.0109835
0.0104685
0.0108155
0.0105857
0.0101568
0.010206
0.0108358
0.0108359
0.0107637
0.010808
0.0101286
0.0102
0.0107611
0.0103623
0.0106699
0.0105763
0.010498
0.0103766
0.0102261
0.0104659
0.010887
0.010538
0.0165626
0.0114045
0.0139132
0.0148986
0.0120355
0.0123594
0.00772899
0.0106211
0.0129913
0.013007
0.00902541
0.00961323
0.0123385
0.00880976
0.00932329
0.0119082
0.0103735
0.0117758
0.0100923
0.00967695
0.0114529
0.0113825
0.0104115
0.0107329
0.0196307
0.0189345
0.00764785
0.00947318
0.00810144
0.0109155
0.0128729
0.0111339
0.00882063
0.0123029
0.0119222
0.0119278
0.0117492
0.00990652
0.009825
0.00958096
0.0105738
0.00998077
0.0104659
0.0104659
0.0104458
0.00963677
0.0104859
0.0100102
0.010566
0.010893
0.010178
0.0100238
0.0100254
0.0104916
0.0101133
0.0101302
0.0106255
0.0101189
0.0107697
0.0107081
0.0106651
0.0101813
0.0102078
0.0104702
0.0106608
0.0106357
0.0102138
0.0105818
0.0106842
0.0102414
0.0102463
0.0102755
0.010327
0.010498
0.0106543
0.0102746
0.010393
0.0104832
0.0102865
0.0103141
0.0106027
0.0103895
0.010525
0.0104398
0.0103072
0.0103122
0.0103144
0.0106079
0.0105894
0.0105291
0.01041
0.010346
0.0103565
0.01058
0.0104349
0.0105662
0.0103844
0.0104758
0.0103572
0.0104281
0.0104039
0.0105129
0.0111681
0.00892939
0.0120854
0.0101954
0.0118877
0.0116632
0.0113827
0.0113378
0.0100625
0.0104659
0.013622
0.0104685
0.0121663
0.010828
0.0105883
0.0101904
0.0117321
0.0104291
0.00933744
0.00974491
0.00961652
0.0102387
0.00964655
0.0107951
0.00973538
0.00972832
0.0110459
0.00981149
0.00985507
0.00981599
0.0108316
0.00986328
0.0109194
0.010581
0.0109286
0.00997614
0.0108652
0.00999789
0.0105064
0.0102654
0.010532
0.0108411
0.0108122
0.0108109
0.0107176
0.0108031
0.0101927
0.0107266
0.0105287
0.0104703
0.0105407
0.00953373
0.00996615
0.0103578
0.0102036
0.0100714
0.0110919
0.0105938
0.0104761
0.0108072
0.00995398
0.0102133
0.0108813
0.0107654
0.0108369
0.0105158
0.0105346
0.0102089
0.0101217
0.0101682
0.0104076
0.010517
0.0103812
0.0106121
0.0106426
0.0107204
0.0102144
0.0106972
0.0103235
0.0102931
0.0106771
0.0106126
0.0105934
0.0104694
0.0106263
