0.0553727
0.00747949
0.023131
0.0166042
0.00910946
0.01115
0.0179905
0.0153651
0.020555
0.0208442
0.0184783
0.020036
0.0215787
0.115097
0.0197417
0.0172218
0.0196235
0.0143846
0.016375
0.0218728
0.0210907
0.0186268
0.0206733
0.020794
0.0211673
0.0213502
0.022111
0.0221628
0.0218322
0.0218556
0.0214274
0.0223331
0.0220761
0.0216015
0.0221875
0.0223138
0.0222416
0.0219983
0.0219735
0.0218121
0.0218309
0.022313
0.0220321
0.0221423
0.0221545
0.0222227
0.0220585
0.0220623
0.0222003
0.0220448
0.0220761
0.0221066
0.0220772
0.0222278
0.0222308
0.0221141
0.0232318
0.0269344
0.0227225
0.0226533
0.0222375
0.0232722
0.0225251
0.0226396
0.0223917
0.0227986
0.0226078
0.0222759
0.0223905
0.0226333
0.0223021
0.0225381
0.0224158
0.0225465
0.0225389
0.0224536
0.0224338
0.022334
0.0223141
0.0224574
0.0223716
0.0223512
0.0223276
0.0222752
0.0222856
0.0222979
0.0223355
0.0222848
0.0223939
0.022281
0.0223908
0.0223752
0.0223744
0.0223228
0.0223559
0.0223682
0.022364
0.0222865
0.0223597
0.0223542
0.0223147
0.0223597
0.0223561
0.0223065
0.0223242
0.0223422
0.0223055
0.0223485
0.0223389
0.0223445
0.0222953
0.0222931
0.0223411
0.0223265
0.0223364
0.02231
0.117834
0.00956851
0.0183279
0.00336976
0.0192322
0.0218231
0.021084
0.0200365
0.0214859
0.0214231
0.0215937
0.0207365
0.0216772
0.0213818
0.0215129
0.0219841
0.021586
0.0217464
0.0219427
0.0217981
0.0220154
0.0220769
0.0219212
0.0222602
0.0222495
0.0219856
0.123279
0.0189148
0.0209387
0.0208536
0.0221296
0.0199434
0.0208479
0.0221094
0.0216756
0.0212076
0.0208215
0.0223503
0.0212439
0.0222203
0.0220355
0.021517
0.0216617
0.0218095
0.022021
0.021813
0.0219152
0.0220155
0.0220663
0.0223169
0.0219501
0.022183
0.0223154
0.0221055
0.0771804
0.0403265
0.000100015
0.00688647
0.0193019
0.0116383
0.0220335
0.021972
0.0207497
0.0208767
0.0221179
0.0217037
0.0201355
0.0194257
0.0199723
0.0211409
0.0211577
0.0207972
0.0220172
0.0222668
0.0217603
0.0215987
0.0217769
0.0218644
0.0215321
0.0217088
0.0222322
0.0221789
0.0219567
0.0131121
0.0440601
0.0127
0.0196167
0.0218577
0.0206721
0.0166533
0.0182147
0.0209212
0.0208885
0.0214224
0.0223379
0.0207024
0.0221898
0.0215438
0.0210102
0.0211022
0.0222194
0.0221007
0.022083
0.0219101
0.0215911
0.0217314
0.0218169
0.0221964
0.0219941
0.0221858
0.0219235
0.0181461
0.0450564
0.0164936
0.0192971
0.020474
0.0210856
0.0173691
0.0213341
0.019774
0.0222821
0.0223399
0.0219291
0.0210525
0.0208604
0.021347
0.0221234
0.0214219
0.0222302
0.0218448
0.0216167
0.0218378
0.0221893
0.0223252
0.0221981
0.0220721
0.0218491
0.0222107
0.103612
0.0129289
0.00755388
0.00522432
0.0143751
0.0185668
0.0221972
0.0204541
0.0220147
0.0197584
0.0207272
0.0207384
0.0215746
0.0213469
0.0218059
0.0219759
0.021884
0.0223129
0.0220723
0.0218214
0.0218471
0.0218613
0.0222467
0.0218838
0.022234
0.022142
0.0220794
0.0221358
0.0219821
0.0222624
0.016003
0.0122159
0.0206832
0.0169877
0.0219465
0.0221125
0.0179116
0.021919
0.0205188
0.0218941
0.0206113
0.0216414
0.0213714
0.0209506
0.0221999
0.0211007
0.0220495
0.0217761
0.0214547
0.0218664
0.0216487
0.0217334
0.0221067
0.0218999
0.0218306
0.0220835
0.0221629
0.0222358
0.0222239
0.373993
0.0105486
0.0183403
0.00398909
0.0193163
0.0218361
0.0210858
0.0200801
0.021487
0.0214341
0.0215952
0.0207484
0.021679
0.0213863
0.021519
0.0219865
0.0215908
0.0217498
0.0219444
0.0218014
0.0220172
0.0220783
0.0219236
0.0222604
0.0222498
0.0219876
0.0113552
0.0427799
0.0144787
0.0187672
0.0146782
0.0215984
0.0193607
0.0189149
0.0177295
0.0196383
0.0204221
0.0189737
0.0197722
0.0220161
0.132738
0.126856
0.0171258
0.0169508
0.0156726
0.0170414
0.0212946
0.0210688
0.0205468
0.0215509
0.0202429
0.0211978
0.0222273
0.0214605
0.0222931
0.0213755
0.0217069
0.0220414
0.0219916
0.022297
0.0221215
0.022081
0.0217511
0.0221089
0.0218608
0.0221163
0.0219882
0.0221824
0.0220011
0.022132
0.0222223
0.0220604
0.022119
0.022263
0.0220771
0.0222273
0.0221093
0.0221203
0.0453293
0.0444551
0.022277
0.0215909
0.0208474
0.0215193
0.0222105
0.0213028
0.0221058
0.0222992
0.0219769
0.0221473
0.0222749
0.0221014
0.022053
0.0223598
0.0223265
0.0221807
0.0223392
0.022186
0.0221571
0.0222378
0.0222533
0.0221267
0.0221381
0.0221402
0.0222638
0.0223284
0.0222669
0.0221795
0.0222198
0.0223217
0.0222138
0.0222779
0.0222678
0.0222541
0.0222691
0.0222391
0.022283
0.0222428
0.0223209
0.0222476
0.0149229
0.0395259
0.0123832
0.0195318
0.0218731
0.0207085
0.0165484
0.0182108
0.0209302
0.0208517
0.0214007
0.0223379
0.0206886
0.0221882
0.0215264
0.0209815
0.021075
0.0222181
0.0220969
0.0220788
0.021901
0.0215726
0.0217158
0.0218037
0.0221941
0.0219861
0.022183
0.0219126
0.037697
0.0207393
0.0210779
0.0198803
0.0223064
0.0206963
0.0210419
0.021583
0.0220257
0.0223605
0.0217878
0.0221947
0.0222401
0.0220043
0.0221114
0.0219672
0.0223334
0.0222311
0.0220886
0.0223496
0.0221078
0.022137
0.0223446
0.0221684
0.0221874
0.0223234
0.0222888
0.0222027
0.0222641
0.0222001
0.0221995
0.0223027
0.0222281
0.0222352
0.0222791
0.0222381
0.0222647
0.022309
0.0222414
0.0222632
0.0222664
0.0223013
0.0222782
0.0899789
0.00445555
0.0204625
0.0131643
0.0210854
0.0170504
0.0199112
0.0218283
0.0219171
0.0211062
0.0204667
0.0207811
0.0210785
0.0212654
0.153546
0.0161704
0.0125982
0.0157013
0.0207595
0.0218211
0.018863
0.0193122
0.0221201
0.0215829
0.0204018
0.0223024
0.0216519
0.0211297
0.0212302
0.0220649
0.0217939
0.0219059
0.0219541
0.0220954
0.0219291
0.0219336
0.0222233
0.0222682
0.0219387
0.0790829
0.159259
0.0218643
0.0217187
0.021659
0.0218441
0.0218602
0.0223722
0.0222566
0.0223168
0.0223664
0.0220331
0.0218947
0.0220132
0.021983
0.0219406
0.0222306
0.022285
0.022147
0.0220788
0.0222018
0.0222498
0.0222328
0.0221863
0.0221704
0.0221996
0.022163
0.0222182
0.0221849
0.0222916
0.022203
0.0222777
0.0222431
0.0222383
0.022261
0.0222212
0.0222307
0.0222372
0.0222362
0.022282
0.0222504
0.0223036
0.0843339
0.0481964
0.000121719
0.0124285
0.0217507
0.0196949
0.0187104
0.0221946
0.020107
0.0213742
0.0209191
0.0218898
0.0214163
0.0222193
0.209604
0.00943175
0.00169834
0.0221162
0.0185814
0.0188968
0.0215872
0.0196045
0.0200822
0.0213492
0.0220309
0.0210697
0.0209817
0.0211955
0.161841
0.0280011
0.00761938
0.0176101
0.0168956
0.0198369
0.022033
0.020865
0.021505
0.0208219
0.0222626
0.0219324
0.0222047
0.0215239
0.0212673
0.022053
0.022207
0.022053
0.0221127
0.0223535
0.0222864
0.0220101
0.0220426
0.021959
0.0219585
0.0220922
0.0220869
0.0221586
0.0220402
0.0221331
0.0220733
0.0222202
0.0222032
0.0223205
0.0222249
0.0221531
0.0222865
0.0223039
0.0221528
0.0222943
0.0221974
0.0221789
0.0222377
0.0222614
0.022305
0.125447
0.0187595
0.00949386
0.0176003
0.0168882
0.0199959
0.022033
0.020937
0.0215041
0.0208283
0.0222654
0.0219318
0.0222047
0.0215249
0.0212868
0.0220527
0.022207
0.0220579
0.0221128
0.0223533
0.022287
0.0220109
0.0220454
0.021961
0.0219614
0.0220928
0.0220889
0.0221599
0.0220417
0.0221346
0.0220747
0.0222209
0.0222035
0.0223205
0.0222254
0.0221538
0.0222867
0.0223039
0.0221536
0.0222944
0.0221979
0.0221796
0.0222379
0.0222617
0.022305
0.326975
0.0183443
0.0155626
0.0177437
0.0194512
0.0205751
0.0215901
0.0222048
0.021319
0.0222316
0.0221314
0.0221274
0.0217795
0.0222577
0.0220404
0.0221085
0.0221223
0.0216332
0.0215755
0.00729228
0.0229156
0.0102383
0.011098
0.00467731
0.0128961
0.0139125
0.0188858
0.0161725
0.018736
0.019533
0.0220204
0.0197942
0.0189015
0.013309
0.0199515
0.0212305
0.0173535
0.0218395
0.0212296
0.0222572
0.0202927
0.0216109
0.02088
0.0213293
0.0211631
0.00085386
0.0121017
0.00917891
0.0222974
0.0222732
0.0207572
0.0219798
0.0223562
0.0197421
0.021145
0.0206392
0.0218508
0.0213041
0.0219014
0.0214397
0.0217094
0.0219969
0.0217706
0.0221192
0.0219496
0.0221779
0.0219412
0.0223339
0.0220376
0.0219644
0.0221148
0.0220554
0.0222011
0.0220638
0.0220736
0.0443364
0.0419161
0.000130755
0.00648507
0.0192509
0.0116177
0.0220339
0.0219675
0.0207528
0.0208663
0.0221181
0.0217046
0.0201267
0.0194175
0.0199687
0.0211415
0.021155
0.0207945
0.0220167
0.0222667
0.0217604
0.0215986
0.0217764
0.0218644
0.0215318
0.0217087
0.0222322
0.0221788
0.0219567
0.0584858
0.061561
0.0218365
0.0217296
0.0216716
0.0218525
0.0218685
0.0223727
0.0222567
0.0223172
0.0223668
0.0220378
0.0218964
0.0220182
0.0219884
0.0219454
0.0222321
0.0222859
0.0221495
0.0220825
0.0222031
0.0222512
0.0222335
0.0221879
0.022173
0.0222011
0.0221657
0.0222194
0.0221873
0.0222924
0.0222051
0.0222778
0.0222439
0.0222399
0.0222622
0.022223
0.0222321
0.0222384
0.0222375
0.0222821
0.0222517
0.0223041
0.0195197
0.0301335
0.0189103
0.0222025
0.0222237
0.0225216
0.0222164
0.0224478
0.0224298
0.0225374
0.0222654
0.0222323
0.022418
0.0224277
0.0224575
0.0223441
0.0223649
0.0222638
0.0222904
0.0222549
0.0223593
0.022262
0.022376
0.0223764
0.0222631
0.0223789
0.0223581
0.0222674
0.0223551
0.0222699
0.0223558
0.0223275
0.0223273
0.0223528
0.0223455
0.022348
0.0223467
0.0223412
0.0223296
0.0223426
0.0223326
0.0222887
0.0223354
0.0223312
0.022301
0.0223157
0.0223364
0.022287
0.022286
0.0223152
0.0223042
0.0222939
0.0223082
0.022316
0.0223303
0.0223292
0.0222917
0.0222938
0.128875
0.104303
0.00726183
0.0159537
0.0161216
0.022061
0.0211703
0.0222239
0.021964
0.0220207
0.0202669
0.0205415
0.0220948
0.0210022
0.0221844
0.0217033
0.0220961
0.0216503
0.0221247
0.0219201
0.0221943
0.0216681
0.0217125
0.021969
0.0218686
0.0219575
0.022181
0.0219853
0.0220851
0.0221422
0.0220245
0.0220259
0.0222237
0.0222081
0.0220766
0.02216
0.0221603
0.0221018
0.022121
0.0222261
0.0221392
0.022219
0.0221498
0.0221538
0.0202373
0.0225554
0.0212454
0.0219867
0.0225201
0.0225848
0.0221988
0.022564
0.0224512
0.0222273
0.0223964
0.0221804
0.0222025
0.0223159
0.022206
0.0222412
0.0222272
0.022369
0.0223931
0.0223761
0.022248
0.0222504
0.0222516
0.0222526
0.0223513
0.0223617
0.0223133
0.0223379
0.0223582
0.0222633
0.0223228
0.0222793
0.0222723
0.0222956
0.0222731
0.0222731
0.022343
0.022313
0.0222832
0.0222818
0.0222789
0.0223382
0.022336
0.0222816
0.0222832
0.0222831
0.0222883
0.0223102
0.0222845
0.0223077
0.0223223
0.0222949
0.0223289
0.0222938
0.0223191
0.022321
0.02229
0.00603458
0.0222135
0.0229659
0.0263854
0.0229101
0.0226877
0.0232222
0.0222684
0.0223565
0.0223524
0.0224321
0.0225774
0.0224768
0.0224264
0.022617
0.022468
0.0222659
0.0223091
0.0224641
0.0223604
0.0222757
0.0222784
0.022263
0.0223472
0.0223364
0.0223525
0.0223166
0.0223866
0.0223534
0.0223037
0.0223781
0.0223091
0.022329
0.0223677
0.0223047
0.0223608
0.0222808
0.022334
0.0223386
0.0223527
0.0222851
0.0223393
0.022346
0.0222881
0.0222841
0.022343
0.0223325
0.022298
0.0223428
0.0223307
0.0223367
0.0223175
0.0223356
0.0223107
0.0223266
0.0223297
0.0222955
0.0223298
