1.2215
0.177665
0.00519786
0.0197439
0.00203526
0.00518937
0.00516696
0.000611444
0.000670825
0.000339798
7.86283e-05
0.00521135
0.0051196
0.00364556
0.067373
0.00279479
0.00288911
0.0021326
0.000799167
0.003203
0.000651288
0.000605841
0.00528959
0.001308
0.00609742
0.00100412
0.00536012
0.00237107
0.00564587
0.00310394
0.00322469
0.00312768
0.00336451
0.0030611
0.00357272
0.00328624
0.00325907
0.00515472
0.00518664
0.0048999
0.00373604
0.00510605
0.00510518
0.0050233
0.00371931
0.0039445
0.00376148
0.00466685
0.00391107
0.00491711
0.0044767
0.00482833
0.00420067
0.00464066
0.00468034
0.00418953
0.0040761
0.00302945
0.00390141
0.00488799
0.0251802
0.00292538
0.00517177
0.0102548
0.00608304
0.00329163
0.00831667
0.00727882
0.00440544
0.00585698
0.00693273
0.00327007
0.0057958
0.00351414
0.00522991
0.00548303
0.00370838
0.00555384
0.00520614
0.00369176
0.00545294
0.0038553
0.00390048
0.00385612
0.00473119
0.00417916
0.00440124
0.00388546
0.00440429
0.00400457
0.00408916
0.00407894
0.00434309
0.00494977
0.00444951
0.00495144
0.00489122
0.00492593
0.00410569
0.00487939
0.00410259
0.00426656
0.00427495
0.00457222
0.00418393
0.00418921
0.00424063
0.00424112
0.00418279
0.00474035
0.00418419
0.00475942
0.00474812
0.00420379
0.00435571
0.00468156
0.0338105
0.0318485
0.00916166
0.00646416
0.00619345
0.00118956
0.00246259
0.00296171
0.00242891
0.00180922
0.0055031
0.00214815
0.00281436
0.00541791
0.00323812
0.00293971
0.00474945
0.00510569
0.00338384
0.00506101
0.00375209
0.00467725
0.00392461
0.0040746
0.00423505
0.00472634
0.00488772
0.00480491
0.0091927
0.00203298
0.00210011
0.00576287
0.00219721
0.00182844
0.00532428
0.00585815
0.00477447
0.00572942
0.00553558
0.00556677
0.0054667
0.0054522
0.00364737
0.0030173
0.00349522
0.00521147
0.00509563
0.00497413
0.00418712
0.00380459
0.00502663
0.00385157
0.00386264
0.00398656
0.00396292
0.00399172
0.00486147
0.0106115
0.00764496
0.00476049
0.000107372
0.00114204
0.00356093
0.00612631
0.00607866
0.00148829
0.000337984
0.00582435
0.00558496
0.0014576
0.00287806
0.00559308
0.00551304
0.00547099
0.00537629
0.00298554
0.00514285
0.00445093
0.00501186
0.00344362
0.00353145
0.00363091
0.00477196
0.00439253
0.00445509
0.00376241
0.00376289
0.00288126
0.684598
0.00496758
0.000505664
0.00624376
0.00248532
0.000658202
0.000255121
0.00575947
0.00204954
0.00215363
0.00447853
0.00447786
0.00290995
0.00339656
0.00353861
0.00325511
0.00339024
0.00504092
0.00417256
0.00405856
0.00372602
0.00436889
0.00387739
0.00492679
0.00401801
0.0220731
0.177334
0.00992613
0.0032269
0.00204188
0.00431467
0.00231942
0.0036724
0.00238927
0.00221386
0.00280586
0.00544778
0.00541261
0.00555629
0.00264053
0.00264539
0.00485988
0.00304873
0.00486734
0.0033836
0.00517882
0.00516354
0.00376104
0.00363774
0.0037013
0.0036973
0.00382405
0.00448887
0.00386353
0.058293
0.0298647
0.0177876
0.0065767
0.00244039
0.00616044
0.000211264
0.00451829
0.00215449
0.00313122
0.00547336
0.0056276
0.0026921
0.00529869
0.00300206
0.00283479
0.0051947
0.00351766
0.00344492
0.00384937
0.00355024
0.00442002
0.00367316
0.00459629
0.00498394
0.00395055
0.00393788
0.00395254
0.00398822
0.0718658
0.0871844
0.00668252
0.005894
0.00621978
0.00318107
0.00149933
0.00540175
0.00577137
0.0015809
0.00244961
0.00302389
0.00552402
0.00463831
0.00273312
0.00334722
0.00323265
0.00439527
0.00361386
0.00350489
0.0047791
0.00427134
0.00371505
0.0045774
0.00388463
0.00489353
0.00389193
0.133354
0.046151
0.00871087
0.0064652
0.00619286
0.00109421
0.00247999
0.00297107
0.00243862
0.00183293
0.00549815
0.00216722
0.00282444
0.00541415
0.00324397
0.00295013
0.00474755
0.00510311
0.0033898
0.00505889
0.00375626
0.00467632
0.00392764
0.00407689
0.00423645
0.00472526
0.00488616
0.00480353
0.997231
0.106875
0.0103124
0.00539658
0.0039429
0.0032532
0.00441111
0.0043808
0.00566027
0.00443553
0.00351229
0.00228009
0.0199305
0.000970786
0.00265784
0.00163934
0.000441709
0.00293216
0.000413237
0.00045533
0.00522286
0.00140295
0.00608836
0.00110195
0.00533212
0.00241472
0.00564357
0.00312267
0.00323879
0.00314539
0.00337947
0.00308089
0.00358376
0.00330064
0.00327442
0.00514751
0.00518232
0.00489488
0.00374502
0.00510138
0.00510108
0.00501873
0.00372688
0.00395054
0.00376922
0.00466486
0.00391552
0.00491355
0.00447664
0.00482522
0.00420363
0.00463909
0.00467844
0.00419245
0.00407982
0.00413493
0.00243676
0.00871582
0.00630705
0.00628801
0.00135178
0.00192883
0.00333371
0.00674136
0.00608219
0.00250098
0.0025954
0.00331923
0.0029577
0.00306205
0.00557109
0.0055729
0.00341261
0.00349665
0.00384047
0.00534607
0.00367429
0.00377465
0.00476759
0.0045699
0.00425722
0.00385099
0.0049102
0.00454984
0.00499664
0.00393698
0.00434043
0.00490637
0.00418657
0.00412294
0.00407492
0.00473909
0.00405318
0.00459719
0.00434896
0.00459588
0.00413115
0.00479041
0.00416332
0.00462644
0.00136547
0.176592
0.00486734
0.000119906
0.00625496
0.00250674
0.000703179
0.000230615
0.00575812
0.00204673
0.00211877
0.00445485
0.00446084
0.00288493
0.00338824
0.00351505
0.00323735
0.00337108
0.00504646
0.00416129
0.00404586
0.00370942
0.00436356
0.00386726
0.00493446
0.00400505
0.00157148
0.00268423
0.00200682
0.0012119
0.00249842
0.00739127
0.00172148
0.00296544
0.00574173
0.00405073
0.00329577
0.00331087
0.00387253
0.00590988
0.00557515
0.00362063
0.00528114
0.00354146
0.00361612
0.00449068
0.00515332
0.00386658
0.00376233
0.00498459
0.00479013
0.00489678
0.00501317
0.00483652
0.00483046
0.0039611
0.00459607
0.00404102
0.00404432
0.00406194
0.00485662
0.00425738
0.00409732
0.00478041
0.00446644
0.00431894
0.00427334
0.385716
0.00600447
0.00565224
0.00156029
0.00288599
0.00607637
0.000403901
0.000169514
0.00342139
0.00336992
0.0046767
0.00391683
0.00484331
0.181163
0.0203776
0.00978269
0.00653371
0.00175225
0.00151038
0.00248488
0.00370326
0.00554366
0.00292378
0.00240873
0.00256692
0.0031
0.00544336
0.00507072
0.00338885
0.00341334
0.00349658
0.00393931
0.00506881
0.00399957
0.00410648
0.00385942
0.0038775
0.00390095
0.00490201
0.00389866
0.0121468
0.0152034
0.00781715
0.00699974
0.00824893
0.00203127
0.00587029
0.00597329
0.00609682
0.00274237
0.00627261
0.00327721
0.00543571
0.00541891
0.00430386
0.00509647
0.00533966
0.00363981
0.00480707
0.00525322
0.00365871
0.00396486
0.0038194
0.00383012
0.00501317
0.003902
0.00496787
0.00393286
0.00394115
0.00491019
0.00477848
0.00414218
0.00474731
0.00408085
0.00472708
0.00482966
0.00411644
0.00413068
0.00459305
0.00447157
0.00457679
0.157726
0.00271117
0.00219423
0.0014092
0.00518607
0.00297794
0.00225955
0.00233124
0.00286076
0.00347821
0.00425115
0.00343524
0.00446319
0.593891
0.022488
0.0147396
0.00311576
0.000779688
0.00181673
0.00587059
0.00431483
0.00196755
0.00542608
0.00265275
0.00464751
0.00413306
0.00327861
0.0338368
0.00824537
0.000601507
0.00738946
0.00206784
0.00674453
0.000777525
0.00598826
0.0019662
0.00601508
0.00333304
0.00326956
0.00564114
0.00542957
0.00436574
0.00311252
0.00329064
0.00529194
0.00358815
0.0035265
0.00500026
0.00368101
0.00371564
0.00511594
0.00504912
0.00401689
0.00381032
0.00458683
0.00493878
0.00479856
0.00480939
0.00437238
0.00491371
0.00415692
0.0048565
0.00403002
0.0047668
0.00480895
0.00409029
0.00426969
0.00479177
0.00412103
0.0270121
0.00824547
0.00095438
0.00738946
0.00168787
0.00674452
0.000878396
0.00598775
0.00200897
0.00599464
0.00334458
0.00328166
0.00563954
0.00542873
0.00435746
0.00312604
0.00330082
0.00529043
0.00359467
0.00353347
0.00499599
0.00368605
0.00371994
0.00511389
0.00504627
0.00401939
0.003814
0.00458557
0.00493724
0.00479659
0.00480745
0.0043726
0.00491207
0.00415846
0.00485483
0.00403181
0.00476534
0.00480743
0.00409173
0.00427059
0.00479049
0.00412239
0.248179
0.00634136
0.00423055
0.0264978
0.0105169
0.00623166
0.0051691
0.00111053
0.0004653
0.000864733
0.00109579
0.00248662
0.00150905
0.00278553
0.00479897
0.00475946
0.00433591
0.0035585
0.00530243
0.00484915
0.00473611
0.00492953
0.00470999
0.00351765
0.00506157
0.00492909
0.00370067
0.00487788
0.0511252
0.133968
0.0172656
0.00201393
0.00659204
0.00575435
0.00599629
0.00497113
0.000393667
0.00194831
0.00400925
0.00173141
1.02279
0.00245009
0.00951065
0.00180389
0.00230252
0.00586928
0.00575798
0.00562816
0.00224032
0.002505
0.00268654
0.00472564
0.00345674
0.00329198
0.265988
0.00239633
0.0122373
0.00453921
0.00140991
0.00082622
0.00175545
0.00486555
0.00252142
0.00556672
0.00275347
0.00292636
0.00501145
0.00320008
0.00524829
0.00394654
0.00516708
0.00355748
0.00464071
0.00375976
0.00407301
0.00429125
0.00442839
0.00394806
0.00443212
0.00401222
0.00443538
0.00434699
0.19975
0.0229009
0.000584321
0.00684391
0.0069434
0.00140329
0.000793877
0.000159553
0.00569858
0.00166345
0.00565788
0.00182525
0.00219722
0.00261076
0.00289586
0.00480626
0.00319651
0.00290205
0.00341686
0.00342437
0.00445373
0.00406522
0.00391721
0.00479917
0.00498791
0.00380989
0.00493364
0.0118287
0.00433446
0.00160641
0.000848555
0.00193528
0.00716812
0.00268975
0.0029733
0.00284094
0.00565853
0.00594096
0.00561701
0.0031346
0.0034908
0.00557656
0.00540607
0.00418655
0.00533866
0.00512757
0.00457652
0.00490255
0.003785
0.00390076
0.00449888
0.00383958
0.00504841
0.00410943
0.00496477
0.00423354
0.00398347
0.0046505
0.00491637
0.00404311
0.00440354
0.00408025
0.00408445
0.00472001
0.00481712
0.0041074
0.00411141
0.00442228
0.00414694
0.00416132
0.0204279
0.0414102
0.00774662
0.0022859
0.00252446
0.00637306
0.0028988
0.00565764
0.00303919
0.00740566
0.00292413
0.0065628
0.003096
0.00517325
0.006548
0.00636664
0.00582242
0.00343733
0.00360002
0.00540807
0.00525488
0.00379352
0.00540735
0.00518004
0.00506944
0.00518091
0.00531761
0.00394532
0.00469997
0.00510645
0.00451984
0.00486912
0.00488722
0.00396401
0.00395641
0.00405363
0.00492929
0.00497896
0.00399938
0.00403394
0.00475007
0.00444858
0.00444902
0.00489046
0.00470705
0.00410989
0.00468447
0.00435482
0.00464482
0.00455138
0.0047163
0.00477788
0.00448104
0.00424054
0.00418278
0.00474071
0.00473016
0.00456152
0.00428658
0.00738082
0.0536588
0.00913575
0.00154163
0.00688553
0.00684956
0.00083522
0.00246661
0.00289316
0.00531012
0.00173418
0.00191398
0.00210373
0.00242541
0.00574303
0.00302743
0.00284839
0.00548689
0.0054559
0.00352587
0.00516377
0.00527301
0.00347166
0.00460438
0.00517931
0.00458762
0.00486668
0.00366903
0.00382823
0.00384656
0.00499629
0.00499439
0.00498754
0.00387077
0.00391141
0.00494066
0.00487459
0.00439238
0.00403849
0.00398798
0.00399509
0.00424037
0.00404939
0.00405305
0.00454977
0.0237321
0.032183
0.106751
0.0018703
0.0133355
0.00679521
0.00231306
0.0028559
0.00745478
0.00288405
0.00706854
0.0064404
0.00581638
0.00623659
0.00421879
0.00344655
0.00580033
0.0034714
0.00363
0.00371996
0.00356938
0.00545599
0.00430103
0.00381045
0.00375467
0.00374253
0.00384905
0.003817
0.003928
0.00511919
0.00389521
0.00509511
0.00391502
0.00393648
0.00502701
0.0050159
0.00501163
0.00398354
0.00499749
0.00419549
0.00403035
0.00419186
0.00488039
0.00468775
0.00468031
0.00471086
0.00487307
0.0041319
0.00441872
0.00441894
0.00477241
0.00477719
0.00417373
0.00417356
0.00475179
0.00432322
0.00432599
0.00472983
0.00425141
0.0574818
0.0269828
0.0270299
0.00274609
0.002663
0.00621385
0.00642612
0.00651302
0.00295481
0.00749034
0.0057286
0.00325857
0.0065068
0.00339791
0.00328711
0.00421881
0.00359193
0.00597357
0.00557033
0.00440567
0.00536416
0.00418619
0.00526543
0.00510014
0.00490685
0.00522469
0.00447634
0.00430066
0.00389349
0.00506366
0.0040192
0.00393619
0.0039695
0.00490556
0.0049305
0.00499503
0.00500571
0.00490237
0.00402702
0.00404986
0.00493168
0.0049134
0.00446666
0.00464776
0.00460418
0.00448536
0.00411488
0.00477304
0.00480697
0.00480352
0.00417742
0.00443591
0.00475838
0.00443774
0.00438756
0.00442807
0.00468171
0.00423427
0.0047177
