1.18931
0.0519922
0.0415349
0.00537521
0.00653586
0.0024289
0.00536152
0.00742722
0.00709439
0.00734385
0.00847675
0.0099033
0.0157299
0.0153734
0.0151526
0.0227084
0.00927193
0.0113372
0.017442
0.0113255
0.0169049
0.00944551
0.0164099
0.0163613
0.0167897
0.0107772
0.0113287
0.0117845
0.0138826
0.0157234
0.0128082
0.013413
0.0136407
0.0155112
0.0127033
0.0148379
0.01524
0.0129734
0.0129253
0.0128553
0.0130773
0.0150844
0.0150906
0.0132434
0.015003
0.014933
0.0133891
0.0133014
0.0134246
0.0134614
0.014718
0.0134711
0.0135576
0.01357
0.0139198
0.013997
0.0138857
0.0604228
0.0172143
0.0290377
0.0114344
0.0167763
0.0214806
0.0120581
0.0118173
0.019345
0.0119543
0.012469
0.0153311
0.0157675
0.0126047
0.0163181
0.0127872
0.015948
0.0150568
0.014035
0.0142658
0.0131739
0.0132727
0.0133087
0.0152698
0.0150547
0.0134856
0.0133213
0.0136449
0.0141016
0.0149028
0.0150751
0.0144973
0.0135654
0.0149929
0.0148916
0.0148987
0.0144779
0.0135596
0.0135631
0.0144841
0.0136078
0.0140993
0.0147574
0.0146939
0.0136623
0.0136579
0.0143336
0.0139228
0.0137664
0.014508
0.014098
0.0137516
0.0140095
0.0139864
0.0145724
0.0143149
0.013795
0.0138491
0.0138453
0.135257
0.027961
0.0174471
0.0125134
0.0170165
0.0165225
0.0156313
0.0158874
0.0117909
0.0120548
0.0159447
0.0152353
0.013901
0.014905
0.0153614
0.0148943
0.0148664
0.0152111
0.0136232
0.0150532
0.0150561
0.01495
0.0147721
0.0134973
0.0140829
0.014423
0.0148103
0.0139159
0.0139182
0.0122244
0.190341
0.000572105
0.0045234
0.0114369
0.0109541
0.0164395
0.015995
0.014195
0.0157521
0.0157056
0.0122387
0.0122973
0.0152338
0.0152574
0.0127861
0.0152448
0.0131183
0.0130258
0.0150583
0.0132409
0.0141684
0.0133584
0.0142853
0.0146785
0.0140655
0.0139914
0.0144103
0.0173029
0.0131091
0.0157842
0.00254331
0.0125166
0.0104306
0.0164768
0.0109225
0.0161098
0.0120213
0.0159968
0.0122353
0.0147713
0.0156305
0.0146939
0.01226
0.0128106
0.0152041
0.0127979
0.0131404
0.0145373
0.0129618
0.0132001
0.0148978
0.0140059
0.0148397
0.197348
0.206653
0.017532
0.0119814
0.00738151
0.00896603
0.00703113
0.00827187
0.0106764
0.0118457
0.010653
0.0111795
0.0114831
0.0157461
0.0130135
0.0132192
0.012637
0.0124991
0.0127351
0.0137761
0.0135791
0.0149109
0.0129943
0.0150281
0.0145335
0.0147727
0.013339
0.0138691
0.0134468
0.192121
0.215564
0.00440521
0.00968454
0.00750351
0.016103
0.0164559
0.0163523
0.0125636
0.0126446
0.011898
0.0112528
0.0115542
0.0155305
0.0133183
0.0152262
0.0127327
0.0147145
0.0133405
0.0151989
0.0144242
0.0130862
0.0132722
0.0134385
0.0140589
0.0132604
0.0136794
0.0135517
0.0279238
0.0476234
0.00359238
0.00285289
0.0169264
0.0151441
0.0109062
0.0162636
0.0153078
0.015879
0.0120583
0.013094
0.0149621
0.0133939
0.0128501
0.0153011
0.0127746
0.0130001
0.0139795
0.0133389
0.0131594
0.0134306
0.0149148
0.0145396
0.0140506
0.0139415
0.0147535
0.180586
0.0150291
0.000166745
0.00573943
0.0102016
0.011173
0.0136047
0.00922
0.0161544
0.0106918
0.011283
0.0113694
0.0156482
0.0121727
0.0145228
0.0127922
0.0151931
0.0135232
0.0141866
0.0131476
0.0129035
0.0133861
0.0132671
0.013573
0.0146448
0.0147689
0.0134501
0.00688861
0.0473028
0.0076781
0.0164892
0.008372
0.0164321
0.0134803
0.012087
0.0123468
0.0160002
0.0119193
0.0122991
0.0154253
0.0154374
0.0124263
0.0135906
0.0152857
0.012936
0.0136008
0.0146922
0.0137248
0.0133104
0.0135197
0.0148865
0.0133276
0.0133972
0.0140399
0.0135176
0.0147133
1.06954
0.0280343
0.000894935
0.00030095
0.00551123
0.00866908
0.0128569
0.0109718
0.0106752
0.0143209
0.0142724
0.0127865
0.152457
0.00710202
0.0185267
0.0178805
0.013872
0.00902483
0.0166566
0.0102482
0.0097611
0.0101855
0.0104286
0.015498
0.0157515
0.012392
0.0157757
0.0156426
0.0121921
0.014298
0.0154319
0.0126074
0.014271
0.015348
0.0152686
0.0131149
0.0128832
0.0148622
0.0134688
0.0139757
0.0150363
0.0146553
0.0148824
0.0148302
0.0133493
0.0133332
0.0134572
0.0147061
0.0140138
0.0142908
0.0143635
0.013993
0.0135587
0.0135812
0.0138584
0.0282474
0.0196866
0.00200232
0.00713525
0.00922465
0.0111413
0.0164686
0.0116718
0.0130282
0.0113828
0.0161352
0.0140037
0.0155808
0.012449
0.0153807
0.0128009
0.0152961
0.0130904
0.0134232
0.0141971
0.0131357
0.0148602
0.0150394
0.0134032
0.0133529
0.0135339
0.0134453
0.0148756
0.0134847
0.0147358
0.0147181
0.0144097
0.0137217
0.0141139
0.0139426
0.0136389
0.0141183
0.013669
0.0146309
0.0146345
0.0137235
0.0144953
0.329828
0.0168476
0.0177639
0.00665525
0.0106374
0.0159598
0.0165371
0.0164494
0.00939404
0.0110948
0.0161551
0.0109047
0.0116322
0.0155581
0.0137694
0.0134697
0.0153157
0.014843
0.0142933
0.0151091
0.0134235
0.0138631
0.0150293
0.0143945
0.0133903
0.0132727
0.0133156
0.0139898
0.0216301
0.0092547
0.00889146
0.0108556
0.0179472
0.0109888
0.0122505
0.0123617
0.0162332
0.0155862
0.0122104
0.0159833
0.0156394
0.0153803
0.0152596
0.0129904
0.0136835
0.0129993
0.0129845
0.0150579
0.0132762
0.0132041
0.0132336
0.0148703
0.0145703
0.0149885
0.0140714
0.0149088
0.0145782
0.0146917
0.0147316
0.0146329
0.0145232
0.0136545
0.0136485
0.0136862
0.0136925
0.0141197
0.0137261
0.0142154
0.0137531
0.273646
0.0102513
0.00846251
0.0166245
0.0164872
0.00904856
0.0116479
0.0158709
0.0118408
0.0146989
0.011725
0.0136088
0.0126599
0.0126975
0.112838
0.0183787
0.0150232
0.0146533
0.016781
0.016827
0.0162
0.011745
0.0160665
0.014101
0.0113344
0.0145503
0.0120283
0.0123455
0.0154693
0.0127612
0.0139998
0.0152393
0.014378
0.0130389
0.0141484
0.0148393
0.0150196
0.0139321
0.0132585
0.013597
0.0147395
0.0134916
0.0137206
0.00982965
0.0241057
0.0178998
0.0102234
0.0172462
0.0110111
0.0117255
0.0119061
0.0165809
0.0129901
0.0126512
0.0155094
0.0123711
0.0128721
0.0131001
0.0152707
0.0131093
0.0151866
0.0129572
0.0150142
0.0131509
0.0131549
0.0132024
0.0132341
0.0143954
0.0143236
0.0146098
0.0136294
0.0134415
0.0134658
0.0145048
0.0135796
0.0147976
0.0139859
0.0136618
0.0136561
0.0140983
0.014541
0.0136913
0.0139353
0.0141332
0.013714
0.0144972
0.335135
0.0179946
0.0169212
0.0114271
0.0164486
0.0117095
0.0105246
0.0113626
0.0133431
0.0135081
0.0153747
0.0140062
0.0128655
0.0148543
0.0132609
0.677831
0.0156354
0.00813469
0.00666999
0.0162898
0.014778
0.0096834
0.0155877
0.012364
0.0114334
0.0148222
0.0124506
0.0152473
0.01298
0.0139429
0.0548328
0.0208391
0.0181833
0.0194332
0.0171283
0.00881801
0.0177007
0.0169483
0.0118502
0.0109858
0.012404
0.0160094
0.0159612
0.0159632
0.0131258
0.0156188
0.0126082
0.0154518
0.0133029
0.0154638
0.0129797
0.0131204
0.0135003
0.0143038
0.0138874
0.0149704
0.0133884
0.0136221
0.0147477
0.0147515
0.0134902
0.0146883
0.0139458
0.0135913
0.0145953
0.0142899
0.0139498
0.0143094
0.0144503
0.0143164
1.91476
0.0208135
0.0179658
0.0194276
0.017062
0.00882453
0.0176417
0.0169041
0.0118507
0.010991
0.0124617
0.0159918
0.0159446
0.0159463
0.013145
0.0156073
0.0126218
0.015443
0.0133144
0.0154545
0.0129839
0.0131233
0.013506
0.0143042
0.0138904
0.0149667
0.013391
0.0136255
0.0147447
0.0147485
0.0134924
0.0146858
0.0139471
0.0135934
0.0145933
0.0142894
0.0139509
0.0143087
0.014449
0.0143157
0.0303293
0.0171417
0.0271794
0.00557018
0.0170779
0.00648679
0.0156472
0.0125696
0.0162112
0.00999276
0.015663
0.0154807
0.0154072
0.0149061
0.0133905
0.0117783
0.0147782
0.0154569
0.0121352
0.0125203
0.0147167
0.0131066
0.0144402
0.0131193
0.0133356
0.0147097
0.0146232
0.0131588
0.0132249
0.0210941
0.00642952
0.0149074
0.0153839
0.000244315
0.00785286
0.00773255
0.00885999
0.0104898
0.0152815
0.0115857
0.0137355
0.0121515
0.0365022
0.00781728
0.00876633
0.00892425
0.0117784
0.0136424
0.0116857
0.0140963
0.012329
0.0131264
0.0147955
0.0130187
0.307048
0.0183216
0.0176212
0.00185878
0.00916124
0.0163733
0.0102261
0.0109732
0.0144331
0.011362
0.0152428
0.0153704
0.0148783
0.0129684
0.0147387
0.0128013
0.012818
0.0138542
0.013289
0.0131682
0.014408
0.0146542
0.0148561
0.0139373
0.0139496
0.0140051
0.0147391
0.0140358
0.000231473
0.0504666
0.0021218
0.0154907
0.00487013
0.0113315
0.016425
0.00894908
0.0105545
0.0110414
0.0111593
0.0119122
0.0137543
0.0147457
0.0139857
0.0126667
0.0133038
0.0132431
0.0143544
0.0135777
0.0133111
0.0137129
0.0135468
0.0136672
0.00985153
0.0247718
0.018031
0.0100995
0.0172562
0.0110231
0.0117363
0.0119155
0.0166036
0.0129667
0.0126555
0.0155162
0.0123754
0.0128753
0.0131002
0.0152739
0.0131115
0.0151886
0.0129603
0.0150153
0.0131543
0.0131578
0.0132056
0.013237
0.0143962
0.0143245
0.01461
0.0136323
0.0134441
0.0134687
0.0145048
0.0135826
0.0147965
0.0139879
0.0136646
0.0136588
0.0140997
0.01454
0.0136939
0.0139374
0.0141343
0.0137162
0.0144961
0.0291136
0.00943247
0.0195291
0.0198419
0.0178224
0.0168821
0.0163708
0.0175267
0.0148964
0.0159021
0.0120256
0.0124031
0.0123967
0.012607
0.0157952
0.012876
0.014843
0.0127197
0.0158101
0.0134956
0.0131559
0.0145145
0.0151361
0.0138598
0.0153553
0.0131786
0.0141156
0.0150222
0.0144958
0.013409
0.0142929
0.0149845
0.0149863
0.0150248
0.0149362
0.0148566
0.0137967
0.0136169
0.0140657
0.0140724
0.0135771
0.0136089
0.0138855
0.0147546
0.0146215
0.0147325
0.0145719
0.0145733
0.0145727
0.0145165
0.0146334
0.0144587
0.0146153
0.0137454
0.0138092
0.0137848
0.0140459
0.0141163
0.013823
0.139657
0.0189998
0.0139439
0.0128763
0.0054706
0.0175741
0.00932663
0.0166693
0.0167931
0.0115921
0.0111596
0.0117056
0.014416
0.0130342
0.0120978
0.015775
0.0122723
0.0123235
0.0155388
0.0125834
0.015059
0.0129021
0.0152547
0.0145719
0.0131347
0.0147476
0.0136478
0.0131982
0.0138523
0.0149933
0.0134704
0.0146711
0.013312
0.0144817
0.0133579
0.014212
0.0134977
0.0147765
0.0134972
0.0143548
0.0147395
0.0140148
0.0135824
0.0146022
0.0145556
0.0349491
0.0404009
0.0188957
0.00977558
0.0200539
0.017877
0.0119784
0.0196854
0.0121362
0.0118543
0.0167517
0.0124622
0.016607
0.0159192
0.0128699
0.0130405
0.0155946
0.0142392
0.0128083
0.015552
0.0130017
0.0140011
0.0155203
0.0132661
0.0134265
0.0150393
0.0132445
0.0146651
0.0151831
0.013594
0.0133331
0.0149107
0.0150492
0.0150438
0.0134366
0.0148317
0.0139532
0.0140313
0.0138294
0.0135584
0.0147333
0.0147852
0.0135993
0.0136026
0.0136242
0.0136397
0.0144564
0.0146417
0.0136866
0.0138004
0.0140812
0.0137299
0.0139146
0.0137387
0.0141736
0.0137664
0.0145618
0.0138055
0.0137957
0.0406548
0.0722989
0.0411994
0.010684
0.0163589
0.0115643
0.0178418
0.0195422
0.016188
0.011805
0.0125277
0.0166817
0.0132543
0.0154729
0.0160696
0.0157961
0.0160358
0.0127642
0.015531
0.0157296
0.0129892
0.0136795
0.0139603
0.0139741
0.013163
0.0152968
0.0137989
0.014155
0.0151804
0.0143359
0.0136544
0.0150751
0.0145054
0.0144552
0.0144913
0.0147577
0.014832
0.0136872
0.0145589
0.0135569
0.0146695
0.0142227
0.0145003
0.0136378
0.0137122
0.0145356
0.0146951
0.0146727
0.0146129
0.0146679
0.013859
0.0137332
0.0140254
0.0144399
0.0142591
0.0143911
0.0138997
0.0145005
0.0138175
0.0142093
