0.0311082
0.0287121
0.0286694
0.0293059
0.0290343
0.0290771
0.0296065
0.0293429
0.0289362
0.0287617
0.0293957
0.0295759
0.0291829
0.0292379
0.0290801
0.0295736
0.0299503
0.0299576
0.0299381
0.0295513
0.0294066
0.0296345
0.0296616
0.0291886
0.029181
0.0298646
0.0294917
0.0294926
0.0292358
0.0295643
0.0297336
0.0296964
0.0297708
0.029747
0.0293019
0.0296325
0.0296717
0.0293044
0.0296927
0.0297096
0.0296559
0.0295422
0.0293475
0.0294194
0.0293599
0.0321932
0.0282061
0.0310584
0.0301201
0.0303303
0.0300824
0.0297589
0.0293329
0.0296809
0.0296727
0.029652
0.0294606
0.0294761
0.0294722
0.0295144
0.0294891
0.0295483
0.0295021
0.0295553
0.0295003
0.0295385
0.0295488
0.0295462
0.0295359
0.0295438
0.029547
0.0295394
0.0295449
0.0295073
0.0295453
0.0295135
0.0295459
0.0295451
0.0295407
0.0295387
0.0295442
0.0295199
0.029541
0.0295212
0.0295422
0.0295137
0.0295153
0.0295148
0.0295336
0.0313526
0.0263623
0.0298204
0.0296706
0.0300426
0.029129
0.0296791
0.0293689
0.0294854
0.0294475
0.0294738
0.0295316
0.0295764
0.0294851
0.0295411
0.0295579
0.0295548
0.0294893
0.0295246
0.0295306
0.0295229
0.0295525
0.0295526
0.0295475
0.0295523
0.0295481
0.02954
0.0295017
0.0295028
0.0295484
0.0295498
0.029545
0.029515
0.0295258
0.0295396
0.0295293
0.0295327
0.029539
0.029513
0.0295365
0.0295409
0.0295124
0.0313526
0.0257908
0.0298199
0.0296695
0.0303705
0.0288734
0.0299498
0.0294213
0.0295239
0.0292134
0.0296715
0.029552
0.0295436
0.0296061
0.0293551
0.0295127
0.029394
0.0296438
0.0295631
0.0295464
0.0295653
0.0294035
0.029428
0.0294757
0.0294134
0.0294551
0.029497
0.0296164
0.0296134
0.0294446
0.0294375
0.0294615
0.0295771
0.0295399
0.0294852
0.0295266
0.0295119
0.0294861
0.0295815
0.0294957
0.0294781
0.0295825
0.0138124
0.0309885
0.0300632
0.0296518
0.030028
0.0291852
0.0296092
0.0289412
0.029569
0.029662
0.0296319
0.0292452
0.0293642
0.0298231
0.0296932
0.0292155
0.0296448
0.0292624
0.0292766
0.0296751
0.0296165
0.0297105
0.0296249
0.029542
0.0293393
0.0293815
0.0296601
0.0295377
0.0294293
0.028825
0.0294498
0.0291284
0.0291455
0.028423
0.0296439
0.0285058
0.0288774
0.0292005
0.0293689
0.0292673
0.0291036
0.0298505
0.0293512
0.0290926
0.0291733
0.0291581
0.0295806
0.0298244
0.0298401
0.0291825
0.0296165
0.0292198
0.0292504
0.029764
0.0296537
0.0297921
0.029344
0.0297301
0.0297615
0.0293797
0.0297012
0.0293593
0.0295267
0.0296957
0.0295857
0.0296294
0.0296487
0.0296252
0.0294696
0.0294771
0.029378
0.0310596
0.0309717
0.0288227
0.0302008
0.029798
0.0291765
0.0295469
0.0296987
0.0295326
0.0295415
0.0294304
0.0295387
0.029573
0.0295197
0.0294603
0.0295643
0.0295043
0.0295638
0.0295369
0.0295241
0.0294955
0.0295536
0.0294962
0.0295081
0.029537
0.029503
0.0295012
0.0295506
0.0308172
0.0275813
0.0312786
0.029119
0.0297138
0.0292787
0.0296961
0.028924
0.0285026
0.0288211
0.0298927
0.0297535
0.0298183
0.0289369
0.0300744
0.0296729
0.029021
0.0295746
0.0299391
0.0292961
0.0291058
0.0296986
0.029911
0.0291364
0.0291658
0.0293116
0.0297094
0.0292482
0.0295967
0.0293103
0.0298198
0.0297584
0.029273
0.0294579
0.0295485
0.0297253
0.0293738
0.0295799
0.0294278
0.029574
0.029363
0.0296686
0.0296357
0.02937
0.0305377
0.0295234
0.0292054
0.028963
0.0291306
0.0284761
0.0291086
0.0293821
0.0288768
0.0294089
0.0297482
0.0290044
0.0298098
0.0295039
0.0322558
0.0306812
0.0299397
0.0291416
0.0293155
0.0296948
0.0290642
0.0294657
0.0294448
0.0295455
0.0295965
0.0295233
0.0295442
0.029579
0.0294477
0.0295575
0.0295202
0.0294687
0.0295014
0.0295576
0.0295597
0.0295531
0.0295232
0.0295616
0.0295174
0.0294934
0.029536
0.029536
0.0259601
0.0290626
0.0308252
0.027845
0.0290983
0.0298536
0.0303651
0.0296789
0.02951
0.0301261
0.0291499
0.0298477
0.0297724
0.030056
0.0291707
0.0295769
0.0300101
0.030021
0.0291938
0.0291789
0.029945
0.0297955
0.0292041
0.0293381
0.0298935
0.0297425
0.0294317
0.0298553
0.0292017
0.0295967
0.0298242
0.0297237
0.0297853
0.0292686
0.029273
0.0296269
0.0293613
0.0297291
0.0297209
0.0297167
0.0297078
0.029724
0.0296921
0.0296081
0.0294678
0.0298847
0.0318499
0.0272904
0.0305333
0.0297797
0.029421
0.0294961
0.028843
0.0290266
0.0296175
0.029387
0.029672
0.0293557
0.0292187
0.0297895
0.0297741
0.0292892
0.0297198
0.0292989
0.029376
0.0297111
0.0296412
0.0295109
0.0293502
0.0296001
0.0294253
0.0294002
0.029655
0.0296552
0.0295966
0.0359223
0.0288925
0.0284701
0.0288251
0.0290533
0.0296835
0.0292846
0.0295853
0.0293419
0.0295248
0.0293819
0.0294002
0.0294292
0.0294792
0.03104
0.0309552
0.0281408
0.0306694
0.0294314
0.0294018
0.029952
0.0295511
0.0298544
0.0295569
0.0290931
0.0295188
0.0298442
0.0293806
0.0291774
0.0297726
0.0293505
0.029764
0.0295777
0.0294934
0.029326
0.0296929
0.0293341
0.0294001
0.0295855
0.0293735
0.0293667
0.0296705
0.0261505
0.0264141
0.0298451
0.0292
0.0291215
0.0296089
0.0292461
0.0293391
0.0294582
0.0295749
0.0295503
0.0295633
0.0295479
0.0295435
0.0295226
0.0295618
0.0295439
0.0295494
0.029518
0.0295378
0.0294942
0.0295576
0.0295063
0.0295528
0.0295223
0.0295375
0.0295507
0.0310421
0.0306892
0.0295334
0.0280614
0.0295264
0.0297741
0.029502
0.0295263
0.0294369
0.0293135
0.0298473
0.0298161
0.0295608
0.0297904
0.0294626
0.0292346
0.0296406
0.0297531
0.0297326
0.029711
0.0294001
0.0294198
0.0294628
0.0296999
0.0296407
0.0293655
0.029511
0.0295914
0.0294631
0.0294635
0.0280534
0.0297675
0.0291806
0.0291561
0.029506
0.0293272
0.0289033
0.0293294
0.0296815
0.0293562
0.02921
0.0295643
0.0297113
0.0289148
0.0304602
0.0298575
0.0298826
0.0300145
0.0298998
0.0295482
0.0286779
0.029871
0.029526
0.0297045
0.0295503
0.0293976
0.0297298
0.029709
0.0291604
0.0294616
0.0292354
0.0297758
0.0296804
0.0293742
0.0297939
0.0293263
0.0292728
0.0297255
0.0295714
0.0293837
0.0297277
0.029314
0.0296465
0.0294104
0.0293465
0.0296798
0.0295067
0.0296839
0.0296675
0.0293766
0.0296546
0.0294091
0.0294128
0.0294309
0.0294069
0.0295885
0.0274838
0.0316618
0.0280958
0.0290703
0.0291088
0.0292988
0.0292347
0.029585
0.0296716
0.0293851
0.0296591
0.0296165
0.0296454
0.0359214
0.0291559
0.0280477
0.0284636
0.0287226
0.0298917
0.0290601
0.029634
0.029137
0.0295076
0.0292165
0.0292523
0.0293121
0.0294189
0.0114309
0.022747
0.0280286
0.0291433
0.0300415
0.0296238
0.0296505
0.0296855
0.0296775
0.0294809
0.0296413
0.0296424
0.0295137
0.0294796
0.0274691
0.027832
0.0288561
0.0298191
0.0291999
0.0305597
0.0287621
0.028661
0.0287141
0.0295696
0.0298503
0.0294075
0.0293266
0.0297206
0.0294088
0.0298992
0.0298624
0.0291717
0.0292013
0.029231
0.0298064
0.0294196
0.0295062
0.0297975
0.0295567
0.029653
0.029425
0.0297323
0.0294483
0.0296773
0.0294268
0.0295413
0.0294743
0.0293473
0.0293964
0.0293572
0.0296705
0.0296137
0.0294539
0.0295735
0.0295005
0.0294624
0.0296591
0.0294494
0.0294199
0.0331341
0.0278281
0.0299344
0.0295987
0.0295012
0.02959
0.029518
0.0295398
0.0294003
0.0295897
0.0294679
0.0294692
0.0294797
0.0295445
0.0239357
0.0307942
0.0296339
0.0292015
0.02978
0.0291301
0.0300615
0.0286578
0.0292462
0.0288667
0.0300038
0.0292258
0.0293418
0.0203879
0.0273535
0.0280025
0.0299321
0.0297715
0.0295493
0.0289739
0.0291088
0.0297712
0.029731
0.0292919
0.0292662
0.0292652
0.0294078
0.0293082
0.0322117
0.0197531
0.0293217
0.0287791
0.0292487
0.0295138
0.0298693
0.0296176
0.0293325
0.0296966
0.0290928
0.0294245
0.029807
0.0291555
0.029523
0.0292144
0.0297527
0.0297217
0.0297006
0.0293095
0.0294913
0.0296471
0.0297107
0.0293509
0.0295845
0.029667
0.0204953
0.0289896
0.0283098
0.0292529
0.0297436
0.0296451
0.0294723
0.0296807
0.0296369
0.0296339
0.0295092
0.0295465
0.0295363
0.0295117
0.0296112
0.0264545
0.03286
0.0291988
0.0287778
0.0295493
0.0292893
0.0296218
0.0296682
0.0293489
0.0294521
0.0293812
0.0293917
0.0293605
0.0307967
0.0297012
0.0300575
0.0300411
0.0284667
0.0285822
0.0303507
0.029607
0.0290803
0.0297529
0.0290451
0.0295701
0.0299618
0.0299266
0.0299164
0.0293716
0.0298653
0.0298406
0.0292905
0.0293464
0.0292347
0.02952
0.0296941
0.0297639
0.0297889
0.0294474
0.0297711
0.0292858
0.0297493
0.0293251
0.0293239
0.0297181
0.0295964
0.0295688
0.029632
0.0293626
0.0293634
0.0296732
0.0296742
0.0295175
0.0293875
0.029503
0.0295836
0.0252859
0.029849
0.0290024
0.0290638
0.0301345
0.0291398
0.0294689
0.0297197
0.0297413
0.0293539
0.0298627
0.0294885
0.0294675
0.0291837
0.0291986
0.0293731
0.0295829
0.0292816
0.0297105
0.0295985
0.029415
0.0294459
0.0296652
0.0295345
0.0293687
0.0294655
0.0294659
0.0286508
0.0255416
0.0298075
0.030278
0.0295142
0.0291643
0.0286357
0.0286232
0.0292646
0.0293418
0.029395
0.0292339
0.0296785
0.0295707
0.0296882
0.0298819
0.0296721
0.0295587
0.0293
0.0293958
0.0297057
0.0294454
0.0293148
0.0292858
0.0297344
0.0297361
0.0295879
0.0293858
