0.0292345
0.0288496
0.0290993
0.0289757
0.0290164
0.0290487
0.0290767
0.0322042
0.031266
0.0310874
0.0283589
0.0276497
0.0302011
0.0288348
0.0290924
0.0294772
0.028985
0.0288115
0.0298357
0.0287022
0.0285473
0.0289819
0.0285655
0.0296242
0.0286359
0.0287762
0.0291263
0.0288488
0.0289335
0.0291911
0.0287182
0.0289696
0.0288206
0.0287638
0.0287562
0.0288784
0.0289701
0.0291875
0.0288015
0.0292544
0.029084
0.0293356
0.02897
0.0288192
0.0291028
0.0291749
0.0291111
0.0289483
0.0291612
0.0288524
0.0288652
0.0289067
0.0291781
0.0292142
0.0291387
0.0292646
0.0288918
0.0292431
0.0291667
0.0292503
0.0291397
0.0290915
0.0292151
0.0289524
0.0291934
0.0291529
0.0285161
0.0278655
0.0292514
0.0287403
0.0292976
0.0286358
0.0285565
0.0286583
0.0288841
0.0289137
0.0289832
0.028992
0.0291115
0.0290612
0.0290439
0.0290796
0.0289811
0.0290735
0.029084
0.0290209
0.0290371
0.0290738
0.0290555
0.0290871
0.0290605
0.0290651
0.0290965
0.0290534
0.0290883
0.0290925
0.0290574
0.0290857
0.0290532
0.0290559
0.029055
0.0290739
0.0290844
0.0290571
0.0290549
0.0290896
0.0290884
0.0290815
0.0290877
0.0290785
0.0290867
0.0290877
0.0290856
0.0290722
0.029069
0.029058
0.0290593
0.0290622
0.029079
0.0290692
0.0290784
0.0290608
0.0290794
0.0290761
0.0269678
0.0300635
0.0296057
0.0291161
0.0281754
0.028662
0.0289633
0.0293633
0.0291971
0.0292944
0.0291992
0.0289184
0.0291899
0.0291134
0.0289982
0.0289989
0.0291224
0.0291042
0.0290442
0.0290456
0.0290861
0.0291006
0.0290512
0.029057
0.0290661
0.029096
0.0290573
0.0290903
0.0290694
0.0290723
0.0290581
0.0290913
0.0290524
0.0290645
0.0290563
0.0290787
0.0290691
0.0290724
0.0290873
0.0290704
0.0290562
0.0290587
0.0290868
0.029088
0.0290862
0.0290814
0.0290766
0.0265808
0.0300498
0.0296023
0.0294177
0.0282076
0.0286818
0.0289703
0.0293074
0.028988
0.0295113
0.0294088
0.0290023
0.0290638
0.0289258
0.0290925
0.0291003
0.0289662
0.0289295
0.0291942
0.0291781
0.0290185
0.028981
0.0291918
0.0290891
0.0290678
0.0289893
0.0291135
0.0290039
0.0290657
0.0290598
0.0291191
0.0290027
0.0291507
0.0290938
0.0291315
0.0290426
0.0290775
0.0290666
0.0290163
0.0290745
0.0291317
0.0291215
0.0290182
0.0290153
0.0290204
0.029036
0.0290531
0.0308378
0.0275466
0.0291556
0.0290262
0.0283722
0.0288697
0.0283731
0.0290704
0.0290985
0.0290117
0.0289794
0.0293371
0.0287556
0.0290115
0.0289865
0.0293455
0.0288018
0.0291587
0.0293174
0.0288886
0.0289499
0.0292074
0.0288754
0.029155
0.0292297
0.0290751
0.0290463
0.0289418
0.0289116
0.02912
0.0291751
0.0289864
0.0291968
0.0291516
0.0290391
0.0289493
0.0289596
0.0306084
0.0312815
0.0296486
0.0280821
0.0288596
0.0289158
0.0283224
0.0296684
0.0286972
0.028996
0.0287928
0.028602
0.0295431
0.0294136
0.0291605
0.0286511
0.0288335
0.0287033
0.0291227
0.0291518
0.0292818
0.0287686
0.029021
0.0292792
0.029078
0.0292873
0.0288204
0.0291705
0.0288292
0.0291398
0.0292472
0.028852
0.0290981
0.0288679
0.0289289
0.0289677
0.02906
0.0289541
0.0290255
0.0289252
0.0291942
0.0292263
0.0290482
0.0290226
0.0292144
0.0292153
0.029177
0.0290638
0.0273491
0.0290607
0.0285594
0.0277662
0.0285457
0.0286604
0.0288148
0.0290924
0.0290834
0.0290944
0.0289397
0.0289776
0.0291865
0.0290601
0.029058
0.0290966
0.0291223
0.0290966
0.0291247
0.0291001
0.0290928
0.0290954
0.0290362
0.0290672
0.0291127
0.0290416
0.0290364
0.0291036
0.0290756
0.0290606
0.0290396
0.0290499
0.0290479
0.0290997
0.0290848
0.0290743
0.029048
0.0290652
0.0290621
0.0290573
0.0290955
0.0290667
0.0290955
0.0290875
0.0290851
0.0290863
0.0279442
0.0271234
0.0273933
0.0291721
0.0283412
0.028667
0.0289914
0.0281566
0.0289419
0.0290438
0.0293345
0.0284308
0.0288269
0.0285161
0.0293868
0.0296518
0.0289753
0.028775
0.0292219
0.0292763
0.0291713
0.0295268
0.0291037
0.0294569
0.0288114
0.0287045
0.0287427
0.0294179
0.0289314
0.0293369
0.0287784
0.0293786
0.0288695
0.0290477
0.0287848
0.0288616
0.0288059
0.0292514
0.0288505
0.0293255
0.0288715
0.0288419
0.0291682
0.0288635
0.0289668
0.0291241
0.0290249
0.0288803
0.0291588
0.0289335
0.0288809
0.02926
0.0289384
0.0289538
0.0292422
0.0290927
0.028915
0.0289864
0.0294597
0.0288458
0.02785
0.0292462
0.0282825
0.0283251
0.028889
0.0289885
0.0282889
0.0283264
0.0284452
0.0293662
0.028476
0.0292926
0.0291765
0.0288612
0.0292037
0.0293246
0.0304827
0.0270196
0.029349
0.0303975
0.029151
0.0295139
0.0289801
0.0290818
0.0292643
0.0288054
0.0288749
0.0291374
0.0290152
0.0290591
0.0290427
0.0290989
0.0290092
0.0290428
0.0290183
0.0290817
0.0290278
0.0291111
0.0290761
0.0290313
0.0290772
0.0290316
0.029032
0.0291035
0.029055
0.0290918
0.0290427
0.0290893
0.0290398
0.0290955
0.0290458
0.0290822
0.0290547
0.0290577
0.0290842
0.0290918
0.0265581
0.0271382
0.0298358
0.0310421
0.0297283
0.0308224
0.0292493
0.0289316
0.0295672
0.0283838
0.0290046
0.0297518
0.0290167
0.0285155
0.0296516
0.0287045
0.0296192
0.0287227
0.0295854
0.0294693
0.02953
0.0295056
0.0290399
0.0294592
0.0286952
0.0294572
0.0294119
0.0294273
0.029421
0.0289709
0.0293081
0.0287707
0.0293747
0.0289407
0.0288771
0.0292174
0.0293288
0.0288335
0.0288828
0.0288378
0.0293091
0.0292534
0.029107
0.0289465
0.0292902
0.0292891
0.0292666
0.0292562
0.0291763
0.0292735
0.0292209
0.0288884
0.0291895
0.0289442
0.0292215
0.029098
0.0289457
0.0290062
0.0285571
0.028309
0.0310835
0.030785
0.0300648
0.0290082
0.029495
0.0293107
0.0288884
0.0286875
0.0288667
0.0288794
0.0290477
0.0292855
0.0287955
0.0288043
0.0293373
0.0291338
0.0289481
0.0288004
0.029042
0.029325
0.0288211
0.0292749
0.0290253
0.0288514
0.0289856
0.0292881
0.0290398
0.0292144
0.0291286
0.0289678
0.0290224
0.0290574
0.0292236
0.0289119
0.0289236
0.029161
0.0290033
0.028962
0.0290605
0.0289973
0.0289395
0.0291373
0.0289515
0.0291824
0.0290635
0.0291582
0.0290094
0.0269665
0.0247586
0.0265059
0.0297554
0.0285895
0.0286855
0.029366
0.0289643
0.0291284
0.0289049
0.0289201
0.0289955
0.0289348
0.0289366
0.0289864
0.0290321
0.0291482
0.0290144
0.0290524
0.028984
0.0304467
0.0261671
0.0264475
0.0294079
0.0299832
0.0293911
0.0292315
0.0288284
0.0289672
0.0284204
0.0296345
0.0290252
0.0292314
0.0293378
0.0292
0.0288493
0.0289656
0.0290248
0.0294195
0.0288432
0.0290887
0.0293699
0.0289157
0.0291925
0.0293139
0.0291713
0.0291437
0.0291163
0.0292868
0.0288149
0.0292163
0.0292656
0.0288642
0.0289501
0.0289535
0.0289908
0.0288981
0.0292192
0.0292529
0.0289073
0.0289949
0.029227
0.0289235
0.0289938
0.0290531
0.0289326
0.0290825
0.0289543
0.0289494
0.03088
0.0285362
0.027923
0.0295665
0.0283987
0.0285818
0.0292474
0.0292191
0.0290207
0.0290456
0.028984
0.028978
0.0291271
0.0290537
0.0290313
0.0290946
0.0291247
0.0291252
0.0291089
0.0291022
0.0290949
0.0290994
0.0291195
0.0291178
0.0291084
0.0290948
0.0291101
0.0290439
0.0290469
0.0290909
0.0290686
0.0290484
0.0290786
0.0290901
0.029057
0.0290959
0.0290756
0.0290799
0.0290935
0.0290833
0.0301211
0.0304773
0.0298577
0.0281658
0.0291951
0.0292084
0.0291922
0.0291392
0.0295529
0.0289867
0.0286557
0.0287533
0.0290549
0.0292108
0.0287657
0.0291215
0.0287834
0.0292519
0.0289813
0.0289593
0.0293159
0.0288566
0.0292876
0.0291359
0.0290581
0.0289768
0.0292949
0.0292501
0.0288894
0.0291845
0.0289548
0.0289446
0.0292071
0.0290651
0.02908
0.0292076
0.0289768
0.0291819
0.0289938
0.0290291
0.0289601
0.028991
0.0289717
0.0291744
0.0289696
0.0416331
0.0255378
0.0247243
0.0267634
0.0280946
0.0288517
0.0285951
0.0290457
0.0287046
0.0289932
0.0291644
0.029164
0.0287993
0.0288109
0.0289845
0.0289206
0.0289461
0.0278774
0.0302395
0.0260751
0.03012
0.0300249
0.0306123
0.0289179
0.0283877
0.0284161
0.0291303
0.0289821
0.0290602
0.0290811
0.0290374
0.0290436
0.0290854
0.0294018
0.0286888
0.0288076
0.0288945
0.0291288
0.029049
0.0294222
0.0291609
0.0289825
0.0293394
0.0293182
0.0293888
0.0293663
0.0292214
0.0291428
0.0293232
0.0288315
0.0288919
0.0292722
0.0292188
0.0288864
0.0291805
0.0290051
0.0292834
0.0291531
0.0289285
0.0290972
0.0289104
0.0292471
0.0292521
0.0290124
0.0290264
0.0289818
0.029064
0.0289648
0.0289362
0.0289725
0.0291877
0.0290757
0.0292104
0.0292082
0.029188
0.0290986
0.0289609
0.029102
0.0289501
0.0291951
0.0290208
0.0289942
0.0289892
0.0289748
0.0260033
0.0176674
0.0260697
0.0296387
0.0280409
0.0283708
0.0289105
0.0292383
0.0287691
0.0291668
0.0291033
0.0288271
0.0288312
0.0292627
0.0290699
0.0289257
0.0289349
0.0289752
0.0289077
0.0289216
0.0289358
0.0289379
0.0289429
0.0291187
0.0289643
0.0289595
0.0262596
0.0239677
0.0259308
0.0294982
0.0282081
0.0283282
0.0295948
0.0289352
0.0292343
0.02868
0.0287191
0.0289193
0.0287607
0.0287656
0.0288868
0.0289904
0.0292355
0.0289476
0.0290312
0.0288792
0.0361091
0.0258467
0.025695
0.0283538
0.028138
0.0285964
0.0289167
0.0293337
0.0290079
0.0292376
0.0290971
0.0291761
0.0292368
0.0290882
0.0291182
0.0290152
0.029154
0.0291763
0.0290556
0.0291636
0.0392353
0.0276326
0.03076
0.0282525
0.0279622
0.0282668
0.0283993
0.0289412
0.0288235
0.028955
0.0286442
0.0289108
0.029675
0.029068
0.0289875
0.0286669
0.0287539
0.0289547
0.0293835
0.0288719
0.029463
0.0292186
0.0287477
0.0287451
0.0294188
0.0293713
0.0293662
0.0291596
0.0288823
0.0289387
0.0288987
0.0291536
0.0293115
0.0288364
0.0289406
0.0291053
0.0289304
0.0288525
0.0290042
0.0288739
0.0292676
0.0289786
0.028899
0.0290848
0.029262
0.0289628
0.0289449
0.0291534
0.0290014
0.0290337
0.0289147
0.0292224
0.0291345
0.0290996
0.0290711
0.0289257
0.0290194
0.0292016
0.0291796
0.0289492
0.0289431
0.0291503
0.0291383
0.0290575
0.0291932
0.0291252
0.029186
0.0290064
0.032411
0.0157383
0.0277419
0.0284271
0.0283795
0.0286708
0.0288763
0.0289445
0.0289449
0.0291156
0.0291614
0.0289844
0.0291161
0.0290408
0.0290498
0.0289974
0.0290008
0.0290028
0.0290237
0.0290085
0.029106
0.0290464
0.0291245
0.0290449
0.0291097
0.029099
0.029098
0.0290246
0.0353726
0.02856
0.0289017
0.0285234
0.0287653
0.0279386
0.0285957
0.0298548
0.0283346
0.0283157
0.0293347
0.0284308
0.0293564
0.0287087
0.0291252
0.0285764
0.0289147
0.0287485
0.0268751
0.0271684
0.030576
0.0295866
0.0288387
0.0292539
0.0286169
0.0287087
0.0287222
0.0287549
0.029057
0.0287865
0.029218
0.0288597
0.028924
0.0291041
0.0290552
0.031131
0.0314148
0.0277748
0.0277017
0.0297328
0.0302757
0.0286655
0.0288448
0.0287226
0.0285979
0.0290925
0.0286994
0.0286685
0.0291199
0.0291234
0.0287703
0.0289321
0.0287653
0.0292195
0.0288316
0.0287988
0.0288007
0.0288185
0.0288999
0.0288537
0.0288497
0.0288546
0.0292332
0.0291524
0.0291383
0.0289882
0.0291699
0.0290473
0.028988
0.0289358
0.0290988
0.0290228
0.0200666
0.0266319
0.026315
0.0304501
0.0296746
0.0290317
0.0292285
0.0293614
0.029315
0.0291462
0.029266
0.0289671
0.029085
0.0290524
0.0292115
0.0289637
0.0291231
0.0292133
0.0289848
0.0291456
0.0290182
0.0291148
0.0291578
0.0291864
0.029168
0.0290104
0.0291612
0.0291418
0.0290806
0.0291335
0.0569609
0.031908
0.0310844
0.0283201
0.0289163
0.0288068
0.0288509
0.029083
0.0292253
0.0290171
0.0291344
0.0290958
0.0290805
0.0289482
0.0290926
0.028964
0.0266557
0.0286581
0.0340814
0.0289894
0.0287779
0.0296486
0.0297155
0.0284151
0.0284941
0.029121
0.0290676
0.029082
0.0287965
0.0290447
0.029585
0.029417
0.0286333
0.0293445
0.0288943
0.0286803
0.0291338
0.0291306
0.0289219
0.0287455
0.0288806
0.0294224
0.028857
0.0293374
0.0293445
0.0292038
0.0289845
0.02934
0.0292738
0.0288706
0.0289708
0.0291394
0.0288298
0.0291703
0.0290734
0.0292697
0.028929
0.0290141
0.0292696
0.0290295
0.0290592
0.0291091
0.0289603
0.0292122
0.0292312
0.0292461
0.0292438
0.0291562
0.0289139
0.0290331
0.0289725
0.0289218
0.0291506
0.0291521
0.0289461
0.02921
0.0289548
0.0289656
0.0292012
0.0289839
0.0290138
0.0289668
0.0289569
0.0360081
0.0272244
0.0283527
0.0282895
0.0283834
0.0285006
0.0285644
0.0286308
0.0313484
0.0303322
0.0274476
0.0282951
0.0297867
0.0293282
0.0289561
0.0287661
0.0292243
0.0286519
0.0290924
0.0292741
0.0292931
0.0290553
0.0287741
0.0289781
0.0291798
0.0290791
0.0289001
0.0288486
0.0288379
0.0289203
0.0288848
0.0290227
0.0291914
0.0291267
0.0292584
0.02902
0.0292115
0.0291656
0.0292053
0.0290294
0.0289705
0.0291557
0.0291764
0.0290448
0.0291698
0.0265412
0.0308326
0.0304631
0.0283041
0.0308971
0.0276169
0.0286556
0.028216
0.0290375
0.0289936
0.0296908
0.0290641
0.0290933
0.0288887
0.0294815
0.0288165
0.0294483
0.028658
0.0292627
0.0291842
0.0287158
0.0294531
0.0289609
0.0291761
0.028936
0.0290205
0.0292714
0.0290721
0.0287908
0.0288472
0.0288769
0.0290097
0.0290861
0.0289453
0.0291855
0.0292013
0.0288946
0.0290206
0.028976
0.0292522
0.0290737
0.0292392
0.0292237
0.0291899
