0.0398402
0.0280293
0.0303088
0.0317294
0.0313462
0.0315373
0.031415
0.0314712
0.0315028
0.0299196
0.0325458
0.0317215
0.0318096
0.0314228
0.0324321
0.0304863
0.0313186
0.0307305
0.0319243
0.0315165
0.0311114
0.0315889
0.0310063
0.0311508
0.0310946
0.0311442
0.0318227
0.0315462
0.0316385
0.0314246
0.0313878
0.0314242
0.0317864
0.031209
0.0312205
0.0312811
0.0312427
0.031728
0.0316239
0.0312811
0.0312653
0.0312588
0.0315891
0.031702
0.0313178
0.0312805
0.0313645
0.0316775
0.031675
0.0313091
0.0313664
0.0315101
0.0315226
0.0315886
0.0313814
0.0316348
0.0313663
0.0313756
0.0316072
0.0314497
0.0314242
0.0315288
0.0314806
0.0313734
0.0313747
0.032643
0.0305814
0.0297769
0.0308823
0.0314134
0.0317529
0.0315098
0.0315036
0.031144
0.0315173
0.0312367
0.0313421
0.0313632
0.03152
0.0315839
0.0314382
0.0315461
0.0315379
0.0314764
0.0315252
0.0315235
0.0314933
0.0314698
0.031468
0.031469
0.0315019
0.0315079
0.0314699
0.0314714
0.0314711
0.0315047
0.0315048
0.0314769
0.0314786
0.0314833
0.0315024
0.0315035
0.0314839
0.0315
0.0315032
0.0314867
0.0314927
0.0314775
0.0314998
0.0315023
0.0315004
0.0314884
0.031479
0.031498
0.0315
0.0314956
0.0314916
0.0314833
0.0314893
0.0314904
0.0314926
0.0314814
0.0314817
0.0314865
0.0314941
0.0313995
0.0300361
0.0317342
0.0313178
0.0307151
0.0320328
0.0317855
0.0315466
0.0317297
0.0315932
0.0313648
0.0313768
0.0314543
0.031563
0.0314776
0.0315403
0.0314625
0.0314784
0.0314626
0.0314968
0.0315154
0.0315122
0.0315008
0.0314626
0.0315069
0.0314769
0.0315058
0.0315025
0.0314986
0.0315033
0.031496
0.0314722
0.0315064
0.0314879
0.0314758
0.0314957
0.0314774
0.0315036
0.031475
0.0315039
0.0314795
0.0314784
0.0314816
0.0314785
0.0314974
0.031488
0.0314932
0.0315014
0.0314881
0.0314808
0.0313995
0.0300363
0.0317341
0.0315333
0.0305019
0.0319218
0.0316407
0.0317351
0.0315953
0.0314362
0.0311931
0.0314467
0.0314977
0.0314785
0.0316274
0.0314982
0.031526
0.0315184
0.0315902
0.0313668
0.0314186
0.0314749
0.0313779
0.0315805
0.0313999
0.0315398
0.0314436
0.0314604
0.0314773
0.0314516
0.0314777
0.0315511
0.03142
0.0315064
0.0315416
0.0314757
0.0315368
0.0314373
0.0315426
0.0314357
0.031529
0.0315323
0.0315225
0.0315319
0.0314638
0.0314998
0.0314799
0.0314477
0.031499
0.031524
0.00735187
0.0325995
0.0324692
0.0323552
0.0301953
0.0315708
0.0316926
0.0318397
0.0317135
0.0314848
0.0316846
0.0314884
0.0314407
0.0316971
0.0311802
0.031405
0.031559
0.031364
0.0315857
0.0313562
0.0314742
0.0315818
0.031451
0.0313729
0.031632
0.0315753
0.0313247
0.0315025
0.0315164
0.0315156
0.03135
0.0313601
0.0314978
0.0315488
0.0314437
0.0314529
0.0314655
0.0314521
0.0339489
0.030683
0.0299518
0.0299751
0.0324138
0.0315625
0.0313593
0.0313479
0.0316515
0.0312341
0.0318749
0.0316718
0.0310834
0.0312753
0.0311065
0.0311924
0.0311603
0.0313158
0.0315507
0.0312134
0.0315841
0.0312215
0.0314412
0.0317373
0.0312801
0.0315485
0.0316712
0.0316943
0.0316889
0.0316314
0.0314705
0.0316385
0.0316483
0.0315634
0.0316485
0.0316354
0.0313625
0.0315933
0.0315209
0.0313584
0.031511
0.0314762
0.0315625
0.031364
0.0315376
0.0315936
0.0314268
0.0314976
0.0315749
0.0327466
0.0314587
0.0303595
0.0305082
0.0322167
0.0307634
0.0316304
0.0311058
0.0315655
0.0313666
0.0316274
0.0313668
0.031361
0.0314874
0.0315085
0.0314485
0.0314979
0.0315126
0.0314943
0.0314294
0.0314335
0.0314946
0.0314871
0.0314616
0.0314507
0.0314882
0.0314852
0.0314919
0.0315116
0.031487
0.0315035
0.0315119
0.031467
0.031482
0.0314732
0.0314633
0.031466
0.0314681
0.0315029
0.0315057
0.0315018
0.0314696
0.0315042
0.0315012
0.0314738
0.0314857
0.031489
0.0314739
0.0305331
0.0307537
0.0294966
0.0300334
0.0325329
0.0310078
0.0313798
0.0323382
0.0322855
0.0307323
0.0315138
0.032046
0.0319001
0.0317513
0.0315768
0.0317099
0.0318788
0.0318424
0.0313594
0.0311155
0.0318125
0.0317033
0.0311691
0.0317685
0.0312308
0.031786
0.0314277
0.0317425
0.0312652
0.0317635
0.0316129
0.0312448
0.0314581
0.0317074
0.0315459
0.0314061
0.0312699
0.0314802
0.0316869
0.0313048
0.031297
0.0316688
0.0313564
0.031324
0.0314956
0.0314612
0.031334
0.0313455
0.0315824
0.031382
0.0313468
0.0314191
0.0313494
0.0313884
0.0313557
0.031575
0.0314539
0.0313706
0.0314605
0.0358562
0.0287285
0.0303923
0.0319992
0.0300954
0.0305522
0.0304154
0.0304932
0.0318738
0.0305671
0.030688
0.0307888
0.0308975
0.031522
0.0315641
0.0317194
0.0311245
0.031115
0.0314148
0.0313895
0.0298187
0.0336021
0.027297
0.0302888
0.0319549
0.0308235
0.0313322
0.0313497
0.0315444
0.0312089
0.0313711
0.0312964
0.0315152
0.0315107
0.0314985
0.0314619
0.0314976
0.0314338
0.0315109
0.03143
0.0314826
0.0314385
0.0314899
0.0315116
0.0314684
0.0314956
0.0314752
0.0315022
0.0314606
0.031503
0.0314678
0.0315036
0.0314673
0.0314941
0.0314794
0.0315094
0.0314923
0.0314949
0.0314682
0.0314691
0.0196562
0.0308664
0.0323571
0.0312271
0.0319812
0.0318231
0.031523
0.0321338
0.0307187
0.0318921
0.031929
0.0309619
0.0315658
0.0318135
0.0310474
0.0310661
0.0313298
0.0310983
0.031211
0.0316884
0.0313119
0.0311992
0.0314971
0.0317867
0.0317151
0.0312824
0.0317769
0.0314037
0.0313816
0.0313579
0.0312339
0.0312432
0.0316852
0.0315672
0.0312532
0.0314317
0.031635
0.031695
0.0313652
0.0316676
0.0313833
0.0315596
0.0313316
0.0314527
0.0313383
0.0313397
0.0314324
0.0316028
0.0313823
0.0315998
0.0315928
0.0313876
0.0314792
0.0316161
0.0315358
0.0314749
0.0330644
0.0330272
0.0312727
0.0306251
0.0311336
0.0323422
0.031857
0.0312173
0.0315682
0.0314404
0.0314773
0.03128
0.0311337
0.0315533
0.0317405
0.0316603
0.0314512
0.0314753
0.0312421
0.0314545
0.0315554
0.0313928
0.0312694
0.0315422
0.0314086
0.0315304
0.0313587
0.0315744
0.0316257
0.0315854
0.0315738
0.0313957
0.0313484
0.0314065
0.031513
0.0313534
0.0315736
0.0313698
0.0314595
0.0313846
0.0313848
0.0314811
0.0313965
0.031567
0.0313978
0.0314089
0.0314288
0.0314615
0.0327381
0.0257524
0.0296869
0.0307192
0.0311309
0.0314541
0.0315081
0.0315278
0.0312996
0.0315342
0.0313965
0.0315241
0.0313627
0.0314877
0.0314197
0.0313779
0.0313978
0.0314525
0.0315225
0.0327318
0.0314489
0.030442
0.0301967
0.0321162
0.0303885
0.031949
0.0307311
0.0315378
0.0310532
0.0314882
0.0311176
0.0310993
0.0316776
0.0313966
0.0312228
0.0315905
0.0316885
0.0314273
0.0312166
0.0312164
0.0314747
0.0314299
0.0313025
0.0312745
0.0314543
0.0314342
0.031485
0.0316299
0.0314589
0.0315746
0.0316313
0.0313429
0.0314302
0.0313773
0.0313305
0.0313429
0.0313537
0.0315707
0.0315879
0.0315637
0.0313659
0.0315785
0.0315596
0.0313885
0.0314606
0.0314817
0.0313903
0.0334102
0.033172
0.0331211
0.0321971
0.0310024
0.031444
0.0317037
0.0311766
0.0317628
0.0317032
0.0313915
0.0314357
0.0314505
0.0314416
0.0314738
0.0315065
0.0315219
0.0315157
0.0315098
0.0315146
0.0315172
0.031499
0.0314632
0.0315152
0.0314812
0.0315104
0.0314616
0.0315129
0.031509
0.0314944
0.031473
0.031509
0.0314703
0.0315072
0.0314976
0.0315067
0.0314842
0.0299876
0.0296928
0.0323969
0.0297076
0.0321873
0.031436
0.0312184
0.0314951
0.0313823
0.0308717
0.0315446
0.0315005
0.0315116
0.0314823
0.0315353
0.0313806
0.0316594
0.0314637
0.0316403
0.0317266
0.031688
0.0314494
0.0315162
0.0315519
0.031673
0.0315107
0.0313082
0.0314278
0.0313221
0.0314928
0.031477
0.0315847
0.0314132
0.0313486
0.031617
0.0314539
0.0315374
0.0313715
0.031435
0.0314679
0.0315877
0.0314904
0.0314752
0.0313854
0.0313918
0.031546
0.0315777
0.0314004
0.0314263
0.0387852
0.0295351
0.0298409
0.0299865
0.0326059
0.0306914
0.0317397
0.0306862
0.0307295
0.0310535
0.0309687
0.0310338
0.0311251
0.0311329
0.0312989
0.031334
0.0312875
0.0312471
0.0309598
0.033523
0.0286708
0.0319847
0.0316802
0.0312441
0.0316974
0.0317777
0.031748
0.0307886
0.0313427
0.0315855
0.031541
0.0316357
0.0315107
0.0311337
0.0318072
0.0318183
0.0311364
0.0316621
0.0316242
0.0316378
0.0317365
0.0314647
0.0314642
0.0316709
0.0317092
0.0316801
0.0312881
0.0313748
0.0312817
0.0316687
0.0314467
0.0316813
0.0316772
0.0313211
0.0315971
0.0316281
0.0313756
0.0313312
0.0313389
0.031643
0.0316283
0.0315786
0.0316292
0.0315553
0.0315153
0.0313863
0.0315328
0.0313632
0.0313827
0.0314522
0.0314755
0.0313891
0.0315319
0.0314422
0.0314235
0.031384
0.031501
0.0315569
0.0314779
0.0313955
0.0314192
0.0313987
0.0314927
0.0315682
0.0315215
0.0314017
0.0348863
0.031907
0.034089
0.0319969
0.0320413
0.0318962
0.0308759
0.0315412
0.0318166
0.0314882
0.0314858
0.0315952
0.0315732
0.0314165
0.0312606
0.0312935
0.0312838
0.0312568
0.0313322
0.031297
0.0313073
0.0313238
0.0313308
0.0315559
0.0315087
0.0315085
0.0315728
0.0315696
0.0314186
0.0314876
0.0241644
0.0346789
0.0284967
0.0300338
0.0317106
0.0315829
0.0317909
0.0307064
0.0317489
0.0310119
0.0315424
0.0311803
0.0312395
0.031167
0.0312172
0.0312684
0.0314291
0.0312971
0.0314559
0.0313665
0.0278957
0.030634
0.0319701
0.0312677
0.0312811
0.0316498
0.0316403
0.0315072
0.0315196
0.0316138
0.0315881
0.0315762
0.0315826
0.0315173
0.0315691
0.0307594
0.0330808
0.0311688
0.0321992
0.0320285
0.0322807
0.0317328
0.0322033
0.0321782
0.0316092
0.0309491
0.0313015
0.0317193
0.0315569
0.0315064
0.0311035
0.031482
0.0316983
0.0311453
0.0316895
0.0315306
0.0314062
0.0313142
0.0312305
0.031315
0.0317234
0.0313271
0.0315539
0.0313391
0.0313236
0.0316317
0.0316952
0.0313707
0.0313235
0.0313564
0.0316327
0.0313326
0.0315985
0.0313257
0.0314009
0.0314015
0.0314353
0.0313814
0.0313615
0.0316346
0.0315716
0.0316153
0.0314323
0.0316237
0.031419
0.0315969
0.031375
0.0314138
0.0315891
0.0315346
0.0316016
0.0313789
0.0313798
0.0313852
0.0314016
0.0313892
0.0315829
0.0315791
0.0313943
0.0315414
0.0313961
0.0313986
0.0315827
0.0105042
0.0333288
0.0304198
0.0297726
0.031646
0.0304979
0.0317242
0.0312587
0.0311844
0.0312657
0.0315552
0.0315092
0.0315107
0.0314111
0.0315099
0.0313904
0.0313866
0.0314492
0.0314093
0.0315135
0.0314337
0.0314381
0.0315086
0.0314581
0.0315233
0.031523
0.0314945
0.0314791
0.0314741
0.0315125
0.0319153
0.0264228
0.0329468
0.0316871
0.0302735
0.0318258
0.0308884
0.0307095
0.0307186
0.0306829
0.0307767
0.0314272
0.0307424
0.0309187
0.0314946
0.0308978
0.0316281
0.031069
0.0310238
0.0316737
0.0262618
0.0304555
0.0302092
0.0314845
0.0313413
0.0310444
0.0314133
0.0314444
0.0311564
0.0314778
0.0311773
0.0313032
0.031631
0.0313079
0.0314111
0.0314562
0.0312766
0.0313288
0.0314132
0.0333523
0.0313148
0.0314787
0.0319385
0.0304274
0.0314912
0.0317522
0.0306044
0.0309091
0.0315489
0.0312936
0.0317821
0.0311779
0.0317635
0.0314547
0.0313731
0.0313142
0.0314451
0.0315602
0.0314833
0.0314703
0.0315551
0.0316473
0.0315557
0.0313004
0.0313818
0.0313413
0.0316092
0.0313274
0.0313389
0.0313489
0.0314428
0.0313585
0.0313596
0.0315528
0.0314161
0.0314963
0.03149
0.00757423
0.0330433
0.0337466
0.0309021
0.032016
0.0311213
0.0311083
0.0312867
0.0313269
0.0316116
0.0315985
0.0314476
0.031537
0.0316187
0.0313952
0.0315135
0.0315994
0.0315511
0.031534
0.0314594
0.0315884
0.0314862
0.0314626
0.0315634
0.0315441
0.0315673
0.0315576
0.0315429
0.0220109
0.0312809
0.0293851
0.0300526
0.0309764
0.0315042
0.0315339
0.0315525
0.0315537
0.0314431
0.0315464
0.031294
0.0313392
0.0314555
0.0315806
0.0313416
0.0313729
0.0313765
0.0314838
0.0331358
0.0303754
0.0311164
0.0304087
0.032558
0.0317457
0.0313815
0.0313929
0.0320895
0.030765
0.0318466
0.0320426
0.0314922
0.0314574
0.0314768
0.0315317
0.0315062
0.0313
0.0314904
0.0318438
0.0314855
0.0314756
0.0314898
0.0312789
0.0312875
0.0312737
0.0312566
0.0314365
0.0312571
0.0312651
0.0312711
0.0316862
0.031331
0.0316599
0.0315399
0.0314507
0.0313227
0.0316731
0.0314005
0.0316636
0.0313206
0.0315893
0.0314799
0.0314314
0.0313453
0.0313375
0.0316176
0.0316387
0.0313739
0.0315286
0.0314227
0.0314563
0.0315921
0.0315059
0.0316103
0.0313725
0.0315486
0.0313738
0.0316002
0.0314252
0.0315806
0.0315894
0.0313931
0.0315653
0.0315888
0.0315639
0.0315776
0.0313924
0.0200167
0.0275569
0.0299842
0.0306228
0.0306363
0.0314238
0.03085
0.0310756
0.0315993
0.0334367
0.0305089
0.0310237
0.0311729
0.0316832
0.0306976
0.0307502
0.0312347
0.0315438
0.031034
0.0317979
0.0315448
0.0311664
0.0311717
0.0311746
0.0314351
0.0316512
0.0313261
0.0312937
0.031322
0.031336
0.0316271
0.0314232
0.0313341
0.031618
0.0314526
0.0313469
0.0313918
0.0315801
0.0313551
0.0313655
0.0315855
0.0313976
0.0315698
0.0313948
0.0315047
0.031504
0.0315644
0.0288318
0.0311953
0.0321944
0.0295431
0.0305492
0.0312358
0.0307567
0.0314097
0.0307683
0.0315621
0.0318045
0.0316071
0.0312508
0.0310531
0.0317245
0.0318126
0.0310763
0.0312053
0.0311588
0.0317731
0.0313715
0.0316055
0.0313045
0.0313046
0.0316189
0.03139
0.0316337
0.0316766
0.0312665
0.0313498
0.0315657
0.031308
0.0313144
0.0313829
0.0313128
0.0313188
0.0314124
0.0313249
0.0314564
0.0315435
0.0316226
0.0313689
0.0313741
0.0316068
0.0315398
0.0315549
