0.0256214
0.0169578
0.0165697
0.0178901
0.017812
0.017971
0.0180077
0.0179769
0.0179706
0.0179461
0.0206271
0.0172939
0.0177485
0.0189827
0.017554
0.017557
0.0175728
0.0177707
0.0180417
0.0181723
0.0181122
0.0179288
0.0176715
0.0185317
0.0174808
0.0182122
0.0176655
0.0184498
0.0184138
0.0184066
0.0183699
0.0183297
0.0181431
0.0183145
0.0176369
0.0183216
0.0177303
0.0176323
0.01825
0.0182357
0.0182585
0.0176837
0.0181517
0.0177085
0.0176994
0.0181362
0.0177262
0.0180455
0.0181261
0.0181314
0.0181784
0.0177496
0.017881
0.0181031
0.0180859
0.0180745
0.0177683
0.0178866
0.0179074
0.0181004
0.0181212
0.0181194
0.0178722
0.0179863
0.0180969
0.0180997
0.0180603
0.0179721
0.0180583
0.0190383
0.0192752
0.0174681
0.0168887
0.018313
0.0171273
0.0178801
0.0182464
0.0185381
0.0183756
0.0174792
0.0180365
0.0178373
0.0179486
0.0178684
0.0179775
0.0179155
0.0179254
0.0179079
0.0179162
0.0179491
0.0179207
0.0179618
0.0179735
0.0179781
0.0179734
0.0179437
0.0179776
0.017974
0.0179666
0.0179381
0.0179356
0.0179378
0.0179651
0.017947
0.0179422
0.0179454
0.0179724
0.0179389
0.0179614
0.0179555
0.017952
0.0179679
0.017963
0.0179444
0.0179642
0.0179451
0.0179487
0.0179441
0.0179417
0.0179497
0.0179407
0.0179539
0.01795
0.0179534
0.0179567
0.0179425
0.0179634
0.0194216
0.0181841
0.0197386
0.0168174
0.0187544
0.0185699
0.0184914
0.0177352
0.0183266
0.0180946
0.0180477
0.0178118
0.0180445
0.0178889
0.0178684
0.0179919
0.0179897
0.0179139
0.0179834
0.0179852
0.0179494
0.0179353
0.0179843
0.0179419
0.0179637
0.0179329
0.0179344
0.0179823
0.0179327
0.0179375
0.0179707
0.0179397
0.0179379
0.017966
0.0179753
0.0179528
0.0179452
0.0179645
0.01797
0.0179444
0.0179613
0.0179373
0.0179691
0.0179647
0.0179542
0.0179542
0.0179664
0.0179428
0.0179648
0.0194146
0.018184
0.0199978
0.0168874
0.0186285
0.0184832
0.0183482
0.0174675
0.0182951
0.0180796
0.0182502
0.0179235
0.0179071
0.0179297
0.0179745
0.0178308
0.0179148
0.0179655
0.0178183
0.0178253
0.0179329
0.0180732
0.0178529
0.0179564
0.0179061
0.0180086
0.0180001
0.01786
0.0180441
0.0179978
0.0178887
0.0179949
0.0180066
0.0179024
0.0178784
0.0179463
0.0179775
0.0179084
0.0178931
0.0179831
0.0179202
0.0180142
0.0178971
0.0179101
0.0179464
0.0179465
0.0179049
0.0179917
0.0179105
0.0194959
0.0139959
0.0178781
0.0160581
0.0178028
0.0172884
0.0167875
0.0179464
0.0178707
0.0179408
0.018377
0.0183641
0.0178448
0.0182562
0.0180614
0.0178205
0.0176777
0.0181301
0.0182137
0.0181813
0.0181045
0.0179035
0.0180848
0.0178328
0.0178358
0.0180741
0.0177788
0.0178975
0.0181123
0.018036
0.017939
0.0178461
0.0180537
0.0180314
0.0180745
0.018065
0.0180415
0.0180396
0.0188021
0.020458
0.0189952
0.0185328
0.0174351
0.0169375
0.0177491
0.0179119
0.0172268
0.017966
0.0179641
0.017906
0.018144
0.0180756
0.0181038
0.0177978
0.0180166
0.0182424
0.0180922
0.0182769
0.0176602
0.0177486
0.0181049
0.018063
0.0177224
0.0180245
0.0182099
0.0180969
0.0177062
0.0179714
0.0181301
0.0177501
0.0180989
0.0181441
0.0178825
0.0179189
0.0181249
0.0178583
0.0178262
0.0178051
0.0178816
0.0180388
0.0179068
0.0180259
0.0178998
0.0180673
0.0178269
0.0158045
0.0173285
0.0185237
0.0175877
0.017697
0.0173457
0.0181751
0.0177733
0.0184686
0.0176359
0.0180462
0.0177874
0.0179017
0.0179586
0.0179086
0.0179561
0.0178802
0.0179397
0.0179391
0.0179372
0.017939
0.0179945
0.0179507
0.0180022
0.0179418
0.0179633
0.0179553
0.0179968
0.0179938
0.01798
0.0179834
0.0179816
0.0179221
0.0179793
0.0179843
0.0179623
0.0179568
0.0179433
0.0179806
0.0179369
0.0179393
0.0179364
0.0179373
0.0179522
0.0179482
0.0179615
0.0179349
0.0179436
0.0179357
0.015999
0.0194498
0.017364
0.0165683
0.019788
0.0186909
0.0176475
0.0169532
0.0177282
0.0177091
0.0171412
0.0187244
0.0177729
0.017733
0.0179856
0.0185108
0.0177088
0.0177074
0.0184167
0.0184201
0.0183843
0.0178435
0.0175934
0.0181277
0.0182743
0.018081
0.0177632
0.0183119
0.0182071
0.0176941
0.0182673
0.0176861
0.0182442
0.0182371
0.017889
0.0181592
0.0179132
0.0182162
0.017769
0.0181917
0.0180961
0.0181641
0.017799
0.0178488
0.0181543
0.0177633
0.0177666
0.0181474
0.0180443
0.017998
0.0178372
0.017791
0.01809
0.0178242
0.018107
0.0181022
0.0178283
0.0108617
0.0181124
0.0149958
0.0168231
0.0162588
0.0174047
0.0186921
0.0169879
0.0171122
0.0171518
0.017249
0.0185024
0.0177649
0.01743
0.0175733
0.0174955
0.0183015
0.0175627
0.0175771
0.0205146
0.0203897
0.015311
0.0176965
0.0185914
0.0186115
0.0184224
0.0176039
0.0177664
0.0181737
0.0180251
0.0178668
0.0179237
0.017933
0.0178839
0.0179354
0.0180182
0.0179337
0.0180094
0.0180172
0.0179584
0.0179236
0.0179901
0.0179154
0.0179942
0.017935
0.0179233
0.0179537
0.01792
0.0179218
0.0179343
0.017969
0.0179411
0.0179251
0.0179454
0.017938
0.0179722
0.0179776
0.0179381
0.0182531
0.0198526
0.0192424
0.0206807
0.0175075
0.0181066
0.0179415
0.0179141
0.0174636
0.0172648
0.0172862
0.0181242
0.0174688
0.0179981
0.017614
0.017497
0.0179208
0.017907
0.0175471
0.0178415
0.0175496
0.0183583
0.0176769
0.0182228
0.0176438
0.0178409
0.0176537
0.0182586
0.018294
0.0182429
0.0182648
0.0180907
0.0177273
0.018117
0.0179014
0.0178375
0.0177865
0.0177112
0.018199
0.018197
0.0181146
0.0181741
0.0179431
0.0180419
0.0181633
0.0180773
0.0177779
0.0179608
0.0180401
0.0181105
0.0179381
0.0179672
0.0180417
0.0177818
0.017967
0.0180722
0.0181022
0.0180505
0.0175764
0.0148396
0.0171336
0.0195894
0.017369
0.0184508
0.0171255
0.0186369
0.017756
0.0178342
0.0179001
0.0181105
0.0178387
0.0182575
0.0178079
0.0176729
0.0179315
0.0179426
0.0181791
0.0180069
0.0180514
0.0177846
0.0181482
0.0181559
0.017964
0.0181244
0.0178515
0.0180388
0.0178756
0.0180778
0.0178497
0.0180878
0.0180866
0.0179091
0.0180886
0.0179044
0.0180877
0.0179846
0.0179623
0.0178447
0.017944
0.017837
0.0179503
0.017917
0.0178559
0.0178933
0.0178522
0.0222664
0.0156162
0.016434
0.0178753
0.0174269
0.0175347
0.0177553
0.0178517
0.0179148
0.0177805
0.0180619
0.0178273
0.0178502
0.0178472
0.0179924
0.0178558
0.0178845
0.0178932
0.01799
0.0179823
0.0196893
0.0155362
0.0187973
0.0184067
0.0171293
0.0183811
0.0181006
0.0180415
0.0178807
0.0179363
0.0184295
0.0179429
0.0182503
0.01803
0.0179316
0.0176276
0.017606
0.0177229
0.0176302
0.0176371
0.0176646
0.0179297
0.0177172
0.0177423
0.0181784
0.0178404
0.0181547
0.017734
0.0181266
0.0178289
0.0177583
0.0180716
0.0177873
0.0177936
0.0180414
0.0178766
0.0177972
0.0180569
0.0179668
0.0177832
0.0180002
0.0180796
0.0180955
0.0178094
0.017834
0.0178761
0.0178308
0.0180699
0.0180413
0.0178319
0.0179434
0.0144596
0.0164339
0.0185468
0.0175817
0.0179223
0.0176691
0.0181504
0.0179725
0.0180482
0.018039
0.017886
0.0179568
0.0179076
0.0179261
0.0179248
0.0179876
0.0179755
0.0180025
0.01794
0.0179825
0.0179887
0.0179808
0.0179785
0.0179353
0.0179652
0.0179482
0.0179598
0.0179331
0.0179807
0.0179661
0.0179346
0.017934
0.0179718
0.0179397
0.0179325
0.0179743
0.0179376
0.0179401
0.0159622
0.0193537
0.016035
0.0189162
0.0182589
0.0169271
0.0171716
0.0180385
0.0181236
0.0179739
0.0179215
0.017552
0.0178935
0.0179715
0.0176778
0.0180071
0.0179185
0.0179655
0.0176986
0.0176857
0.0177848
0.0178244
0.0177207
0.0180944
0.0179937
0.0177613
0.0179922
0.0179423
0.0180645
0.018027
0.0178128
0.0179122
0.0178984
0.0178279
0.0178514
0.0180481
0.0180137
0.0178157
0.0178851
0.0179198
0.0178276
0.0180772
0.0179311
0.0180669
0.0178664
0.0180624
0.018068
0.0179097
0.0178499
0.0179545
0.0389015
0.00486172
0.0140288
0.0173801
0.0176528
0.0173834
0.017963
0.0174799
0.0182541
0.0177204
0.0181467
0.0177259
0.0177081
0.017674
0.0178247
0.0180829
0.0177898
0.0138169
0.0170215
0.0173031
0.0178554
0.0164904
0.0175149
0.0174807
0.0181837
0.018092
0.0177731
0.0178584
0.0177803
0.0185504
0.0178813
0.0183746
0.0183942
0.0183697
0.0183507
0.0178839
0.0176264
0.017705
0.0181896
0.0177183
0.0176962
0.0177794
0.0179958
0.0176777
0.0182085
0.0177515
0.0180925
0.0181951
0.018181
0.0177722
0.0181421
0.0177946
0.0180019
0.0181712
0.0178979
0.0180069
0.0179527
0.0181516
0.017803
0.0179184
0.0181385
0.018005
0.0178423
0.0178864
0.0178059
0.017911
0.018115
0.0181104
0.0180633
0.0180478
0.0180106
0.0179792
0.0178373
0.017882
0.0178296
0.0178581
0.0179983
0.0180471
0.0179076
0.0180442
0.0180309
0.0178415
0.0180304
0.0179161
0.0179386
0.0179388
0.00241458
0.0156517
0.0180895
0.0183503
0.0167937
0.0183983
0.0174545
0.0181578
0.0178648
0.0182568
0.0181957
0.0178971
0.0179199
0.0177596
0.0177631
0.0178957
0.0178873
0.0179682
0.0178005
0.0179146
0.0178362
0.0178159
0.0179003
0.0178246
0.0180559
0.0178575
0.0179932
0.0178819
0.0180463
0.0222463
0.0155279
0.0166256
0.0180955
0.017395
0.0171823
0.0174788
0.017796
0.0179547
0.0175608
0.0181862
0.0176681
0.0177272
0.0177186
0.0180441
0.0177404
0.017804
0.0178237
0.0180339
0.0180175
0.0218058
0.0108886
0.0173783
0.0184167
0.016949
0.0185159
0.0181941
0.0179668
0.0181979
0.0178079
0.0180011
0.0178885
0.0178822
0.017918
0.0179413
0.0179338
0.0180624
0.0180341
0.0180376
0.0173319
0.0208535
0.0195148
0.0204164
0.0179719
0.0170749
0.0179832
0.0188408
0.0178225
0.0183103
0.0180124
0.01788
0.0179115
0.0179548
0.0179666
0.0184014
0.0178083
0.0178566
0.0176814
0.0178375
0.018196
0.0182346
0.0182676
0.0182584
0.0180495
0.0177314
0.0177012
0.0179907
0.0179521
0.0182056
0.0179164
0.0178135
0.0180972
0.0177776
0.0180573
0.017789
0.0179199
0.0179704
0.0177732
0.0180593
0.0177858
0.0181477
0.0177662
0.0180208
0.0180671
0.0180789
0.0181138
0.0180293
0.018118
0.0178474
0.018084
0.0181033
0.0178899
0.0181015
0.0180623
0.0180389
0.018062
0.0179344
0.0179937
0.0180785
0.0178721
0.0179277
0.0180735
0.0180709
0.017859
0.0178557
0.0178744
0.00309722
0.0147388
0.0178189
0.0164611
0.0168019
0.0177777
0.0177766
0.017698
0.0178926
0.0178762
0.017848
0.0179916
0.0179427
0.0179335
0.0178986
0.0180349
0.0179822
0.017883
0.018001
0.0179868
0.0179067
0.0179218
0.0178984
0.0179464
0.0179076
0.0179409
0.0179039
0.017913
0.0179217
0.0179329
0.0238885
0.0141428
0.0189497
0.0166078
0.0160206
0.0167808
0.0168048
0.0169642
0.0170878
0.0169401
0.0172541
0.0178619
0.0172799
0.0174718
0.0184326
0.0175668
0.0179951
0.0177653
0.01795
0.0175781
0.0294467
0.0214068
0.0194538
0.0173594
0.01715
0.0177644
0.0174747
0.0181102
0.017692
0.0179354
0.0177515
0.0178004
0.0180675
0.0176902
0.0178
0.017746
0.0180866
0.0178012
0.0180905
0.0177977
0.020608
0.0200181
0.0153592
0.0174597
0.0185421
0.0182172
0.0180497
0.0182821
0.0180133
0.0178949
0.0184063
0.0175259
0.0183373
0.0183049
0.0181119
0.0176939
0.0182487
0.0176759
0.0178549
0.0179964
0.0177075
0.0181498
0.0177242
0.0181663
0.0180515
0.0179917
0.0181209
0.0180263
0.0178639
0.0179361
0.0178457
0.0177917
0.0177889
0.0178368
0.0178512
0.0180286
0.0180435
0.0178198
0.0180672
0.0178257
0.0141171
0.0138964
0.0169963
0.0191051
0.0167313
0.0164777
0.0180903
0.0178465
0.0181218
0.0181357
0.0181182
0.0181255
0.0180931
0.0180749
0.017994
0.0178432
0.0178771
0.0180738
0.0179714
0.0178669
0.0180547
0.0178965
0.0179019
0.0180051
0.0179755
0.0179992
0.0179991
0.0179115
0.0236873
0.017604
0.0172604
0.0169622
0.0170219
0.0173283
0.0176603
0.0179924
0.018013
0.017732
0.018079
0.0178144
0.0178383
0.0177912
0.0180652
0.017958
0.0180368
0.0180119
0.0179815
0.0178469
0.0167978
0.0188165
0.0170622
0.0211651
0.0206348
0.0177067
0.0177006
0.018092
0.018767
0.0183658
0.0175118
0.0178566
0.0180373
0.0183939
0.0176546
0.0183923
0.0183453
0.0180169
0.0178433
0.0180953
0.0182937
0.018286
0.0177138
0.0182756
0.0182457
0.0181968
0.0177079
0.0181061
0.0182264
0.0180062
0.0181092
0.0178261
0.018084
0.0180405
0.0180718
0.0177237
0.018001
0.0177406
0.0181482
0.0180149
0.0178448
0.0180108
0.01776
0.0181259
0.0177729
0.0177757
0.0179976
0.0178354
0.018027
0.0178792
0.0178168
0.0179629
0.0178142
0.0181049
0.0180896
0.0178693
0.018071
0.018088
0.017844
0.0180743
0.0179196
0.0179697
0.017856
0.0180647
0.0178799
0.0178472
0.00267849
0.0134775
0.0173711
0.0170737
0.0172498
0.0172864
0.0173569
0.0175424
0.0175449
0.0175752
0.0109487
0.0198036
0.0156085
0.0169227
0.0165973
0.0182656
0.0176044
0.0179495
0.0179285
0.0179418
0.0179218
0.0182065
0.0176623
0.018012
0.0182594
0.0176682
0.0180938
0.0180135
0.0180268
0.0177383
0.0180076
0.0178243
0.01793
0.0177695
0.0177732
0.0181313
0.0180387
0.0178082
0.0180467
0.0178729
0.0178444
0.0180226
0.0178195
0.0178332
0.0178768
0.0179665
0.0180301
0.0179721
0.0221666
0.0185884
0.0140098
0.0200584
0.0179565
0.0171165
0.016939
0.0176921
0.017347
0.0180058
0.0182989
0.0183933
0.0183242
0.0178348
0.0176947
0.0179272
0.0181706
0.017837
0.0183263
0.0179512
0.0181203
0.0180045
0.0176484
0.0182293
0.0182328
0.018183
0.0176958
0.0178366
0.0177304
0.0178859
0.0179808
0.0180934
0.0180041
0.0179064
0.0181478
0.018085
0.0178377
0.0177662
0.0179127
0.0181043
0.0179282
0.0179462
0.0180466
0.0179052
0.017824
0.0180794
0.0178572
0.017806
