0.0363264
0.0296385
0.0301999
0.030303
0.0301984
0.0301609
0.0301844
0.0301711
0.0334041
0.0297797
0.0342635
0.031554
0.029548
0.0292202
0.0295214
0.0300485
0.0301397
0.0296086
0.0302983
0.0301903
0.0306753
0.0301749
0.0299205
0.0302072
0.0305737
0.0297932
0.0298173
0.0305178
0.0302111
0.0301989
0.0304352
0.0299393
0.0298637
0.0303169
0.0303038
0.0303591
0.0302894
0.0301318
0.0304223
0.029915
0.0303617
0.0300224
0.0303305
0.0299565
0.0303348
0.0299595
0.0303738
0.0300108
0.0303537
0.0300231
0.0302268
0.0302554
0.0299941
0.0302535
0.0301267
0.0301833
0.0300121
0.0302591
0.0300737
0.0303025
0.0301961
0.0302201
0.0301192
0.0302897
0.0301406
0.0302781
0.0318674
0.0287523
0.0300523
0.0313692
0.0307086
0.0295462
0.0299395
0.0299745
0.0302013
0.0303157
0.0303296
0.0300107
0.0302036
0.0301055
0.0302363
0.0300863
0.030099
0.0301042
0.0301929
0.0301912
0.0301279
0.0301459
0.0301414
0.0301795
0.0301498
0.030148
0.030182
0.0301811
0.0301671
0.0301688
0.03016
0.0301789
0.0301493
0.0301529
0.0301495
0.030153
0.0301668
0.0301719
0.0301741
0.0301589
0.0301495
0.0301704
0.0301724
0.0301489
0.0301604
0.0301556
0.0301641
0.0301628
0.0301559
0.0301704
0.0301642
0.0301653
0.0301676
0.0301684
0.0301578
0.0301696
0.0301704
0.0283697
0.0300902
0.0311148
0.0308195
0.0306317
0.0305481
0.0303361
0.0301568
0.0301908
0.0302546
0.030207
0.030169
0.0301541
0.0301674
0.0301944
0.0301292
0.0301259
0.0301302
0.0301894
0.0301804
0.0301462
0.0301897
0.0301862
0.0301891
0.0301526
0.0301843
0.0301434
0.0301845
0.0301515
0.0301561
0.0301813
0.0301691
0.0301635
0.0301486
0.0301464
0.0301593
0.0301785
0.0301761
0.0301467
0.0301541
0.0301577
0.0301659
0.0301727
0.0301552
0.0301536
0.0301669
0.0301628
0.0283697
0.0300902
0.0310009
0.0308032
0.0305286
0.0304878
0.030197
0.0299727
0.0301731
0.0301906
0.030056
0.0303252
0.0299902
0.0300084
0.0301129
0.0302362
0.0302092
0.0302207
0.030055
0.0301044
0.030267
0.0300653
0.0300852
0.0300708
0.0301669
0.0300853
0.0302416
0.0300848
0.0301781
0.0301681
0.0300943
0.0301273
0.0301454
0.0302081
0.0302206
0.0301625
0.0301024
0.0301084
0.0302183
0.0301854
0.0301716
0.0301415
0.0301196
0.0301827
0.0301894
0.030139
0.0301539
0.031829
0.0320093
0.0288374
0.0288234
0.0307298
0.0310673
0.0297705
0.0299325
0.0298939
0.0298047
0.0301535
0.0298813
0.029864
0.030179
0.030182
0.0299367
0.0300503
0.0299378
0.0302561
0.0299815
0.0299621
0.0299642
0.029974
0.0300308
0.03
0.0299982
0.0300039
0.0302728
0.0302125
0.0302025
0.0300952
0.0302265
0.0301375
0.0300963
0.0300613
0.0301756
0.0301213
0.0320382
0.0311848
0.0300772
0.0297108
0.0305725
0.0297706
0.0311349
0.0308051
0.0301269
0.0296413
0.029704
0.0299912
0.0304984
0.0302849
0.0305579
0.0298786
0.0300962
0.0298569
0.0304803
0.0298477
0.0300176
0.0303287
0.0299119
0.0300927
0.0303783
0.0301515
0.0299369
0.0299613
0.0303138
0.0303688
0.0303103
0.0303343
0.0302435
0.030204
0.0299902
0.0303136
0.0301399
0.0300008
0.0300599
0.0301697
0.0302984
0.0300969
0.0301691
0.0301862
0.0300618
0.0302388
0.030275
0.0302696
0.0300635
0.0312114
0.0284817
0.0307677
0.0290334
0.0302036
0.0293892
0.02977
0.0303813
0.0299769
0.0303036
0.0301376
0.030039
0.0300876
0.0301086
0.0300882
0.0301695
0.030138
0.0301618
0.0300967
0.0301456
0.0301445
0.0302023
0.030135
0.0301712
0.0302026
0.0301673
0.0301843
0.0301774
0.0301584
0.0301727
0.0301646
0.0301815
0.030138
0.0301697
0.0301387
0.0301435
0.0301384
0.0301834
0.0301725
0.0301411
0.0301586
0.0301461
0.0301571
0.0301783
0.0301617
0.0301488
0.0301444
0.0301703
0.032055
0.0322229
0.0305796
0.0310201
0.0304247
0.030568
0.0312017
0.0302222
0.0307316
0.0302308
0.030733
0.0296382
0.0301534
0.0297332
0.0296646
0.0306924
0.0298032
0.0304272
0.0302035
0.0304686
0.0302186
0.0300541
0.030043
0.0304768
0.0300981
0.029854
0.0304294
0.0303882
0.0299121
0.0301758
0.030422
0.0299401
0.0299515
0.0302237
0.0301647
0.0300496
0.0300375
0.0303461
0.0303676
0.0301645
0.0303283
0.0299819
0.0300023
0.0302093
0.0303425
0.0302735
0.0302402
0.0300912
0.0301207
0.030041
0.030245
0.0301249
0.0300801
0.0301791
0.0300581
0.030222
0.0302874
0.0239451
0.0252418
0.0285302
0.0297169
0.0309975
0.0309628
0.0297841
0.0304992
0.0296601
0.0305501
0.0301763
0.0296283
0.0301791
0.0297085
0.0297123
0.0297771
0.0299273
0.0300857
0.0298495
0.0284757
0.0310269
0.0291402
0.0293693
0.0296282
0.0303092
0.0303773
0.0299101
0.0299556
0.0300852
0.0301776
0.0301729
0.030081
0.0301145
0.0301411
0.0302201
0.0301249
0.0301249
0.0301515
0.0301241
0.0301787
0.0301275
0.0301866
0.0301455
0.0301363
0.0301881
0.0301709
0.0301442
0.0301512
0.0301431
0.0301574
0.030172
0.0301686
0.0297015
0.0307611
0.0307608
0.0308469
0.0292219
0.0298108
0.031054
0.0295295
0.0301599
0.0301544
0.0297024
0.0300544
0.0299642
0.0297975
0.0305776
0.0298517
0.0299491
0.0297867
0.0302079
0.0298056
0.0304961
0.0300679
0.0303191
0.0304834
0.0300407
0.0301807
0.0299151
0.0298928
0.0300641
0.0302145
0.0302437
0.0301678
0.0303372
0.0303861
0.0303813
0.0299402
0.0303705
0.0301224
0.03026
0.030362
0.0300484
0.0302463
0.0303326
0.0300454
0.0303409
0.0303216
0.0301451
0.030088
0.0301662
0.0300098
0.0302565
0.0301417
0.0300809
0.030029
0.0300531
0.0301816
0.0302914
0.0293746
0.0319493
0.0278975
0.029451
0.0304697
0.031136
0.0299533
0.0302047
0.0301166
0.0301505
0.0301114
0.0302895
0.0302507
0.0302641
0.0303427
0.0303568
0.0300537
0.0304291
0.0302756
0.0299464
0.0301322
0.0303144
0.0302477
0.0300808
0.0302693
0.0302684
0.030048
0.030131
0.0303155
0.0300363
0.0300733
0.0300962
0.0302951
0.0300703
0.0300268
0.030218
0.0300413
0.0300428
0.0300449
0.0301004
0.0300551
0.0302553
0.0300656
0.0300983
0.030241
0.0300719
0.030252
0.0301158
0.0302279
0.0200141
0.03324
0.0284015
0.0296721
0.0302932
0.0298871
0.0298999
0.0300041
0.0300294
0.030016
0.0301302
0.0300371
0.0301447
0.030076
0.0300664
0.0300763
0.0300747
0.0301207
0.0300861
0.0311927
0.0278921
0.0307512
0.0293685
0.0306211
0.0290489
0.0298079
0.0301622
0.0301756
0.0301762
0.0303958
0.029737
0.0302044
0.0301956
0.0298251
0.0300509
0.0301936
0.030341
0.0298517
0.0300156
0.0300328
0.0303907
0.0299681
0.0302688
0.0303829
0.0302339
0.030323
0.0302813
0.0301593
0.0302474
0.0301959
0.0302927
0.030009
0.0302244
0.0300137
0.0300466
0.0300177
0.0302955
0.0302361
0.0300335
0.0301482
0.0300649
0.0301373
0.0302669
0.0301669
0.0300832
0.0300554
0.0302201
0.0281986
0.02917
0.0291712
0.0291772
0.029341
0.0300584
0.0300608
0.0303512
0.0300171
0.0302327
0.0302286
0.0302133
0.0301977
0.0301332
0.030143
0.0301796
0.0302061
0.0302005
0.0301904
0.0301425
0.030198
0.0301974
0.0301825
0.0301367
0.030191
0.030154
0.0301392
0.0301532
0.0301527
0.0301783
0.0301845
0.030162
0.0301802
0.0301809
0.030166
0.0301622
0.0301541
0.030175
0.027714
0.0308289
0.0311848
0.0307239
0.0296544
0.0304799
0.0301156
0.0301896
0.030071
0.0302118
0.030124
0.0305317
0.0301313
0.0298263
0.0303856
0.0301812
0.0301927
0.0298877
0.0300169
0.0303133
0.0300381
0.0302384
0.030332
0.0301616
0.0299772
0.0299779
0.0300057
0.0300173
0.0300633
0.0300579
0.0303117
0.0300906
0.0303008
0.0300219
0.0301512
0.0302971
0.0301325
0.0300393
0.0301703
0.030276
0.0302706
0.0302689
0.0300864
0.0302556
0.0302504
0.0302343
0.0300768
0.0301771
0.0284391
0.0289255
0.0276741
0.0300835
0.0289073
0.0297271
0.029815
0.0298065
0.0297772
0.0297728
0.0297898
0.0300369
0.0302965
0.0298946
0.0299299
0.0299437
0.0299713
0.0300906
0.0311838
0.0306869
0.0299337
0.0302884
0.0301579
0.0304216
0.0293952
0.0298061
0.0298529
0.0301301
0.030021
0.0302008
0.0300938
0.0301081
0.0306055
0.0303316
0.0305067
0.0301546
0.030183
0.0301114
0.0303912
0.0304046
0.0304543
0.0301474
0.0300785
0.0301095
0.0304098
0.0302639
0.0303166
0.0303516
0.0303454
0.0303514
0.0300025
0.0299756
0.0301049
0.0303501
0.0300879
0.0301412
0.0303183
0.0301809
0.0300204
0.0300216
0.0302913
0.0301506
0.0300966
0.0300285
0.0301458
0.0303069
0.0301274
0.0302926
0.0301624
0.0302672
0.0300482
0.0302779
0.0302709
0.0300494
0.0300751
0.0302322
0.0300689
0.0301077
0.0301774
0.030108
0.0300733
0.0302579
0.0302541
0.0301433
0.0302349
0.032882
0.03267
0.0308793
0.0280903
0.0295713
0.0303087
0.0303728
0.0298896
0.0300244
0.0300285
0.0300493
0.0299169
0.0303394
0.0299692
0.0301973
0.029991
0.0300081
0.0300442
0.0300333
0.0301749
0.0300334
0.0300751
0.0301558
0.0302387
0.0300597
0.0302393
0.0300649
0.0191346
0.0331325
0.0283714
0.0293094
0.0300168
0.0296008
0.0296663
0.0298164
0.0298157
0.029829
0.0301273
0.029875
0.0301424
0.029978
0.0299512
0.0299748
0.0299714
0.0300741
0.0299972
0.0281502
0.0240392
0.0297173
0.030571
0.0297296
0.0300859
0.03031
0.0301548
0.0303728
0.0303482
0.0302346
0.0300934
0.0302284
0.0301239
0.0302004
0.0301793
0.0301695
0.0301117
0.0302168
0.0323516
0.030506
0.0293455
0.0294609
0.0294589
0.0305812
0.0292675
0.0293463
0.030357
0.0309263
0.0301569
0.0300378
0.0301521
0.0302563
0.0297606
0.0298907
0.0300303
0.0301147
0.0301137
0.030383
0.0305197
0.0302041
0.0299771
0.0299491
0.0299608
0.0303415
0.0299997
0.0303057
0.0303887
0.0300834
0.0300796
0.0302532
0.0301242
0.0301998
0.0303538
0.0303463
0.0301197
0.0303482
0.0302674
0.0302508
0.0302488
0.0302874
0.0300177
0.030006
0.0302749
0.0301806
0.0300129
0.0303108
0.030302
0.0301888
0.0300366
0.0302931
0.030069
0.0300399
0.0302355
0.0301277
0.0300564
0.0302724
0.030138
0.0302201
0.0301547
0.0301851
0.0301074
0.0300749
0.0302316
0.0302489
0.0301625
0.0301689
0.0323197
0.0312498
0.0278571
0.0289142
0.0303407
0.0304602
0.0301641
0.0300384
0.0300024
0.0300241
0.0301388
0.0300808
0.0301136
0.0301777
0.0301252
0.0302272
0.0301115
0.0301442
0.0301028
0.0301282
0.0301416
0.0301768
0.0301838
0.0301977
0.0301871
0.0301207
0.0301959
0.03015
0.0216347
0.0304961
0.0286121
0.0283172
0.0293144
0.0291581
0.0291359
0.0291709
0.029275
0.0297876
0.0299435
0.0306062
0.0303721
0.0304768
0.0298595
0.0297179
0.0299825
0.029819
0.0337678
0.0306369
0.0306315
0.0304707
0.0301051
0.0305489
0.0300834
0.029971
0.0300567
0.0299248
0.0300545
0.0301499
0.0302912
0.0302507
0.0301382
0.0300046
0.030017
0.0300878
0.0305817
0.0284339
0.0289577
0.0296125
0.0311414
0.0307508
0.0299996
0.0301304
0.0305292
0.0303022
0.0304599
0.0302692
0.0300198
0.0300445
0.0302698
0.0299637
0.0300112
0.0304001
0.030048
0.030028
0.0303121
0.0302408
0.029969
0.0300837
0.0303233
0.0300764
0.03002
0.0302973
0.0302673
0.0302842
0.0302693
0.0302754
0.0300808
0.0301577
0.0302522
0.0300541
0.0326205
0.0252868
0.0319221
0.029232
0.0302013
0.0296358
0.0298494
0.0303893
0.0303701
0.0303467
0.0300299
0.0301704
0.030229
0.0301102
0.030163
0.0302497
0.0302736
0.0302709
0.0302668
0.030155
0.0301569
0.0302409
0.0301311
0.0302063
0.0301193
0.0301434
0.0200151
0.0212868
0.0286014
0.0290706
0.0302252
0.029968
0.0302068
0.0300599
0.0300166
0.0299698
0.0301429
0.0300799
0.0300246
0.0302655
0.0300387
0.0302622
0.0302198
0.0300594
0.030168
0.0304044
0.0292995
0.0303936
0.0288722
0.0303333
0.0302753
0.0301641
0.0303372
0.0294848
0.0303325
0.0302393
0.0301821
0.0299931
0.0300736
0.0301307
0.030111
0.0305755
0.0298994
0.0302618
0.0303461
0.0300637
0.0300629
0.0304174
0.0301472
0.0303387
0.0299127
0.0299381
0.0303951
0.0302585
0.030191
0.0299766
0.0301043
0.0303694
0.0302958
0.0302809
0.0299707
0.0303466
0.0303326
0.0300409
0.0300419
0.0302529
0.0300441
0.0300212
0.0300544
0.0301246
0.0301307
0.0300701
0.0301548
0.0301348
0.0301153
0.030046
0.0300826
0.0302924
0.0301421
0.0300773
0.0302627
0.030165
0.0300998
0.0302781
0.0302756
0.0300548
0.0301946
0.0302433
0.0302605
0.0300713
0.0300687
0.0302569
0.0111975
0.0254947
0.0301734
0.0294367
0.030492
0.0296488
0.0298241
0.029795
0.0297723
0.0268445
0.0284061
0.0287919
0.0290998
0.0305985
0.0289071
0.0301981
0.0296263
0.0301607
0.0297989
0.0304931
0.0302721
0.0298971
0.0299734
0.030241
0.0301404
0.0299199
0.0299309
0.0303827
0.0299851
0.0302781
0.03003
0.0300644
0.0300776
0.0301892
0.0300109
0.0302128
0.0302026
0.0300318
0.0301619
0.0300322
0.0300375
0.0302371
0.0300477
0.0300508
0.0300711
0.0302312
0.0301305
0.0300667
0.031421
0.029075
0.0297434
0.0287207
0.029481
0.0306078
0.0296438
0.0295247
0.0301406
0.0300968
0.0305739
0.0296773
0.030223
0.0305703
0.0305262
0.0302957
0.0297855
0.0303684
0.0299904
0.0301157
0.0298645
0.0302534
0.0299722
0.0299052
0.0304276
0.0300188
0.0303964
0.0299914
0.0299426
0.0300165
0.0300559
0.0299747
0.0303615
0.0303171
0.0302715
0.0303451
0.0299855
0.0303179
0.0302309
0.0302688
0.0302211
0.0301117
0.0300109
0.0302578
0.0302075
0.030048
0.0300926
0.0301516
