0.0424393
0.0185622
0.0168673
0.0197543
0.00434391
0.00372515
0.00486673
0.00549736
0.099706
2.24799
0.0062306
0.00151628
0.01472
0.00344414
0.00435334
0.00396863
0.00475496
0.0048547
0.00336094
0.003579
0.00424503
0.00404942
0.00202366
0.0032887
0.00353928
0.00185987
0.00216635
0.00258101
0.00201211
0.00293048
0.00244039
0.00231083
0.0019446
0.0028133
0.00225827
0.00258946
0.00266416
0.00214106
0.00200115
0.00241988
0.00242342
0.00228831
0.00254688
0.00250589
0.0021471
0.00250657
0.00242092
0.00248102
0.00147222
0.0219776
0.0166915
0.00172743
0.000433145
0.00315483
0.00291128
0.000928706
0.00294492
0.00267583
0.00136143
0.00133954
0.00257308
0.00180794
0.00170484
0.00263748
0.00171293
0.00172457
0.00173926
0.00221228
0.00252719
0.0024608
0.00188586
0.0022543
0.00244704
0.00247002
0.0022975
0.00188642
0.00242162
0.00192494
0.00190567
0.00210995
0.00201362
0.00194905
0.00193226
0.00193127
0.00223104
0.00225941
0.00229859
0.0019787
0.002066
0.00202343
0.00232408
0.00223216
0.00221531
0.00225342
0.00209348
0.00201103
0.00202744
0.00229645
0.0023
0.00229567
0.0022865
0.00229038
0.00224038
0.00211558
0.00205127
0.00211556
0.00213858
0.106404
0.106403
0.0356781
0.00599794
0.0185421
0.00693901
0.0106086
0.00159598
0.0016106
0.00302349
0.00351678
0.00244599
0.00294323
0.00458055
0.00392292
0.00303101
0.00398998
0.00214848
0.00275381
0.00316486
0.00318343
0.00281919
0.00317932
0.00296459
0.00284917
0.00211087
0.00301782
0.00268617
0.00254734
0.0027119
0.00268404
0.00271756
0.00271502
0.00268323
0.00233544
0.00240804
0.00261757
0.00227444
0.108005
0.118078
0.00149823
0.0247904
0.00501757
0.00387905
0.00484
0.00323129
0.00650324
0.00544233
0.00442983
0.00483765
0.00193126
0.00396278
0.0038481
0.00348756
0.00264469
0.00279957
0.00278303
0.00187973
0.00310719
0.00290192
0.00273681
0.00303442
0.00257923
0.0024365
0.00279679
0.00268646
0.00209962
0.00210274
0.00257232
0.00208634
0.00252709
0.00260832
0.00257833
0.00224257
0.00257383
0.00199824
0.339009
0.102267
0.0431986
0.0208512
0.0341864
0.00147085
0.00350411
0.00497463
0.00690952
0.00440476
0.00730451
0.00302316
0.00319535
0.00313882
0.00184402
0.0038603
0.00273625
0.00334019
0.00348779
0.00257454
0.00341827
0.00261517
0.00270063
0.00295902
0.00276925
0.00254722
0.00247939
0.0027088
0.00286533
0.00203291
0.188516
0.000878211
0.0120834
0.0117351
0.0110984
0.0124721
0.00160658
0.00385149
0.00295021
0.00279419
0.00431514
0.00352821
0.00428253
0.00274373
0.00232813
0.00284637
0.00332898
0.00209055
0.00263926
0.00279926
0.00282183
0.00282908
0.00286532
0.002643
0.00258379
0.00245939
0.0845362
0.0559187
0.00922358
0.0113093
0.0022039
0.00514373
0.0032132
0.00400081
0.0056703
0.00316894
0.0049025
0.00456931
0.00442246
0.00283533
0.00275027
0.00311577
0.00196489
0.00340872
0.00190013
0.00316505
0.00245822
0.00198619
0.00298012
0.00291947
0.00282429
0.00198098
0.00223619
0.0024515
0.00219593
0.111856
0.135548
0.0518048
0.00189437
0.00187189
0.00325642
0.00427868
0.00211244
0.00341022
0.00266758
0.00174771
0.00318385
0.00165838
0.00496101
0.00263349
0.00384828
0.00417708
0.0019047
0.00376726
0.00358923
0.00332824
0.0026006
0.00265377
0.00266912
0.00232501
0.0030753
0.0026969
0.00299715
0.00273486
0.00279534
0.00276105
0.00271283
0.00258024
0.00245155
0.0026773
0.00251572
0.00246682
0.00244758
0.00485954
0.02444
0.00419242
0.00215311
0.0145546
0.00813931
0.00789976
0.00194534
0.00447415
0.0029051
0.00451212
0.002943
0.00172859
0.00329013
0.00368185
0.00303128
0.00262173
0.00265249
0.00317544
0.00288209
0.00253722
0.00257931
0.00252006
0.00286825
0.0021226
0.00221694
0.00268505
0.00205692
0.0928314
0.039376
0.0456311
0.0031893
0.0154586
0.00762663
0.0153222
0.00604427
0.00619336
0.00318417
0.00472155
0.00478434
0.00468352
0.00461091
0.00394597
0.0030354
0.00394718
0.00368709
0.00369948
0.0019265
0.00201047
0.00210113
0.00189171
0.00205926
0.00306861
0.00311793
0.00204215
0.00193875
0.00260048
0.00279799
0.00272624
0.00265476
0.00255362
0.00253231
0.00249871
0.00205071
0.00238885
0.00247835
0.00253609
0.452761
0.00690367
0.00463769
0.0120227
0.00362103
0.00468609
0.00355209
0.00308521
0.0867206
0.0478023
0.0132737
0.0179531
0.0100282
0.00802141
0.00859606
0.00888941
0.00243268
0.00332006
0.00181939
0.00352394
0.00402048
0.00191288
0.00238112
0.00199764
0.00288696
0.00256702
0.00230408
0.00220506
0.00265911
0.00192408
0.0027203
0.0027793
0.00230219
0.0027985
0.0027491
0.0022149
0.00202085
0.00245412
0.00253378
0.00218361
0.00248221
0.00250078
0.00250846
0.00241328
0.00211004
0.0113452
0.00738901
0.00313138
0.0105756
0.00164601
0.00407545
0.00308093
0.00245562
0.00275219
0.00165326
0.0018172
0.00211543
0.00267961
0.0031054
0.00197495
0.002594
0.00215001
0.00207062
0.00265774
0.00197416
0.00282218
0.00250467
0.00264625
0.0020023
0.0026852
0.00239371
0.00191085
0.00258545
0.00221751
0.00228303
0.00246543
0.00238946
0.00236617
0.00240309
0.00240878
0.0024041
0.00239295
0.00202844
0.00221857
0.00238828
0.00236321
0.00215978
0.00232712
0.0023464
0.00233617
0.0021928
0.00207514
0.0023171
0.0123566
0.00973846
0.00227916
0.00469166
0.0129438
0.00161573
0.00286109
0.00534738
0.00343318
0.00278527
0.00248001
0.00185009
0.00445829
0.00230358
0.00347841
0.00180732
0.00353096
0.00290331
0.00255266
0.00314205
0.00197757
0.00301387
0.00292266
0.00278544
0.00207538
0.00238026
0.00240379
0.00264159
0.00212113
0.0190777
0.0161001
0.00395692
0.0150252
0.00146808
0.00161891
0.00182978
0.00324488
0.0018768
0.00260714
0.00375652
0.00170347
0.00268946
0.00190657
0.00175266
0.00295773
0.00179135
0.00280081
0.001811
0.00189489
0.00264977
0.00184833
0.0018674
0.00255776
0.00252605
0.00241599
0.00257382
0.00247201
0.00220408
0.00241943
0.00232173
0.00195353
0.00216421
0.00237852
0.00199494
0.00201081
0.00238839
0.00215268
0.00238927
0.0023688
0.00235
0.00236348
0.00222134
0.00225484
0.00234849
0.0021336
0.00231577
0.00208718
0.00204194
0.135373
0.0932947
0.0328513
0.0162668
0.00151453
0.00186237
0.00508216
0.00764426
0.00188549
0.00592881
0.00539314
0.00445485
0.00371231
0.0035823
0.0036485
0.00370252
0.0032096
0.00270619
0.607394
0.00718422
0.0277893
0.00578039
0.00774757
0.00482611
0.00304547
0.006022
0.00343059
0.00439338
0.00343638
0.00415011
0.0018768
0.00236446
0.00378809
0.00217882
0.00292975
0.00317265
0.00327831
0.00256574
0.00186408
0.00217193
0.00285156
0.00192754
0.00247955
0.00205256
0.00259775
0.00270253
0.00256038
0.00262708
0.0167899
0.00155517
0.0130916
0.00597938
0.00154006
0.00711689
0.0028833
0.00451711
0.00408183
0.00170291
0.00332415
0.0033031
0.00175499
0.00209127
0.00178848
0.00284427
0.00203344
0.0028488
0.00187922
0.00208665
0.00199697
0.00198106
0.00263015
0.00227367
0.00210516
0.00243986
0.00255768
0.00194219
0.00250998
0.00195574
0.00218252
0.0022129
0.00235354
0.00240638
0.00198928
0.00240715
0.0023282
0.00216671
0.00233198
0.00202017
0.00209671
0.00201797
0.00220093
0.00231829
0.00205583
0.0022592
0.00209376
0.0171054
0.0740513
0.0268494
0.0184587
0.0154094
0.0120828
0.00740051
0.00382399
0.00218112
0.00445399
0.00352941
0.0017752
0.00407775
0.00276237
0.0038219
0.00234695
0.0026799
0.0023835
0.00274754
0.00204943
0.210966
0.0730696
0.0164078
0.00766661
0.00188227
0.00504013
0.0107801
0.00203036
0.00652093
0.00543556
0.00519116
0.00455887
0.00434874
0.00362669
0.00281336
0.00351533
0.00288674
0.00351986
0.00318211
0.0168774
0.0157453
0.00915866
0.00568078
0.0120664
0.00516548
0.00551319
0.00780825
0.00169373
0.00539859
0.00240635
0.00384187
0.00328519
0.00270419
0.0030078
0.00332074
0.00183653
0.0028074
0.00313709
0.00307246
0.00307459
0.00287328
0.00287788
0.00267888
0.00216266
0.00269449
0.0027863
0.00224821
0.00269002
0.00268463
0.00245004
0.00235142
0.00249372
0.00254562
0.00249794
0.00233468
0.00251706
0.00205578
0.00238294
0.00245085
0.00243739
0.00241067
0.00238982
0.00200579
0.00203929
0.00235569
0.00231333
0.00216379
0.00235786
0.0131865
0.0139688
0.00915952
0.00568082
0.0113129
0.00521476
0.00557219
0.00775105
0.00169411
0.00533261
0.00241673
0.00383225
0.00328096
0.0026986
0.00299594
0.00330329
0.00183849
0.00280067
0.003125
0.00306203
0.00306438
0.00286772
0.00287168
0.00267596
0.00216436
0.00269068
0.00278109
0.00224866
0.00268611
0.00268076
0.00244852
0.00235071
0.00249174
0.00254324
0.00249614
0.00233393
0.00251504
0.00205637
0.00238201
0.00244936
0.00243601
0.00240951
0.00238881
0.00200635
0.00203979
0.00235488
0.00231261
0.00216384
0.00235693
0.881156
0.128566
0.0857511
0.032082
0.0150278
0.00471792
0.00632369
0.00422648
0.00440857
0.00413413
0.00454955
0.00463453
0.00474262
0.0057291
0.00179039
0.00453009
0.00177272
0.00327459
0.00370529
0.00182341
0.00328526
0.00348495
0.00192725
0.0026064
0.00219086
0.00288485
0.00296416
0.00194024
0.00285391
0.191741
0.0103208
0.0325221
0.0102101
0.0119806
0.00478549
0.00599117
0.00790848
0.0061476
0.0314414
0.0418269
0.0042101
0.0289541
0.003077
0.00558091
0.0118762
0.00634223
0.00580981
0.00290275
0.00296627
0.00512628
0.0019457
0.00377215
0.00382052
0.0031469
0.00343331
0.0028006
0.0027745
0.0160331
0.0357008
0.0330841
0.00655769
0.00276829
0.00558326
0.00839286
0.00185823
0.00226567
0.00311053
0.0016863
0.00338819
0.00282222
0.00291714
0.00362831
0.00202546
0.00317889
0.00182568
0.00253307
0.00240237
0.00232753
0.00228142
0.00204037
0.0019611
0.00272236
0.00259375
0.00216218
0.00268018
0.00263172
0.00259152
0.00250553
0.00222681
0.00207273
0.00225727
0.00212933
0.00239285
0.119492
0.0951321
0.00491036
0.0105361
0.00899732
0.00198923
0.00461389
0.00297408
0.00434321
0.00324594
0.00471011
0.00188065
0.00374222
0.00314714
0.00357947
0.00205525
0.00268642
0.00187775
0.00320954
0.00251606
0.00298922
0.00274467
0.0026303
0.00262577
0.00271278
0.0171598
0.00154375
0.013912
0.00628293
0.00153542
0.00717864
0.00289649
0.00458827
0.00410994
0.00170229
0.00332675
0.00330434
0.00175454
0.00208149
0.00178848
0.00284568
0.00202727
0.00284624
0.00187701
0.00208235
0.00199374
0.00197816
0.00262734
0.00226941
0.00210235
0.00243968
0.00255591
0.00194233
0.00250792
0.0019562
0.00218048
0.00221069
0.00235091
0.0024039
0.00198955
0.00240581
0.00232596
0.00216538
0.00232994
0.00202045
0.00209616
0.00201847
0.00219966
0.00231756
0.00205599
0.00225765
0.00209357
0.0173831
0.0044886
0.000604167
0.00515643
0.000263087
0.00359251
0.000878025
0.0028457
0.0028769
0.00265619
0.00191128
0.00175101
0.00257086
0.001572
0.00260487
0.00168724
0.00163117
0.0026091
0.00170024
0.00171128
0.0018733
0.00176546
0.00259976
0.00207275
0.00226234
0.00206204
0.00187189
0.00247484
0.00189369
0.00196449
0.00243152
0.00241638
0.00193525
0.00193431
0.00236957
0.00237454
0.0019749
0.00220494
0.00197469
0.00227064
0.00228064
0.0022933
0.00199781
0.00200428
0.00232685
0.00204854
0.00216189
0.00205003
0.00205043
0.00227524
0.00226445
0.00210834
0.0022598
0.00204477
0.0020496
0.00224793
0.00205237
0.0499214
0.0430183
0.0134018
0.00496114
0.00513297
0.0051608
0.00788481
0.00270392
0.00401871
0.00275678
0.00218521
0.00360843
0.00303066
0.00323136
0.00262541
0.00320422
0.00289411
0.00190707
0.00266559
0.00280231
0.00193256
0.00279349
0.00198272
0.00277214
0.00262469
0.00258888
0.00251046
0.00247424
0.00247181
0.00197055
0.00214427
0.00236048
0.00224913
0.00236861
0.00216013
0.00232279
0.00416949
0.00229853
0.00117743
0.000745465
0.00101454
0.00115289
0.00115037
0.00289643
0.0013772
0.0014355
0.00263998
0.00300743
0.00166005
0.00156701
0.001724
0.00255186
0.00265181
0.00252183
0.00189431
0.00261158
0.00253372
0.00258478
0.00182564
0.00249408
0.00256639
0.00255885
0.00250275
0.00247814
0.00187449
0.00244578
0.00246213
0.00195008
0.00192657
0.00231878
0.00193237
0.00240935
0.00240411
0.00235299
0.00235612
0.00204535
0.00224119
0.00201048
0.00234696
0.00231695
0.00234034
0.00232302
0.00218328
0.00212531
0.00232448
0.00230677
0.00219394
0.00223186
0.00230204
0.00205494
0.00228993
0.00204045
0.00228252
0.00215433
0.00210067
0.000644457
0.000238999
0.000254692
0.00363773
0.0031386
0.00130537
0.00134256
0.00166453
0.0029628
0.00273627
0.00260894
0.00144597
0.00278862
0.00160629
0.00161663
0.00264516
0.00251654
0.00183435
0.00189146
0.00257943
0.00178018
0.00229271
0.00173794
0.00244755
0.00249522
0.00246881
0.00183112
0.00189277
0.00244764
0.00192731
0.00191698
0.00214491
0.00197231
0.00239445
0.00193061
0.00194413
0.00212533
0.00235046
0.00235727
0.00198389
0.0020146
0.00226151
0.00231751
0.00199724
0.00231274
0.00200134
0.00230785
0.00223763
0.00205008
0.00229762
0.0021386
0.0020849
0.00226477
0.00204197
0.00228559
0.00215379
0.00213896
0.00213008
