0.185901
0.0112016
0.0109187
0.00876354
0.0120378
0.0110549
0.0114376
0.0114946
0.0128767
0.0202113
0.000460982
0.00997202
0.0146712
0.00975882
0.0142972
0.0144638
0.0125697
0.0131371
0.0127342
0.0130889
0.0142909
0.0129614
0.0134891
0.0142493
0.0137335
0.0138853
0.0141903
0.0132199
0.013476
0.013458
0.0140581
0.0140675
0.0134876
0.0139425
0.0134689
0.0135416
0.0139822
0.0135176
0.0137186
0.0135512
0.0135714
0.0136626
0.0139893
0.013891
0.0138878
0.0136405
0.013918
0.0136458
0.0384072
0.0245903
0.0263265
0.0152419
0.0136403
0.0167876
0.0180174
0.0154483
0.0137938
0.0134787
0.013647
0.0152519
0.0134731
0.0134758
0.013641
0.0135349
0.0140459
0.0135162
0.0135333
0.0136263
0.0135473
0.0136889
0.0144107
0.0135683
0.0135809
0.0143151
0.0141032
0.0142566
0.0142349
0.0136129
0.0136115
0.0136133
0.013812
0.0138984
0.0140327
0.0140963
0.014015
0.0136931
0.0137645
0.0137482
0.0137424
0.0139809
0.0139825
0.013688
0.0140257
0.0139702
0.0140298
0.013831
0.013831
0.0139455
0.0137021
0.0139966
0.0139769
0.0139479
0.0139577
0.0139776
0.0137619
0.0139729
0.0139388
0.0162115
0.0471902
0.00225491
0.0116683
0.00688405
0.0102556
0.0145195
0.0113345
0.0113046
0.0122162
0.0130698
0.0124101
0.0139189
0.0131868
0.0142147
0.0141421
0.0133906
0.0132909
0.0130797
0.0132886
0.0136044
0.0135021
0.0134154
0.0138964
0.0134411
0.0134427
0.0134909
0.0140672
0.0139444
0.0137673
0.0134983
0.01352
0.0135571
0.0135952
0.0139965
0.0136801
0.0139412
0.0859203
0.032833
0.00247465
0.00706559
0.0132829
0.0128275
0.0145243
0.0139723
0.0124438
0.0143146
0.014351
0.0142729
0.0142988
0.0140951
0.0141562
0.0139349
0.0141911
0.0139648
0.0141825
0.0134158
0.0132671
0.0132937
0.0133147
0.0134068
0.014106
0.0136018
0.0138576
0.0134416
0.013554
0.0140593
0.0137616
0.0135164
0.0136133
0.0139836
0.0139767
0.0137289
0.0139853
0.0136465
0.00014853
0.00555117
0.00468165
0.00123231
0.010831
0.0126676
0.0116104
0.0109948
0.0133681
0.0143644
0.014192
0.0132423
0.0142312
0.0127279
0.0128942
0.0135167
0.0141117
0.0134339
0.0141509
0.0130712
0.0131003
0.0132542
0.0139715
0.0134381
0.0138131
0.0134324
0.00718724
0.0148426
0.0101229
0.0132361
0.00852473
0.00479483
0.012317
0.010082
0.0132931
0.0117967
0.0138046
0.013379
0.0127151
0.0142522
0.0136059
0.0131731
0.0131271
0.0132785
0.0140338
0.0141247
0.01407
0.0138929
0.0135409
0.0138231
0.0140543
0.0134309
0.0137985
0.0136303
0.013507
0.0135807
0.0044793
0.00627236
0.00301912
0.00303186
0.00867681
0.0108898
0.0104225
0.0106894
0.0139379
0.0122233
0.0129278
0.0142561
0.012767
0.0129007
0.0130873
0.0134242
0.0133718
0.0134352
0.0132157
0.0141248
0.0135216
0.0139921
0.0134829
0.0135433
0.0135395
0.0134959
0.0135978
0.0138971
0.0134786
0.0582545
0.0830926
0.000417342
0.00922267
0.0124686
0.0105292
0.0077643
0.011351
0.0106849
0.0140338
0.012694
0.0128232
0.013089
0.0126095
0.012673
0.0131895
0.0142061
0.0140882
0.0142072
0.013136
0.013117
0.0141264
0.013601
0.0135524
0.0140736
0.0136804
0.0140822
0.0140737
0.0140771
0.0134109
0.0135352
0.0134576
0.013487
0.0139773
0.0135214
0.0139473
0.0137196
0.0139745
0.0831247
0.00921695
0.0135786
0.0101717
0.0134897
0.0125948
0.0116244
0.0112508
0.0126408
0.0120187
0.0132328
0.0141298
0.0133402
0.0128588
0.0130301
0.0130764
0.0131563
0.0140072
0.0140793
0.0132985
0.013357
0.0133059
0.0139888
0.0134595
0.0134547
0.0134898
0.0134824
0.013695
0.0140217
0.0143274
0.0320333
0.000309654
0.0117963
0.00702736
0.0104112
0.0145179
0.0113441
0.0113446
0.0122222
0.0130708
0.0124198
0.0139212
0.013188
0.0142133
0.0141413
0.0133916
0.0132923
0.0130846
0.0132908
0.0136067
0.013503
0.0134183
0.0138966
0.0134425
0.0134442
0.0134932
0.0140664
0.0139441
0.013768
0.0134999
0.0135215
0.0135582
0.0135966
0.0139958
0.0136811
0.0139407
0.0324555
0.00536719
0.00713634
0.00320118
0.0119595
0.00983827
0.0109883
0.0117846
0.0129106
0.0492338
0.00394293
0.0115309
0.0104359
0.012199
0.0107447
0.014077
0.0145375
0.0140563
0.0144261
0.0127241
0.014227
0.0133588
0.0128917
0.0141877
0.0142472
0.0141351
0.0132948
0.0132583
0.0132972
0.0132806
0.0132857
0.0141116
0.0134039
0.0140357
0.0135298
0.0140308
0.013765
0.0140508
0.0138879
0.0140067
0.0135633
0.0138848
0.0140001
0.0136107
0.0136443
0.0136515
0.0137594
0.0136636
0.0184234
0.0125746
0.00982053
0.00678862
0.0188391
0.0148807
0.0131928
0.0129825
0.0133632
0.0131143
0.0131844
0.0144846
0.0146886
0.0134139
0.0143694
0.0141381
0.0142011
0.0141022
0.0142241
0.0139397
0.0134594
0.0134674
0.0142329
0.0138738
0.0140212
0.0138936
0.0135475
0.01361
0.0139921
0.0135719
0.0140863
0.0140778
0.0136044
0.0136327
0.0139734
0.0139043
0.013649
0.0138759
0.013799
0.0136576
0.0139979
0.0136627
0.0136721
0.0139175
0.0139789
0.0137253
0.013691
0.0139332
0.0136928
0.0138618
0.00698508
0.0149284
0.010771
0.0133411
0.00837099
0.00515308
0.0122879
0.0100422
0.0133078
0.0117673
0.0138025
0.0133731
0.0126931
0.0142527
0.0135994
0.0131622
0.0131089
0.0132635
0.0140349
0.0141274
0.0140718
0.0138914
0.0135315
0.0138206
0.0140573
0.0134207
0.0137957
0.013623
0.013497
0.0135722
0.0102807
0.0142654
0.593081
0.0200832
0.0198304
0.0130462
0.0148367
0.014849
0.013081
0.0144137
0.0132588
0.0148249
0.0147176
0.0133357
0.0133702
0.0143011
0.0134483
0.0134495
0.0143127
0.0141763
0.0134634
0.0134701
0.013532
0.0135508
0.0135379
0.0137457
0.0140954
0.0141242
0.013981
0.0135851
0.0139527
0.0140728
0.0140626
0.0140759
0.0137036
0.0136519
0.0137752
0.0138905
0.0136627
0.0140138
0.0137164
0.0138264
0.0139835
0.0139651
0.0139417
0.0137135
0.0139612
0.0139504
0.0136978
0.0138316
0.0337187
0.0174386
0.00516542
0.0117456
0.00136506
0.0129638
0.00970024
0.0140222
0.00993633
0.0132454
0.0116298
0.0128111
0.0122609
0.0123752
0.0131405
0.012741
0.0139622
0.0130319
0.0557409
0.000292912
0.0139494
0.00856912
0.0126457
0.014065
0.0138992
0.011114
0.0128191
0.0124755
0.0125316
0.0127124
0.0127934
0.0130278
0.0130915
0.01387
0.0131653
0.013302
0.0137925
0.0141119
0.0133265
0.0138877
0.013993
0.0134985
0.01397
0.0135558
0.014025
0.0139698
0.013529
0.0124269
0.0344335
0.0209343
0.0127097
0.0154116
0.0128378
0.0158954
0.0154121
0.0151742
0.0143311
0.0147389
0.014715
0.0142389
0.0133836
0.0142987
0.0143244
0.013491
0.0143043
0.0134924
0.014236
0.0142357
0.0141007
0.0141237
0.0139426
0.0140764
0.0140636
0.013599
0.0135747
0.0136837
0.0136122
0.0138088
0.0136072
0.0139891
0.0139712
0.0136619
0.0136503
0.0138553
0.0139555
0.0139931
0.0139131
0.0138312
0.0139602
0.0136822
0.0136865
0.0139466
0.0139525
0.013915
0.0838079
0.0314686
0.0116272
0.0025189
0.00700331
0.011542
0.0142523
0.0120985
0.0120564
0.0129698
0.0132205
0.0131795
0.0132592
0.0134122
0.0137691
0.0132992
0.0133259
0.0139929
0.0134608
0.0147853
0.0146959
0.0103192
0.00265303
0.00775819
0.00921954
0.0139517
0.0119163
0.013116
0.0136764
0.0126272
0.0132908
0.0129074
0.0132256
0.0132793
0.0138174
0.0106563
0.0159429
0.00175372
0.0160199
0.0129126
0.015266
0.0126542
0.015056
0.0143693
0.0146424
0.0146596
0.0129202
0.013118
0.0131337
0.0132229
0.0132661
0.0142241
0.014185
0.0133084
0.0142521
0.0134319
0.014209
0.0134657
0.0141025
0.0136217
0.0134989
0.0141116
0.013514
0.0135318
0.0135579
0.0140807
0.0138804
0.0137874
0.0135743
0.0137549
0.0140258
0.0136894
0.0136573
0.0139391
0.0137152
0.013757
0.0138666
0.0139088
0.0139071
0.0136551
0.0137558
0.0139244
0.0136863
0.013961
0.0139541
0.0243036
0.0157986
0.0060982
0.0159103
0.0129126
0.0152383
0.012782
0.0150278
0.0144045
0.0146288
0.014648
0.0129254
0.0131188
0.0131357
0.0132238
0.0132689
0.0142213
0.0141826
0.0133111
0.0142488
0.0134326
0.0142064
0.0134665
0.0141008
0.013624
0.0134997
0.0141098
0.0135149
0.0135327
0.0135586
0.0140792
0.0138803
0.0137879
0.0135751
0.0137555
0.0140249
0.0136902
0.0136582
0.0139385
0.0137158
0.0137574
0.0138664
0.0139084
0.0139067
0.0136557
0.0137561
0.0139239
0.0136869
0.0139605
0.0139536
0.181609
0.0145161
0.0361796
0.0122605
0.0130721
0.0120023
0.00729028
0.0144104
0.0128169
0.0119499
0.0117259
0.0113102
0.0143376
0.011878
0.0128076
0.0131186
0.013288
0.0126528
0.0137031
0.0132713
0.014163
0.0138851
0.0129426
0.0131387
0.0136441
0.0138662
0.0139002
0.0133522
0.0132923
0.0140488
0.586322
0.000787881
0.0144614
0.0145039
0.0113868
0.011126
0.0110294
0.0110653
0.170321
0.00332047
0.00248549
0.00145183
0.0105001
0.0121238
0.00819453
0.0114404
0.0106817
0.0113083
0.0123216
0.0133456
0.0142164
0.0140445
0.0128634
0.0128647
0.0139289
0.0131863
0.0138549
0.00293659
0.0274322
0.0139212
0.00135937
0.0123491
0.0129713
0.0112753
0.0128655
0.0143458
0.0142737
0.0141262
0.0133951
0.0129039
0.0141754
0.0135136
0.0141316
0.0133502
0.0141249
0.0133365
0.0140646
0.0134124
0.0140868
0.0135393
0.0135277
0.0136683
0.0137028
0.0137337
0.0140506
0.0138906
0.0135347
0.0135257
0.0135796
0.0138281
0.0135698
0.0136898
0.0139351
0.0136497
0.0139594
0.000115079
0.00467953
0.00430077
0.000955903
0.0107411
0.0126459
0.0116128
0.0109833
0.0133642
0.0143654
0.0141923
0.0132423
0.0142317
0.0127266
0.012893
0.013516
0.0141119
0.0134338
0.0141512
0.0130708
0.0130998
0.013254
0.0139716
0.013438
0.0138132
0.0134324
0.0123804
0.122662
0.022009
0.0127709
0.0155083
0.0128578
0.0159854
0.0154676
0.0152092
0.0143361
0.0147555
0.0147306
0.0142415
0.0133852
0.0143021
0.0143289
0.0134916
0.0143085
0.0134931
0.0142401
0.0142384
0.014101
0.0141244
0.013945
0.0140784
0.0140653
0.0136007
0.0135758
0.0136856
0.0136137
0.0138106
0.0136083
0.0139898
0.0139719
0.0136632
0.0136508
0.0138565
0.0139559
0.0139929
0.0139137
0.0138323
0.0139604
0.0136831
0.0136873
0.0139466
0.013952
0.0139152
0.0161655
0.00809204
0.0232331
0.0218081
0.015167
0.0133144
0.0143235
0.0161852
0.0133932
0.0148443
0.0150079
0.0136583
0.0134701
0.014201
0.0144584
0.0143163
0.013913
0.0135894
0.0142454
0.0143367
0.0135393
0.0142578
0.0143616
0.0137147
0.0137561
0.0136642
0.0135792
0.0140013
0.0139361
0.0136069
0.0141751
0.0141716
0.0136284
0.0136472
0.013735
0.0140232
0.0136646
0.013909
0.0140367
0.0137983
0.0140422
0.0137837
0.0140349
0.0139757
0.0140228
0.0137113
0.0136825
0.0139667
0.0139754
0.0139645
0.013749
0.0137493
0.0139762
0.0137148
0.0137209
0.013943
0.588386
0.0509963
0.0112022
0.00919152
0.0146544
0.014646
0.0115089
0.0112069
0.0129239
0.0143129
0.0136188
0.0128596
0.0133123
0.0141918
0.0143171
0.0134196
0.013446
0.0134449
0.0137798
0.0132839
0.0141302
0.0133914
0.0134725
0.0139218
0.0140544
0.0136956
0.0135502
0.0140739
0.014036
0.0136406
0.0140305
0.0139266
0.0139
0.0139704
0.0137859
0.0139292
0.0138736
0.0136543
0.0136471
0.00992671
0.0189953
0.0150396
0.0193382
0.0147835
0.0171903
0.0134436
0.0133152
0.0137142
0.0143159
0.0133971
0.0152703
0.0150453
0.0137353
0.0147807
0.0150967
0.0150068
0.0146108
0.0146315
0.0137113
0.0137256
0.0135739
0.0136758
0.0135419
0.0135461
0.0136148
0.0135807
0.0135704
0.0136715
0.0136136
0.0140774
0.0136325
0.0137378
0.0140229
0.0140115
0.0140835
0.0140245
0.0136556
0.0138963
0.0138059
0.0140253
0.0137291
0.0139239
0.0140033
0.0139711
0.0138166
0.0137172
0.01386
0.0139371
0.0136967
0.0137163
0.0139334
0.0139636
0.0139651
0.0138575
0.0139473
0.0206374
0.0174254
0.019541
0.0137332
0.019564
0.0197332
0.0142436
0.0164172
0.0144268
0.0150494
0.0148462
0.0143089
0.0144097
0.0135319
0.0151029
0.0134859
0.0143955
0.0147276
0.0136159
0.0145032
0.0145078
0.0145377
0.0137584
0.0135543
0.0138319
0.0138826
0.0143373
0.0136315
0.0140554
0.0141725
0.0140715
0.0136109
0.0140759
0.0136641
0.0140791
0.0140761
0.0137687
0.013896
0.0140266
0.0139056
0.0137647
0.0140474
0.0139619
0.0140292
0.0139711
0.01369
0.0139693
0.0139125
0.0137268
0.0138163
0.0139551
0.0139736
0.0139479
0.0139053
0.0139437
0.0139606
0.0139551
0.0137372
