0.268108
0.121602
0.0172906
0.00997334
0.0130902
0.013793
0.0140456
0.0155286
0.00434303
0.0742538
0.0177832
0.0129176
0.0163418
0.0113064
0.0153
0.017018
0.016987
0.014516
0.0148148
0.0158976
0.0157822
0.0169327
0.0157432
0.015668
0.0156433
0.0155347
0.0154405
0.0156064
0.0157763
0.0162295
0.0160414
0.0160468
0.0159357
0.0167119
0.0158964
0.0159862
0.0159668
0.0166485
0.0160176
0.0163643
0.016086
0.0164372
0.0160997
0.0160909
0.016566
0.0165571
0.0164248
0.0507062
0.0374346
0.0219835
0.0433889
0.033481
0.0183717
0.0158491
0.0198356
0.0182483
0.0174005
0.0158186
0.0174764
0.0158401
0.0176825
0.0173482
0.0163268
0.0170409
0.0162765
0.0162036
0.017104
0.0170817
0.0160732
0.015987
0.0160061
0.0162063
0.0160127
0.016569
0.0167979
0.0167129
0.0168675
0.0168009
0.0167148
0.0163154
0.0166323
0.0167316
0.0164215
0.0161341
0.0161354
0.0164852
0.0166666
0.016284
0.016666
0.0165048
0.0162028
0.0161829
0.0163817
0.0162109
0.0165981
0.0162033
0.0164727
0.0162837
0.0165394
0.0165477
0.0164019
0.0165378
0.0162237
0.0163345
0.0165489
0.0162648
0.0165278
0.0120977
0.0120321
0.0124347
0.00180787
0.00518302
0.0128157
0.0167574
0.015015
0.0136467
0.0149817
0.0140319
0.0167588
0.0144509
0.0169278
0.0144401
0.0169603
0.0167569
0.0155497
0.0152752
0.0151913
0.0161492
0.0156935
0.0156481
0.0162045
0.0156108
0.0161553
0.0159356
0.0166249
0.0158031
0.0166663
0.0159009
0.0165898
0.0159969
0.0165094
0.0159759
0.016084
0.0163446
0.0161572
0.0160334
0.0583304
0.0232902
0.00769439
0.00388116
0.0146418
0.0147232
0.0172051
0.0166093
0.016545
0.0170082
0.0160509
0.0153241
0.0156151
0.014633
0.0149522
0.0151321
0.0163833
0.0154233
0.0156372
0.0157524
0.0154429
0.016792
0.0166889
0.0167604
0.0161969
0.0158775
0.0157368
0.0161796
0.0158815
0.0164077
0.0161414
0.016046
0.0164883
0.016043
0.0161019
0.016485
0.0160628
0.0160746
0.0160652
0.272896
0.000639221
0.0394941
0.00497025
0.00875943
0.00548402
0.0146866
0.0135683
0.0158496
0.0135357
0.0153141
0.01555
0.0166336
0.0156235
0.0154893
0.0156483
0.0150284
0.016885
0.0151714
0.0153192
0.0153861
0.0153889
0.0165832
0.0159573
0.0159667
0.0164467
0.0159884
0.0163215
0.0158194
0.116421
0.00646874
0.0168706
0.0174381
0.0135934
0.00571553
0.0143263
0.0171945
0.0171507
0.0165265
0.014572
0.015238
0.0161248
0.0158355
0.0152231
0.0153523
0.0164846
0.0155926
0.0155609
0.0155893
0.0165252
0.0157563
0.0157968
0.0163221
0.0158327
0.0158866
0.0159683
0.0163356
0.194109
0.190014
0.0134905
0.0173514
0.0162277
0.0148508
0.01271
0.0136305
0.0129575
0.0170096
0.0164746
0.0147089
0.0152652
0.016818
0.0166765
0.0152011
0.0153935
0.0157023
0.0165298
0.0156956
0.016506
0.015804
0.0166339
0.0158887
0.0162502
0.0159896
0.01603
0.00190541
0.00648421
0.015292
0.0163029
0.0124273
0.0136489
0.012794
0.0168439
0.0135132
0.0154261
0.0170158
0.0154728
0.0165438
0.0149839
0.0153532
0.0156218
0.0168421
0.0154039
0.0158406
0.01537
0.0157377
0.0158144
0.0165088
0.0159222
0.0156478
0.0158622
0.0161204
0.0165443
0.0158493
0.016312
0.0161943
0.0159831
0.0164435
0.0161146
0.0166096
0.0165986
0.0165326
0.0447633
0.00260901
0.00315004
0.00839285
0.016898
0.0168036
0.0169707
0.0165076
0.0146341
0.0154801
0.0155463
0.0151771
0.0160368
0.0167902
0.0154521
0.0167722
0.0158008
0.0165117
0.016462
0.0157828
0.0167214
0.0162262
0.0165545
0.016638
0.0158804
0.0159848
0.0159319
0.0160458
0.0165731
0.0610056
0.0121866
0.0124976
0.00247744
0.0054804
0.0128016
0.0167602
0.0150163
0.0136751
0.0149946
0.014052
0.0167566
0.0144696
0.0169263
0.0144588
0.0169593
0.0167553
0.0155542
0.0152832
0.0151998
0.0161501
0.0156968
0.0156519
0.0162054
0.0156153
0.0161565
0.0159371
0.016624
0.0158063
0.0166653
0.0159032
0.0165891
0.0159984
0.0165089
0.015978
0.0160851
0.0163449
0.0161585
0.0160352
0.0945388
0.0114615
0.00665182
0.0119605
0.0140567
0.0147011
0.0121986
0.0148743
0.0151308
0.00143577
0.103076
0.0177829
0.012951
0.0163406
0.011613
0.0152521
0.0170169
0.0169826
0.0145612
0.0148432
0.0158975
0.0157848
0.016929
0.0157503
0.0156768
0.0156526
0.0155479
0.0154554
0.0156173
0.0157828
0.0162307
0.0160455
0.0160508
0.0159395
0.0167096
0.0159012
0.0159896
0.0159711
0.0166467
0.0160207
0.0163646
0.0160894
0.0164368
0.0161027
0.0160938
0.0165646
0.0165558
0.0164245
1.5281
0.0301787
0.055733
0.0181731
0.0147428
0.0146911
0.0150541
0.0176955
0.0149952
0.0156351
0.0156007
0.0169854
0.0156187
0.0157687
0.0163378
0.0167091
0.0158808
0.0162749
0.0158053
0.0158141
0.0160921
0.0168101
0.0167759
0.0167811
0.0167249
0.016711
0.0160286
0.0165342
0.016687
0.016382
0.0166605
0.0161491
0.0164824
0.0162499
0.0163354
0.0165725
0.0165856
0.016507
0.0165791
0.0165791
0.0163467
0.0165484
0.0162463
0.01651
0.01654
0.0107604
0.00640996
0.0137069
0.0174426
0.0134026
0.00601424
0.0143566
0.0171971
0.017155
0.0165116
0.0145292
0.0151973
0.0161055
0.0158132
0.0151964
0.0153268
0.016479
0.015572
0.0155487
0.0155762
0.0165245
0.0157425
0.0157855
0.0163177
0.0158202
0.0158741
0.0159565
0.0163324
0.0156395
0.0129434
0.0144682
0.0180274
0.0175544
0.0143132
0.0177491
0.0171376
0.0158033
0.0170483
0.0172292
0.015543
0.0169308
0.0170197
0.0170453
0.01696
0.0168922
0.0160196
0.0157493
0.0168682
0.0168362
0.0159442
0.0159605
0.0166737
0.0167681
0.01602
0.0165215
0.0167062
0.0167039
0.0160504
0.0166851
0.0160636
0.0163892
0.0160851
0.0166183
0.0165882
0.0164546
0.0166035
0.0161923
0.0165774
0.0163016
0.0163034
0.0161729
0.0161682
0.0165495
0.016537
0.0164299
0.0162139
0.0162076
0.261805
0.0300629
0.00918326
0.0117942
0.00389679
0.0171719
0.0111183
0.00879287
0.0124303
0.0126084
0.0147331
0.0152847
0.0164296
0.0152008
0.0154389
0.0156159
0.0154567
0.0166162
0.0153563
0.183546
0.152962
0.000147569
0.014647
0.0151309
0.0145645
0.0120082
0.013457
0.0144307
0.0145924
0.0156507
0.0169334
0.0151176
0.0156925
0.0157712
0.0158146
0.0155289
0.0155666
0.0157568
0.0156922
0.0167295
0.0165839
0.0158455
0.016632
0.0165418
0.016046
0.0160727
0.0159806
0.0124319
0.0190025
0.0198586
0.0102091
0.0184436
0.01752
0.0154228
0.0174776
0.0175275
0.0157578
0.015782
0.0170652
0.0170476
0.0156321
0.0162855
0.0157844
0.0169432
0.0157781
0.0158789
0.0158163
0.0158062
0.0168211
0.0168009
0.0159305
0.01677
0.0159752
0.0167106
0.0167078
0.0160747
0.0166801
0.0160982
0.016425
0.0166553
0.0166257
0.0161137
0.0161199
0.0161223
0.0161363
0.016594
0.0161518
0.0165543
0.0161937
0.0165752
0.0161854
0.0165437
0.0162375
0.0162762
0.0163788
0.338217
0.00507542
0.0172757
0.0125605
0.00794352
0.0170378
0.0133649
0.0150901
0.0156037
0.0155417
0.015268
0.0157282
0.0166069
0.0156037
0.0158714
0.0155689
0.0159494
0.0162763
0.0580446
0.00899055
0.0138742
0.0101327
0.0119671
0.00701765
0.0172629
0.0165836
0.0136277
0.0141514
0.0168417
0.0135825
0.0153475
0.015811
0.0147673
0.0152487
0.0162875
0.0153517
0.0154072
0.0154201
0.00458063
0.0213011
0.0173358
0.0161438
0.0174553
0.0172749
0.0143413
0.0172133
0.016135
0.0172708
0.0171304
0.0155589
0.0157066
0.0152594
0.0170381
0.016873
0.0169102
0.0158111
0.0169306
0.0158307
0.0168711
0.0156663
0.0157621
0.0166864
0.0167969
0.0158901
0.0159183
0.016738
0.0167115
0.0167153
0.0164754
0.0164742
0.0165555
0.0159703
0.0166517
0.0160843
0.0161066
0.016606
0.0160741
0.0160885
0.0160976
0.0161335
0.0162976
0.0161744
0.0165529
0.0161635
0.0163932
0.0161641
0.0165452
0.0162339
0.00731695
0.0173337
0.0173351
0.0160343
0.0174553
0.0172748
0.0144061
0.0172131
0.0161012
0.0172654
0.0171191
0.0155699
0.0157138
0.0152739
0.0170341
0.0168724
0.0169092
0.0158154
0.0169285
0.0158346
0.0168684
0.0156728
0.0157672
0.0166835
0.0167948
0.0158932
0.015921
0.0167368
0.0167098
0.0167139
0.0164742
0.0164731
0.0165541
0.0159727
0.0166502
0.0160856
0.016108
0.0166049
0.0160756
0.0160897
0.0160989
0.0161347
0.0162979
0.0161754
0.0165522
0.0161645
0.016393
0.016165
0.0165445
0.0162346
0.204422
0.0108517
0.00996316
0.00397463
0.0170142
0.0122268
0.0151786
0.0103716
0.0160003
0.0158118
0.0149452
0.0169953
0.015054
0.0145721
0.0142577
0.0156107
0.0147715
0.0152767
0.0161113
0.0153511
0.0152586
0.0166324
0.0158041
0.0155743
0.0156581
0.016575
0.0158636
0.0166459
0.0194399
0.00203494
0.00977903
0.0146175
0.0119043
0.0143453
0.0161643
0.144912
0.00279768
0.0138149
0.000570362
0.00348151
0.0117364
0.0149385
0.0147527
0.0126385
0.0135424
0.0168219
0.01692
0.0161898
0.0160355
0.0147738
0.0150069
0.0157351
0.0158397
0.0153397
0.0155215
0.00570999
0.00493394
0.00492678
0.0165123
0.0123877
0.017126
0.0171797
0.0171464
0.0150382
0.0170496
0.0170008
0.0146067
0.0150541
0.0152039
0.0162901
0.0168325
0.015611
0.0160945
0.0165906
0.0165694
0.0156299
0.0157942
0.0157369
0.0167393
0.0158461
0.0167123
0.0165976
0.0164864
0.0165438
0.016425
0.0159953
0.0162241
0.0163251
0.0159752
0.0164441
0.0165709
0.0160737
0.222703
0.00389165
0.0172558
0.00854241
0.000593689
0.0102762
0.0134455
0.0168726
0.0151062
0.0168919
0.014087
0.0158153
0.0145286
0.0148068
0.015425
0.0152845
0.0161799
0.0166971
0.0165291
0.0158919
0.0158519
0.015837
0.0159009
0.0166476
0.0159366
0.016158
0.016324
0.060079
0.0295778
0.0128819
0.0145613
0.015091
0.0176063
0.0178774
0.0155809
0.0149709
0.0171299
0.0171091
0.0155765
0.0154564
0.0155514
0.0170202
0.0169596
0.0168747
0.0168451
0.0169555
0.0168623
0.0160881
0.0158602
0.0158583
0.0167101
0.0167973
0.0167506
0.0167187
0.0159934
0.0163168
0.0161278
0.0166775
0.0166796
0.0162228
0.0162045
0.0166852
0.0166209
0.0163868
0.0166104
0.0161973
0.016602
0.0164483
0.0161533
0.0161618
0.0165671
0.016424
0.016244
0.0164949
0.0162
0.0165364
0.016532
0.0248172
0.0151218
0.0226542
0.0175012
0.0183721
0.0155533
0.0182846
0.0168316
0.015613
0.0161589
0.0157974
0.0171943
0.0173086
0.0175417
0.0173899
0.0158807
0.0168273
0.0172089
0.0170641
0.0159875
0.0158965
0.015923
0.0169587
0.0170116
0.0168953
0.0160157
0.0161348
0.0167261
0.0168373
0.0168193
0.0160688
0.0161042
0.0161215
0.0163678
0.0167775
0.0167004
0.0164003
0.0162473
0.016194
0.0163264
0.0161493
0.0162275
0.0161673
0.0166088
0.0166131
0.0163383
0.0164921
0.0165187
0.0162967
0.0165609
0.0165715
0.0162049
0.0165455
0.0163928
0.0165409
0.0164824
0.0164252
0.0164895
0.0164665
0.0151703
0.0151755
0.0114819
0.0172897
0.0172474
0.0141108
0.0171656
0.0142651
0.0170384
0.0147308
0.0170244
0.0151268
0.0158024
0.0157093
0.0158776
0.0168308
0.0167991
0.0157921
0.0164478
0.016769
0.0160871
0.0166938
0.0159172
0.0159107
0.0159418
0.0161645
0.0165837
0.0160689
0.016127
0.0160587
0.0161143
0.0166086
0.016182
0.0165915
0.0161493
0.0165272
0.0165674
0.0161997
0.0399569
0.0246423
0.0168738
0.0155543
0.0155727
0.0172863
0.0157087
0.0170676
0.015583
0.017832
0.0180652
0.0157367
0.0174209
0.0158752
0.0173427
0.0159108
0.015835
0.0159586
0.016546
0.0160764
0.016934
0.0159191
0.0169631
0.0169153
0.0162138
0.0163308
0.0160183
0.0160382
0.0167878
0.0161451
0.0160596
0.01678
0.0160744
0.0160569
0.0167587
0.0167223
0.0165951
0.0161831
0.0162519
0.01665
0.016667
0.0161595
0.0161907
0.0166015
0.0165862
0.0165782
0.0163669
0.0161767
0.0164292
0.0162343
0.0165816
0.0165601
0.0162071
0.016228
0.0164732
0.0162531
0.016478
0.016347
0.0162849
0.0163893
0.0215482
0.0157472
0.0185636
0.0200009
0.0171424
0.0156865
0.0157141
0.0157052
0.0179497
0.0176267
0.017821
0.0169109
0.0158279
0.0158593
0.0159129
0.0160181
0.0159099
0.0169284
0.015922
0.015971
0.0169103
0.0167858
0.0168903
0.0160429
0.0160998
0.016082
0.0166896
0.016793
0.0167588
0.0162579
0.0166589
0.0167619
0.0167432
0.0167018
0.0164804
0.0165691
0.0161433
0.0162832
0.0161582
0.0161593
0.0165314
0.0166115
0.0161819
0.0165813
0.0163065
0.016563
0.01626
0.0162102
0.0162414
0.0165525
0.0162274
0.0165356
0.0165111
0.0165386
0.0162604
0.0164055
0.016514
