0.207681
0.0251134
0.033165
0.00706957
0.00677189
0.00413499
0.00277293
0.00653296
0.00746508
0.0070489
0.00669412
0.00777096
0.00819328
0.00779453
0.00743516
0.00702812
0.00791794
0.00819947
0.00854219
0.0080705
0.0081549
0.00799587
0.00838217
0.00788502
0.00788504
0.00796418
0.00816918
0.00838601
0.00829616
0.0730911
0.116161
0.0167795
0.00462457
0.0064018
0.00721063
0.00492664
0.00639003
0.00713303
0.00844091
0.0073568
0.00698154
0.00732828
0.00782375
0.00739576
0.00856713
0.00877855
0.00760089
0.00809357
0.00815775
0.00783517
0.00836731
0.00793657
0.00799966
0.00841302
0.00817607
0.00834432
0.00869172
0.00864235
0.00857286
0.00860457
0.00810453
0.00847435
0.00866109
0.0081739
0.00864817
0.00848341
0.00847197
0.00827308
0.00824486
0.00822864
0.00860864
0.00823596
0.00824884
0.00858342
0.0083853
0.00832614
0.00858938
0.00832217
0.00855395
0.00829359
0.00853872
0.00849697
0.00830384
0.00846152
0.00833186
0.00847222
0.00854071
0.00854782
0.00850709
0.195819
0.0914329
0.0261104
0.0061711
0.00655991
0.00566017
0.00608509
0.00477048
0.00597124
0.00611615
0.00887885
0.0065807
0.00560275
0.0058351
0.0087027
0.00739755
0.00680476
0.00682185
0.00775493
0.00836016
0.00734648
0.00800414
0.00756623
0.00793395
0.00768347
0.00853319
0.00775197
0.00836578
0.00795081
0.00806765
0.187296
0.00645228
0.0247723
0.00555897
0.00199887
0.00856874
0.0066936
0.00848748
0.00605764
0.00646573
0.00876858
0.00878453
0.00671186
0.00850387
0.00759504
0.00805523
0.0084115
0.00752988
0.0077126
0.00764591
0.00790075
0.00785476
0.00856414
0.0078161
0.00799885
0.00811745
0.333987
0.0104732
0.0454635
0.0133201
0.00747078
0.00082684
0.0031667
0.000207129
0.00135156
0.00598995
0.00734934
0.00786683
0.00739338
0.00703
0.00703866
0.00872961
0.0063651
0.00864014
0.00832869
0.00718312
0.00871525
0.00814795
0.00802446
0.00727328
0.00747448
0.00756057
0.00815766
0.00815997
0.00791709
0.00809099
0.436881
0.0326651
0.00355777
0.0101923
0.0079485
0.00219581
0.00651463
0.0038118
0.00571282
0.00429864
0.00869929
0.00869162
0.00795803
0.00704893
0.00741067
0.00795327
0.00667226
0.00850555
0.00780644
0.00762701
0.00718716
0.00790771
0.0074884
0.00853802
0.00814633
0.00756565
0.0085631
0.00855809
0.196855
0.00352391
0.0252349
0.00840397
0.00470476
0.00754712
0.00798049
0.00782014
0.00557004
0.00634747
0.00765714
0.00626107
0.00638852
0.0065798
0.00726821
0.00715964
0.00845145
0.00722529
0.00835598
0.00758412
0.00770893
0.00759877
0.00855975
0.0084564
0.00794324
0.0081526
0.00786498
0.0712645
0.0109068
0.00693865
0.00558323
0.00900879
0.00835952
0.00392222
0.00207476
0.00483469
0.00719905
0.00889456
0.00734107
0.00488032
0.00624348
0.00638652
0.00774358
0.00776589
0.00801665
0.00803602
0.00789991
0.00702838
0.00761374
0.0073167
0.00788663
0.00841333
0.00760552
0.00818345
0.00794718
0.00775187
0.445384
0.0908312
0.0260056
0.00617519
0.00663687
0.00566479
0.00614053
0.00484203
0.00601226
0.00614893
0.00887749
0.00658513
0.00562016
0.00585389
0.00870226
0.0074005
0.00681635
0.00683194
0.00775697
0.00836127
0.00735204
0.00800711
0.00757053
0.00793726
0.00768804
0.00853304
0.00775598
0.00836643
0.00795322
0.0080694
0.224109
0.0201505
0.0331148
0.00694151
0.00677533
0.00414053
0.0029844
0.00663384
0.00746594
0.00705133
0.00670057
0.00777248
0.00820359
0.00781135
0.00744089
0.00704462
0.00792797
0.00820448
0.00854225
0.00807295
0.0081592
0.00800192
0.00838359
0.00789173
0.00789103
0.00796893
0.00817142
0.00838701
0.00829739
0.0834139
0.021097
0.00420236
0.00696028
0.00618828
0.00883776
0.00544525
0.00653207
0.00783488
0.00796295
0.00722763
0.0078208
0.00753677
0.00784537
0.00862975
0.00771927
0.0080193
0.00796548
0.00799455
0.00802152
0.00801259
0.00817084
0.00822839
0.00813266
0.00827029
0.00828494
0.00823881
0.00827417
0.00823924
0.473113
0.00702689
0.0471026
0.0119464
0.00755228
0.00046292
0.00303224
3.39693e-05
0.0013248
0.00601255
0.00736137
0.00786096
0.00737693
0.00700539
0.00701406
0.00873111
0.00632855
0.00864143
0.00832741
0.00715993
0.00871762
0.00814236
0.0080177
0.00724595
0.00745066
0.00753966
0.00815244
0.00815476
0.00790483
0.00808317
0.0696599
0.0111952
0.00150572
0.00543089
0.00616395
0.00486053
0.00713652
0.00872046
0.00859761
0.00787974
0.00800557
0.00868358
0.00867331
0.00782065
0.00836213
0.00842725
0.00818712
0.00796586
0.00808229
0.00816268
0.00815423
0.00817998
0.00859388
0.00819881
0.00839418
0.00849955
0.00848225
0.443823
0.000878805
0.00728849
0.00750677
0.00634293
0.00722524
0.00368784
0.00434815
0.00321337
0.00405892
0.00707551
0.00521307
0.00837547
0.00630943
0.00642061
0.00804111
0.00744976
0.00733148
0.00730518
0.0085786
0.00777462
0.00748519
0.0078171
0.00769273
0.00812315
0.00826213
0.00822015
0.202259
0.00855466
0.00224131
0.00706337
0.00752443
0.00660268
0.00547207
0.00826838
0.00654104
0.00772562
0.00699314
0.00814912
0.00770275
0.00873182
0.00872004
0.00806186
0.00803359
0.00787783
0.00796739
0.00858379
0.00804972
0.00838663
0.00811808
0.0081784
0.00840151
0.00819776
0.00818587
0.00822917
0.00824635
0.291244
0.00622925
0.0107666
0.00647277
0.0066279
0.00228326
0.00883667
0.00739238
0.00769662
0.00646597
0.00772272
0.00730729
0.00721022
0.00840979
0.00749251
0.00758943
0.00812153
0.00854885
0.00786169
0.00823532
0.00816673
0.0079599
0.00849204
0.00840472
0.00828651
0.00860709
0.00809786
0.00814539
0.251279
0.00622925
0.0107708
0.00647259
0.00662744
0.00237522
0.00883518
0.00742452
0.0076965
0.0064874
0.00772325
0.00732251
0.00721755
0.00841191
0.00750004
0.00759562
0.00812238
0.00854888
0.00786421
0.00823601
0.00816768
0.00796248
0.00849209
0.00840518
0.00828758
0.00860654
0.00809962
0.00814692
0.0484275
0.00848819
0.00425799
0.00156574
0.00161794
0.00644229
0.00593901
0.00814849
0.00514433
0.00769429
0.00597036
0.00838908
0.00788001
0.00696817
0.00720284
0.00856469
0.00807104
0.00869946
0.00754789
0.00857683
0.00771269
0.00772466
0.00782207
0.00776598
0.0085724
0.00785074
0.00815378
0.00799078
0.124819
0.00848595
0.00153738
0.0069695
0.00753028
0.00662059
0.00548037
0.00825976
0.00653794
0.0077304
0.00700026
0.00814798
0.00770755
0.00873228
0.00872031
0.00806362
0.00803572
0.00788182
0.00797068
0.00858389
0.00805285
0.0083878
0.00812036
0.00818025
0.00840258
0.00820025
0.00818807
0.00823145
0.00824804
0.0826738
0.00395151
0.00396554
0.00639375
0.0087562
0.00713614
0.0078056
0.00807352
0.00869922
0.00797318
0.00792621
0.00867517
0.00807084
0.0086665
0.00868584
0.00857874
0.00843906
0.00842561
0.00815217
0.00858134
0.00851175
0.00833416
0.00823311
0.0083061
0.00828327
0.00853901
0.00854261
0.0085034
0.00832514
0.269725
0.0220509
0.00262217
0.00223215
0.000980922
0.00749412
0.0085637
0.0035042
0.00505826
0.00700519
0.00884447
0.00695028
0.00789017
0.00775917
0.00871882
0.00808698
0.00748527
0.00795653
0.00783288
0.00802958
0.00809127
0.00790383
0.00810348
0.00786819
0.00861319
0.00798639
0.00803365
0.00818606
0.00856153
0.00807929
0.119658
0.00469671
0.00271601
0.00666786
0.00652155
0.00781166
0.0082386
0.00875614
0.00868339
0.00876192
0.00777725
0.0081397
0.00810974
0.0085021
0.00859105
0.00867226
0.0085313
0.00815345
0.00813615
0.00825691
0.00861465
0.00827003
0.00832445
0.00848115
0.00830007
0.00858108
0.00848471
0.00829733
0.0083021
0.00586961
0.00623364
0.00626664
0.00841546
0.0080112
0.0071332
0.00842258
0.00730439
0.00878109
0.00870522
0.00868648
0.00857079
0.00794182
0.00814351
0.00806201
0.00856153
0.0086374
0.00838454
0.00855619
0.00858194
0.00822288
0.00824166
0.00836191
0.00831418
0.00833237
0.00849736
0.00830838
0.00853827
0.0083675
