0.032559
0.00432775
0.0038764
0.010153
0.000622476
0.00489999
0.000840603
0.000237784
0.00160767
4.63611e-05
0.000254413
0.000807495
0.000501126
0.000111857
9.79472e-05
0.002321
0.000275209
0.00224484
0.00137568
0.00199741
0.000608791
0.000699891
0.00113761
0.000637759
0.000997922
0.00107456
0.000831985
0.0014559
0.0652762
0.012183
0.0144449
0.0140896
0.000610288
0.00412585
0.00289362
0.00323791
0.00163007
0.00218556
0.00141177
0.00290966
0.000994418
0.00360325
0.000660262
0.000315523
0.00258241
0.000383657
0.00249646
0.00274735
0.000538532
0.000238352
0.00227534
0.00249979
0.00190285
0.00145071
0.000499409
0.000638669
0.00227319
0.000700508
0.000754884
0.00221905
0.00211843
0.00221615
0.000792785
0.00215333
0.0011744
0.00210265
0.00145826
0.001557
0.000922615
0.00120009
0.0015406
0.00198703
0.00125001
0.00115375
0.00195066
0.0019384
0.00101193
0.0010147
0.0018996
0.00185117
0.0018392
0.0016038
0.00107302
0.00182811
0.00162903
0.00171262
0.00167209
0.00112191
0.42733
0.0185847
0.0043821
0.0102382
0.00496685
0.00502599
0.000607289
0.00391239
0.00258507
0.00113321
0.00145132
0.00044012
0.00141221
0.0011312
0.00224725
0.000171893
0.00146614
0.000295522
0.00146552
0.000286918
0.000947914
0.000422479
0.000620172
0.000765481
0.00199408
0.00101182
0.0013668
0.12039
0.0165752
0.0228543
0.0232288
0.00167961
0.00372517
0.00587651
0.00310422
0.00340375
0.00217092
0.00296692
5.88666e-05
0.000398252
0.000806118
0.00255848
0.00046791
0.000164301
0.00223136
0.000161269
0.00112805
0.00170596
0.000485718
0.00216433
0.00074716
0.00207214
0.000580373
0.00147463
0.000816531
0.00190979
0.32608
0.00322647
0.0043481
0.00350097
0.0132559
0.0134309
0.00223403
0.00635426
0.000318399
0.00154911
0.00147877
0.00281736
0.00201032
0.00212773
0.00127674
0.000985083
0.000273452
0.00052405
0.00215802
0.000424701
0.000412813
0.00227559
5.00689e-05
0.00211331
0.000983635
0.000677714
0.000521694
0.000736578
0.328462
0.114299
0.0160885
0.00307797
0.0200328
0.00293934
0.00772127
0.00315729
0.00428513
0.00170886
0.00117147
0.00139097
0.000902331
0.00178529
0.000142763
0.00104415
0.00243143
0.00250773
0.00160099
0.00238514
0.0016892
0.00229374
0.000198003
0.00146947
0.000617262
0.000257716
0.000698924
0.00139736
0.000498962
0.000545768
0.159454
0.0546427
0.00400108
0.0300213
0.00213064
0.000215652
0.00431042
0.00201542
0.00344016
0.00325313
0.000689301
0.00177419
0.00145334
0.00114454
0.00246404
0.00019883
0.000405571
0.000286158
0.00234502
0.000289668
0.000508977
0.00046762
0.00132537
0.000510955
0.000853848
0.00155656
0.00148972
0.000634794
0.00201735
0.00191497
0.0648132
0.0332909
0.0605903
0.00360517
0.00375101
0.00155165
0.00516671
0.0042759
0.00200242
0.000421207
0.00179441
0.00247642
0.00165717
0.0019687
0.00205882
0.000388814
0.00155053
0.000590525
0.000341219
7.31839e-05
1.68161e-05
0.000740218
4.2541e-05
0.00224516
0.00109662
0.00143397
0.00192431
0.00123115
0.0013788
0.00132188
0.0626746
0.0162971
0.00438166
0.0102709
0.00484447
0.00491567
0.000590226
0.00385917
0.00257864
0.00112683
0.00144665
0.000430283
0.00139173
0.00111336
0.00224356
0.000163593
0.00146568
0.000300457
0.00146537
0.000292269
0.000950789
0.000427574
0.000624851
0.000769379
0.00199204
0.00101437
0.00136743
0.176801
0.00386206
0.0038765
0.00954337
0.000729273
0.00471768
0.000800438
0.000231997
0.00154721
2.95982e-05
0.000263475
0.000771583
0.000474089
0.00012548
7.84417e-05
0.00231501
0.000286851
0.00223926
0.00137591
0.00199262
0.000618488
0.000708283
0.00114108
0.000645664
0.00100297
0.00107876
0.000837472
0.0014561
0.0403167
0.00295539
0.000288727
0.00183592
0.00362925
0.0019631
3.96403e-05
0.00148429
0.00018143
4.4004e-05
0.000317666
0.00262646
8.65491e-06
0.000926717
0.00216042
0.00221666
0.000503074
0.000754633
0.000628559
0.00210869
0.000819486
0.000752316
0.000871841
0.000911081
0.00187533
0.0019259
0.00114464
0.00100075
0.0017552
0.290048
0.00309739
0.00434048
0.00327658
0.0138682
0.0136536
0.00217232
0.00642381
0.000421367
0.00149908
0.00157082
0.0028182
0.0019932
0.00216963
0.00132766
0.00103012
0.00028686
0.000546971
0.00216247
0.000454675
0.000386274
0.00228441
7.96313e-05
0.00212156
0.000969142
0.000656878
0.000506294
0.000723543
0.0485692
0.023421
0.01031
0.00394323
0.00365614
0.00308851
0.00234642
0.0027596
0.00114624
0.000330189
0.000316661
0.000818957
0.00233259
0.00056609
0.000454547
0.00208708
0.000607738
0.00196771
0.00111284
0.00202173
0.00202113
0.000865764
0.000866348
0.00106243
0.00102971
0.00186531
0.00165765
0.00104732
0.334344
0.0134251
0.014259
0.00930097
0.0133465
0.0018737
0.00224866
0.00353102
0.00316152
0.00235342
0.00113
0.00177539
0.0020441
0.00064655
0.002718
0.00164805
0.000692649
0.00062198
2.84902e-06
0.000491658
8.9031e-05
0.000207153
0.000847416
0.00140172
0.000433033
0.000821817
0.000625567
0.00204621
0.000734419
0.00909978
0.00242288
0.00237466
0.00383881
0.00261467
0.0029275
0.00177018
0.000777817
0.00278943
0.000211118
0.000386104
0.000146355
0.002445
0.000325126
0.000593439
0.00062379
0.00120128
0.00058
0.00163648
0.00211676
0.00205251
0.000841376
0.000804631
0.00177133
0.00184876
0.00182327
0.00114375
0.00113923
0.00175246
0.221671
0.0337
0.00441789
0.00811619
0.00345551
0.00077863
0.00340739
0.000884315
0.000328432
1.35786e-05
0.000876437
0.00270499
0.000431916
0.000606568
0.000240309
0.00238685
0.00234235
0.000752199
0.00063374
0.00150917
0.00066165
0.00203311
0.000706161
0.00203146
0.000827011
0.00197951
0.00191437
0.0009401
0.00125229
0.00115177
0.172273
0.0306585
0.00461506
0.00767913
0.00345301
0.000826707
0.00330553
0.000849301
0.00030876
8.34329e-07
0.000850126
0.00270205
0.000413484
0.000610173
0.000249297
0.00238347
0.00233953
0.000756281
0.000638876
0.00150787
0.000666464
0.00203055
0.000710281
0.00202916
0.000830381
0.00197751
0.00191256
0.000942639
0.00125326
0.00115325
0.0132615
0.034399
0.00443965
0.00130154
0.0117211
0.00181499
0.00610219
0.00235158
0.00273935
0.00138848
0.000209269
0.000324843
0.000346298
0.000129941
0.000309615
0.00220122
0.000421471
0.00223222
0.0022978
0.00189023
0.00215043
0.00041525
0.00190434
0.000678486
0.00110342
0.00126684
0.00123005
0.000799885
0.00786922
0.00259007
0.00207162
0.00395575
0.00266506
0.0029244
0.00178214
0.000792771
0.00279026
0.000206435
0.000390473
0.000143538
0.00244387
0.000324693
0.000593006
0.000628543
0.00120574
0.000581946
0.0016387
0.00211527
0.00205121
0.000843005
0.000807654
0.00177125
0.001848
0.00182233
0.0011465
0.00114197
0.00175154
0.017273
0.00173986
0.00647527
0.00376932
0.000801113
0.000211154
0.00304823
0.00321483
0.00232802
0.00274497
6.36463e-05
0.00254914
0.00245889
0.000588689
0.00226031
0.000582528
0.00222492
0.000727787
0.00210297
0.000867544
0.00169672
0.00198953
0.000921752
0.00118718
0.00103706
0.0012912
0.0018433
0.00184782
0.00183374
0.00110691
0.194851
0.0127191
0.0199614
0.00359993
0.0035435
0.00110816
0.00418615
0.00299119
0.00296824
0.00264053
0.000110336
0.0010879
0.000521356
0.000151319
0.000592595
0.0024391
0.00238515
0.000154602
0.00223647
0.000434441
0.000977417
0.00216709
0.00183148
0.00124251
0.000675341
0.00177419
0.000825611
0.0010642
0.00195266
0.0013949
0.057672
0.00525799
0.00106079
0.00275286
0.000655364
0.00217685
0.0028488
0.00275877
0.000405406
0.00264418
0.00250557
0.00177302
0.000538462
0.00225955
0.00197396
0.000686182
0.00183833
0.0007989
0.00081434
0.00198596
0.00150205
0.00197284
0.00134782
0.00187646
0.00113012
0.00105341
0.00184135
0.0010989
0.0505937
0.00478722
0.0058976
0.00459219
0.00411832
0.00284796
0.000673806
0.000287283
0.000303146
0.000135842
0.000124962
0.000330715
0.00248876
0.00220455
0.00221743
0.0011386
0.00218214
0.00172812
0.00166884
0.00112165
0.00180844
0.00109974
0.00189441
0.00139447
0.00108144
0.00110222
0.00164876
0.0011383
