0.125421
0.0206249
0.0278404
0.00975396
0.00817122
0.00944241
0.00833207
0.00809264
0.00964994
0.00822869
0.00997643
0.00978401
0.00856311
0.00922207
0.00835824
0.00845972
0.00919752
0.00909944
0.00915226
0.00861795
0.00880174
0.00897229
0.00863038
0.00902642
0.00854767
0.00899656
0.00894439
0.00895394
0.0493882
0.0617564
0.0086825
0.00723597
0.00941053
0.00346502
0.00934461
0.00537606
0.00755074
0.00677797
0.00896913
0.0078812
0.00826956
0.00900441
0.0091416
0.00791401
0.00908699
0.00904788
0.00908326
0.0082453
0.00840319
0.00903998
0.00816152
0.00902497
0.00851358
0.00900169
0.00898793
0.00833617
0.00837368
0.00895987
0.00834446
0.00838187
0.00836649
0.00883085
0.00839805
0.00868546
0.00890659
0.00890351
0.00847259
0.00888837
0.00889924
0.00848818
0.00850403
0.00864485
0.00885598
0.0088241
0.00850749
0.00880884
0.00885404
0.00852124
0.00874845
0.00882976
0.00864228
0.00861142
0.0087907
0.00881326
0.00856146
0.00857835
0.190438
0.0296554
0.010498
0.0156915
0.0112022
0.0103076
0.0116284
0.00828165
0.00987508
0.0107355
0.00992183
0.00965569
0.00837305
0.00835478
0.00970727
0.00832781
0.00894344
0.00948604
0.00839884
0.00905393
0.00901937
0.00918869
0.00847612
0.00913525
0.00910809
0.00874548
0.00872142
0.00903067
0.0723325
0.0430386
0.0157871
0.0161013
0.0124843
0.0126451
0.00833644
0.00813851
0.00961434
0.0100042
0.0101575
0.00851486
0.00959754
0.00945732
0.00943134
0.00877289
0.00914006
0.00911892
0.00932947
0.00901351
0.00880242
0.00917731
0.00913509
0.00901003
0.00850641
0.00862404
0.00895369
0.127693
0.0879507
0.0112039
0.0111393
0.0123476
0.00857188
0.0109423
0.0126256
0.00853037
0.011849
0.0112371
0.00867901
0.00909017
0.0101962
0.010109
0.00825915
0.00946165
0.0098397
0.00892185
0.00963113
0.0090464
0.0083941
0.0084792
0.00912692
0.00896314
0.00849552
0.00920216
0.00913065
0.00913261
0.264026
0.0136065
0.013258
0.0106848
0.00867843
0.00986724
0.00857287
0.0105468
0.00833676
0.0112601
0.00991158
0.0108976
0.00820621
0.00912159
0.0100619
0.00922199
0.00942626
0.00836708
0.00931158
0.00965324
0.00908914
0.00838939
0.00908774
0.00909175
0.00890138
0.00913299
0.00853873
0.00918677
0.0088198
0.0087849
0.107601
0.013813
0.0211336
0.0098134
0.00838308
0.0119564
0.0114526
0.00995621
0.011583
0.00906519
0.0105131
0.00824197
0.0102124
0.0100487
0.00939627
0.00978761
0.00902898
0.00953315
0.00847372
0.00933739
0.00930484
0.00886663
0.00910873
0.00861178
0.00907451
0.00866674
0.00907781
0.00882672
0.00852573
0.100708
0.068941
0.0169543
0.0134626
0.00786736
0.01151
0.00935652
0.00802568
0.00890516
0.00811466
0.00966201
0.0107537
0.00940662
0.00834466
0.00833025
0.00989772
0.0083816
0.00949587
0.00911394
0.00941397
0.00877017
0.00925041
0.00868583
0.00929293
0.00922313
0.00921697
0.00908428
0.00908709
0.156283
0.0169647
0.0360215
0.0168221
0.00869312
0.00856824
0.0113709
0.0105065
0.00941319
0.0105633
0.00822846
0.00996089
0.00897337
0.0097472
0.00837497
0.00955469
0.00926118
0.00850275
0.00933326
0.00846673
0.00910538
0.00921731
0.00867287
0.00899321
0.00885305
0.00849525
0.00862564
0.00902475
0.023092
0.00886107
0.0131256
0.00809235
0.0104906
0.00811593
0.0105506
0.00955633
0.00887345
0.00826656
0.00897328
0.00956469
0.00965739
0.00961863
0.0095295
0.00942945
0.00907074
0.00911639
0.00914553
0.00923892
0.00850557
0.00915747
0.00844568
0.00908284
0.00898027
0.00862467
0.00893652
0.00886702
0.00867908
0.0100992
0.0153018
0.0104331
0.0107571
0.0103483
0.00787753
0.00798008
0.00817086
0.00813682
0.00945311
0.00915347
0.00831259
0.00833162
0.00918757
0.009149
0.00909795
0.00906285
0.00848429
0.008982
0.00894379
0.00847569
0.00847918
0.0085638
0.00850471
0.00850952
0.00890725
0.008526
0.00884152
0.00855806
0.187282
0.0845913
0.0110336
0.0110397
0.0125551
0.00859928
0.0110723
0.012596
0.00854843
0.0119003
0.0112587
0.00869265
0.00911211
0.0102329
0.0101421
0.00825583
0.00948419
0.00986297
0.00893211
0.00964772
0.00905831
0.00839095
0.00847752
0.00913304
0.00897236
0.00849313
0.0092165
0.00914354
0.00914429
0.0050613
0.0128175
0.00714976
0.00991172
0.00801486
0.00813795
0.00968163
0.00952496
0.00943726
0.00847727
0.00822685
0.00917327
0.00833059
0.00910154
0.00838017
0.00837081
0.00840467
0.00852188
0.00843036
0.00847908
0.00859458
0.00890721
0.00849488
0.00885852
0.00879391
0.0086095
0.00855707
0.0085594
0.00863668
0.0088529
0.177315
0.016121
0.0140379
0.0128067
0.0166123
0.0116235
0.0100331
0.00920163
0.00980269
0.0100371
0.00933491
0.00863328
0.00832335
0.00965369
0.0100495
0.00869842
0.00927299
0.00843521
0.00947862
0.00929345
0.00937146
0.00843457
0.00858463
0.00902039
0.00872812
0.00872407
0.00884113
0.0100474
0.00784454
0.00951657
0.00766944
0.0104371
0.00784955
0.01005
0.00811577
0.00954495
0.00819337
0.00826296
0.00915679
0.00918315
0.00918728
0.00910208
0.00837523
0.00856312
0.00884766
0.00899969
0.00896644
0.00894696
0.00847414
0.00887889
0.00878629
0.00890458
0.00883193
0.0085469
0.00869223
0.027324
0.0101615
0.0102245
0.00802071
0.0110964
0.00959622
0.00985304
0.00976292
0.00837502
0.00946444
0.00856022
0.00830941
0.00882793
0.00835395
0.00917374
0.00839325
0.00909004
0.00877367
0.00906326
0.00846817
0.0090199
0.00891635
0.00896907
0.00890123
0.0085099
0.00856049
0.00891445
0.00884699
0.00872165
0.0264873
0.0101803
0.010173
0.00802077
0.0110518
0.00958071
0.00984223
0.00975089
0.00838051
0.00945709
0.00856369
0.00831036
0.00882884
0.0083555
0.00917052
0.00839426
0.0090878
0.0087737
0.00906098
0.0084691
0.00901806
0.00891517
0.00896764
0.00890018
0.00851057
0.00856114
0.00891351
0.00884629
0.0087216
0.0523501
0.0380326
0.019866
0.0137424
0.00909382
0.0133522
0.0105948
0.0110192
0.0109882
0.0083952
0.00877804
0.0100348
0.00972326
0.00863453
0.00859239
0.00856448
0.00835547
0.00925418
0.00884815
0.00932471
0.00917329
0.00841678
0.00903252
0.0086478
0.00911406
0.00896289
0.00907396
0.00896873
0.00861952
0.0111524
0.00776147
0.00917999
0.00765195
0.0104604
0.00783674
0.0100529
0.00810563
0.00954446
0.00819288
0.008263
0.00915164
0.00917973
0.00918615
0.00910191
0.00837475
0.00856048
0.00884423
0.00899907
0.00896604
0.00894638
0.00847428
0.00887667
0.00878431
0.00890387
0.0088301
0.00854723
0.00869133
0.0302662
0.00956138
0.00472465
0.00748304
0.00766159
0.00819899
0.00818444
0.00915149
0.00800107
0.00823669
0.00907608
0.00854888
0.00829409
0.0090272
0.00854537
0.00897574
0.00839463
0.00894857
0.00842039
0.008466
0.00889468
0.00889418
0.00849287
0.00885389
0.0088679
0.00864139
0.00855722
0.00879099
0.00856014
0.00856756
0.339083
0.00831528
0.0167416
0.0103334
0.00859614
0.00806343
0.00867117
0.0105228
0.0081755
0.00974673
0.00974833
0.00839213
0.00933363
0.00945582
0.00836634
0.00931097
0.00867688
0.00916606
0.00873131
0.00910446
0.00849588
0.00903631
0.00900339
0.00863031
0.00897114
0.00851576
0.00884623
0.00884675
0.0107528
0.00723786
0.00592143
0.00754429
0.009497
0.0080399
0.0081816
0.0079152
0.00920326
0.00802839
0.00820795
0.00836821
0.00832425
0.00828139
0.00886959
0.00837258
0.00894751
0.00864638
0.00849895
0.00888317
0.00854288
0.00874824
0.00886286
0.00859643
0.00855863
0.00861554
0.00882869
0.0206178
0.00109106
0.00316263
0.00763007
0.00929266
0.00815981
0.00762038
0.00777616
0.0086884
0.00877734
0.00882617
0.00835858
0.00823915
0.00826662
0.00840642
0.00835228
0.00847571
0.00893873
0.0085996
0.00859458
0.00846977
0.00887249
0.00848456
0.00851658
0.00866774
0.00854328
0.00884919
0.00879758
0.00862087
0.00881074
