0.425594
0.0659053
0.0249687
0.0148219
0.012547
0.0100611
0.0112822
0.0242734
0.0113538
0.0234797
0.0163916
0.0168995
0.0185102
0.0163578
0.0199714
0.0180465
0.0192619
0.0192977
0.0231866
0.0189459
0.0199478
0.0196972
0.0199064
0.0223164
0.0200259
0.0199956
0.0211884
0.0203153
0.0226634
0.0205456
0.29618
0.0449702
0.0127002
0.0078054
0.00844763
0.0156222
0.0168309
0.0252318
0.0115753
0.0105432
0.0107244
0.0137831
0.0173502
0.0191923
0.0191914
0.0168298
0.01688
0.0244921
0.0245987
0.0178703
0.020798
0.0191905
0.0243372
0.0197288
0.0191326
0.0241404
0.0196052
0.0239331
0.0196897
0.0202645
0.0202764
0.0237063
0.0209745
0.0231629
0.02354
0.0202019
0.020678
0.0205586
0.0206338
0.0204789
0.0206423
0.0208328
0.0216189
0.0223439
0.0206785
0.0230214
0.0207943
0.0231176
0.0208426
0.0222865
0.02099
0.0209576
0.0219971
0.0228648
0.0217175
0.0213673
0.021173
0.0221619
0.0227639
0.29202
0.0489865
0.0104334
0.0237547
0.000622515
0.0252993
0.0242489
0.0239757
0.0231573
0.0108242
0.0251235
0.0121369
0.0247624
0.0172101
0.0244907
0.0211591
0.0236829
0.0242997
0.0242709
0.0188275
0.0222031
0.0205036
0.0199147
0.0221827
0.0201052
0.0196134
0.0198194
0.0234043
0.0200667
0.0213361
0.693349
0.0636736
0.0243925
0.00737502
0.0064431
0.000537732
0.0167545
0.0145318
0.0179553
0.025473
0.025406
0.0206183
0.0244794
0.0162707
0.0173518
0.0246192
0.0237425
0.0217134
0.0186034
0.0237593
0.0197295
0.0234297
0.0209398
0.0220166
0.0198108
0.0197246
0.021777
0.0202984
0.0208033
1.08213
0.0113327
0.0804295
0.0336693
0.0119567
0.0256545
0.00547363
0.0156946
0.0207136
0.0142531
0.0250425
0.0181884
0.0244524
0.0249528
0.0218995
0.0199695
0.024032
0.0179201
0.0219611
0.0238273
0.021498
0.0234716
0.0198269
0.0231733
0.0194421
0.0195848
0.0231904
0.147832
0.0483554
0.0232207
0.0156787
0.0122479
0.0217621
0.0106812
0.024956
0.0220052
0.0245144
0.0181905
0.0185664
0.0247523
0.0205759
0.0217702
0.0190739
0.0177048
0.019436
0.0218585
0.0239321
0.0200652
0.0229567
0.0215551
0.0219284
0.0202586
0.0211975
0.488033
0.0180981
0.00297393
0.00647479
0.00695308
0.0067872
0.0266646
0.0172395
0.00971767
0.0177117
0.0205223
0.0125249
0.0138767
0.0248995
0.0171632
0.0196225
0.0229606
0.0220861
0.0223426
0.0180094
0.0208269
0.0224847
0.0216974
0.0190496
0.0233429
0.0215017
0.0215375
0.0233771
0.0201547
0.763794
0.10649
0.098216
0.00299433
0.0110553
0.00553061
0.00350613
0.0214409
0.00533139
0.0127064
0.0157838
0.0155837
0.0242533
0.018309
0.0182989
0.0172199
0.0166916
0.0179464
0.0173513
0.0183528
0.0243222
0.0206897
0.0186159
0.0186745
0.0236216
0.0220003
0.0201859
0.021199
0.0198346
0.0225446
0.309344
0.0446246
0.0104461
0.0236643
0.000584855
0.0253267
0.0242935
0.0240131
0.0231885
0.0108767
0.0251164
0.0121949
0.0247548
0.0172217
0.0244827
0.0211715
0.0236784
0.0242919
0.0242633
0.0188384
0.0222045
0.0205138
0.0199274
0.0221834
0.020112
0.0196239
0.0198299
0.0233992
0.0200757
0.0213404
0.0560821
0.0801165
0.0231055
0.00155157
0.00147534
0.026103
0.0175474
0.0256571
0.0174679
0.0152008
0.0189567
0.0160113
0.0168671
0.0182335
0.0180753
0.0184845
0.0218253
0.0195369
0.0192002
0.0226479
0.0203936
0.0199965
0.0206807
0.0232742
0.0206723
0.0231586
0.0989418
0.178787
0.0377908
0.0153828
0.0174909
0.00902312
0.0254104
0.0227722
0.0241271
0.0166506
0.0191229
0.0177944
0.0176527
0.0181469
0.0237602
0.0236973
0.0206421
0.0226033
0.0198111
0.0202526
0.0199395
0.0201256
0.0206286
0.023144
0.022971
0.0209113
0.021404
0.0222695
0.0208435
0.0228701
0.725575
0.0597298
0.134832
0.0187747
0.0119315
0.0145278
0.0161449
0.0120878
0.00288728
0.0164129
0.0133399
0.0180403
0.0246427
0.0183677
0.0179914
0.0162624
0.0160104
0.0178916
0.0180123
0.0232936
0.024125
0.0238468
0.0189687
0.0197946
0.0192786
0.0195836
0.0220149
0.0216864
0.15637
0.00671859
0.0162894
0.00205707
0.00344657
0.0124918
0.0167423
0.0134788
0.0207867
0.0248013
0.0218868
0.0173795
0.0226486
0.0226166
0.0198506
0.0239222
0.0205082
0.0237645
0.0198473
0.0232044
0.0201812
0.0201984
0.0223019
0.0226087
0.0213566
0.02119
0.020844
0.0211518
0.0225365
0.319282
0.545734
0.0122467
0.052648
0.022252
0.007231
0.0268221
0.00457592
0.004778
0.0107303
0.0239999
0.0125107
0.0252662
0.0182921
0.019323
0.0175503
0.0202003
0.0179792
0.0192746
0.0220943
0.0228445
0.0195864
0.0220936
0.0220934
0.0195426
0.0197607
0.0223666
0.0207765
0.0343544
0.0272847
0.000151265
0.0174632
0.0135851
0.0149715
0.0253391
0.0249717
0.0162654
0.0245183
0.017775
0.0183751
0.0193218
0.0184348
0.0188246
0.0236981
0.0234976
0.0228963
0.0199532
0.022637
0.0205508
0.0218642
0.0218823
0.02313
0.0205707
0.0206771
0.0209512
0.0209102
0.0210906
1.02069
0.0461482
0.00428237
0.0264569
0.0248373
0.0258254
0.0255787
0.0142019
0.0251274
0.019374
0.0206116
0.0183069
0.0219674
0.0237938
0.0233279
0.0204259
0.0198451
0.0208165
0.0234382
0.0199487
0.0233525
0.0202928
0.0207892
0.0204967
0.0214556
0.0207295
0.0224301
0.641821
0.0459869
0.00428055
0.0263917
0.0248975
0.0257919
0.0255486
0.014364
0.0251057
0.0194517
0.0206457
0.0183161
0.0219792
0.0237863
0.0233232
0.0204413
0.0198608
0.0208274
0.0234321
0.0199572
0.0233471
0.0203003
0.0207936
0.0205035
0.0214592
0.0207349
0.0224287
0.862333
0.0833513
0.0656607
0.00108005
0.000199726
0.0194385
0.0016273
0.0260673
0.0223963
0.0224882
0.01362
0.0246262
0.0170346
0.0247932
0.0245922
0.0169971
0.0179437
0.0182466
0.0225264
0.0194281
0.0189837
0.0238376
0.0196507
0.021021
0.0234414
0.0197869
0.020067
0.0204515
0.0205094
0.0211009
0.033869
0.0274057
1.37562e-05
0.0174777
0.013632
0.0147526
0.0253525
0.0249868
0.0162866
0.0245203
0.0177889
0.0183868
0.0193288
0.0184452
0.0188336
0.023697
0.0234958
0.0228943
0.0199602
0.0226355
0.0205576
0.0218655
0.0218837
0.0231269
0.0205779
0.0206841
0.020958
0.0209158
0.021097
2.35097
0.0267445
0.0172018
0.000925673
0.0252258
0.0250562
0.0250828
0.0171486
0.0214688
0.0237544
0.0235318
0.0192921
0.0203957
0.021964
0.0199568
0.0225712
0.0225235
0.0202555
0.0207189
0.0232976
0.0232117
0.0214474
0.0221988
0.0209807
0.0216072
0.0224122
0.0211941
0.718355
0.169203
0.00393076
0.0129886
0.0241201
0.00693996
0.01236
0.0257241
0.011276
0.0215026
0.0184287
0.0231014
0.0192756
0.0179365
0.018174
0.02049
0.0183044
0.0196558
0.0234226
0.0238514
0.0236907
0.0232082
0.0234321
0.0203208
0.021459
0.0227296
0.0206934
0.0205966
0.0207167
0.355341
0.158012
0.00147628
0.00773301
0.0255881
0.0168878
0.0172988
0.0248056
0.0183987
0.0206633
0.0199622
0.0240192
0.0195172
0.0192215
0.0200026
0.0210544
0.0222367
0.0231511
0.0204446
0.0229448
0.0210959
0.0231585
0.0211772
0.0208339
0.0224769
0.0210335
0.0210952
0.0226692
0.0211603
0.296747
0.040686
0.0266655
0.0257787
0.00842015
0.0126501
0.0251641
0.0247174
0.0210574
0.0244262
0.0244512
0.0204306
0.0238138
0.0240616
0.0193424
0.0235277
0.0199416
0.0233393
0.0203886
0.0204885
0.0216472
0.0232666
0.0228902
0.0221606
0.0228462
0.0222041
0.0217266
0.0229428
0.0222581
0.0212895
