0.0777911
0.000944816
0.0218187
0.0208098
0.0186619
0.0217817
0.0209816
0.0222232
0.0216417
0.0213037
0.0216445
0.0221829
0.0218174
0.0219143
0.0217669
0.0220951
0.0221562
0.0219292
0.0221732
0.0219904
0.0220703
0.0220233
0.0220653
0.0220683
0.022325
0.0221996
0.022106
0.0221255
0.0310169
0.0355359
0.0453156
0.0272786
0.0225426
0.0220736
0.0221382
0.022275
0.0221654
0.0225988
0.0238494
0.0230976
0.0226304
0.0231263
0.0221446
0.0227533
0.0224826
0.0227886
0.0226327
0.0227497
0.0221531
0.0221372
0.0224706
0.0225147
0.0225946
0.0225396
0.0225018
0.022521
0.0225213
0.0224472
0.0223747
0.0221849
0.0224689
0.0224618
0.0223513
0.0221906
0.0223125
0.022409
0.0223848
0.0223677
0.0223321
0.0223253
0.0223373
0.0222881
0.0222727
0.022281
0.0222111
0.0223677
0.0223378
0.0223536
0.0222419
0.0222455
0.0223454
0.0223282
0.0222898
0.022255
0.0223097
0.0223355
0.0222151
0.0832028
0.0197608
0.00465816
0.0134965
0.0212287
0.0179219
0.0215933
0.0217759
0.0202403
0.0218056
0.020992
0.0211149
0.0223603
0.021881
0.0223697
0.021501
0.0223028
0.0216633
0.0218694
0.0218809
0.0219643
0.021932
0.0219809
0.0219019
0.0221015
0.021973
0.0219982
0.0220292
0.0222989
0.022088
0.0901402
0.0180604
0.00813548
0.022245
0.0195632
0.0205057
0.0208395
0.0207035
0.0224135
0.0217367
0.021282
0.0217136
0.0219969
0.0218816
0.0222058
0.0222085
0.0218731
0.0218004
0.0223384
0.0223225
0.0219386
0.0219953
0.0223398
0.0220693
0.022322
0.0222694
0.0221015
0.0220776
0.0220536
0.0221797
0.153614
0.0207676
0.0146565
0.0181479
0.0136342
0.0204225
0.0214731
0.0215016
0.0204975
0.0224698
0.0205022
0.0209425
0.0214762
0.0221789
0.021243
0.02163
0.0214592
0.0219998
0.0216086
0.0217369
0.0223277
0.0219318
0.0219246
0.0222807
0.0218807
0.0220101
0.0222429
0.0219682
0.190308
0.010393
0.0128503
0.0221037
0.0205517
0.0210874
0.019122
0.0220001
0.0221296
0.0217737
0.0219495
0.0218077
0.0224075
0.0219378
0.0223042
0.0215006
0.0216187
0.0216962
0.0218159
0.0220024
0.0222872
0.0219798
0.0219112
0.0222977
0.0219591
0.0220665
0.0727662
0.00676715
0.015687
0.0162387
0.0191708
0.0224203
0.0224713
0.0218087
0.0202778
0.0216237
0.0206238
0.0209027
0.0218966
0.0220356
0.0218677
0.0214995
0.0222685
0.0216549
0.021685
0.0217365
0.0217857
0.022355
0.0221904
0.0220956
0.022073
0.0219775
0.0221746
0.0220006
0.0221342
0.119353
0.0210132
0.000780536
0.0197465
0.0220881
0.021837
0.0210113
0.0214771
0.0223629
0.0208552
0.0223238
0.0219198
0.0216213
0.0214038
0.0213689
0.0216882
0.0215002
0.0223364
0.0216134
0.0220003
0.0218038
0.0218756
0.0219847
0.0217984
0.0222176
0.0221818
0.022056
0.021961
0.0219723
1.58774
0.0199534
0.00467074
0.0134966
0.0212322
0.0179958
0.0215942
0.0217761
0.0202645
0.0218062
0.0210007
0.0211233
0.0223599
0.0218826
0.0223693
0.0215069
0.0223026
0.0216675
0.0218718
0.0218831
0.0219659
0.0219339
0.0219824
0.0219042
0.0221022
0.0219748
0.0219997
0.0220305
0.0222988
0.0220889
0.0218208
0.0169649
0.0217377
0.0214545
0.0216578
0.0200254
0.0217454
0.0222638
0.0215598
0.0213324
0.0214488
0.0216283
0.0218784
0.0218002
0.0221048
0.0218547
0.0220481
0.0223113
0.0220894
0.0220827
0.0219983
0.0220405
0.0222881
0.0220589
0.0221355
0.0221084
0.0221042
0.0221786
0.0221146
0.0252824
0.0227349
0.0211762
0.0226705
0.022534
0.0217485
0.0225539
0.0225396
0.0224471
0.0224754
0.0223706
0.0224428
0.0224238
0.0222498
0.0222744
0.0221745
0.0221351
0.0223092
0.0221338
0.0223487
0.0221898
0.022344
0.0222163
0.0223005
0.0221968
0.0223269
0.0223221
0.0221875
0.022257
0.0223124
0.164845
0.0206953
0.0143504
0.0179735
0.013594
0.0204684
0.0214324
0.0215066
0.0204944
0.0224704
0.0204625
0.0209093
0.0214519
0.0221729
0.0212172
0.0216221
0.021443
0.0219907
0.0215954
0.0217215
0.022328
0.0219214
0.0219139
0.0222801
0.0218699
0.0220017
0.0222416
0.0219598
0.0184102
0.0216282
0.0233663
0.0227514
0.0219106
0.0225909
0.0225593
0.0220213
0.0220729
0.0223196
0.0224137
0.0221952
0.0223988
0.0221057
0.0223819
0.0221651
0.0221239
0.0221362
0.022144
0.0221473
0.0221859
0.0222111
0.0222147
0.0221974
0.0222829
0.0223037
0.0223232
0.0223163
0.0223169
0.0221982
0.00849977
9.24353e-05
0.00701959
0.0219894
0.0220117
0.0202252
0.021904
0.0219334
0.0213661
0.0215536
0.0204429
0.0224032
0.0221357
0.0211684
0.0216563
0.0223975
0.0214455
0.0220702
0.0216696
0.0220621
0.0218181
0.0217927
0.0218925
0.0218475
0.0221267
0.0223088
0.0220838
0.0219728
0.0221184
0.0221778
0.0191711
0.0198721
0.0228753
0.0211565
0.0218497
0.0218363
0.0225744
0.0220415
0.0223896
0.0224168
0.0220572
0.0220637
0.0221056
0.0223984
0.0221149
0.0221917
0.0223715
0.0223319
0.0223235
0.0223216
0.0223448
0.0221633
0.022227
0.0222219
0.0223254
0.0223219
0.0222193
0.0221883
0.0222015
0.0196436
0.0169915
0.0218003
0.0213583
0.0215043
0.02228
0.0215011
0.0223404
0.0218526
0.0224103
0.0223879
0.022398
0.022363
0.0223793
0.0220016
0.0223002
0.0220556
0.0221956
0.0221411
0.0221279
0.022118
0.0221599
0.0223244
0.0222066
0.0221548
0.0222812
0.0221799
0.0222476
0.0196435
0.0168322
0.0218148
0.0213479
0.0215022
0.0222761
0.0215141
0.0223382
0.021858
0.0224094
0.0223869
0.0223974
0.0223623
0.0223788
0.0220037
0.0222996
0.0220569
0.0221958
0.0221417
0.0221285
0.0221188
0.0221604
0.0223241
0.0222069
0.0221553
0.022281
0.0221803
0.0222476
0.00896434
0.0099406
0.00350887
0.0215398
0.0215005
0.0213096
0.0214605
0.020927
0.0222076
0.0216329
0.021638
0.0224035
0.0223687
0.02199
0.0216883
0.0218969
0.0219113
0.0223721
0.0221386
0.0223436
0.022042
0.0220082
0.0219789
0.02203
0.0221482
0.0221339
0.0221947
0.022255
0.0221599
0.0262595
0.0198196
0.0229265
0.021189
0.0218868
0.0218356
0.0225834
0.0220509
0.0223968
0.0224165
0.0220575
0.0220662
0.022109
0.0223991
0.0221175
0.0221949
0.0223717
0.0223336
0.0223251
0.0223229
0.0223449
0.0221642
0.0222287
0.0222234
0.0223254
0.0223218
0.0222205
0.0221888
0.0222024
0.0277006
0.0220016
0.0220297
0.0220238
0.0229472
0.022609
0.0230519
0.0229283
0.0224695
0.0224011
0.0221227
0.0222621
0.0224062
0.0225152
0.022287
0.0224613
0.0223837
0.02244
0.0221709
0.0224007
0.0222428
0.0223373
0.0222728
0.0222922
0.0223312
0.0221975
0.0222891
0.0223201
0.00773695
0.0149088
0.0169986
0.0201384
0.022198
0.0206192
0.0224284
0.0216791
0.0219189
0.0219498
0.0222674
0.022018
0.0223141
0.0223116
0.0223812
0.0220595
0.0221151
0.0220415
0.0222858
0.0220262
0.022341
0.0223469
0.0222913
0.0221612
0.0222095
0.0223055
0.0223226
0.0221252
0.0221413
0.0228783
0.0352334
0.0276194
0.0222228
0.0236064
0.0220683
0.0225323
0.022409
0.0221028
0.0225995
0.0222637
0.022571
0.0225229
0.0221436
0.0224754
0.0223741
0.0223248
0.0222183
0.0222886
0.022386
0.0223424
0.0222032
0.0223114
0.0223473
0.0223331
0.0223174
0.0223291
0.0223329
0.0222921
0.0222189
0.0218994
0.0334485
0.024409
0.0220307
0.0224235
0.0223092
0.0225559
0.0224385
0.0224981
0.0224491
0.0224388
0.0224457
0.0225476
0.0225332
0.0225107
0.0221605
0.0221726
0.0223803
0.0221801
0.0223513
0.022202
0.0222461
0.0223677
0.0222205
0.0222909
0.0222419
0.0222516
0.0222146
0.0223338
0.0222194
