0.0107251
0.0107251
0.0107261
0.0108366
0.0105906
0.0107198
0.0107396
0.0107748
0.0107134
0.0107247
0.0108131
0.0108018
0.0107272
0.0107272
0.0106825
0.0107176
0.0107341
0.0106939
0.0107854
0.0106779
0.0107745
0.0107786
0.0106769
0.0106831
0.0107284
0.0106782
0.0106846
0.010757
0.010768
0.0106885
0.0106838
0.0106853
0.0107568
0.0107617
0.0107382
0.0107285
0.0107519
0.0107368
0.0107487
0.0107554
0.0107006
0.0107532
0.0107066
0.0106988
0.0107437
0.00587679
0.0099402
0.011473
0.0110521
0.00924556
0.0114011
0.00961003
0.0116598
0.00998916
0.0116275
0.00983477
0.0113804
0.0108899
0.00998693
0.0100309
0.0109632
0.0101296
0.011079
0.0111568
0.0112391
0.0112377
0.0111113
0.0111313
0.0102899
0.0107725
0.0107222
0.0105313
0.0103606
0.0110706
0.010369
0.0104291
0.0103969
0.0110019
0.0104313
0.0105894
0.0106062
0.0104549
0.0104954
0.010488
0.0106134
0.0107892
0.0105029
0.0109376
0.0109334
0.0107333
0.0107251
0.010725
0.0106795
0.00928297
0.0107688
0.0107835
0.00949062
0.0102935
0.0104461
0.0112129
0.0109931
0.010338
0.00988313
0.0099012
0.0110616
0.0112578
0.0112683
0.0103503
0.0103097
0.0111951
0.0103524
0.0111383
0.0106449
0.0105622
0.0111255
0.010407
0.0106099
0.0110677
0.0108677
0.0110665
0.0104886
0.010593
0.0104429
0.0104294
0.0104404
0.010953
0.0104625
0.0104732
0.0109535
0.0105371
0.0106286
0.010513
0.0107251
0.0107251
0.0107068
0.0100466
0.010743
0.0107493
0.0100803
0.0105383
0.0106028
0.0109723
0.0108558
0.010541
0.0102443
0.0102525
0.0109088
0.0110905
0.0110777
0.01052
0.010493
0.0110333
0.0105122
0.0109922
0.0106785
0.0106303
0.0109997
0.0105333
0.0106563
0.0109596
0.0108133
0.0109599
0.0105786
0.010644
0.0105451
0.0105247
0.0105306
0.010877
0.0105465
0.0105514
0.0108816
0.0106015
0.0106625
0.0105808
0.00658809
0.00944775
0.010697
0.0103356
0.0104879
0.0100894
0.0101264
0.0102039
0.0102317
0.0103251
0.0110425
0.0107128
0.0110356
0.0103924
0.0103829
0.0107172
0.010836
0.0104281
0.0104488
0.0107887
0.0104907
0.0109104
0.0105449
0.0105215
0.0105215
0.0106598
0.0105527
0.0106498
0.0107251
0.0107155
0.0109284
0.0106412
0.0111128
0.0106953
0.0109926
0.0105044
0.0104127
0.0104749
0.0105252
0.0106489
0.010661
0.0107312
0.0108992
0.0109242
0.0107608
0.0105258
0.0105882
0.0105885
0.010794
0.0105558
0.0106303
0.0105631
0.0107931
0.0108372
0.0107026
0.0108563
0.0105887
0.0108269
0.0105942
0.0106676
0.0108375
0.0106174
0.0108284
0.0108088
0.010639
0.0107573
0.0108157
0.0106758
0.0106372
0.0106395
0.0106408
0.0107235
0.0127358
0.00871159
0.0114154
0.0106954
0.00951584
0.0114857
0.0111435
0.0109999
0.0100914
0.0102586
0.0104004
0.0112363
0.0102885
0.0105232
0.0110496
0.0107933
0.010877
0.0110425
0.0110322
0.0107358
0.0104005
0.0104194
0.0106173
0.0105643
0.0109346
0.0105102
0.0109245
0.0105099
0.0106748
0.010675
0.0107251
0.0106987
0.010726
0.0108719
0.0105936
0.0107494
0.0106968
0.010833
0.0107085
0.0106429
0.0107339
0.0108122
0.0108071
0.0107922
0.0107728
0.0107011
0.0106857
0.0107282
0.0107534
0.0107455
0.0106654
0.010738
0.0107098
0.0107295
0.0106749
0.0106801
0.0107272
0.0107124
0.0107078
0.0107585
0.010763
0.0106876
0.0107365
0.0106996
0.010728
0.0107466
0.0107537
0.0107508
0.0107102
0.0107319
0.0107171
0.0107144
0.0107333
0.0107495
0.0100712
0.0105966
0.00998473
0.0103087
0.0102526
0.0106132
0.0103861
0.0104167
0.0104335
0.0105172
0.0108004
0.0108551
0.0105427
0.010789
0.00387236
0.0102368
0.0104439
0.00846213
0.0102169
0.00930779
0.0105822
0.00953904
0.0108095
0.0113799
0.0113523
0.00975964
0.00984992
0.00993006
0.00998821
0.011155
0.0100811
0.0111462
0.0101292
0.0101767
0.0103646
0.0102868
0.010364
0.0108565
0.010377
0.0104945
0.0107957
0.0104413
0.0104571
0.0107251
0.0107251
0.0107057
0.0107166
0.0107028
0.0108091
0.0107499
0.0108953
0.0105633
0.0107202
0.0108437
0.0105923
0.0108158
0.0108441
0.0107748
0.0108334
0.0107868
0.0107377
0.0107456
0.0106697
0.0107859
0.0106398
0.010795
0.0106424
0.0107847
0.010649
0.010697
0.0107759
0.0107738
0.0107195
0.0106892
0.01073
0.0107226
0.0107295
0.0106802
0.0107796
0.0107701
0.0107692
0.0107026
0.0107515
0.0107214
0.010725
0.010683
0.0106832
0.00981247
0.0103501
0.0108096
0.0099272
0.0103805
0.0108415
0.0108059
0.0107058
0.0103273
0.010996
0.0103883
0.0107099
0.0108701
0.0104686
0.0107421
0.010573
0.0104898
0.0109225
0.010535
0.0108787
0.0108397
0.010544
0.0105498
0.0107445
0.0105927
0.010675
0.0107335
0.0105986
0.00204545
0.00714109
0.00701868
0.00823538
0.00910179
0.0109915
0.0113909
0.00920481
0.00986963
0.0111799
0.0108048
0.00987771
0.00999739
0.0101095
0.0119678
0.0097811
0.011103
0.0107163
0.010069
0.0111733
0.0109385
0.010861
0.0103373
0.0105051
0.0105715
0.0110371
0.010506
0.0106262
0.0109128
0.0107634
0.0108107
0.0109151
0.0109091
0.0107324
0.0105262
0.010535
0.0106657
0.0106351
0.0108518
0.010602
0.0108477
0.0105903
0.0106967
0.0106968
0.0107251
0.0072802
0.0106614
0.00861562
0.0101738
0.00961619
0.00950548
0.00989047
0.0101579
0.0109332
0.0103577
0.0113152
0.0112765
0.0111758
0.0110949
0.0101726
0.0110839
0.0103737
0.0111164
0.0102931
0.010282
0.0103223
0.010347
0.0103681
0.0103635
0.0109542
0.0109611
0.0105774
0.0104443
0.0102321
0.0108872
0.0107111
0.0109294
0.0104537
0.0110903
0.0107427
0.0110425
0.0109661
0.0105711
0.0109477
0.0109799
0.0109443
0.0105939
0.0104981
0.010825
0.0105215
0.0105514
0.0105329
0.0106834
0.0107364
0.0106439
0.010829
0.0105813
0.0108497
0.0105907
0.0107997
0.0106453
0.0106184
0.0106202
0.0107249
0.00743114
0.00840792
0.00810983
0.00924576
0.0112064
0.00895408
0.010959
0.00905973
0.00979111
0.0101965
0.0096613
0.00976298
0.00987672
0.0101425
0.0107251
0.0107252
0.0107259
0.0107192
0.010951
0.010475
0.0109018
0.0106672
0.010874
0.0108919
0.0106392
0.010687
0.0106047
0.0106305
0.0105958
0.0105882
0.0107354
0.0105993
0.0106059
0.0107297
0.0106242
0.0108404
0.0107821
0.0106321
0.0106298
0.0108198
0.0106336
0.0106638
0.0106623
0.0107733
0.0106885
0.0107077
0.0107446
0.0106566
0.0107028
0.010715
0.0107474
0.0106819
0.0107766
0.0107355
0.010723
0.0106712
0.0110318
0.00745068
0.00888627
0.0107797
0.00947644
0.0105355
0.0101376
0.0098626
0.0101867
0.0102124
0.0104571
0.0103603
0.010343
0.0107247
0.0103578
0.00834107
0.00949794
0.0103068
0.00912731
0.0109221
0.0111084
0.0098205
0.00998187
0.010087
0.0101993
0.0101399
0.0101578
0.0103107
0.0631674
0.0121838
0.00441386
0.0053478
0.00962961
0.00748103
0.00920698
0.0110029
0.0114164
0.00887389
0.00922679
0.0107692
0.00939564
0.0110219
0.0107251
0.0107251
0.010725
0.0109173
0.0110493
0.0109679
0.0105424
0.0108997
0.0104775
0.0105815
0.0106333
0.0108283
0.0108133
0.0106081
0.0105469
0.0107369
0.0105641
0.0108465
0.0108884
0.010698
0.0106532
0.010641
0.0108305
0.0108223
0.0108307
0.0106231
0.0106117
0.0107878
0.0106324
0.0108302
0.0106517
0.0108264
0.0107716
0.010641
0.0106438
0.0106449
0.0106401
0.0106462
0.0106465
0.0106706
0.0107977
0.0107948
0.0106838
0.0107126
0.0107878
0.00577841
0.00744571
0.00964564
0.011316
0.00992865
0.0102753
0.0107942
0.0100286
0.0104337
0.0102808
0.0106147
0.0105474
0.0108759
0.0104541
0.0107251
0.0104116
0.0105334
0.0110053
0.0103715
0.010466
0.010908
0.0103256
0.0108768
0.0107626
0.010645
0.0108125
0.010528
0.0105343
0.0105649
0.00960886
0.00879796
0.0102232
0.00896024
0.00930834
0.00954765
0.0106821
0.0106056
0.0106269
0.0100099
0.0101652
0.0101923
0.0104954
0.0107224
0.010388
0.0106768
0.00978304
0.0107353
0.0109806
0.0106431
0.0103579
0.0104723
0.0106456
0.0103686
0.0104828
0.0107763
0.0104692
0.0104138
0.0108503
0.0104575
0.0104729
0.0109274
0.0107186
0.0105509
0.0106122
0.0107527
0.0105536
0.0105723
0.0105709
0.0105975
0.00587521
0.00196369
0.00524899
0.00798688
0.0111133
0.00809123
0.00951088
0.00877918
0.00906397
0.00970905
0.009868
0.00987557
0.00977171
0.00992327
0.0109545
0.0105542
0.00352814
0.0082516
0.00702389
0.00896081
0.00894555
0.0112368
0.00899759
0.0112773
0.010056
0.0106157
0.00967164
0.00980268
0.00991422
0.0107251
0.0107254
0.0107253
0.0109313
0.0106592
0.0108967
0.0105415
0.0105482
0.0108814
0.0108671
0.0106125
0.0107802
0.0107968
0.0107277
0.0106188
0.0105833
0.0105982
0.0105882
0.0108422
0.0108084
0.0107078
0.0108266
0.0108505
0.0107319
0.0106852
0.0107396
0.0107869
0.0106267
0.0107569
0.0106449
0.0106419
0.0107775
0.0106458
0.0106867
0.010756
0.010687
0.0107568
0.0108096
0.0106822
0.0107318
0.0107758
0.0106975
0.0107803
0.0107187
0.0106602
0.0106669
0.0106603
0.0107735
0.0107664
0.0106668
0.0107836
0.0107829
0.0107613
0.0106791
0.0107707
0.0106898
0.0107396
0.0107251
0.0107248
0.0105161
0.0105417
0.00987747
0.0101965
0.0107298
0.0100964
0.0104159
0.0105598
0.0102299
0.0105792
0.0102786
0.0106146
0.0103536
0.0103488
0.0108808
0.0103836
0.0105737
0.0104604
0.0105564
0.0107623
0.0108339
0.0108988
0.0107419
0.01088
0.0105407
0.010694
0.0105464
0.0105749
0.0107011
0.0106858
0.0106973
0.0108891
0.0110484
0.010775
0.0103748
0.0107666
0.0108681
0.010646
0.0105343
0.0108107
0.0108302
0.0106676
0.0107248
0.010663
0.0107672
0.0108651
0.0107782
0.010634
0.0105953
0.0107701
0.0107927
0.0107093
0.0107155
0.0107611
