0.019177
0.019277
0.0192737
0.0193932
0.0192024
0.0192791
0.019299
0.0192557
0.0193098
0.0193376
0.0193386
0.0192609
0.0192374
0.0193191
0.0192703
0.0192596
0.0192792
0.0192738
0.0193159
0.019288
0.0192343
0.0193026
0.0192382
0.0193144
0.0193007
0.0193012
0.0193062
0.0192996
0.0193059
0.0193055
0.0192513
0.0192638
0.0192477
0.0192959
0.0192472
0.0192768
0.0192731
0.0192523
0.019296
0.0192913
0.019259
0.019266
0.0192928
0.0192908
0.0192801
0.0174174
0.0185603
0.0181646
0.0192271
0.0196036
0.0190236
0.0185194
0.0188975
0.0200783
0.0199948
0.0197248
0.0199108
0.0191165
0.0189081
0.0187894
0.0192091
0.0190887
0.0189291
0.0192249
0.018931
0.0196522
0.0196415
0.019516
0.0193125
0.0190363
0.0191494
0.0191958
0.0192893
0.019542
0.019314
0.0191658
0.0192365
0.0191695
0.0194204
0.0192432
0.0190841
0.019086
0.0192554
0.0193237
0.0191443
0.0192649
0.0192585
0.0194236
0.0191571
0.0196793
0.0192796
0.0192642
0.0181267
0.0191385
0.018448
0.0199865
0.0198098
0.018534
0.0189131
0.0194453
0.0187717
0.019242
0.0190671
0.0187812
0.0197161
0.0196219
0.0189505
0.0196409
0.0188748
0.0190607
0.0190982
0.0189105
0.0195805
0.0195498
0.0195234
0.0190343
0.0191956
0.0190266
0.0195135
0.019196
0.0194721
0.0192401
0.0190748
0.0192643
0.0190789
0.0191493
0.0191307
0.0190944
0.0194194
0.0193686
0.0191364
0.0194504
0.0192753
0.0192691
0.0186487
0.0192179
0.0188744
0.0196827
0.0195439
0.018856
0.0191006
0.0193547
0.0189277
0.0192575
0.0191675
0.0189915
0.0195565
0.019475
0.0190904
0.0195081
0.0190198
0.0191525
0.0191724
0.0190423
0.0194801
0.0194549
0.0194331
0.0191241
0.019226
0.0191162
0.0194348
0.0192251
0.0194054
0.0192521
0.0191346
0.0192672
0.0191383
0.0191928
0.0191796
0.0191516
0.0193723
0.0193362
0.019181
0.019271
0.01923
0.0187805
0.0193406
0.0191706
0.0193765
0.0194865
0.0194361
0.0193957
0.0195185
0.0190349
0.0190276
0.01904
0.0190184
0.0192567
0.0193667
0.0191523
0.0190912
0.0190832
0.0191148
0.0191658
0.0191163
0.0191218
0.0193035
0.0192105
0.0193638
0.0191805
0.0191538
0.0184164
0.0196793
0.0190834
0.0190933
0.0192947
0.019365
0.0192063
0.0191995
0.0190718
0.019234
0.0193461
0.0193526
0.0191061
0.0194101
0.0191259
0.0191478
0.0191693
0.0194076
0.0192425
0.0193714
0.0191781
0.0191481
0.0191447
0.019163
0.0191877
0.0192158
0.0193719
0.0193714
0.0191734
0.0192485
0.0191892
0.0192959
0.0193548
0.0193108
0.0192428
0.0191967
0.0192474
0.0192084
0.0192125
0.0192386
0.0193394
0.0192311
0.0192335
0.0192765
0.0173727
0.0192704
0.0194346
0.0200125
0.0184617
0.0198449
0.0186726
0.0197713
0.0190554
0.0187644
0.0192946
0.0188224
0.0191672
0.0189784
0.0191305
0.0189688
0.0195435
0.0191323
0.0190048
0.0195139
0.0190193
0.0192418
0.019456
0.0193352
0.0192803
0.0191285
0.0191017
0.0194244
0.0191584
0.0194407
0.0192823
0.0191981
0.0192613
0.0192761
0.0192374
0.0192688
0.0192225
0.0192228
0.0193312
0.0193408
0.0192744
0.0192368
0.0193257
0.0192949
0.0192505
0.0193129
0.019235
0.0193136
0.0192993
0.0192739
0.0192676
0.0192767
0.0193083
0.0192389
0.019241
0.0192966
0.0192798
0.0192735
0.0192834
0.0193009
0.0192482
0.0192822
0.0192938
0.0192513
0.0192976
0.0192961
0.0192517
0.0192798
0.0192821
0.0192887
0.0192533
0.0192824
0.0192198
0.0183778
0.0190452
0.0190624
0.0189935
0.0189368
0.0191203
0.019046
0.0192633
0.0190915
0.019191
0.0191649
0.0191664
0.0191797
0.0177527
0.0166721
0.0189309
0.0190545
0.0188779
0.0183888
0.0191715
0.0186175
0.0194312
0.0192902
0.0195632
0.0193397
0.0190464
0.0186586
0.0187025
0.0188842
0.0188106
0.0190853
0.019547
0.0190035
0.0193551
0.0190815
0.0189955
0.0189847
0.0193213
0.0193478
0.019032
0.0192824
0.0194068
0.0190569
0.0191688
0.0193118
0.0194214
0.0193127
0.019208
0.0191239
0.0192969
0.0191459
0.0191625
0.0193691
0.0193767
0.0191804
0.0192618
0.019307
0.0193389
0.0193532
0.019353
0.0192285
0.0193145
0.0193165
0.019258
0.0193406
0.0193197
0.0192779
0.019285
0.0192313
0.019297
0.0192258
0.0192918
0.0193108
0.0193163
0.0192763
0.0192362
0.0192638
0.0193129
0.0192495
0.0193039
0.0192971
0.0192754
0.0192366
0.0193031
0.0192373
0.0192661
0.0193022
0.0192497
0.0192431
0.0192701
0.0194622
0.0186739
0.0188252
0.0190416
0.0192708
0.0189592
0.0191326
0.0194932
0.0190772
0.0190372
0.0190485
0.01925
0.0190534
0.0194397
0.0194253
0.019143
0.0191149
0.0191266
0.0191255
0.0193238
0.0193532
0.0193246
0.0193485
0.0191706
0.0191735
0.0193141
0.0193325
0.0174114
0.0176857
0.0194018
0.0185273
0.0176499
0.0187055
0.0188089
0.0182613
0.0182724
0.0185486
0.0195044
0.0187289
0.0189808
0.0182119
0.0192811
0.0193529
0.0197055
0.0188371
0.01962
0.0189914
0.0195704
0.0191738
0.0189775
0.0192859
0.0190259
0.019221
0.0191207
0.019201
0.019112
0.0194403
0.0191982
0.0191194
0.0194229
0.0191209
0.0192567
0.0193836
0.0193095
0.0192779
0.0191892
0.0191679
0.0193674
0.0192063
0.0156843
0.0175119
0.0192534
0.017274
0.0180711
0.0191891
0.0197702
0.0186195
0.0187122
0.0196777
0.0190881
0.0191011
0.0193753
0.019591
0.0195789
0.0189416
0.019478
0.0193337
0.019458
0.0189997
0.0193526
0.0192603
0.0193151
0.0190764
0.0190544
0.0192508
0.0192723
0.0191629
0.019263
0.0192682
0.0193095
0.0190489
0.0194511
0.0194746
0.0190889
0.019427
0.0194212
0.019417
0.0194107
0.0190981
0.0192888
0.0192278
0.0193463
0.0192644
0.0191506
0.0191945
0.019163
0.0192087
0.0192144
0.0193297
0.0191938
0.0192283
0.0191919
0.0192095
0.0136133
0.018257
0.0174454
0.0169797
0.0170305
0.0185373
0.0174404
0.0194016
0.0185581
0.0191198
0.019029
0.0190473
0.0188189
0.0186813
0.0191852
0.0194056
0.019273
0.0192733
0.0192801
0.0193574
0.0192801
0.0194202
0.0192428
0.0194186
0.0194293
0.0192378
0.0193487
0.0192417
0.0193525
0.0192424
0.0192779
0.0192105
0.0193391
0.0191774
0.0193489
0.0193697
0.0193085
0.0191848
0.0193676
0.019357
0.0193078
0.0191999
0.0192072
0.0192758
0.0193369
0.0192105
0.0192106
0.0192334
0.0192155
0.0192539
0.0192439
0.0192208
0.0192389
0.0193244
0.0192299
0.0193164
0.0193125
0.0193174
0.0192503
0.0192899
0.0191775
0.0179191
0.0187114
0.018146
0.019802
0.0184084
0.0183855
0.0195885
0.0186448
0.0187353
0.0188825
0.0189145
0.0189754
0.0192032
0.0190378
0.018081
0.0182382
0.0193628
0.0187252
0.0181438
0.0188506
0.0189224
0.0185141
0.018515
0.0187024
0.0194588
0.0188412
0.0190429
0.0138115
0.0149701
0.0143686
0.017128
0.0156054
0.0189918
0.0177607
0.0197507
0.0177639
0.0190229
0.0192628
0.0184917
0.0183905
0.0187156
0.0201482
0.0193098
0.0193798
0.0193005
0.0194332
0.0190388
0.0193667
0.0193593
0.0193799
0.0192945
0.0194406
0.0192222
0.0191491
0.0194133
0.0192981
0.0193508
0.0192243
0.0192354
0.0191653
0.0193733
0.0191995
0.0193837
0.0192715
0.019204
0.019261
0.0192752
0.0192323
0.0192226
0.019299
0.0193509
0.0192387
0.01931
0.0193328
0.0192793
0.0192207
0.0192389
0.019329
0.0193275
0.0193234
0.0192826
0.019257
0.0192562
0.0192878
0.0192556
0.0186351
0.0195975
0.017999
0.0181675
0.0195679
0.0185143
0.0185986
0.019572
0.0192607
0.0188363
0.019449
0.0188956
0.0189723
0.0190596
0.019008
0.018913
0.0191241
0.0188358
0.0188658
0.0192947
0.0189877
0.0190112
0.0189965
0.0190303
0.0191063
0.0191081
0.0191257
0.0193096
0.00465322
0.0170748
0.0185033
0.0184357
0.0187686
0.019136
0.0185048
0.0185706
0.0186642
0.0187413
0.0188115
0.018882
0.0189914
0.0192724
0.0178572
0.0190846
0.0191644
0.0192779
0.0191077
0.0194341
0.0191879
0.0189437
0.01951
0.0191129
0.0190042
0.0193639
0.019057
0.0194073
0.019405
0.0192702
0.0191285
0.0192398
0.0191109
0.0193757
0.0193552
0.0193495
0.0192709
0.0191653
0.0191635
0.0191742
0.019198
0.0181302
0.0128504
0.0165313
0.0176922
0.0174697
0.0176502
0.0177636
0.0179281
0.018541
0.0186019
0.0189124
0.0192505
0.0173261
0.0165127
0.0166154
0.017699
0.0183377
0.0177201
0.0181114
0.0180474
0.0181437
0.0183251
0.0194598
0.0191082
0.0186385
0.0192724
0.0192746
0.0192816
0.0193711
0.019448
0.0192755
0.0192909
0.0192753
0.0191588
0.0193082
0.0191601
0.0191516
0.0191605
0.019158
0.0192529
0.0193979
0.0193885
0.0193182
0.0192991
0.0191944
0.0193668
0.0192221
0.0192718
0.0193609
0.0191972
0.0193554
0.0192907
0.0193076
0.0193373
0.0193466
0.019245
0.0193478
0.0192113
0.0193317
0.0192869
0.0192148
0.0193384
0.0193172
0.019235
0.0192699
0.0193053
0.0193129
0.0193009
0.0193071
0.0192354
0.019281
0.0192721
0.0192354
0.019228
0.0192977
0.0192584
0.0193107
0.0192428
0.0193138
0.0192736
0.0193012
0.0192392
0.0188704
0.0186856
0.0196528
0.0197049
0.0192971
0.0194167
0.0191758
0.0193733
0.0195638
0.0189026
0.0192826
0.0189623
0.0189795
0.0192192
0.0194249
0.0192933
0.0191882
0.0190614
0.0193706
0.0193405
0.0191093
0.0193853
0.0193162
0.0191326
0.0192764
0.0192724
0.0184977
0.0192502
0.0191459
0.0189808
0.0195396
0.0194593
0.0191622
0.0190892
0.0193919
0.0194199
0.0192215
0.0191015
0.019122
0.0192142
0.0193841
0.0191517
0.0192315
0.0192231
0.0192973
0.019372
0.0192613
0.019169
0.0193162
0.0191881
0.0193471
0.0191986
0.0192174
0.0192037
0.0192488
