0.0311201
0.0345918
0.0312305
0.0311121
0.0327151
0.0329106
0.0322898
0.0318638
0.0319769
0.0315012
0.032905
0.0328088
0.031484
0.0325727
0.0322267
0.0315461
0.032222
0.0325657
0.0323002
0.0325246
0.0325185
0.0317226
0.0317394
0.0322034
0.0316976
0.0317083
0.0318334
0.0320243
0.0318333
0.0323675
0.0320545
0.0322253
0.0322963
0.0317928
0.0318593
0.0318132
0.0320464
0.0318781
0.0323222
0.032088
0.0318257
0.0322111
0.0322328
0.0319328
0.0322877
0.0318593
0.0318731
0.0321293
0.0321474
0.0320328
0.0319321
0.0319673
0.0319686
0.032158
0.031911
0.0319056
0.0322081
0.0321955
0.0320007
0.0303432
0.0334345
0.0315908
0.0327271
0.0322575
0.0322776
0.0320484
0.0320076
0.0319955
0.0320711
0.032106
0.0320445
0.0320454
0.0320521
0.0320874
0.0320702
0.0320515
0.0320478
0.0320873
0.0320847
0.0320667
0.0320499
0.0320632
0.0320567
0.0320687
0.0320764
0.0320596
0.0320787
0.0320771
0.0320765
0.0340859
0.0307961
0.0311318
0.0316589
0.0317124
0.0320854
0.032094
0.0320828
0.0319775
0.0320713
0.0320672
0.0320523
0.0320463
0.0320411
0.0320513
0.0320455
0.0320953
0.0320487
0.0320938
0.0320453
0.0320581
0.0320474
0.0320494
0.0320838
0.0320719
0.0320802
0.0320807
0.0320511
0.03208
0.0320662
0.0340827
0.0308026
0.0311882
0.0313654
0.0318545
0.0323117
0.0323075
0.032277
0.0320682
0.0322522
0.0320402
0.0322151
0.0322
0.0321635
0.0320791
0.0321247
0.0319707
0.032121
0.0319767
0.032154
0.0320871
0.0321409
0.0321311
0.0320028
0.0320408
0.0320145
0.0320134
0.0321231
0.0320161
0.0320645
0.0287528
0.0294667
0.0337755
0.0326622
0.03173
0.0319559
0.0316283
0.0318896
0.0318259
0.0319146
0.0317528
0.0317972
0.0321254
0.0318773
0.031933
0.0323051
0.0320168
0.0318559
0.0320027
0.0322592
0.0318881
0.0320121
0.0319011
0.0321889
0.0321965
0.0321021
0.0321867
0.0319973
0.0319896
0.0268664
0.0302004
0.0325599
0.0319367
0.0319417
0.0324822
0.0314988
0.0325718
0.0316101
0.0319296
0.0324756
0.0318877
0.0323461
0.0322676
0.0320446
0.0317828
0.0319971
0.0321816
0.0318236
0.0321466
0.0322885
0.0318871
0.0318862
0.0322551
0.0321513
0.0319788
0.0321398
0.0319138
0.0321819
0.0321998
0.0309064
0.0304224
0.0327721
0.0315331
0.0321393
0.0323816
0.0322927
0.0319938
0.0322052
0.0320384
0.0320522
0.0320439
0.0320288
0.0321083
0.032033
0.0320735
0.0320384
0.0321099
0.032033
0.0320518
0.0320607
0.0320354
0.0320924
0.0320854
0.0320835
0.0320427
0.03209
0.0320577
0.032058
0.0339382
0.0341682
0.0353583
0.0324305
0.0328659
0.0325712
0.0333847
0.0331605
0.0320734
0.0320174
0.0328664
0.0313892
0.0326572
0.0318749
0.0315092
0.0318
0.0323805
0.0324539
0.0325382
0.0324974
0.0318342
0.0319967
0.0324928
0.0322776
0.0324116
0.0316944
0.0321849
0.0324088
0.0317393
0.0318763
0.0318818
0.0318209
0.0318714
0.0323688
0.0323076
0.0321367
0.032023
0.0319646
0.0322943
0.031922
0.0322266
0.0320304
0.0321429
0.0319219
0.0318633
0.0320767
0.0319041
0.0320218
0.032045
0.0322266
0.0322168
0.0322434
0.0319831
0.0322386
0.0322209
0.03223
0.0319454
0.0217002
0.0310354
0.032806
0.0315476
0.0322236
0.0315783
0.0319521
0.0319334
0.0321489
0.0320199
0.0320387
0.0320129
0.0320493
0.0320603
0.0320378
0.032105
0.0320326
0.0320478
0.0320299
0.0320682
0.0320969
0.032035
0.0320377
0.0320702
0.0320557
0.0320909
0.0320755
0.0304817
0.0332923
0.0307263
0.0319918
0.0320586
0.0329157
0.0320905
0.0326253
0.0322911
0.0323889
0.0316318
0.0322549
0.0323607
0.0322526
0.0317159
0.031742
0.0317575
0.0317999
0.0317813
0.0318004
0.0323124
0.0318251
0.0322742
0.0319246
0.0320195
0.0321055
0.0318913
0.0319274
0.0320855
0.0320584
0.0316828
0.0311289
0.031069
0.0316334
0.0324647
0.032178
0.0315272
0.0317172
0.0318875
0.0317921
0.0321352
0.0322145
0.0323147
0.0322897
0.0323117
0.0321016
0.0322755
0.0322657
0.0320599
0.0321937
0.0321781
0.0319119
0.0322111
0.0320931
0.0319269
0.0320438
0.0321854
0.0320943
0.0321743
0.0309045
0.0304525
0.0324334
0.0310057
0.0325503
0.0327755
0.0326622
0.0321835
0.032522
0.0321356
0.0318147
0.031837
0.0317777
0.0323314
0.0318246
0.0321531
0.031876
0.0323136
0.0318467
0.0319781
0.0320409
0.0318714
0.03223
0.0321917
0.0321791
0.0319173
0.0322103
0.0320137
0.032016
0.032341
0.0301496
0.0310504
0.0321332
0.0321845
0.0323846
0.0318653
0.0320893
0.0320508
0.0319824
0.0320556
0.0320442
0.0320518
0.0321172
0.0321189
0.0320334
0.0320343
0.0321029
0.032095
0.0320359
0.032047
0.0320478
0.0320922
0.0320569
0.0320844
0.0320842
0.0320715
0.032872
0.0296247
0.0312462
0.032395
0.0316761
0.0320521
0.0322193
0.0324402
0.0320029
0.0322678
0.0317691
0.03225
0.0317885
0.0319279
0.0321346
0.0322725
0.0319128
0.0319864
0.0318729
0.0319074
0.0322474
0.032076
0.0319284
0.0319149
0.0320118
0.0319987
0.0321858
0.031993
0.0319886
0.031251
0.0332815
0.0311618
0.0312902
0.0336626
0.0316481
0.0312138
0.0321894
0.0319128
0.0325884
0.0320037
0.0320278
0.0315714
0.0324042
0.032293
0.032503
0.0324264
0.0318342
0.0319298
0.0317928
0.0323975
0.0322446
0.0323658
0.0318146
0.031803
0.0318418
0.0322976
0.0323125
0.0320799
0.0323005
0.032172
0.031873
0.0320059
0.0318783
0.0322036
0.0321742
0.0319115
0.0320284
0.0321349
0.0320113
0.032031
0.031987
0.0322311
0.0321887
0.0319493
0.0319301
0.0322124
0.0320867
0.0320396
0.0320802
0.032036
0.0320936
0.0321958
0.0321623
0.0319464
0.0319877
0.0320698
0.0319583
0.0320113
0.0310148
0.0307519
0.0333193
0.0317621
0.0328826
0.0318735
0.0323084
0.0318027
0.0314197
0.0321561
0.0327662
0.0326923
0.0320637
0.0316383
0.0316735
0.0317285
0.0317105
0.0316902
0.0324214
0.0321958
0.032252
0.0322508
0.0323853
0.0321455
0.0319071
0.0322798
0.0323421
0.0322992
0.0321385
0.0319762
0.0320465
0.0322981
0.0319063
0.0318523
0.0320731
0.0322728
0.032273
0.0320504
0.0318737
0.0319217
0.0318844
0.0320723
0.0319657
0.0322181
0.0322329
0.0320956
0.0322111
0.0320603
0.0322115
0.0319267
0.0321604
0.0319423
0.0319891
0.0320296
0.0320478
0.0321611
0.0319624
0.0320449
0.0321684
0.0289427
0.0284361
0.0333846
0.0306992
0.0322384
0.0313733
0.0316525
0.0320166
0.0319112
0.0319843
0.0319781
0.0320206
0.0319671
0.0320276
0.0320091
0.0320984
0.0320199
0.0320614
0.0320757
0.0320096
0.0321396
0.0320123
0.0320164
0.0320775
0.0320129
0.0320551
0.0320292
0.0321073
0.0341476
0.0335002
0.0310013
0.0328454
0.0311295
0.0326266
0.0318757
0.0319985
0.0320007
0.0318102
0.032216
0.0317594
0.032241
0.0322925
0.0319385
0.03225
0.0321885
0.0320244
0.0318253
0.0319163
0.0322583
0.0318674
0.03206
0.0322374
0.0319167
0.0322312
0.0321147
0.031918
0.0320074
0.032169
0.0459456
0.0302635
0.0306602
0.0304565
0.0309191
0.0333386
0.0323421
0.0321818
0.0322005
0.0316064
0.0320195
0.0327091
0.0322307
0.032113
0.0323425
0.0319038
0.0325158
0.0316936
0.0320319
0.0320528
0.0317358
0.0318961
0.0323956
0.032393
0.0323242
0.0320035
0.0320884
0.0318287
0.0323348
0.0318094
0.0323179
0.0321614
0.0322946
0.03228
0.0322795
0.0322852
0.0318681
0.0319763
0.0320453
0.0322432
0.0321716
0.0322234
0.0322236
0.0319029
0.0321331
0.0319066
0.0320031
0.0319048
0.0320801
0.0322216
0.0320523
0.032018
0.0320277
0.0320879
0.0319369
0.0321373
0.0320949
0.0320902
0.0320213
0.0283459
0.0326884
0.0314789
0.0326728
0.0320969
0.0320927
0.0322115
0.0321047
0.0318791
0.0323592
0.0318895
0.0322671
0.0318252
0.0323116
0.0322903
0.0322931
0.0318573
0.0322413
0.032188
0.0320873
0.0320872
0.0319743
0.0321733
0.0319245
0.0319314
0.0319368
0.0321449
0.033405
0.0303933
0.0335641
0.0322426
0.0319156
0.0317103
0.031407
0.0320968
0.0322156
0.0315941
0.0324619
0.0322826
0.0323985
0.0321607
0.0319275
0.0317533
0.0322389
0.0318522
0.0320245
0.0321382
0.0318388
0.0321184
0.0318425
0.0321651
0.0319984
0.0320092
0.0320325
0.0319367
0.0321498
