0.0265947
0.0261829
0.0262452
0.0273774
0.0272778
0.0273885
0.0268507
0.0272683
0.0273281
0.0271823
0.0272264
0.0272078
0.0273044
0.0275146
0.0270301
0.0271808
0.0273212
0.027231
0.0274433
0.0273921
0.0270424
0.0273924
0.027162
0.0273747
0.0274165
0.0270625
0.0271176
0.0271142
0.0273635
0.0272619
0.0270859
0.0272359
0.0271552
0.0271049
0.0273703
0.0273757
0.0273686
0.0271686
0.0271137
0.0271837
0.0272318
0.0271297
0.0273495
0.0273291
0.0271886
0.0273408
0.0271618
0.0271461
0.0272477
0.0271877
0.0272465
0.0273208
0.0272089
0.0273192
0.0272225
0.0272172
0.0273101
0.0273051
0.0247707
0.0265333
0.0272967
0.0273935
0.0273755
0.027293
0.027296
0.0272522
0.0272634
0.0272396
0.0272187
0.02725
0.027249
0.0272279
0.0272339
0.0272483
0.027244
0.0272279
0.0272281
0.0272349
0.0272353
0.0272412
0.0272439
0.0272299
0.0272293
0.0272399
0.0272424
0.0272356
0.0272398
0.0272312
0.0263015
0.0281823
0.0267435
0.0270159
0.0273165
0.0273813
0.0273054
0.0272699
0.0271985
0.027244
0.0272279
0.0272532
0.0272535
0.0272257
0.0272524
0.0272261
0.0272438
0.0272386
0.0272471
0.0272274
0.0272296
0.0272422
0.0272276
0.0272406
0.0272312
0.027229
0.0272348
0.0272433
0.0263015
0.0283179
0.0267565
0.0268667
0.0272181
0.0273294
0.027247
0.0271863
0.0272652
0.0271506
0.0273082
0.0271705
0.0271761
0.0272934
0.0271837
0.0272757
0.0272065
0.0272218
0.0271984
0.0272705
0.0272597
0.0272127
0.0272698
0.0272185
0.0272545
0.0272634
0.0272405
0.0272108
0.0286366
0.0276684
0.02705
0.0267192
0.0271838
0.0272368
0.027147
0.0270023
0.0271467
0.0274178
0.0271058
0.0273967
0.0273237
0.0272897
0.0271137
0.0271116
0.0271658
0.0273342
0.0271297
0.0271304
0.0272511
0.027302
0.0271558
0.0273075
0.0271555
0.0273027
0.027198
0.0271846
0.0271689
0.0272603
0.0277522
0.026398
0.0267506
0.0271372
0.0271663
0.0268479
0.0271923
0.0273942
0.0274242
0.0273149
0.0272637
0.0270524
0.0274009
0.0272838
0.0273775
0.0272496
0.0272316
0.0271936
0.0273278
0.0272025
0.0273334
0.0272241
0.0273203
0.0271485
0.0271726
0.0271929
0.027214
0.0272825
0.0272049
0.0276241
0.0280681
0.0273594
0.0272957
0.0274116
0.0270588
0.0271872
0.0271858
0.0272296
0.0272818
0.027225
0.0272198
0.0272245
0.027246
0.0272282
0.0272363
0.0272543
0.0272245
0.0272282
0.0272406
0.0272241
0.0272275
0.0272256
0.0272263
0.0272365
0.0272255
0.027233
0.027241
0.0279799
0.0261579
0.027741
0.026274
0.028147
0.0266058
0.0266554
0.0271773
0.026935
0.0277082
0.026971
0.0269126
0.0269417
0.0272266
0.0275434
0.0273975
0.0272423
0.0271013
0.0274832
0.0274289
0.0272966
0.027396
0.0270473
0.0271745
0.0270499
0.0270827
0.0273077
0.0274153
0.0270662
0.0274109
0.0271478
0.0272118
0.027087
0.0271891
0.0270947
0.0271635
0.0272904
0.0273401
0.0272753
0.0271578
0.0273597
0.0273536
0.0271809
0.0271463
0.0271838
0.0271541
0.0272796
0.0272382
0.0271441
0.0271425
0.0273034
0.027299
0.0272625
0.0271534
0.027197
0.0272956
0.0272865
0.0271607
0.0272201
0.0288899
0.0268447
0.0271148
0.0265965
0.0270402
0.0273295
0.0272556
0.0272241
0.0272013
0.0272271
0.027216
0.0272486
0.0272361
0.0272103
0.027213
0.0272593
0.0272387
0.0272157
0.0272165
0.0272183
0.0272192
0.0272311
0.0272423
0.0272215
0.0272257
0.0272467
0.0272482
0.0266206
0.0277384
0.0274802
0.0271193
0.0268242
0.0268977
0.0273988
0.0271327
0.0274224
0.0269959
0.0274522
0.0272409
0.0270474
0.0273798
0.0273679
0.027345
0.0272622
0.027089
0.0273147
0.0271035
0.0273508
0.0271182
0.0271826
0.0273431
0.0271794
0.0271393
0.0272441
0.0272505
0.0273176
0.0272265
0.0258882
0.0258201
0.0265765
0.0271439
0.0274049
0.0272801
0.027159
0.027168
0.0270772
0.0270557
0.0273764
0.0271491
0.0271184
0.0271131
0.0271215
0.0272023
0.0271865
0.027232
0.0272098
0.0272865
0.0271576
0.0272923
0.0271914
0.0272859
0.0272008
0.0271765
0.0272072
0.0271826
0.0282167
0.0273093
0.0274605
0.0273463
0.0271954
0.0271927
0.027062
0.0270098
0.0273809
0.0272819
0.0273369
0.0270824
0.0273222
0.0271306
0.0270986
0.0273502
0.0271121
0.0273438
0.027269
0.0271878
0.0271398
0.0272323
0.0271485
0.0272162
0.0272839
0.0271584
0.0271644
0.0271905
0.0271697
0.020063
0.0247499
0.0265093
0.0268104
0.0270062
0.0272718
0.0273107
0.0272214
0.0272437
0.0272764
0.0272674
0.0272244
0.0272638
0.0272193
0.0272333
0.0272488
0.0272373
0.0272458
0.0272238
0.027234
0.0272536
0.0272527
0.0272285
0.0272318
0.0272248
0.0272494
0.0272493
0.0272286
0.027241
0.0272444
0.025888
0.0259875
0.0263988
0.0274021
0.0271258
0.0274266
0.0270456
0.0270535
0.0272013
0.0271721
0.0273886
0.0273083
0.0271243
0.0271379
0.0273239
0.027316
0.0272093
0.0272877
0.0271914
0.0271647
0.0272395
0.0271588
0.0272179
0.0272689
0.0271988
0.0271763
0.0272939
0.0272698
0.0272492
0.0278191
0.030061
0.0270268
0.0265365
0.026827
0.0271916
0.0273161
0.0271414
0.0272882
0.027354
0.0274935
0.0270353
0.0274753
0.0272843
0.027367
0.0273066
0.0271936
0.0270799
0.027277
0.0273446
0.0272387
0.02711
0.0273797
0.0273705
0.0271592
0.0272212
0.0271443
0.0271493
0.0271763
0.0272405
0.0271464
0.0272606
0.0272904
0.0272673
0.0272212
0.0271764
0.0273342
0.0273062
0.0272635
0.0272269
0.0272859
0.0273005
0.0271582
0.0272929
0.0271636
0.0273057
0.027208
0.0272974
0.0272292
0.0272892
0.0272994
0.027254
0.0272772
0.0271908
0.0272051
0.0272888
0.0271845
0.0261579
0.0361166
0.0267415
0.0271871
0.027343
0.0269764
0.0270936
0.0273828
0.0276233
0.0272186
0.0272099
0.0272617
0.0270495
0.0271523
0.0274366
0.0272728
0.0271843
0.0274126
0.0271295
0.0273827
0.0270894
0.0272999
0.0272194
0.0273264
0.0273565
0.0273694
0.0271501
0.0271986
0.0271246
0.0271805
0.0273487
0.0273311
0.0273439
0.0273203
0.0272438
0.0273141
0.0273375
0.027274
0.0273115
0.0273271
0.0273239
0.0271759
0.0272777
0.0272568
0.0272105
0.0272943
0.0272692
0.0272444
0.0272769
0.0271767
0.0271793
0.0271744
0.0272088
0.0272794
0.0272621
0.0272746
0.0272941
0.0272637
0.0272577
0.024271
0.0237776
0.0252707
0.0280816
0.0263878
0.0273364
0.0270365
0.0270808
0.0271598
0.0271721
0.0272145
0.0271813
0.0272597
0.0271957
0.0271895
0.0272291
0.0271929
0.0271986
0.0271975
0.0272663
0.0272013
0.027231
0.0272018
0.0272184
0.0272235
0.0272508
0.0272131
0.0272276
0.027216
0.0283162
0.0284878
0.0269616
0.0264718
0.0276394
0.0272969
0.0271733
0.0270045
0.0273932
0.0271814
0.0272574
0.0271588
0.0272872
0.0271284
0.0271352
0.0271182
0.0273335
0.0271409
0.0271855
0.0271517
0.0271382
0.0272969
0.0273008
0.0272982
0.027157
0.027166
0.0272667
0.0286739
0.0284451
0.0278376
0.0271168
0.0268353
0.0279308
0.0273194
0.0273468
0.0269167
0.0270346
0.0275658
0.0272463
0.0272031
0.0272101
0.0272455
0.0270369
0.0270617
0.0271384
0.0273235
0.0274221
0.027366
0.0273993
0.0273336
0.0273776
0.0272286
0.027307
0.0272496
0.0273408
0.0273735
0.0272394
0.0273651
0.0272212
0.0272395
0.0273526
0.0272994
0.0271737
0.0273297
0.0271474
0.0271485
0.0273129
0.0273341
0.0273053
0.027175
0.0272822
0.0273163
0.027175
0.027194
0.0272593
0.0273126
0.0273131
0.0273101
0.0272695
0.0272605
0.0272508
0.0272067
0.0271896
0.0272181
0.0272973
0.0272735
0.027295
0.028481
0.0261596
0.0276666
0.0275755
0.0271346
0.0273374
0.0269711
0.0273447
0.0270871
0.0271567
0.0270962
0.0273503
0.0272917
0.0271035
0.0273205
0.0273277
0.0271274
0.0272831
0.0273153
0.0271745
0.027187
0.0271885
0.0272802
0.0271635
0.0271983
0.0272844
0.0272856
0.027173
0.0185599
0.0239446
0.0261481
0.0271441
0.0274225
0.0270896
0.0275105
0.0273126
0.0273212
0.0270031
0.0271672
0.0274184
0.0270567
0.027061
0.0273701
0.0273578
0.0270947
0.0273178
0.0273264
0.0271095
0.0272633
0.0271225
0.0273246
0.027228
0.0271431
0.027196
0.0272682
0.0271537
0.0272341
