1.25612
0.0937507
0.0170077
0.0124792
0.00537391
0.00336392
0.00346902
0.000101321
0.000188226
0.0520578
0.000493862
0.000530781
0.000240269
0.000120856
0.000843034
0.000195259
0.000410993
8.8205e-05
4.90746e-05
0.000101654
0.000138126
0.000321796
0.000318073
0.000286973
0.00025967
0.000124014
0.000186986
0.0004302
0.000165664
0.00030848
0.000249366
0.000545516
0.000402439
0.000318303
0.000378489
0.000280908
0.000340091
0.00053842
0.000385258
0.000339049
0.000361193
0.000336842
0.0550561
0.0138847
0.00395324
0.000608462
0.00172162
0.002306
0.000342084
0.00039857
0.00318635
0.000693442
0.0017103
0.000379184
0.000685716
0.000637916
0.000986765
0.000502391
0.00069615
0.00110444
0.000823763
0.000400532
0.000789907
0.000420688
0.000600352
0.000554989
0.000817912
0.000772599
0.00063282
0.000746584
0.000712152
0.000447742
0.000433222
0.000696104
0.000634687
0.000642982
0.000667761
0.00068631
0.000646837
0.000594721
0.000635362
0.000590098
0.000607497
0.000558557
0.00057875
0.000499374
0.000451856
0.000517839
0.000469998
0.00053069
0.000455326
0.000553911
0.000454058
0.000568062
0.000551811
0.000482003
0.00044378
0.000539905
0.000519537
0.00053354
0.000550696
0.0616668
0.065189
0.000189405
0.000274259
0.00321183
0.00104802
0.000357319
0.00159848
0.00110296
0.000161352
0.000795082
0.00017587
0.000326093
4.02504e-05
4.66311e-06
0.000169262
0.000567006
1.99057e-05
0.000114378
8.71547e-05
0.000531508
0.00022297
0.000419132
0.00052391
0.000301535
0.000248643
0.000397701
0.000280182
0.0803858
0.0649597
0.00465361
0.00495475
0.00169809
0.000311841
0.00139384
0.000193197
4.31258e-05
0.000612362
0.00111426
0.000254374
0.000489825
7.25695e-05
0.000278955
0.000348718
0.000355961
0.0001109
0.000285739
0.000235924
0.000300341
0.000103521
0.000132987
0.000428927
0.000114862
0.000259501
0.000534079
0.000332653
0.00028167
0.000237912
0.000507515
0.000335478
0.000457488
0.000309242
0.000502891
0.210969
1.13942e-05
0.00109795
0.000585112
0.00219034
0.00134138
0.000370041
0.000507998
0.000238577
0.000393018
0.000750254
0.000560394
0.000218122
0.000508353
0.00037522
0.000377464
0.000301495
4.19359e-05
0.00055423
0.000111582
0.000384868
0.000120704
0.000166475
0.0550359
0.131621
0.0662474
0.00834646
0.000901639
0.000107832
0.000464176
0.000204275
0.000380959
0.000599924
2.16174e-05
0.000300174
0.000633669
0.000654599
0.00031004
0.000353931
3.56603e-05
0.000553741
0.000199904
0.000539386
0.000423758
0.000369027
0.000532543
0.000382019
0.000248318
0.000105467
0.000122268
0.000490408
0.15461
0.170786
0.00104137
0.0107763
0.00109096
0.00111681
0.000742112
0.00124252
0.001331
0.000456122
0.000507679
0.000206347
0.00025162
0.00061317
0.000362691
0.000126091
0.000288127
0.000168676
0.000297473
0.000356808
7.4451e-05
1.34993e-05
0.000247862
8.45277e-05
0.000182738
0.000317759
0.000445378
0.000380808
0.0783721
0.0530692
0.000551846
0.00232496
0.000223857
0.000229843
2.34587e-05
0.000229802
0.000159024
0.00060973
0.000408301
9.17713e-05
8.5865e-05
0.000318297
8.15368e-05
0.000276861
0.000312374
3.67539e-05
0.000120998
9.38256e-05
0.000376472
0.000153506
0.00014
0.000270692
0.00031442
0.000354964
0.000225259
0.00026204
0.000256033
0.00594948
0.0254436
0.00123507
3.65467e-05
0.000118351
0.00355068
0.00234135
0.000436598
5.92863e-05
8.38072e-05
0.00111397
0.00104853
9.59647e-05
0.000392999
0.000560679
0.000175755
0.000365171
0.000101563
9.55257e-05
0.00013096
3.95415e-05
0.000317507
0.000406173
9.70809e-05
0.000112211
0.000417954
0.000355673
0.000225353
0.000262965
0.0152902
0.00230693
0.0185264
0.00166297
1.45734e-05
0.000173217
0.000464919
0.00106624
0.000614713
0.000691003
0.000213591
0.000597279
0.000194291
0.000414231
0.000159543
0.000121563
0.000208437
5.30633e-05
0.000213287
5.77165e-05
0.000180425
0.000316161
0.000214773
0.000297
0.000315794
0.000243028
0.000518446
0.000524471
0.000377002
0.000270205
0.0248097
0.0166412
0.000801853
0.00581921
0.000667639
0.00150673
0.000888575
0.00272804
0.000702852
0.000491793
0.00162117
0.0267685
2.2047e-05
0.00596678
0.000368744
0.00079684
0.000106912
0.000586582
0.00164897
0.00085815
0.000991124
0.00106193
0.0003359
6.73901e-05
0.000226053
0.000266838
0.000145124
0.000341657
0.000334102
0.000366321
0.000309606
0.000352114
0.000275517
0.000330239
0.000397891
0.000518779
0.000468377
0.000313784
0.000387479
0.000391351
0.000345973
0.00191433
0.000860281
0.000895578
0.000304529
0.000958926
0.0002224
0.00086825
0.000791785
0.000212411
0.000161395
0.000654825
0.000678482
0.000420311
0.000336873
0.000621257
0.000305465
0.000566738
0.000446685
0.000600095
0.000341026
0.000597527
0.000578887
0.000586232
0.000374259
0.000523498
0.00038091
0.000565469
0.000398718
0.000545778
0.000394734
0.000401427
0.000395929
0.000550263
0.000527118
0.000405909
0.000445589
0.000442758
0.000439712
0.000475915
0.000444096
0.000436134
0.000518161
0.000464487
0.000479639
0.000426556
0.000477006
0.000505506
0.000472437
0.00829671
0.00725683
0.0262694
0.000612768
0.000132538
0.000429449
0.001359
0.00225534
7.86821e-05
0.00141219
1.46273e-05
4.52216e-05
0.000120727
0.000566427
0.000432815
6.72954e-05
0.000266921
0.000152017
0.00044692
0.000471768
0.000228225
0.000290646
0.000225003
0.000130716
0.000520199
0.000321727
0.000214725
0.00101869
0.00119627
6.29546e-05
0.000159101
6.23849e-05
0.000998877
0.000278455
0.000607717
0.000258695
0.000707399
0.000277819
0.000428317
0.000604389
0.00033644
0.00034671
0.000617209
0.000534286
0.000598526
0.00036374
0.000567404
0.000481986
0.000592574
0.000385349
0.000398489
0.00049319
0.000402901
0.000421039
0.000537447
0.000554218
0.000549209
0.000480367
0.000548585
0.000509089
0.000547268
0.000548058
0.000414694
0.000424786
0.000423483
0.000437766
0.000488966
0.000427502
0.000495835
0.000435344
0.000524659
0.0004364
0.000437613
0.0603653
0.0614261
0.0131681
0.0115917
0.0134646
0.00407079
0.00364662
0.000215914
0.00479272
0.00212303
0.00024209
0.00129056
0.000284268
0.00011858
0.00044451
0.000144207
0.0256523
0.00646813
0.0134853
0.00147636
0.0020409
0.000300338
0.00249827
0.00208238
0.000307859
0.00023488
0.000406487
0.00114466
0.00107483
0.000495563
5.42631e-05
2.58161e-06
0.000187995
1.26251e-05
0.000330831
4.5494e-05
7.90237e-05
0.000200855
0.000519772
0.000174112
0.000139761
0.000395786
0.00048717
0.000365489
0.000830423
0.000897822
0.000888104
0.000424689
0.000844751
0.000551891
0.000251547
3.95059e-05
0.000661598
0.000653595
0.000293879
0.000284199
0.000335324
0.000311461
0.000570695
0.000545607
0.000352477
0.000584356
0.000592814
0.000368595
0.00048772
0.000452418
0.000440857
0.000443557
0.000398455
0.000391443
0.000554043
0.000438577
0.000406583
0.000547106
0.000547382
0.000545061
0.000534244
0.000417547
0.000540963
0.00049086
0.000418341
0.000419847
0.000532525
0.000510608
0.000430992
0.000460096
0.000439048
0.0216011
0.00555663
0.00682324
0.00407411
0.00371339
0.0028725
0.00120807
0.00318682
0.00247918
0.000186071
9.51798e-05
3.51594e-05
0.000806867
7.44277e-05
0.000524476
0.000503712
0.000232396
0.00034687
3.20578e-05
0.000191132
0.000203172
8.03981e-05
0.000309007
0.0606271
0.0822932
0.0255624
0.000226195
0.0063454
0.000673936
0.00268557
0.00212628
0.000180046
0.00104404
0.000621413
0.000246312
0.000111365
0.000328969
3.6322e-06
9.98747e-05
0.00710113
0.00170748
0.000508495
0.000489842
0.00073912
0.00198511
0.00033616
0.000216613
0.000117688
0.000490068
0.000429887
0.000629786
3.55189e-05
0.000132746
0.000541674
0.000585092
0.000345576
0.000333446
0.000282609
0.000272097
0.00055594
0.000303354
0.000381321
0.000307204
0.000359177
0.000352843
0.000366849
0.000336934
0.000390776
0.000398094
0.000462157
0.000375766
0.000505432
0.000402334
0.00039953
0.000412052
0.000516119
0.000524933
0.000418377
0.000421945
0.00711809
0.00145249
0.000508499
0.000489957
0.000739864
0.00200588
0.0003337
0.000221657
0.000101566
0.00048825
0.000406638
0.000629632
2.41796e-05
0.000134401
0.000540941
0.000584814
0.000345885
0.000333952
0.000284248
0.000273871
0.00055552
0.000304678
0.000381788
0.000308458
0.00035986
0.000353585
0.000367459
0.000337863
0.00039119
0.000398455
0.000462157
0.000376303
0.000505278
0.000402741
0.000399896
0.000412336
0.000515963
0.000524761
0.000418631
0.000422222
0.077867
0.0179941
0.0395489
0.0227134
0.00393327
0.00299601
0.00184717
8.22728e-05
0.000799357
0.00218531
0.00113406
0.000250141
0.000518797
0.000135269
0.000263181
0.000241149
0.000246807
9.50134e-05
2.19118e-05
8.72578e-05
0.00031592
0.234448
0.037663
0.00137151
0.00681919
0.00241351
0.00164263
0.00121481
0.00033279
0.00125255
0.034146
0.00752207
0.00402955
0.00529552
0.000654007
0.000391004
0.00283057
7.4624e-06
0.000260877
0.000171468
3.19725e-07
0.000985599
0.000628643
0.00045396
0.000111964
0.000378332
0.0131932
0.0150233
0.000296394
0.0017048
0.000293807
0.00062538
0.00194025
0.000415861
0.000800459
0.000617785
0.000283208
0.000395451
4.36889e-05
0.000566001
0.000106142
0.000234115
0.000136387
0.000117466
0.000202277
0.000276764
0.000116779
0.000497344
0.00052579
0.000219401
0.000275233
0.000250619
0.000379661
0.000348796
0.000346485
0.000269751
0.000405063
0.000333556
0.000312259
0.0662805
0.00374783
0.00179421
0.000157657
0.00297966
0.00107132
7.51566e-05
0.00178838
0.000918465
0.000426258
0.000284042
0.000150007
0.000106831
0.000261833
0.000346158
0.000148521
0.000204038
0.000226363
0.000253277
0.000100673
5.95153e-05
0.000832941
0.000927444
0.000928759
0.000447012
0.00090621
0.000387574
0.000247357
2.2958e-05
0.000683965
0.000653925
0.00029327
0.000283873
0.000335029
0.000318449
0.000577837
0.000550448
0.000356097
0.000584392
0.000593507
0.000368792
0.000491621
0.000456373
0.000444251
0.000446702
0.000398534
0.000392949
0.00055429
0.000440821
0.000408382
0.000547618
0.000547586
0.000545483
0.000535177
0.000419112
0.000541477
0.00049245
0.0004188
0.000420395
0.000532555
0.000511298
0.000431637
0.000461162
0.000439913
0.00483449
0.0134303
0.00494193
0.00111632
0.00211202
0.0047274
0.000972636
0.000358329
0.000936481
0.00163205
0.000396896
0.000842629
0.000379337
0.000490792
0.00093993
0.000632085
0.000487875
0.000550925
0.000481157
0.000453648
0.000531746
0.000608498
0.000683283
0.000566952
0.000557709
0.000500381
0.00057754
0.000624357
0.000614503
0.000555633
0.000556355
0.000531122
0.00057326
0.000575461
0.00042264
0.000600127
0.000562921
0.000594737
0.000594139
0.000468506
0.000478986
0.000432078
0.000528624
0.000565439
0.000563146
0.000541324
0.000549263
0.000465512
0.000505162
0.000453857
0.000540714
0.000494337
0.000448981
0.000215782
0.0145839
0.0104515
0.00175648
0.000926299
0.00031803
0.00119312
0.000641112
0.000988199
0.000275116
0.000215748
0.000315319
0.000330106
3.62111e-05
0.000197158
0.000236882
0.00058376
0.000193716
0.000563998
0.000217998
0.000328413
0.000348596
0.0005274
0.000388472
0.000277436
0.000346802
0.000290118
0.00030771
0.000483439
0.000476328
0.000330038
0.000372903
0.000362424
0.000414315
0.000373027
0.000471378
0.000371137
0.000374738
0.000428475
0.00408279
0.0061796
0.000326594
0.00489434
0.000611493
0.0026849
0.000822984
0.00154467
0.00118516
0.000880052
0.00115052
0.000360947
0.000799285
0.000478499
0.00044054
0.000652994
0.000423768
0.000645031
0.000684472
0.000426921
0.000627345
0.000558425
0.000592609
0.000399695
0.00057053
0.000596699
0.000462157
0.000441146
0.000599077
0.000623253
0.000605195
0.000449887
0.000592049
0.000439583
0.000564889
0.000512675
0.000590383
0.000550397
0.000555355
0.000570075
0.000524054
0.000458716
0.0005629
0.000478166
0.000556908
0.000455626
0.000539596
0.000461694
0.000450511
0.000537533
0.000528792
0.000529151
0.00389032
0.00481392
0.00116946
0.00201538
0.00146877
0.00668881
0.00286141
0.000312009
0.00193293
0.00107464
0.00155835
0.000605745
0.000471368
0.000631634
0.00061725
0.000463323
0.00044576
0.000420664
0.000859136
0.000769367
0.00048806
0.000530122
0.00069525
0.000613282
0.000620606
0.000410888
0.000574014
0.000502861
0.000671613
0.000422089
0.00058229
0.000500253
0.000450967
0.000483383
0.000589566
0.000427108
0.000424315
0.000557978
0.000464229
0.000600974
0.000578347
0.000489766
0.000579791
0.000445946
0.000462104
0.000566057
0.000536157
0.00055966
0.000493788
0.000548615
0.00053729
0.000540831
0.000524786
0.000480844
