0.282162
0.0228571
0.000386506
0.00483733
0.0134
0.00375022
0.0185978
0.0142801
0.0150081
0.0101068
0.151069
0.0235971
0.0231086
0.00265651
0.00966979
0.00567642
0.0196788
0.018297
0.00920726
0.0158275
0.0108173
0.0171472
0.0177997
0.0122217
0.0170195
0.0119916
0.0162713
0.0135959
0.0124478
0.0126783
0.0134805
0.0160733
0.0127981
0.0155495
0.0129992
0.0159539
0.0150227
0.0154545
0.0148468
0.0157151
0.0155932
0.0154037
0.0152033
0.00130568
0.305955
0.000860617
0.00731138
0.0266673
0.0259875
0.0221851
0.0200657
0.0118113
0.0171791
0.0174033
0.0196205
0.019263
0.0118953
0.0114044
0.0170636
0.0178013
0.0119245
0.0175916
0.0127539
0.0131771
0.0124475
0.0164029
0.0134479
0.0128165
0.0126365
0.0129766
0.0164805
0.0146946
0.0144664
0.0158771
0.0155676
0.0131374
0.0130836
0.0160176
0.0131879
0.0133017
0.0146346
0.0157099
0.0154398
0.0137351
0.0137589
0.0156117
0.0155951
0.014406
0.0155196
0.0140537
0.0135964
0.013935
0.0142381
0.0138654
0.0153228
0.0142551
0.0142874
0.0153119
0.0138168
0.0152859
0.0147655
0.0262374
0.0143199
0.0217054
0.0213123
0.00507044
0.014074
0.0013249
0.00850693
0.0183009
0.0105872
0.017957
0.0117658
0.0170826
0.0109252
0.0170266
0.0121202
0.0156641
0.0122948
0.0151276
0.0138836
0.0129011
0.0126906
0.0136022
0.0146535
0.0148282
0.0145453
0.0145453
0.0148025
0.125259
0.0236904
0.00893109
0.0140825
0.00756966
0.0202054
0.0184293
0.0185335
0.0079793
0.00908658
0.011599
0.0176894
0.0106219
0.0107525
0.0164986
0.0118536
0.0170055
0.0153397
0.014832
0.0159919
0.0121754
0.0135979
0.0122821
0.0159517
0.0128224
0.0136782
0.0129464
0.0160141
0.0136647
0.0145639
0.0158212
0.0149234
0.0139223
23.7844
0.258696
0.0420972
0.00299917
0.0206605
0.00672875
0.0203426
0.00459887
0.0187943
0.00975164
0.0102061
0.017368
0.0173417
0.0107809
0.0112187
0.0119941
0.0153835
0.0154358
0.0162034
0.0125598
0.0128933
0.0154735
0.0140898
1.90431
0.208135
0.0182064
0.00787712
0.00215577
0.0166653
0.0199989
0.00905527
0.0164402
0.0195834
0.00851146
0.0105366
0.0103894
0.0113682
0.0116623
0.015327
0.0169976
0.0162562
0.0121359
0.0124143
0.0150208
0.0127216
0.0161813
0.0130063
0.0158532
0.0137086
0.0134432
0.013729
0.0109634
0.0645005
0.0211561
0.0206071
0.0208749
0.00504715
0.00398207
0.0193491
0.00427515
0.0138212
0.0127755
0.0108153
0.0175318
0.0113778
0.0111574
0.0168963
0.0145696
0.012035
0.0121362
0.0139849
0.0124209
0.0159937
0.0151499
0.0130709
0.0130516
0.0131994
0.0158218
0.138003
0.0918545
0.0218095
0.00691471
0.0209652
0.0100159
0.013325
0.00738119
0.00425693
0.0193901
0.0114924
0.0178759
0.010791
0.0109863
0.0110113
0.0170549
0.0158429
0.0121641
0.0164725
0.0148068
0.0125173
0.0150725
0.0126499
0.0154407
0.0157157
0.0131962
0.0156861
0.0135268
0.0135479
0.00954447
0.146981
0.0175231
0.00679158
0.000334073
0.00540125
0.00230322
0.00846042
0.00728922
0.00783147
0.0100655
0.00952827
0.0108478
0.0175061
0.0173986
0.0171937
0.0166874
0.0155757
0.0120457
0.0127201
0.0124119
0.0127493
0.0131457
0.0132193
0.0133367
0.013231
0.0236307
0.120628
0.0224295
0.0210775
0.014047
0.0193695
0.0079369
0.00707639
0.0175896
0.0172449
0.0156767
0.0117372
0.0105491
0.0172004
0.0145396
0.0121833
0.013495
0.01679
0.0123868
0.0150922
0.0143634
0.0125678
0.0128013
0.0161522
0.0130511
0.0149365
0.0132422
0.01557
0.0148236
0.0154576
0.531834
0.0423245
0.011016
0.00804214
0.00187669
0.0107699
0.00505338
0.0159715
0.00853261
0.00883328
0.0173007
0.0165319
0.114856
0.0989902
0.0244525
0.0219296
0.0211502
0.00357553
0.00729298
0.0103722
0.00600445
0.0151719
0.0192499
0.0172199
0.0110718
0.0112984
0.0143846
0.017426
0.0138591
0.0167316
0.0160623
0.0123507
0.0126418
0.0163265
0.0140315
0.0128361
0.014492
0.0134933
0.0131579
0.0146051
0.013383
0.0131649
0.0136459
0.0133324
0.0136519
0.0155966
0.0153693
0.0286044
0.00219697
0.0236027
0.024082
0.0176173
0.00452366
0.0184682
0.0191943
0.0205458
0.019021
0.0186027
0.00988394
0.0183915
0.0110585
0.0109433
0.0107386
0.0113983
0.0119319
0.0167827
0.0123609
0.0167148
0.0125528
0.0136935
0.0155061
0.0127071
0.0127505
0.0159645
0.01615
0.0149494
0.0131553
0.0131196
0.0142333
0.0131942
0.0158424
0.01444
0.0134777
0.0155346
0.0133933
0.0148299
0.0150613
0.0135589
0.0135742
0.0153918
0.0137529
0.0153458
0.0137527
6.05584e-05
0.143934
0.0188531
0.0078196
0.00195883
0.016865
0.0199428
0.00900244
0.0165833
0.0195772
0.00845204
0.0104974
0.0103324
0.0113387
0.0116339
0.0153382
0.0170137
0.0162771
0.0120942
0.0123873
0.015027
0.0126983
0.0162018
0.0129789
0.0158745
0.0136873
0.0134166
0.013708
0.0276657
0.477742
0.0510532
0.00701942
0.000373761
0.000166926
0.0230655
0.0105918
0.0190543
0.0105258
0.0113103
0.0192037
0.0107296
0.0105294
0.016109
0.0179065
0.0173682
0.0126516
0.0120115
0.0164744
0.0168634
0.0166584
0.0145997
0.0127336
0.0147397
0.013275
0.0128062
0.0130059
0.0129347
0.0158986
0.016059
0.0133415
0.0156213
0.0136847
0.0142612
0.0157721
0.0134001
0.0149581
0.0146991
0.0155152
0.014331
0.0154578
0.0151655
0.0153222
0.0153684
0.0137338
0.0153328
0.0143157
0.376921
0.0231294
0.0205911
0.00323382
0.0181812
0.000888959
0.00506505
0.00847534
0.00617478
0.00765041
0.00881593
0.0176611
0.0146604
0.0142013
0.015018
0.0120925
0.0117968
0.0123267
0.130454
0.132558
0.0217805
0.000278843
0.00962605
0.0180921
0.0197635
0.0196952
0.00895687
0.0170824
0.00981707
0.0167657
0.0173339
0.0112605
0.0158997
0.0168302
0.0122857
0.0165623
0.0141896
0.0164395
0.0140656
0.0125769
0.0127063
0.0142308
0.0133091
0.0152529
0.0135046
0.0156141
0.0223381
0.0263061
0.0352773
0.0323869
0.0264393
0.0208616
0.00956654
0.0093474
0.0180132
0.0191381
0.0193426
0.0117272
0.0187716
0.0169753
0.0179662
0.017062
0.011488
0.0121699
0.017084
0.0125784
0.0122529
0.0125212
0.0130958
0.0124971
0.016336
0.0141868
0.012796
0.0161108
0.0129082
0.0139097
0.0157288
0.0133755
0.0152445
0.0153598
0.01325
0.0156638
0.0134224
0.0148199
0.0136128
0.0148827
0.0136116
0.0142836
0.0153672
0.0139074
0.0137236
0.0153317
0.0237816
0.223977
0.055855
0.0210713
0.00782197
0.0203613
0.0117907
0.00830242
0.00658614
0.00787224
0.0185178
0.0181336
0.0109368
0.0175194
0.0173846
0.0117196
0.0160029
0.0121169
0.0135641
0.0123231
0.015748
0.013568
0.0127601
0.0827906
0.0215488
0.021334
0.00274633
0.0104371
0.0189705
0.00534791
0.0181301
0.0175146
0.012054
0.0138437
0.0113379
0.0126307
0.0143519
0.0121505
0.0764903
0.0283597
0.0405054
0.0270381
0.0220935
0.0109097
0.0101387
0.018311
0.00927163
0.00876268
0.0158131
0.0164255
0.0181907
0.0169412
0.0119676
0.0158149
0.014773
0.0168601
0.0121815
0.0165613
0.0164032
0.015027
0.0125426
0.0128292
0.0128573
0.0162045
0.0160215
0.0129429
0.0159632
0.0131174
0.0132577
0.0148047
0.0152955
0.0157367
0.0134985
0.014971
0.0148126
0.0136126
0.0143248
0.0152542
0.0830648
0.0280606
0.0404952
0.0270035
0.0218595
0.0118629
0.0101389
0.0182632
0.0092792
0.00878479
0.015867
0.0164618
0.0181546
0.016925
0.0119725
0.0158132
0.0147824
0.0168449
0.0121883
0.0165482
0.0163916
0.0150274
0.0125505
0.0128388
0.0128625
0.0161962
0.0160134
0.0129487
0.0159566
0.0131229
0.0132619
0.0148041
0.0152918
0.0157311
0.013503
0.014969
0.0148114
0.013616
0.0143261
0.0152511
0.0387335
0.366931
0.0213283
0.0176694
0.00575121
0.0122386
0.00131642
0.018353
0.0184202
0.0184922
0.0183105
0.0179534
0.0173113
0.0145981
0.0111431
0.0114956
0.015159
0.0124161
0.0122956
0.014951
0.0149186
0.0132463
0.0139364
0.75947
0.000207683
0.00031701
0.0207681
0.00410717
0.0079689
0.0090668
0.0180028
0.0108708
0.0103782
0.0283272
0.0234507
0.0204035
0.0174132
0.0202249
0.00412679
0.0184148
0.0158389
0.00924627
0.0175504
0.0127117
0.0112322
0.0113552
0.0118912
0.0120992
0.0256851
0.106117
0.0538296
0.0213538
0.0210579
0.00225021
0.0194688
0.0110874
0.0200724
0.0198225
0.00684085
0.0104412
0.0115094
0.0112764
0.0152632
0.0114864
0.0164845
0.0169929
0.0120836
0.0166127
0.016426
0.0127015
0.0163213
0.0162484
0.0146463
0.0128748
0.0149943
0.0156208
0.0156821
0.0144237
0.0133964
0.0134517
0.0147726
0.0155659
1.23576
0.256386
0.0421151
0.00300651
0.0206805
0.00673257
0.0203606
0.0045789
0.0188037
0.00975131
0.0102056
0.0173715
0.0173452
0.0107775
0.0112146
0.011992
0.0153839
0.0154363
0.0162045
0.0125591
0.0128926
0.015474
0.0140896
0.0967412
0.0277134
0.0321143
0.0330695
0.0270802
0.0210534
0.00958446
0.00936913
0.0180525
0.0191692
0.01939
0.0117341
0.0188103
0.0169732
0.0179835
0.0170718
0.0114938
0.0121705
0.0170912
0.012582
0.0122582
0.0125247
0.0130975
0.0125024
0.0163368
0.0141874
0.0128012
0.01611
0.0129134
0.0139119
0.0157271
0.0133802
0.0152432
0.015358
0.0132547
0.0156613
0.0134261
0.0148197
0.0136176
0.0148819
0.0136163
0.0142859
0.0153639
0.0139115
0.0137277
0.0153283
0.000268995
0.108623
0.0119829
0.00154249
0.0385077
0.0311012
0.0187984
0.0065624
0.0189364
0.0184255
0.0188361
0.0180205
0.0107413
0.0121131
0.0172654
0.0181332
0.014915
0.0140351
0.0170288
0.0122521
0.0168515
0.0142573
0.0161048
0.0143065
0.0127255
0.0150337
0.012969
0.0130478
0.0160351
0.0151732
0.0159234
0.0159609
0.0158622
0.0132236
0.014971
0.0143555
0.0157227
0.0134907
0.0135267
0.0144533
0.0147537
0.0152491
0.0137682
0.0145987
0.0145103
0.0145531
0.0138454
0.014016
0.0144062
0.0138922
0.0139066
0.0148307
0.0597844
0.0175107
0.0107807
0.0106422
0.00146898
0.0149579
0.00513074
0.00719036
0.0196177
0.0195002
0.00992978
0.00805934
0.0139685
0.0176114
0.0107082
0.0173614
0.0117607
0.0114202
0.011811
0.011874
0.0166576
0.0119704
0.012104
0.012396
0.0163586
0.0139765
0.013093
0.0126604
0.016074
0.0159906
0.0156795
0.0132089
0.0130661
0.0156305
0.0143859
0.0150638
0.0156763
0.0138251
0.0154859
0.0138995
0.0155144
0.0135371
0.0735394
0.0371695
0.0103094
0.00549074
0.0227439
0.000939031
0.0202922
0.00912954
0.0177615
0.0180531
0.0178589
0.0175676
0.0180301
0.0120011
0.0161341
0.0113485
0.0172728
0.0140829
0.0166505
0.0171317
0.0122665
0.0146293
0.0128689
0.0126439
0.012638
0.0126328
0.0142327
0.0130536
0.0132652
0.0161169
0.0130625
0.0160829
0.0132605
0.0133241
0.0131478
0.0133211
0.0132911
0.0157028
0.0153442
0.0134022
0.0156386
0.0150716
0.0147274
0.0140837
0.015496
0.0143851
0.0154463
0.0145256
0.0144429
0.0137205
0.0147906
0.0141841
0.000180122
0.00434065
0.00137613
0.022692
0.0234849
0.00404638
0.0188076
0.0209364
0.00911224
0.0141982
0.00982093
0.0183621
0.018864
0.0184812
0.0143399
0.0173539
0.0177526
0.0120805
0.012191
0.0121588
0.016824
0.0153716
0.012811
0.0147551
0.0161921
0.0161632
0.0149807
0.0134528
0.0131591
0.0133192
0.0132335
0.0132607
0.0148156
0.0139997
0.0139494
0.0150165
0.0136069
0.0135198
0.0138108
0.013588
0.0154884
0.0154545
0.0152713
0.0153775
0.0145638
0.0153508
0.0137466
0.0151328
0.0152659
0.0140682
0.0152101
