2.62912
0.0261903
0.000281962
0.00441085
0.00611195
0.00651089
0.00667466
0.0108263
0.0109645
0.00864495
0.00886192
0.0653383
0.0644007
0.0142462
0.00751778
0.0123495
0.0105104
0.00875214
0.0120597
0.0124943
0.0121616
0.00960619
0.0115683
0.0107934
0.00965775
0.009084
0.0103806
0.00948216
0.00952655
0.00961563
0.0107721
0.0101226
0.00951208
0.00993561
0.0106731
0.0102858
0.0104876
0.010566
0.00965826
0.00967396
0.00970974
0.01045
0.0101041
0.00981975
0.149227
0.0180579
0.0077332
0.0108609
0.0172632
0.0253648
0.0157554
0.011929
0.0129163
0.0141418
0.0136006
0.00961023
0.0110924
0.00975958
0.0094978
0.0114092
0.00933756
0.0115763
0.011455
0.0107551
0.0107536
0.0095872
0.010976
0.0106646
0.0106781
0.0101965
0.00959625
0.0109454
0.0106876
0.0100794
0.010592
0.0101998
0.0107326
0.0107206
0.00986664
0.00985283
0.00971053
0.0105084
0.010545
0.0098185
0.00994828
0.010567
0.0105165
0.00980008
0.0104135
0.0102611
0.0100203
0.0104591
0.0103989
0.0102927
0.00995203
0.00997623
0.00984982
0.0103393
0.0102517
0.0101551
0.0374376
0.0113499
0.00548631
0.0173647
0.00994327
0.0114827
0.0083328
0.00798462
0.0112263
0.0110148
0.0115405
0.00898017
0.0111468
0.0109162
0.00926098
0.0108851
0.0108659
0.00950059
0.0105254
0.00990256
0.00963835
0.00956835
0.0104087
0.0098403
0.0103357
0.00982968
0.0255436
0.0117749
0.0174439
0.0158312
0.00695175
0.0121781
0.00760146
0.00809984
0.0125132
0.0110093
0.00849204
0.0119738
0.0110201
0.0109404
0.011433
0.0111624
0.0105395
0.00969549
0.01049
0.00935751
0.010821
0.0101846
0.00943099
0.00995692
0.0106232
0.00987396
0.0105497
0.0105777
0.00999306
0.00983546
0.0105227
0.0102582
0.00998998
0.0104684
0.00996597
0.0120311
0.0602
0.00113123
0.00900289
0.00745433
0.0125153
0.0123691
0.0116857
0.00824247
0.00880344
0.0114984
0.00922662
0.00895762
0.00897191
0.00998735
0.0101197
0.00933043
0.00925362
0.0095849
0.00957067
0.0102762
0.00959367
0.020282
0.0178547
0.00702172
0.0129739
0.00956158
0.0132919
0.0071904
0.00750562
0.0119367
0.0111144
0.00847608
0.00861143
0.00889051
0.011374
0.0110603
0.011117
0.0110524
0.00927322
0.00935733
0.00935695
0.0104126
0.00951432
0.00969731
0.00970286
0.00962203
0.00983675
0.00974493
0.00979174
0.00994141
0.009223
0.00129751
0.00705592
0.0176448
0.0149646
0.0134767
0.0129283
0.00923839
0.0118453
0.011903
0.0116601
0.0105906
0.00873753
0.00884008
0.00892696
0.00903339
0.00989315
0.0107913
0.0109934
0.00958143
0.00934618
0.00947064
0.00949458
0.0104878
0.0100556
0.010519
0.00991813
0.0104168
0.00980313
0.0128682
0.0467647
0.00410422
0.0070724
0.013941
0.0132945
0.00761078
0.0121505
0.00897493
0.0111607
0.00913786
0.00900589
0.0103359
0.0092418
0.0110143
0.0109408
0.00943734
0.00951357
0.010623
0.0106254
0.00956046
0.0104401
0.00979386
0.0104555
0.00969166
0.0100379
0.00475841
0.0596092
0.0142182
0.0118701
0.00772055
0.0117943
0.00826799
0.0118321
0.011662
0.0114505
0.0113729
0.00887813
0.0110968
0.00904032
0.0090728
0.0092709
0.0101938
0.00921094
0.0107867
0.0107046
0.0103883
0.00968542
0.00954715
0.010412
0.0105355
0.0104986
0.0105138
0.00966145
0.00390175
0.0491096
0.00549892
0.0174929
0.010077
0.0115165
0.00836811
0.00799525
0.0112324
0.0110125
0.0115325
0.00898517
0.0111417
0.0109132
0.00926538
0.0108823
0.010863
0.00950429
0.0105237
0.00990407
0.00964063
0.00957045
0.0104074
0.00984173
0.0103347
0.00983114
0.259275
0.00454333
0.0105094
0.00867623
0.00706015
0.0114416
0.00825634
0.0102093
0.0108861
0.0163223
0.0735313
0.015373
0.00752298
0.0122733
0.0106698
0.00884114
0.0120638
0.0124416
0.0121188
0.00963612
0.0115466
0.0107919
0.00967312
0.00909564
0.0103828
0.00949055
0.00953305
0.00962169
0.0107655
0.0101238
0.00951548
0.00993847
0.0106683
0.0102844
0.010484
0.0105618
0.00966185
0.00967735
0.00971282
0.0104468
0.0101043
0.00982239
0.0349106
0.0251792
0.00930686
0.0125547
0.0203847
0.0230708
0.0141905
0.0119672
0.0129451
0.0125431
0.009099
0.0121873
0.00913326
0.00932993
0.00925811
0.00928844
0.00939002
0.0108005
0.00945673
0.00952411
0.0104244
0.00968677
0.0101685
0.0106555
0.0106943
0.00972293
0.0106646
0.0106433
0.00963025
0.00967051
0.0096673
0.00976789
0.0105697
0.0101066
0.010057
0.00978061
0.0105293
0.0105102
0.00975366
0.0103048
0.00987379
0.00975814
0.009841
0.0103705
0.0100511
0.137292
0.0699501
0.00698764
0.0128559
0.00986867
0.0132176
0.00714675
0.00746966
0.0119328
0.0111169
0.00845321
0.00859334
0.00887884
0.0113759
0.0110643
0.011122
0.0110581
0.00926509
0.00934193
0.00934639
0.010415
0.00950267
0.00968661
0.00969226
0.00961109
0.00982867
0.00973552
0.00978296
0.00993544
0.0193375
0.019489
0.0102417
0.0144084
0.012895
0.00858108
0.00899309
0.0139636
0.0118422
0.00899917
0.0115899
0.0117583
0.0124654
0.0121809
0.0114075
0.0113988
0.0114821
0.00942539
0.0111746
0.00942382
0.0094698
0.00982771
0.0109533
0.00986102
0.0108723
0.0107894
0.0107335
0.00989239
0.0104055
0.0106354
0.00964097
0.0100208
0.0106274
0.0105849
0.0100547
0.0102088
0.0105463
0.0105159
0.0101032
0.0104985
0.0104659
0.0104895
0.0097808
0.0100445
0.0103775
0.0100052
0.00982059
0.0668304
0.0138542
0.0131702
0.00667752
0.00951757
0.0111916
0.00679983
0.0072572
0.00900325
0.00861354
0.00975227
0.00980865
0.00909094
0.00893783
0.00938608
0.0108106
0.00982996
0.00907187
0.00355928
0.00278338
0.0175225
0.00812246
0.00691808
0.0130525
0.00785488
0.0124392
0.0092993
0.00887224
0.0113495
0.0111662
0.00908323
0.0102915
0.00997465
0.0109411
0.00924226
0.00939472
0.00986909
0.00980152
0.00976738
0.0100332
0.00984551
0.00980538
0.0102749
0.00968711
0.0100504
0.105738
0.0298573
0.00801115
0.0165739
0.0181146
0.011301
0.0095324
0.00878737
0.00890499
0.00890044
0.0119624
0.0121084
0.00983506
0.0113568
0.0106817
0.0111596
0.0112316
0.0109598
0.0112528
0.00938746
0.00937761
0.0110676
0.0110807
0.011045
0.0100938
0.0101469
0.0107815
0.00971691
0.0107824
0.0103158
0.0106757
0.0101534
0.00976108
0.0097821
0.0106031
0.0105941
0.0100677
0.0104793
0.0102621
0.0104166
0.00984705
0.0103722
0.00987433
0.0103085
0.0102425
0.0163784
0.0138652
0.000457435
0.0133848
0.00789119
0.00638117
0.01064
0.0067094
0.0100616
0.00812744
0.0115609
0.0115624
0.00882309
0.0111975
0.0103936
0.0103854
0.00995518
0.00918487
0.0107332
0.0096646
0.0106935
0.0106607
0.00947346
0.00983788
0.232222
0.0119704
0.00507822
0.00266048
0.00639518
0.00733433
0.0116453
0.00833031
0.0113781
0.0112549
0.0111906
0.0110724
0.00962816
0.0104207
0.00937802
0.00950084
0.0094776
0.122892
0.0155374
0.0362156
0.0131751
0.00839537
0.00847562
0.00851709
0.00858435
0.00875078
0.0120044
0.00900815
0.0124858
0.0112237
0.0123661
0.0104328
0.00924239
0.0111112
0.00988349
0.0102316
0.0111119
0.0108721
0.0109197
0.00946897
0.0107156
0.0107765
0.0107971
0.0107811
0.0104951
0.0106928
0.0106799
0.0104786
0.00962864
0.00969879
0.00971948
0.0102548
0.0104734
0.0103098
0.009755
0.0104189
0.0101351
0.0798073
0.0147867
0.0346402
0.0130494
0.00839539
0.00847563
0.00851789
0.00859001
0.00876475
0.0119702
0.00900859
0.0124436
0.0112117
0.0123281
0.0104382
0.00924624
0.011103
0.00988914
0.0102345
0.0111037
0.0108673
0.0109141
0.00947093
0.0107115
0.0107719
0.010793
0.010777
0.0104928
0.0106896
0.0106766
0.0104764
0.00963019
0.00970028
0.00972089
0.010254
0.0104716
0.0103087
0.0097562
0.0104176
0.0101349
0.122488
0.0147015
0.0141258
0.00323834
0.012696
0.0128008
0.00808552
0.00748049
0.00861737
0.0101631
0.00872518
0.0101406
0.0095333
0.0109283
0.0105286
0.00911533
0.00942028
0.0105759
0.00935734
0.0103345
0.00950126
0.0100453
0.0102631
0.0580292
0.00325057
0.0061728
0.0075153
0.00809837
0.00778016
0.00867872
0.00957987
0.00878002
0.004314
0.012672
0.00488232
0.0117724
0.00541951
0.0081492
0.0110476
0.00794559
0.00905946
0.00863679
0.00877307
0.00890008
0.0104953
0.0109614
0.0107462
0.0107302
0.00935921
0.0114243
0.0217005
0.0156968
0.00658566
0.0146956
0.00753548
0.009354
0.0117918
0.012457
0.00847158
0.0123
0.00850234
0.00920614
0.00985513
0.00917183
0.00900495
0.00963837
0.0106329
0.00923738
0.0107958
0.00935277
0.0108313
0.00974765
0.00954599
0.0101625
0.0102071
0.00952369
0.0106768
0.0106228
0.00989926
0.00977471
0.0101323
0.00975649
0.00976108
0.010437
0.0101241
0.00969855
0.0126771
0.0105618
0.00586423
0.0126568
0.0107358
0.011778
0.00957263
0.0115387
0.00865802
0.0114647
0.00883934
0.011036
0.0107932
0.0108504
0.0103916
0.00935769
0.00996524
0.0107397
0.00962998
0.0100485
0.0103035
0.0101982
0.0408845
0.0293366
0.00801856
0.0165845
0.0185468
0.0112191
0.00953385
0.00879255
0.00890842
0.00890463
0.0119891
0.0121384
0.00982408
0.0113524
0.0106726
0.0111681
0.0112389
0.0109627
0.0112582
0.00938894
0.00937929
0.0110711
0.0110841
0.0110479
0.010095
0.0101482
0.0107823
0.00971873
0.010783
0.0103168
0.0106756
0.0101546
0.00976292
0.00978391
0.0106026
0.0105936
0.0100689
0.0104784
0.0102625
0.0104155
0.00984863
0.010371
0.00987586
0.0103081
0.0102425
0.0463789
0.0530094
0.0172033
0.0101346
0.0203249
0.00894481
0.0118777
0.0155917
0.0121992
0.0092652
0.0127695
0.00923483
0.0109176
0.0113069
0.00928146
0.0110549
0.0093589
0.00942446
0.00969982
0.00949421
0.00950967
0.0110816
0.0110501
0.0110727
0.0110532
0.011042
0.010332
0.0108947
0.0101938
0.00983641
0.00977478
0.00962985
0.0107611
0.0103018
0.0103679
0.0103339
0.0106434
0.00983901
0.00981278
0.0104819
0.0105335
0.0104515
0.0104628
0.0100507
0.0103477
0.0104141
0.00988372
0.0102003
0.00987885
0.0103536
0.00991822
0.0103828
0.0100168
0.00271171
9.2644
0.0287174
0.00999936
0.0123441
0.0126995
0.0138953
0.0105837
0.0121579
0.00894879
0.00864469
0.0112539
0.0120694
0.0116356
0.0112762
0.00922563
0.00980568
0.00928972
0.00927114
0.00978845
0.0106252
0.0108889
0.00942879
0.01088
0.00987826
0.0105544
0.00973727
0.00961551
0.00988509
0.0101411
0.00966729
0.00960716
0.0101926
0.0105184
0.00972834
0.0105103
0.00976122
0.00971832
0.00984068
0.00976062
0.138724
0.0184573
0.00999061
0.0120076
0.00988138
0.01397
0.0141731
0.0096246
0.0119819
0.00914853
0.0114739
0.00926029
0.00926779
0.0106717
0.0123698
0.0106295
0.0115928
0.0114647
0.00945155
0.0112167
0.00948358
0.010958
0.0111114
0.0111053
0.00967082
0.0109744
0.0096207
0.00978557
0.010813
0.0106358
0.00964873
0.0108156
0.0106653
0.00969396
0.0104992
0.0106285
0.0106512
0.0105131
0.0103576
0.0102277
0.0100085
0.0098597
0.010495
0.0104826
0.0101928
0.00991199
0.00989306
0.0103551
0.0103869
0.0103877
0.00996379
0.010322
0.00991393
0.0963275
0.0294014
0.0581159
0.0166079
0.0119718
0.012885
0.00894761
0.00963471
0.00930364
0.00921099
0.00942925
0.00929102
0.00936112
0.00928545
0.0124735
0.0122362
0.00953023
0.00944202
0.0110341
0.0111005
0.0110452
0.0107061
0.0111204
0.0104574
0.0110106
0.0107927
0.0108349
0.0106173
0.0106228
0.0100372
0.00980282
0.0103473
0.010368
0.00970629
0.00970689
0.0105399
0.0106366
0.00995279
0.0105338
0.00984819
0.0104619
0.0104052
0.00989563
0.0103823
0.0104041
0.010397
0.0103425
0.0100156
0.010059
0.00986689
0.00992327
0.00988931
