0.101336
0.0461129
0.0120846
0.0273707
0.0239705
0.00466417
0.00869259
0.0139878
0.0177146
0.0164034
0.0215764
0.0185515
0.110261
0.013981
0.020486
0.0183807
0.0257453
0.0222871
0.0255729
0.0253297
0.0245497
0.025069
0.0209171
0.0244823
0.0246146
0.0234424
0.021234
0.0237876
0.0241788
0.0217945
0.0240481
0.0241155
0.0222228
0.0242478
0.0219024
0.0222418
0.0234333
0.0222894
0.0228836
0.022301
0.022426
0.0225825
0.0229667
0.0236338
0.0229945
0.0233282
0.0236566
0.0562502
0.00541973
0.0259507
0.0279734
0.0266112
0.0263351
0.0281014
0.0254697
0.0202616
0.0257367
0.0214792
0.025304
0.0217545
0.0212484
0.0206794
0.0247001
0.0250592
0.0213771
0.0246383
0.0246724
0.0244771
0.0220286
0.021957
0.0220099
0.0221104
0.0242094
0.0235028
0.0220831
0.0241577
0.0227153
0.0240365
0.0233036
0.0224688
0.0239222
0.0224664
0.0224303
0.0228929
0.0238847
0.0238572
0.0232014
0.022516
0.0225054
0.022828
0.0232654
0.0229395
0.0237486
0.0232521
0.0236725
0.0237171
0.0236619
0.0227855
0.0235431
0.0234798
0.0236643
0.0227049
0.0231206
0.0235687
0.0235798
0.0310165
0.000617055
0.0157245
0.0143037
0.0257643
0.0237654
0.0150558
0.0205752
0.0194999
0.0245157
0.0230745
0.0212973
0.0201615
0.024627
0.0214472
0.024279
0.023149
0.0217782
0.0225067
0.0221567
0.0219535
0.0233379
0.0219616
0.0224064
0.0222528
0.0222689
0.0237474
0.0223619
0.0103952
0.0179966
0.00543345
0.0103065
0.0244098
0.0198052
0.0167711
0.0168029
0.025369
0.0168224
0.0250062
0.0198524
0.0245966
0.0247663
0.0201393
0.0245978
0.0209305
0.0244108
0.0213294
0.0214249
0.0219176
0.0215293
0.0215672
0.024011
0.0218207
0.0221969
0.0222084
0.0221345
0.0237841
0.0236235
0.0223671
0.0230335
0.0223928
0.0224949
0.0387893
0.0168504
0.022973
0.0263725
0.0260075
0.0260048
0.021494
0.020244
0.0175437
0.0216376
0.018777
0.019354
0.0208824
0.0202344
0.0206303
0.0210976
0.0214588
0.0220991
0.0218478
0.0240713
0.0236113
0.0239774
0.0575951
0.0205533
0.0113548
0.0249519
0.0260127
0.0141788
0.0258279
0.0135578
0.0187917
0.0203037
0.0206798
0.0245147
0.0190696
0.0219906
0.019773
0.0206531
0.0212595
0.0243898
0.0241605
0.0216819
0.021788
0.0218354
0.0216089
0.0215822
0.0223496
0.0237423
0.0239302
0.022193
0.0223315
0.0231434
0.0184471
0.0104325
0.00151817
0.0158018
0.00613558
0.0181532
0.0200156
0.0152391
0.0142649
0.0176604
0.0185834
0.0248442
0.020089
0.019703
0.0211333
0.0206449
0.0210307
0.0207975
0.0211594
0.0243092
0.0220848
0.0219237
0.0219353
0.0237175
0.0218959
0.0224886
0.0222997
0.0228045
0.0221954
0.0213709
0.0250066
0.00458571
0.0232141
0.0219151
0.0256374
0.00943183
0.0147092
0.0253896
0.0187459
0.0212195
0.0214009
0.0210315
0.0199327
0.0244823
0.0243083
0.0209636
0.0235923
0.0212823
0.0215708
0.0241186
0.0218416
0.023959
0.0220201
0.0218809
0.0223452
0.0223521
0.0238534
0.0236084
0.0238389
0.0178242
0.00287118
0.00919055
0.023896
0.0053969
0.0133311
0.0188263
0.0196691
0.0208185
0.0246162
0.0192801
0.0194462
0.0207649
0.0232531
0.0244105
0.0237995
0.0243005
0.0223219
0.0236244
0.0240937
0.0222327
0.0217334
0.0237783
0.0239853
0.0239508
0.0221992
0.0226907
0.0309106
0.000564512
0.0156247
0.0143192
0.0257499
0.0238243
0.0150967
0.0205776
0.0195457
0.0245128
0.0230837
0.0213194
0.0201725
0.0246218
0.0214591
0.024275
0.0231509
0.0217828
0.0225116
0.0221629
0.0219602
0.0233379
0.0219666
0.0224109
0.0222578
0.0222729
0.0237451
0.0223655
0.0659503
0.0129731
0.00185216
0.00267644
0.0185085
0.0164417
0.0195314
0.0189297
0.0211704
0.194912
0.0140011
0.0213796
0.0195115
0.0257038
0.0225566
0.0255372
0.0253049
0.0245741
0.025057
0.0209948
0.0244736
0.0246029
0.0234534
0.0212416
0.0237868
0.0241715
0.0218017
0.0240413
0.024108
0.0222379
0.0242393
0.0219105
0.0222476
0.0234322
0.0222955
0.0228881
0.0223106
0.0224312
0.0225897
0.0229697
0.0236301
0.022997
0.0233273
0.0236528
2.09134
0.0655637
0.0201153
0.0120038
0.018658
0.0193002
0.0256263
0.0253097
0.0251573
0.0249721
0.0251808
0.0192294
0.0251117
0.0204794
0.021401
0.0219231
0.0218534
0.0244777
0.0214073
0.0224734
0.0233336
0.0218229
0.024148
0.0242101
0.0241163
0.0234747
0.0235793
0.0240416
0.022139
0.0223385
0.0239371
0.0224659
0.0237388
0.022405
0.023762
0.0233501
0.0225702
0.0224862
0.0230919
0.0225828
0.0229226
0.0226953
0.0235147
0.0226122
0.0235876
0.0235157
1.09693
0.403825
0.0891844
0.0161432
0.0255553
0.0255583
0.0197492
0.0252882
0.0250823
0.0180643
0.0248121
0.0240728
0.0205648
0.0213776
0.0246821
0.0208639
0.0204559
0.0216541
0.0232355
0.0219484
0.0217096
0.0241708
0.0220874
0.0217834
0.0218223
0.0231233
0.0231264
0.0222542
0.0486308
0.0313936
0.0267163
0.0203412
0.0256875
0.0244148
0.0154778
0.0254398
0.0250118
0.024617
0.0223007
0.020547
0.0225729
0.0245718
0.0210213
0.0245282
0.0245315
0.0215722
0.0244088
0.0216251
0.0243415
0.0243083
0.022043
0.0219907
0.0222159
0.0241172
0.0240886
0.0221969
0.0221699
0.0222315
0.0238261
0.0233443
0.022992
0.0232944
0.0223336
0.0235788
0.0238258
0.0237794
0.0226997
0.0225662
0.0236755
0.0230498
0.0226882
0.0226866
0.0226954
0.0236426
0.601578
0.577549
0.0263369
0.00920079
0.00823451
0.0261388
0.0256818
0.015562
0.0184529
0.0183438
0.0213576
0.0197856
0.0197204
0.0214157
0.0209036
0.0229303
0.56183
0.201167
0.0161717
0.0134831
0.0253247
0.0175873
0.0234045
0.025272
0.0234206
0.0210753
0.0194168
0.0202015
0.0210147
0.0202138
0.0205097
0.0208395
0.0217521
0.0244326
0.022185
0.0228357
0.0234795
0.0229898
0.0239519
0.0238922
0.0236333
0.0228669
0.0223841
0.0230604
0.147979
0.174449
0.0189646
0.0171887
0.0143884
0.0256277
0.0257459
0.0253765
0.0197105
0.0197356
0.0247756
0.0206958
0.0199952
0.0226279
0.0214579
0.0220993
0.0216879
0.0245288
0.0213141
0.0216319
0.0243633
0.0219972
0.0219235
0.0243122
0.0237287
0.0222698
0.0219233
0.0222306
0.0231003
0.0221389
0.0222694
0.0239362
0.0222474
0.023773
0.0239068
0.0222683
0.0239196
0.0237899
0.022448
0.0232553
0.0228649
0.0234954
0.0225456
0.0227107
0.0236107
0.0236391
0.0236574
0.134895
1.04421
0.000577418
0.0101898
0.0250725
0.0108562
0.0250847
0.0186457
0.0235813
0.0172982
0.0217936
0.0181164
0.0245712
0.0198292
0.0195519
0.0209104
0.0207888
0.0229889
0.0214063
0.0209019
0.0235419
0.0216823
1.25735
1.26028
0.0436888
0.0014085
0.0250398
0.0256324
0.0181134
0.015761
0.0188858
0.0204462
0.0223015
0.021182
0.0236025
0.0223953
0.0215649
0.0209193
0.0241413
0.272279
0.0266479
0.0236472
0.0257554
0.0114801
0.0255516
0.0253914
0.0243949
0.0188173
0.0239666
0.0225734
0.0248312
0.020105
0.0207796
0.0246556
0.0213244
0.0217624
0.0215386
0.0243921
0.0243279
0.0215665
0.0216349
0.0239754
0.0241068
0.0219848
0.0225485
0.0240582
0.0239268
0.0237634
0.0221756
0.0237298
0.0224358
0.0224314
0.0238486
0.0235092
0.0224437
0.0228249
0.0224676
0.0237732
0.0236755
0.182509
0.0265886
0.0238353
0.0257387
0.0119436
0.0255432
0.0253728
0.0244048
0.0188638
0.0239852
0.0226143
0.024818
0.0201207
0.0208075
0.0246459
0.0213481
0.0217652
0.0215562
0.0243855
0.0243219
0.0215755
0.0216431
0.0239716
0.0241021
0.0219908
0.0225537
0.0240542
0.0239233
0.0237607
0.0221801
0.0237273
0.0224402
0.0224354
0.0238458
0.0235078
0.022447
0.0228271
0.0224704
0.0237709
0.0236734
1.53596
0.814282
0.0127914
0.00471596
0.00991909
0.0251983
0.0254866
0.0251677
0.0201056
0.0180482
0.0243085
0.0204822
0.0193665
0.0226681
0.0208054
0.0242203
0.0208458
0.0213774
0.0212925
0.0215877
0.0235044
0.0221697
0.0222554
1.26376
0.107846
0.00948291
0.000386008
0.0186775
0.0202162
0.0172154
0.0205196
0.0240176
0.347235
0.902314
0.0274129
0.00788664
0.0219433
0.024242
0.016429
0.0224215
0.0188148
0.019483
0.0204382
0.0226803
0.0204714
0.0217412
0.0218608
0.0210438
0.40561
0.403801
0.0265434
0.0126034
0.0254767
0.022336
0.0252235
0.02086
0.0178603
0.0247302
0.0202291
0.020786
0.0248508
0.0195711
0.0228571
0.0246151
0.0213662
0.024122
0.0214066
0.0220177
0.0241849
0.0218985
0.0218206
0.0221988
0.0222839
0.0220926
0.0221873
0.0230272
0.0222359
0.0222963
0.0226125
0.0223869
0.456804
0.0166687
0.0255677
0.0255831
0.0226454
0.0240908
0.0194627
0.0183571
0.0246818
0.0188984
0.0190861
0.019717
0.0241078
0.0228594
0.0227151
0.0219917
0.021767
0.0237699
0.0219607
0.0235532
0.0219854
0.0219931
0.0234991
0.165511
0.0785464
0.017892
0.0172305
0.0141421
0.0256213
0.0257517
0.0254024
0.0196366
0.0197532
0.0247855
0.0207061
0.019984
0.0226094
0.0214476
0.0220879
0.0216918
0.0245325
0.0213201
0.0216347
0.0243656
0.0219992
0.0219266
0.0243137
0.0237287
0.0222729
0.0219279
0.0222345
0.0231014
0.0221425
0.022272
0.0239355
0.0222515
0.0237723
0.0239058
0.0222723
0.0239184
0.023789
0.0224504
0.023256
0.0228675
0.0234948
0.0225487
0.022714
0.0236092
0.0236374
0.0236555
0.0478056
0.0251682
0.0261154
0.0267979
0.0256924
0.0196399
0.0261003
0.0255611
0.025787
0.0198242
0.0252292
0.0202268
0.021759
0.0243408
0.0250468
0.0216521
0.0213261
0.024378
0.0219244
0.0243504
0.0244315
0.0243567
0.02424
0.0228434
0.024131
0.0223953
0.0222391
0.0239102
0.0240855
0.0221911
0.0224951
0.0223162
0.0224944
0.0238669
0.0223885
0.022446
0.022744
0.0225057
0.0238634
0.0225045
0.022604
0.0233768
0.0229478
0.0234852
0.023705
0.0226839
0.0228135
0.0227235
0.0228901
0.023147
0.023266
0.0227686
0.0232811
0.00464908
0.0468117
0.0150581
0.0128776
0.0169229
0.0255009
0.0253682
0.0184295
0.0251482
0.0224398
0.0191397
0.0198768
0.0248328
0.0207979
0.0203484
0.0211407
0.0215446
0.0245597
0.023654
0.0212238
0.0232342
0.0243053
0.0231194
0.0218954
0.0229512
0.0241004
0.0220685
0.0235071
0.0237729
0.0239508
0.0226462
0.02211
0.0222707
0.0237596
0.0223022
0.0238374
0.0223683
0.0226439
0.0234731
0.0231184
0.022561
0.133499
0.128042
0.0255753
0.0182617
0.0252864
0.0165133
0.0181113
0.0265243
0.0195941
0.0253131
0.024896
0.0253831
0.0249864
0.0214695
0.0247615
0.0213501
0.0244189
0.0246487
0.0243883
0.0241522
0.0243151
0.021922
0.0217591
0.0243726
0.0218871
0.0224
0.0242185
0.0241389
0.0222131
0.0223897
0.0228511
0.0222232
0.0239781
0.0234246
0.0224641
0.022409
0.0224261
0.0238751
0.0225254
0.0238511
0.0225089
0.0238099
0.0235785
0.0226287
0.0235879
0.0229932
0.0228142
0.0236255
0.0228922
0.0227489
0.0227615
0.0664971
0.00846276
0.0141534
0.0194399
0.0255339
0.0251022
0.0199789
0.0260425
0.0189033
0.0256364
0.0201018
0.024678
0.0211784
0.0251324
0.0211331
0.0228867
0.0215321
0.0246994
0.0217893
0.0217804
0.0221035
0.0220453
0.0243725
0.0242269
0.0220296
0.0240789
0.0239618
0.0222331
0.0223329
0.0224041
0.0223999
0.0229474
0.0239543
0.0239324
0.0231615
0.023873
0.023621
0.0225274
0.0226488
0.0225203
0.0228191
0.0233498
0.0234824
0.0226771
0.0227026
0.0227444
0.0236076
0.0227651
0.022776
0.0231783
0.0235754
0.0235774
