0.532399
0.041846
0.0838557
0.0483991
0.0105446
0.00199916
0.0111679
0.00724741
0.00693805
0.00929693
0.0111203
0.0146415
0.27721
0.0182963
0.000484418
0.0163892
0.018924
0.00550209
0.0204103
0.0120766
0.019043
0.00760475
0.0149556
0.0179957
0.0195312
0.0166091
0.0178247
0.0165181
0.0196905
0.0199099
0.0187479
0.0168523
0.0199475
0.0183269
0.0186093
0.0194324
0.0194876
0.018403
0.0186557
0.0189151
0.0185559
0.0184974
0.0184383
0.0186921
0.018746
0.0194947
0.0185027
0.051247
0.0258928
0.0516485
0.0124311
0.0158009
0.0172804
0.0160527
0.019429
0.0164014
0.0155613
0.018179
0.0159414
0.0179571
0.017887
0.0170278
0.0180196
0.0175564
0.0198798
0.0172961
0.0192125
0.0187948
0.0175963
0.0187254
0.0198221
0.0197262
0.0199276
0.0191309
0.0186902
0.0182515
0.0198045
0.0190177
0.0190633
0.0184377
0.018747
0.0197571
0.0186966
0.0195725
0.0195705
0.0193185
0.0191531
0.0187181
0.0186985
0.0187174
0.0196654
0.0190065
0.019346
0.0193812
0.0193775
0.0189894
0.0189231
0.0191719
0.018871
0.0193884
0.019061
0.0195605
0.0190119
0.0189744
0.0195427
0.0190153
0.0189734
0.00701649
0.0258379
0.0302664
0.0165858
0.0063529
0.0110179
0.00332718
0.0171921
0.0197673
0.0149907
0.0191397
0.0198966
0.0153061
0.0172989
0.0161632
0.0171778
0.0176116
0.0169573
0.0175652
0.0173308
0.0173395
0.0176459
0.0185616
0.0181709
0.019646
0.0182652
0.0186302
0.0183588
0.29221
0.00298709
0.0187264
0.01866
0.0143159
0.0155885
0.00171472
0.0156059
0.013768
0.018185
0.0198301
0.0120474
0.0145479
0.0187026
0.0189943
0.0201604
0.0172404
0.0184335
0.0165892
0.0175432
0.0168079
0.019669
0.0179257
0.017897
0.0198518
0.0179507
0.0179912
0.0179672
0.0190192
0.0182976
0.0186102
0.0193069
0.0183622
0.14651
0.0761604
0.081939
0.0145577
0.00950773
0.0138659
0.0152054
0.0114624
0.0135904
0.0179306
0.0167965
0.0138721
0.0184377
0.0160854
0.0157483
0.0184459
0.0179858
0.0167511
0.0180242
0.0185068
0.0173384
0.0179976
0.0196696
0.0179061
0.469144
0.011838
0.00143806
0.00502382
0.0191454
0.00780598
0.00153671
0.00216259
0.0145421
0.0103188
0.0195173
0.0181991
0.0140466
0.014989
0.0181595
0.0184877
0.0180187
0.0199978
0.0170734
0.0178766
0.0171659
0.0174056
0.0177799
0.0184945
0.0182618
0.0190818
0.0179782
0.0180549
0.649487
0.0363715
0.0403336
0.022886
0.0165082
0.0193111
0.00150228
0.0112317
0.0173191
0.0192466
0.0130314
0.0202967
0.0142452
0.0159562
0.0147142
0.0170101
0.0158859
0.0165833
0.0181913
0.0190069
0.0176214
0.0177916
0.0180326
0.0187962
0.017992
0.0194758
0.0194086
0.0180504
0.310268
0.0157382
0.051722
0.00591527
0.0174668
0.00762498
0.0143023
0.0114758
0.0201659
0.0128211
0.0147356
0.0178905
0.0154727
0.0165056
0.0184857
0.0172171
0.0179939
0.0173039
0.0178427
0.018194
0.0178975
0.0191317
0.0180212
0.0179075
0.0183438
0.0183211
0.0184802
0.018438
0.341294
0.0323212
0.0210228
0.015195
0.00992202
0.00696229
0.000267955
0.0115336
0.00928512
0.0125339
0.0173305
0.0177567
0.0177595
0.0198428
0.0200731
0.0200876
0.0186807
0.0199986
0.0178918
0.0173448
0.0182461
0.0190705
0.0195753
0.0182337
0.0191271
0.0193702
0.0182409
0.0180842
0.0190939
0.00574463
0.0236962
0.0285014
0.0160247
0.00665474
0.0111913
0.00359629
0.0171918
0.019765
0.0150355
0.0191364
0.0198941
0.0153338
0.0173066
0.0161845
0.0171893
0.0176202
0.0169712
0.0175743
0.017342
0.0173507
0.017655
0.0185651
0.018177
0.0196447
0.0182707
0.0186329
0.0183634
0.348808
0.0146657
0.0204992
0.0129445
0.0192792
0.00950483
0.015727
0.0166858
0.362632
0.0183065
0.00049411
0.016512
0.0189291
0.00629107
0.0204098
0.0120635
0.0190376
0.00805014
0.0150781
0.0180133
0.0195226
0.0166614
0.0178441
0.0165669
0.0196847
0.0199054
0.0187475
0.0168888
0.0199435
0.0183333
0.0186145
0.0194303
0.0194853
0.0184121
0.0186607
0.0189183
0.0185622
0.0185046
0.0184474
0.018697
0.0187515
0.0194929
0.0185106
0.158798
0.053351
0.0206723
0.0181849
0.0049466
0.0172132
0.00936408
0.0158357
0.0202282
0.0203582
0.0125803
0.0178137
0.015311
0.0181534
0.0157252
0.0177559
0.0176628
0.0164962
0.0172024
0.0199904
0.0187445
0.0174979
0.0199887
0.0177436
0.0181346
0.0180388
0.0186623
0.0182661
0.019174
0.0183108
0.0196186
0.0185609
0.0185191
0.0195581
0.018582
0.0184546
0.0191598
0.0190245
0.0196071
0.0191619
0.0188507
0.0187561
0.0189133
0.0188352
0.0190051
0.0195427
0.551149
0.00816793
0.00215657
0.00368971
0.019095
0.0082354
0.00163615
0.00199667
0.0145946
0.010354
0.0194977
0.0181509
0.0139854
0.0149149
0.0181283
0.0184649
0.0180104
0.0200035
0.0170429
0.0178441
0.0171355
0.0173799
0.0177605
0.018475
0.0182367
0.0190756
0.0179504
0.0180253
0.0806987
0.00065771
0.0728411
0.00800488
0.0101731
0.0111962
0.0157286
0.0198991
0.0194698
0.0201484
0.0180308
0.0158049
0.0168768
0.0165742
0.0175435
0.0169865
0.0200401
0.0173825
0.0170716
0.0170072
0.0183167
0.0197937
0.0182123
0.0180287
0.0195708
0.0178789
0.0181571
0.0194925
0.0186481
0.0192122
0.0195776
0.0184633
0.0197024
0.0196873
0.0197144
0.0188119
0.0196301
0.0188922
0.0194945
0.0187064
0.0188802
0.0187912
0.0191145
0.0187949
0.0193895
0.0189632
0.969051
0.0939374
0.0168559
0.0132904
0.0163522
0.00571508
0.0157002
0.0120077
0.00163166
0.0174098
0.0198943
0.017627
0.0198222
0.0146602
0.0163047
0.0154511
0.0180092
0.0196509
0.252742
0.012519
0.0552717
0.00155243
0.00961207
0.020823
0.000589447
0.0173392
0.0181273
0.0182817
0.0196626
0.0196641
0.0176485
0.017308
0.015187
0.0163996
0.0162421
0.0177662
0.0165652
0.0177852
0.0169999
0.0180961
0.0171181
0.0183557
0.0184881
0.0186619
0.0194595
0.0180636
0.0185645
0.0194753
0.343111
0.324006
0.0373883
0.0129634
0.00336939
0.0151518
0.0168272
0.0173125
0.0172643
0.0144065
0.0175857
0.0139192
0.0200392
0.0152502
0.0183058
0.0167202
0.0195588
0.0199655
0.020058
0.0180738
0.018292
0.0171537
0.0177337
0.0177558
0.0189548
0.0179656
0.0181716
0.0181744
0.0185732
0.0182825
0.0193611
0.0182776
0.0183802
0.0187264
0.0193825
0.0185555
0.0192816
0.0187307
0.0185905
0.0190085
0.0189252
0.0187739
0.0195745
0.0195147
0.0187581
0.019532
0.0188365
0.0188315
1.4416
0.0409069
0.0012252
0.020743
0.0019071
0.00454834
0.0154011
0.00989055
0.00935586
0.0168899
0.0115372
0.0179281
0.0134381
0.0148859
0.0193476
0.0200043
0.0199923
0.0198426
0.0189817
0.0182661
0.0180287
0.532526
0.177739
0.017824
0.020863
0.00166419
0.00708101
0.0110476
0.00922983
0.0139288
0.0200205
0.0141347
0.0132256
0.0153502
0.0162608
0.0161686
0.0173543
0.0169255
0.0164671
0.132781
0.472508
0.00667891
0.0153881
0.015049
0.014382
0.0160791
0.0137191
0.0155376
0.0196091
0.0183266
0.0171807
0.0199501
0.0153788
0.0197742
0.0178249
0.0189437
0.0196994
0.0169387
0.0184568
0.0195342
0.0181963
0.0196896
0.0198103
0.0183397
0.0180584
0.0182775
0.0192325
0.0193992
0.0196406
0.0190766
0.0187643
0.019516
0.0186242
0.0187218
0.0186034
0.0192805
0.0195904
0.0186242
0.0195803
0.0189784
0.0895538
0.453681
0.00430245
0.0155962
0.0150487
0.0143281
0.0161746
0.0137532
0.0156225
0.0196021
0.0183077
0.0172145
0.0199459
0.0154337
0.0197698
0.0178389
0.0189384
0.0196951
0.0169607
0.0184568
0.0195309
0.0182016
0.019687
0.0198084
0.0183446
0.0180667
0.0182834
0.0192318
0.0193982
0.0196392
0.0190771
0.0187669
0.0195149
0.0186273
0.0187243
0.018607
0.0192802
0.0195892
0.0186275
0.0195793
0.0189797
0.00907864
0.0054428
0.0157302
0.000158594
0.0133891
0.017679
0.00659805
0.0102598
0.0183734
0.0174049
0.0144764
0.0200334
0.0161283
0.0166707
0.0194166
0.0198055
0.0189601
0.0179041
0.0177112
0.0176373
0.017524
0.158116
0.0601955
0.0496831
0.0524186
0.00762525
0.000522759
0.00139823
0.00879641
0.016263
0.0134256
0.0131131
0.0126272
0.0330291
0.00676244
0.0113843
0.0147345
0.00180984
0.00410196
0.0190541
0.00974099
0.0121955
0.0118568
0.0151194
0.0155184
0.018319
0.0171979
0.676217
0.059079
0.0109654
0.0164098
0.0115455
0.0141394
0.00853545
0.0172876
0.0187255
0.0187315
0.0197148
0.0132011
0.0148896
0.015117
0.0176425
0.0152433
0.0193858
0.0187483
0.0195578
0.0186418
0.0188772
0.0182862
0.018313
0.0177409
0.0179771
0.0184638
0.0180657
0.0188549
0.0184837
0.0189344
0.0183599
0.018857
0.0184421
0.0188489
0.0529344
0.0214232
0.00361435
0.0164368
0.0150779
0.015093
0.0050702
0.00844134
0.0136489
0.0118916
0.0180797
0.0185549
0.0150103
0.01597
0.0170331
0.017867
0.0173428
0.0172637
0.0177781
0.0186104
0.0179281
0.0184453
0.00380485
0.0116109
0.00838957
0.0175535
0.0188479
0.0130832
0.0191897
0.0178422
0.0165456
0.0152937
0.0177069
0.0178543
0.0198088
0.0151125
0.0201991
0.018214
0.0168882
0.0179538
0.0199962
0.0173126
0.0177842
0.0198648
0.0182541
0.0185646
0.0188852
0.0178871
0.0185793
0.0183817
0.0197886
0.0194395
0.0192417
0.0183352
0.0196113
0.0196497
0.0185881
0.0186453
0.0189889
0.0189346
0.0195445
0.0193088
0.0186597
0.0186879
0.0186667
0.0188892
0.0188384
0.0187796
0.0195675
0.0192223
0.00626015
0.0063917
0.020765
0.00475753
0.00844329
0.012421
0.0197268
0.0179977
0.0154826
0.0186598
0.0192999
0.0201169
0.0196962
0.0200563
0.0194403
0.0199865
0.0187769
0.0175605
0.0195872
0.0194692
0.0186162
0.0197028
0.0196754
0.0197409
0.0184051
0.0181767
0.019676
0.0185578
0.0186573
0.0186518
0.0196664
0.0185762
0.0186973
0.0186033
0.0189533
0.0194464
0.0187001
0.0194791
0.0194344
0.0196184
0.0187179
0.0188024
0.0188694
0.0193504
0.01908
0.0188851
0.0189982
0.0195227
0.0192473
0.0189832
0.019305
0.0191829
0.0193876
2.42443
0.140589
0.0253556
0.00628622
0.0159395
0.00253836
0.0148025
0.0142079
0.0137049
0.0152574
0.0167998
0.0143953
0.0199419
0.0157694
0.0181781
0.0160723
0.0185702
0.017637
0.020064
0.0172002
0.0171961
0.0180265
0.0185287
0.0181721
0.0176458
0.0194439
0.0178046
0.0196075
0.0180787
0.018366
0.0197214
0.0191382
0.0184368
0.0186332
0.0185357
0.019309
0.0185121
0.0189704
0.0186611
0.0193872
0.251388
0.182657
0.0119809
0.00697191
0.0185131
0.014628
0.0159615
0.0202418
0.0175263
0.0200047
0.0154366
0.0197072
0.0198612
0.0201547
0.0191273
0.0163793
0.0176829
0.0173982
0.0198428
0.0199161
0.0196775
0.0197232
0.0198909
0.0181556
0.0187063
0.0181445
0.0184779
0.0191908
0.018587
0.0187072
0.0187299
0.0185751
0.0189082
0.0187129
0.0196263
0.0187074
0.0196043
0.0186362
0.0190622
0.0188147
0.0194099
0.0187804
0.0187648
0.0195819
0.0189128
0.019554
0.019263
0.0188462
0.0195231
0.0192507
0.0189588
0.018982
0.0195114
0.208387
0.0425186
0.00393795
0.0201954
0.0102853
0.00153074
0.0166448
0.0158014
0.019957
0.0160875
0.0201345
0.0165797
0.0183952
0.0194705
0.0194721
0.0198575
0.017327
0.0199891
0.0187548
0.0184488
0.0179892
0.0180317
0.0180129
0.0188907
0.0198263
0.0198028
0.0190318
0.0184653
0.0188225
0.0187209
0.018587
0.0186172
0.0196566
0.0186359
0.0187354
0.0187149
0.0191606
0.0196213
0.0188566
0.0193095
0.0187856
0.0187661
0.0191923
0.0195988
0.0189944
0.0195594
0.0188723
0.0188863
0.0193493
0.0189743
0.0192216
