0.0315911
0.0189727
0.0213502
0.0197531
0.0200074
0.0199139
0.0200074
0.0200178
0.020001
0.017867
0.0246735
0.0245843
0.0195973
0.0200507
0.0203952
0.0182794
0.0200585
0.0200575
0.0205234
0.0199547
0.0197879
0.0197505
0.019887
0.0208468
0.0192713
0.0192808
0.020281
0.020708
0.0193325
0.0198163
0.0194801
0.0204877
0.019444
0.0203921
0.0201596
0.0204712
0.0199007
0.0195466
0.0196074
0.0199872
0.0202575
0.0204223
0.0195952
0.0203086
0.0197229
0.0203964
0.020266
0.020361
0.019701
0.0202532
0.0197055
0.019769
0.0199654
0.0202456
0.0197528
0.0197927
0.0200634
0.0199042
0.019815
0.0159587
0.0228148
0.0181344
0.0210027
0.0202032
0.0190316
0.0197522
0.0202544
0.0196061
0.0195647
0.0198143
0.0200051
0.0200039
0.0199124
0.0200205
0.0199376
0.0200357
0.0200097
0.0200292
0.0200404
0.0200285
0.0199595
0.019959
0.0200317
0.0199979
0.0199582
0.0199754
0.0200259
0.0199736
0.0200296
0.0200038
0.0200194
0.0200125
0.0200228
0.0199877
0.0200005
0.0199994
0.0199898
0.020018
0.019982
0.0199924
0.020024
0.0199866
0.0200227
0.0200145
0.0200012
0.0199787
0.0200082
0.0200011
0.0193501
0.023171
0.0198043
0.0206274
0.0206802
0.0202303
0.0198125
0.0200889
0.0198488
0.0202087
0.0198829
0.0200875
0.0199525
0.0200138
0.0199284
0.0199914
0.0199657
0.0200363
0.019947
0.0199553
0.0199464
0.0200332
0.0200361
0.019958
0.0200276
0.0200028
0.0199797
0.0200254
0.0200268
0.0200189
0.0199716
0.0199802
0.0199777
0.0199933
0.0200197
0.0199751
0.0200128
0.0200151
0.0199951
0.0193501
0.0238226
0.019274
0.0211659
0.021106
0.0202156
0.0198434
0.0197695
0.0201514
0.020019
0.0200484
0.0198471
0.0200715
0.0197193
0.0201757
0.0200612
0.0201146
0.019793
0.0201704
0.0201495
0.0201695
0.0198843
0.019843
0.0201416
0.0199017
0.0200055
0.0200811
0.0199049
0.0198974
0.0199342
0.0201016
0.0200755
0.020082
0.0200295
0.019926
0.0200893
0.0199532
0.0199439
0.0200204
0.0234901
0.0219684
0.0205903
0.0201995
0.020928
0.0201727
0.0199672
0.0201067
0.0193695
0.0196899
0.0203578
0.0195496
0.0202807
0.0194908
0.0203584
0.0197036
0.0200068
0.0203065
0.020151
0.0202606
0.0202899
0.0197682
0.0202024
0.019735
0.0199441
0.0201811
0.0201932
0.0201277
0.0201611
0.0298239
0.0187614
0.018667
0.0211525
0.0206575
0.0181429
0.0182967
0.0199857
0.0196696
0.0209182
0.020373
0.019435
0.0193597
0.0194407
0.0193067
0.0193234
0.0204924
0.0198513
0.0198034
0.0200509
0.0203509
0.0195347
0.0200006
0.0202456
0.0195819
0.0196748
0.0197698
0.0201482
0.0198413
0.020275
0.0199199
0.0203098
0.0203061
0.0197919
0.0202712
0.0201596
0.0199866
0.0200094
0.0198501
0.0197911
0.0247989
0.0234936
0.020455
0.020914
0.0209479
0.0194425
0.019867
0.0197604
0.0201766
0.0201506
0.0199124
0.0200492
0.0200029
0.0198497
0.0199558
0.0200696
0.0199037
0.0200724
0.0200299
0.0199363
0.0200606
0.0200149
0.0199444
0.0199991
0.0199338
0.0199383
0.020054
0.0200257
0.0199754
0.0200024
0.0200299
0.0199777
0.0199548
0.0199565
0.0200314
0.0199672
0.0199628
0.0200108
0.0200023
0.0154907
0.0302485
0.0280993
0.0190947
0.0196173
0.0206692
0.0187386
0.0191154
0.0200475
0.0197592
0.0197168
0.0191228
0.0191976
0.0194999
0.02074
0.0193678
0.0193155
0.0206596
0.0195081
0.0194225
0.020629
0.0196026
0.0205394
0.0198037
0.0204892
0.0198565
0.0199221
0.0203685
0.0199072
0.0203691
0.0203076
0.0202006
0.0197419
0.0203012
0.0196255
0.0202179
0.0201178
0.0197223
0.0196618
0.0203198
0.0197127
0.0198569
0.020291
0.0197198
0.0198656
0.0202568
0.0275485
0.00945854
0.0188331
0.0207373
0.0201088
0.0176896
0.0206852
0.0191241
0.0189242
0.019476
0.0188295
0.0199764
0.0198728
0.0189957
0.0195671
0.0197552
0.0206527
0.0196299
0.0194215
0.0104414
0.0235309
0.0201085
0.0190299
0.0195571
0.0197045
0.020368
0.0196782
0.0197516
0.0200818
0.0199084
0.0200168
0.0200488
0.020088
0.0200666
0.0200484
0.0200037
0.0200307
0.0199186
0.0199724
0.019939
0.020026
0.0200484
0.0200016
0.0200266
0.0200351
0.019953
0.0199704
0.0101872
0.0212026
0.0172777
0.0196621
0.0222623
0.0202386
0.018761
0.0207923
0.020159
0.0188184
0.0198435
0.0210058
0.0201568
0.0195795
0.0207311
0.019454
0.0207092
0.0202921
0.0201936
0.0205626
0.0194713
0.0204486
0.0196366
0.0205823
0.0202746
0.019693
0.0203849
0.0201925
0.0202217
0.0195085
0.0197102
0.0201642
0.020438
0.0202135
0.02036
0.0204146
0.0204021
0.0197759
0.0203211
0.0199111
0.0197544
0.0198812
0.0202912
0.0199587
0.0197842
0.0185728
0.0249297
0.00544945
0.0191898
0.0194292
0.0190112
0.019043
0.0200044
0.0190094
0.020232
0.0200888
0.0204974
0.0199447
0.020533
0.0202271
0.0202636
0.0196953
0.0204031
0.0203873
0.0198132
0.0202709
0.0200883
0.0202859
0.0200579
0.0199025
0.0198202
0.0197043
0.0197111
0.0201608
0.019746
0.0197918
0.0199227
0.0198863
0.0201219
0.0201784
0.0199246
0.0198462
0.0201223
0.0272202
0.0167004
0.0179005
0.0199692
0.0200663
0.0193469
0.0201953
0.020228
0.0202134
0.0199229
0.019746
0.0201794
0.0199872
0.0198225
0.0199712
0.0198443
0.0198739
0.0168611
0.01596
0.0234852
0.0182237
0.0176372
0.0190486
0.0192298
0.0187994
0.0202428
0.0199655
0.020076
0.0198304
0.0205564
0.020503
0.0198881
0.0194139
0.0204944
0.0204938
0.0199404
0.0195651
0.0196585
0.0203515
0.0201669
0.0196311
0.0203286
0.0203497
0.0196536
0.0197571
0.0203244
0.0197675
0.019879
0.0200183
0.0197286
0.0201909
0.0197655
0.0197863
0.0200824
0.0202066
0.0157336
0.0246858
0.023502
0.0195753
0.0194747
0.0195332
0.0203938
0.0202501
0.0200211
0.0201348
0.0200807
0.0200497
0.0199418
0.0200537
0.0200205
0.0199686
0.0199367
0.0199456
0.0200474
0.0200312
0.0200418
0.020048
0.0200329
0.0200237
0.0199737
0.0199703
0.0200375
0.0199641
0.0200186
0.0199812
0.0167564
0.0229265
0.00856924
0.0201338
0.017561
0.020148
0.0213892
0.0199207
0.0200776
0.0203321
0.0198489
0.0205733
0.0201227
0.0194184
0.0195216
0.0202531
0.0195607
0.0197866
0.0196217
0.0196748
0.0198408
0.020127
0.0200533
0.0196808
0.0196849
0.0203019
0.0197403
0.0197036
0.0197579
0.0199754
0.0201325
0.0202064
0.0197992
0.0201885
0.0199888
0.0201452
0.0201619
0.0298663
0.0177404
0.0198059
0.0200571
0.020581
0.0202769
0.0202616
0.0198769
0.0196386
0.0221125
0.0244953
0.0166316
0.018536
0.0193452
0.0207264
0.0193823
0.0204029
0.0200591
0.020537
0.0200384
0.0207579
0.0200078
0.0192559
0.0200608
0.0194675
0.0200749
0.0205017
0.0204817
0.0204565
0.0195448
0.020411
0.0196323
0.0204081
0.0204033
0.0197128
0.0200385
0.020319
0.0199827
0.0200858
0.019758
0.0203104
0.0197121
0.020295
0.0201301
0.0199016
0.020138
0.0198413
0.0202621
0.0197523
0.0202458
0.0200559
0.0201124
0.0201913
0.0200265
0.0198138
0.0198306
0.0200679
0.0201837
0.0256594
0.0255196
0.018215
0.0207204
0.0200946
0.0201184
0.0201232
0.0203174
0.0194843
0.019733
0.0198347
0.019637
0.0196817
0.0200564
0.0197633
0.0197465
0.0197648
0.0201388
0.0197921
0.0201657
0.027215
0.0167875
0.0173541
0.0194931
0.0203521
0.0188704
0.020437
0.0205117
0.0204733
0.019806
0.0194738
0.0203924
0.0199634
0.019622
0.019932
0.019666
0.0197269
0.00642907
0.0157917
0.0190973
0.0201155
0.0203048
0.0200331
0.0201745
0.0201927
0.0201563
0.0200573
0.0225593
0.028639
0.0184892
0.0168522
0.0205328
0.0195824
0.0203194
0.020402
0.0207924
0.0207506
0.0200278
0.0207608
0.019612
0.0193832
0.0197891
0.0198592
0.0205633
0.0205064
0.0194751
0.0197258
0.0204534
0.0200363
0.0203427
0.0195914
0.0199844
0.0196051
0.0196211
0.0198863
0.0196477
0.0202075
0.0199253
0.0197035
0.0202342
0.0198493
0.0197617
0.0199872
0.0197577
0.0197985
0.0202194
0.0201489
0.0199711
0.0200152
0.0201732
0.0201112
0.0200792
0.0198088
0.0201307
0.0199797
0.00937545
0.0213579
0.0205888
0.0196935
0.0202275
0.0200783
0.0200004
0.0200685
0.0200323
0.0200921
0.0201175
0.019861
0.0200929
0.0200602
0.0199164
0.0200648
0.019921
0.0137097
0.0448231
0.0193117
0.0186146
0.020053
0.018263
0.0176752
0.0211158
0.0197346
0.021123
0.0186911
0.0187408
0.0196752
0.0207978
0.0203147
0.01918
0.0206033
0.0163781
0.00372052
0.0192439
0.0195394
0.0190285
0.0205437
0.0188495
0.0205449
0.0199957
0.0205085
0.0196637
0.0201083
0.0195181
0.0196066
0.0200046
0.020035
0.0200612
0.0202563
0.0201675
0.0117342
0.0118299
0.00486775
0.0207584
0.0200749
0.0202095
0.0196029
0.0201915
0.0193301
0.0206124
0.019741
0.0197099
0.0195973
0.0204418
0.0201115
0.020172
0.0201207
0.0201968
0.0203166
0.0199219
0.0197878
0.0197526
0.0198073
0.0200764
0.0197242
0.019783
0.0200536
0.0197741
0.000541667
0.0254705
0.0181184
0.021248
0.0202782
0.0196402
0.0200601
0.0200457
0.0202218
0.0202082
0.0202006
0.0198281
0.0198814
0.0201506
0.019977
0.0199456
0.0199577
0.0200087
0.020789
0.0230836
0.0205733
0.0195901
0.0197936
0.0196458
0.0198301
0.019983
0.0200799
0.0199246
0.0229531
0.0324836
0.0180568
0.0121472
0.0214177
0.020552
0.0201712
0.0197815
0.0200176
0.0200641
0.020077
0.0208744
0.0194014
0.0203006
0.0193546
0.0193979
0.0199528
0.0195236
0.0201929
0.0197586
0.0196862
0.0204732
0.0198646
0.0204368
0.0203469
0.0203942
0.0196545
0.0196055
0.0200616
0.0196347
0.020317
0.0201938
0.0196814
0.0198276
0.0199544
0.0201036
0.0201029
0.0202699
0.0201196
0.0198128
0.0197585
0.020252
0.0199737
0.0201011
0.0197745
0.0198025
0.0201547
0.0197984
0.02018
0.154577
0.0161962
0.020353
0.0202726
0.0197537
0.0206754
0.0202354
0.0191083
0.0193797
0.0194253
0.0242699
0.0199867
0.0206261
0.0219049
0.0202522
0.0200591
0.0200967
0.0193232
0.0204783
0.0193105
0.0193484
0.0202415
0.0201722
0.0195354
0.0196372
0.0203834
0.0197194
0.0199505
0.020233
0.0201934
0.019674
0.0199257
0.0200558
0.0202019
0.019758
0.0199648
0.0197577
0.0197755
0.020194
0.0201658
0.013814
0.0215678
0.0191189
0.0198963
0.0171817
0.0221471
0.0174865
0.0201203
0.0187494
0.019982
0.0194959
0.0203669
0.0208097
0.0199271
0.0192093
0.020396
0.0206632
0.0197185
0.0203536
0.0194392
0.0205106
0.0202909
0.0194982
0.0196487
0.0195592
0.0200028
0.0197432
0.0203892
0.0202757
0.0203924
0.0198888
0.0198271
0.0199114
0.0198251
0.0199505
0.0198814
0.0202335
0.0202876
0.0197722
