0.0968544
0.134281
0.00418979
0.0127354
0.0118659
0.00937169
0.00494041
0.0101091
0.00717819
0.00397774
0.00527288
0.00346502
0.000818104
0.0560994
0.0511506
0.0041879
0.00490921
0.00449118
0.00285929
0.00600129
0.00374954
0.00421639
0.00439084
0.00104339
0.0028955
0.00281315
0.0038231
0.000846046
0.001329
0.000571855
0.000199309
0.00197389
0.00108822
0.00244927
0.00191646
0.000518889
0.00221509
0.000174137
0.000123966
0.00207092
0.000595082
0.0019619
0.001822
0.00180237
0.00151853
0.00179264
0.0344744
0.00568332
0.047494
0.0158659
0.0120356
0.00471506
0.00323435
0.00247235
0.00308
0.00313183
0.000870044
0.00132401
0.0033069
0.00124748
0.000572214
0.0022297
0.00256364
0.00248393
0.00244239
0.00192481
0.000648581
0.00226795
0.00175214
0.00207718
7.89464e-05
0.000449391
0.00024422
0.00114767
0.000432103
0.00211826
6.99341e-05
0.00011011
0.000190711
0.00177073
6.82198e-05
0.00139656
0.00117189
4.0381e-06
0.000266455
6.72314e-05
0.000152248
0.00161418
0.000154274
0.00018398
0.00137737
0.000160347
0.00131607
0.000356672
0.000333002
0.00150759
0.00119055
0.00144108
0.0014374
0.000798197
0.000470191
0.105464
0.0094194
0.0174367
0.0102127
0.00429475
0.0031766
0.00745075
0.000258198
0.000210489
0.00480551
0.00519427
0.00384662
0.00425331
0.00132095
0.0042337
0.000682763
0.000679854
0.000772615
0.00289598
0.000378841
0.00279803
0.00279636
0.00263363
0.00216856
0.00251107
0.00140296
0.00010215
0.000810093
0.000259696
0.000178266
0.000572653
0.00204028
0.00196549
0.00188144
0.00143548
0.0577906
0.0561869
0.0250043
0.00948505
0.00426462
0.00436774
0.00302789
0.00527036
0.00466032
0.0038905
0.00487971
0.00438549
0.00411084
0.00115574
0.000266847
0.00314093
0.00291772
0.00065115
0.00269726
0.00273504
0.00192486
0.00249906
0.000763193
0.000372565
0.00182271
0.00176887
0.000213886
0.000202401
0.00200252
0.00172193
0.00196945
0.00187795
0.000752611
0.00179686
0.155744
0.0460546
0.0421919
0.00435265
0.00310902
0.000684847
0.00172327
0.00198325
0.00639332
0.00188615
0.00386134
0.00362784
0.00369783
0.00382731
0.000762819
0.000654866
0.00299379
0.00191426
0.000553876
0.000315906
7.49341e-05
0.00241461
0.00215397
0.00194122
0.000173925
0.0168364
0.00382851
0.012961
0.00255984
0.000787609
0.000518112
0.00166353
0.000590931
0.00346882
0.00373491
0.00217359
0.00366266
0.00111368
0.000170365
0.00217012
0.0019363
0.00022333
0.00258939
3.4675e-05
0.000511313
0.00211563
0.000436811
0.00209073
0.00210036
6.33264e-05
0.000545414
0.504889
0.0192337
0.0435554
0.00287911
0.00466012
0.00400371
0.00479684
0.00508588
0.00171623
0.00162757
0.00164604
0.00414688
0.0040314
0.00342567
0.00309879
0.00298869
0.000130895
0.000429076
0.00242823
0.00033353
0.00232179
0.00233861
0.00145644
0.0017177
0.000230742
1.78764e-05
0.0726526
0.0798263
0.0301237
0.00447771
0.00414475
0.00291522
0.00295541
0.00472536
0.00239254
0.00213464
0.00085347
0.00183253
0.00380921
0.000816599
0.00449914
0.00321419
0.000928069
0.00301547
0.000777637
0.000749448
0.00104091
0.000614223
0.000447154
0.00043307
0.00249422
0.00149584
0.00111191
0.00201428
0.000100019
4.86062e-05
0.00174665
9.67127e-05
0.0019463
0.00201001
0.000277206
0.214687
0.115617
0.0019147
0.00412671
0.00265014
0.00794308
0.00179962
0.00296681
0.00407847
0.00093643
0.00503907
0.00388646
0.00382594
0.00328399
0.00187042
0.00331397
0.00250352
0.00279907
0.00202015
0.000485915
0.00222075
0.00219085
0.0023059
0.00226524
1.91157e-05
0.00212384
5.88746e-05
0.000131147
0.136127
0.148532
0.0174053
0.0101984
0.00430035
0.00314558
0.00731094
0.0002789
0.000229205
0.00479867
0.00516812
0.00384179
0.00424308
0.00131115
0.00422349
0.000676095
0.000673085
0.000766018
0.00288977
0.000379315
0.00278883
0.00278843
0.00262593
0.00216098
0.00250518
0.00139909
9.794e-05
0.000809635
0.00025514
0.000174385
0.000573783
0.00203553
0.00196156
0.00187664
0.00143231
0.229216
0.001747
0.0462813
0.00339323
0.00297504
0.00281263
0.00241464
0.00702977
0.0061902
0.00150176
0.00179588
0.00402887
2.65726
0.0216108
0.00391
0.00507632
0.00432146
0.00277428
0.0057335
0.00374412
0.0042068
0.00437769
0.000999044
0.00288987
0.00280797
0.00378535
0.000828026
0.00131462
0.000559175
0.000189164
0.00195591
0.00108123
0.00243385
0.00190283
0.000520924
0.00220214
0.000164672
0.000115002
0.00206056
0.000596972
0.00195451
0.00181598
0.00179393
0.00151176
0.00178467
0.0145908
0.0473487
0.00433943
0.00270816
0.00813276
0.00169661
0.00697172
0.00414985
0.00121342
0.00354394
0.00164763
0.00319409
0.00201109
0.00152014
0.00133866
0.000652538
0.00157912
0.000829126
0.000551732
0.000582955
0.0025911
0.00175689
0.000682078
0.00196689
0.000719971
0.00224693
0.000837642
0.00019877
0.000939382
0.000129773
0.000269508
0.000771632
0.000457324
0.000413216
1.24619e-06
0.00179596
0.000106241
0.000235972
0.000157851
0.000191598
0.0016739
0.00133296
0.000213453
0.00135178
0.00158786
0.000354022
0.000376136
0.00152933
0.00850828
0.0334599
0.013179
0.00252874
0.000718476
0.000560468
0.00165524
0.000612164
0.00349014
0.00376335
0.002187
0.00370195
0.00111585
0.000180878
0.00219468
0.00195737
0.000236021
0.00261232
4.63614e-05
0.000507219
0.00214136
0.00043109
0.0021086
0.00211919
7.74614e-05
0.000540456
0.0120506
0.0071452
0.00953854
0.0136458
0.0073772
0.00762572
0.00385129
0.00442988
0.0017365
0.00384912
0.00335175
0.00301387
0.00198316
0.00131117
0.00306164
0.00105918
0.00272576
0.00264224
0.00132265
0.00264356
0.00142912
0.000479008
0.000361754
0.00106475
0.00213696
0.00200984
0.000363624
0.000627029
0.000222343
0.000215165
0.00190602
0.000168335
7.36881e-05
3.28974e-05
0.00179017
0.000942711
0.00113742
0.000150533
0.000418595
0.00161696
0.000695509
0.00116364
0.00156983
0.000254366
0.0014973
0.000296539
0.166921
0.000371054
0.0611371
0.0230083
0.00685614
0.00332693
0.00548803
0.0051437
0.00114646
0.00444634
0.00456705
0.00496242
0.00385157
0.00187613
0.000197493
0.00289962
0.00293481
0.0014923
0.0152459
0.0308861
0.0414221
0.0102105
0.00691911
0.00341495
0.00260172
0.00247191
0.000871819
2.72903e-05
0.00178831
0.0015044
0.00113267
0.000871323
0.000814301
0.00259382
0.00253003
0.000423573
0.000398337
0.00161299
0.00215071
0.00214417
0.00203486
0.000242507
3.32505e-05
0.0167133
0.00312998
0.00720689
0.00715529
0.00731659
0.00508491
0.00280953
0.00351608
0.00395055
0.00293229
0.00375422
0.00392928
0.00136292
0.00326321
0.00316396
0.000786416
0.00259974
0.00113298
0.00248617
0.00122211
0.00136573
0.000472346
0.00214127
0.00100074
0.000503063
0.00178824
0.00209446
0.00140276
2.54795e-05
0.000178943
0.000749021
0.00015344
8.95524e-05
1.30212e-05
1.25753e-05
0.00168272
0.00181108
0.00121359
0.000137666
0.00107581
0.00162607
0.00107064
0.00131165
0.00156188
0.000278286
0.0891845
0.0286085
0.0116849
0.00542369
0.0116005
0.000713118
0.00444131
0.00200017
0.000683245
0.00153379
0.00406061
0.00356892
0.00294125
0.00314129
0.000565617
0.000581144
0.000450595
0.00214259
0.000696085
0.000577534
0.16978
0.0294013
0.00319401
0.00331275
0.00319343
0.00199523
0.00827646
0.00110236
0.00230739
0.0037781
0.00102132
0.00089974
0.000725078
0.00335184
0.000580862
0.00288055
0.000779186
0.00887097
0.0225924
0.00958275
0.00436941
0.00641185
0.00532354
0.00720471
0.00404546
0.00133281
0.00137348
0.00342648
0.00354998
0.00373787
0.00344658
0.00337589
0.00123939
0.00196016
0.000978707
0.00250727
0.000646906
0.000506122
0.00231016
0.000412626
0.00139818
0.000258134
0.00213659
0.00199063
0.00201247
0.000114586
0.000171023
0.00178947
0.00118827
0.00135171
0.00148396
0.00172279
0.00131912
0.00170342
0.000186872
0.000252487
0.00147839
0.00830879
0.0215505
0.00947116
0.00209558
0.00639503
0.00515254
0.00716362
0.00404492
0.0013672
0.00134562
0.00342558
0.00354847
0.0037163
0.00341897
0.00335481
0.00122064
0.00194162
0.00096392
0.002504
0.000636098
0.00049751
0.00230587
0.000404388
0.00139205
0.00025141
0.00213231
0.00198753
0.00200726
0.000109363
0.000174914
0.00178501
0.00118605
0.00134872
0.0014807
0.00171948
0.00131669
0.00170043
0.000189973
0.000255214
0.00147577
0.0992029
0.0317071
0.00223468
0.00778237
0.00268986
0.00999542
0.00173896
0.00524371
0.00560346
0.00152944
0.00127663
0.000388238
0.00338373
0.00297048
0.00291087
0.00277753
0.000378411
0.000267063
0.00229212
0.00146903
0.304679
0.23386
0.00214533
0.00445942
0.00674784
0.0158355
0.00253614
0.00578006
0.00534474
0.00195985
0.00625392
0.00562037
0.00480529
0.00424184
0.0109136
0.0577976
0.00713449
0.0122471
0.00115212
0.00593235
0.00261958
0.00453066
0.00419609
0.00292089
0.00150819
0.00121423
0.00371047
0.000582105
0.00298785
0.0002025
0.00208357
0.00047975
0.00045452
0.00499055
0.00494577
0.00464817
0.00693096
0.0178109
0.00756763
0.0030545
0.00212925
0.00193554
0.00576551
0.00392987
0.00423436
0.00130619
0.00372848
0.00370332
0.000843624
0.00305832
0.000699362
0.000942419
0.000477677
0.000940594
0.00272697
0.00231653
0.00216053
0.00229314
0.00148675
0.000567636
0.00211422
6.06281e-05
7.61502e-05
3.37767e-05
0.000726651
0.000233716
0.00127133
0.00371875
0.0128945
0.0602158
0.0130373
0.00749698
0.000820124
0.0083727
0.00799882
0.00783075
0.0065686
0.000790537
0.00184637
0.00133199
0.0011662
0.00033552
0.00053512
0.00295373
0.0015708
0.00216115
0.0030144
0.000318158
0.000498132
3.35023e-05
0.00241993
0.000165697
0.00111659
0.000985315
0.0164843
0.00229184
0.00716815
0.00754191
0.00762683
0.00506433
0.00287797
0.00350694
0.00393845
0.00298501
0.00374391
0.00391947
0.00138076
0.00325633
0.00316654
0.000794507
0.00259581
0.00114158
0.00248786
0.00122583
0.00136872
0.000475652
0.00213903
0.00100034
0.000503117
0.00178574
0.00209081
0.00140078
2.5773e-05
0.000178634
0.000748422
0.000153021
8.86634e-05
1.19471e-05
1.13957e-05
0.00167912
0.00180752
0.00121127
0.000139502
0.00107397
0.00162334
0.00106883
0.00130882
0.00155931
0.000280435
0.0133707
0.0185119
0.0144926
0.0103916
0.00581662
0.00187448
0.00352508
0.00390853
0.00348222
0.00373001
0.00263851
0.000990263
0.000979201
0.00258352
0.0013081
0.00130279
0.00260304
0.00240448
0.00128273
0.00230646
0.000613975
0.00215347
0.000448261
0.00214665
0.00198192
0.00133835
0.00124886
0.000610232
0.00030549
0.00111834
6.52814e-05
0.00138952
0.000848893
0.000113745
0.00182025
0.000238515
0.00145553
7.17196e-05
8.21659e-05
0.00155259
0.00154524
0.000170103
0.000251895
0.00141352
0.00153727
0.00026388
0.000747975
0.00136202
0.00140464
0.000374631
0.000321838
0.000755782
0.000788505
0.0247176
0.0278336
0.0247396
0.00678484
0.00407041
0.00477927
0.00361068
0.00225464
0.00225445
0.00200234
0.00411327
0.00313438
0.000370647
0.0010113
0.000830814
0.00279715
0.00254514
0.000176998
0.00147714
0.00126121
0.0024094
0.000503432
0.000672778
0.00248445
0.000604584
0.000370142
0.00156497
0.000932085
0.000754296
0.000118918
0.00198478
0.00191635
0.000142492
9.01448e-05
5.09907e-05
0.0017696
9.42449e-05
0.000213701
0.00136517
0.00715179
0.0071838
0.00841704
0.00580973
0.0146662
0.00601606
0.00302477
0.00193681
0.00462748
0.00415393
0.00278436
0.00323843
0.00132528
0.00327319
0.00071058
0.00313066
0.00132531
0.000569904
0.00235621
0.00210544
0.000788
0.00114184
0.00236206
0.00123628
0.00218904
0.000318428
0.00191327
0.00046458
0.000101711
0.00177253
0.00197976
0.00110212
0.000157066
0.000162912
5.6377e-05
0.00159544
3.55593e-06
0.000750595
0.00108253
0.000115382
0.00168756
0.00133158
0.000151407
0.00159839
0.000183575
0.000221899
0.000463605
0.000224603
0.000800981
0.00152267
0.000357376
0.00130275
0.001449
0.00143348
0.00369231
0.00424269
0.0110289
0.00639051
0.0051394
0.0096725
0.00315202
0.0059855
0.00397265
0.00361999
0.00285522
0.00267858
0.0035675
0.00260808
0.00311155
0.000805723
0.00110954
0.00144291
0.00214
0.00258532
0.000963011
0.000983148
0.000647819
0.000454026
0.00207799
0.00055561
0.000476378
0.000224804
0.00196377
0.000424154
0.00021033
0.00189007
2.12918e-05
0.00130675
0.00123976
0.00182586
0.000107853
0.00159727
0.00134102
0.00144754
0.000100433
0.000123995
0.000101336
0.00162325
0.00139707
0.00155006
0.00154488
0.00120271
0.00126961
0.000773375
0.000275934
0.000361641
0.00121217
0.00087577
0.00140313
