0.0604402
0.0623543
0.00109595
0.0152911
0.000726845
0.0114326
0.0143834
0.0171155
0.0222343
0.022859
0.0173021
0.0112568
0.000113274
0.00955492
0.0171309
0.0143074
0.0178919
0.0150366
0.0187423
0.0235251
0.0234785
0.0181055
0.023118
0.0203097
0.0230673
0.0219244
0.0229749
0.020371
0.0217681
0.0201002
0.0203778
0.0226564
0.0208953
0.0211822
0.020974
0.0209277
0.0210794
0.0209828
0.0220445
0.0211168
0.021842
0.021927
0.0214693
0.0223094
0.0199349
0.0274793
0.0305854
0.0128525
0.0268061
0.0268471
0.0183294
0.018193
0.0203439
0.0240619
0.0198494
0.022902
0.0228935
0.0231329
0.0215396
0.0204375
0.0206768
0.0206107
0.0210769
0.0206299
0.0227382
0.0226445
0.0227506
0.0222999
0.0210925
0.0226519
0.02261
0.0224882
0.0225879
0.0224814
0.0225521
0.021113
0.0211762
0.0213634
0.0212882
0.0211959
0.0224219
0.0223791
0.021327
0.0216566
0.0215278
0.0222668
0.0222898
0.0213306
0.0218829
0.021596
0.0222545
0.0221908
0.0216689
0.021417
0.0221272
0.0221743
0.0214823
0.0221552
0.210766
0.0253979
0.0537962
0.00444884
0.0237279
0.00721752
0.0239963
0.0143358
0.0182437
0.0180495
0.0232345
0.0196094
0.0219687
0.0224216
0.0206395
0.0206591
0.0228835
0.0200815
0.0208219
0.0203943
0.0202958
0.0206908
0.0226795
0.0210344
0.0217951
0.022397
0.0221125
0.0208688
0.0209336
0.0216171
0.0210628
0.021126
0.0125594
0.0335562
0.00910878
0.00331923
0.0131905
0.0135216
0.0106475
0.0172481
0.0230412
0.0169876
0.0230434
0.018309
0.018634
0.018936
0.0216174
0.0196551
0.0206272
0.0212082
0.0202031
0.0203461
0.0204724
0.0208881
0.0215069
0.0221939
0.0223849
0.0207808
0.0218118
0.0212835
0.021459
0.0210565
0.0210509
0.0220627
0.130144
0.0156103
0.00993495
0.0240319
0.0171603
0.0125219
0.0202258
0.0187851
0.0199933
0.0230306
0.0169664
0.0227984
0.023244
0.021401
0.0199418
0.0197017
0.0215186
0.019614
0.0210538
0.0206496
0.022512
0.0206996
0.0205478
0.0222149
0.0207689
0.0222981
0.0215738
0.000538939
0.018439
0.0165247
0.0162048
0.00709243
0.0183042
0.0139419
0.0231903
0.0190054
0.0233785
0.0182776
0.0232847
0.0184426
0.0187425
0.0201349
0.019442
0.0224735
0.0199027
0.0204427
0.0202456
0.0202844
0.0226993
0.0206152
0.0225675
0.0222762
0.021891
0.0208453
0.0211354
0.115837
0.0134329
0.0145521
0.023015
0.0190478
0.0193837
0.0186092
0.017484
0.0229067
0.0229998
0.0232689
0.0186269
0.0227185
0.0188501
0.0210269
0.0229433
0.0227096
0.0196821
0.0201452
0.0203033
0.0207638
0.0205771
0.0223085
0.0209533
0.0219233
0.0215181
0.0208693
0.0544093
0.00664713
0.0250794
0.00454494
0.0235657
0.0152229
0.0227661
0.0159896
0.0190232
0.0232899
0.0175574
0.0178766
0.0227824
0.0215812
0.0197067
0.0199516
0.0207569
0.0230865
0.0202086
0.0199313
0.0200539
0.020729
0.0202909
0.0213982
0.0205408
0.020611
0.0209068
0.0207278
0.0212394
0.0224585
0.0215308
0.0210051
0.0214897
0.349067
0.0251894
0.0301234
0.0240514
0.0211159
0.0192572
0.0153295
0.0195047
0.0225057
0.0215682
0.0231934
0.0223806
0.0222124
0.0216966
0.0206066
0.0201976
0.0202392
0.0204882
0.0205866
0.0226003
0.0222641
0.0209615
0.0209399
0.0209738
0.0224043
0.271895
0.0285205
0.0174046
0.00195487
0.0222
0.0216875
0.0226753
0.0234952
0.0174692
0.0234337
0.0196236
0.0233483
0.0183885
0.0183508
0.0194663
0.0229925
0.0192177
0.0197972
0.0200546
0.0219125
0.0222236
0.0225299
0.0223614
0.0212686
0.0220304
0.0207303
0.0208223
0.0208674
0.0224679
0.0219647
0.0221326
0.022386
0.0214328
0.0223575
13.6472
0.0677345
0.0250893
0.0211366
0.0153841
0.00991128
0.0158645
0.0179142
0.0170895
0.0227625
0.0179752
0.101637
0.0237967
0.00636181
0.0156728
0.0236469
0.02374
0.022162
0.0234177
0.0172796
0.0234185
0.0221597
0.0208991
0.022953
0.0220979
0.0195391
0.022984
0.0197621
0.0228752
0.022935
0.0222446
0.0203047
0.02271
0.0206078
0.0226129
0.0207638
0.0224554
0.022066
0.0209644
0.0210318
0.0211075
0.021322
0.021428
0.0217966
0.0223267
0.0211545
0.0385882
0.02281
0.0221346
0.0245991
0.0243436
0.0241681
0.0161209
0.0171906
0.0238768
0.0187385
0.018292
0.0235518
0.0190984
0.0194448
0.0198613
0.0229326
0.0232447
0.0207431
0.0204425
0.0207291
0.0207693
0.0227076
0.0226433
0.0210981
0.022661
0.0216019
0.022157
0.0210574
0.021043
0.0224926
0.0224658
0.0220084
0.0224348
0.0224767
0.0222037
0.0222197
0.021189
0.0220789
0.0215507
0.0222223
0.0215188
0.0212506
0.0215063
0.0215479
0.0214489
0.0213405
0.0217432
0.000630252
0.0135661
0.0161914
0.0164473
0.00725786
0.018363
0.0140296
0.0231626
0.0189239
0.0233878
0.0182757
0.0232946
0.0184169
0.0186999
0.0200892
0.0194114
0.0224739
0.0198839
0.0204335
0.020215
0.0202542
0.0227092
0.0205974
0.0225771
0.022282
0.0218897
0.0208242
0.0211171
0.0240096
0.0158822
0.0178956
0.0191688
0.0241083
0.0137936
0.0156344
0.0177818
0.0236751
0.0235704
0.0191409
0.0233616
0.0212856
0.0202524
0.0232249
0.0200603
0.0197959
0.0226111
0.0232096
0.0224898
0.0228803
0.0220985
0.0207409
0.0209597
0.0207322
0.02252
0.0221398
0.0211099
0.0222988
0.0224627
0.0222799
0.0210683
0.0224575
0.022111
0.0211744
0.0214435
0.0211829
0.0223438
0.0219772
0.0217826
0.0216324
0.021397
0.0222873
0.0213184
0.0218398
0.0214969
0.0222085
0.47517
0.00367207
0.020419
0.0200087
0.00708077
0.0153439
0.0100335
0.0154718
0.0162997
0.0227831
0.0169256
0.0195162
0.0232968
0.0220004
0.0219693
0.0192255
0.0226212
0.01944
0.0220736
0.805074
0.0172625
0.0434085
0.0237611
0.0136832
0.017772
0.0172127
0.0198766
0.0178931
0.0194193
0.0197079
0.0187741
0.0204132
0.0204422
0.0197494
0.0204065
0.0198685
0.0225956
0.0227264
0.0225794
0.0204795
0.022594
0.0209026
0.0207739
0.0209764
0.0210074
0.021098
0.0566764
0.0233334
0.0242258
0.022979
0.0127851
0.0238204
0.0194555
0.0240829
0.0179289
0.0235749
0.0236588
0.0199583
0.0232954
0.0212202
0.0200712
0.0211198
0.0207574
0.0205558
0.0231203
0.0203414
0.020595
0.0225124
0.0207722
0.0209845
0.0226077
0.0207915
0.020721
0.0209659
0.0224518
0.0224321
0.0224394
0.0210377
0.022411
0.0224234
0.0222111
0.0212521
0.0213821
0.0211749
0.0218687
0.0222304
0.0223133
0.0222391
0.0212539
0.0221817
0.0213789
0.0213606
0.0213532
0.0213881
0.290389
0.00932426
0.0230353
0.00827749
0.0119967
0.0241989
0.0176401
0.0211614
0.0163192
0.023039
0.0186037
0.0229183
0.0231404
0.0191982
0.0198358
0.0199271
0.0201101
0.0219191
0.0223526
0.0204489
0.139844
0.0317709
0.0254642
0.0158632
0.0113678
0.00534216
0.00992142
0.015652
0.0219553
0.0223406
0.0167362
0.0171444
0.0230326
0.0216713
0.0192473
0.0203092
0.0205129
0.0213269
0.0206847
0.00843424
0.0141984
0.0220474
0.0240468
0.0128084
0.0227914
0.0236126
0.0178371
0.0186632
0.0189978
0.0233643
0.0233381
0.0200574
0.0205775
0.0227215
0.0198205
0.0228968
0.0201867
0.0201701
0.0228281
0.0204707
0.0214235
0.0209859
0.0209155
0.0210585
0.0225219
0.0221983
0.0216837
0.0210479
0.0210584
0.0213145
0.0213373
0.0211722
0.0211142
0.0215217
0.0212576
0.0216537
0.00842359
0.0140565
0.0220473
0.0240468
0.013282
0.0227463
0.0236122
0.0179262
0.0187235
0.0190475
0.0233629
0.0233268
0.0200771
0.0205744
0.0227043
0.0198385
0.0228946
0.0202014
0.0201853
0.0228258
0.0204809
0.0214237
0.020991
0.0209202
0.0210631
0.0225192
0.0221955
0.0216836
0.0210522
0.0210623
0.0213172
0.0213398
0.021175
0.0211177
0.0215231
0.02126
0.0216544
0.133156
0.0156168
0.0169694
0.00604832
0.0187992
0.0149732
0.0145812
0.023575
0.0197587
0.0232271
0.0186192
0.0221847
0.0201356
0.0206517
0.0196967
0.0198287
0.0220168
0.0204755
0.0207975
0.405755
0.276713
0.0250024
0.0158264
0.0245322
0.00988076
0.0232393
0.0192102
0.0204262
0.0158236
0.0166229
0.0220828
0.839749
0.0128377
0.0259854
0.024713
0.0127033
0.0116713
0.0129468
0.0155299
0.0202314
0.0185346
0.017576
0.0232599
0.0190198
0.0188057
0.0196952
0.0192194
0.0201109
0.0214045
0.022479
0.00177823
0.0162294
0.0163269
0.0202096
0.0135351
0.0185778
0.0234809
0.01869
0.0199734
0.0199487
0.0182523
0.0228538
0.022454
0.0202403
0.0199112
0.021579
0.019492
0.0196599
0.0222024
0.0201775
0.0225172
0.0207793
0.0225545
0.0226303
0.0209686
0.020808
0.0217908
0.0209512
0.0209589
0.0221123
0.0210533
0.0214761
0.0222724
0.022271
0.0481092
0.00714908
0.0237002
0.00436657
0.0229977
0.0218723
0.0137671
0.0171345
0.0235249
0.0234653
0.0230741
0.0187777
0.0188882
0.0196737
0.0189498
0.0204053
0.0229246
0.021063
0.0206693
0.0222648
0.0217422
0.0204837
0.0211284
0.0206325
0.0206899
0.0805057
0.0234172
0.0242717
0.0230762
0.0124491
0.0238162
0.0194041
0.0241001
0.0178628
0.0236112
0.0236608
0.0199408
0.0232931
0.0212571
0.02006
0.0211459
0.0207786
0.0205495
0.0231281
0.0203433
0.0205919
0.0225197
0.0207704
0.0209899
0.0226088
0.0207913
0.0207234
0.0209655
0.0224521
0.0224323
0.0224391
0.0210408
0.0224107
0.0224229
0.0222121
0.0212554
0.0213854
0.0211774
0.0218703
0.0222299
0.022312
0.0222381
0.0212562
0.022181
0.0213818
0.0213625
0.0213551
0.0213896
0.0605738
0.0261827
0.0270385
0.0278897
0.0197093
0.0249543
0.017498
0.0253578
0.0241626
0.0188375
0.0233494
0.0204357
0.023537
0.022338
0.0230846
0.0233671
0.0207656
0.0212407
0.0201935
0.0202241
0.0225216
0.0207642
0.0229366
0.0224618
0.0227696
0.0213491
0.0214508
0.0221465
0.0217238
0.0221837
0.0210233
0.0211267
0.0211489
0.021187
0.0213784
0.021181
0.0211739
0.0219642
0.0223467
0.0212435
0.0220302
0.0212691
0.0223279
0.0212784
0.0216418
0.0221512
0.0222124
0.0218614
0.0217544
0.0222299
0.0219377
0.0216498
0.0216158
0.0214404
0.0216169
0.153222
0.00693882
0.0150426
0.00476915
0.00714172
0.0209736
0.0236731
0.0163945
0.0189916
0.0233599
0.0230593
0.022423
0.018348
0.0196222
0.0231542
0.0230044
0.0204588
0.0229594
0.0229282
0.0221655
0.0203973
0.0206532
0.0205374
0.020516
0.0206249
0.0208487
0.0208288
0.0208296
0.0211959
0.0215733
0.0209889
0.021645
0.0210466
0.0220298
0.0210563
0.0223101
0.0212628
0.0213002
0.0222829
0.0220507
0.0149003
0.0251132
0.0163069
0.0186422
0.0244648
0.0159847
0.0197775
0.0235212
0.0241657
0.023187
0.0204064
0.0194665
0.0236985
0.0232736
0.0206138
0.0207217
0.0229267
0.0212571
0.0208619
0.0232713
0.0230629
0.0229951
0.0229299
0.0228224
0.021408
0.0225867
0.0210083
0.0222213
0.0222153
0.0210043
0.0211111
0.0222844
0.0224188
0.0218346
0.0214587
0.0223954
0.0217582
0.0224144
0.0212501
0.0215424
0.0223302
0.021584
0.0220951
0.0223297
0.0213528
0.0222361
0.0217245
0.022237
0.0216086
0.0213613
0.0213761
0.0221856
0.0221751
0.0221739
0.0214346
0.0595551
0.00243977
0.0273773
0.025086
0.0245345
0.0197888
0.0235125
0.0251573
0.020014
0.0203332
0.0238458
0.0215081
0.0194142
0.0197135
0.02039
0.0208043
0.0207316
0.0228626
0.0229595
0.0212015
0.0219035
0.020973
0.0226346
0.0208047
0.0208004
0.0209388
0.0210647
0.0225081
0.0211128
0.0216552
0.0210891
0.022494
0.0220753
0.0212067
0.0213715
0.0224472
0.021239
0.0224317
0.0223674
0.0223252
0.0220926
0.0213304
0.0213322
0.0214483
0.0215305
0.0216349
0.0214412
0.0218903
0.0222048
0.0215563
0.0219435
0.0220794
0.0214955
