0.0679153
0.547696
0.185816
0.0172049
0.00222628
0.0224086
0.00443395
0.0165017
0.003208
0.00636685
0.00587336
0.00163416
0.00532895
4.66924
0.0119614
0.0506151
0.00121781
0.00409581
0.00843178
0.00324351
0.0050633
0.00888789
0.00711063
0.00714609
0.00720248
0.00548515
0.00584915
0.00472871
0.00488644
0.00452722
0.00844717
0.00693823
0.00733922
0.00759922
0.00604457
0.00642859
0.0075185
0.0077429
0.0069821
0.00729404
0.00751993
0.00707297
0.00772644
0.00763485
0.00735814
0.00777642
0.216482
0.00617129
0.00497767
0.00840108
0.00392814
0.00301105
0.00768894
0.00563982
0.00883656
0.00153295
0.0017416
0.00215391
0.00585862
0.00297995
0.00891645
0.00714344
0.00765278
0.00882153
0.00645647
0.00855115
0.00760227
0.00647292
0.00683949
0.00689125
0.00748311
0.00840978
0.00858538
0.00844746
0.00844681
0.00854397
0.007987
0.00787862
0.00863144
0.00843559
0.00744806
0.00849604
0.0075188
0.00820553
0.00837312
0.00793882
0.00849572
0.0079201
0.00771878
0.00773499
0.00782728
0.00827405
0.00788327
0.00782108
0.00816772
0.0078503
0.00786137
0.00790431
0.00825919
0.0084774
0.00823445
0.0079239
0.00730421
0.0826421
0.0861698
0.0060702
0.0199853
0.00150121
0.00654306
0.00122868
0.00922661
0.00260612
0.0067061
0.00595131
0.00895101
0.00597842
0.0080113
0.00255644
0.00268964
0.00309226
0.00423801
0.00754676
0.00792116
0.00642403
0.00678076
0.00877101
0.00696538
0.00697261
0.00828485
0.00695241
0.00764326
0.00681569
0.00678548
0.00815473
0.00703038
0.00774556
0.00828075
0.0673846
0.00866696
0.0483858
0.00383759
0.00862899
0.00419982
0.00211435
0.0070737
0.00842605
0.0017937
0.00725009
0.00797598
0.00815984
0.00360155
0.00774127
0.00835442
0.00878271
0.00874251
0.0073031
0.00675885
0.00729078
0.00841547
0.00632919
0.00689318
0.00672633
0.00703423
0.00753059
0.00862357
0.00769654
0.00854827
0.00740499
0.00753718
0.167399
0.00591034
0.00813986
0.0147314
0.00803584
0.00922162
0.00821783
0.00420828
0.00370706
0.00267789
0.00133132
0.00860695
0.00720073
0.00364294
0.0083661
0.00583868
0.00541858
0.00798371
0.00704028
0.00523767
0.00529822
0.005444
0.00762427
0.00792342
0.00786877
0.0102638
0.261321
0.0382279
0.0442853
0.0111178
0.00510519
0.00870346
0.00581781
0.00352444
0.00532589
0.00830566
0.00871649
0.00816434
0.00668263
0.00425818
0.00711052
0.00412461
0.00587817
0.00614907
0.00587718
0.00744967
0.00590612
0.00859985
0.00701564
0.00745258
0.00730268
0.00730516
0.00016826
0.910168
0.0396132
0.0231736
0.0387489
0.00583327
0.00649988
0.00337577
0.00141769
0.00683585
0.00112049
0.00194336
0.00855673
0.00680413
0.00838935
0.00713633
0.00496797
0.00659994
0.00763301
0.00648995
0.00694484
0.00672048
0.00796327
0.00684126
0.0074504
0.0886425
0.324785
0.0326939
0.0504515
0.010574
0.00887151
0.00114714
0.00676674
0.00412163
0.00182531
0.00325913
0.00479483
0.00153114
0.00850811
0.0031739
0.00246687
0.00545054
0.0041016
0.00452811
0.00721381
0.00644051
0.00538826
0.00544549
0.00606948
0.00866082
0.008106
0.00654782
0.00661492
0.00776535
0.00826439
0.00775318
0.00686576
0.00728059
0.00706698
0.0976648
0.124862
0.0081145
0.00428855
0.00864138
0.00669426
0.0058567
0.00281406
0.00373142
0.00182377
0.00877621
0.00567662
0.00233735
0.00330421
0.00881289
0.00744315
0.00601851
0.00730279
0.00587022
0.00584465
0.00863839
0.00728482
0.00636681
0.00635122
0.00749562
0.00725711
0.00762127
0.00763563
0.0855655
0.0844346
0.00607264
0.0189131
0.001758
0.00654477
0.00124019
0.00922348
0.00261331
0.00673782
0.00599332
0.00894979
0.00598082
0.00802081
0.00259587
0.00272794
0.00312065
0.00426124
0.00755414
0.00792492
0.00643742
0.00679161
0.00876935
0.00696937
0.00698098
0.00828513
0.00696014
0.00764532
0.00682231
0.00679393
0.00815553
0.00703616
0.00774745
0.00828088
1.55517
0.119952
0.054876
0.0231004
0.0155697
0.0056299
0.00963473
0.00541839
0.00702297
0.00273706
0.00674377
0.00671165
0.00780094
0.350596
0.0119034
0.0446226
0.000170982
0.00461095
0.00848844
0.00325138
0.00492374
0.00888847
0.00717129
0.00714749
0.00720406
0.00557485
0.00592806
0.00480656
0.00491059
0.00456334
0.0084491
0.0069437
0.0073564
0.00760247
0.0060708
0.0064542
0.00752294
0.00774632
0.00699611
0.00730189
0.00752531
0.00708625
0.00773031
0.00764209
0.00736802
0.00778005
0.0138997
0.163624
0.168557
0.0120046
0.00978948
0.00414143
0.00285764
0.0059084
0.00554519
0.0081719
0.000896057
0.00422824
0.00359385
0.00489564
0.00327677
0.0085038
0.00670511
0.0053862
0.00889188
0.00526042
0.00674217
0.00711107
0.00603874
0.0087452
0.0080418
0.00780546
0.00812731
0.00801896
0.00704445
0.00834762
0.00721878
0.00718124
0.00839928
0.00719936
0.00760387
0.00727951
0.00782754
0.00835837
0.00838285
0.00787459
0.00774196
0.00769245
0.00847385
0.00763271
0.00827034
0.00833088
0.00790996
0.0034989
0.291025
0.039511
0.0457812
0.00990219
0.00525272
0.00871184
0.00587266
0.00355683
0.00527354
0.00831508
0.00871996
0.00816977
0.00668407
0.00421912
0.00709644
0.00405097
0.0058419
0.00611718
0.00582916
0.0074375
0.00585625
0.00860379
0.00699046
0.00743934
0.00728042
0.00728566
0.152266
0.00457203
0.123685
0.0227165
0.00311012
0.012945
0.00790991
0.00392831
0.00283571
0.00707456
0.00436904
0.00636497
0.00856478
0.00157921
0.00893576
0.00892906
0.0075156
0.00848449
0.0057436
0.00884403
0.00571859
0.00879143
0.00723823
0.00721915
0.00775585
0.00672733
0.00783273
0.00739641
0.00765726
0.00728503
0.00750884
0.0084385
0.00852371
0.00843351
0.00726235
0.00812731
0.00791332
0.00785862
0.00803927
0.00843378
0.00814399
0.00773507
0.00761444
0.00832463
0.00784928
0.00821844
0.00845088
0.00787408
1.24304
0.0653315
0.150662
0.076443
0.0228793
0.00366275
0.0181891
0.0065129
0.00551448
0.00429064
0.0088802
0.00169142
5.22946e-05
0.00592988
0.00360243
0.00519892
0.00655799
0.00530675
0.00582678
0.0650773
0.0499404
0.00379367
0.00252788
0.00367092
0.00213689
0.00826734
0.000753706
0.00445209
0.00301984
0.00625555
0.00830987
0.00418904
0.00356694
0.00497358
0.00722183
0.00756776
0.00869147
0.00658075
0.0060008
0.00616729
0.00720091
0.00646555
0.00665765
0.00728645
0.00409202
0.00233539
0.188372
0.00634357
0.00587528
0.00123104
0.00483759
0.00341018
0.00645407
0.00811988
0.00623566
0.00628693
0.0061729
0.00633822
0.00848847
0.00375428
0.0041902
0.00748162
0.00868633
0.00768647
0.00858224
0.00877443
0.00799422
0.00839501
0.00658526
0.00728274
0.00692721
0.00869826
0.00716414
0.00799387
0.00742743
0.00780086
0.00745965
0.00728008
0.00752372
0.0078336
0.00794368
0.00776389
0.00831852
0.00823049
0.00755883
0.00758514
0.00763295
0.00772549
0.00768141
0.00836143
0.00768861
0.0112203
0.00704282
0.00896521
0.00180927
0.00577694
0.0196126
0.00194704
0.0044839
0.004053
0.00658483
0.00552165
0.00873337
0.00294483
0.0028633
0.00729735
0.00815377
0.00655473
0.00852655
0.00539851
0.00703958
2.36474
0.480093
0.0305028
0.00506223
0.00219479
0.00327267
0.0131963
0.0130223
0.00794171
0.00241483
0.00855715
0.00316307
0.00617277
0.00327377
0.00540138
0.00320913
0.00290391
0.00388784
0.00471725
0.00613149
0.00614176
0.308888
0.0202282
0.00494988
0.000475972
0.0064036
0.00513097
0.00284248
0.00739238
0.00861678
0.00165585
0.00341488
0.0027095
0.00656683
0.00414784
0.00727577
0.00873641
0.00819588
0.00615928
0.00691396
0.00821084
0.00592844
0.0064005
0.00693082
0.00745588
0.00738026
0.00776754
0.00706643
0.00733759
0.00766132
0.00710934
0.00758487
0.00719049
0.00791741
0.0082867
0.00746045
0.00775731
0.00780451
0.00764498
0.00795298
0.0075298
0.00771091
0.459456
0.396347
0.00494988
0.000862308
0.0064036
0.00514554
0.00218694
0.0073214
0.00812375
0.00124752
0.00331269
0.00285975
0.00656591
0.00416267
0.00727605
0.00873577
0.00820339
0.00619474
0.00693838
0.0082168
0.00594087
0.00640725
0.00694492
0.0074575
0.00738968
0.00776885
0.00707672
0.00734029
0.0076629
0.0071163
0.00758985
0.00719635
0.00792
0.00828692
0.00746385
0.00775906
0.0078073
0.00764852
0.00795404
0.00753325
0.00771309
0.171713
0.0323285
0.00343533
0.00445229
0.0261988
0.00658123
0.00594414
0.00327019
0.00647029
0.00701558
0.00424914
0.00122825
0.00401
0.00627453
0.00401922
0.0073851
0.00691297
0.00526256
0.00549007
0.00837638
0.463293
0.00301766
0.0300303
0.139141
0.0575284
0.0384016
0.00349409
0.00161113
0.00696542
0.0032878
0.00191239
0.00657044
0.000788531
0.000393704
0.42118
0.0864551
0.0428201
0.0300286
0.019578
0.014205
0.0213193
0.0137117
0.00857645
0.00498068
0.00153334
0.00587999
0.00650811
0.00396479
0.00508558
0.00261956
0.00386738
0.00441757
0.230823
0.00671453
0.0767221
0.00442723
0.0112087
9.57604e-05
0.00876756
0.00768894
0.00454134
0.00827909
0.0044741
0.00198686
0.00891424
0.00760155
0.00766319
0.00408285
0.00508227
0.00677458
0.00727874
0.0070963
0.00562195
0.00851654
0.00874134
0.00828064
0.00666734
0.00662738
0.00747275
0.00849404
0.00732768
0.00822191
0.00710693
0.00720561
0.00827453
0.00480177
0.189612
0.0286942
0.000631909
0.00232417
0.0107755
0.00549812
0.00180709
0.00409284
0.00537492
0.00632502
0.0078685
0.00489969
0.00408824
0.00332304
0.00878681
0.00624855
0.00749338
0.0083378
0.00565866
0.00585159
0.00596217
0.00619282
0.00639715
0.264695
0.282514
0.0175802
0.00923867
0.013983
0.00353885
0.0018113
0.0036838
0.0045862
0.000507261
0.00656241
0.00452067
0.00679943
0.00535479
0.00826343
0.00486965
0.0068808
0.00593985
0.00599713
0.00697116
0.00764996
0.00864142
0.00637142
0.0074725
0.00668777
0.00759024
0.00697013
0.00726833
0.00736634
0.00709594
0.00858716
0.0076767
0.00746743
0.00787174
0.0073669
0.00774657
0.0077108
0.00826081
0.00768458
0.00780873
0.00842322
0.00789123
0.00771252
0.00818843
0.00779178
0.00834868
0.00765652
0.00802439
0.095027
0.112364
0.0150762
0.0212594
0.00463592
0.00293984
0.00386711
0.00388744
0.00773111
0.000619123
0.0067494
0.00543343
0.00877918
0.00418036
0.00597496
0.00490903
0.00736375
0.00697639
0.00758273
0.00626474
0.00865487
0.00692062
0.0066036
0.00867397
0.0086981
0.00818843
0.00727231
0.00757752
0.00744061
0.00859292
0.00838368
0.00850164
0.00739087
0.00746524
0.00770423
0.00755475
0.00766987
0.00783244
0.0075977
0.00845973
0.00792596
0.00766123
0.00854258
0.00782006
0.00850088
0.00783656
0.00781982
0.00785347
0.00800704
0.0079415
0.00826911
0.00837096
0.00838808
0.00816072
0.0871455
2.37208
0.0785425
0.0642595
0.0113832
0.00191119
2.43808e-05
0.00432452
0.0072862
0.00490286
0.0044495
0.00696569
0.00723075
0.00780644
0.00728708
0.00762788
0.00772656
0.00652345
0.00598011
0.00462814
0.00758868
0.00554552
0.00809878
0.00615312
0.00717513
0.00861585
0.00758902
0.00842624
0.00765863
0.0068757
0.0075902
0.00860745
0.00862398
0.00757464
0.00804442
0.0072633
0.00741964
0.00842809
0.00750697
0.00761959
0.105724
0.103121
0.00459042
0.00583543
0.0394523
0.00126958
0.000463947
0.00668804
0.00113737
0.00699538
0.00512719
0.00814986
0.00339945
0.00467242
0.00846121
0.00522004
0.00486447
0.00632467
0.00733195
0.0083403
0.00762207
0.00826845
0.00857798
0.00650562
0.00699868
0.0069014
0.00699449
0.00695517
0.00834903
0.00788403
0.00739971
0.00766136
0.00843634
0.00859468
0.00819428
0.00745044
0.00860612
0.00750908
0.00760068
0.00827778
0.00792526
0.00762443
0.00850893
0.0080492
0.00772889
0.0081081
0.00850163
0.00822364
0.00798973
0.00781759
0.00839304
0.008228
0.00788999
0.0714443
0.0630703
0.0150512
0.00905031
0.00979832
0.00740903
0.00792388
0.00740911
0.00877257
0.00701529
0.00636262
0.00466616
0.0084686
0.00602854
0.00671954
0.00534286
0.00631679
0.0074434
0.00853633
0.00641614
0.00791653
0.00709104
0.00764918
0.00835402
0.00714456
0.0072515
0.00707959
0.00733469
0.00779074
0.00734285
0.00786575
0.00766617
0.00741797
0.00762561
0.00837082
0.00765344
0.00854038
0.00776805
0.00804212
0.00766313
0.00827838
0.00782198
0.00768744
0.00771193
0.00785935
0.00824151
0.00799231
0.00800496
0.00786148
0.00817205
0.00823242
0.0078983
0.00786784
0.00812533
0.00846012
