0.294015
0.0119077
0.0043157
0.0613682
0.0129602
0.00354923
0.014708
0.013957
0.0130115
0.0183743
0.0129814
0.0118379
0.0149418
0.0159039
0.0118049
0.0188424
0.0405333
0.000353881
0.0192582
0.016644
0.0188724
0.0196818
0.0162927
0.0194881
0.0187884
0.0186105
0.0180181
0.0180313
0.017705
0.0189683
0.0178747
0.0184572
0.0194976
0.0184111
0.0184228
0.01925
0.0190051
0.0186985
0.0191736
0.0188046
0.019494
0.019096
0.0190386
0.0192332
0.0192553
0.0190921
0.0190443
0.0192827
0.0559175
0.0157557
0.019954
0.0198822
0.0159921
0.018342
0.0186247
0.0197701
0.018072
0.0197064
0.0183147
0.0195057
0.0197289
0.0197242
0.0187737
0.0196314
0.018977
0.0191003
0.0189863
0.0191525
0.0191129
0.0192022
0.0190892
0.0196279
0.0191768
0.0195193
0.0195465
0.019156
0.0196076
0.0191958
0.0195546
0.0195533
0.0195283
0.0195704
0.0195689
0.0192406
0.0192403
0.0193639
0.0193657
0.0192713
0.0195479
0.0194689
0.0193008
0.0193297
0.0193287
0.0195231
0.0195264
0.0194666
0.0194639
0.0194176
0.0195126
0.0193069
0.0194271
0.0193346
0.0194847
0.169758
0.0151289
0.0294086
0.0125636
0.018116
0.00329265
0.0139348
0.0176157
0.0161098
0.0184698
0.0146748
0.01524
0.0175055
0.0164546
0.0176127
0.017048
0.0176009
0.0186145
0.0196347
0.0180092
0.0179515
0.018451
0.0181372
0.0195727
0.01883
0.0195482
0.0185578
0.0193854
0.0189278
0.0187034
0.0191946
0.0189057
0.0191805
0.0188423
0.0190284
0.150483
0.00106381
0.00851905
0.0033829
0.00545026
0.00756723
0.0130698
0.010326
0.0173979
0.0183615
0.0176876
0.016877
0.0188691
0.0197197
0.0180796
0.0194973
0.0191221
0.019182
0.0180446
0.0187885
0.018866
0.0186729
0.0186358
0.01882
0.0194416
0.0188095
0.0187725
0.018914
0.0193214
0.0189249
0.0189598
0.0191517
0.0189943
0.0191062
0.0108892
0.0678071
0.00584146
0.0178537
0.0184198
0.0117639
0.0143724
0.0179275
0.0188486
0.0137197
0.0173916
0.018291
0.0169311
0.0168192
0.0168639
0.0190672
0.0179247
0.0184744
0.0188997
0.0181831
0.0182747
0.0184177
0.0183937
0.0187846
0.0531425
0.00472762
0.0570904
0.0128305
0.00489356
0.0111247
0.0091955
0.0190964
0.0172639
0.0169672
0.0158682
0.0185776
0.0188831
0.017837
0.0180111
0.0179317
0.0179111
0.0184464
0.01863
0.019315
0.0191179
0.0182801
0.0186157
0.0188147
0.0186029
0.0189729
0.019178
0.018773
0.423779
0.0120202
0.0464268
0.0178939
0.0040123
0.0173183
0.0113362
0.0186177
0.0182011
0.0190776
0.0186346
0.0172827
0.0172468
0.0182747
0.0179506
0.0182974
0.0176608
0.0185682
0.0190711
0.0183287
0.0184128
0.0185508
0.0188572
0.0192721
0.0187355
0.169099
0.0154008
0.0179484
0.00327375
0.0184795
0.0176705
0.0130345
0.0185093
0.0194244
0.0155153
0.0146166
0.0168776
0.0183313
0.019515
0.0179981
0.0183237
0.0179867
0.0195039
0.0180626
0.0179503
0.018613
0.019493
0.0186365
0.0187083
0.0186306
0.01957
0.0186361
0.0186961
0.018724
0.0194407
0.0187775
0.0193522
0.0189141
0.00884987
0.0138802
0.00783245
0.0153975
0.0171041
0.0130931
0.0173999
0.0155634
0.0155484
0.0150872
0.0168531
0.0197007
0.0177718
0.0193135
0.0193244
0.0180852
0.0190304
0.0182621
0.018269
0.0189913
0.0192772
0.0185929
0.0195745
0.0188758
0.0188181
0.371106
0.0132247
0.0271589
0.0113111
0.0181213
0.00360695
0.014078
0.0176192
0.0161776
0.0184697
0.0147226
0.0152705
0.0175249
0.0164855
0.0176293
0.0170657
0.0176114
0.0186163
0.0196341
0.0180193
0.0179612
0.0184571
0.0181457
0.0195722
0.018833
0.0195478
0.018563
0.0193855
0.0189303
0.0187075
0.0191955
0.0189086
0.0191815
0.0188456
0.0190303
0.160484
0.0326216
0.00999125
0.00625182
0.000753132
0.00767085
0.00824377
0.0125565
0.0122813
0.0188693
0.0167733
0.0133097
0.0172156
0.0170948
0.00511347
0.00402731
0.00602568
0.017226
0.0149277
0.0175753
0.0151594
0.0180531
0.019692
0.0191918
0.0170181
0.0192005
0.0189503
0.0194647
0.0182566
0.0196667
0.0180079
0.0184933
0.0182731
0.018459
0.0196008
0.019154
0.0186963
0.0188331
0.0188527
0.0192078
0.0188647
0.0191762
0.0191934
0.0191072
0.0191694
0.0190282
0.0195159
0.0685218
0.0173902
0.0195943
0.0135211
0.0160147
0.0189115
0.0178567
0.0180738
0.0150559
0.0184393
0.016723
0.0196853
0.0175173
0.0175426
0.0193869
0.0183087
0.0186714
0.0193924
0.0185468
0.0185772
0.0187095
0.0191523
0.0187128
0.0189019
0.0190226
0.0192351
0.0194321
0.0195004
0.0193379
0.0190357
0.0191457
0.0194452
0.0192142
0.0190944
0.0190514
0.0191022
0.0191977
0.0191931
0.0191894
0.0191428
0.0192047
0.0192212
0.0194605
0.0192533
0.0194353
0.019291
0.019266
0.019256
0.0193695
0.00285893
0.0197078
0.0255848
0.0177585
0.00866611
0.00904945
0.0127983
0.0140423
0.0178604
0.0164846
0.0189055
0.0186618
0.0184749
0.0177207
0.0181301
0.0181069
0.0194316
0.0189382
0.0182223
0.0190041
0.0194779
0.0186254
0.0185186
0.0189333
0.0186622
0.0190873
0.0037629
0.008353
0.00613086
0.0175566
0.0149955
0.019461
0.019651
0.019383
0.0156224
0.0176589
0.019697
0.0185592
0.0188621
0.0194763
0.0180792
0.0194255
0.0184591
0.0187849
0.0192749
0.0190381
0.018602
0.0187003
0.0187964
0.0188711
0.0191601
0.0196132
0.018846
0.0188928
0.0189939
0.0194503
0.0190718
0.0193089
0.0193776
0.0192718
0.0190985
0.0195669
0.0191413
0.0195371
0.0191679
0.0193894
0.0195354
0.0191982
0.0192425
0.019388
0.0192338
0.0193024
0.0194548
0.13646
0.136817
0.0766296
0.0159394
0.00425722
0.016609
0.00919569
0.00542564
0.0121268
0.0173048
0.0134003
0.0170312
0.0155432
0.0185914
0.0164575
0.0170426
0.0168625
0.0174674
0.0195493
0.0186036
0.0392108
0.113127
0.0195335
0.00391677
0.00919944
0.0129276
0.0161322
0.0176675
0.0155048
0.0187084
0.0176212
0.0189876
0.0173461
0.0182366
0.0196225
0.0182622
0.0194704
0.0189485
0.0194639
0.0187138
0.0184526
0.0194217
0.0194905
0.0187687
0.0187752
0.0187382
0.141353
0.0133645
0.0103579
0.0183579
0.019235
0.0175586
0.0192804
0.0173552
0.0187947
0.0189991
0.0196847
0.0176729
0.0180983
0.0176794
0.0197031
0.0196824
0.0196279
0.0191034
0.019188
0.0194853
0.0195248
0.0195905
0.0190898
0.0187858
0.0195626
0.0188021
0.01892
0.0188719
0.0195442
0.0195686
0.0190778
0.0190605
0.0190272
0.0194227
0.019171
0.0190781
0.0192571
0.0191371
0.0195526
0.0192027
0.0192329
0.0193052
0.0193451
0.0192655
0.0192017
0.0193789
0.0192276
0.0192715
0.0192917
0.0510994
0.00630714
0.00961873
0.0039236
0.00510777
0.0134461
0.0178862
0.0182663
0.019115
0.0181996
0.0163802
0.0178823
0.0174744
0.017065
0.017215
0.0182829
0.0184873
0.0195704
0.0181852
0.018188
0.0157369
0.164596
0.0353102
0.0156003
0.0152272
0.000199383
0.00613102
0.0184749
0.0122325
0.0152864
0.0192407
0.0171542
0.0161514
0.0188744
0.0166072
0.0185604
0.0168249
0.0177713
0.0180965
0.0199217
0.0199314
0.0199364
0.0048859
0.0181471
0.0185988
0.0183644
0.0142537
0.0192517
0.0185924
0.0180272
0.0183814
0.019055
0.0190748
0.0183595
0.018292
0.0179807
0.019644
0.0194969
0.0186714
0.0195339
0.0186329
0.0196284
0.01904
0.0191406
0.0189027
0.0188812
0.0193129
0.0189948
0.0191827
0.0193295
0.0189701
0.019172
0.0190422
0.0191618
0.0191285
0.0192517
0.0192192
0.0192419
0.0194443
0.0191915
0.0194989
0.0199217
0.0199314
0.0199364
0.00502396
0.0182101
0.0185986
0.0183616
0.0142673
0.019251
0.0185847
0.018063
0.018403
0.0190505
0.0190715
0.0183625
0.0183096
0.0179975
0.0196432
0.0194956
0.0186789
0.0195329
0.0186405
0.0196278
0.0190427
0.0191422
0.0189061
0.0188852
0.0193128
0.0189977
0.019184
0.0193295
0.0189731
0.0191733
0.0190445
0.0191631
0.01913
0.0192524
0.0192201
0.0192427
0.0194441
0.0191927
0.0194986
0.0174683
0.0469257
0.0500989
0.0171669
0.00890001
0.00962859
0.0196049
0.0134097
0.0147826
0.0179728
0.0165658
0.0172938
0.0188863
0.0195464
0.0177667
0.018087
0.0193137
0.0184243
0.0186865
0.0977391
0.0516793
0.0148223
0.00411407
0.00498183
0.011721
0.00706501
0.0101142
0.017499
0.0185623
0.0144584
0.00295012
0.0296743
0.0926826
0.0141956
0.0060684
0.0161096
0.0171242
0.0165679
0.013012
0.0140711
0.0165482
0.0169834
0.0175895
0.0186689
0.0167575
0.0195575
0.0177318
0.0177959
0.0250016
0.00200292
0.00785848
0.00503392
0.00559076
0.00794425
0.0128373
0.0168941
0.0194986
0.0172843
0.0161019
0.0190451
0.0174738
0.0178305
0.0180534
0.0175108
0.0185312
0.0185443
0.0190758
0.0191035
0.0190066
0.0195865
0.0184239
0.0192144
0.018537
0.0193325
0.0190898
0.0192682
0.0187602
0.0188417
0.0188746
0.0194464
0.019159
0.0194634
0.0192448
0.184801
0.0175264
0.0316526
0.017752
0.0170914
0.0126477
0.0139184
0.0180643
0.0152186
0.0185954
0.014958
0.0188375
0.0197121
0.0175473
0.0186297
0.0183131
0.0180636
0.0178408
0.0179339
0.0190209
0.0192737
0.018023
0.0181254
0.0190801
0.0189455
0.0192464
0.0186919
0.102538
0.0134834
0.0105294
0.0182852
0.0192474
0.0174671
0.0192916
0.0174147
0.0187834
0.0189949
0.0196862
0.0176978
0.0180835
0.0176882
0.0197029
0.0196822
0.0196293
0.0191022
0.019196
0.0194887
0.0195275
0.0195916
0.0190958
0.0187881
0.0195636
0.018806
0.0189206
0.0188764
0.0195449
0.0195689
0.0190816
0.019064
0.0190301
0.0194242
0.0191742
0.019081
0.0192574
0.0191398
0.0195524
0.0192053
0.0192336
0.0193072
0.0193466
0.0192662
0.0192037
0.0193801
0.019229
0.0192735
0.0192923
0.0355474
0.0161688
0.195825
0.0199492
0.0153167
0.017878
0.0182428
0.0174607
0.0187571
0.0193742
0.0181998
0.0183695
0.0197189
0.0189612
0.0195933
0.0187195
0.0191254
0.0189056
0.0195472
0.0189478
0.0190124
0.019622
0.018969
0.0190363
0.0190309
0.019171
0.0195267
0.019141
0.0195712
0.0191352
0.019136
0.0192229
0.0194272
0.0194482
0.019476
0.019569
0.0192353
0.0195051
0.019492
0.0192914
0.0192469
0.0192484
0.0192965
0.0192581
0.0193355
0.0195151
0.0192763
0.0194449
0.0193092
0.0195179
0.0194974
0.0194797
0.0195041
0.0193214
0.0290234
0.016671
0.0104609
0.0100816
0.0120705
0.0107682
0.0184494
0.0182907
0.0187693
0.0197116
0.0189332
0.0194184
0.0190586
0.0178663
0.017448
0.0176919
0.0180439
0.0181623
0.018949
0.0191485
0.0187953
0.0187119
0.0185518
0.0188685
0.0188212
0.019197
0.0196128
0.0193288
0.0191839
0.0188794
0.0189904
0.0195033
0.0189488
0.0194815
0.0192304
0.0190283
0.0191059
0.0195183
0.0190826
0.0190622
0.0799298
0.0165251
0.0123495
0.0162432
0.0165317
0.0171798
0.014466
0.0176735
0.0197051
0.0183669
0.0180892
0.0196736
0.0197178
0.0182358
0.0188845
0.019656
0.019683
0.0187301
0.0195059
0.0196463
0.0188665
0.0195481
0.0194943
0.0190666
0.0196276
0.0196252
0.0191305
0.0192433
0.0195226
0.0190775
0.0192486
0.0191146
0.019433
0.01919
0.0192295
0.0193795
0.0194309
0.0192706
0.0195061
0.0192496
0.0192791
0.0195398
0.0192598
0.0192549
0.0192556
0.0194576
0.0192809
0.0194622
0.0192895
0.0194824
0.0193374
0.0194162
0.0194999
0.0248893
0.0158589
0.0191298
0.0177597
0.0159194
0.019057
0.0175057
0.0179147
0.0185165
0.0190993
0.0197345
0.0185147
0.0185013
0.0196571
0.0188153
0.0189071
0.0194583
0.0189948
0.0190465
0.0191653
0.0196025
0.019018
0.0191469
0.0196285
0.0195823
0.0195813
0.0196052
0.0191293
0.0195377
0.0191493
0.0191591
0.0195235
0.0194692
0.0192041
0.0194656
0.0195001
0.0192319
0.0192348
0.0192214
0.0194831
0.0192594
0.0194948
0.0192691
0.0194185
0.0192831
0.0193025
0.0192988
0.0195167
0.0193141
0.0193099
0.0195035
0.0193021
0.0194664
0.0193713
0.0195024
