0.245768
0.240914
0.00255421
0.0164542
0.00633669
0.00701882
0.0129102
0.0200895
0.02011
0.0189479
0.0173053
0.0184302
0.0181137
0.0189727
0.00442218
0.00652838
0.0183905
0.0115704
0.0193621
0.018849
0.0182157
0.0194775
0.0202572
0.0194073
0.0203563
0.0203562
0.0201093
0.0195681
0.019841
0.0203779
0.0197805
0.0202512
0.020088
0.0203669
0.0201447
0.0199406
0.0202855
0.0200197
0.0199966
0.020285
0.0202425
0.0200487
0.0201724
0.0203486
0.0202071
0.0201923
0.0201717
0.0203206
0.0353425
0.0324376
0.0230498
0.0305589
0.0229847
0.0203574
0.0206421
0.0202938
0.0207017
0.0214927
0.0213662
0.0204242
0.0206842
0.0212777
0.0210377
0.02065
0.0202641
0.0205866
0.0201862
0.0207815
0.0204857
0.0206383
0.020582
0.0203915
0.0205454
0.020232
0.0202626
0.0203902
0.0203785
0.0204581
0.0204309
0.0204392
0.0204886
0.0203825
0.0204755
0.0202917
0.0202187
0.0204027
0.020409
0.0202439
0.0202851
0.0204203
0.0203619
0.0202581
0.0203884
0.0202429
0.0203805
0.0203532
0.0203647
0.0203761
0.0203857
0.020369
0.020338
0.0202922
0.0203623
0.0145331
0.0186697
0.0118701
0.017435
0.020169
0.015481
0.0196314
0.0177413
0.0188681
0.0185002
0.0192763
0.0196999
0.020207
0.0194985
0.0194162
0.0196733
0.0198008
0.0202394
0.0198131
0.019693
0.0198619
0.0203309
0.0202898
0.0198271
0.0199287
0.0203667
0.0199051
0.0201467
0.0201416
0.0200286
0.020002
0.0200933
0.0200857
0.0200558
0.0178012
0.0166615
0.00492817
0.00776931
0.0160664
0.0177194
0.016861
0.0182659
0.0201128
0.019621
0.020304
0.0200204
0.0199681
0.0193255
0.0195084
0.0197797
0.0201281
0.020268
0.019716
0.0200918
0.0201259
0.0200712
0.0199526
0.0199038
0.0200235
0.0200493
0.0199708
0.0199906
0.0200007
0.0201532
0.0202419
0.0201335
0.0201447
0.0201381
0.00113675
0.0177997
0.0275071
0.0171222
0.0194383
0.0134916
0.0145437
0.0187689
0.0177473
0.0186943
0.0179056
0.0196305
0.0200361
0.0185954
0.0190241
0.0189978
0.0203125
0.0191795
0.0193288
0.0199733
0.019704
0.0194875
0.0197973
0.0201708
0.0200397
0.0197323
0.0197933
0.0102266
0.0269729
0.0124118
0.0145111
0.0160615
0.0151269
0.015954
0.0185292
0.0196863
0.0187034
0.0191803
0.0186703
0.0190052
0.020355
0.0203835
0.0201246
0.0194878
0.0201856
0.0203838
0.0199038
0.0201148
0.0198937
0.0199297
0.0201659
0.0199085
0.0199199
0.0199255
0.0201371
0.0363529
0.0240881
0.0135912
0.0201774
0.017592
0.0180605
0.0200326
0.0173912
0.0190917
0.0192409
0.0204065
0.0199808
0.0190546
0.0199309
0.019888
0.0202923
0.0200423
0.0198134
0.0196415
0.020178
0.0198458
0.0198183
0.0198144
0.0200898
0.0201447
0.0199617
0.0201593
0.0849877
0.0775103
0.00320754
0.011951
0.00882324
0.0136277
0.0175725
0.0179349
0.0200259
0.0188201
0.019365
0.01989
0.0202961
0.0192401
0.0198863
0.0195486
0.0193894
0.0198906
0.0199751
0.019631
0.0200416
0.0197618
0.0198139
0.0200974
0.0201924
0.0201947
0.0199947
0.0202817
0.0202344
0.0200796
0.0201826
0.0200468
0.0201326
0.160887
0.0258522
0.0143222
0.00348415
0.0100653
0.0192332
0.0204742
0.0201838
0.0203735
0.0196471
0.0203318
0.0198573
0.0199479
0.0197013
0.0200954
0.0197426
0.0198161
0.0200292
0.0195473
0.0199263
0.0197512
0.0198721
0.0203651
0.0203307
0.0199531
0.0199459
0.0201117
0.0203349
0.0219615
0.0110483
0.00494798
0.0174088
0.0161288
0.0176276
0.0159454
0.0201248
0.0179671
0.0196501
0.0186572
0.0194194
0.0193716
0.0194353
0.0199221
0.0202597
0.0198931
0.020358
0.0200992
0.0199012
0.0198026
0.0200795
0.020028
0.0200118
0.0201147
0.0203027
0.020192
0.020027
0.0200051
0.0201325
0.0201485
0.0201149
0.0202006
0.0202527
0.126712
0.604908
0.00565933
0.00616088
0.0201669
0.0165824
0.0133778
0.0190787
0.0160725
0.0196572
0.0169141
0.0191183
0.0182337
0.0164016
0.0173582
0.0156062
0.0130439
0.00697287
0.0160755
0.0176872
0.0183798
0.0197589
0.0203304
0.0196992
0.0193608
0.0198739
0.0196565
0.0198345
0.0197024
0.019992
0.0201122
0.0200373
0.0203084
0.0201289
0.0200555
0.0201147
0.0201488
0.0201109
0.0201576
0.0203412
0.0201086
0.0203284
0.0201431
0.0201322
0.0249706
0.0195734
0.020844
0.0196402
0.0187895
0.0208195
0.0205369
0.020633
0.0198495
0.0199495
0.0205434
0.0199124
0.0200303
0.0204993
0.0201689
0.020068
0.0203684
0.0204523
0.0201214
0.0201522
0.0204052
0.0202855
0.0203879
0.0203424
0.0202088
0.0203472
0.0203395
0.0203831
0.0201867
0.0201849
0.0203648
0.0203685
0.0203013
0.0203612
0.0202026
0.02035
0.0201993
0.0202413
0.0202069
0.0202128
0.0202453
0.0202794
0.0203443
0.0203435
0.0202247
0.0202797
0.0203364
0.0203324
0.00996677
0.0183308
0.0164208
0.0173711
0.0134784
0.0189864
0.0159993
0.0199118
0.0202394
0.0185
0.0181462
0.0202098
0.0203192
0.0190079
0.019387
0.0196402
0.0197708
0.0193709
0.0198323
0.0197118
0.0197673
0.0202834
0.0198718
0.0200018
0.0199338
0.0201443
0.0199216
0.0196613
0.011531
0.018651
0.0218833
0.0210775
0.0210294
0.0198429
0.0206496
0.0200911
0.0206063
0.0205462
0.0204559
0.02002
0.0201225
0.0201146
0.0201092
0.0204062
0.0201739
0.0204631
0.0201601
0.0204027
0.0203901
0.0201711
0.0203977
0.0201844
0.0203395
0.0201922
0.0203889
0.0203672
0.0201938
0.0203274
0.0202768
0.0202453
0.0203644
0.0202532
0.020206
0.0202102
0.0203586
0.0202916
0.0203236
0.0203447
0.0202201
0.020344
0.0202611
0.0202618
0.0203147
0.0737123
0.900575
0.0349789
0.0172475
0.0172725
0.0184417
0.0123256
0.013784
0.017159
0.0191766
0.0200162
0.0198521
0.0178306
0.0181882
0.0202361
0.0187961
0.0189541
0.0197548
0.0136061
0.306887
0.0202599
0.0142329
0.0179177
0.0185109
0.0161877
0.0189267
0.0198163
0.0196755
0.0197635
0.0191645
0.0192185
0.0192482
0.0194533
0.0197816
0.0195338
0.019993
0.0197486
0.0198496
0.0203195
0.0199719
0.0198824
0.0201715
0.0200577
0.0200324
0.0201105
0.052617
0.020705
0.0200096
0.0181605
0.0206285
0.0194626
0.0205182
0.0205351
0.0197555
0.0199436
0.0203779
0.0198881
0.0203556
0.0202851
0.0201413
0.0200927
0.0202455
0.0201099
0.0201582
0.0204126
0.0201282
0.0201736
0.0203725
0.0201539
0.0201713
0.020385
0.0203082
0.020181
0.020263
0.020186
0.0203643
0.0203632
0.0203604
0.0203603
0.0201949
0.0202026
0.0203231
0.0202021
0.0202042
0.0202297
0.0202152
0.0202935
0.0202712
0.0203397
0.0202823
0.0203005
0.0202707
0.0201598
0.0674469
0.0809282
0.0190799
0.0152992
0.0192496
0.0170094
0.0189713
0.0166595
0.01826
0.018949
0.0182801
0.0199939
0.0200244
0.0190447
0.0196003
0.0193522
0.0197432
0.0196795
0.019496
0.0200902
0.0111878
0.342158
0.0725005
0.0142123
0.0166107
0.0123034
0.0173647
0.013544
0.0183397
0.0165768
0.017861
0.0174203
0.0192238
0.0186243
0.0193068
0.019613
0.0188813
0.0196753
0.0192319
0.0200866
0.0194378
0.0146965
0.0204364
0.0184691
0.0185262
0.0202149
0.0203226
0.0188126
0.0204022
0.0196414
0.0204656
0.0194284
0.0197289
0.0200259
0.0200422
0.0200928
0.0200589
0.0203834
0.0199849
0.0200167
0.0203429
0.0200973
0.0203117
0.0200684
0.0203618
0.0203485
0.0203469
0.0202962
0.0201364
0.0201335
0.0201381
0.0203217
0.0201825
0.0201817
0.0202714
0.0201791
0.020195
0.0202067
0.0203432
0.0201851
0.0203068
0.0203156
0.0147041
0.0204364
0.0184677
0.0185247
0.0202143
0.0203223
0.0188577
0.0204019
0.0196609
0.0204655
0.0194467
0.0197391
0.0200251
0.020045
0.0200946
0.0200613
0.0203825
0.0199879
0.0200195
0.0203422
0.0200985
0.0203112
0.0200702
0.0203615
0.0203482
0.0203466
0.020296
0.0201373
0.0201345
0.020139
0.0203215
0.0201831
0.0201822
0.0202714
0.0201797
0.0201954
0.0202071
0.020343
0.0201856
0.0203066
0.0203155
0.0707892
0.0064971
0.00459743
0.0113824
0.0183785
0.0179172
0.0177538
0.0190249
0.0180452
0.020006
0.0187474
0.0191165
0.0195042
0.0200953
0.0198788
0.019581
0.0200239
0.0200725
0.0202845
0.0200596
0.693884
0.649333
0.0189739
0.00449399
0.00553583
0.00805821
0.0091805
0.0143382
0.0178667
0.016222
0.0171921
0.0191797
0.0463869
0.350682
0.0167243
0.00506073
0.0203382
0.0149941
0.0158792
0.0167952
0.0150925
0.0167031
0.0195167
0.0194052
0.0183442
0.0196915
0.0181544
0.0196874
0.0196008
0.018869
0.0193014
0.019191
0.0203355
0.0199454
0.00690393
0.0168694
0.0150953
0.0197379
0.0186245
0.0203024
0.0198203
0.0179211
0.0200268
0.0188781
0.0199677
0.0203896
0.0199011
0.0199716
0.0195455
0.0195239
0.0197883
0.0202358
0.0198508
0.020316
0.0200454
0.0200952
0.0203748
0.0199761
0.0202833
0.0203161
0.0201248
0.0200152
0.0200219
0.0200266
0.0200704
0.020095
0.0203352
0.0373278
0.00715778
0.0667705
0.019198
0.0125855
0.0145268
0.0157265
0.0191674
0.0166622
0.0195212
0.020251
0.0198487
0.0197901
0.0201969
0.020358
0.0191061
0.0195297
0.0193853
0.0195415
0.0197211
0.0201262
0.0197902
0.0198405
0.0197819
0.0202468
0.0238787
0.020804
0.0489642
0.0180792
0.0206338
0.0194459
0.020519
0.0205373
0.0197642
0.0199433
0.0204044
0.0198932
0.020374
0.0202965
0.0201517
0.0200931
0.0202543
0.0201102
0.0201658
0.0204169
0.0201294
0.0201768
0.0203746
0.0201554
0.0201716
0.0203853
0.0203114
0.0201835
0.0202657
0.0201867
0.0203642
0.0203641
0.0203612
0.0203603
0.0201958
0.020203
0.0203245
0.0202027
0.0202049
0.0202312
0.020216
0.0202948
0.0202727
0.0203399
0.0202835
0.0203015
0.0202718
0.00180784
0.0204309
0.0206276
0.0309741
0.0383552
0.0208488
0.0224815
0.0206943
0.0208365
0.0201286
0.0201539
0.0201944
0.0210784
0.0211849
0.0201578
0.0206203
0.0204233
0.0206004
0.0203784
0.0206653
0.020591
0.0204324
0.0204801
0.0204442
0.0204213
0.0203536
0.0204934
0.0201999
0.020325
0.0204401
0.0204806
0.0204638
0.0204503
0.0204436
0.0203913
0.0204212
0.0203697
0.0203311
0.0203564
0.0202509
0.02022
0.0202275
0.020262
0.0203682
0.0203441
0.0202263
0.0203778
0.0203742
0.0203624
0.0203078
0.0203152
0.0203369
0.0202458
0.0203154
0.0202464
0.00586349
0.0105698
0.00374892
0.019074
0.0195809
0.0195545
0.0171414
0.0197544
0.0200245
0.0182182
0.0199833
0.0202075
0.0199658
0.0199779
0.020276
0.0198606
0.0195908
0.0199098
0.0198517
0.0199359
0.0201082
0.0202736
0.0201048
0.0201612
0.0203351
0.0200569
0.0203511
0.0203509
0.0200591
0.0203564
0.0201783
0.0202192
0.0203168
0.0201395
0.0202852
0.0201431
0.0202583
0.0201515
0.0201489
0.0201624
0.023956
0.044071
0.0245405
0.0212383
0.0271212
0.0225656
0.0257866
0.0205846
0.0206576
0.0215246
0.0204221
0.0207504
0.0212295
0.0204713
0.0210546
0.0210322
0.0206383
0.0201923
0.0205289
0.0206138
0.0201979
0.0201777
0.0203161
0.0201804
0.0202869
0.0203534
0.0202343
0.0202242
0.0203764
0.0204378
0.0204637
0.0204563
0.0204099
0.0204058
0.0203945
0.0204227
0.0203211
0.0203681
0.0202217
0.0202197
0.0203415
0.0202208
0.0203616
0.0203831
0.0202352
0.0203613
0.020247
0.0203571
0.0203583
0.0203699
0.0203562
0.0202678
0.0203306
0.0202731
0.0202435
0.0359057
0.0301197
0.0245845
0.0293059
0.0223448
0.0200999
0.0224797
0.0216244
0.020308
0.0206849
0.020723
0.0205444
0.0209538
0.0204448
0.0207078
0.0207369
0.0201832
0.020413
0.0205569
0.0206539
0.0206111
0.0201967
0.0204681
0.0203287
0.0205198
0.0202071
0.0205164
0.0202087
0.0202307
0.0203935
0.0204805
0.0202166
0.0203486
0.0204384
0.020408
0.0204297
0.0204132
0.0202563
0.020422
0.0202509
0.0203798
0.0203992
0.0202553
0.0204074
0.0203403
0.0203494
0.0203525
0.0203332
0.0203794
0.0203124
0.0202682
0.0203594
0.0202938
0.0202459
