0.0176314
0.0187842
0.0120931
0.014131
0.0149894
0.0148735
0.0149098
0.0148575
0.0147858
0.0147687
0.0147973
0.0147884
0.0141324
0.0141479
0.0144029
0.0143969
0.0145376
0.0145352
0.0144529
0.014739
0.0148628
0.0148721
0.0147879
0.0145308
0.0145853
0.0148584
0.0145573
0.0150391
0.0146
0.0146483
0.0148589
0.0148933
0.014979
0.0146496
0.0146117
0.0146751
0.0149092
0.0146797
0.0149488
0.0149441
0.0149351
0.0147009
0.0146539
0.0146686
0.014683
0.0148965
0.0146669
0.014789
0.0149051
0.0147696
0.014686
0.0148643
0.0147564
0.0147721
0.0148882
0.014757
0.0148658
0.0147432
0.014867
0.0148262
0.0148663
0.0147049
0.0148636
0.0148595
0.0147701
0.014715
0.0141366
0.0142007
0.0153774
0.0147914
0.0147813
0.0147571
0.0147279
0.0147658
0.0146662
0.0146788
0.0148345
0.0148067
0.0147437
0.0147709
0.0147855
0.0147946
0.01477
0.0147975
0.0147733
0.0147738
0.0147946
0.0147967
0.0147928
0.0147929
0.0147929
0.014794
0.0147895
0.0147934
0.0147937
0.0147934
0.0147755
0.014782
0.0147911
0.0147868
0.0147813
0.0147772
0.0147851
0.0147802
0.0147854
0.0147802
0.0147915
0.0147918
0.0147805
0.0147816
0.0147903
0.0147817
0.0147865
0.0139045
0.0154959
0.0150556
0.0151015
0.014942
0.0148442
0.0146943
0.0148103
0.0147195
0.0147599
0.0147598
0.0148273
0.0147717
0.0147762
0.0147725
0.0147852
0.0148035
0.0148021
0.0147705
0.0147969
0.0147812
0.0147774
0.0147948
0.0147746
0.0147837
0.0147769
0.0147945
0.0147947
0.0147947
0.0147773
0.0147774
0.0147905
0.014794
0.0147762
0.0147765
0.0147838
0.014792
0.0147803
0.0147929
0.0147857
0.0147924
0.0147886
0.0139045
0.015462
0.0150555
0.0151011
0.0150569
0.0148411
0.0147076
0.0149099
0.0147519
0.0148488
0.0146666
0.0147507
0.0146868
0.0147978
0.0148518
0.0147073
0.0147765
0.0147544
0.0148337
0.0147465
0.0148059
0.0148149
0.0147353
0.0148222
0.0147993
0.0148168
0.0147486
0.0147458
0.0147457
0.0148154
0.014815
0.0147693
0.0147513
0.0148175
0.0148166
0.0147943
0.0147609
0.0148054
0.0147574
0.0147865
0.0147596
0.0147748
0.00997731
0.0157725
0.0155577
0.0137116
0.0141465
0.0150862
0.01469
0.0148518
0.0144436
0.0148331
0.0145689
0.0148948
0.0148328
0.014751
0.0148649
0.0148849
0.0148665
0.0148314
0.0147941
0.0146625
0.0147263
0.0147572
0.0148663
0.0146861
0.0148212
0.0148329
0.0148321
0.014704
0.0147084
0.0147139
0.0147929
0.0147765
0.0148147
0.014827
0.014817
0.0159211
0.0154047
0.0134721
0.0134022
0.0144689
0.0148439
0.0143527
0.0146958
0.0147945
0.0150423
0.0147681
0.0147874
0.0149831
0.0145943
0.0145947
0.014605
0.014902
0.014622
0.0149147
0.0149079
0.0149147
0.0149112
0.0146633
0.0148533
0.014825
0.0148764
0.0147214
0.0148682
0.0146842
0.0146843
0.0146971
0.0148779
0.0148658
0.0148056
0.0147139
0.0148272
0.0148556
0.0147754
0.014858
0.0147722
0.0148532
0.0148116
0.013626
0.0155358
0.0132663
0.0146182
0.0150009
0.0150401
0.0147589
0.0148812
0.0148494
0.0148727
0.0147348
0.014666
0.0148082
0.014786
0.0147649
0.0147414
0.0147916
0.0147778
0.0147626
0.0147893
0.0147765
0.0147974
0.014792
0.0147938
0.0147796
0.0147665
0.0147961
0.0147982
0.0147706
0.0147775
0.0147707
0.0147757
0.0147936
0.0147938
0.0147953
0.0147736
0.0147839
0.0147954
0.0147738
0.0147903
0.0147937
0.0154128
0.0155318
0.0143795
0.0145427
0.0150899
0.0148025
0.014705
0.0147805
0.0151265
0.0150506
0.0150814
0.0148173
0.0151028
0.0150307
0.0150023
0.0148248
0.0149984
0.0149087
0.014706
0.0146109
0.0149329
0.0149054
0.0147116
0.0148766
0.014759
0.0147297
0.0146757
0.0149294
0.0148202
0.0148369
0.0149249
0.0146926
0.0147044
0.0149064
0.014899
0.0146948
0.0148878
0.0147427
0.0146956
0.0148848
0.0148864
0.0148399
0.0147039
0.0147045
0.0148553
0.0148767
0.0148653
0.0148635
0.0147077
0.00305809
0.0109202
0.00734481
0.0130451
0.0145846
0.0145146
0.013788
0.0148574
0.0148181
0.014216
0.0147574
0.0149369
0.0143247
0.0146168
0.0148987
0.0145254
0.0145067
0.0147897
0.0149348
0.0145435
0.00414435
0.0132511
0.0150296
0.0146119
0.0149397
0.0145644
0.0148425
0.0148555
0.0148027
0.014805
0.0147763
0.0147815
0.01479
0.0147461
0.0147875
0.0147841
0.0147749
0.0147891
0.0147974
0.0147928
0.0147863
0.0147712
0.0147988
0.014797
0.0147707
0.0147864
0.0147723
0.0147913
0.0141804
0.0161191
0.0141257
0.0138264
0.0148979
0.0147365
0.0148462
0.0143969
0.0147614
0.0150833
0.0148106
0.0147641
0.0145138
0.0148702
0.0145737
0.014893
0.01498
0.0149162
0.0148449
0.0148443
0.014743
0.0148034
0.0146222
0.0148358
0.0149346
0.0148809
0.0147177
0.0146445
0.014787
0.0148665
0.0149151
0.0148768
0.0146649
0.0146774
0.014739
0.0148472
0.0147114
0.0148307
0.0148847
0.0148318
0.0148145
0.0148244
0.0147702
0.0148749
0.0148777
0.0148218
0.0147721
0.0147891
0.0156451
0.0131826
0.0125555
0.0138666
0.0147286
0.0142877
0.0147329
0.014837
0.0147435
0.0149148
0.0146116
0.0148548
0.0148357
0.014842
0.0147624
0.0148423
0.0148817
0.014831
0.014783
0.014685
0.0146956
0.0148371
0.0147411
0.0147571
0.0147902
0.014706
0.0148158
0.0148037
0.0147158
0.0147199
0.014798
0.0147228
0.014803
0.0147609
0.0148337
0.0141888
0.0176713
0.0139403
0.0133399
0.0146737
0.0146182
0.0147562
0.0148257
0.0146866
0.0148087
0.0148016
0.0147675
0.0147743
0.0136211
0.015472
0.0130533
0.0149016
0.0151872
0.0149424
0.014762
0.0150451
0.0148122
0.0147644
0.0148552
0.0145005
0.0147076
0.0148107
0.0146347
0.0146022
0.0148796
0.0146843
0.0146511
0.0147975
0.0147062
0.0148701
0.0148256
0.014841
0.0147331
0.0146724
0.0148553
0.0148691
0.0146925
0.0147288
0.0146946
0.0147208
0.0148371
0.0148381
0.0148476
0.0147124
0.0147734
0.0148475
0.0147152
0.0148152
0.0148368
0.0139564
0.0135519
0.0151768
0.0144381
0.0147187
0.0150144
0.0146283
0.0147748
0.0147659
0.014827
0.0148022
0.0148163
0.0148067
0.0147724
0.0147722
0.0147782
0.0147927
0.0147991
0.0148003
0.0147998
0.0147996
0.0147859
0.0147922
0.0147993
0.0147989
0.0147831
0.0147984
0.0147982
0.0147865
0.0147746
0.0147962
0.0147777
0.0147946
0.0147955
0.0101795
0.0148658
0.0151587
0.015138
0.0148892
0.0145194
0.0149846
0.0146213
0.0148239
0.0149714
0.0148066
0.0145998
0.0146141
0.0148044
0.0146235
0.0146783
0.0147375
0.0146637
0.0147805
0.0148869
0.0148751
0.0146764
0.0147503
0.0147655
0.0148615
0.0146926
0.0146951
0.0148391
0.0147178
0.0147403
0.0147298
0.0147265
0.0148333
0.0147166
0.0147381
0.0148074
0.014756
0.0148212
0.0147249
0.0147318
0.0148066
0.0180912
0.021255
0.011759
0.0123141
0.0147462
0.0143691
0.0143319
0.0144806
0.0148466
0.0146422
0.0145664
0.0148368
0.0140181
0.0163302
0.0143043
0.0148476
0.0151623
0.0146648
0.0146663
0.0147126
0.0147721
0.01447
0.0145509
0.0147151
0.0147012
0.0148174
0.0147032
0.0146495
0.0146318
0.0146696
0.0149008
0.0148989
0.0147759
0.0146616
0.0147488
0.0149163
0.0147616
0.014678
0.0147087
0.0146752
0.0146797
0.014822
0.0146856
0.0148743
0.0147369
0.0148747
0.0148075
0.0147454
0.0146971
0.0148754
0.0148632
0.01486
0.0147915
0.0148572
0.0147624
0.0147481
0.0148176
0.0147198
0.0148351
0.0148558
0.014829
0.0147758
0.0148422
0.0147275
0.0148384
0.0147991
0.0148392
0.0172826
0.0164102
0.0137518
0.0142801
0.0144416
0.0143979
0.0144942
0.0146608
0.0147802
0.0147889
0.0148515
0.0147225
0.0148533
0.0147017
0.0147152
0.0147076
0.0147297
0.0148232
0.0139372
0.0176411
0.0139943
0.0130516
0.0145077
0.0145017
0.0146831
0.0148738
0.0145939
0.0148332
0.014817
0.0147416
0.0147577
0.00285115
0.0142918
0.0141062
0.0147996
0.0147861
0.0149675
0.0148886
0.0148699
0.0148393
0.0148642
0.0148585
0.0148535
0.0148474
0.014954
0.0148086
0.0152937
0.0152041
0.0145545
0.015426
0.0151757
0.0145197
0.0146932
0.0151073
0.0148905
0.0146531
0.0147703
0.0148079
0.0150205
0.0147429
0.0146766
0.0148044
0.0149275
0.0146898
0.0147278
0.0149222
0.0149232
0.0148723
0.0147455
0.0146634
0.0148024
0.0148473
0.014891
0.0146956
0.0148323
0.0147964
0.0147009
0.014878
0.0148835
0.0147337
0.0147429
0.0148554
0.0147204
0.0148552
0.0147936
0.0148652
0.0147604
0.014813
0.0148453
0.0148577
0.0148404
0.0147387
0.0147479
0.0147966
0.0148502
0.0148081
0.0148016
0.0147606
0.0148286
0.0162046
0.0107361
0.0164674
0.0109324
0.0147098
0.0146159
0.0146993
0.0147327
0.0147435
0.0147546
0.0146852
0.0147131
0.0147077
0.0147403
0.0147938
0.0147372
0.0147532
0.0148004
0.0147809
0.0147509
0.0147582
0.0147503
0.0147844
0.014753
0.0147583
0.0147589
0.0147644
0.0175319
0.0120128
0.00950089
0.0153135
0.0149285
0.0136822
0.0138836
0.0139163
0.0149141
0.0146623
0.0142907
0.014248
0.0142814
0.0142807
0.0149039
0.0148672
0.0146204
0.0145452
0.0145146
0.0146288
0.0182594
0.00489636
0.0178131
0.0147928
0.014101
0.0143249
0.0143662
0.0146589
0.0145155
0.0148409
0.0145279
0.0145932
0.0145704
0.0147871
0.0146525
0.014638
0.0148543
0.0146963
0.0148515
0.0146679
0.00986645
0.0157836
0.0155694
0.0136793
0.0141149
0.015088
0.0146875
0.0148491
0.0144126
0.0148422
0.0145446
0.014908
0.0148388
0.0147432
0.0148745
0.0148965
0.0148759
0.0148363
0.0147941
0.0146485
0.014718
0.0147528
0.0148757
0.0146742
0.0148252
0.0148383
0.0148375
0.0146935
0.0146985
0.0147046
0.0147934
0.0147749
0.014818
0.0148319
0.0148207
0.00973546
0.0127354
0.00858338
0.0146097
0.0145934
0.0146998
0.014832
0.014808
0.0148143
0.0147863
0.0148534
0.0148522
0.0148512
0.0147994
0.0148429
0.0147894
0.0148345
0.0148344
0.0148295
0.0148266
0.0169331
0.0102836
0.0138953
0.0140224
0.0141226
0.0145927
0.0146954
0.0146639
0.0148286
0.0148163
0.0147806
0.014724
0.0148202
0.0147141
0.0254403
0.0158068
0.0204922
0.0199007
0.014806
0.0143625
0.0155049
0.014919
0.0148823
0.0147886
0.0149682
0.0149395
0.0147928
0.0145635
0.0148026
0.0147778
0.014771
0.0146309
0.014819
0.0149523
0.014941
0.0149005
0.0147474
0.0146741
0.0147993
0.0149187
0.0147442
0.0147708
0.0147843
0.0147437
0.0147031
0.0147426
0.0148157
0.0147839
0.0148348
0.0148532
0.0147126
0.0148391
0.0147521
0.014796
0.0147636
0.0148636
0.0147593
0.0147229
0.0148282
0.0147412
0.0148479
0.0147209
0.0147246
0.0147517
0.0148307
0.0147283
0.0147397
0.014847
0.0384045
0.0105465
0.0112544
0.0149313
0.0129872
0.0134491
0.0143234
0.0146842
0.014613
0.0143555
0.0144455
0.0145817
0.0148381
0.0144254
0.0101176
0.0162955
0.0153148
0.0137824
0.0138482
0.0149197
0.0144712
0.0145824
0.0149532
0.0146985
0.0145803
0.0147411
0.0147851
0.0147101
0.0147851
0.0147116
0.014639
0.0147321
0.0146644
0.014658
0.0148458
0.0146895
0.0147391
0.0148652
0.0148128
0.0147226
0.0147328
0.0147117
0.0148373
0.0147218
0.0147594
0.0147543
0.0148073
0.0148379
0.0147225
0.0139429
0.0136436
0.0133209
0.0135343
0.0150382
0.014965
0.0151289
0.0143561
0.0146675
0.0148097
0.0148575
0.0148992
0.0149155
0.0147453
0.0147163
0.0146143
0.0146619
0.014624
0.0146284
0.0148455
0.0147982
0.0148685
0.0146588
0.0146643
0.0148601
0.0147721
0.0147555
0.0148825
0.0147951
0.0146795
0.0148206
0.0146999
0.0147408
0.014725
0.0147057
