0.0308928
0.00484014
0.00605285
0.0111353
0.0130279
0.0127579
0.0123179
0.0125535
0.0124957
0.012525
0.0125933
0.0125174
0.0125405
0.0156065
0.00939448
0.00551623
0.0146294
0.0151289
0.0101432
0.0102395
0.0101772
0.012921
0.0140633
0.013052
0.0114216
0.0136257
0.0126588
0.0119565
0.0129976
0.0118313
0.0114344
0.0136895
0.0134117
0.0136292
0.0115372
0.0122604
0.0116345
0.0134845
0.0126067
0.0127522
0.0117742
0.0118093
0.0117778
0.0118086
0.0120053
0.0120215
0.0123078
0.0118932
0.0118935
0.0128488
0.0119131
0.0129842
0.0120372
0.0125921
0.0120415
0.0130514
0.0124286
0.0129867
0.0130433
0.0127555
0.0126527
0.013009
0.0124756
0.0130013
0.0121088
0.0129808
0.0122999
0.0140821
0.0158721
0.0102891
0.00881227
0.0150786
0.0116953
0.0126003
0.0124817
0.0123507
0.0124151
0.0124307
0.0123417
0.0125736
0.0126852
0.0126413
0.0125033
0.0124221
0.0125136
0.0125976
0.012516
0.0124979
0.0124954
0.0125089
0.012578
0.0126089
0.0125186
0.012496
0.0125224
0.0125242
0.0125726
0.0125168
0.0125135
0.0125632
0.0125215
0.012516
0.0125875
0.0125074
0.0125186
0.0125836
0.0125149
0.0125831
0.0125087
0.0125723
0.0125422
0.0125627
0.0125474
0.0125755
0.0123813
0.0102889
0.0104601
0.0115932
0.0114952
0.0137805
0.0124733
0.0120453
0.0124425
0.0127254
0.012353
0.012361
0.012705
0.0126924
0.0125286
0.0125263
0.0126196
0.012576
0.0125356
0.0126291
0.0126202
0.0125748
0.0124897
0.0125609
0.0125197
0.0125507
0.0125922
0.0125792
0.012505
0.0125137
0.0125024
0.0124998
0.0125077
0.0125582
0.0125026
0.0125045
0.0125063
0.0125759
0.0125534
0.0125742
0.012515
0.0123813
0.0109238
0.00971773
0.0116374
0.0108127
0.014351
0.0119188
0.0123764
0.0119083
0.0125468
0.0124504
0.0124583
0.0123562
0.0123644
0.0124898
0.0129532
0.0123816
0.0124191
0.0125033
0.0122731
0.012301
0.0124158
0.0127803
0.0124531
0.0125853
0.0124827
0.0123722
0.0124073
0.0126863
0.012655
0.0127103
0.0127217
0.0126857
0.012484
0.0127089
0.0126991
0.0126918
0.0124294
0.0125064
0.0124355
0.012656
0.00209059
0.00721502
0.0157967
0.0126426
0.0153185
0.0127684
0.0125765
0.0130972
0.0115636
0.0125941
0.012983
0.0117033
0.0119708
0.0117941
0.0131635
0.0126464
0.0132187
0.0130064
0.0131131
0.0122132
0.0130725
0.0129942
0.0126467
0.0122022
0.01229
0.0124009
0.0129718
0.0124212
0.012225
0.0122658
0.0127415
0.012828
0.0112113
0.0150584
0.0166999
0.0113518
0.0122833
0.0127125
0.0124604
0.0124859
0.0133615
0.0126131
0.0114453
0.0137549
0.0126437
0.0136773
0.0136575
0.011832
0.0124161
0.011726
0.0128015
0.0132849
0.0117965
0.0132775
0.0120497
0.013235
0.0131908
0.0131146
0.0119882
0.0120186
0.0122556
0.0130377
0.0126148
0.0125504
0.0123084
0.0120934
0.0120979
0.0125874
0.0124759
0.0129319
0.0122427
0.0122618
0.00647544
0.0126246
0.0132502
0.01111
0.0138103
0.0112041
0.0119124
0.0121099
0.0123576
0.0125842
0.0126057
0.0125049
0.0122913
0.0125151
0.0123599
0.0127622
0.0127492
0.0125296
0.0126531
0.0124377
0.012495
0.0124916
0.0126542
0.012613
0.0124676
0.0124874
0.0124681
0.0124604
0.0124643
0.0125274
0.012481
0.0124746
0.0124879
0.012484
0.0125486
0.012606
0.0125689
0.0125899
0.012533
0.00854549
0.0118113
0.012532
0.0132299
0.0113945
0.0121772
0.0105212
0.0109152
0.0112454
0.0113421
0.0139609
0.0124567
0.013954
0.0133599
0.0136701
0.0137706
0.0136716
0.0124556
0.0117199
0.0114963
0.0116876
0.0116021
0.0130133
0.0117662
0.0123322
0.0132531
0.0117615
0.0132518
0.0118836
0.0130223
0.012941
0.0126349
0.0118975
0.0119052
0.0120558
0.0124801
0.0120612
0.0125736
0.0122091
0.012021
0.0123465
0.0127143
0.0128884
0.01207
0.0130141
0.0121341
0.012121
0.0122994
0.00425025
0.010047
0.0179487
0.0119318
0.0091938
0.0155075
0.01009
0.0136121
0.0146935
0.0106057
0.0142865
0.0134472
0.012807
0.0135014
0.0111111
0.0116797
0.0136706
0.0112948
0.0133881
0.011614
0.0125296
0.0158398
0.0121847
0.010209
0.0131065
0.0128752
0.0122098
0.0130108
0.0124903
0.0127156
0.0124469
0.0127266
0.0126974
0.0125096
0.0125444
0.0124708
0.0126687
0.0124413
0.0124778
0.0125247
0.0125346
0.0125209
0.0126259
0.0125466
0.0125203
0.0125651
0.0124797
0.0124804
0.00484947
0.00968946
0.0108148
0.0107109
0.00969409
0.0153016
0.0145784
0.0147034
0.0122329
0.0123846
0.0110305
0.0125027
0.0133063
0.0118043
0.0131667
0.012351
0.0118382
0.0125349
0.0117724
0.011456
0.011978
0.0115741
0.0122534
0.0118655
0.0120339
0.01167
0.0128137
0.0124426
0.0130856
0.0118878
0.0129851
0.0128955
0.0122173
0.0127272
0.0123303
0.0130736
0.0119514
0.0130645
0.013099
0.012244
0.0121675
0.012102
0.012487
0.012448
0.0123731
0.012301
0.0120909
0.0121494
0.012967
0.0121803
0.0177045
0.0139167
0.0128961
0.0110309
0.0122373
0.0123942
0.0116159
0.0118293
0.0122589
0.012924
0.0119793
0.0120082
0.0132376
0.012927
0.0121602
0.013119
0.0121539
0.0129764
0.0125397
0.0129107
0.0129673
0.0129637
0.0127285
0.0121693
0.0122011
0.0127387
0.0123324
0.0123149
0.0127903
0.0122787
0.013452
0.0117226
0.011648
0.0109063
0.0131842
0.0123612
0.0124364
0.012303
0.0128459
0.0128428
0.0127888
0.0123133
0.0124109
0.0123445
0.00442335
0.0109848
0.013209
0.0112962
0.0135686
0.0117124
0.0110168
0.0126993
0.0129137
0.0124066
0.0119576
0.011761
0.011505
0.0118552
0.0116042
0.0134952
0.0134343
0.0125617
0.0132074
0.0118432
0.0121958
0.012174
0.0131851
0.0130142
0.0120206
0.0121611
0.0120344
0.011993
0.0120192
0.0124469
0.0121362
0.0121054
0.0121798
0.0121557
0.0125829
0.0129192
0.0127077
0.0128293
0.012475
0.0147547
0.0110272
0.0118705
0.0117586
0.0123694
0.0127215
0.0120394
0.0123917
0.0127871
0.0127447
0.0126544
0.0125685
0.0124311
0.0124903
0.0124339
0.0124628
0.0124683
0.012464
0.0126657
0.0124665
0.0125337
0.0125075
0.0124711
0.0125221
0.0124851
0.0125759
0.0125161
0.0124789
0.0126041
0.0125264
0.0124976
0.0124958
0.0125377
0.0165775
0.0194203
0.014588
0.0155334
0.0124647
0.0149667
0.012353
0.012429
0.012436
0.0124609
0.0126109
0.0134694
0.0116961
0.0120721
0.013404
0.0134041
0.0130927
0.0126561
0.0128817
0.0128255
0.012371
0.012793
0.0124617
0.0120629
0.0128636
0.0130654
0.0122654
0.0125713
0.0124423
0.0124427
0.0125502
0.0128286
0.012183
0.0127896
0.0126591
0.0128545
0.0128516
0.0122723
0.0123898
0.00634182
0.00931182
0.0112139
0.0146947
0.0118445
0.0122014
0.0116892
0.0117126
0.0118836
0.0118896
0.0130645
0.0120136
0.0120793
0.00942275
0.0127483
0.0123883
0.0120049
0.0147007
0.012109
0.0145556
0.0126289
0.0138234
0.0128497
0.0125029
0.0129842
0.0126423
0.0121692
0.0115413
0.0127789
0.0125134
0.0134281
0.0133739
0.012014
0.0131382
0.0121475
0.0131035
0.0128126
0.0123013
0.0126124
0.0132284
0.0130522
0.0130368
0.0119803
0.0128567
0.0124891
0.0121295
0.012891
0.012982
0.0130039
0.0126818
0.0123665
0.0121014
0.0129919
0.0122983
0.0129494
0.012955
0.0121989
0.0121418
0.0122481
0.0124197
0.0128006
0.0128633
0.0122187
0.0124305
0.0127748
0.0122411
0.0127434
0.0202242
0.0144103
0.0124835
0.0126403
0.0121345
0.0114787
0.0132991
0.0129228
0.0123294
0.0120386
0.0120745
0.0130291
0.0122
0.0120733
0.0121301
0.0127298
0.0122632
0.0123074
0.012281
0.0127275
0.0123823
0.0134158
0.0108097
0.0122167
0.0112223
0.0137284
0.0121444
0.0123534
0.0120133
0.0131826
0.0131763
0.0130631
0.0120348
0.0122551
0.0121069
0.015473
0.0147719
0.0107162
0.0123261
0.0120933
0.0122569
0.0129756
0.01267
0.0126148
0.0127046
0.0126286
0.0132066
0.0154087
0.013098
0.0135191
0.0102519
0.0120235
0.0123643
0.012433
0.0126385
0.0118494
0.0115974
0.0113807
0.0130883
0.0115256
0.0126799
0.012538
0.0125885
0.0125637
0.0128814
0.0118857
0.0124941
0.0125961
0.0125467
0.0118546
0.0118672
0.0119339
0.011877
0.0119208
0.012162
0.0119396
0.012554
0.0125315
0.0130665
0.0120696
0.0124816
0.0125725
0.0121072
0.0120837
0.0122259
0.0130019
0.0126199
0.0126642
0.0129512
0.012679
0.0129638
0.0129257
0.0128282
0.0122057
0.0125019
0.0125148
0.0128867
0.0122313
0.0123306
0.0126511
0.0188666
0.0198774
0.0100323
0.0134468
0.0126904
0.0126142
0.012608
0.0124639
0.0123981
0.0124515
0.012368
0.0125714
0.0124383
0.0128102
0.0123542
0.012753
0.0125115
0.0124806
0.0126906
0.0125057
0.0125914
0.0124195
0.0126404
0.0124137
0.0124571
0.00811724
0.00512096
0.0183343
0.00845343
0.00887346
0.0111037
0.0100348
0.0100553
0.0104383
0.0104564
0.0139588
0.0122059
0.012396
0.0130512
0.0139028
0.0135266
0.0132784
0.0136357
0.0131426
0.0196709
0.0076868
0.0123995
0.00969822
0.0124512
0.0117948
0.0117624
0.01247
0.0117217
0.0117884
0.012147
0.0129921
0.0126029
0.0122485
0.0119975
0.0125512
0.0121796
0.00179524
0.00719851
0.0159557
0.01274
0.0154605
0.012841
0.0125513
0.0131844
0.0114507
0.0126267
0.0130493
0.0116018
0.0118964
0.0117044
0.0132372
0.0126641
0.0132934
0.0130633
0.01318
0.0121717
0.0131337
0.013048
0.0126602
0.0121592
0.0122579
0.0123827
0.0130226
0.0124054
0.0121856
0.0122306
0.0127661
0.0128629
0.000281197
0.0157638
0.00887793
0.0126764
0.013475
0.0132974
0.0120849
0.0129492
0.0122087
0.0129326
0.0125059
0.0122785
0.012437
0.0123283
0.0123137
0.0123624
0.0123484
0.0127015
0.012446
0.0241367
0.00941032
0.0124338
0.0119595
0.012453
0.0123679
0.0121098
0.0123002
0.0122083
0.012841
0.012607
0.0124645
0.0122908
0.00643912
0.0127472
0.0169303
0.0097003
0.0109631
0.0136045
0.0150372
0.0122645
0.0122388
0.0125988
0.0138118
0.0125181
0.013769
0.0118302
0.0114899
0.0121582
0.0126677
0.0116613
0.0128283
0.0129238
0.0128535
0.0117136
0.0132591
0.0122118
0.0123998
0.0132717
0.0132299
0.0120054
0.0124622
0.0128776
0.011974
0.0131562
0.0120827
0.0123487
0.0120309
0.0121001
0.0120152
0.0127914
0.0121368
0.012663
0.0122799
0.0122141
0.0127222
0.0122626
0.0126822
0.0121499
0.012168
0.0121684
0.0125294
0.0127575
0.0123899
0.0122433
0.0234072
0.0122528
0.0111609
0.010642
0.0134342
0.0115856
0.0112393
0.0117357
0.0125598
0.0122574
0.0133842
0.012055
0.0119057
0.017153
0.00539749
0.0103601
0.0169798
0.0122756
0.0123299
0.0124759
0.013764
0.0129408
0.0113348
0.0123381
0.012806
0.0128409
0.0118078
0.0122802
0.0122523
0.0129142
0.0121217
0.0119181
0.0128034
0.0120432
0.0129017
0.0130499
0.01225
0.012055
0.0122254
0.0123789
0.0128665
0.0129335
0.0126761
0.0125081
0.0124127
0.0123468
0.0123501
0.0128422
0.0214304
0.012998
0.00469369
0.00932446
0.0137772
0.0122035
0.0123992
0.012337
0.0115684
0.0110451
0.0124868
0.0135072
0.0136757
0.0133009
0.011543
0.0131112
0.0118521
0.0117641
0.01202
0.0126085
0.0118011
0.0129499
0.0119564
0.013249
0.0119587
0.0131289
0.0121465
0.0123671
0.0130806
0.0120738
0.0130243
0.0130083
0.0128978
0.0129344
0.0121189
