0.00294229
0.0177852
0.0212451
0.0272368
0.0233803
0.0243546
0.0251934
0.0249283
0.0249358
0.0249465
0.0248194
0.0248864
0.0248509
0.024864
0.0224353
0.0219053
0.0228822
0.0308412
0.0264926
0.0258559
0.0209778
0.0236239
0.0265771
0.0254627
0.0247759
0.0246334
0.0257418
0.0241632
0.0237734
0.0245086
0.0242278
0.0254264
0.0248571
0.0251795
0.0257906
0.0257592
0.0241333
0.0251334
0.0256568
0.02407
0.0248451
0.0250533
0.024122
0.0241297
0.0242059
0.025155
0.0253518
0.0243184
0.0247987
0.0253037
0.0254058
0.0245748
0.0243203
0.025317
0.0249579
0.0244184
0.0252715
0.0253119
0.025203
0.025145
0.0252723
0.0252088
0.024654
0.0245525
0.0244941
0.0248337
0.0245011
0.0247542
0.0519713
0.0280053
0.0228509
0.0238369
0.0238696
0.0231938
0.0259684
0.0256879
0.0248719
0.02441
0.0250303
0.0250721
0.024598
0.024805
0.0248401
0.0248119
0.0248133
0.024862
0.024839
0.0249206
0.0248517
0.024886
0.0248359
0.0249046
0.0248944
0.0248451
0.0248201
0.0248053
0.0248946
0.0248118
0.024886
0.0248312
0.0248169
0.0248409
0.0248265
0.0248537
0.0248434
0.024873
0.0248303
0.0248804
0.0248525
0.0248279
0.0248842
0.0248604
0.0248734
0.0248852
0.0248292
0.0248814
0.0283566
0.0372187
0.0273025
0.0224978
0.0223894
0.0247984
0.0252716
0.0243652
0.025012
0.0252419
0.0247871
0.0247795
0.0249574
0.0247663
0.0247473
0.0249519
0.024929
0.0249033
0.0247895
0.0248984
0.0247845
0.0248929
0.024854
0.0249011
0.0248391
0.0249015
0.0247962
0.0248809
0.0249001
0.0248456
0.024899
0.0248328
0.024889
0.0248263
0.0248588
0.0248236
0.0248247
0.0248801
0.0248238
0.0248893
0.0248464
0.0283566
0.0393316
0.0273025
0.0225593
0.0224979
0.0242838
0.0252128
0.0238727
0.0254894
0.024934
0.024357
0.0251711
0.0249027
0.024953
0.0250046
0.0248666
0.0246249
0.0246018
0.0250734
0.0245881
0.0250943
0.0248117
0.0249114
0.0247132
0.024948
0.0246775
0.025055
0.0248031
0.02468
0.0249189
0.0246879
0.024956
0.0247387
0.024974
0.0248652
0.0249785
0.0249753
0.0247743
0.0249772
0.024737
0.0249035
0.0169514
0.014497
0.0217972
0.0277685
0.0266455
0.0240928
0.0229104
0.0251286
0.0249613
0.02476
0.0249859
0.0251528
0.0247903
0.0242985
0.0248423
0.0242986
0.0247389
0.0248015
0.0252149
0.0248289
0.0250608
0.0245017
0.0249237
0.0252293
0.0251083
0.0251035
0.0250308
0.0251362
0.0246447
0.0251372
0.0282316
0.0220633
0.0284988
0.0226005
0.0257585
0.0249858
0.023167
0.0238785
0.024071
0.024617
0.0249367
0.0246201
0.0257031
0.0256211
0.024084
0.0239541
0.0247174
0.0246242
0.0241819
0.0254132
0.0254959
0.0254301
0.0247057
0.0251677
0.0246418
0.0248178
0.0253776
0.0248896
0.02532
0.0244237
0.0250403
0.0244851
0.0247331
0.0247717
0.0247124
0.0250942
0.0246333
0.0251695
0.0250287
0.0251791
0.0282317
0.0175917
0.0185636
0.0266723
0.0225752
0.0265744
0.0243044
0.0240912
0.0251156
0.0244619
0.0248856
0.0250804
0.0250745
0.0249097
0.02492
0.0248485
0.0249361
0.0247364
0.0248352
0.0249575
0.0248769
0.0249102
0.0249048
0.0247632
0.0249148
0.0248642
0.0249147
0.024907
0.0248409
0.0247813
0.0248472
0.024883
0.0249183
0.0248866
0.0248561
0.0248091
0.0248167
0.0248991
0.0248914
0.0249011
0.0248251
0.0316056
0.0277127
0.0218117
0.023441
0.0224504
0.0235242
0.027256
0.0246615
0.0249649
0.0262634
0.0252088
0.0259914
0.0260299
0.0254558
0.0237484
0.0240918
0.0248195
0.0238882
0.0257202
0.0256484
0.0240808
0.0254049
0.0242206
0.0242554
0.0240727
0.0244436
0.0249125
0.0255259
0.0241869
0.0242349
0.0247678
0.0242409
0.0254519
0.0248962
0.0244765
0.0251705
0.0245709
0.0245594
0.0244898
0.0244628
0.025325
0.0253227
0.0245005
0.0252508
0.0252658
0.0252659
0.0252144
0.0247601
0.0247378
0.0731002
0.0228456
0.0285374
0.0258953
0.0273928
0.0237423
0.0248005
0.0226305
0.024712
0.0253289
0.0245126
0.0232542
0.023764
0.0253202
0.0259987
0.0257897
0.0255851
0.0245337
0.0254617
0.0240105
0.0243094
0.0289613
0.0215024
0.0211458
0.0261431
0.0256804
0.0256032
0.0253884
0.0249711
0.0249265
0.024913
0.025003
0.0248795
0.0247692
0.024852
0.0247926
0.0248802
0.0248436
0.024932
0.0248291
0.0247969
0.0248678
0.0247983
0.0248743
0.0247948
0.0248809
0.0169035
0.0189941
0.0276092
0.0270313
0.0254306
0.024038
0.0246591
0.025459
0.0250778
0.0249846
0.0233318
0.0246714
0.023963
0.0247664
0.0247997
0.0241614
0.0258752
0.0239454
0.0252792
0.0257366
0.0247036
0.024016
0.024042
0.0254511
0.0255804
0.024286
0.0255635
0.0243253
0.025478
0.0254851
0.0252932
0.0251879
0.0251915
0.0246424
0.0245568
0.0246155
0.02491
0.0245532
0.0252727
0.0248855
0.024439
0.0252682
0.0244518
0.0246463
0.0251399
0.025001
0.0301061
0.0187446
0.027844
0.022304
0.0245379
0.0247065
0.0247802
0.024515
0.0246248
0.0255321
0.0254208
0.0240897
0.0249696
0.0254492
0.0251086
0.0251261
0.024274
0.0251567
0.0252185
0.0252696
0.024418
0.0252605
0.0248457
0.0245035
0.0251647
0.0251927
0.0244979
0.0245827
0.0251939
0.025113
0.0250285
0.0249552
0.0246109
0.0250278
0.0246121
0.0541188
0.019915
0.0251928
0.0251219
0.0251611
0.0249905
0.0251681
0.0247506
0.0251033
0.0249725
0.0247123
0.0249971
0.0246508
0.0282317
0.0175931
0.0185661
0.0266293
0.023349
0.0258237
0.0244755
0.0232126
0.0250346
0.0236499
0.0256409
0.0248015
0.0257655
0.0244215
0.0246644
0.0251467
0.0255358
0.0241482
0.0245535
0.025481
0.0249246
0.0252553
0.0251987
0.0243049
0.0252509
0.0248579
0.0252413
0.0251857
0.0247062
0.02441
0.0247698
0.0250148
0.0252426
0.0250401
0.024836
0.0245579
0.0245996
0.0251202
0.0250715
0.0251317
0.0246499
0.0181079
0.0327171
0.0221329
0.0217604
0.0269519
0.0236653
0.0256009
0.0249466
0.0246325
0.0249863
0.0248427
0.0250183
0.0247163
0.0248654
0.0247378
0.0249457
0.0247861
0.0248968
0.024931
0.0247761
0.0247971
0.0248238
0.0248466
0.024921
0.0249147
0.024846
0.0248351
0.0248878
0.0249184
0.0248894
0.0248665
0.0249078
0.0248178
0.0248696
0.0248374
0.0367537
0.0218776
0.0283202
0.0242605
0.0202832
0.0274278
0.0258093
0.0247252
0.0247302
0.0256416
0.0250784
0.0256824
0.024014
0.0255567
0.025209
0.0254041
0.0242139
0.0244045
0.0251221
0.0243348
0.0247063
0.0243995
0.0249006
0.0253185
0.0244218
0.0245402
0.0244287
0.0249263
0.0249887
0.0251179
0.025185
0.0245227
0.0245441
0.0245863
0.0250097
0.0251119
0.0248378
0.0247301
0.0246541
0.0385119
0.0176125
0.0217395
0.0235434
0.0257336
0.0250567
0.0254139
0.0252645
0.0249298
0.0242511
0.0250814
0.0251022
0.024938
0.0296519
0.0268961
0.023047
0.0273826
0.0253529
0.0239826
0.0266879
0.0251472
0.0240542
0.0247256
0.0248453
0.0245751
0.0249253
0.0247415
0.0256218
0.0239987
0.0255237
0.0242529
0.0241127
0.0247401
0.0252736
0.0253567
0.0254863
0.0249911
0.0247752
0.0242958
0.0254013
0.0253921
0.0253695
0.0248936
0.0250358
0.0247823
0.0253242
0.025222
0.0252996
0.0249204
0.0250372
0.0246292
0.0249988
0.0245704
0.0250034
0.0248266
0.0251548
0.0251012
0.0251933
0.025098
0.0251691
0.0247631
0.0251536
0.0251017
0.0249598
0.0250157
0.0247804
0.0246388
0.0246146
0.024666
0.00302457
0.0209501
0.0221236
0.0247824
0.0248696
0.0249925
0.0246786
0.0245799
0.0253176
0.0248511
0.0243547
0.0245475
0.0245031
0.0251995
0.0250251
0.0246122
0.0251246
0.0247319
0.0248324
0.0246051
0.0174193
0.031835
0.0225377
0.0234355
0.0256321
0.0237566
0.0240909
0.0239846
0.0243783
0.025327
0.0252388
0.0252362
0.0245089
0.0252154
0.0335393
0.0194278
0.024085
0.0255151
0.0246025
0.0244525
0.0251457
0.0248966
0.0251104
0.0247297
0.0247252
0.0247259
0.0247244
0.0260622
0.0277926
0.0266825
0.0241861
0.0243604
0.0226828
0.0235099
0.0247033
0.0241053
0.0237535
0.0249
0.0244298
0.0249046
0.0248403
0.0249217
0.0240846
0.024465
0.0244038
0.0247696
0.0252094
0.0255331
0.0255239
0.02491
0.0254971
0.0242763
0.0250084
0.0253681
0.0243014
0.0253065
0.0246307
0.0246892
0.0253356
0.0253341
0.0252945
0.0244303
0.0249944
0.0244449
0.0244506
0.0249035
0.0244635
0.0251917
0.0251409
0.025219
0.0246696
0.0245126
0.0245565
0.0251487
0.0245769
0.0251175
0.0245441
0.0250714
0.0249011
0.0246209
0.0246938
0.0251418
0.0169039
0.0158668
0.0278282
0.0234279
0.0254037
0.0244121
0.0251773
0.0250747
0.0248269
0.0249911
0.0249418
0.0244602
0.0249443
0.0249771
0.0249536
0.0246361
0.024916
0.0247802
0.0248391
0.0246864
0.024795
0.024708
0.0249654
0.0249595
0.0249599
0.02474
0.0249637
0.0327647
0.0324273
0.0260122
0.0211122
0.0259819
0.0229638
0.0265449
0.0223983
0.0234423
0.0243213
0.0248861
0.0232054
0.0239556
0.0234748
0.0248645
0.0259128
0.0257385
0.0236696
0.025201
0.0256601
0.0255203
0.0330966
0.0294897
0.0251599
0.0251853
0.0250063
0.0250486
0.0236348
0.0241301
0.0256846
0.0240193
0.0254414
0.0248936
0.0247636
0.0253109
0.024446
0.0243062
0.0250351
0.0251728
0.0250557
0.0251474
0.0245115
0.0324655
0.00948396
0.0252478
0.0270937
0.0238501
0.025834
0.0231775
0.0236962
0.0249427
0.025521
0.0240023
0.0242027
0.0241583
0.0241149
0.0247654
0.0243445
0.0244477
0.0248275
0.0242725
0.0242475
0.0253809
0.025141
0.0253203
0.0246567
0.0247677
0.0248248
0.024552
0.0246135
0.02523
0.0248722
0.025192
0.024686
0.0250625
0.0250297
0.0295874
0.0201252
0.0223359
0.0247817
0.0254626
0.0255241
0.0244823
0.0252009
0.0251864
0.0250478
0.0248042
0.0247891
0.024904
0.0248286
0.0249529
0.0246387
0.0249248
0.0250284
0.0247306
0.0249797
0.0333277
0.006591
0.0249004
0.0233678
0.0253032
0.0243382
0.0250533
0.0251124
0.025025
0.024561
0.0246336
0.0247255
0.0201908
0.0278263
0.0248996
0.0250747
0.022203
0.0260356
0.026894
0.0252616
0.0249195
0.0247162
0.0239376
0.0248824
0.0258225
0.025687
0.0250746
0.0255558
0.0256666
0.0248984
0.0248317
0.0241446
0.0251013
0.0255661
0.0253627
0.0241933
0.0244422
0.0252195
0.0243831
0.0249884
0.0249045
0.0248425
0.0251064
0.0252212
0.025288
0.0243992
0.0249513
0.0251184
0.0250121
0.0249085
0.0252796
0.0244886
0.0250737
0.0245565
0.02462
0.0250939
0.0251582
0.0249588
0.0247487
0.024956
0.0249191
0.024952
0.0248702
0.0246674
0.0251679
0.0246118
0.0248583
0.0373198
0.0283357
0.0253766
0.0254623
0.0257287
0.025249
0.0242185
0.0251295
0.0249512
0.0239272
0.0239835
0.0243359
0.0241692
0.0273883
0.00844319
0.0263752
0.0244944
0.0248183
0.025065
0.0235533
0.0249813
0.02469
0.0243541
0.0242069
0.0249778
0.0245321
0.0250632
0.0249153
0.024725
0.0247257
0.0252143
0.0243961
0.0243672
0.0245898
0.0249173
0.0250902
0.024594
0.0252141
0.0252164
0.0245072
0.0250833
0.0251377
0.0245529
0.025145
0.0250003
0.0408496
0.0199415
0.0274803
0.0250839
0.02367
0.0231022
0.023374
0.0237621
0.0258457
0.0247963
0.024437
0.0247391
0.0246506
0.025368
0.024328
0.0241705
0.024815
0.0253077
0.0241275
0.0253889
0.0241925
0.0245613
0.0250977
0.0253289
0.024426
0.0251796
0.0252266
0.0247965
0.0253272
0.0243998
0.0244192
0.0247873
0.0245007
0.0245592
