0.0215605
0.0176725
0.0227775
0.0214731
0.0241194
0.0239324
0.0240118
0.0241821
0.0242201
0.0241607
0.0241793
0.0241814
0.0250374
0.0250918
0.0247402
0.0245842
0.0238682
0.0245189
0.0240801
0.0234023
0.0242602
0.0241641
0.024191
0.0241014
0.0240828
0.0242208
0.0244996
0.023645
0.0237113
0.0245418
0.0245566
0.0245357
0.0238047
0.024359
0.024456
0.0243278
0.0238487
0.0242553
0.0241286
0.0244628
0.0244549
0.0244391
0.0241776
0.0242338
0.0239426
0.0244242
0.0243017
0.0239335
0.0240062
0.0242403
0.0243508
0.0239466
0.0241827
0.0243447
0.0239816
0.0242151
0.024149
0.0240897
0.0240448
0.0243421
0.0240105
0.0240712
0.0240119
0.0240173
0.0241656
0.0240118
0.0242392
0.0252694
0.0238173
0.025195
0.023278
0.0239116
0.0247166
0.0240185
0.0242367
0.0239402
0.0239911
0.0243655
0.0242215
0.0241027
0.0241891
0.0241374
0.0241526
0.0241747
0.0241985
0.0241801
0.0241729
0.0241395
0.0241501
0.0241855
0.024163
0.0241743
0.0241536
0.0241526
0.0241844
0.0241508
0.0241614
0.0241828
0.0241658
0.0241833
0.0241512
0.0241512
0.0241835
0.0241638
0.0241593
0.0241669
0.0241647
0.0241663
0.0241683
0.0241806
0.0241543
0.0241622
0.0241632
0.024178
0.0249295
0.025032
0.02326
0.0247814
0.0247903
0.024255
0.024176
0.0240074
0.0242838
0.0243541
0.024234
0.0243017
0.0241778
0.0241408
0.0241964
0.0241958
0.024133
0.0241594
0.0241353
0.0241917
0.024186
0.0241773
0.0241872
0.0241584
0.0241852
0.0241394
0.0241418
0.0241875
0.024166
0.0241496
0.0241494
0.024168
0.0241794
0.0241561
0.0241845
0.024174
0.0241758
0.0241719
0.0241594
0.0241702
0.0241644
0.0247216
0.0250251
0.0233733
0.0247638
0.0246794
0.0242519
0.0239562
0.0241908
0.0242664
0.0242168
0.024214
0.0242145
0.0241866
0.0243074
0.0240542
0.0241701
0.0242781
0.0242006
0.0242715
0.0240736
0.0240526
0.0241622
0.0240604
0.0242112
0.0241176
0.024258
0.0242514
0.0240792
0.0241849
0.0242312
0.0242314
0.0241728
0.0241256
0.0242122
0.024102
0.0241479
0.0241403
0.0241561
0.0242008
0.0241617
0.0241826
0.0192852
0.0257507
0.0214845
0.0228679
0.0246957
0.024211
0.0239325
0.0243664
0.0241282
0.0238285
0.0237286
0.024206
0.0238389
0.0238995
0.024072
0.0239708
0.0239098
0.0243685
0.0243738
0.0239268
0.0243549
0.0243006
0.0240208
0.0243168
0.0240307
0.0240895
0.0240903
0.0242927
0.0242625
0.0242675
0.02418
0.0240337
0.0240845
0.0242428
0.0218984
0.0254006
0.0238884
0.024564
0.0250677
0.0245628
0.0248472
0.0234365
0.024177
0.0239869
0.0236483
0.0245238
0.024146
0.0244994
0.0239356
0.0244083
0.0244922
0.0239534
0.0239934
0.0238756
0.0240315
0.0239137
0.0241802
0.0240182
0.0243845
0.0243619
0.0242895
0.0239817
0.0242795
0.0239867
0.0240132
0.0241666
0.0240436
0.0242053
0.0240851
0.0243166
0.0243139
0.0243213
0.0240128
0.0240247
0.0247862
0.0225611
0.0230669
0.0249519
0.0246133
0.0242963
0.0241206
0.0241217
0.0240898
0.0239581
0.0241809
0.0242217
0.0241736
0.0241588
0.0242146
0.0241763
0.0242122
0.0241256
0.0241805
0.0241235
0.0241868
0.0241366
0.0241695
0.0241811
0.0241586
0.024144
0.0241722
0.0241631
0.0241371
0.0241384
0.0241921
0.0241944
0.0241849
0.024187
0.024142
0.0241644
0.0241792
0.0241758
0.0241548
0.0241748
0.0236617
0.0242
0.0258294
0.0244342
0.0237021
0.0242755
0.0235586
0.0234682
0.0247812
0.0242389
0.0235354
0.0238734
0.0236988
0.0237516
0.0245884
0.0238666
0.0244511
0.0238017
0.0238438
0.0245139
0.0239221
0.0245145
0.02422
0.0242055
0.0244524
0.023865
0.0240552
0.0242734
0.0244227
0.0239187
0.0240443
0.0242998
0.0239492
0.0244065
0.0240339
0.0239877
0.0240255
0.0242262
0.0241639
0.0240038
0.0239885
0.0239841
0.0243498
0.0243486
0.024291
0.0243141
0.0162922
0.0167958
0.0236211
0.0238458
0.0249708
0.0229782
0.0239341
0.0233106
0.0231196
0.0237027
0.0246701
0.0235083
0.023644
0.0236189
0.0236679
0.0242097
0.0244244
0.0204173
0.024926
0.0242364
0.0230986
0.0243541
0.0243469
0.0242006
0.0239076
0.0241442
0.0239818
0.0241689
0.0241826
0.0242029
0.0241127
0.0241844
0.0241043
0.0241133
0.0241235
0.0241338
0.0241831
0.0242005
0.0241883
0.0241323
0.0241629
0.0241629
0.0241476
0.0241388
0.024191
0.0231476
0.024168
0.0229852
0.0254951
0.0247165
0.0240162
0.0243527
0.0241549
0.0242312
0.0233955
0.0243759
0.0242558
0.024128
0.0235787
0.023693
0.0245945
0.0243101
0.0244359
0.0237546
0.0237548
0.0239808
0.0238456
0.0241261
0.0244174
0.0244898
0.0241846
0.0244643
0.0238817
0.0238889
0.0241342
0.0244212
0.0240806
0.0242019
0.0242822
0.0243922
0.0239435
0.0239275
0.0243696
0.0241972
0.0243584
0.0243502
0.0242
0.0241055
0.0241135
0.0242697
0.0243412
0.0242246
0.0242215
0.0211591
0.0213351
0.0248316
0.0242198
0.0242284
0.023413
0.0242775
0.0236503
0.0236685
0.0244829
0.0242987
0.0239858
0.0242438
0.0238236
0.0240399
0.0241523
0.0241055
0.0243351
0.0243159
0.0240548
0.0243094
0.0241004
0.0240198
0.0240109
0.024184
0.0240018
0.0240176
0.0240187
0.024152
0.0241177
0.024166
0.0242062
0.0242569
0.0241064
0.0240552
0.0245149
0.0258564
0.0245307
0.023794
0.0241788
0.0238268
0.0242981
0.0242084
0.0241718
0.0240644
0.0240227
0.0240546
0.0242421
0.0253303
0.0226838
0.0233277
0.0246879
0.02454
0.0242576
0.0244582
0.0241606
0.0242153
0.0236447
0.0244108
0.0244911
0.0242266
0.0239517
0.0244656
0.0242802
0.0244476
0.0239005
0.0242454
0.0239091
0.0242979
0.0239587
0.0241544
0.0242484
0.0240889
0.0240056
0.0241865
0.0241247
0.0239878
0.0239917
0.0243227
0.0243351
0.0242767
0.0242905
0.0240092
0.0241418
0.0242396
0.0242172
0.0240831
0.0242114
0.0231571
0.0219782
0.025258
0.023398
0.0247063
0.0238194
0.0242269
0.0240655
0.0242079
0.0240531
0.024119
0.0240885
0.0241902
0.0241063
0.0242094
0.0241898
0.0241454
0.0241441
0.0241971
0.0241994
0.0241978
0.0241433
0.0241662
0.0241944
0.0241898
0.0241427
0.02419
0.0241846
0.0241785
0.0241482
0.0239076
0.0229992
0.0222888
0.0253382
0.0249315
0.0245771
0.0243479
0.024102
0.0242478
0.0236859
0.0244038
0.0241783
0.0239107
0.0240947
0.0238663
0.0238654
0.0243052
0.0239564
0.0241029
0.0242076
0.0243567
0.0239544
0.024318
0.0241647
0.0242661
0.0240037
0.0239923
0.0240137
0.0240358
0.0240475
0.0241368
0.0242773
0.0241314
0.0240288
0.0242259
0.0242773
0.0241642
0.0241477
0.0243073
0.0256379
0.0229407
0.0232616
0.0235812
0.0244593
0.0241308
0.0243302
0.0239711
0.02438
0.0241815
0.0243303
0.0259759
0.0233356
0.0219162
0.023423
0.0241401
0.0241041
0.0235642
0.0244076
0.0243257
0.024089
0.0240551
0.0238851
0.0241986
0.0237397
0.0243387
0.0244893
0.0239454
0.0238489
0.024461
0.0238997
0.023978
0.0240454
0.0242428
0.0244071
0.0239476
0.0242775
0.0240445
0.0243597
0.0241911
0.0241563
0.0242905
0.023962
0.0239736
0.024225
0.0240013
0.0242097
0.0240443
0.0241991
0.0239891
0.0241393
0.0243167
0.0242058
0.0243284
0.0240254
0.0240193
0.0241004
0.0240349
0.0240728
0.0240386
0.024059
0.0240953
0.0241648
0.024281
0.0242777
0.0276532
0.0273728
0.0255599
0.0225241
0.0237014
0.0242743
0.023876
0.024005
0.024227
0.0243765
0.023962
0.0238904
0.0241637
0.0239761
0.0242029
0.0242712
0.0242098
0.0240426
0.0242676
0.0242459
0.0295516
0.0215121
0.0236556
0.0229461
0.0242711
0.0241299
0.0243982
0.0241615
0.0238691
0.023852
0.0238897
0.0242289
0.00500749
0.0264787
0.0250842
0.0239078
0.0243384
0.0242046
0.0239902
0.0240586
0.0242322
0.0242829
0.0242386
0.0242719
0.0241001
0.0235991
0.0258325
0.0251544
0.0242819
0.0237839
0.0239928
0.0233511
0.0242436
0.0242225
0.0240441
0.0241799
0.0242427
0.0241289
0.0241864
0.0241732
0.0242777
0.024319
0.0242916
0.0241538
0.0241533
0.0238561
0.0240134
0.0239163
0.0240714
0.0244218
0.0242974
0.0243119
0.0239187
0.024406
0.023933
0.0243124
0.0239621
0.0243325
0.0239976
0.0242905
0.0243741
0.0240589
0.0239613
0.0242355
0.0240655
0.0241073
0.0241264
0.0242586
0.0240292
0.0242061
0.0240525
0.0243207
0.0242599
0.0241952
0.0242996
0.0242878
0.0242731
0.0240528
0.024111
0.0240664
0.0274956
0.0263977
0.0234037
0.022992
0.0233508
0.0241633
0.024121
0.0242104
0.0241324
0.0240917
0.0241089
0.0240512
0.024053
0.0242045
0.0241045
0.0241887
0.0240772
0.0241368
0.0240946
0.0241794
0.0241513
0.0241218
0.0241111
0.0241452
0.0203001
0.0170766
0.0212452
0.0225297
0.0235814
0.0232281
0.0246511
0.0239988
0.0231386
0.0247125
0.0247321
0.0233709
0.0235258
0.024196
0.0246291
0.0245072
0.0236502
0.0239144
0.030595
0.0132205
0.0180856
0.0254723
0.0242029
0.0233677
0.0244645
0.0236789
0.0240495
0.0241672
0.0238077
0.024103
0.0238397
0.0238911
0.0239134
0.0241592
0.0239437
0.024139
0.024214
0.0240507
0.0216273
0.021303
0.0253591
0.0256259
0.0242197
0.0244207
0.0242282
0.0242145
0.0238159
0.0242374
0.0242377
0.0237759
0.0243613
0.023902
0.0238604
0.0238652
0.024405
0.0241671
0.0242846
0.0240206
0.0243378
0.0242314
0.0240365
0.0240598
0.0239757
0.0239907
0.0240246
0.0242987
0.0243193
0.0241368
0.0242841
0.0103307
0.027022
0.0252727
0.0241709
0.0244924
0.023857
0.0241696
0.0240033
0.0241342
0.0242209
0.0242508
0.0242672
0.0242863
0.0242188
0.0242657
0.024098
0.0241185
0.0241799
0.0241458
0.0152806
0.0237425
0.0240367
0.0241874
0.0242553
0.0238043
0.0242194
0.0239329
0.0242597
0.0239641
0.0239994
0.024041
0.0240424
0.0248215
0.0246257
0.0249493
0.0228093
0.0249215
0.0240648
0.024378
0.023464
0.0239237
0.0246655
0.0242202
0.0245131
0.0246099
0.0244638
0.0237314
0.0243991
0.0244092
0.0239566
0.0239676
0.0240444
0.0241724
0.0242018
0.0239888
0.0238971
0.0242823
0.0244299
0.0241591
0.0243488
0.0241872
0.0239913
0.0242043
0.0243855
0.0243721
0.0239691
0.0243843
0.0240301
0.0243722
0.0243419
0.0239762
0.0242891
0.024073
0.0240045
0.0241033
0.0240048
0.0243299
0.0242526
0.0243047
0.0240783
0.0242892
0.0243079
0.024233
0.0242941
0.0242929
0.0242108
0.0242883
0.0246928
0.0231329
0.0242843
0.0228954
0.0227326
0.023305
0.0234319
0.0239767
0.0242307
0.0240732
0.0237761
0.0206691
0.0258554
0.0249966
0.0239001
0.0241996
0.0242431
0.0241777
0.0238645
0.0239727
0.0243348
0.0239916
0.0242396
0.0239465
0.0243306
0.0241653
0.0239188
0.0240692
0.0243463
0.0239093
0.0242091
0.0239519
0.024197
0.0239569
0.0241842
0.0239912
0.0241994
0.0243215
0.0242321
0.0240201
0.0242314
0.0240313
0.0242833
0.0242199
0.0260832
0.025306
0.023085
0.024528
0.0242252
0.0238265
0.0244028
0.024091
0.0235763
0.0236031
0.0235977
0.0242874
0.0244724
0.0237564
0.0242835
0.0243289
0.0238966
0.0244501
0.0244306
0.0244366
0.0239026
0.0240288
0.0244286
0.0241165
0.0240267
0.024378
0.0241716
0.0242544
0.0243198
0.0241806
0.0239923
0.0239801
0.0239903
