0.034873
0.00720614
0.0109048
0.0162198
0.0154363
0.0154144
0.0148096
0.0152094
0.0150597
0.0150982
0.0151021
0.0150751
0.0136084
0.0142612
0.0161703
0.0173551
0.0156877
0.014828
0.0153057
0.0137798
0.015056
0.0158998
0.0145407
0.0146631
0.0143529
0.0157923
0.0143974
0.0153372
0.015236
0.0148377
0.0151669
0.0147158
0.014754
0.0152054
0.0145823
0.0150517
0.0154778
0.0153711
0.0147479
0.0151857
0.0148642
0.0154895
0.0154739
0.0150525
0.0153833
0.0148622
0.0150404
0.0147582
0.0149514
0.0147648
0.0150212
0.0148289
0.0148352
0.0150585
0.0151841
0.0152685
0.0153503
0.014849
0.0148301
0.0150257
0.0149047
0.0152958
0.014916
0.0149902
0.0150656
0.0152797
0.0182736
0.0123785
0.0144536
0.0157393
0.0152289
0.0144757
0.0147269
0.0150697
0.0150107
0.0151416
0.0149411
0.0151238
0.0149387
0.0150879
0.015103
0.0151175
0.015047
0.0150966
0.015044
0.015097
0.015049
0.0150502
0.015083
0.0150528
0.0150552
0.0150669
0.0150715
0.0150958
0.0150988
0.0150974
0.0151029
0.0150847
0.0150584
0.0150643
0.0150766
0.0150798
0.0150859
0.0150611
0.0150989
0.015088
0.0150907
0.015099
0.0150671
0.0150969
0.0150842
0.0150638
0.0150775
0.0129108
0.0151189
0.015305
0.0141996
0.0150428
0.0157581
0.0153907
0.0147978
0.0150881
0.0153388
0.0152056
0.0149213
0.0151722
0.0150183
0.0151381
0.0150323
0.0151158
0.0150627
0.015112
0.0151201
0.0151
0.0151059
0.0150876
0.0151076
0.0150781
0.0151072
0.0150888
0.015072
0.0150521
0.0150596
0.015103
0.0150818
0.0150969
0.015088
0.015092
0.0150846
0.0151013
0.0150963
0.0150902
0.0150618
0.0129108
0.0151189
0.0152997
0.0139119
0.0150489
0.0156952
0.0156865
0.0150024
0.0151001
0.0152016
0.0150013
0.0150629
0.0151079
0.0151557
0.0149891
0.0151706
0.015083
0.0151344
0.0150571
0.0149925
0.0150784
0.0149284
0.0150978
0.0149451
0.0151141
0.0149815
0.0150726
0.0151275
0.0151785
0.0151601
0.014996
0.0150887
0.0150248
0.0150622
0.0150444
0.0150736
0.0150055
0.0150257
0.0150504
0.0151502
0.0108684
0.00828783
0.0130429
0.0156581
0.0141154
0.0154303
0.0139385
0.0155551
0.0142539
0.01511
0.0149801
0.0152943
0.0149354
0.0153725
0.0146327
0.0153775
0.0148692
0.0152993
0.0147583
0.0151621
0.0150261
0.0152296
0.0148786
0.0153123
0.014823
0.015232
0.0149903
0.0148684
0.0149808
0.0152439
0.0149057
0.01516
0.0149525
0.0151894
0.0184715
0.0131443
0.0166206
0.0149582
0.0146341
0.0140841
0.0154694
0.0146179
0.0142624
0.0151183
0.0156524
0.0149365
0.0155826
0.0155828
0.0145907
0.0150118
0.0146631
0.0148996
0.0148001
0.0154753
0.0154584
0.0152533
0.015017
0.0152046
0.0149033
0.0151946
0.0148759
0.0151643
0.0149005
0.0148175
0.0148238
0.0149413
0.0148359
0.0151921
0.0148966
0.0152491
0.015062
0.0152541
0.0148908
0.0149759
0.0152501
0.017795
0.0137761
0.0158602
0.0158875
0.0158153
0.0155428
0.0148268
0.015328
0.0153581
0.0150753
0.0150202
0.014895
0.0151272
0.0151471
0.0150958
0.0150943
0.01509
0.0150834
0.0150924
0.0150886
0.0151362
0.0150192
0.0151013
0.0150752
0.0150591
0.0150312
0.0150514
0.015048
0.0150988
0.0150492
0.0150439
0.0151172
0.0150857
0.0150635
0.0151078
0.0150489
0.015082
0.0151062
0.0150831
0.0150991
0.0136045
0.0134579
0.0139042
0.0136202
0.0153866
0.0164528
0.0159354
0.0144175
0.0151908
0.0151748
0.0156204
0.0151123
0.01506
0.015727
0.0153947
0.0147587
0.0148992
0.015193
0.0149015
0.0145698
0.0146657
0.0147137
0.0155657
0.0154191
0.0153829
0.0149569
0.0146595
0.0154536
0.0148399
0.014842
0.0150378
0.015011
0.0149738
0.0152802
0.0153217
0.014792
0.0149989
0.0149106
0.0152439
0.0153039
0.0148945
0.0153371
0.0150412
0.01532
0.0148448
0.0152783
0.0152782
0.0149753
0.0109136
0.013558
0.0137531
0.0121088
0.0150347
0.0129996
0.0134604
0.0158923
0.0154204
0.0140471
0.0152424
0.0151383
0.0150598
0.0150596
0.0151752
0.01517
0.0145307
0.014581
0.0154973
0.0178051
0.0163883
0.0159646
0.0154083
0.0148872
0.0152249
0.0147214
0.0152498
0.0152093
0.0150875
0.0151065
0.0151407
0.0151144
0.0150871
0.0150161
0.0151316
0.0150212
0.0150306
0.0150402
0.0150433
0.015124
0.0150769
0.0151133
0.0151162
0.0150686
0.0151113
0.0150788
0.0134382
0.0149188
0.0150221
0.0149275
0.0147917
0.0160855
0.0156599
0.0143188
0.014499
0.0158746
0.0151471
0.0150484
0.01524
0.0144137
0.0145038
0.0151326
0.0149055
0.0155863
0.014844
0.0151044
0.0150611
0.0147005
0.0148572
0.0149786
0.0148715
0.0148079
0.0154641
0.0147657
0.0154104
0.015381
0.0153247
0.0153757
0.0149656
0.0151306
0.0152287
0.0150396
0.015103
0.0148624
0.0148156
0.0149122
0.0150128
0.01533
0.0153319
0.0151495
0.0149461
0.0152864
0.0148796
0.0105934
0.00958387
0.0159078
0.0138432
0.0154204
0.0157814
0.0151525
0.0152799
0.0145388
0.0149893
0.0148246
0.0147289
0.0151719
0.015338
0.0151258
0.0153672
0.0152704
0.0148218
0.0148935
0.0151845
0.0149943
0.014909
0.0150175
0.0151714
0.0152815
0.0150527
0.015084
0.0152662
0.0149917
0.0152498
0.0149783
0.0151186
0.0149559
0.0152184
0.00311994
0.0167591
0.0146143
0.0144661
0.0150781
0.0151053
0.0151563
0.0151703
0.0148827
0.0149
0.0150044
0.0151815
0.0149649
0.0183816
0.0171255
0.0127144
0.0161805
0.0141572
0.0151978
0.014995
0.0145045
0.0151154
0.0150456
0.0153545
0.0151493
0.0150406
0.0148049
0.0154792
0.0154825
0.0147028
0.0147441
0.0154274
0.0150186
0.0147934
0.0154034
0.0151324
0.0147671
0.0150986
0.0149225
0.0152966
0.0148612
0.0150441
0.0148416
0.0153155
0.015241
0.0152855
0.0149096
0.015276
0.015283
0.0152387
0.0152733
0.0149792
0.0150228
0.0124118
0.0175967
0.0162384
0.013972
0.014597
0.0149625
0.0149083
0.0150242
0.0152583
0.0152108
0.0150083
0.0151081
0.015142
0.0151
0.0150848
0.0151179
0.0151197
0.0151211
0.0150421
0.0150632
0.0151155
0.0150681
0.0150372
0.0150459
0.0151073
0.0150466
0.0151033
0.0150559
0.0150869
0.0151078
0.0151027
0.0151007
0.0151082
0.0177803
0.0129124
0.0185816
0.0163535
0.0138893
0.0146607
0.0156146
0.0151624
0.0155171
0.014775
0.0150477
0.0152636
0.0153415
0.0154239
0.0149733
0.0149035
0.0147851
0.0153581
0.014969
0.0148351
0.0153612
0.0148219
0.0153529
0.0153433
0.0148312
0.0152742
0.0148381
0.0151373
0.015272
0.0152882
0.0152156
0.0150176
0.0148995
0.015192
0.014905
0.0149353
0.0152214
0.014962
0.0150711
0.0150204
0.0152043
0.0205155
0.0211967
0.0145005
0.0149635
0.0142141
0.0152608
0.0151098
0.0144001
0.0150261
0.0146422
0.014752
0.0147743
0.0152765
0.0152789
0.0168921
0.0165671
0.0128544
0.0160827
0.015623
0.0156931
0.0145546
0.0158753
0.0152245
0.0145032
0.0152275
0.015127
0.0147178
0.0154356
0.0151602
0.0146349
0.0154995
0.0146732
0.0154712
0.0150717
0.0147514
0.0150334
0.0154336
0.0148249
0.0153979
0.0154133
0.0152032
0.0151783
0.0148293
0.0148051
0.0153563
0.0152578
0.0151395
0.015263
0.0153408
0.0148417
0.0149871
0.0151281
0.0149885
0.0152991
0.0148683
0.0152407
0.0149485
0.0150703
0.0149709
0.0149638
0.015157
0.0149336
0.0149215
0.0152498
0.0151921
0.0152122
0.0150005
0.0151503
0.0150226
0.0122597
0.01709
0.0127783
0.0136719
0.0154288
0.015094
0.015234
0.0150066
0.0151927
0.0149976
0.0152269
0.0151983
0.0148351
0.0148262
0.0150866
0.0149986
0.0149891
0.0150512
0.0150536
0.0149936
0.0149686
0.00286059
0.0172057
0.0141655
0.0140509
0.015094
0.0148816
0.0152261
0.0152637
0.0146615
0.0147005
0.0149077
0.0152981
0.0148335
0.00385362
0.0188541
0.0137981
0.0151469
0.0147849
0.0152054
0.0150912
0.0152269
0.0150251
0.015117
0.0151728
0.0151933
0.0128213
0.0170204
0.0151908
0.0164849
0.0144017
0.0135911
0.0136503
0.0144311
0.0152324
0.015105
0.0156695
0.0145915
0.0145392
0.0145646
0.0150376
0.0148896
0.0151326
0.0149869
0.0151832
0.0154617
0.0148946
0.0151206
0.0150573
0.0151191
0.0150565
0.015417
0.0153882
0.0153866
0.0147861
0.0149124
0.0150244
0.0152727
0.0149758
0.0148401
0.015237
0.0153416
0.0149139
0.0151225
0.014858
0.0152442
0.0148863
0.0152765
0.0151101
0.0152896
0.0150788
0.0152595
0.0151072
0.0149648
0.015079
0.0152104
0.0150438
0.0152356
0.0152341
0.014997
0.0180787
0.0128401
0.0151444
0.0161602
0.0155573
0.0141018
0.0149078
0.0153329
0.0150799
0.0150761
0.015046
0.0148608
0.0149299
0.0149892
0.0149284
0.015082
0.0149625
0.0149671
0.0151567
0.0151502
0.0151278
0.0151466
0.0150213
0.0151449
0.0150552
0.0151232
0.0150156
0.015022
0.0109943
0.00616442
0.0166247
0.014315
0.016476
0.0151585
0.0134795
0.0158576
0.0137025
0.0160592
0.0138031
0.0153938
0.0153375
0.0154856
0.015831
0.0144155
0.0143247
0.0148248
0.0148575
0.0155013
0.00884014
0.0185119
0.0177559
0.0141892
0.0145273
0.0145494
0.0152703
0.0147953
0.0150112
0.0154428
0.0148223
0.014908
0.0147631
0.0151231
0.0147249
0.0150861
0.0152248
0.0149324
0.0150595
0.0148965
0.0151493
0.0177551
0.0119131
0.0161616
0.014281
0.0154647
0.0152625
0.0154404
0.0155463
0.0146153
0.0145749
0.0154705
0.014598
0.0154046
0.014719
0.0147809
0.0148025
0.0150568
0.0153824
0.0149313
0.0152516
0.014836
0.0151046
0.0148039
0.0153339
0.014841
0.0149162
0.0150448
0.0152938
0.0151684
0.0151973
0.0151968
0.014928
0.0150937
0.00742243
0.0115133
0.0124303
0.0157431
0.0154475
0.0148832
0.014875
0.0150201
0.0148643
0.0152526
0.0148709
0.0150019
0.0151987
0.0151449
0.015206
0.0149815
0.0150901
0.0150131
0.0149865
0.000435036
0.00526327
0.0149982
0.0151881
0.0149198
0.0151347
0.0151239
0.0150034
0.014864
0.0152166
0.0149394
0.0151734
0.0219022
0.0161201
0.0158883
0.0162497
0.0161332
0.0149057
0.0159699
0.0151726
0.0149704
0.0147048
0.0144866
0.0150145
0.0153961
0.0145412
0.0155498
0.0150032
0.0146808
0.0146602
0.0149137
0.0147242
0.0154408
0.0150196
0.0153757
0.0153061
0.015438
0.0147717
0.0148303
0.0152443
0.0153884
0.0153877
0.0153756
0.0151162
0.0153732
0.0147947
0.0153527
0.0148801
0.0148649
0.0153236
0.0148654
0.0148748
0.014984
0.0149183
0.0152175
0.0148829
0.0149895
0.0149078
0.0150677
0.0149455
0.015255
0.0149691
0.0152218
0.0152403
0.0152182
0.00606455
0.00618166
0.0136118
0.0153043
0.0155699
0.0131653
0.0148507
0.0147155
0.014309
0.0148521
0.0152067
0.0145745
0.0161338
0.0177501
0.0121398
0.0167113
0.0156501
0.0147835
0.0149175
0.015028
0.0150857
0.0144574
0.0146259
0.0150493
0.0151906
0.0146603
0.0154051
0.0148557
0.0148791
0.0148385
0.0148022
0.0148522
0.0152624
0.0149352
0.0148331
0.0148974
0.0150675
0.0152478
0.0150681
0.0151147
0.0151579
0.0151322
0.0152439
0.0149609
0.0150447
0.0150448
0.0171341
0.015968
0.0188023
0.0155159
0.0167716
0.0150621
0.0153212
0.0153996
0.0152919
0.0151367
0.0147905
0.0156028
0.0145838
0.0155725
0.0155301
0.0146444
0.0154924
0.0149052
0.0149333
0.0154384
0.0149266
0.0147504
0.0150103
0.0147893
0.0148407
0.0153531
0.0148841
0.0152359
0.0153317
0.0151651
0.0150149
0.0152894
