0.00690788
0.0202755
0.0164778
0.0165614
0.0160971
0.0168758
0.0167841
0.0167337
0.0166586
0.0166862
0.0166483
0.0166846
0.0166853
0.014494
0.0185214
0.0152996
0.0153972
0.0162731
0.0154689
0.0158658
0.0167791
0.0163736
0.0166449
0.0164832
0.0165211
0.0168224
0.0169997
0.0172705
0.0162645
0.0172254
0.0164298
0.0172017
0.0163629
0.0169697
0.0168565
0.0162381
0.0170914
0.0164104
0.0170764
0.0166015
0.0170384
0.016325
0.0163443
0.0163941
0.0163701
0.0163542
0.0166909
0.0166651
0.0169752
0.016757
0.0169427
0.016454
0.0166874
0.0169429
0.0164686
0.0164183
0.0168658
0.0169123
0.0167122
0.0167536
0.0166759
0.0164744
0.0165052
0.0168759
0.0168133
0.016843
0.0168674
0.0168653
0.0188562
0.015734
0.0192312
0.0177635
0.0170001
0.0157089
0.017254
0.0165152
0.0166047
0.0167407
0.0165992
0.0166088
0.0166458
0.0167876
0.0166157
0.0166277
0.0166328
0.0166572
0.0166712
0.0166822
0.016645
0.0166812
0.016694
0.0167008
0.0166468
0.0166944
0.0166885
0.0166695
0.0166752
0.016652
0.016672
0.016671
0.0166729
0.0166737
0.0166713
0.016662
0.0166888
0.0166626
0.0166881
0.0166742
0.01666
0.0166828
0.0166706
0.0166642
0.0166735
0.0166593
0.0166762
0.012906
0.0173
0.0183033
0.0155225
0.0160123
0.016899
0.0167305
0.0165272
0.0168258
0.0166597
0.0167475
0.0166595
0.0166535
0.0166667
0.0166959
0.0167043
0.0166364
0.0166617
0.0166485
0.0166993
0.0166545
0.0166995
0.0166432
0.0166943
0.0166777
0.0166973
0.0166913
0.0166964
0.0166914
0.0166955
0.0166908
0.0166911
0.0166609
0.0166804
0.0166677
0.0166928
0.0166609
0.0129199
0.01678
0.0183033
0.0155341
0.0160662
0.0166917
0.0167241
0.0166761
0.0166722
0.0168908
0.0166965
0.0167121
0.016733
0.0167159
0.0166745
0.0166461
0.0167959
0.016729
0.0167633
0.0165472
0.0167513
0.0165586
0.0167786
0.0166058
0.0166793
0.016583
0.0166164
0.0165888
0.0166149
0.0165942
0.016616
0.0166142
0.0167286
0.0166585
0.0167054
0.0166072
0.0167273
0.0150191
0.0196208
0.0159602
0.0154078
0.017806
0.0158008
0.0169597
0.0165762
0.016726
0.016657
0.0167334
0.0163421
0.0163483
0.0166068
0.0163494
0.0168268
0.0167036
0.0167965
0.0166664
0.0164086
0.0164851
0.0168715
0.0166773
0.0168608
0.0168403
0.0165186
0.0167548
0.0167866
0.0166848
0.0166493
0.016816
0.0166582
0.00863093
0.0138437
0.0155978
0.0181116
0.017656
0.0163245
0.0167319
0.0167227
0.0164552
0.0171537
0.0161867
0.0169719
0.0171577
0.0165578
0.0167528
0.0170051
0.0162581
0.0166796
0.0162718
0.0164293
0.0162902
0.0163952
0.0165796
0.0169491
0.0163851
0.016821
0.0164183
0.0167727
0.0165436
0.016662
0.0168692
0.0169078
0.016895
0.0164621
0.0164662
0.0165043
0.0167011
0.0164996
0.0168431
0.0164964
0.0165055
0.0165085
0.016097
0.0155633
0.0140402
0.0168482
0.0170697
0.0162216
0.0165943
0.0166364
0.0164584
0.0167808
0.0166719
0.016555
0.0166815
0.0167027
0.0167361
0.0166494
0.0167252
0.016696
0.0166421
0.0166015
0.0167253
0.0166145
0.0167121
0.0166877
0.0167077
0.0167025
0.0167074
0.0166332
0.0167029
0.016658
0.0166858
0.0166527
0.0166556
0.0166933
0.0166892
0.0166795
0.0166913
0.0166463
0.0166918
0.0166692
0.020556
0.0193415
0.0161235
0.0134786
0.0190387
0.0171434
0.0168626
0.0167012
0.0170606
0.0166812
0.016575
0.0166791
0.0172793
0.0167218
0.0164977
0.0168548
0.0167808
0.0165864
0.017195
0.0162465
0.0163449
0.0171191
0.0166991
0.0164251
0.016934
0.0170438
0.0163181
0.0164054
0.0163273
0.0163452
0.0169832
0.016992
0.0166893
0.0164279
0.0165349
0.0169645
0.0169514
0.016568
0.0166014
0.0164199
0.0169181
0.0166279
0.016685
0.0164479
0.0168834
0.0167535
0.0164813
0.0165356
0.020355
0.0214726
0.00473763
0.0165409
0.016656
0.0159663
0.0163885
0.017169
0.0174088
0.0173706
0.0158006
0.01607
0.0159478
0.0160993
0.0161548
0.0163873
0.0161819
0.0155151
0.0140066
0.012584
0.0167188
0.015956
0.016717
0.0165996
0.0165675
0.0164939
0.0167058
0.0167455
0.0167036
0.0166957
0.0165923
0.0166835
0.0166184
0.0166923
0.0166505
0.0166686
0.0166709
0.016632
0.0166271
0.0166755
0.0166345
0.0166661
0.016663
0.0166899
0.0166441
0.0195826
0.0190366
0.0232456
0.015736
0.0158714
0.0175058
0.017663
0.0167115
0.0173384
0.0160383
0.0173595
0.0167596
0.0169921
0.0170792
0.0168052
0.0172217
0.0161315
0.0161387
0.0169599
0.0168593
0.0171355
0.0170958
0.0163461
0.0167096
0.0163791
0.0162859
0.0170426
0.0170307
0.0164084
0.0168938
0.0163337
0.0163846
0.0168019
0.0169395
0.016382
0.0165654
0.0165358
0.016425
0.0167062
0.016893
0.0165725
0.0167315
0.016864
0.0168206
0.0164647
0.0168994
0.0166455
0.0165553
0.021024
0.0182471
0.0150384
0.0147501
0.0157153
0.0168507
0.0164287
0.016239
0.0167221
0.0170533
0.0164316
0.0169665
0.0163631
0.0169129
0.0163864
0.0166027
0.0165763
0.0165669
0.0167848
0.0168116
0.0166672
0.0168954
0.0165823
0.0168183
0.0168181
0.0165122
0.0167951
0.0168143
0.0165237
0.0166024
0.0165377
0.0166747
0.0167821
0.0147991
0.0323418
0.0173555
0.0167181
0.0168899
0.0168149
0.0163661
0.0165691
0.0165313
0.0167657
0.0166322
0.0160853
0.0155601
0.0140409
0.0162679
0.0174921
0.0158204
0.0169419
0.0167111
0.016053
0.0171757
0.0167445
0.0162178
0.0167674
0.016949
0.0170446
0.0164086
0.0170159
0.0168571
0.016407
0.0163109
0.016993
0.0163556
0.0169242
0.0167455
0.016894
0.0168556
0.0168873
0.0164315
0.0168554
0.0165574
0.0167392
0.0165301
0.016547
0.0167913
0.0167638
0.0167005
0.0167779
0.0165022
0.0167812
0.0166357
0.0137241
0.0163353
0.0129715
0.0166074
0.0170846
0.0170364
0.0169947
0.0165596
0.0165699
0.0165095
0.016651
0.0167588
0.016746
0.0167181
0.0167318
0.0166143
0.0167113
0.0167012
0.0167144
0.0166232
0.0166872
0.0166787
0.0166282
0.0166938
0.0167058
0.0166856
0.0166455
0.0167017
0.0167014
0.0166478
0.0166817
0.016684
0.0166603
0.0163323
0.0157261
0.0189067
0.0157432
0.0172095
0.0161121
0.0160322
0.0166914
0.0162514
0.0167053
0.0171159
0.0163434
0.0170192
0.0164616
0.0163413
0.0169643
0.0163916
0.0169705
0.0166657
0.016893
0.0167157
0.0163979
0.0167652
0.0168218
0.0165943
0.016485
0.0164893
0.016466
0.0168061
0.0166443
0.0168304
0.0166147
0.0167279
0.0166238
0.0167787
0.0165709
0.0167899
0.016672
0.0168104
0.0168058
0.0230545
0.0167093
0.0163785
0.0167217
0.0163553
0.0168401
0.0163098
0.0168413
0.0163994
0.0164114
0.0162771
0.0172636
0.0187701
0.0154358
0.0188817
0.0171999
0.0163983
0.0172054
0.0168013
0.0172715
0.0167103
0.0165441
0.0171775
0.0162056
0.0168437
0.0171331
0.0169347
0.0168407
0.0165261
0.0170292
0.0163646
0.0164746
0.0168332
0.0166766
0.0164889
0.0163892
0.01652
0.0168518
0.0169404
0.0169205
0.0169119
0.0167389
0.016538
0.0164958
0.0167834
0.0167656
0.0165602
0.0166651
0.0168839
0.0164895
0.0168722
0.0168447
0.0168593
0.01668
0.0168543
0.0168316
0.0167895
0.0167078
0.0166056
0.0168339
0.016576
0.0165694
0.0167329
0.0167421
0.0165823
0.0169809
0.0156194
0.0164411
0.015738
0.0167189
0.0159229
0.016761
0.0165901
0.0161569
0.0168928
0.0167964
0.0163656
0.0168536
0.0165848
0.0164703
0.0167136
0.0165503
0.0167757
0.0165339
0.123542
0.0188416
0.0159543
0.0162819
0.0162121
0.0164549
0.0161672
0.0170442
0.0168204
0.0163012
0.0167224
0.0163734
0.0168418
0.055859
0.0159791
0.015464
0.0169344
0.0169213
0.0168326
0.0165292
0.0168256
0.0166661
0.0168001
0.0168005
0.0167782
0.0167239
0.0186457
0.0198929
0.0147755
0.0184511
0.0154431
0.0170531
0.016371
0.0177431
0.0162618
0.0173421
0.0163348
0.0171461
0.0167023
0.0171306
0.0162085
0.0165684
0.0167392
0.0165333
0.0167751
0.016342
0.0170511
0.0167482
0.0170102
0.0163649
0.0165305
0.0163905
0.0163968
0.0164787
0.01696
0.0164164
0.016418
0.0169085
0.0165345
0.0164999
0.0166376
0.0164422
0.0166213
0.016546
0.0166022
0.0164744
0.0167047
0.0164717
0.0168029
0.0168567
0.0168641
0.0168101
0.0165746
0.0168015
0.0165991
0.0165897
0.0168282
0.016597
0.0167796
0.0167152
0.0168106
0.0128141
0.0066909
0.0165285
0.0163145
0.0166488
0.0169602
0.0165463
0.0165726
0.0163612
0.0166961
0.0167179
0.0167559
0.0166835
0.0167161
0.0166156
0.0166826
0.0165619
0.0167154
0.0165967
0.0167353
0.0166953
0.0165934
0.0167109
0.016733
0.016727
0.0166218
0.0166138
0.0204113
0.0128439
0.0150642
0.014896
0.0178581
0.0162387
0.0153367
0.0168549
0.0161582
0.015824
0.0160079
0.0161105
0.017354
0.0171962
0.0165252
0.0160053
0.0170948
0.0161511
0.0161384
0.072444
0.0164058
0.0137804
0.0163309
0.0164307
0.0167925
0.0167154
0.0167243
0.0160824
0.0164991
0.0167844
0.016225
0.0166424
0.0163189
0.0167612
0.0167258
0.016522
0.0165729
0.0164695
0.0167676
0.0167929
0.0127768
0.0100686
0.0147063
0.0172423
0.0156443
0.0169697
0.0155338
0.0171515
0.0158301
0.0166845
0.0165566
0.0168921
0.0165127
0.0169735
0.0162139
0.0169792
0.0164468
0.0168977
0.016341
0.0167536
0.0166116
0.016825
0.0164599
0.0169124
0.0164053
0.0168287
0.0165764
0.0164535
0.0165667
0.0168426
0.016492
0.0167544
0.0165387
0.0167857
0.0181527
0.0182669
0.0169666
0.0171798
0.0171396
0.0164494
0.0168725
0.0168005
0.0168228
0.0165262
0.0167119
0.016547
0.0165948
0.0168007
0.0166533
0.0167807
0.0167692
0.0166426
0.0209591
0.0117262
0.0142869
0.0166528
0.0167143
0.0165584
0.0166194
0.016329
0.0163986
0.0167226
0.0166898
0.0167664
0.0167657
0.0138336
0.0201847
0.0155792
0.015948
0.0179002
0.017119
0.0170871
0.0165526
0.0175275
0.0161261
0.0170467
0.0167306
0.0162688
0.0165167
0.0163099
0.017136
0.0169071
0.0167279
0.0162799
0.0167754
0.0170961
0.0164858
0.0170002
0.0164254
0.0169914
0.016377
0.016771
0.0166109
0.0164416
0.0169568
0.0163826
0.0165243
0.0164834
0.0169052
0.0166393
0.0164324
0.0167415
0.0165011
0.0168303
0.0168142
0.0168791
0.0166129
0.0167864
0.016729
0.0164777
0.0166692
0.0167038
0.0164979
0.0167753
0.0165109
0.016772
0.0168346
0.0167585
0.0165768
0.0166438
0.0364034
0.00642243
0.0109515
0.0169592
0.0165337
0.0165185
0.01544
0.016786
0.015882
0.0169966
0.0167755
0.0162041
0.021047
0.0152007
0.0156739
0.0171488
0.0166746
0.0163313
0.016928
0.0171172
0.0166303
0.0160397
0.0167266
0.0163283
0.0166544
0.0163961
0.0168044
0.0165096
0.0169411
0.0168408
0.0165711
0.0165211
0.0166585
0.0166834
0.0168176
0.0165346
0.016789
0.0167906
0.0168238
0.0165795
0.0165994
0.0165356
0.0115168
0.0148709
0.0151047
0.0165129
0.0168382
0.0171101
0.015796
0.0165281
0.0165751
0.0162535
0.0169304
0.0164255
0.0169301
0.0170772
0.0169188
0.0166295
0.0170331
0.0165166
0.0163225
0.0163272
0.0165155
0.0169658
0.0163856
0.016628
0.0164488
0.0164335
0.0164919
0.0168992
0.016466
0.0165063
