0.0170894
0.024553
0.0244971
0.0211247
0.0223618
0.0230842
0.0238425
0.0242036
0.023862
0.0240515
0.0251611
0.0250995
0.025094
0.0250683
0.0250777
0.0250678
0.0250782
0.0250612
0.0250584
0.0250552
0.0250682
0.0250682
0.025072
0.0250642
0.0250722
0.0250736
0.0250655
0.0250708
0.025065
0.0250706
0.025056
0.0250704
0.0250561
0.0250691
0.0250672
0.025069
0.0250676
0.0250561
0.0250683
0.0250671
0.0250647
0.0250665
0.0250632
0.0250661
0.0250656
0.025066
0.0250625
0.0250636
0.0250655
0.0250657
0.0250655
0.0250567
0.0250653
0.025062
0.0250617
0.0250638
0.0250582
0.025057
0.0250635
0.0250627
0.0250639
0.0250599
0.0250635
0.0250634
0.0250597
0.0250613
0.0250635
0.0250587
0.0250617
0.0255084
0.0251027
0.0251157
0.025175
0.0251475
0.0251997
0.0252591
0.025142
0.0251698
0.0252009
0.0251784
0.0250892
0.0250825
0.0251994
0.0250776
0.0250355
0.0251603
0.0251053
0.0250343
0.0251545
0.0250322
0.0250263
0.0251219
0.0251124
0.0250962
0.0251199
0.0250522
0.0250765
0.0251085
0.0251017
0.025061
0.025091
0.0250651
0.0251135
0.0251038
0.0251052
0.0250838
0.0250964
0.0250917
0.0250955
0.0250891
0.0250469
0.0250439
0.025092
0.0250737
0.0250418
0.0250828
0.0250846
0.0250837
0.0250733
0.0250817
0.0250853
0.0250526
0.0250527
0.0250778
0.0250715
0.0250331
0.0250114
0.0249494
0.0250204
0.024978
0.0249883
0.0250805
0.0249491
0.0251076
0.0250569
0.0250042
0.0250453
0.0249825
0.0250233
0.0249872
0.0249966
0.0249948
0.0250026
0.0250814
0.0250169
0.0250728
0.025014
0.0250197
0.0250374
0.0250204
0.0250157
0.0250214
0.0250277
0.0250227
0.0250587
0.0250355
0.0250734
0.0250418
0.0250573
0.025032
0.0250634
0.0250587
0.025043
0.0250398
0.0250379
0.0250468
0.0250714
0.025047
0.0250385
0.0250564
0.0250709
0.0250666
0.0250484
0.0250387
0.0250105
0.025041
0.0250238
0.0250109
0.0250717
0.0250038
0.0250927
0.0250578
0.025022
0.0250514
0.0250132
0.0250395
0.0250168
0.0250196
0.0250201
0.025027
0.0250734
0.0250306
0.0250677
0.0250294
0.0250327
0.025046
0.0250333
0.025032
0.0250362
0.0250399
0.0250358
0.0250587
0.0250425
0.0250686
0.0250482
0.0250579
0.0250407
0.0250618
0.0250587
0.0250486
0.0250466
0.0250446
0.025051
0.0250674
0.0250511
0.0250452
0.0246629
0.0242385
0.0250043
0.0249315
0.0248126
0.0248766
0.0249168
0.0248694
0.0248719
0.0249101
0.0248974
0.0250021
0.0249805
0.0249528
0.0249186
0.0250146
0.0250104
0.0249365
0.0250582
0.0249736
0.0250368
0.025068
0.0250087
0.0249884
0.0249686
0.0250277
0.0249763
0.0250623
0.0250139
0.0250338
0.0250022
0.0250428
0.0249986
0.0250207
0.0250019
0.0250427
0.0249681
0.0250731
0.0249915
0.0250431
0.0250101
0.0250488
0.0250316
0.0250683
0.0250311
0.0250454
0.0250736
0.0250328
0.0250338
0.0250589
0.0250435
0.0250689
0.0250406
0.0250529
0.0250499
0.0250394
0.0250706
0.0250685
0.0250422
0.0250442
0.0250641
0.0250452
0.0250501
0.0250639
0.0250452
0.0250671
0.025055
0.025064
0.0250611
0.0250482
0.0250501
0.0250587
0.0250486
0.025051
0.0250641
0.0250591
0.0250605
0.0250512
0.0250513
0.025059
0.0250574
0.0250588
0.0249165
0.0248066
0.0249865
0.024841
0.0250846
0.0249976
0.0250668
0.0248666
0.0248905
0.0250408
0.0248755
0.0250111
0.0248917
0.0250683
0.0249167
0.0249635
0.0249223
0.0249772
0.0249676
0.0249478
0.0250081
0.0249773
0.0249732
0.0249741
0.0250636
0.0250238
0.0249829
0.0250274
0.0250258
0.025055
0.0250257
0.0250368
0.0250302
0.025004
0.0250223
0.0250655
0.0250153
0.0250382
0.0250678
0.0250631
0.025021
0.0250588
0.025094
0.0250602
0.0250842
0.0250523
0.0250611
0.0250649
0.0250672
0.0250656
0.0250621
0.0250719
0.0250666
0.0250643
0.0250714
0.0250703
0.0250674
0.0250671
0.0250608
0.0250592
0.0250658
0.0250645
0.0250573
0.0250662
0.0250639
0.0250634
0.0250609
0.0250661
0.0250552
0.0250659
0.0250654
0.0250655
0.0250633
0.0250655
0.0250565
0.0250573
0.0250637
0.0250575
0.0250628
0.0250579
0.0250624
0.0250628
0.0250619
0.0250602
0.0250615
0.0250631
0.0250617
0.0250574
0.0250625
0.0250617
0.0250604
0.0250625
0.0247734
0.0249146
0.024883
0.0247847
0.024738
0.0247971
0.0247643
0.0248543
0.0248195
0.0248985
0.0248301
0.0248798
0.0249985
0.0249327
0.0248912
0.0250121
0.024919
0.0249398
0.0249431
0.0249988
0.0250184
0.0250288
0.0214236
0.0228992
0.0239879
0.0243119
0.0242389
0.0244747
0.0246552
0.0244798
0.0250204
0.0249453
0.0247251
0.024599
0.0248934
0.0249503
0.0249657
0.0246903
0.0247261
0.0247646
0.024827
0.0248229
0.024876
0.0248389
0.0249305
0.0250198
0.0249146
0.0249473
0.0249953
0.0250067
0.0249732
0.0249008
0.0249157
0.0249251
0.0249465
0.025015
0.0249917
0.0251139
0.02506
0.0250604
0.0250636
0.0250616
0.0250631
0.0250571
0.0250677
0.0250535
0.0250665
0.0250487
0.025057
0.0250615
0.0250709
0.0250495
0.0250708
0.0250681
0.0250687
0.0250509
0.0250675
0.0250694
0.0250593
0.025066
0.0250681
0.0250677
0.0250677
0.0250674
0.0250564
0.0250668
0.0250536
0.025066
0.0250666
0.0250542
0.0250541
0.0250591
0.0250551
0.0250623
0.0250553
0.0250646
0.0250644
0.0250557
0.0250641
0.0250631
0.0250608
0.0250637
0.0250637
0.0250636
0.0250595
0.0250552
0.0250632
0.0250631
0.0250564
0.0250607
0.0250628
0.0250586
0.0246868
0.0247799
0.025013
0.0248732
0.0250858
0.0249713
0.0249696
0.0250031
0.0249539
0.0250807
0.0249833
0.0250183
0.0250031
0.0249738
0.0250486
0.0249985
0.0249892
0.0249982
0.0250015
0.0250177
0.025008
0.025068
0.0250455
0.025033
0.0250431
0.0250222
0.0250666
0.0250393
0.0250423
0.0250449
0.0250514
0.0250262
0.0250285
0.0250324
0.0250604
0.0250591
0.0250584
0.0226228
0.0236228
0.0246604
0.0246745
0.0233632
0.0241174
0.0240102
0.0238899
0.023979
0.0242502
0.0243481
0.0248501
0.0246441
0.0246323
0.0246216
0.0237528
0.0250588
0.0250588
0.0249992
0.0250082
0.024993
0.0250455
0.0249798
0.0249621
0.0249786
0.0250234
0.0250017
0.0250622
0.0250473
0.0250383
0.0249945
0.0250601
0.0250335
0.0250015
0.0250743
0.0250418
0.0250109
0.0250143
0.0250191
0.0250181
0.0250197
0.0250619
0.0250206
0.0250232
0.0250218
0.0250317
0.0250308
0.0250561
0.0250561
0.025036
0.0250319
0.0250482
0.025037
0.0250597
0.0250588
0.0250407
0.0250586
0.023823
0.0246744
0.0245128
0.0245711
0.0245768
0.024791
0.0249353
0.0248408
0.0246962
0.024705
0.0247222
0.0248519
0.0249494
0.0249608
0.0248557
0.0249094
0.0250022
0.0249956
0.024904
0.0250271
0.0250424
0.0249237
0.0249582
0.0250163
0.0249939
0.024958
0.0249794
0.0249524
0.0249823
0.0250119
0.0249644
0.0250334
0.0250603
0.0250588
0.0250498
0.0249986
0.0246246
0.0249901
0.0250217
0.0250036
0.0249973
0.0250171
0.0250344
0.0250324
0.0250307
0.0250105
0.0250719
0.0250099
0.0250066
0.0250181
0.0250325
0.0250238
0.0250199
0.025031
0.0250244
0.0250331
0.0250283
0.0250601
0.0250307
0.0250323
0.0250403
0.0250418
0.0250348
0.0250453
0.0250423
0.0250606
0.0250476
0.0250551
0.0250588
0.0250666
0.0250537
0.025058
0.025052
0.0223399
0.0230122
0.0244578
0.0234619
0.0231956
0.0239172
0.0240612
0.0245455
0.0250129
0.0244401
0.024859
0.0250588
0.0251989
0.0252682
0.0250588
0.0251372
0.0251606
0.0250886
0.0250844
0.0251196
0.0251161
0.0250854
0.0250859
0.0250928
0.0250946
0.0250685
0.0250546
0.0250511
0.0250922
0.0250847
0.0250939
0.0250568
0.0250774
0.0250547
0.0250643
0.0250833
0.0250803
0.0250807
0.0250763
0.0250815
0.0250677
0.025085
0.0250784
0.0250681
0.0250553
0.0250814
0.0250824
0.0250657
0.0250712
0.0250527
0.0250788
0.0250549
0.025056
0.0250752
0.0250715
0.025072
0.0250677
0.0250732
0.0250692
0.0250738
0.0250718
0.0250627
0.0250647
0.0250691
0.0250723
0.0250706
0.0250589
0.0250696
0.0250707
0.0250641
0.0250687
0.0250588
0.0125933
0.0242496
0.0242605
0.0241589
0.0240542
0.0249623
0.0250615
0.0242815
0.0247543
0.024504
0.0244607
0.0248358
0.0245179
0.0245693
0.0246065
0.0248079
0.0248711
0.0249287
0.0249458
0.0249733
0.024843
0.0248094
0.0248842
0.0250586
0.0234
0.0239609
0.02474
0.0247512
0.0237962
0.024355
0.0242757
0.0241974
0.0242559
0.0244439
0.0245132
0.024892
0.0247338
0.0247245
0.0247152
0.0217959
0.0220623
0.0240488
0.0215189
0.0216004
0.0213423
0.0231221
0.0248603
0.0249073
0.0233542
0.0247198
0.0250314
0.0242761
0.0246734
0.0245719
0.0243867
0.0250588
0.0250588
0.0250955
0.0253212
0.0250749
0.0250945
0.0250991
0.0250842
0.0250928
0.0250932
0.0250884
0.0250906
0.0250921
0.0250859
0.0250754
0.0250803
0.025105
0.0250623
0.0250946
0.0250953
0.0250576
0.0250901
0.0250863
0.0250729
0.025089
0.0250873
0.0250571
0.0250894
0.0250838
0.0250862
0.025067
0.0250763
0.0250508
0.0250556
0.0250849
0.0250766
0.0250822
0.0250706
0.0250704
0.0250791
0.0250717
0.025079
0.0250688
0.0250668
0.0250752
0.0250738
0.0250577
0.0250656
0.025074
0.0250722
0.025073
0.0250683
0.0250673
0.0250564
0.0250663
0.025056
0.0250714
0.0250716
0.0250725
0.0250645
0.0250588
0.0250587
0.0250523
0.0239532
0.0242391
0.0242132
0.0241893
0.0242264
0.0249608
0.0243537
0.0249312
0.0248636
0.0247997
0.0247121
0.0249997
0.0249697
0.0246828
0.0249251
0.024834
0.0248509
0.024768
0.0249154
0.0249201
0.0247888
0.0248683
0.0249436
0.0250033
0.0249659
0.0248761
0.0142789
0.024432
0.0245306
0.0247721
0.024632
0.0250313
0.024943
0.0248865
0.0249306
0.0249098
0.0248575
0.0248775
0.0250396
0.0249101
0.0249541
0.0249969
0.0249615
0.0249627
0.0249557
0.0249438
0.0250585
0.0250307
0.0249918
0.0250582
0.0235887
0.0249124
0.0240141
0.0244738
0.0243224
0.0248191
0.0246821
0.0248988
0.0245952
0.0247686
0.0245549
0.0247789
0.0247145
0.0246821
0.0249542
0.0247693
0.0250588
0.0250573
0.0250322
0.0250588
0.0249085
0.0249241
0.0248692
0.0249087
0.0248928
0.0250241
0.0250089
0.0250002
0.0249208
0.0249281
0.0249496
0.0249336
0.0249525
0.0250373
0.024958
0.0249814
0.0249943
0.0250237
0.0249885
0.0250127
0.0249887
0.0250429
0.0250017
0.0250368
0.0250043
0.0250021
0.0250204
0.0250185
0.0250299
0.0545348
0.0250588
0.0212884
0.0229138
0.0225696
0.023619
0.0219221
0.0243215
0.0245122
0.023488
0.0242857
0.0240073
0.023924
0.0249463
0.024307
0.0243802
0.0242638
0.0250698
0.0243376
0.0248408
0.0245361
0.024982
0.0246415
0.0249059
0.00938524
0.0218876
0.0244459
0.0226453
0.0224262
0.0224319
0.0239698
0.0239462
0.0243764
0.0240694
0.0248599
0.0242218
0.0243178
0.0245059
0.0249151
0.0248366
0.0250588
0.0261479
0.0250588
0.0254802
0.0251643
0.0251676
0.0251109
0.0251101
0.0251117
0.0250922
0.0250701
0.0251015
0.025084
0.025063
0.0250724
0.0250779
0.0250792
0.025088
0.025066
0.025056
0.0250859
0.0250805
0.025061
0.0250707
0.0250641
0.0250813
0.0250591
0.0250814
0.0250826
0.0250819
0.0250774
0.0250793
0.0250638
0.0250805
0.0250747
0.0250529
0.0250695
0.0250684
0.0250736
0.0250667
0.0250728
0.0250732
0.025073
0.0250661
0.0250661
0.0250649
0.0250702
0.025072
0.0250716
0.0250681
0.0250644
0.0250709
0.0250643
0.0250565
0.0250674
0.0250664
0.0250703
0.0250626
0.0250588
0.0222433
0.0231627
0.0230219
0.0236288
0.0232066
0.0246936
0.0246069
0.0249706
0.0249219
0.0246512
0.0244648
0.0250588
0.0250588
0.0232764
0.0246753
0.0249118
0.0248988
0.024822
0.0248412
0.024915
0.0248585
0.0249177
0.0248874
0.0250212
0.0248857
0.0248836
0.0249104
0.0249222
0.0249801
0.025041
0.025048
0.0249391
0.0249502
0.0249968
0.0249667
0.0250717
0.0249707
0.0249818
0.0250595
0.0250054
0.0249901
0.0250385
0.0250527
0.0250095
0.0250004
0.0250588
0.0250588
0.0247417
0.0249179
0.0248401
0.0249836
0.024962
0.0250176
0.025002
0.0250524
0.0250087
0.0249991
0.0250002
0.0250511
0.0250013
0.0250359
0.0250164
0.0250037
0.0250362
0.0250604
0.0250304
0.0250337
0.0250465
0.0250214
0.0250327
0.025043
0.0250541
0.0250284
0.0250368
0.0250601
0.0250332
0.025037
0.0250664
0.0250346
0.0250518
0.0250345
0.0250413
0.0250556
0.0250471
