0.0250378
0.0194871
0.0205115
0.020593
0.0221739
0.0211864
0.0244437
0.0242809
0.0248623
0.0248309
0.0243511
0.0239846
0.0306384
0.0250378
0.0250378
0.0250724
0.0250394
0.0250547
0.0250507
0.0250513
0.0250503
0.0250375
0.025048
0.0250501
0.0250475
0.0250408
0.025049
0.0250467
0.0250432
0.0250439
0.0250469
0.0250455
0.0250483
0.025043
0.0250463
0.025041
0.0250445
0.0250369
0.0250379
0.0250462
0.0250407
0.0250465
0.0250451
0.025041
0.0250458
0.0250362
0.0250426
0.0250411
0.0250452
0.0250415
0.0250376
0.0250385
0.0250424
0.0250435
0.0250441
0.0250439
0.0250428
0.0250409
0.0250382
0.0250423
0.0250412
0.0250425
0.0250415
0.0250425
0.0250367
0.02504
0.0250421
0.0250405
0.0250422
0.0250419
0.0250416
0.0250378
0.0250378
0.025039
0.0259152
0.0253025
0.0251644
0.025164
0.0250935
0.0251573
0.0251894
0.0250922
0.0251784
0.0250884
0.0251195
0.0250411
0.0250768
0.0250217
0.0251302
0.0251272
0.0250579
0.0250755
0.0251008
0.0250957
0.0250807
0.0250593
0.0250359
0.025074
0.0250667
0.0250839
0.0250672
0.0250237
0.0250815
0.025077
0.0250362
0.0250619
0.0250603
0.0250715
0.0250652
0.0250725
0.0250504
0.0250664
0.0250666
0.0250577
0.0250589
0.0250515
0.0250375
0.0250638
0.0250612
0.0250409
0.0250453
0.0250335
0.0250499
0.0250519
0.0250378
0.0250378
0.023659
0.0250229
0.0249476
0.0249765
0.0249113
0.0250462
0.0249549
0.0250542
0.0250518
0.0249825
0.0249468
0.025056
0.0250034
0.0250459
0.0250035
0.0249814
0.0250507
0.0249785
0.0249892
0.0250534
0.0250061
0.0250107
0.0250447
0.0250021
0.025039
0.0250439
0.0250426
0.0250221
0.0250401
0.0250423
0.0250084
0.0250081
0.0250103
0.0250417
0.0250237
0.0250126
0.0250368
0.0250298
0.0250185
0.025024
0.0250183
0.0250248
0.0250263
0.0250365
0.0250217
0.0250419
0.0250378
0.0250378
0.0243674
0.0250277
0.0249768
0.0250111
0.0249761
0.0250432
0.0250009
0.0250486
0.0250469
0.0250021
0.0249941
0.0250501
0.0250194
0.025043
0.0250149
0.0250084
0.0250463
0.0250047
0.0250108
0.0250485
0.025017
0.0250221
0.0250423
0.0250168
0.0250386
0.0250418
0.025041
0.0250269
0.0250393
0.0250408
0.0250197
0.0250194
0.0250207
0.0250404
0.0250289
0.0250221
0.0250371
0.0250326
0.025025
0.025029
0.0250251
0.0250295
0.0250299
0.0250369
0.0250271
0.0250406
0.0250378
0.025036
0.0250048
0.0250378
0.0248636
0.024908
0.0248315
0.0248578
0.0248613
0.0250124
0.0249954
0.0249603
0.0248887
0.0248979
0.0249242
0.0249032
0.0249223
0.0250051
0.0249244
0.0249472
0.0249729
0.0250057
0.0249584
0.0249822
0.0249599
0.0250265
0.0249787
0.0250086
0.0249804
0.024977
0.0249999
0.0249969
0.02501
0.0250378
0.0250378
0.024777
0.0250369
0.0250334
0.0250102
0.0250215
0.0250246
0.0250416
0.0250157
0.0250422
0.025015
0.0250474
0.0250185
0.0250314
0.0250267
0.0250407
0.0250458
0.0250373
0.0250457
0.0250276
0.0250284
0.0250287
0.0250442
0.0250292
0.0250253
0.02503
0.0250269
0.0250282
0.0250331
0.0250291
0.0250274
0.0250301
0.025031
0.0250289
0.0250293
0.0250396
0.025031
0.0250355
0.0250308
0.0250319
0.0250317
0.025031
0.0250344
0.0250393
0.0250368
0.025038
0.022896
0.0250378
0.0250378
0.0248811
0.0249856
0.024881
0.0249836
0.0249214
0.0248517
0.0248901
0.0249992
0.024907
0.0250225
0.024996
0.0249794
0.0249038
0.0250208
0.0250122
0.0249269
0.0250488
0.0249949
0.0249506
0.0249662
0.0249596
0.0249755
0.0249642
0.0250315
0.0249718
0.0249723
0.0249742
0.0249862
0.0249972
0.0250245
0.0250248
0.0250067
0.0249938
0.0250131
0.024997
0.0250324
0.0250378
0.0250384
0.0250386
0.0250675
0.0250581
0.0250434
0.0250538
0.0250419
0.0250401
0.0250464
0.0250475
0.025046
0.0250476
0.0250362
0.025041
0.0250462
0.025043
0.025047
0.0250464
0.025038
0.0250462
0.0250358
0.0250407
0.0250416
0.0250431
0.0250422
0.0250362
0.0250382
0.0250433
0.0250438
0.0250363
0.0250425
0.0250402
0.0250426
0.0250429
0.0250379
0.0250417
0.025039
0.0250422
0.0250411
0.0250393
0.0250423
0.0250385
0.025042
0.0250414
0.0250411
0.0250413
0.0250415
0.0250409
0.0250416
0.0250399
0.0250396
0.0250404
0.0155213
0.0238304
0.0245742
0.0246642
0.0247722
0.0247709
0.024748
0.0247665
0.0249695
0.024847
0.0248959
0.0249237
0.0248449
0.0248436
0.0248712
0.024887
0.0249977
0.0248951
0.0250337
0.0249333
0.0249375
0.0249391
0.0249416
0.0250378
0.0234056
0.0230899
0.0237254
0.0239681
0.024363
0.0244549
0.0244679
0.0245155
0.0245911
0.0248869
0.0249591
0.0246169
0.0246396
0.0249505
0.0246812
0.0247088
0.0248697
0.0247584
0.0249477
0.024915
0.0249902
0.0247958
0.0250021
0.0249451
0.0248836
0.0249133
0.0250288
0.0250435
0.0249057
0.0249556
0.0249668
0.0250103
0.024946
0.0249377
0.0249247
0.0250378
0.0250379
0.0250428
0.0250521
0.0250431
0.0250465
0.0250399
0.0250582
0.0250431
0.0250495
0.0250332
0.025049
0.0250474
0.0250415
0.0250392
0.0250441
0.0250362
0.025046
0.0250457
0.0250347
0.0250455
0.0250432
0.0250363
0.0250366
0.025042
0.0250398
0.0250393
0.0250392
0.0250416
0.0250433
0.0250421
0.0250414
0.0250429
0.0250426
0.0250391
0.0250398
0.025036
0.0250413
0.0250411
0.0250407
0.0250415
0.0250406
0.0250416
0.0250412
0.0250411
0.0250371
0.0250367
0.0250397
0.0250392
0.0250408
0.0250407
0.0250398
0.0250378
0.024815
0.0249481
0.0250034
0.0250142
0.0248711
0.0248951
0.0249316
0.0249401
0.0249398
0.0249606
0.024938
0.0249409
0.0249712
0.0250122
0.0249551
0.0249685
0.0249683
0.0250243
0.024989
0.0250029
0.0250088
0.0250246
0.0250423
0.025011
0.0249887
0.0249994
0.0249947
0.0250288
0.025002
0.0250119
0.0250075
0.0250254
0.0250024
0.0250045
0.0250299
0.0250301
0.0250195
0.0250118
0.0167153
0.0229781
0.0231886
0.0230051
0.0230703
0.0231551
0.0245766
0.0239335
0.0238482
0.0243685
0.0247778
0.0244773
0.0249043
0.024905
0.0247984
0.0246553
0.0248072
0.0246783
0.0250378
0.0249157
0.0250218
0.0248816
0.0249394
0.0249082
0.0249625
0.0249652
0.0250037
0.0249841
0.024956
0.0249706
0.0249773
0.025015
0.0249939
0.0250164
0.0249827
0.0249891
0.0250469
0.0249984
0.0250339
0.0250406
0.025039
0.0250112
0.0250053
0.025026
0.0250082
0.0250156
0.0250086
0.0250279
0.0250118
0.0250153
0.025015
0.0250327
0.0250154
0.0250291
0.0250168
0.0124205
0.0232094
0.0242569
0.0248182
0.0244107
0.024579
0.0249999
0.0245849
0.0248282
0.0248111
0.0247977
0.0246188
0.0249388
0.0248825
0.024986
0.0250375
0.0250525
0.0249025
0.024847
0.0250042
0.0249816
0.0250058
0.0250159
0.025001
0.0249252
0.0249629
0.0249554
0.0249388
0.0249694
0.025022
0.0249454
0.0249585
0.0249556
0.0250138
0.0249762
0.0233483
0.0248856
0.0250376
0.0250097
0.0250324
0.0249947
0.0250115
0.0250389
0.0250241
0.0249933
0.0249809
0.0249923
0.0249828
0.0249916
0.0249937
0.0249974
0.0249991
0.0250037
0.0250098
0.0250028
0.0250051
0.0250158
0.0250076
0.0250429
0.0250129
0.0250395
0.0250257
0.0250304
0.0250383
0.0250154
0.0250167
0.0250299
0.0250391
0.025017
0.0250312
0.025039
0.0250382
0.0250212
0.0250228
0.0250294
0.0250362
0.0221089
0.0243086
0.0230091
0.0237414
0.0240657
0.0249473
0.0239203
0.0242345
0.0243904
0.0247676
0.0247856
0.0262098
0.0250389
0.0250427
0.0250617
0.0250874
0.025111
0.0250491
0.0251184
0.0250603
0.0250826
0.0250535
0.0250749
0.0250765
0.0250716
0.0250749
0.025075
0.0250705
0.0250563
0.0250455
0.0250699
0.0250662
0.0250674
0.0250515
0.0250652
0.0250446
0.0250567
0.0250453
0.0250612
0.0250634
0.0250549
0.0250621
0.0250338
0.0250592
0.0250591
0.0250563
0.0250498
0.0250546
0.0250465
0.0250439
0.0250538
0.0250544
0.0250553
0.025047
0.0250359
0.0250472
0.0250534
0.0250521
0.0250469
0.0250361
0.0250502
0.0250429
0.0250375
0.0250489
0.0250452
0.0250485
0.0250477
0.025043
0.0250486
0.025046
0.0250378
0.0207263
0.0246594
0.023806
0.0240708
0.0241003
0.0240663
0.0241969
0.0248735
0.0246452
0.0249703
0.0243354
0.0245218
0.0245253
0.0246598
0.0246897
0.0247082
0.0249814
0.0247202
0.0247434
0.0249693
0.0247872
0.0248101
0.0192655
0.0237104
0.0238309
0.0236653
0.0237141
0.0237381
0.024677
0.0242212
0.0241609
0.0245233
0.0248322
0.0246047
0.0249306
0.0249312
0.0248472
0.0247364
0.0248535
0.0247536
0.0247315
0.0168295
0.0199366
0.021305
0.0244425
0.0249512
0.0228711
0.0243352
0.0240991
0.0239277
0.0240129
0.0243216
0.0249651
0.0244609
0.0250378
0.0250921
0.0250538
0.0250411
0.0250932
0.0250848
0.025058
0.0250844
0.0250351
0.0250839
0.0250743
0.02508
0.0250414
0.025064
0.0250624
0.0250717
0.0250529
0.0250749
0.0250722
0.0250706
0.025068
0.0250557
0.0250535
0.0250655
0.0250326
0.0250443
0.0250462
0.0250335
0.0250649
0.0250444
0.0250516
0.0250601
0.0250615
0.0250502
0.0250403
0.0250594
0.0250498
0.0250465
0.0250578
0.0250526
0.0250513
0.0250552
0.0250558
0.0250488
0.0250471
0.0250438
0.0250532
0.0250465
0.02504
0.0250507
0.0250428
0.0250444
0.0250485
0.0250405
0.0250418
0.0250453
0.0250494
0.0250376
0.0250479
0.0105426
0.0231888
0.0247205
0.024744
0.0244192
0.0245746
0.0242645
0.0249204
0.0243026
0.0249797
0.0249329
0.0243727
0.0246394
0.0244488
0.024816
0.0246185
0.0246305
0.0250374
0.0250374
0.024769
0.0247381
0.0249258
0.0247939
0.0248109
0.0249729
0.0250258
0.024853
0.0248615
0.0249584
0.0250376
0.0239691
0.024912
0.0248312
0.0246856
0.0247027
0.0247772
0.0247095
0.0248821
0.024982
0.0248098
0.0248251
0.0248498
0.0250183
0.024906
0.0249172
0.024915
0.0250332
0.0249605
0.0249791
0.0250158
0.0250263
0.0225455
0.024273
0.024907
0.0239306
0.0245243
0.0242844
0.0249544
0.0243756
0.0244512
0.024884
0.0248718
0.0245765
0.0246655
0.0248215
0.024848
0.0249093
0.0250378
0.0249819
0.0250261
0.0246802
0.0246402
0.0247786
0.0248641
0.024953
0.0248955
0.0249502
0.0248813
0.0248848
0.0249779
0.0249078
0.0249573
0.0249315
0.0250437
0.0250386
0.0250144
0.0249513
0.0249543
0.0249792
0.0249681
0.0249797
0.0250384
0.0249887
0.0249911
0.0250323
0.0249862
0.0249887
0.0250211
0.0250296
0.0250275
0.0250185
0.0250049
0.0245338
0.0186838
0.0211779
0.0246569
0.0230038
0.0227732
0.0229492
0.0232286
0.0234226
0.0249517
0.0248423
0.0240636
0.0241211
0.02446
0.0246185
0.0246022
0.024575
0.024602
0.0248682
0.0249738
0.0246984
0.0246725
0.0246147
0.0216009
0.0226593
0.0225955
0.0245327
0.0237784
0.0248796
0.0234333
0.0240351
0.0245947
0.0241685
0.0241543
0.0246138
0.0248763
0.0246505
0.0245297
0.0245051
0.0250378
0.0250381
0.0251869
0.0251026
0.0250529
0.0251018
0.0250979
0.025063
0.0250501
0.0250738
0.0250729
0.0250666
0.0250722
0.0250719
0.025065
0.0250701
0.0250686
0.0250514
0.0250593
0.025047
0.0250543
0.0250465
0.0250489
0.0250558
0.0250587
0.0250529
0.025038
0.0250587
0.0250583
0.0250582
0.025057
0.0250522
0.025051
0.0250556
0.025056
0.0250557
0.0250552
0.0250418
0.0250451
0.0250426
0.025048
0.0250456
0.0250419
0.0250523
0.0250357
0.0250508
0.0250438
0.0250404
0.0250508
0.0250467
0.0250463
0.0250493
0.0250459
0.0250455
0.0250489
0.0250477
0.0250473
0.0250449
0.0250049
0.0196307
0.0228373
0.0247028
0.0235368
0.0246429
0.0238156
0.024763
0.0247074
0.0243662
0.0246765
0.0248461
0.0250378
0.0243446
0.0249654
0.0249576
0.024996
0.0248741
0.0248945
0.0248755
0.024821
0.0249439
0.0248477
0.0249901
0.0249823
0.0249772
0.0248737
0.0249352
0.0249791
0.0249089
0.0249446
0.0249369
0.024925
0.024976
0.0250139
0.0249595
0.024975
0.0249753
0.0250171
0.0249665
0.0250045
0.0249719
0.0249811
0.0249881
0.0249784
0.0250388
0.0250378
0.0250174
0.0248664
0.0249926
0.0250031
0.0249226
0.0249968
0.0249691
0.0250023
0.0249748
0.0249735
0.0249881
0.0249925
0.0249891
0.0249993
0.0249929
0.0249884
0.0249931
0.0250253
0.0250027
0.0250224
0.0250058
0.0250268
0.0250095
0.0250128
0.0250159
0.02502
0.0250315
0.025013
0.0250171
0.0250128
0.0250149
0.0250202
0.0250216
0.0250321
0.0250273
0.0250202
0.025019
