0.0119756
0.00987246
0.0147003
0.0128897
0.0124709
0.0129168
0.0142777
0.0155528
0.0160296
0.0156245
0.014545
0.015819
0.0158288
0.0158186
0.015976
0.0158306
0.0157764
0.0158188
0.0157203
0.0159169
0.0157561
0.0157703
0.0158999
0.0157837
0.0158213
0.0158192
0.015836
0.0158589
0.015791
0.0158414
0.0157755
0.0158772
0.0158691
0.0158246
0.0158504
0.0158431
0.0158156
0.0158124
0.0158512
0.0158476
0.0158621
0.0157875
0.0158586
0.015782
0.0158429
0.0158574
0.0158548
0.0157859
0.015856
0.0158369
0.0158414
0.0158487
0.0158165
0.0158108
0.0158489
0.0158444
0.0158219
0.0157992
0.0157919
0.0158149
0.0157953
0.0158096
0.0158116
0.0158416
0.0158157
0.0158025
0.0158401
0.0158398
0.0158253
0.0158143
0.0160294
0.0158215
0.0141289
0.0161786
0.0153947
0.0158467
0.0147223
0.0149893
0.0152061
0.0151031
0.0156012
0.0151916
0.0165859
0.0160657
0.015324
0.0153184
0.0155163
0.0156206
0.0155623
0.0161713
0.0160325
0.0162979
0.0162836
0.0157859
0.0162287
0.0155061
0.0154524
0.0155926
0.0161586
0.0156318
0.016109
0.0155621
0.0161204
0.0161094
0.0155883
0.0160959
0.016024
0.0155796
0.0155848
0.0155905
0.0155921
0.0155937
0.0158049
0.0156238
0.0160325
0.0159167
0.0156912
0.0157371
0.0159608
0.0159699
0.0159677
0.0157123
0.0157724
0.0158186
0.0132333
0.0158571
0.0158154
0.0147235
0.0165445
0.0166238
0.015364
0.0156441
0.015174
0.0150923
0.0156489
0.0155157
0.0163807
0.016303
0.0152753
0.0154395
0.016268
0.0161404
0.0160164
0.0154208
0.0157051
0.0161662
0.0156265
0.0159228
0.0158617
0.015528
0.0159858
0.0158883
0.0155922
0.0155368
0.0160044
0.0159787
0.0156486
0.0158358
0.016041
0.0156064
0.0157064
0.0157198
0.0160103
0.0159399
0.0159931
0.0157362
0.0157374
0.0156749
0.0158186
0.0144525
0.0158341
0.0158173
0.0153109
0.0161669
0.0162683
0.0156186
0.0157402
0.0154909
0.0153911
0.0157384
0.0156734
0.0161851
0.0161552
0.0155034
0.0156118
0.0160886
0.0160056
0.0159314
0.0155451
0.0157534
0.0160471
0.0157039
0.0158811
0.0158446
0.0156196
0.0159234
0.0158615
0.0156753
0.0156306
0.0159372
0.0159213
0.0157098
0.0158294
0.0159738
0.015671
0.0157465
0.015755
0.0159491
0.0158985
0.0159401
0.0157649
0.0157656
0.0157228
0.0158186
0.0157529
0.0158173
0.0147316
0.0157398
0.0155299
0.0159645
0.0152935
0.0153707
0.0153929
0.0154502
0.0155706
0.015892
0.0156236
0.0155168
0.0160619
0.0155409
0.0160505
0.0159863
0.01596
0.0156943
0.0156428
0.0155842
0.0156021
0.0159352
0.0157302
0.0159767
0.0156663
0.0159564
0.0156707
0.0158053
0.015906
0.0156738
0.0159266
0.015687
0.0159234
0.0158186
0.0158186
0.0161573
0.0154507
0.0157918
0.0160428
0.0155207
0.0155721
0.0160072
0.015586
0.0158358
0.01603
0.0159636
0.0157882
0.0156793
0.0157158
0.0158679
0.0156813
0.0159687
0.0156643
0.0159474
0.0158644
0.0159505
0.0159504
0.0158708
0.0158408
0.0158887
0.0157915
0.0158174
0.0159085
0.0157488
0.0159217
0.015756
0.0158806
0.0159078
0.015888
0.0157306
0.0158439
0.0158956
0.0157457
0.0158899
0.0158772
0.0158632
0.0158148
0.0158596
0.0157542
0.0170365
0.0158185
0.0157794
0.0143914
0.0160899
0.0161732
0.0160459
0.0161112
0.0154197
0.0153203
0.0159684
0.0153336
0.0154044
0.0160345
0.0153357
0.0155115
0.0159528
0.0159452
0.0154373
0.0161453
0.0154357
0.0155798
0.0154937
0.0159844
0.0155551
0.0160042
0.0160271
0.0160511
0.0160353
0.015849
0.0158212
0.015772
0.01589
0.0156982
0.0159384
0.01564
0.0156401
0.0156548
0.0156427
0.0158881
0.015828
0.0158186
0.0158176
0.0157665
0.0158253
0.0159696
0.0157234
0.0158648
0.0157277
0.015828
0.0157533
0.0158945
0.0158667
0.0158309
0.0158219
0.0158085
0.0158803
0.015761
0.0158787
0.0157867
0.0158196
0.0157913
0.0158672
0.0158308
0.0158693
0.0158631
0.0157743
0.0157775
0.0158343
0.0158537
0.0158556
0.0157991
0.0158573
0.0158554
0.0158485
0.0157993
0.0158482
0.0158465
0.015852
0.0158334
0.0158417
0.0158267
0.0158482
0.0158137
0.0158471
0.0158415
0.0158089
0.0158235
0.0157972
0.0158083
0.0158014
0.0158411
0.0158297
0.0158387
0.0158186
0.0123804
0.0151904
0.0151976
0.0156128
0.0157141
0.0153754
0.0154049
0.0157236
0.0155205
0.0155919
0.0157763
0.0156922
0.015958
0.0156129
0.0155976
0.0156703
0.0156319
0.01566
0.0157792
0.0156699
0.0157503
0.0156869
0.0105388
0.0100808
0.0157656
0.0156683
0.0153901
0.0143113
0.0158674
0.0145633
0.0146099
0.0152175
0.0157579
0.015934
0.0162216
0.0156808
0.0151742
0.0159493
0.0153306
0.0155465
0.0153036
0.0155246
0.0154737
0.0153618
0.0153615
0.0160681
0.0154999
0.0155743
0.0160461
0.015934
0.0155138
0.0158638
0.0155613
0.0158084
0.015591
0.0158927
0.0163921
0.015741
0.0159846
0.0158148
0.0156736
0.015817
0.0156101
0.0157415
0.0159601
0.0159288
0.0158411
0.0157663
0.0157702
0.0159123
0.0159176
0.0158451
0.0157207
0.0159128
0.0158405
0.0159062
0.0159064
0.0158248
0.0157816
0.0157385
0.0157675
0.0157534
0.0157524
0.0157529
0.0157596
0.0158666
0.0157706
0.0158508
0.0158743
0.0158404
0.0157866
0.0158698
0.0157976
0.0158713
0.0157925
0.0158662
0.0157824
0.0158611
0.0158642
0.0158235
0.0158066
0.0157922
0.0158152
0.0157924
0.0158387
0.0158394
0.0157936
0.015795
0.0158326
0.0158
0.0164854
0.01632
0.0162171
0.0154484
0.0154398
0.01595
0.0160796
0.0155694
0.0160508
0.0160583
0.0155182
0.0156004
0.0155724
0.0155636
0.0159496
0.0158011
0.01601
0.0160031
0.0157926
0.0159271
0.0156859
0.0157683
0.0159624
0.0157514
0.0156605
0.0156575
0.0156735
0.0156784
0.0157085
0.0156821
0.0158508
0.0159155
0.0156985
0.0157365
0.0157471
0.0158846
0.0121927
0.0131924
0.0140684
0.0161264
0.0154158
0.0164058
0.0145776
0.014872
0.0146464
0.0151151
0.0151968
0.0154704
0.0151441
0.0156035
0.0165602
0.0158186
0.015824
0.0149356
0.0159469
0.0159939
0.0159275
0.0159639
0.0156394
0.0155049
0.0158939
0.0155187
0.0156158
0.0159317
0.0155561
0.0156618
0.0158909
0.0158875
0.0155853
0.0160154
0.0155975
0.0156899
0.0156192
0.0159145
0.0156687
0.0159268
0.015942
0.0159595
0.0159496
0.0158369
0.0158212
0.0157932
0.0158607
0.0157506
0.0158899
0.0157143
0.0157076
0.0157217
0.0157127
0.0158602
0.0158186
0.012664
0.0140918
0.0143581
0.014643
0.0147927
0.0154261
0.0146113
0.0153531
0.0161327
0.0164847
0.0148497
0.0158569
0.0163259
0.0163118
0.0151868
0.0161952
0.0153521
0.0155627
0.0158901
0.0154289
0.0161392
0.0158612
0.0158358
0.0160667
0.0161049
0.0155334
0.0157239
0.0160181
0.0160331
0.0158307
0.0155701
0.0160051
0.0156126
0.0147238
0.0155227
0.0158166
0.0158255
0.0158253
0.015468
0.0158188
0.0155852
0.0157281
0.0154875
0.0155588
0.0156563
0.0158615
0.0159497
0.0159581
0.0158774
0.0160089
0.0156138
0.0159625
0.0156762
0.0159772
0.0156853
0.0157262
0.0159548
0.015944
0.0157679
0.01582
0.0159414
0.0156946
0.0157213
0.0157396
0.0159218
0.0158036
0.0158852
0.0157284
0.0157586
0.0158801
0.0158473
0.0158312
0.00140362
0.0140213
0.016217
0.0137627
0.0158452
0.016142
0.0149795
0.0150682
0.015311
0.0158188
0.0158192
0.015836
0.0159933
0.0158199
0.0159504
0.0158374
0.01582
0.0158111
0.0160231
0.0159789
0.0157725
0.0157564
0.0159783
0.0157507
0.0158269
0.0157091
0.0158953
0.0159483
0.0159107
0.0159331
0.0158714
0.015901
0.0158955
0.0158165
0.0158005
0.0157853
0.0159221
0.0158128
0.0159184
0.0157317
0.0157607
0.0159119
0.0158336
0.0158421
0.0157711
0.0157428
0.0158853
0.0157691
0.0158928
0.0158916
0.0158832
0.0157688
0.015879
0.0158474
0.0157814
0.0157613
0.0158777
0.0158734
0.0158663
0.0158066
0.0158321
0.0157817
0.0157705
0.0157975
0.0158381
0.0158025
0.0158109
0.00916057
0.0163262
0.0150733
0.0144106
0.0151738
0.0164486
0.0147724
0.0147187
0.0147536
0.0152226
0.0155869
0.0158904
0.0150341
0.0152482
0.0152195
0.015437
0.0155807
0.0156181
0.0155951
0.0155208
0.015923
0.015505
0.0124018
0.0152211
0.0148164
0.0140666
0.0140513
0.0161
0.0147151
0.0144843
0.0145989
0.0153034
0.0156466
0.0152876
0.0161302
0.0152221
0.0158558
0.0158539
0.0154111
0.0152825
0.013071
0.017038
0.0106487
0.0117068
0.0127061
0.0126883
0.0160711
0.0145362
0.0150006
0.0157251
0.0145338
0.0153539
0.0145645
0.0149302
0.016071
0.0151066
0.0158191
0.0158186
0.0158188
0.0164527
0.0160506
0.0159351
0.0157554
0.0157286
0.0157257
0.0157092
0.0159341
0.0160089
0.0159214
0.0157232
0.0158898
0.0157948
0.0159753
0.0156687
0.0156853
0.0157199
0.0158479
0.0157652
0.0156996
0.0157073
0.0157855
0.0158531
0.0157147
0.0157094
0.015931
0.0158484
0.0159233
0.0157181
0.0158191
0.0158562
0.0159173
0.0157344
0.0157601
0.0157473
0.0157476
0.0157818
0.0158624
0.015877
0.0158426
0.015857
0.0158374
0.0158887
0.0157674
0.0158779
0.0158691
0.0157764
0.0158422
0.0158189
0.0158766
0.0158231
0.0157657
0.015875
0.0158046
0.0158098
0.0154763
0.0160481
0.0160803
0.0155597
0.0142965
0.0164372
0.0150773
0.0161405
0.0150079
0.015694
0.0154821
0.0154311
0.0162506
0.0161999
0.0152309
0.0152853
0.0154379
0.0152678
0.0154055
0.0153702
0.016013
0.0159806
0.0155552
0.0154613
0.0158919
0.0158064
0.0158879
0.0157426
0.0145598
0.0151302
0.0154033
0.0152283
0.0153613
0.0154058
0.0159862
0.0154753
0.015677
0.0155766
0.0156023
0.0158817
0.0159758
0.0158317
0.0155988
0.0157766
0.0156302
0.0156446
0.0157819
0.0158002
0.0157125
0.0158719
0.0158093
0.0160275
0.0163556
0.0148369
0.0152856
0.0158443
0.01535
0.0153784
0.0150528
0.0159287
0.0150761
0.0160111
0.0159974
0.0152607
0.015618
0.015664
0.0158164
0.0154311
0.0155977
0.0157024
0.015315
0.015645
0.0157217
0.0153649
0.0154532
0.0159318
0.0154156
0.0160402
0.0160386
0.0157365
0.0159078
0.0155501
0.0157471
0.0159538
0.0159438
0.0156267
0.0156211
0.0159326
0.0157153
0.0159085
0.0156517
0.0159202
0.0156668
0.0158143
0.0156839
0.0159258
0.0157176
0.0158151
0.0158851
0.01579
0.00510559
0.0147971
0.0149052
0.0128168
0.016263
0.0128327
0.0113939
0.013011
0.0164612
0.0148069
0.0162521
0.0145966
0.0143085
0.0143722
0.0158823
0.0160955
0.0149443
0.0161351
0.0159158
0.0157403
0.0161934
0.0152036
0.0152661
0.0152748
4.27231e-05
0.0119921
0.0121073
0.0129864
0.0129459
0.0134883
0.0146967
0.013727
0.0147381
0.016057
0.0148593
0.0152555
0.0148395
0.0158894
0.0151353
0.0152171
0.0158567
0.0158265
0.0158203
0.0160974
0.0158222
0.0157863
0.0158375
0.0160156
0.0160063
0.0159817
0.0157259
0.0157428
0.0159643
0.015684
0.0156941
0.0156907
0.0157594
0.0159146
0.0157935
0.0158233
0.0158797
0.0158149
0.0158805
0.0158501
0.0158751
0.0159108
0.0157849
0.0159136
0.0159093
0.0159069
0.0158281
0.0158646
0.0157478
0.0157638
0.0158851
0.0158597
0.0157934
0.0158834
0.0158849
0.0157858
0.0158266
0.0157849
0.0158668
0.0157822
0.0157782
0.0158379
0.0158119
0.0157912
0.0157986
0.0158639
0.0158187
0.0158437
0.0158578
0.0158553
0.015804
0.00270298
0.0138728
0.0159373
0.0147686
0.0137573
0.0147485
0.0142965
0.0148298
0.0158168
0.0153443
0.015017
0.0152691
0.0158042
0.0158178
0.015644
0.0159487
0.0159648
0.0161314
0.01517
0.0152347
0.0157514
0.0158611
0.0152844
0.0154839
0.0156101
0.0159161
0.0161256
0.0158457
0.0155021
0.0154754
0.0160777
0.0155445
0.0155936
0.0160215
0.0158788
0.0159689
0.0159201
0.015615
0.0156271
0.0156765
0.0159766
0.0156385
0.0157713
0.0158573
0.0159377
0.0157564
0.0156782
0.0158185
0.0157755
0.0158123
0.0158035
0.0159785
0.0157612
0.0159695
0.0155265
0.0159737
0.0158348
0.0155465
0.0160491
0.0156576
0.0158965
0.0156274
0.0158138
0.0156497
0.0156884
0.0159513
0.0157882
0.0157573
0.0158992
0.0157292
0.0159258
0.0159211
0.0158787
0.0156924
0.0158871
0.0159224
0.0158813
0.0159048
0.015846
0.0158506
0.0158722
0.0157982
0.0157278
0.0157959
0.0158909
0.0157535
