0.00209031
0.00428493
0.00558998
0.00113907
0.0017306
0.00139378
0.00479635
0.00277323
0.00410092
0.00437955
0.00406802
0.00437927
0.0043605
0.00448175
0.00461812
0.00412538
0.00430489
0.00414496
0.00434651
0.0045151
0.00443605
0.00429478
0.00447092
0.00458545
0.00418461
0.00435755
0.0042871
0.00422271
0.00434668
0.00424153
0.00428982
0.00423417
0.00423248
0.00424428
0.00442569
0.00451634
0.00447049
0.00424812
0.00441724
0.00430194
0.00448855
0.00426708
0.00430995
0.00447587
0.00444005
0.00446451
0.00440844
0.00428651
0.00445619
0.00447302
0.00438744
0.00434452
0.00447133
0.00441362
0.00429719
0.00432225
0.00446101
0.00440047
0.00445338
0.00432513
0.00436552
0.00432637
0.00444503
0.00437548
0.00439418
0.00433085
0.00435271
0.00443478
0.00443691
0.00437955
0.00442901
0.00424584
0.00726454
0.00707483
0.00259428
0.00406503
0.00694509
0.00359719
0.00232047
0.00303574
0.00227924
0.00651944
0.00281028
0.00448957
0.00599707
0.00359161
0.00304806
0.00322824
0.00317428
0.00381017
0.00300488
0.0056904
0.00322163
0.00480836
0.00552212
0.00516039
0.00339201
0.00536345
0.00534019
0.00483773
0.00411871
0.00377374
0.00378041
0.00487844
0.00362439
0.00504688
0.00495001
0.00392664
0.00391228
0.0038385
0.00457697
0.00431333
0.00459509
0.00487196
0.0048711
0.00427385
0.00386108
0.00480008
0.00393953
0.00478363
0.0043118
0.00857913
0.00254288
0.0052767
0.00181938
0.00204787
0.00372438
0.005365
0.00643749
0.00244696
0.0060594
0.00301591
0.0058294
0.00414036
0.00294736
0.00446005
0.003815
0.00566926
0.00306906
0.00556451
0.0032301
0.00436785
0.00340556
0.00449214
0.00437042
0.00342943
0.00530626
0.00487014
0.00494093
0.00406478
0.00466493
0.00368918
0.00422487
0.00370919
0.00497738
0.00491763
0.004155
0.00379124
0.00487488
0.00381611
0.00451145
0.00387918
0.00390662
0.0048254
0.00440114
0.0068783
0.00352575
0.0047752
0.00282087
0.00313517
0.00409541
0.00483203
0.00570914
0.00309384
0.00550312
0.00367694
0.00538659
0.00425713
0.00343634
0.00442278
0.00407349
0.00523238
0.00354472
0.00516671
0.0035991
0.00437298
0.00371519
0.00444577
0.00437418
0.00373106
0.00500551
0.00468371
0.00473378
0.00418556
0.00455708
0.00393167
0.00428258
0.00391696
0.004794
0.00473773
0.00423624
0.00398518
0.00470767
0.00399845
0.00446479
0.00404089
0.00406195
0.00467993
0.00439355
0.0055349
0.0025414
0.00471651
0.00343303
0.00383931
0.00375912
0.00553541
0.00336025
0.00333286
0.00357816
0.00508709
0.00441933
0.00516047
0.00513311
0.00430574
0.00409807
0.00403953
0.00410069
0.00393661
0.00374497
0.00414031
0.00482849
0.00493233
0.00475974
0.00440006
0.00413952
0.00479281
0.00397673
0.00397578
0.00407246
0.00470085
0.00428908
0.00406477
0.00420822
0.00337571
0.00523601
0.00390827
0.0051023
0.00434462
0.00429403
0.00360492
0.00490063
0.00363702
0.00478883
0.00367885
0.00375884
0.00496037
0.00467495
0.0038374
0.00448623
0.0039345
0.00392728
0.0040805
0.00392275
0.00469661
0.00438512
0.00438511
0.00401319
0.00402042
0.00402827
0.00446909
0.00421113
0.00460928
0.00408593
0.00409053
0.00447562
0.00411806
0.0046087
0.00416402
0.00427904
0.00414893
0.00416117
0.00451173
0.00419488
0.00419886
0.00439118
0.00430552
0.0045408
0.004243
0.00437788
0.0059742
0.0054484
0.00326061
0.00288316
0.00533822
0.00627491
0.0062317
0.00395423
0.00551065
0.00270772
0.00306298
0.00287975
0.00563095
0.00510499
0.00309461
0.00524011
0.00329792
0.00349278
0.00526048
0.00478787
0.00439943
0.00455158
0.0041991
0.00466097
0.00365584
0.00378982
0.00461234
0.00422578
0.00378339
0.00383069
0.00381782
0.00489999
0.00436242
0.0048526
0.00399839
0.00473215
0.00437955
0.00483925
0.00435033
0.00414282
0.00449415
0.00464618
0.00425109
0.00455687
0.00414617
0.00462047
0.00461336
0.00421475
0.00416376
0.00438818
0.00451328
0.00443923
0.004331
0.00449191
0.00422038
0.00449931
0.00422666
0.00453234
0.00431033
0.00443873
0.00449629
0.00450709
0.00444502
0.00427983
0.00428157
0.00441638
0.00437674
0.00446246
0.00442865
0.00427885
0.0043007
0.00447467
0.00446224
0.00446624
0.00441101
0.00432221
0.00436839
0.00435256
0.00432445
0.0044198
0.00445239
0.00431208
0.00443583
0.00444696
0.00432705
0.00431911
0.00434692
0.00443802
0.00390051
0.0041989
0.00426965
0.0042381
0.00492927
0.00396776
0.00451731
0.00366998
0.00404974
0.00394235
0.00432733
0.00479012
0.0039359
0.00451853
0.00390526
0.00446154
0.00400801
0.0039749
0.00460962
0.0042996
0.00407821
0.0040883
0.00463319
0.00410875
0.00233359
0.00163465
0.000812987
0.000997142
0.00106634
0.00382919
0.00659833
0.00169352
0.00581197
0.00480868
0.00267974
0.00575376
0.00570744
0.00325595
0.00277333
0.00537786
0.00546257
0.00320134
0.00312836
0.00352897
0.00355889
0.00328183
0.00350154
0.00410789
0.00347646
0.00513503
0.00381588
0.00374353
0.00470736
0.00498209
0.00369175
0.00488969
0.00424588
0.00399237
0.00437955
0.00427528
0.00459658
0.00422177
0.00420188
0.00463357
0.00468701
0.00470914
0.00439021
0.00470949
0.00439114
0.00403541
0.00430105
0.00419148
0.00454634
0.00456369
0.00462515
0.00448298
0.00453936
0.00445022
0.00413789
0.00418363
0.00430659
0.00457714
0.00421084
0.00422156
0.00445719
0.00456799
0.00435688
0.00421667
0.0041956
0.00447411
0.00421986
0.00453817
0.00452419
0.00439216
0.00449426
0.00447626
0.00429623
0.00437994
0.00446619
0.00443188
0.00434632
0.00449882
0.00427106
0.00437533
0.00433045
0.00445239
0.00433423
0.00444965
0.0043159
0.00437376
0.00443088
0.00389355
0.00549757
0.00534016
0.00372305
0.00413398
0.00457855
0.00333333
0.00539665
0.00484983
0.00455727
0.0035484
0.00356234
0.00407484
0.00395177
0.00389766
0.00480312
0.00500402
0.00366907
0.00370084
0.00410868
0.00380345
0.00491941
0.00481128
0.0048566
0.00486561
0.00387828
0.00480719
0.00473011
0.004416
0.0041879
0.00407758
0.00415009
0.00457219
0.00466583
0.00453126
0.00446967
0.00459993
0.0044598
0.00462779
0.00274329
0.00430752
0.00397701
0.00602265
0.00620836
0.00154911
0.00168783
0.00571007
0.00249592
0.00201399
0.00597678
0.00243557
0.00298445
0.00548801
0.00443239
0.00375487
0.00432277
0.00437888
0.00515669
0.00486789
0.00389854
0.00371715
0.00481799
0.00552711
0.0054098
0.00419688
0.00493984
0.00345868
0.00370638
0.00352354
0.0050846
0.00475003
0.00360329
0.00484312
0.0036982
0.00391568
0.00490383
0.00460367
0.00439192
0.00447514
0.00428257
0.00453801
0.003938
0.00403919
0.00451302
0.00429306
0.0040146
0.00405423
0.00403948
0.00469779
0.00437055
0.00467119
0.00415315
0.00459169
0.00437706
0.00769166
0.00588465
0.00133511
0.00603918
0.00591019
0.00163162
0.00223988
0.00583106
0.00548913
0.00600287
0.00585217
0.00580503
0.00401319
0.00356498
0.00560328
0.0031715
0.00547745
0.00326541
0.00516365
0.00517686
0.00535896
0.00346253
0.00369215
0.0044468
0.00368534
0.00448638
0.00505807
0.00486393
0.00502002
0.00369425
0.00371519
0.00375145
0.0047399
0.00437963
0.00426816
0.00412452
0.00542011
0.00470437
0.00466729
0.0051633
0.00338916
0.00517792
0.00453142
0.00407015
0.00368158
0.00502068
0.00490894
0.0042391
0.00373815
0.00375709
0.00377629
0.00419196
0.00476549
0.00441226
0.00391926
0.00457222
0.00433241
0.00394223
0.00410008
0.00407084
0.00477931
0.0044006
0.00401775
0.00452231
0.00406862
0.00443053
0.00418656
0.00410896
0.00421239
0.00409391
0.00443067
0.00453799
0.00414989
0.00458779
0.00411743
0.00589849
0.0008536
0.00146662
0.00503354
0.00299741
0.00343692
0.00517007
0.00389584
0.00551101
0.0050833
0.00395415
0.00437955
0.00417153
0.00441589
0.00426086
0.00487082
0.00397148
0.00487069
0.0038821
0.00390557
0.00454368
0.00444553
0.00413052
0.00444983
0.00449484
0.00417405
0.00412491
0.00428894
0.00475771
0.00405841
0.00471283
0.00411324
0.0042537
0.00470548
0.00409677
0.00440019
0.00467631
0.00460374
0.00417211
0.00412969
0.00444748
0.00419288
0.00412589
0.0043217
0.00434165
0.0043335
0.00456345
0.00459232
0.00418738
0.00416919
0.00420216
0.00443071
0.00439278
0.00419222
0.00425351
0.0042019
0.00451035
0.00420499
0.00450414
0.00432907
0.00453132
0.00424976
0.00447343
0.00452375
0.0043579
0.00451785
0.00443019
0.00425293
0.00432599
0.00199693
0.000381759
0.00392954
0.00254405
0.0060271
0.00378696
0.00268143
0.0040071
0.00233466
0.0029199
0.00533081
0.00345269
0.0054625
0.00317725
0.00324509
0.00411379
0.00497063
0.00518073
0.00411898
0.00408225
0.00489383
0.0041509
0.00334918
0.00430609
0.00408955
0.00558907
0.00577357
0.00214249
0.00225012
0.00541469
0.00287106
0.00258379
0.00565951
0.00287729
0.00326557
0.00527233
0.00442023
0.00389152
0.00368965
0.00373068
0.00279551
0.00747396
0.00583238
0.00479516
0.000620586
0.00157492
0.00661251
0.00186591
0.00607229
0.00168604
0.00232244
0.00225227
0.00284039
0.00556062
0.00487844
0.00436187
0.00387276
0.0043868
0.00362547
0.00415349
0.00355276
0.00522579
0.00460439
0.00509684
0.00451415
0.00476664
0.00446239
0.00387708
0.00430928
0.00408166
0.00427265
0.0039163
0.00392152
0.00391989
0.0039251
0.00401425
0.00479103
0.00467864
0.0043477
0.00434849
0.00473422
0.00403679
0.00403201
0.00418357
0.00471542
0.00471164
0.00441756
0.00435389
0.00407338
0.00409534
0.00459728
0.00429821
0.00454595
0.00411704
0.00420597
0.00461623
0.00458065
0.00424823
0.00448547
0.00421008
0.00419054
0.00439507
0.00451302
0.00456709
0.00429497
0.0042088
0.00421483
0.0044672
0.0042034
0.00423742
0.0043004
0.00453862
0.00421474
0.00453466
0.00452976
0.00406302
0.00468196
0.000286062
0.0067385
0.00214912
0.00338479
0.00228923
0.00170241
0.00196496
0.00480819
0.00262177
0.00265948
0.00281551
0.00264579
0.00319811
0.00320493
0.0048048
0.0040831
0.00493814
0.00342383
0.00505543
0.00352658
0.00441677
0.00403677
0.00366061
0.00488521
0.00403521
0.00227664
0.00368258
0.00422175
0.0035024
0.00461782
0.00491491
0.0047712
0.00362081
0.00488101
0.00483615
0.00369712
0.00385787
0.00473263
0.00460033
0.00392043
0.00419428
0.00459489
0.00439948
0.00421822
0.00436655
0.00408647
0.0046315
0.00267477
0.000180647
0.000412309
0.00486949
0.00156516
0.00565097
0.00271628
0.00514986
0.00260465
0.00287079
0.00288911
0.00511288
0.00453978
0.00335218
0.00351038
0.00353519
0.00390008
0.00436989
0.00438207
0.00504253
0.00358609
0.00482979
0.00473798
0.00484409
0.00395896
0.00452475
0.00372701
0.00498516
0.00355533
0.00358344
0.00393187
0.00370721
0.00403785
0.0039081
0.00425184
0.00484408
0.0040593
0.0042091
0.00458187
0.00480668
0.00458431
0.00470669
0.00396257
0.00417317
0.00422306
0.0046488
0.00401431
0.00406775
0.00460177
0.00435539
0.00533733
0.00164784
0.00608983
0.00849463
0.000159575
0.00343511
0.006155
0.00155889
0.00246344
0.00133964
0.00155979
0.00657307
0.00160757
0.00204789
0.00609836
0.00273952
0.00235819
0.00415386
0.0024574
0.0055854
0.00397938
0.00354875
0.00466092
0.00515204
0.00371072
0.00809279
0.00353411
0.00560554
0.0052038
0.00349721
0.0062729
0.00637561
0.00185456
0.00607063
0.00558962
0.00501421
0.00464654
0.00512543
0.00366685
0.00471762
0.00360844
0.00506319
0.00510578
0.00442883
0.00423538
0.00461647
0.00432536
0.00469603
0.00399124
0.00447216
0.00396132
0.00456876
0.00403066
0.00417468
0.00478407
0.00412807
0.0047621
0.00457388
0.0047217
0.00438336
0.00467907
0.00454436
0.00426442
0.00455509
0.00411628
0.00434104
0.00434179
0.00414157
0.00430015
0.00426853
0.00415893
0.00432029
0.00460902
0.00455762
0.00414881
0.00460555
0.0042618
0.00450415
0.00420592
0.00455759
0.00425206
0.00420534
0.00438765
0.00439337
0.00447055
0.00425081
0.00450847
0.00452956
0.00441288
0.00442739
0.00448907
0.00423688
0.00450974
0.00437611
0.00439603
0.00430668
0.00425057
0.00445966
0.00436482
0.00324679
0.000881131
0.00514449
0.00278246
0.00284183
0.00299209
0.004602
0.00316968
0.00326476
0.00338423
0.00200524
0.00448971
0.00348608
0.00424911
0.00279229
0.00546383
0.00310476
0.00305365
0.00491704
0.00336384
0.00327959
0.00534987
0.00371847
0.00499198
0.00343931
0.00345753
0.00481067
0.0035918
0.00509608
0.00504278
0.00477778
0.00373588
0.00371533
0.00379319
0.00379166
0.00425433
0.00432073
0.00385649
0.0038644
0.00481729
0.00412031
0.00463353
0.00405767
0.0045854
0.00399612
0.0044578
0.0040542
0.00556897
0.0054902
0.00350435
0.00499031
0.00509014
0.00478355
0.00508213
0.00391107
0.00370923
0.00455164
0.00418277
0.00379016
0.00487013
0.00461708
0.00456089
0.00483898
0.0046745
0.00464494
0.00394093
0.00402926
0.00397706
0.00402178
0.00468304
0.00400711
0.00427038
0.004665
0.0042576
0.00404378
0.00434707
0.00409113
0.00430466
0.00409453
0.00417455
0.00411739
0.00451702
0.00433048
0.00436907
0.00451806
0.004269
