0.0716186
0.0143131
0.00983961
0.0125362
0.00420509
0.00669114
0.00641878
0.0046956
0.0018945
0.00210269
0.0191059
0.0346992
0.00254018
0.00482677
0.00173263
0.00291556
0.00184741
0.00279084
0.00181556
0.00234278
0.00185333
0.00221098
0.00205135
0.00217187
0.00183162
0.00202526
0.00174576
0.00164704
0.00192884
0.00176949
0.00173212
0.00181887
0.001799
0.00167361
0.00179067
0.00180816
0.00165262
0.0016655
0.00174654
0.0017268
0.0017009
0.00173025
0.00174125
0.00168758
0.0725157
0.000867446
0.00701897
0.000987878
0.00374658
0.000669176
0.000555099
0.000162439
0.000667059
0.000238031
0.00141451
0.00159081
0.000945208
0.00131392
0.0015702
0.000798374
0.00117558
0.00155808
0.00109243
0.00146897
0.00116844
0.0012705
0.00154248
0.00137877
0.00145793
0.00150889
0.00138757
0.00142642
0.00155343
0.00161249
0.00160824
0.00143681
0.00160523
0.00152236
0.00146153
0.00146474
0.00160399
0.00164501
0.00151423
0.00150952
0.00158298
0.00157387
0.00159948
0.00158695
0.00153726
0.00163551
0.00158121
0.00164358
0.0015563
0.00154481
0.00157301
0.00163505
0.00160942
0.00156302
0.00161383
0.0016364
0.00157568
0.0476228
0.0512332
0.00181835
0.00297114
0.0031518
0.005692
0.00440678
0.00167046
0.00201925
0.00385223
0.00296072
0.00287789
0.00282252
0.0024906
0.00171605
0.00233971
0.00241076
0.00201628
0.00210553
0.0020168
0.00166468
0.00199343
0.00201689
0.0017445
0.00195935
0.00190542
0.0017718
0.00172849
0.001783
0.00178311
0.00174466
0.00175113
0.00165112
0.00166562
0.00172521
0.0486351
0.470796
0.00579735
0.00312897
0.00561149
0.00199533
0.00196958
0.00204204
0.00211233
0.00279036
0.00193886
0.00187829
0.00181585
0.00174445
0.00242356
0.00230461
0.00192676
0.00204915
0.00208329
0.00177476
0.00191738
0.00197355
0.0016988
0.00166865
0.00192252
0.00174053
0.00172846
0.00167492
0.00183811
0.00181894
0.00180791
0.0017915
0.00166227
0.00178366
0.00169004
0.00591271
0.00382087
0.0114647
0.00271544
0.00595977
0.00783091
0.00314409
0.00176587
0.00366153
0.00427785
0.0020539
0.00197288
0.00191359
0.00208754
0.00208286
0.00280697
0.00201649
0.0020309
0.00202905
0.00221959
0.00197124
0.00172595
0.00192933
0.00213655
0.00208376
0.0021071
0.00184103
0.00172842
0.00198436
0.106075
0.0376311
0.0126743
0.00269533
0.00253445
0.00616969
0.00238367
0.00225212
0.00178794
0.00202999
0.00186546
0.00246901
0.00259602
0.00191838
0.00233078
0.0017986
0.00217722
0.00224071
0.00203733
0.00185469
0.00165797
0.00199416
0.00196845
0.00198185
0.00197086
0.00172579
0.00175377
0.00177731
0.00712494
0.00331105
0.00344337
0.00258119
0.00801616
0.00255234
0.00485896
0.00174381
0.00323859
0.00245729
0.00178397
0.00247523
0.00243548
0.00235142
0.00206924
0.00185957
0.00174265
0.00194805
0.00171486
0.00165764
0.00197854
0.00168471
0.00172568
0.00183456
0.0019146
0.00179423
0.00171345
0.00183795
0.0021742
0.00543837
0.00510429
0.0023389
0.00218261
0.00590933
0.00408098
0.00254973
0.00203143
0.00296741
0.00207905
0.00277065
0.00178743
0.00201962
0.00183089
0.00200151
0.00186974
0.00188332
0.00205201
0.00205098
0.00182189
0.00167729
0.00187105
0.00179357
0.00185402
0.00190069
0.00181639
0.00171462
0.00173119
0.00166755
0.00180848
0.0017306
0.0459335
0.227382
0.00288276
0.00829264
0.00232335
0.0071687
0.00270215
0.00318355
0.00169649
0.00233345
0.00194454
0.00253664
0.00197507
0.00212793
0.00216953
0.00167803
0.00209078
0.0018201
0.00178853
0.00191967
0.00172552
0.00182938
0.00190802
0.00191985
0.00181759
0.00178631
0.00166462
0.0346158
0.162272
0.00239568
0.0041306
0.00225253
0.00432286
0.00242611
0.00214115
0.00182622
0.00181543
0.00173819
0.00208515
0.00246682
0.00205945
0.00218781
0.00191721
0.00165302
0.00174102
0.00186505
0.00203323
0.00198909
0.00168909
0.00192977
0.00178173
0.00194648
0.00177746
0.00176104
0.00184649
0.00187367
0.00183029
0.00183379
0.00177957
0.00165808
0.00172217
0.00176417
0.531142
0.00879294
0.00643823
0.00844988
0.00561491
0.00632263
0.00191832
0.00187812
0.00310788
0.0441251
0.00328759
0.00220562
0.00558101
0.00425913
0.00249617
0.0032539
0.00264461
0.00253275
0.00242176
0.00184185
0.00195777
0.00172468
0.00217673
0.00181001
0.00175984
0.00167965
0.00168125
0.00186792
0.00187209
0.00174193
0.00175198
0.00181495
0.00164763
0.0017219
0.0017777
0.0016718
0.00176668
0.00170627
0.00169308
0.00171202
0.00165886
0.00171645
0.00169852
0.00526036
0.00832388
0.0012386
0.000784198
0.00161665
0.00143184
0.00138836
0.00127671
0.00147475
0.00160615
0.00158491
0.00160749
0.001539
0.00150578
0.00164111
0.00153872
0.00152728
0.00154167
0.00160708
0.00162144
0.00161158
0.00159175
0.00158889
0.00159487
0.00164791
0.00164416
0.00164433
0.00160717
0.00164119
0.001613
0.00163216
0.00162807
0.00163751
0.00164365
0.00162617
0.00164352
0.00163736
0.00164993
0.0016288
0.0016275
0.00163269
0.00164363
0.00165043
0.00163077
0.0016351
0.00163681
0.125214
0.0123966
0.00670323
0.00213338
0.00654846
0.00550349
0.00344533
0.00316736
0.00189504
0.00317367
0.00230781
0.00190933
0.00227801
0.0023491
0.0020232
0.00177032
0.00223155
0.00205762
0.00216727
0.00213012
0.00180517
0.0019478
0.00184956
0.00195779
0.00165585
0.00176104
0.00175558
0.0096785
0.00107828
0.000346347
0.000787863
0.00165705
0.00156844
0.0014442
0.000973069
0.00147596
0.00160512
0.00127537
0.0014139
0.00165476
0.0014847
0.00164714
0.00146288
0.00161971
0.00147639
0.00165652
0.00151993
0.00156407
0.00157232
0.00155928
0.00163345
0.00161719
0.00162968
0.00158218
0.00160517
0.00159851
0.00163453
0.00161965
0.00162189
0.00162753
0.00161889
0.00163281
0.00161371
0.00162915
0.00162031
0.00163164
0.00162346
0.0016453
0.00164279
0.00164405
0.00163438
0.00163017
0.00162593
0.0858508
0.00237783
0.00637594
0.0198436
0.00419674
0.00183134
0.00313056
0.00235893
0.00280508
0.00182503
0.00253682
0.00222989
0.00171711
0.00171682
0.134788
0.0179001
0.00888184
0.00780872
0.00346827
0.00352761
0.00333031
0.00236132
0.00336856
0.00290649
0.00276096
0.00216474
0.0023343
0.00189793
0.00230589
0.00167962
0.00194187
0.00209165
0.00198422
0.00186874
0.00167225
0.00202363
0.00173396
0.00170556
0.0017029
0.00178872
0.00177642
0.00180501
0.00165293
0.016759
0.000478632
0.0015476
0.00157643
0.00119327
0.0013364
0.00124288
0.00130638
0.0014922
0.0013984
0.00151848
0.00151131
0.0015472
0.00155426
0.00158301
0.00158732
0.00162549
0.00155711
0.00154813
0.00155399
0.00156432
0.001606
0.00162365
0.00161064
0.00161904
0.00162864
0.00164088
0.00161363
0.00164032
0.00162797
0.00161701
0.00162528
0.00162679
0.00163563
0.00164471
0.00164734
0.00163224
0.00162869
0.00162699
0.00162894
0.00163066
0.00163535
0.00163214
0.00164902
0.00165237
0.00164253
0.00203389
0.00912618
0.00777992
0.00205595
0.00888703
0.00464741
0.00241263
0.00215254
0.00375795
0.00345159
0.00175798
0.00171091
0.00258172
0.00269462
0.00269366
0.00186442
0.00204386
0.00200664
0.00201388
0.00182944
0.00178051
0.00200717
0.00918888
0.00220171
0.00397631
0.00242443
0.00178084
0.0018256
0.00421264
0.00361384
0.00358862
0.00265229
0.00178729
0.00264142
0.00236119
0.0017182
0.00180503
0.00201571
0.00756249
0.00860465
0.00190843
0.00189332
0.00172629
0.00168507
0.00187487
0.00194872
0.00175256
0.00167339
0.00166426
0.00175233
0.00176187
0.00174588
0.00172141
0.00164267
0.00170092
0.00168923
0.00167315
0.00169061
0.0017066
0.00166333
0.00166602
0.00165712
0.00165228
0.00164615
0.00167102
0.00166908
0.0016752
0.00166559
0.00166989
0.00164858
0.00164957
0.00167379
0.0016564
0.00164879
0.00166568
0.00166896
0.00166598
0.00583942
0.00734317
0.00189335
0.00189425
0.00172641
0.00168399
0.00186521
0.00194109
0.00174962
0.00167302
0.00166438
0.0017504
0.00176141
0.00174428
0.00172028
0.0016427
0.00170024
0.00168916
0.00167317
0.00169022
0.00170628
0.00166324
0.00166599
0.00165708
0.00165229
0.00164616
0.00167089
0.001669
0.00167508
0.00166554
0.00166977
0.00164858
0.00164957
0.00167367
0.00165638
0.00164879
0.00166561
0.00166886
0.0016659
0.049501
0.00815069
0.00916815
0.0118982
0.00242964
0.00542132
0.00320928
0.00275301
0.00370722
0.00307865
0.00251129
0.00245058
0.00210489
0.00252318
0.00236475
0.00226711
0.00221565
0.00174581
0.0017567
0.00201731
0.612769
0.0298155
0.0128874
0.0032187
0.00579313
0.00239219
0.00369096
0.00926175
0.00694707
0.00672299
0.00475366
0.00465799
0.00479242
0.00178237
0.00244303
0.00299213
0.00226992
0.0020279
0.0026526
0.00238674
0.00209397
0.0168191
0.0179953
0.00173831
0.00223142
0.00527893
0.00352653
0.00193569
0.00255085
0.00200128
0.00204182
0.00226041
0.00251737
0.00199732
0.00211518
0.00164972
0.0016845
0.00173081
0.0017576
0.00193841
0.00179785
0.00189719
0.00164948
0.00174209
0.00175907
0.00167884
0.00171573
0.00175386
0.00166883
0.0017027
0.00167088
0.00178335
0.00171478
0.00168144
0.00165894
0.0819628
0.00560598
0.0130019
0.00733412
0.0116784
0.0106194
0.00445562
0.0029509
0.00284705
0.00346406
0.00325341
0.00282383
0.00185349
0.00232989
0.00253988
0.00249909
0.00224366
0.00265566
0.00244856
0.00177575
0.00237784
0.00218883
0.00173057
0.00183377
0.00174059
0.00201448
0.00175076
0.00192948
0.00191858
0.00176101
0.011784
0.000419774
0.00152157
0.00157378
0.00113543
0.0013011
0.00122046
0.00128955
0.00147359
0.00138465
0.00151272
0.0015007
0.00153877
0.00154626
0.00158026
0.00158159
0.00162486
0.00155252
0.00154097
0.00154879
0.00155896
0.00160264
0.00162274
0.0016089
0.00161778
0.0016279
0.00164079
0.0016119
0.00164019
0.00162627
0.00161542
0.00162363
0.00162528
0.00163516
0.0016441
0.00164689
0.00163108
0.00162771
0.00162577
0.00162771
0.00162952
0.00163477
0.00163114
0.00164877
0.00165233
0.00164236
0.0264148
0.00103848
0.0260186
0.00665691
0.00129569
0.00104807
0.00140688
0.000211218
4.81471e-05
4.90977e-05
1.20709e-05
0.00141986
0.00140402
0.00109386
0.00154785
0.00152769
0.00158544
0.00134667
0.00113504
0.00158399
0.0015991
0.00125714
0.00139817
0.00161957
0.00156352
0.00154589
0.00163066
0.00149378
0.00158228
0.00148109
0.00164895
0.00154746
0.00157184
0.00165188
0.00163313
0.00151057
0.00152588
0.00152669
0.00160342
0.00161768
0.00158481
0.00161927
0.00155671
0.00155611
0.00163303
0.00164909
0.00155742
0.00157069
0.00156581
0.00163365
0.00157011
0.00163254
0.00157547
0.00158002
0.00159101
0.00159025
0.00164748
0.00496557
0.0220214
0.00188187
0.0029981
0.00183731
0.00174717
0.00314741
0.00186691
0.00196123
0.00237108
0.00211313
0.00170042
0.00173215
0.00207453
0.00166706
0.00170163
0.0017189
0.00198387
0.00177288
0.00183983
0.00186872
0.00174795
0.00166204
0.00170116
0.00173424
0.0017206
0.0016519
0.00168738
0.00167384
0.00171298
0.00166373
0.00166656
0.00173551
0.00173649
0.0016717
0.00171328
0.00171191
0.00165502
0.00165477
0.00167157
0.00165919
0.066719
0.0715862
0.0114174
0.00295564
0.000140504
0.000100753
0.00034963
0.000748191
0.000355249
6.59303e-05
0.00148458
0.000938153
0.00162821
0.00110721
0.00135126
0.00158764
0.00155276
0.00156404
0.0013608
0.00164325
0.00165314
0.00138216
0.00161062
0.00150222
0.00159374
0.00151823
0.00155052
0.00149895
0.00159141
0.00150894
0.00158697
0.00163094
0.00150684
0.00149009
0.00158733
0.00153425
0.00163033
0.001629
0.00158655
0.00153636
0.00163923
0.00156485
0.00156178
0.00162353
0.0015998
0.00161881
0.00161531
0.00156198
0.00156601
0.00163568
0.00157514
0.00165117
0.00157833
0.00159082
0.00158325
0.00162359
0.00158699
0.00159899
0.00161496
0.0692166
0.012295
0.0224685
0.00157495
0.00433077
0.000579312
0.00107272
3.95203e-05
0.000552248
0.000324686
0.00159654
0.00125506
0.00152306
0.00139282
0.00159937
0.00117773
0.00154107
0.00112189
0.00159437
0.00154
0.00123514
0.00159569
0.00156323
0.00161375
0.00162433
0.00164362
0.00137023
0.00139495
0.0016263
0.00159441
0.00145006
0.00161467
0.00143587
0.00146434
0.00144407
0.00153738
0.00153795
0.00158471
0.0015377
0.00152192
0.00161244
0.001511
0.00153495
0.00158847
0.00159413
0.00155531
0.00157962
0.00154689
0.0016287
0.00158234
0.00156927
0.00157921
0.00164256
0.00159045
0.00158082
0.00158079
0.00157613
0.00161329
0.00160602
