0.0133113
0.0116396
0.0166688
0.0134057
0.0185838
0.0175056
0.0160566
0.0155981
0.00540717
0.0190105
0.0050565
0.0176409
0.0125435
0.0187123
0.0131383
0.0186152
0.0184042
0.0146555
0.018413
0.0158887
0.0156786
0.0165867
0.0176307
0.0180775
0.0179878
0.0181168
0.0180253
0.0165481
0.0165507
0.0166709
0.0166681
0.0172244
0.017604
0.0169313
0.0171769
0.0176062
0.0174774
0.0177965
0.0177057
0.0170232
0.0174796
0.0170066
0.0175088
0.0170402
0.0577
0.0511327
0.0161965
0.0232122
0.0175305
0.0254156
0.0165813
0.0194308
0.0194024
0.0184847
0.0165825
0.0191189
0.0187673
0.0166563
0.0180218
0.0180821
0.0184128
0.0183154
0.017626
0.0170197
0.0182229
0.017983
0.0181594
0.0176333
0.0177383
0.017415
0.0180584
0.0175439
0.0178457
0.0170251
0.0177416
0.0170717
0.0174761
0.0171026
0.0176179
0.0175707
0.0174466
0.0177377
0.0177375
0.017083
0.0175944
0.0176997
0.0177065
0.0171941
0.0171149
0.0176802
0.0171508
0.0171606
0.017356
0.0171884
0.0171696
0.0176479
0.0171733
0.0174955
0.017292
0.387193
0.00282585
0.0164521
0.00869068
0.0138447
0.0116739
0.0142312
0.0186611
0.0134649
0.0174258
0.0184644
0.0184394
0.0182885
0.0182609
0.0159814
0.0178643
0.0163871
0.0173745
0.0178103
0.0178003
0.0165647
0.0166858
0.0171447
0.0174317
0.0166956
0.0173821
0.0168629
0.016832
0.0177478
0.0177248
0.0174513
0.0177347
0.0176913
0.0169936
0.0102551
0.0117385
0.0149227
0.00434871
0.0156639
0.0164157
0.0146499
0.0185039
0.0185564
0.0182694
0.0149532
0.0173696
0.0162982
0.0157558
0.0160868
0.0164299
0.0161913
0.0171165
0.0176922
0.0167787
0.0179799
0.0179153
0.0167465
0.0166134
0.0178538
0.0168019
0.0176711
0.0175226
0.0168346
0.0175457
0.0176375
0.0176952
0.0177227
0.0170421
0.0170298
0.0104698
0.023561
0.00757097
0.017518
0.0113953
0.0150465
0.0183769
0.0184255
0.0184067
0.0169891
0.014957
0.0153973
0.0162862
0.0154017
0.0164797
0.0163882
0.0180198
0.0163976
0.0173425
0.0162023
0.0171101
0.0167174
0.0166044
0.0178004
0.0178732
0.0176194
0.0168998
0.0176327
0.0268124
0.0121526
0.0131679
0.0175135
0.0114381
0.0183879
0.0145368
0.0178275
0.0158575
0.0155829
0.0167581
0.0155542
0.0166087
0.0182245
0.0163499
0.0162628
0.0163212
0.0173695
0.016366
0.0177694
0.0170049
0.017376
0.0166076
0.0167109
0.0167489
0.0177884
0.0168986
0.0168596
0.0103105
0.010785
0.0155664
0.000776695
0.0111191
0.0140245
0.0101488
0.018668
0.0182234
0.0161092
0.0175655
0.0151475
0.0182765
0.0181346
0.0178584
0.016693
0.0165292
0.0176145
0.0163636
0.0166932
0.016769
0.0176137
0.0177601
0.0170805
0.0174514
0.0176024
0.0172298
0.0175433
0.0169098
0.0471113
0.00895943
0.0198144
0.012791
0.0188857
0.0109888
0.0143992
0.0180311
0.0185756
0.0181501
0.0184428
0.01539
0.0159536
0.0166845
0.0164948
0.0165873
0.0160125
0.0164262
0.0163984
0.0164297
0.0166908
0.0173294
0.0179616
0.0173366
0.0167417
0.0171835
0.017145
0.0167712
0.0167507
0.0170431
0.0176174
0.0176086
0.0170714
0.0176802
0.0171725
0.0932276
0.00918527
0.00256191
0.00397054
0.0184
0.00884637
0.0122987
0.0125419
0.0140599
0.018295
0.0176321
0.0183125
0.0153563
0.015778
0.0169454
0.0178977
0.0163944
0.0167063
0.0180007
0.0166825
0.0176355
0.0178911
0.0177649
0.0176483
0.0169801
0.0173895
0.0175055
0.0177462
0.0177141
0.0175319
0.0018332
0.0164686
0.00902852
0.0139147
0.0118033
0.0142822
0.0186603
0.013519
0.0174157
0.0184621
0.0184381
0.0182869
0.0182592
0.0159918
0.0178618
0.0163922
0.0173745
0.0178086
0.0177986
0.0165688
0.0166902
0.0171463
0.0174316
0.0166995
0.0173823
0.016865
0.0168353
0.0177465
0.0177235
0.0174512
0.0177335
0.0176901
0.0169957
0.0220704
0.00817761
0.00387188
0.00418632
0.0185788
0.0122044
0.0130403
0.0159618
0.0174539
0.0162613
0.0150154
0.0169131
0.0195244
0.0107218
0.00311409
0.0155077
0.0172876
0.0184523
0.0131029
0.0186728
0.0171033
0.0185844
0.0185255
0.0183254
0.01824
0.0168302
0.0162821
0.0162425
0.0163223
0.0165402
0.0165822
0.0177678
0.0167265
0.0174094
0.0167114
0.017719
0.016773
0.0177821
0.0169153
0.0176964
0.0169715
0.0177828
0.017764
0.0169865
0.0173126
0.0170593
0.0175335
0.0212891
0.0213178
0.0150425
0.0189303
0.0213748
0.0195884
0.0153373
0.015492
0.0192817
0.0190036
0.0184311
0.0162893
0.0182697
0.018313
0.0181845
0.0163437
0.0166774
0.0179079
0.016658
0.0180695
0.018056
0.0167168
0.0167273
0.0168075
0.0168415
0.0168581
0.0179064
0.0168594
0.0179101
0.016943
0.0178535
0.0171753
0.0172462
0.0177795
0.017256
0.0177382
0.0174572
0.0170646
0.0175875
0.017694
0.0177058
0.0176526
0.0172111
0.0171104
0.0171677
0.0176337
0.0174973
0.0266283
0.0136125
0.0128818
0.0174274
0.0116154
0.0183637
0.0143903
0.0177961
0.0158643
0.0155811
0.0167224
0.0155113
0.0165736
0.0182268
0.0163376
0.0162458
0.0163006
0.0173621
0.0163493
0.0177713
0.0169919
0.0173709
0.016591
0.0166992
0.0167368
0.0177939
0.0168851
0.0168471
0.0138621
0.0144235
0.0188922
0.0133934
0.0134306
0.0149761
0.0160518
0.0191827
0.0171452
0.0186157
0.0163967
0.0159881
0.0170546
0.0163683
0.0186454
0.0183605
0.0181413
0.0173463
0.0168562
0.0167271
0.0176828
0.0168176
0.0173024
0.0176463
0.0168039
0.0179937
0.0178794
0.0179438
0.0169551
0.0170183
0.017857
0.0174641
0.0172781
0.0170636
0.0170307
0.0177181
0.0171331
0.0172889
0.0172594
0.0176772
0.017159
0.0177002
0.0171188
0.0175153
0.0171743
0.0176317
0.0174961
0.0171878
0.0270083
0.0196958
0.00412599
0.0192212
0.0084652
0.0154044
0.0169124
0.0115608
0.0145387
0.0148044
0.0142106
0.0157879
0.0154022
0.0154242
0.015778
0.0167088
0.0176194
0.0171012
0.018522
0.000297513
0.0246626
0.00954459
0.0180229
0.0187739
0.0152139
0.0179161
0.0182204
0.0143541
0.0182639
0.0177114
0.0153493
0.0171667
0.0182464
0.0174362
0.0163848
0.0165901
0.0178357
0.0179498
0.0165804
0.0166811
0.0172105
0.0176425
0.0178359
0.0178062
0.0176521
0.0169332
0.0169287
0.0172449
0.0234238
0.0070896
0.0209868
0.0154312
0.0162666
0.018596
0.0149536
0.0185373
0.0151754
0.0163669
0.0185299
0.0165199
0.0163595
0.0162836
0.0181832
0.0174303
0.018133
0.018062
0.01677
0.0180545
0.0170546
0.0176277
0.0167463
0.0175982
0.0177841
0.0169035
0.0168527
0.0169101
0.0173441
0.0174096
0.0176242
0.0169879
0.0172025
0.017069
0.0175615
0.0176844
0.0176853
0.0176778
0.0176284
0.017618
0.0176717
0.0176658
0.0176393
0.0174472
0.0176153
0.0111591
0.0180829
0.0087279
0.019053
0.00995388
0.0144642
0.0185209
0.0181104
0.0151691
0.0139661
0.0177115
0.0173361
0.0182204
0.0159112
0.0169585
0.016393
0.0164852
0.0177224
0.0168428
0.0167071
0.0166029
0.0392236
0.00455623
0.0134117
0.0106604
0.00440868
0.0176402
0.0147821
0.0134767
0.0171451
0.0140706
0.0160635
0.0164868
0.0176956
0.017118
0.0166697
0.0171184
0.016396
0.0176466
0.019904
0.0186632
0.01958
0.00881589
0.0131576
0.0188893
0.0176494
0.0190039
0.0185924
0.0156955
0.0158809
0.0154844
0.0157346
0.0185515
0.0162929
0.0181295
0.0165468
0.0180401
0.0180369
0.0179697
0.0167231
0.0179075
0.0173763
0.0172067
0.0168204
0.016829
0.0178597
0.0178395
0.0178108
0.0177682
0.0169623
0.01741
0.0170724
0.0177205
0.0170562
0.0175406
0.0176827
0.0176356
0.0171179
0.017532
0.0171275
0.019904
0.0186597
0.01958
0.00931245
0.0133174
0.0188286
0.017528
0.0189827
0.0185586
0.0157261
0.0158885
0.0155186
0.015749
0.0185374
0.0163039
0.0181269
0.0165534
0.0180383
0.0180339
0.0179659
0.0167279
0.0179045
0.0173755
0.0172073
0.0168239
0.0168324
0.0178583
0.0178379
0.0178092
0.0177665
0.0169647
0.0174097
0.0170741
0.0177191
0.0170576
0.0175398
0.0176816
0.0176346
0.0171192
0.0175314
0.0171287
0.00580159
0.0334362
0.0197852
0.0139149
0.00856029
0.0142494
0.0177081
0.015287
0.014016
0.0161761
0.0178544
0.0164384
0.0158101
0.0159521
0.0179488
0.0163024
0.0179735
0.0167676
0.0166739
0.0166725
0.016638
0.0166955
0.0167165
0.0853059
0.0283912
0.00182011
0.0179987
0.00300409
0.00897532
0.00934734
0.0123484
0.0184126
0.013548
0.0171066
0.0161612
0.0156846
0.0444634
0.0125475
0.0125859
0.0189048
0.0158395
0.0187646
0.0156113
0.0150788
0.0162237
0.0157569
0.0180641
0.0170423
0.0176482
0.0167743
0.0178852
0.00566946
0.019489
0.00730617
0.0125381
0.0123014
0.0186167
0.0184543
0.0138518
0.0142171
0.0162028
0.0184081
0.0166369
0.0182088
0.0160833
0.0173821
0.0179737
0.0164449
0.0178286
0.017978
0.0165645
0.0167279
0.017939
0.016705
0.0166886
0.0178097
0.017435
0.0168712
0.0173933
0.0177705
0.0176953
0.0169841
0.0175152
0.0170304
0.0170236
0.0120907
0.0233633
0.00759345
0.0175215
0.0113238
0.0150304
0.0183792
0.0184272
0.0184083
0.0169934
0.0149489
0.0153967
0.016284
0.0153961
0.0164794
0.0163876
0.0180203
0.0163969
0.0173431
0.016201
0.0171103
0.0167168
0.0166038
0.0178006
0.0178734
0.0176196
0.0168996
0.0176329
0.0235394
0.0066356
0.0210144
0.0153527
0.0169069
0.0185935
0.0149142
0.0185349
0.0151653
0.0163579
0.0185289
0.0165134
0.0163758
0.016277
0.0181821
0.0174437
0.0181339
0.0180647
0.0167692
0.018054
0.01706
0.0176331
0.0167468
0.0176026
0.0177872
0.0169035
0.0168532
0.0169103
0.0173473
0.0174125
0.0176253
0.0169891
0.0172049
0.0170698
0.0175623
0.0176842
0.0176849
0.0176773
0.0176284
0.0176179
0.0176707
0.0176651
0.0176388
0.0174481
0.0176147
0.0389029
0.0177409
0.0250452
0.0198898
0.0219464
0.0158814
0.0191534
0.0204969
0.0195136
0.0164343
0.0191044
0.0187053
0.0184851
0.0166381
0.016616
0.0175673
0.0181268
0.0181856
0.0167259
0.0167703
0.016806
0.0180735
0.0178806
0.0168728
0.0176133
0.0180197
0.0178493
0.0169474
0.0169664
0.0169588
0.0169745
0.017696
0.017773
0.0170344
0.0170797
0.0170457
0.0177529
0.0177347
0.0174376
0.0176592
0.0170914
0.0170905
0.0177408
0.0177347
0.0171338
0.0175039
0.0171488
0.0176334
0.0174484
0.017647
0.0176489
0.0172708
0.0172007
0.0176255
0.0173882
0.0197859
0.0178127
0.0186028
0.00956137
0.0129965
0.0189534
0.0121477
0.0153642
0.0185968
0.0153156
0.0185413
0.018386
0.018641
0.0185297
0.0161303
0.0162957
0.0164771
0.0168022
0.0180903
0.0164666
0.0180458
0.0165334
0.0165982
0.0178727
0.0170405
0.0168303
0.0168278
0.0173487
0.0176121
0.0178408
0.0175556
0.0176104
0.0169783
0.0177712
0.0169782
0.0170449
0.0172966
0.0170312
0.017059
0.0172605
0.0175173
0.0171037
0.0441717
0.0246939
0.0175982
0.0173441
0.0219453
0.0160215
0.0202448
0.01915
0.0196465
0.0194752
0.018952
0.0174291
0.0190784
0.0182778
0.0164793
0.0165308
0.0166829
0.0184561
0.0184814
0.0182771
0.0171292
0.0180829
0.0181252
0.0168363
0.0180952
0.0169681
0.0179813
0.0177397
0.0170012
0.017086
0.0179595
0.0177631
0.0178253
0.0175323
0.0169948
0.0170645
0.0170197
0.0177537
0.0177233
0.0174425
0.0170874
0.0176016
0.0172961
0.017503
0.0176191
0.0177378
0.0174772
0.0175945
0.0176646
0.0175359
0.0171328
0.017545
0.0171763
0.0173374
0.0171663
0.0173411
0.0171992
0.0172697
0.0171847
0.0380924
0.0181763
0.0189046
0.0176092
0.0179325
0.018775
0.0162001
0.0202669
0.0168967
0.0192967
0.0163872
0.0184575
0.0192665
0.0165798
0.0188685
0.0165779
0.0183838
0.0184628
0.0175524
0.0181887
0.0182411
0.0181104
0.0172153
0.0179587
0.0171692
0.01808
0.0180688
0.0171757
0.0178541
0.0178434
0.0169736
0.0176051
0.0171359
0.0177173
0.0177732
0.0177658
0.0177758
0.0174178
0.0172841
0.0173977
0.017528
0.0176145
0.0171397
0.0176501
0.0171524
0.0171246
0.0176889
0.0172661
0.0176876
0.0172089
0.0174614
0.0176752
0.0172083
0.0176442
0.0173868
0.0171943
0.0176092
0.0176209
