0.0175587
0.00278885
0.0110215
0.0114275
0.0106665
0.0109451
0.0111046
0.0111862
0.0111767
0.0111208
0.00346395
0.0105165
0.00459025
0.00918167
0.00753681
0.01184
0.0091651
0.0105378
0.00897391
0.00948051
0.0110483
0.0120601
0.0097407
0.0110109
0.0102535
0.00972717
0.0109355
0.00987526
0.0120486
0.0120249
0.011015
0.0108175
0.0115814
0.0121495
0.010196
0.0116008
0.0107934
0.0113766
0.0111446
0.0106572
0.0111757
0.0118136
0.0104316
0.010931
0.0117829
0.0105488
0.0105283
0.011469
0.010728
0.0110183
0.0116484
0.0117179
0.0109283
0.0115102
0.011573
0.0113208
0.0114297
0.0114991
0.0108878
0.011186
0.0111849
0.00104713
0.0123241
0.0124401
0.0122767
0.00933321
0.0100724
0.00985774
0.0106454
0.0116092
0.0111386
0.0107947
0.0107384
0.0112429
0.0109095
0.0109953
0.0109141
0.0112254
0.0110624
0.0110627
0.0112009
0.0111474
0.0111693
0.0110784
0.0110839
0.0111952
0.0111543
0.0110803
0.011165
0.0111393
0.0111893
0.0110832
0.0111821
0.0111772
0.0111758
0.0111419
0.0110882
0.0111505
0.0111611
0.011121
0.011111
0.0110914
0.0110918
0.0111276
0.0111639
0.0111145
0.0111475
0.0111329
0.0159978
0.0139048
0.00749741
0.00876005
0.0111794
0.00935353
0.00990206
0.0102616
0.0110406
0.0110574
0.0113448
0.0114001
0.0109711
0.0112238
0.0112419
0.0110132
0.0110936
0.0110514
0.0112219
0.0111685
0.0111946
0.0111339
0.0110704
0.0110797
0.0111847
0.0111557
0.0111582
0.0111594
0.0111093
0.0110795
0.0111481
0.0111839
0.0111428
0.0111165
0.0111788
0.0111798
0.0110872
0.0111718
0.0110936
0.0110999
0.0157704
0.015041
0.00658669
0.00908455
0.0104119
0.00964206
0.0103561
0.0106222
0.0104267
0.0110493
0.0108732
0.0111297
0.011442
0.0107519
0.0108879
0.0112541
0.0115364
0.0113843
0.0108349
0.0109738
0.0109059
0.0110701
0.0114054
0.0113052
0.0109322
0.0110146
0.0110078
0.011007
0.0111857
0.0113289
0.0110476
0.0109413
0.0110689
0.0111693
0.0109573
0.0109557
0.0112918
0.0109782
0.0112655
0.0112402
0.0116967
0.00636202
0.00862216
0.0106159
0.0100007
0.010282
0.0110835
0.0106513
0.0121681
0.0117393
0.0106679
0.0103712
0.0103726
0.010709
0.011721
0.0106208
0.0112721
0.0116054
0.0108786
0.011165
0.0107388
0.0107383
0.010752
0.0108628
0.0114429
0.0113931
0.0114119
0.00155033
0.0095395
0.00909425
0.00734569
0.0103979
0.0120546
0.0137968
0.0109841
0.00945421
0.00998376
0.0125163
0.0106015
0.00982313
0.0111944
0.0108909
0.0100919
0.0117493
0.010322
0.0120384
0.0114029
0.0111588
0.0115403
0.0105386
0.0118337
0.0114409
0.011342
0.0105126
0.0106519
0.0108416
0.0115704
0.0108049
0.0112746
0.0116219
0.0114409
0.0106404
0.0108193
0.0115501
0.0111712
0.0108195
0.0113668
0.0107183
0.0107379
0.00340305
0.0122903
0.00958345
0.0105297
0.00887546
0.0108613
0.00991556
0.010559
0.0118176
0.0108862
0.0108603
0.0112074
0.011102
0.0109622
0.011106
0.0112904
0.0111007
0.0112798
0.0110956
0.0111474
0.0110624
0.0111725
0.011034
0.0111825
0.011241
0.0112385
0.0110511
0.0111789
0.0111235
0.0110532
0.011209
0.0111802
0.0111723
0.0111736
0.0110594
0.0111979
0.0112007
0.0110628
0.0111961
0.011066
0.0110715
0.0300467
0.0112868
0.00844654
0.0136
0.0101048
0.0124061
0.0103541
0.0140689
0.0110794
0.0108794
0.0128268
0.0106671
0.010892
0.00955956
0.0107402
0.0111703
0.0102005
0.0106043
0.0103059
0.010045
0.0121629
0.0106775
0.0120528
0.0102163
0.0102309
0.0109232
0.0119174
0.01048
0.0104003
0.0103954
0.0115856
0.0104809
0.0116754
0.0106453
0.0114881
0.0118396
0.0116431
0.0110111
0.011071
0.0110162
0.0106085
0.0109522
0.0108513
0.0116684
0.0111281
0.0110676
0.0110173
0.0106821
0.01096
0.0115655
0.0107337
0.0145998
0.00163802
0.0122955
0.0122512
0.0100771
0.0087848
0.00906715
0.00904776
0.0118208
0.0119075
0.0105546
0.0109444
0.00989751
0.0117916
0.0118474
0.0120645
0.0101807
0.00883944
0.0124072
0.0105478
0.0114739
0.01111
0.0111594
0.0108802
0.0110552
0.0110802
0.0112782
0.0112978
0.0110524
0.0110069
0.0110158
0.011013
0.0110837
0.011189
0.0111187
0.0111797
0.0111777
0.0111001
0.0112115
0.0111808
0.0111068
0.0110888
0.0111789
0.00176286
0.00766515
0.0116935
0.0143384
0.0102539
0.0114977
0.0109177
0.0132907
0.0128826
0.0110007
0.0110385
0.012597
0.0122738
0.0119695
0.012036
0.0103289
0.0109118
0.0122459
0.0101834
0.0121731
0.0102937
0.0106854
0.0108863
0.0119839
0.0114873
0.0109119
0.0103247
0.0114079
0.0113374
0.0104213
0.0110386
0.0113081
0.0117324
0.0117351
0.0106898
0.0107134
0.0109739
0.0117046
0.0105858
0.0107317
0.0107662
0.0106149
0.0116306
0.0108744
0.0115935
0.0111309
0.00623777
0.0117192
0.011076
0.0111093
0.00963929
0.0109477
0.0105659
0.0106645
0.0107949
0.0109087
0.0105604
0.0118445
0.0107145
0.0109694
0.0107961
0.0105986
0.0110158
0.0106151
0.0115446
0.0106655
0.0106352
0.0116456
0.0112367
0.0112932
0.011365
0.0112883
0.0113919
0.0108631
0.010783
0.0107906
0.0112904
0.0114411
0.0119217
0.011171
0.0092033
0.0107269
0.0110147
0.0109143
0.0109592
0.0107096
0.0111001
0.0112131
0.0109436
0.0109116
0.0108182
0.0110145
0.0112849
0.0110462
0.0110299
0.00409129
0.00543921
0.00879761
0.0103741
0.0103005
0.0111918
0.0118631
0.0098151
0.0124377
0.0109527
0.0118148
0.0115468
0.0122707
0.011682
0.0103118
0.0103818
0.0107731
0.0102621
0.0109413
0.0119219
0.0104172
0.0111431
0.0105168
0.0110152
0.0105083
0.0110195
0.010776
0.0116251
0.010667
0.0110903
0.0115378
0.0111918
0.0113328
0.0110349
0.011562
0.0109008
0.0111204
0.0112218
0.0114384
0.011157
0.00356011
0.00954403
0.00970845
0.012093
0.0103889
0.0108395
0.0112555
0.0108154
0.0112488
0.0109754
0.0110311
0.0112809
0.0111675
0.0110514
0.0112331
0.0111112
0.0112549
0.0111984
0.0112131
0.0110685
0.0110694
0.0112177
0.0112163
0.0110773
0.0110618
0.0111107
0.0110792
0.0111278
0.0110963
0.0111635
0.011076
0.0110764
0.0111109
0.00693224
0.00637732
0.0121428
0.0140995
0.0102982
0.00893139
0.0109548
0.0111349
0.0117502
0.0106905
0.0105675
0.0109648
0.0117068
0.011473
0.0119611
0.0104358
0.0104089
0.0114975
0.0114621
0.0105876
0.0106941
0.0109638
0.0105915
0.0116226
0.0111263
0.0106284
0.0112646
0.0107384
0.0109785
0.0108163
0.0110087
0.0115316
0.0107654
0.0112195
0.0114108
0.0112182
0.0107807
0.0112458
0.01106
0.00939383
0.0105835
0.010645
0.0101836
0.0119488
0.01017
0.0103236
0.0117788
0.0110861
0.0106758
0.00693066
0.0137893
0.0154553
0.0111053
0.0106899
0.0134445
0.00917218
0.0114229
0.0109328
0.0116099
0.0125103
0.0120708
0.0118389
0.0118026
0.0103854
0.011139
0.0108601
0.0116335
0.0118756
0.0118486
0.0118302
0.0104686
0.0104756
0.0117769
0.0110265
0.0109614
0.0112766
0.0106439
0.0112878
0.0116834
0.0109597
0.0105911
0.0110346
0.0106569
0.0116103
0.0115664
0.0108702
0.0110748
0.0108087
0.0112988
0.0109227
0.0113061
0.0108458
0.0110633
0.0107952
0.0114185
0.0109143
0.011251
0.0113843
0.0113643
0.00878591
0.0126802
0.012899
0.00920967
0.0124997
0.0108972
0.0115829
0.0119219
0.0106477
0.0114179
0.0105429
0.0105653
0.0105841
0.0110944
0.0115592
0.011364
0.0108073
0.0111116
0.0114781
0.0107934
0.0109139
0.0110274
0.0113026
0.0118573
0.0102738
0.00831736
0.0100466
0.01049
0.0104757
0.0108415
0.0101675
0.0111048
0.011349
0.0107363
0.0106549
0.0104422
0.0108859
0.0114682
0.0109502
0.0109137
0.0140346
0.0123193
0.0109818
0.0113641
0.011004
0.0111296
0.0107867
0.0110528
0.0109337
0.0111421
0.0109929
0.010875
0.0110357
0.0110108
0.0111963
0.0272621
0.00644931
0.0125727
0.0117295
0.0110157
0.00956976
0.0132009
0.0110325
0.0112007
0.0109917
0.0115606
0.012226
0.0111262
0.0107081
0.010372
0.0101756
0.011117
0.0102989
0.0115358
0.0116524
0.0110133
0.0114539
0.0104227
0.0104272
0.0118119
0.0105016
0.011767
0.0116679
0.0106055
0.0106854
0.0107132
0.0117005
0.0113621
0.010722
0.0108678
0.0113135
0.0114004
0.0112033
0.0107307
0.0115616
0.0114802
0.0107338
0.011447
0.0112795
0.0108276
0.0114043
0.0108522
0.0114597
0.0113034
0.0113476
0.0130385
0.0121829
0.00946052
0.0121232
0.0104875
0.0110557
0.0110128
0.0115193
0.0111416
0.0110391
0.0110032
0.0109158
0.0110271
0.0110665
0.0113033
0.0112253
0.0112345
0.0111802
0.0110326
0.0110335
0.00978008
0.00463948
0.0104683
0.0082639
0.00756888
0.00817395
0.0123554
0.00880678
0.00935273
0.00923672
0.00929302
0.0109824
0.0101129
0.0120249
0.0100208
0.0105653
0.0118492
0.0128189
0.0136106
0.0117593
0.0108353
0.0108343
0.0117962
0.0118017
0.0115098
0.0108381
0.011789
0.0105006
0.0113762
0.0112474
0.0111293
0.010641
0.0114784
0.0110547
0.00639926
0.0107118
0.0116876
0.011835
0.0110877
0.0109826
0.0124562
0.01176
0.0104783
0.0111394
0.0118252
0.0103618
0.0106108
0.0104485
0.0104354
0.0107971
0.0113318
0.0111396
0.0107863
0.0112802
0.0107007
0.0107314
0.0115105
0.0113289
0.011139
0.0133851
0.0125849
0.008318
0.00920361
0.0118988
0.0105738
0.0116193
0.0107757
0.0111004
0.0108516
0.0109261
0.0109197
0.0112791
0.0112263
0.0108669
0.0112183
0.01096
0.011085
0.0109675
0.0109511
0.0111672
0.0115461
0.00736631
0.00880455
0.0110709
0.0105298
0.0111477
0.0115699
0.0115438
0.0108448
0.0114766
0.0112904
0.0114433
0.0109461
0.0108854
0.0108755
0.0110997
0.00707062
0.00774341
0.00906485
0.00887418
0.0119025
0.011553
0.0107807
0.0111651
0.00976489
0.0111015
0.0119493
0.0122807
0.0102753
0.0104268
0.0121001
0.0114111
0.0120864
0.0103907
0.011963
0.011957
0.0103376
0.0103499
0.0118939
0.0105685
0.011528
0.011261
0.0114733
0.0109618
0.0106974
0.0105448
0.0116844
0.0106563
0.011559
0.0115554
0.0111943
0.0116156
0.0108939
0.011629
0.0113799
0.011584
0.0115399
0.0108067
0.0111781
0.0109183
0.0114891
0.0113988
0.0112411
0.0114572
0.0109049
0.0113961
0.0111928
0.0102546
0.0125049
0.0113209
0.0102473
0.0118248
0.0101257
0.0120695
0.0101476
0.0117088
0.00445498
0.0137982
0.012649
0.0111505
0.0138717
0.0108601
0.0124826
0.0109798
0.0118649
0.0114123
0.0116361
0.0104407
0.0111716
0.01099
0.0106789
0.0108858
0.0116012
0.0105863
0.0116833
0.0105783
0.0116858
0.0106444
0.0106885
0.01093
0.0113892
0.0108527
0.0110814
0.0109431
0.0107481
0.0111706
0.0109982
0.0111488
0.00476017
0.0133748
0.00979558
0.014059
0.0111953
0.0108068
0.0126647
0.00966733
0.0121559
0.00983734
0.0114442
0.0114536
0.0115087
0.0101727
0.0120888
0.0101771
0.0102454
0.0107028
0.0105421
0.0104064
0.0110627
0.0108349
0.0117895
0.0112711
0.0105228
0.0115149
0.0105956
0.0111677
0.0111675
0.0107427
0.0112162
0.011403
0.0115642
