0.0415239
0.0328003
0.0321811
0.033005
0.0327859
0.0329835
0.0329544
0.0329534
0.0329295
0.0329214
0.0328004
0.0328639
0.0327545
0.0330743
0.0332061
0.0331754
0.0330585
0.0329978
0.0328948
0.0329407
0.0330287
0.0329443
0.0329343
0.0330069
0.0329722
0.0329455
0.0329334
0.0329656
0.0329207
0.0329351
0.0329691
0.0329657
0.032961
0.0329476
0.0329301
0.0329667
0.0329621
0.0329214
0.0329619
0.0329574
0.0329235
0.0329532
0.032955
0.0329614
0.0329611
0.0329573
0.0329503
0.0329331
0.0329548
0.0329542
0.0329531
0.0329421
0.0329382
0.0329471
0.0329532
0.0329447
0.0329302
0.0329308
0.0329442
0.0329426
0.0329409
0.0329308
0.0332924
0.0329703
0.0331744
0.0329759
0.0330078
0.0330036
0.032992
0.0329773
0.0329683
0.0329022
0.0329132
0.0329449
0.0329282
0.03294
0.0329349
0.0329313
0.0329311
0.0329355
0.03293
0.0329299
0.0329322
0.0329328
0.0329328
0.0329338
0.0329322
0.0329322
0.0329322
0.0329323
0.032933
0.0329341
0.0329323
0.0329323
0.0329339
0.0329323
0.0329332
0.0329324
0.0329332
0.032933
0.032933
0.0329339
0.0329327
0.0329336
0.0329326
0.0329326
0.0329327
0.0329338
0.0329338
0.033055
0.0330155
0.0329779
0.03293
0.0328809
0.0328942
0.0329013
0.0329508
0.0329296
0.0329275
0.0329385
0.0329381
0.0329359
0.032934
0.0329311
0.0329341
0.0329351
0.0329348
0.032932
0.0329325
0.0329324
0.0329324
0.032933
0.0329338
0.0329336
0.0329346
0.0329326
0.0329343
0.0329343
0.0329327
0.032934
0.032933
0.0329338
0.0329342
0.0329334
0.032933
0.0329339
0.032934
0.033055
0.0330155
0.032971
0.0329287
0.0328855
0.0328979
0.0329053
0.0329454
0.0329182
0.032934
0.0329333
0.0329333
0.032928
0.0329253
0.032937
0.0329314
0.0329309
0.0329301
0.0329362
0.0329334
0.0329372
0.0329368
0.0329331
0.032931
0.0329317
0.0329292
0.0329363
0.0329301
0.03293
0.0329355
0.0329308
0.0329345
0.0329315
0.0329305
0.0329328
0.0329345
0.0329312
0.0329309
0.0335903
0.0316071
0.0325591
0.0328414
0.0331022
0.0327536
0.0328532
0.0328822
0.032848
0.0329424
0.0329143
0.0328795
0.0328906
0.0329086
0.0329089
0.0328882
0.032902
0.0329072
0.0329156
0.0329176
0.0328975
0.0329064
0.0329141
0.0329063
0.0329085
0.03291
0.0329134
0.0329225
0.0329151
0.0328092
0.0330108
0.0328025
0.0328816
0.0329634
0.0329462
0.0328994
0.0329265
0.0329327
0.0329228
0.0329274
0.0329201
0.0329244
0.0329308
0.0329302
0.0329249
0.0329399
0.0329456
0.0329199
0.0329313
0.0329268
0.0329199
0.0329323
0.0329407
0.0329214
0.0329216
0.0329221
0.0329312
0.0329264
0.0329246
0.0329315
0.0329312
0.0329253
0.0329248
0.0329343
0.0329251
0.0329263
0.0329374
0.0329332
0.0329263
0.0329383
0.0329381
0.0336669
0.0331255
0.0328797
0.0327454
0.0328772
0.033017
0.0329908
0.0328877
0.03288
0.0329538
0.0329206
0.0329151
0.0329219
0.0329294
0.0329363
0.0329246
0.0329326
0.0329285
0.0329305
0.0329295
0.0329334
0.0329308
0.0329321
0.0329309
0.0329305
0.0329304
0.0329341
0.0329308
0.0329307
0.0329332
0.032933
0.032931
0.0329336
0.0329313
0.0329336
0.0329318
0.032934
0.0329313
0.0329318
0.0329314
0.0329321
0.0328691
0.0329496
0.0341341
0.0332319
0.0329256
0.0329389
0.0330653
0.0328883
0.0329044
0.0329489
0.0329377
0.0329569
0.0329712
0.0329882
0.0329547
0.0329383
0.0329284
0.0329699
0.0329673
0.0329533
0.032975
0.032974
0.0329699
0.0329697
0.0329461
0.03296
0.0329353
0.0329504
0.0329604
0.0329477
0.0329587
0.0329581
0.032951
0.0329571
0.0329549
0.0329575
0.0329464
0.0329562
0.0329267
0.0329275
0.0329489
0.0329323
0.0329271
0.0329325
0.0329325
0.0329463
0.0329494
0.0329414
0.0329476
0.0329476
0.0329373
0.0329464
0.0171696
0.0280591
0.033544
0.0323289
0.0326572
0.0325181
0.0324845
0.0327824
0.032582
0.0327915
0.0329354
0.0328914
0.0327028
0.0327421
0.0327743
0.0328037
0.0328433
0.0301711
0.0316488
0.0322823
0.0327137
0.0327916
0.0327603
0.0329464
0.0329316
0.032972
0.0329442
0.0329259
0.0329371
0.0329143
0.0329263
0.0329234
0.0329238
0.032924
0.0329264
0.0329259
0.0329268
0.0329254
0.0329316
0.0329278
0.0329303
0.0329315
0.0329288
0.040611
0.033177
0.0330132
0.0329673
0.0330152
0.0329928
0.0330404
0.0330262
0.032941
0.0329426
0.0329979
0.0329438
0.0329157
0.0329258
0.0329662
0.0329523
0.0329576
0.0329179
0.0329197
0.032963
0.0329222
0.032942
0.0329571
0.0329314
0.0329285
0.0329507
0.0329504
0.032949
0.0329292
0.0329502
0.0329343
0.0329501
0.0329398
0.0329348
0.0329384
0.0329488
0.0329362
0.0329446
0.0329449
0.0329316
0.0329416
0.0329393
0.0329446
0.0329263
0.0329311
0.0329414
0.0329429
0.0329428
0.0316273
0.0332788
0.0327613
0.0325712
0.0326125
0.0328627
0.0328376
0.0328997
0.0329235
0.032945
0.0328941
0.0329142
0.0329036
0.032921
0.0329072
0.0329052
0.0329086
0.0329153
0.0329389
0.0329351
0.0329351
0.0329127
0.0329118
0.0329137
0.032921
0.0329147
0.0329277
0.0329242
0.0329167
0.0329204
0.0329214
0.0329221
0.0329199
0.0329203
0.0329257
0.0333966
0.0229725
0.0338146
0.0326933
0.0328377
0.0329956
0.0328961
0.0328746
0.0329062
0.0328727
0.0328921
0.0329242
0.0328908
0.0330195
0.0319125
0.0331749
0.0331389
0.0326484
0.0326862
0.0328563
0.0329158
0.0328824
0.0328917
0.0328947
0.0329002
0.0329139
0.0329095
0.0329368
0.0329128
0.0329278
0.0329088
0.0329186
0.0329448
0.0329088
0.0329185
0.0329092
0.0329162
0.0329168
0.0329422
0.0329225
0.0329148
0.0329343
0.0329366
0.0329178
0.0329234
0.0329193
0.0329193
0.0329329
0.0329233
0.0329305
0.032921
0.0329237
0.032936
0.032925
0.0317404
0.0325078
0.03318
0.0327733
0.0327405
0.0329077
0.0328853
0.0329375
0.0329306
0.0329577
0.0329195
0.03295
0.0329394
0.0329411
0.0329352
0.0329315
0.0329321
0.0329378
0.0329366
0.0329359
0.0329347
0.0329326
0.0329378
0.0329383
0.0329338
0.0329336
0.0329369
0.0329341
0.032937
0.0329368
0.0329343
0.0329344
0.0329348
0.0329358
0.0329355
0.0329402
0.0325332
0.0331054
0.0329304
0.0327153
0.0330146
0.0327917
0.0329155
0.0329307
0.0329146
0.0329174
0.0329291
0.0329168
0.03293
0.0329195
0.0329202
0.0329131
0.0329145
0.0329147
0.0329195
0.0329149
0.0329413
0.0329349
0.0329173
0.0329182
0.0329342
0.0329212
0.0329238
0.0329253
0.0329348
0.0329259
0.032924
0.0329284
0.032925
0.032935
0.0329229
0.032926
0.0329248
0.0329247
0.0316777
0.036037
0.0332567
0.0329021
0.0326994
0.0325855
0.0327318
0.0328984
0.0327968
0.0327713
0.0328536
0.0326641
0.0327015
0.0337017
0.0331373
0.0329326
0.0332195
0.0332049
0.0331612
0.0330082
0.0330161
0.0329484
0.0329228
0.0329541
0.0329744
0.0329726
0.0329459
0.0329635
0.0329459
0.0329666
0.0329581
0.0329462
0.032958
0.0329591
0.0329354
0.0329493
0.0329333
0.0329627
0.0329381
0.0329371
0.0329268
0.0329519
0.032956
0.0329571
0.0329516
0.0329556
0.0329498
0.0329508
0.0329537
0.0329538
0.0329527
0.0329458
0.0329481
0.0329502
0.0329413
0.0329316
0.0329475
0.0329421
0.0329394
0.0329454
0.0329387
0.0329445
0.0329291
0.0329435
0.0343827
0.0278025
0.0306445
0.0331537
0.0328346
0.0329088
0.0329176
0.032818
0.0329052
0.0328439
0.0328875
0.0328631
0.032852
0.0328957
0.0328651
0.0328661
0.0328794
0.0328898
0.0328865
0.0328889
0.0328904
0.0328909
0.0333181
0.0222782
0.0336892
0.0326419
0.0326887
0.0328527
0.0327619
0.0327833
0.032894
0.0327907
0.0328533
0.0329127
0.0328373
0.0265378
0.0250163
0.032266
0.032852
0.0326023
0.0329205
0.0328304
0.0328976
0.0329234
0.0330046
0.0330145
0.032981
0.0329463
0.0329653
0.032988
0.0329679
0.0329685
0.0340178
0.0339055
0.0331471
0.0329251
0.0331022
0.0331301
0.033045
0.0329007
0.0330225
0.0330208
0.0330276
0.0329416
0.0329795
0.032954
0.032959
0.0329726
0.0329491
0.0329604
0.0329526
0.0329623
0.0329646
0.0329679
0.0329583
0.0329463
0.032953
0.0329551
0.0329426
0.0329503
0.0329492
0.032953
0.0329532
0.0329401
0.0329453
0.0329464
0.0329456
0.0329516
0.0329512
0.0329477
0.032951
0.0329341
0.0329329
0.0329281
0.0329397
0.032941
0.0329477
0.0329477
0.0329475
0.032946
0.0329326
0.0329288
0.0329416
0.0329455
0.0273824
0.0330953
0.0342115
0.0333254
0.0328849
0.0329078
0.0328044
0.0328934
0.0329324
0.032918
0.0329161
0.0329342
0.0329279
0.0329211
0.0329127
0.0329174
0.032919
0.0329176
0.032924
0.0329288
0.03293
0.0329229
0.0296181
0.0278331
0.0310957
0.0325052
0.0326898
0.032314
0.0323971
0.0329291
0.0324804
0.0328965
0.0327323
0.0328594
0.0329341
0.0328901
0.0326748
0.0327152
0.0328159
0.0329033
0.0344476
0.0343076
0.0336844
0.0327481
0.0327613
0.0325933
0.0327803
0.0328981
0.0327589
0.0328324
0.0327972
0.0328085
0.0328966
0.0328564
0.0328303
0.0328385
0.032919
0.0328604
0.0336339
0.0322708
0.0328212
0.0324349
0.0327609
0.0327495
0.0327582
0.0328514
0.0328907
0.0328763
0.0328767
0.0328806
0.0328851
0.0328811
0.0329093
0.0328853
0.0329221
0.0328991
0.0329034
0.0329057
0.0328954
0.0328988
0.0329113
0.0329043
0.032911
0.0329156
0.0329077
0.0329249
0.0297476
0.0350652
0.0336813
0.0322089
0.0326095
0.0327648
0.0329046
0.0328385
0.0329392
0.0329989
0.0329546
0.032957
0.0329798
0.0329307
0.0329479
0.0329789
0.0329771
0.0329316
0.0329699
0.0329665
0.0329549
0.032949
0.0329469
0.014979
0.0352518
0.0325172
0.0330444
0.0325374
0.032738
0.0328036
0.0328077
0.0328471
0.0328384
0.0329013
0.0328517
0.0329303
0.0328626
0.0328879
0.0328808
0.0335204
0.0334057
0.0327167
0.0335467
0.033019
0.0331277
0.0328855
0.0329671
0.0329068
0.0330172
0.0329605
0.032951
0.0329408
0.0329242
0.0329563
0.0329605
0.0329695
0.0329461
0.0329228
0.0329636
0.032968
0.0329532
0.0329533
0.0329688
0.0329538
0.0329399
0.0329495
0.0329246
0.0329502
0.0329271
0.0329613
0.0329527
0.0329305
0.0329568
0.0329564
0.0329534
0.0329553
0.0329558
0.032946
0.032947
0.0329496
0.0329318
0.0329335
0.0329484
0.0329504
0.0329304
0.0329367
0.0329325
0.0329485
0.0329455
0.032939
0.032942
0.035806
0.0270283
0.0301442
0.0322839
0.0322385
0.0326229
0.0328571
0.032501
0.0326358
0.0326099
0.0326859
0.0326452
0.0334056
0.0332827
0.0332928
0.0324193
0.0329697
0.0327681
0.0328549
0.0329188
0.032891
0.0329002
0.0328953
0.0328861
0.0328926
0.0329103
0.0328931
0.0329139
0.0328914
0.032897
0.0329381
0.0329129
0.0328971
0.0328996
0.0329131
0.0329054
0.0329068
0.0329157
0.0329084
0.0329057
0.032938
0.0329158
0.0329181
0.0329213
0.0329135
0.0329124
0.031647
0.0331929
0.032452
0.0325424
0.0327601
0.0328259
0.0328532
0.0328286
0.0328966
0.0329264
0.0328997
0.0329361
0.0328941
0.032905
0.0329456
0.0328935
0.0328986
0.0329011
0.0328971
0.0329214
0.0329018
0.0329022
0.0329217
0.0329031
0.0329154
0.0329393
0.0329212
0.0329094
0.0329186
0.0329229
0.0329186
0.0329237
0.0329144
0.032927
