0.00663962
0.0194707
0.0125269
0.0128978
0.0126305
0.0128545
0.012664
0.0127643
0.012754
0.0127497
0.0185983
0.0183227
0.0117219
0.0160998
0.0162249
0.0109548
0.0138654
0.0127593
0.0126613
0.0138508
0.0136873
0.0114341
0.0129172
0.0133621
0.0138438
0.0135975
0.0118208
0.0136915
0.0120678
0.0126095
0.0134026
0.0121065
0.0130656
0.0135078
0.0134681
0.0120603
0.0123645
0.0134137
0.0133745
0.013192
0.0132859
0.0133094
0.0131007
0.0126668
0.0132106
0.0123725
0.0125174
0.013238
0.0128115
0.0122919
0.012992
0.0128234
0.0130039
0.0124423
0.0131504
0.0123987
0.0125165
0.012399
0.012427
0.0129924
0.0124766
0.0130417
0.0129049
0.00990049
0.0156228
0.0153399
0.0108612
0.0126037
0.0142522
0.0137369
0.0138936
0.0129375
0.0125586
0.0126794
0.0126933
0.0126152
0.0126617
0.0126447
0.0127004
0.0126637
0.0126669
0.0126804
0.0127975
0.0127924
0.0126896
0.012764
0.0127707
0.0126962
0.0127606
0.0127568
0.0127848
0.0127138
0.0127575
0.0127599
0.0127429
0.0127049
0.0127097
0.0127107
0.0127467
0.0127306
0.0127621
0.0127141
0.0127649
0.0127462
0.0127643
0.0127607
0.0127602
0.0127214
0.0127288
0.0127303
0.00849082
0.0107228
0.011292
0.0123065
0.0139582
0.0137034
0.0122195
0.0125867
0.0126814
0.0129514
0.0126968
0.0128696
0.0128662
0.0128078
0.0126719
0.0126604
0.0127634
0.0128175
0.0126714
0.0127864
0.012723
0.0127821
0.0127919
0.0127908
0.0127739
0.0127154
0.0126963
0.0127718
0.0127846
0.0127442
0.0127491
0.0127082
0.0127458
0.0127441
0.0127487
0.0127335
0.012761
0.0127256
0.0127401
0.0127655
0.0127451
0.00849082
0.0101277
0.0116573
0.01233
0.0145092
0.0142412
0.0117512
0.0121561
0.012776
0.0127301
0.0123061
0.0127661
0.0126185
0.0124781
0.0130373
0.0129557
0.0124162
0.0125741
0.0130052
0.0124738
0.0128503
0.0126404
0.012541
0.0125545
0.012669
0.0128672
0.0129168
0.0126597
0.0125967
0.012766
0.0127471
0.012882
0.0127594
0.0127651
0.0127468
0.0128005
0.0126956
0.0128261
0.0127743
0.0126768
0.0127552
0.015789
0.0162879
0.0141645
0.0115125
0.012342
0.0142187
0.0128582
0.0128114
0.0121631
0.0130447
0.0128995
0.0130423
0.0121512
0.0132366
0.0125079
0.0128102
0.0122261
0.013231
0.0131038
0.012362
0.0127818
0.012902
0.01239
0.0129127
0.012567
0.0124947
0.012506
0.0129658
0.0125239
0.0125973
0.0122617
0.0125578
0.0126115
0.0162472
0.012872
0.0134999
0.0123794
0.011896
0.0117203
0.0120067
0.0118122
0.0131251
0.0130998
0.0134863
0.0134014
0.0134207
0.0121053
0.0120375
0.0121013
0.0126533
0.0132363
0.0131787
0.0123519
0.0124397
0.0130287
0.0132269
0.0124051
0.0131383
0.0125051
0.0124585
0.0124291
0.0124401
0.0124889
0.0131075
0.0129786
0.0130668
0.0129894
0.0127895
0.0124623
0.0127499
0.00560004
0.0172719
0.0100892
0.0144665
0.0129504
0.0122703
0.0124851
0.0127631
0.0127355
0.0128812
0.0126096
0.0127959
0.0126495
0.0128618
0.0128833
0.012874
0.0126875
0.012777
0.0126839
0.0128106
0.0127761
0.0128222
0.012822
0.0128203
0.0127029
0.0127777
0.0126801
0.0126901
0.0127202
0.0126875
0.012804
0.0127258
0.012721
0.0127171
0.0126932
0.0127667
0.0127128
0.0127667
0.0127717
0.0158675
0.0111948
0.0132775
0.0143279
0.0125036
0.0155374
0.0152971
0.0128135
0.0135765
0.0125618
0.0128055
0.0139715
0.0136573
0.0138995
0.0123399
0.0130181
0.013816
0.0124538
0.0131732
0.0136184
0.0135964
0.0119372
0.0120165
0.0124107
0.0128698
0.0120865
0.0134932
0.0120646
0.0122893
0.0133579
0.0133515
0.012197
0.013213
0.0124102
0.0132984
0.0130915
0.0132689
0.0123104
0.0132371
0.0124812
0.0131958
0.0130297
0.0130796
0.0129489
0.0124505
0.0125115
0.0125877
0.0125878
0.012591
0.0128256
0.0130247
0.0125728
0.0151552
0.0149022
0.0143068
0.012315
0.0146852
0.0146844
0.0132203
0.0141023
0.0138961
0.0137973
0.0118038
0.0133868
0.0120669
0.012206
0.0130451
0.0397487
0.0104359
0.0135958
0.0114815
0.0136295
0.012462
0.0133482
0.0124909
0.0127901
0.0128526
0.012607
0.0128516
0.0127477
0.0128002
0.0128037
0.0126427
0.0128251
0.0126771
0.0128047
0.0128077
0.0127045
0.0128105
0.0126858
0.0126884
0.0127694
0.0127805
0.0127179
0.0100593
0.00884546
0.00849097
0.0213474
0.0146983
0.0129933
0.0136682
0.0127046
0.0141388
0.0128174
0.0118916
0.0136038
0.0135294
0.0133207
0.0123269
0.0118803
0.011848
0.0136789
0.0132112
0.013588
0.011971
0.0133646
0.0134679
0.0122927
0.0131423
0.0130687
0.0133765
0.0133853
0.0129245
0.0129177
0.0125411
0.013297
0.012668
0.0131231
0.0132502
0.0126048
0.0126715
0.0123794
0.0127952
0.0131735
0.012903
0.0123712
0.0125823
0.0128416
0.012563
0.0129405
0.0127536
0.00939867
0.0174278
0.00874743
0.0155383
0.0114838
0.012382
0.0132067
0.0126333
0.0117762
0.0130932
0.0134239
0.012122
0.0133544
0.0131098
0.0123904
0.0131375
0.012906
0.0122411
0.0131967
0.0131293
0.0131397
0.0123323
0.0123439
0.0125318
0.0129589
0.0130109
0.0124588
0.0127001
0.0128943
0.0127039
0.0125752
0.0128865
0.0128783
0.0126106
0.0125226
0.0126363
0.0035716
0.0119256
0.0125309
0.0135497
0.0125161
0.0129786
0.0129017
0.0128835
0.0131168
0.0129088
0.0126765
0.0127572
0.0125325
0.0127265
0.01294
0.0125728
0.0125934
0.00729597
0.0161055
0.0169937
0.00993167
0.0169409
0.0140465
0.0104883
0.0125557
0.0124146
0.0120441
0.0136387
0.0136057
0.0128832
0.0134597
0.0119758
0.0129448
0.0121948
0.0121023
0.0133801
0.0133169
0.0130394
0.0131197
0.0126413
0.0127194
0.0123128
0.0128574
0.0123695
0.0127431
0.0129222
0.0124524
0.0130883
0.0127951
0.0130326
0.0126035
0.0125656
0.01279
0.0124625
0.0124689
0.00884535
0.0205459
0.00839056
0.0149842
0.0132814
0.0138186
0.0127153
0.0123901
0.0126123
0.0125005
0.0126402
0.0127634
0.0127827
0.0128351
0.0128054
0.0126459
0.012674
0.0126552
0.0126492
0.0126558
0.0128089
0.0128116
0.0128126
0.0127011
0.0128008
0.0128078
0.01268
0.0127933
0.0127943
0.0127285
0.0127019
0.0127728
0.0127699
0.0127105
0.0127723
0.0393589
0.0093143
0.0126548
0.0110206
0.0114887
0.0137007
0.0125509
0.0130659
0.013888
0.0119712
0.0124909
0.0120094
0.0132742
0.0121964
0.013313
0.0131528
0.0124134
0.0131179
0.0132805
0.0122272
0.0129905
0.0129218
0.0129181
0.0129463
0.0131627
0.0128619
0.0124085
0.0124326
0.0130795
0.0124702
0.0129514
0.0126934
0.0124693
0.0128517
0.0130146
0.0128559
0.0124814
0.0126997
0.012827
0.0127743
0.0126603
0.0186027
0.0280232
0.0122743
0.0131542
0.0135771
0.0119525
0.0123159
0.0134026
0.0121173
0.0131421
0.0127503
0.0125691
0.017205
0.00884546
0.0129755
0.0167383
0.0121907
0.0108339
0.0140366
0.0134487
0.0149312
0.0127192
0.0128404
0.0128517
0.0119136
0.0119973
0.0133117
0.0129802
0.0134226
0.0129217
0.0127789
0.0133985
0.0124034
0.0133317
0.0127704
0.0122262
0.0126652
0.0131732
0.0122752
0.0130921
0.0122923
0.0132117
0.0124031
0.0131686
0.0128211
0.0125525
0.0131457
0.0127123
0.0124007
0.0127281
0.0123991
0.0126627
0.0129886
0.0129307
0.0130681
0.013032
0.0126467
0.0129858
0.0124753
0.0126389
0.0125932
0.012901
0.0127516
0.0127686
0.0128511
0.012562
0.00778319
0.00339649
0.0134825
0.0105131
0.0124703
0.013781
0.0126582
0.0119319
0.01196
0.0128268
0.0123791
0.0125277
0.0130856
0.0130026
0.0123707
0.0124219
0.0129449
0.0128905
0.0127419
0.0128032
0.0128654
0.0127209
0.0128081
0.00324122
0.011933
0.0132497
0.0133904
0.0129291
0.0127514
0.0131751
0.013013
0.0135732
0.0130859
0.0125696
0.0127469
0.0122953
0.0126951
0.0131679
0.0123727
0.0124165
0.0283158
0.00656299
0.0167661
0.0140644
0.0118829
0.0131442
0.0123424
0.0130817
0.0129882
0.0129658
0.0125724
0.0129239
0.0127751
0.0129363
0.0129405
0.0125506
0.0128393
0.0127493
0.00828816
0.00754509
0.0102924
0.0156275
0.0202666
0.0167304
0.0119232
0.0136455
0.0118703
0.0128419
0.013603
0.0128141
0.0121086
0.0129391
0.0127227
0.0121695
0.0134745
0.0132772
0.0131162
0.013318
0.0131199
0.013347
0.0133326
0.0124092
0.0129741
0.0132745
0.0132289
0.0125205
0.0125208
0.0131402
0.012571
0.0131732
0.0129721
0.0123843
0.0129242
0.0126872
0.0129103
0.0123888
0.0130587
0.013028
0.0130907
0.0126959
0.0124474
0.0130505
0.0130234
0.0130183
0.0129158
0.0128517
0.0129939
0.0129908
0.0126822
0.0126327
0.0129923
0.0123509
0.0337212
0.0136198
0.013368
0.0125355
0.0132194
0.0130414
0.0123301
0.0128069
0.0125192
0.0127733
0.0125642
0.012594
0.0128219
0.0125846
0.0128539
0.0126327
0.012779
0.012869
0.012847
0.0128321
0.0127207
0.0126833
0.00864058
0.0243932
0.00570394
0.00923054
0.0156209
0.0126677
0.0132095
0.0140843
0.0127484
0.0140695
0.01138
0.0126354
0.0137206
0.0137185
0.0133915
0.012499
0.0231496
0.00561979
0.0151071
0.010602
0.0129745
0.012857
0.0127277
0.0118424
0.0130438
0.0133462
0.0127515
0.0125964
0.0129931
0.0124102
0.012856
0.0130674
0.0129719
0.0124697
0.00884897
0.0233664
0.0143109
0.0125888
0.0125655
0.0129249
0.0133106
0.0125762
0.013359
0.0125381
0.0121352
0.0121423
0.013318
0.0129964
0.012244
0.01324
0.0132579
0.0122377
0.012326
0.012317
0.0131174
0.0125488
0.0126553
0.0129633
0.0127916
0.0124391
0.0125845
0.0124766
0.0172635
0.0136728
0.00718355
0.0103914
0.0119948
0.0122016
0.012539
0.0131545
0.0125803
0.0123548
0.0128387
0.0128811
0.0128386
0.0129172
0.0126273
0.0128609
0.0129154
0.0125254
0.012914
0.0125313
0.0128553
0.0128045
0.012704
0.0194255
0.0108294
0.0129742
0.0129147
0.0127469
0.0120255
0.0127654
0.0122774
0.0124329
0.012854
0.0127172
0.0125195
0.0125716
0.0125823
0.0126699
0.0127417
0.0155838
0.0160883
0.0193279
0.0116815
0.0165737
0.0107422
0.0153497
0.0129285
0.0135448
0.0126773
0.0127806
0.0119576
0.0127885
0.0131353
0.0135447
0.0122774
0.0122097
0.0133993
0.0125789
0.013204
0.0133682
0.0131627
0.0132589
0.0122854
0.0121707
0.0133455
0.0133065
0.012431
0.0132064
0.0125302
0.0123008
0.0125063
0.0132003
0.01319
0.0129092
0.0124091
0.013076
0.0131415
0.0129036
0.0123879
0.0123917
0.0124308
0.0126674
0.0130511
0.0127577
0.0125256
0.0127163
0.0125237
0.0124875
0.0127657
0.013001
0.0173237
0.0123347
0.0137317
0.0138192
0.0134997
0.0117831
0.0135353
0.0122798
0.00423761
0.019948
0.00370481
0.0117059
0.0157429
0.0115747
0.0121313
0.0128517
0.0130141
0.012883
0.0135486
0.0119969
0.0134103
0.0122878
0.0122517
0.0130379
0.0123067
0.0131435
0.0125108
0.0123477
0.0123274
0.0127792
0.0123525
0.0131324
0.0131185
0.0126112
0.0124725
0.0125108
0.0127639
0.0126996
0.0125458
0.0125442
0.0129083
0.0125086
0.00723912
0.00693865
0.0119625
0.0108071
0.0130506
0.0132834
0.0113623
0.0129618
0.0128242
0.012806
0.013394
0.0130663
0.0129177
0.0118336
0.0124644
0.013107
0.0120619
0.0131027
0.0121891
0.0131122
0.0133559
0.0123342
0.0122499
0.0126789
0.0123621
0.0123819
0.0123083
0.0125697
0.0124491
0.0128686
0.0131353
0.0129113
0.0123854
0.0125542
0.0124065
0.0127223
