0.0126319
0.0179556
0.0220449
0.021267
0.0220502
0.0219162
0.0218243
0.0217793
0.0217865
0.0218028
0.00698436
0.0177955
0.0233992
0.0242179
0.0217292
0.0247099
0.0207854
0.0217792
0.0236355
0.0215691
0.0234002
0.0217826
0.0218374
0.0232352
0.0226031
0.0205027
0.023003
0.021144
0.0229453
0.0207388
0.0207457
0.0208446
0.0208768
0.0223438
0.0227717
0.0225103
0.0227193
0.0223713
0.0226222
0.0211212
0.0210251
0.0220701
0.0226173
0.0225539
0.0215206
0.0215355
0.0218025
0.0211886
0.0223478
0.0218969
0.0212356
0.0212461
0.0223681
0.0212728
0.0223285
0.0223303
0.0213406
0.0222544
0.0221919
0.0214778
0.0222144
0.0213894
0.0219092
0.0295847
0.0228298
0.0192074
0.0236383
0.022261
0.0227993
0.0213408
0.021762
0.0223836
0.0223668
0.0217436
0.0217164
0.0220021
0.0217782
0.0217963
0.021735
0.0217653
0.0217602
0.0218142
0.0218785
0.0218817
0.0218842
0.0218084
0.0218733
0.0218756
0.0218818
0.0217608
0.0218738
0.0217885
0.0218247
0.021861
0.0218668
0.0217889
0.0218446
0.0218587
0.0217917
0.0218264
0.0218408
0.0218377
0.0217899
0.0218011
0.0217872
0.0217878
0.0218398
0.0218453
0.0300054
0.0220232
0.0228787
0.0211968
0.0211547
0.0224363
0.021317
0.0210893
0.0218091
0.0224
0.0219948
0.0220287
0.0216784
0.0218253
0.0217161
0.0219131
0.0218885
0.0217739
0.021886
0.0218063
0.021901
0.0217504
0.0217522
0.0218884
0.0217926
0.0218873
0.021792
0.0218365
0.0217565
0.0218223
0.0218125
0.0217879
0.0217928
0.0218636
0.0218139
0.0218641
0.021777
0.0217776
0.0218533
0.0218213
0.0311879
0.0220218
0.0222779
0.0203844
0.0203942
0.0231314
0.0206618
0.0212503
0.0217838
0.0221002
0.0225706
0.0215475
0.0219524
0.0217209
0.0219547
0.0214953
0.0215708
0.0218394
0.0215713
0.0217675
0.0215291
0.0220805
0.0220954
0.021569
0.0218556
0.021572
0.0218649
0.0217081
0.0220472
0.0217576
0.021797
0.021899
0.0218807
0.0216361
0.0218008
0.0216359
0.0219497
0.0219472
0.021669
0.0217789
0.00607715
0.0159364
0.0239897
0.0191238
0.0216793
0.0203695
0.0205316
0.0219573
0.0217221
0.0209054
0.020983
0.0210375
0.0214994
0.0211813
0.0212055
0.0222922
0.0215407
0.0221693
0.0222774
0.0214285
0.021379
0.0218264
0.0219498
0.0214192
0.0220056
0.0221406
0.0220423
0.0214715
0.0271813
0.02467
0.018389
0.0206091
0.0222441
0.0214667
0.019282
0.021926
0.019803
0.0218166
0.0210111
0.0212962
0.020397
0.0231101
0.0211529
0.0226391
0.0208623
0.0223497
0.021105
0.0216827
0.0213284
0.0214331
0.0210993
0.0222416
0.0224201
0.0223783
0.021155
0.0213682
0.0218133
0.0212678
0.0215909
0.0218969
0.0214546
0.0219109
0.0221678
0.0216415
0.0222832
0.0218147
0.0220108
0.0216061
0.0221718
0.0218323
0.0263607
0.0225194
0.0194018
0.0234705
0.0204214
0.0236476
0.021232
0.0225097
0.0217543
0.0213353
0.0216319
0.0218911
0.021868
0.021873
0.0216785
0.0219593
0.0217204
0.0217051
0.0218613
0.0217884
0.0217038
0.0217487
0.0219216
0.0217213
0.021824
0.0217609
0.0218975
0.0218554
0.0218116
0.021731
0.021901
0.0218873
0.021745
0.0218901
0.0218591
0.0217412
0.0217884
0.0217698
0.0218694
0.0217825
0.0106102
0.017861
0.0183798
0.020385
0.0220516
0.0219724
0.025155
0.022215
0.0228018
0.0226055
0.0224357
0.0226875
0.0210864
0.0212604
0.0215078
0.0203709
0.0206296
0.020498
0.0220387
0.0220891
0.0224802
0.0215196
0.0224647
0.0217187
0.0215918
0.0226861
0.0227992
0.0213052
0.0209274
0.0208804
0.021533
0.0227365
0.0210521
0.0215612
0.0219759
0.0215018
0.0224743
0.0211005
0.0211709
0.022194
0.0222438
0.0215974
0.0218597
0.0216831
0.0214401
0.0223122
0.0220593
0.0214108
0.0218903
0.0215613
0.0213342
0.0222748
0.0120359
0.00443913
0.0213445
0.0194047
0.0187776
0.0223773
0.0208955
0.0221438
0.021753
0.0222716
0.0229517
0.0221867
0.0205589
0.0226507
0.0207184
0.0218947
0.0245339
0.0136467
0.023148
0.0225901
0.0220776
0.02159
0.0215925
0.0213537
0.0217216
0.0222234
0.0217412
0.0220476
0.0217634
0.0220204
0.0217894
0.0218314
0.0217321
0.0219423
0.0218684
0.0217268
0.0217435
0.0217254
0.0218153
0.0218806
0.0217578
0.0218259
0.0218718
0.0218919
0.0217483
0.0217951
0.0243067
0.0336046
0.0247493
0.0233839
0.0215658
0.0231542
0.0222043
0.0230803
0.0215322
0.021708
0.0212638
0.0199825
0.020145
0.0209045
0.0221654
0.0205163
0.0229792
0.0206518
0.022082
0.0228525
0.0207834
0.020786
0.020818
0.0211758
0.0222997
0.0224613
0.0221019
0.0214518
0.0209552
0.022363
0.0225079
0.0217506
0.02253
0.0217886
0.0212299
0.0223901
0.021942
0.0212557
0.0223852
0.0213598
0.0213246
0.0212902
0.022016
0.0222752
0.022255
0.0269713
0.0247949
0.022567
0.0204351
0.0203634
0.0220606
0.0218048
0.0219727
0.0229943
0.0215342
0.0215196
0.0226581
0.0212616
0.0218429
0.0216755
0.0215326
0.0218246
0.0222982
0.0214512
0.0213128
0.0216
0.0221297
0.0213539
0.0217564
0.021857
0.0222724
0.0217868
0.0215594
0.021915
0.0217345
0.0221105
0.0214885
0.0215338
0.0218665
0.0216027
0.0142935
0.00630219
0.0201215
0.0203749
0.0229055
0.02169
0.0222698
0.0215673
0.0215169
0.0221878
0.021507
0.0214431
0.0221465
0.0219661
0.0217861
0.0220575
0.0219106
0.0251981
0.0225022
0.0194361
0.022574
0.0189606
0.0246965
0.0214584
0.021892
0.0227977
0.0203356
0.0206507
0.021537
0.0225133
0.0224499
0.020915
0.02266
0.0211319
0.0210541
0.0222423
0.0217124
0.0210736
0.0213684
0.0224636
0.0212068
0.0219253
0.0214771
0.0223388
0.0221128
0.0218307
0.0212771
0.0223382
0.0222694
0.0213756
0.0222714
0.0221087
0.0213659
0.0216582
0.0215385
0.0221591
0.0216203
0.0206827
0.0170835
0.0241819
0.0239474
0.0200521
0.0210487
0.0220777
0.022083
0.0218175
0.0219888
0.0219223
0.0216935
0.0219159
0.0218008
0.0217226
0.0218926
0.0218162
0.0217282
0.0217368
0.0217553
0.0218036
0.0217283
0.0218959
0.021885
0.0217577
0.0218459
0.0218032
0.0218888
0.02185
0.0217614
0.0218732
0.0186972
0.0246436
0.0246144
0.0198771
0.0205297
0.0192984
0.0224799
0.0219947
0.0214045
0.0202331
0.0231461
0.0230983
0.0230319
0.0229314
0.0210517
0.0225224
0.0223557
0.0211259
0.0224274
0.0212104
0.0220552
0.0212689
0.0212347
0.0223482
0.0214232
0.0221069
0.0221371
0.0219124
0.0222761
0.0217449
0.0218377
0.0217142
0.0214342
0.0219459
0.0221702
0.0217617
0.0220351
0.0219531
0.0219514
0.0218615
0.0195017
0.0212572
0.0226244
0.0201102
0.0206115
0.0214914
0.0209578
0.0210796
0.0210999
0.0212572
0.0174488
0.0220877
0.0198849
0.0254935
0.0220447
0.0192096
0.0219287
0.0215042
0.023049
0.0217663
0.0212357
0.0218722
0.0216755
0.0229773
0.020948
0.0213509
0.0221601
0.0221923
0.0222803
0.022605
0.0225472
0.0212932
0.0212061
0.0217207
0.0211334
0.0211531
0.0222233
0.021753
0.022466
0.0221531
0.0224232
0.0212582
0.0219921
0.021595
0.0217513
0.021579
0.0222547
0.0214219
0.0215328
0.0214757
0.0217949
0.0222197
0.0215371
0.0221543
0.0215602
0.0215024
0.0218994
0.0215079
0.0221471
0.0215583
0.0221111
0.0220381
0.0177904
0.013165
0.0169782
0.016985
0.0203304
0.0203836
0.021567
0.0217217
0.0210918
0.0217925
0.0220515
0.0211543
0.0221702
0.0214972
0.0213459
0.021427
0.0213758
0.0213809
0.0218362
0.0216787
0.0215143
0.0217139
0.0216104
0.0220844
0.0311895
0.0259777
0.0206419
0.0242852
0.0213946
0.0200604
0.0214844
0.022031
0.0225759
0.021255
0.0209833
0.0211042
0.0214207
0.0213948
0.0222093
0.0222462
0.0204041
0.0204949
0.019196
0.0233781
0.0211368
0.0213859
0.0219033
0.0221211
0.0214459
0.0222045
0.0223339
0.022136
0.0215971
0.0218231
0.0216253
0.0216338
0.02188
0.0218975
0.027051
0.0180719
0.0258745
0.0185916
0.0202903
0.0188179
0.0197365
0.0212005
0.0207838
0.0236496
0.0217051
0.0218791
0.0219151
0.0229246
0.0223117
0.0213136
0.0215568
0.0215192
0.0227354
0.0225646
0.0214909
0.0217477
0.0214411
0.021867
0.0211695
0.0212275
0.0214402
0.021962
0.0222949
0.0219893
0.0212846
0.0222358
0.0219017
0.0215411
0.0222954
0.022309
0.0212916
0.0223335
0.0219676
0.0220572
0.0220094
0.0221879
0.022247
0.0222365
0.0214723
0.0220399
0.0214162
0.0214359
0.0215525
0.0215344
0.0216745
0.022086
0.0216939
0.0219703
0.0229447
0.0234791
0.0231117
0.0216079
0.0203027
0.020857
0.0225536
0.0220114
0.0216974
0.0217435
0.0216651
0.0217163
0.0216013
0.022022
0.0216611
0.0219267
0.021884
0.0217047
0.0218415
0.0216677
0.0217526
0.0216741
0.0217052
0.0219222
0.00868226
0.017326
0.0206627
0.0197817
0.0234339
0.0207559
0.0234207
0.0202937
0.0221039
0.0195739
0.0216468
0.0222555
0.022868
0.0230621
0.0203623
0.0223661
0.0215322
0.0216535
0.0288968
0.0235407
0.0221118
0.0197588
0.0207399
0.0209338
0.0221373
0.0216224
0.0222856
0.0225425
0.0215808
0.0216121
0.0217223
0.0214032
0.0217859
0.0256302
0.0199484
0.0223134
0.0205929
0.021019
0.0219313
0.0235225
0.0232722
0.0221704
0.0214007
0.0207591
0.0220937
0.0208641
0.0217084
0.0220965
0.0218153
0.0210484
0.0210675
0.0219033
0.0222969
0.0223778
0.0212482
0.0215695
0.02171
0.0216349
0.0219847
0.021781
0.0220451
0.0216986
0.00913574
0.0160278
0.0256072
0.0197148
0.0232311
0.0223367
0.0214744
0.0215902
0.0222929
0.0215253
0.0219847
0.0220693
0.021484
0.0221747
0.0215258
0.0221361
0.0217387
0.0219066
0.0220617
0.0219943
0.0216842
0.0219416
0.0220262
0.0317787
0.0142294
0.0238705
0.0208372
0.0216275
0.0222113
0.0210491
0.0215568
0.0215982
0.0220581
0.0213526
0.0220951
0.0216813
0.0216345
0.021476
0.021525
0.0219267
0.0248063
0.0188277
0.0249486
0.0263104
0.0180427
0.0205982
0.0248541
0.021678
0.0205032
0.0201215
0.021684
0.0229676
0.0217073
0.0232064
0.0221066
0.0206953
0.0225779
0.0217467
0.0209043
0.0210251
0.0211218
0.0209767
0.0223735
0.0210227
0.0226166
0.02259
0.0213172
0.0222001
0.0215973
0.0224018
0.0224085
0.0222524
0.0222074
0.0219676
0.0218821
0.0212676
0.0222859
0.0221314
0.0222681
0.0214478
0.0220461
0.0213706
0.021803
0.0222258
0.0216272
0.0215499
0.0221021
0.0218333
0.021577
0.0218589
0.0221683
0.0221402
0.0240546
0.0197396
0.0198125
0.0216319
0.0201442
0.0228142
0.0206
0.0220585
0.0222714
0.0212936
0.0147191
0.0207702
0.0238336
0.019775
0.0212194
0.0222603
0.0215488
0.022777
0.021927
0.0207551
0.0224964
0.0211471
0.0211513
0.0211128
0.0221552
0.0211227
0.0212785
0.0220984
0.0216963
0.0214047
0.0217088
0.0215269
0.0215753
0.0213769
0.0222314
0.0218407
0.0214088
0.021388
0.0221828
0.0221529
0.021816
0.0217581
0.0214753
0.021924
0.0252633
0.0125927
0.0210049
0.0177036
0.0213467
0.0212779
0.0229596
0.0205742
0.0201257
0.0220663
0.021596
0.0230192
0.0212771
0.0206905
0.0224752
0.0209133
0.02265
0.0223209
0.0225126
0.0215121
0.0210218
0.0210874
0.0222115
0.0212009
0.0220734
0.0216425
0.0214424
0.0212982
0.0212806
0.0223059
0.0215337
0.0221419
0.0217099
0.0222024
