0.0707776
0.0141151
0.0142706
0.0141908
0.0142424
0.014155
0.0141848
0.0141605
0.0141527
0.0203983
0.0137656
0.0141218
0.0139783
0.014887
0.0140046
0.0143602
0.014326
0.0141902
0.0142166
0.0141962
0.014207
0.0141788
0.0142052
0.0142047
0.0142075
0.0142057
0.0142018
0.0141973
0.0141961
0.0141858
0.0141988
0.0141973
0.014191
0.0141962
0.0141795
0.014169
0.0141696
0.0141942
0.0141704
0.014175
0.0141795
0.0141908
0.0141735
0.0141858
0.0141862
0.0141888
0.014186
0.014187
0.0141829
0.0141805
0.0141749
0.0141808
0.0141671
0.0141711
0.0141821
0.0141825
0.0141671
0.0141742
0.0141613
0.0141598
0.0141577
0.0146448
0.0143046
0.0141014
0.0142284
0.0141743
0.014167
0.0141793
0.0141574
0.0141631
0.0141608
0.0141698
0.0141684
0.0141687
0.0141651
0.0141632
0.0141647
0.0141675
0.0141668
0.0141672
0.0141654
0.0141662
0.0141662
0.0141659
0.0141658
0.0141668
0.0141664
0.014166
0.0141662
0.0141664
0.0141662
0.0141665
0.0141664
0.0141664
0.0141666
0.0141668
0.0141662
0.0141664
0.0141667
0.0141664
0.0141663
0.0141668
0.0141664
0.0141665
0.0141771
0.0133072
0.0139372
0.014223
0.0142091
0.0141234
0.0141542
0.0141518
0.0141664
0.0141658
0.0141654
0.0141642
0.0141662
0.0141666
0.014167
0.0141684
0.0141677
0.0141666
0.0141675
0.0141674
0.0141667
0.0141676
0.0141668
0.0141669
0.0141675
0.0141671
0.0141672
0.0141669
0.0141673
0.0141669
0.0141672
0.0141673
0.0141671
0.0141671
0.014167
0.0141672
0.014167
0.0141669
0.0141669
0.0141672
0.0141771
0.0131996
0.0139301
0.0142228
0.0142076
0.0141167
0.0141497
0.0141476
0.0141622
0.0141642
0.0141655
0.0141616
0.0141647
0.0141642
0.0141639
0.0141645
0.0141645
0.0141645
0.0141643
0.0141644
0.0141659
0.0141647
0.0141672
0.0141658
0.0141648
0.0141652
0.0141658
0.0141666
0.0141652
0.0141667
0.0141657
0.0141654
0.0141657
0.0141657
0.014166
0.0141654
0.0141664
0.0141665
0.0141664
0.0141658
0.00898165
0.0137809
0.0143956
0.0143265
0.0142772
0.0138815
0.0140357
0.0140992
0.0141328
0.0141482
0.0141551
0.0141352
0.0141447
0.0141176
0.0141182
0.0141258
0.0141415
0.0141259
0.01413
0.0141531
0.0141304
0.0141523
0.0141658
0.0141366
0.0141599
0.014159
0.0141409
0.0141538
0.0141595
0.0141552
0.0142071
0.0141511
0.0141889
0.0141873
0.0141293
0.0141326
0.0141351
0.0141572
0.0141563
0.0141571
0.0141568
0.0141628
0.0141572
0.0141625
0.0141577
0.0141582
0.0141582
0.0141644
0.0141589
0.0141602
0.0141646
0.0141628
0.0141605
0.0141661
0.0141656
0.0141645
0.014163
0.0141628
0.0141656
0.0141644
0.0141622
0.0141625
0.0141628
0.0141643
0.014163
0.0141631
0.0141553
0.0138583
0.014082
0.0141296
0.0141476
0.0142309
0.0141422
0.0140944
0.0141202
0.0141283
0.0141403
0.0141531
0.0141556
0.0141733
0.0141553
0.0141558
0.0141662
0.0141644
0.0141647
0.0141647
0.0141637
0.0141634
0.0141638
0.0141664
0.0141648
0.0141644
0.014164
0.0141644
0.0141649
0.014165
0.0141668
0.0141647
0.0141645
0.0141645
0.0141651
0.0141648
0.0141655
0.0141665
0.0141666
0.0141666
0.0228197
0.0144822
0.0143707
0.0141755
0.0141904
0.0141544
0.014289
0.0142532
0.0142668
0.0142078
0.0141599
0.014224
0.0141728
0.0142155
0.014207
0.0141977
0.0141952
0.0141995
0.0142001
0.0141917
0.0141979
0.0141779
0.0141972
0.0141953
0.0141839
0.0141718
0.0141754
0.0141932
0.0141831
0.0141803
0.0141689
0.0141774
0.0141835
0.0141738
0.0141733
0.0141706
0.0141849
0.0141694
0.0141825
0.0141789
0.0141741
0.0141785
0.0141786
0.0141771
0.0141787
0.0141723
0.0141759
0.0141748
0.0141747
0.0141802
0.0141712
0.010026
0.0137882
0.0135406
0.0135471
0.0137336
0.0136768
0.0138758
0.0139083
0.0137837
0.0137852
0.0140034
0.0140952
0.0139499
0.0139211
0.0139907
0.0141499
0.0140131
0.0140402
0.0263718
0.0146038
0.0136777
0.0140947
0.0138469
0.0139354
0.014092
0.0141464
0.0141327
0.0141638
0.0141436
0.0141658
0.0141608
0.0141623
0.0141554
0.0141598
0.0141571
0.0141574
0.0141624
0.0141594
0.0141588
0.0141633
0.014164
0.0141601
0.0141645
0.0141608
0.0141639
0.0141615
0.0141591
0.0142224
0.014122
0.0142483
0.0142186
0.0142306
0.0141702
0.0142109
0.0142013
0.0142166
0.0141924
0.0141907
0.0141694
0.0141859
0.0141836
0.0141853
0.0141707
0.0141721
0.0141829
0.0141692
0.0141828
0.0141823
0.0141819
0.014182
0.0141764
0.0141778
0.014179
0.0141708
0.0141803
0.0141688
0.0141775
0.0141685
0.0141751
0.0141752
0.0141756
0.0141749
0.0141759
0.0141722
0.0141746
0.0141735
0.0141676
0.0141712
0.0141726
0.0141666
0.0141797
0.0136816
0.014159
0.0142903
0.0139333
0.0140032
0.0140738
0.0142026
0.0141565
0.0141416
0.0141319
0.0141332
0.0141633
0.0141422
0.0141408
0.0141394
0.0141418
0.014142
0.0141418
0.0141516
0.0141499
0.0141454
0.0141616
0.0141585
0.0141588
0.0141511
0.0141502
0.0141594
0.014153
0.0141516
0.0141533
0.0141523
0.0141661
0.0141583
0.0141567
0.0154156
0.0135388
0.0137659
0.0138137
0.0142192
0.0140953
0.0140947
0.0140989
0.014152
0.0141275
0.0141161
0.0141302
0.0141081
0.0141611
0.0141562
0.0141269
0.0141553
0.0138584
0.0140437
0.0141277
0.014146
0.0142003
0.0141397
0.0140831
0.0140893
0.0140989
0.0141336
0.0141442
0.0141468
0.0141441
0.0141465
0.0141414
0.0141411
0.0141561
0.0141428
0.0141419
0.0141431
0.0141454
0.0141447
0.0141641
0.0141525
0.0141541
0.0141479
0.0141496
0.014157
0.0141568
0.014167
0.0141525
0.0141526
0.0141517
0.0141554
0.0141539
0.0141578
0.0141649
0.0141654
0.0141653
0.0141754
0.0136525
0.0140391
0.0141817
0.0142257
0.0140662
0.0141414
0.0141616
0.0141704
0.0141891
0.0141665
0.014155
0.0141571
0.0141685
0.014168
0.0141662
0.0141708
0.0141666
0.0141688
0.0141708
0.0141668
0.0141696
0.0141707
0.014171
0.0141701
0.0141706
0.014169
0.0141705
0.0141672
0.0141692
0.0141684
0.0141692
0.0142189
0.0137994
0.0140256
0.014224
0.0141175
0.0142032
0.0141477
0.0140871
0.0141388
0.014144
0.0141568
0.0141383
0.0141433
0.0141501
0.0141436
0.0141483
0.0141472
0.0141552
0.0141486
0.0141509
0.0141526
0.0141533
0.0141599
0.0141527
0.0141584
0.0141632
0.0141651
0.0141573
0.0141611
0.0141586
0.0141581
0.0141622
0.0141598
0.0141577
0.0141566
0.0141584
0.0141643
0.0141631
0.0141581
0.0141651
0.0141634
0.0140936
0.0129043
0.0133147
0.0137357
0.0139548
0.0139316
0.0140237
0.0140351
0.0141462
0.0141283
0.0140561
0.0139123
0.0140601
0.0142225
0.0141588
0.0143354
0.0142207
0.0140976
0.01422
0.014272
0.014161
0.0141373
0.0142309
0.0142498
0.0141722
0.0141865
0.0141949
0.0141716
0.0141975
0.0141987
0.0141938
0.0141978
0.0141843
0.0141839
0.014191
0.0141899
0.0141949
0.0141937
0.0141933
0.0141823
0.0141906
0.014169
0.014189
0.014172
0.0141916
0.0141885
0.0141742
0.0141792
0.0141799
0.0141829
0.0141711
0.0141721
0.0141814
0.0141732
0.0141809
0.0141713
0.0141724
0.0141811
0.0141806
0.0141803
0.0141764
0.0141791
0.0141712
0.0141802
0.0127396
0.0124003
0.0138872
0.0138574
0.0139538
0.0141296
0.0140165
0.0140037
0.0141333
0.0140154
0.0141141
0.0140632
0.014084
0.0141258
0.0140722
0.0141604
0.0141051
0.0141246
0.0141052
0.0141088
0.014118
0.0141365
0.0141494
0.0153301
0.0134829
0.013713
0.013748
0.0140727
0.013972
0.0140526
0.0139888
0.0141309
0.0140669
0.0140734
0.0140791
0.0140469
0.0141554
0.014145
0.0140805
0.0140631
0.01518
0.0151603
0.0146535
0.0140679
0.0142525
0.0143023
0.0142773
0.014246
0.0142219
0.014181
0.0141705
0.0142128
0.0141891
0.0141738
0.0142007
0.0142041
0.0142169
0.0140054
0.0143207
0.0141407
0.0143229
0.0140977
0.0143171
0.014186
0.0142596
0.0142296
0.0142348
0.0141727
0.0142335
0.0141741
0.0141908
0.0141932
0.0141812
0.0141938
0.0141946
0.0141775
0.0141926
0.01417
0.0141767
0.0141764
0.0141862
0.0141922
0.0141832
0.0141864
0.0141909
0.014171
0.0141889
0.0141722
0.0141867
0.0141887
0.0141726
0.0141829
0.014185
0.0141698
0.0141723
0.0141789
0.0141715
0.0141756
0.014176
0.0141671
0.0141756
0.014173
0.0141675
0.0141706
0.0141761
0.0141699
0.0141782
0.0141694
0.00958127
0.0142349
0.0139981
0.0145451
0.0140276
0.0140292
0.0141097
0.0141572
0.0140738
0.0141452
0.0141497
0.014148
0.0141458
0.0141586
0.0141631
0.0141537
0.0141484
0.0141476
0.0141484
0.0141487
0.0141495
0.0141529
0.014162
0.0203033
0.014863
0.0143316
0.0138234
0.0136836
0.0140892
0.0141264
0.0139804
0.0139838
0.0138473
0.0140774
0.0139277
0.0138554
0.0138932
0.0141272
0.0141187
0.0140343
0.0126079
0.0138885
0.0139669
0.0139483
0.0139053
0.0140723
0.014023
0.0140947
0.0141515
0.0140846
0.0140327
0.0141555
0.01404
0.014073
0.0141
0.0141113
0.0141329
0.00980906
0.0137665
0.0143983
0.0143265
0.0142755
0.013864
0.0140251
0.014092
0.0141253
0.0141462
0.0141538
0.0141313
0.0141426
0.0141117
0.0141111
0.0141205
0.0141379
0.0141202
0.0141247
0.0141514
0.0141252
0.0141504
0.0141657
0.0141324
0.014159
0.014158
0.0141373
0.014152
0.0141585
0.0141536
0.0141834
0.0138042
0.0148954
0.0148478
0.0143855
0.0142299
0.0143223
0.0141113
0.0142748
0.0142915
0.0142067
0.0141672
0.0142102
0.0142204
0.0141775
0.0142064
0.0141717
0.0141885
0.0141973
0.0141714
0.014176
0.0141833
0.0142008
0.0122052
0.0152693
0.0139825
0.0138749
0.014011
0.0140952
0.0140426
0.0140377
0.0141182
0.0140853
0.0140615
0.0140833
0.0141241
0.0141114
0.014104
0.0141476
0.0141278
0.0141605
0.013945
0.0139603
0.0144106
0.0144277
0.0143076
0.0142054
0.0143138
0.014275
0.0142153
0.0142023
0.0142164
0.0142112
0.0142098
0.0142012
0.0142001
0.014184
0.0142016
0.0142006
0.0141982
0.0141928
0.0141703
0.0141995
0.0141953
0.0141993
0.0141958
0.0141677
0.0141867
0.0141794
0.0141773
0.0141939
0.0141838
0.0141905
0.0141893
0.0141865
0.0141847
0.0141876
0.0141865
0.0141766
0.0141852
0.0141756
0.0141728
0.0141844
0.0141747
0.014181
0.0141825
0.0141752
0.0141777
0.0141686
0.0141715
0.0141797
0.0141771
0.00620185
0.0181483
0.0136762
0.0137801
0.0134613
0.0136317
0.0138023
0.014122
0.0140605
0.0140956
0.0142574
0.0131719
0.0138199
0.0139332
0.014036
0.0143244
0.0139168
0.0140598
0.0141064
0.0141084
0.0141267
0.0141325
0.0141561
0.0141191
0.0141198
0.0141213
0.0141248
0.0141229
0.0141343
0.0141547
0.0141234
0.0141326
0.0141392
0.0141515
0.0141625
0.0141371
0.0141487
0.0141409
0.0141426
0.0141576
0.0141603
0.0141625
0.0141629
0.0141562
0.0141535
0.0131323
0.0138538
0.0142908
0.0142589
0.014019
0.0140321
0.0141082
0.0141294
0.0141291
0.014118
0.0141384
0.01413
0.014147
0.0141373
0.0141375
0.0141572
0.0141312
0.0141531
0.0141412
0.0141413
0.0141505
0.0141631
0.0141626
0.0141555
0.0141494
0.0141646
0.0141651
0.0141515
0.0141544
0.0141582
0.0141596
0.0141544
0.0141587
