0.0139865
0.0139929
0.0139866
0.0139079
0.0140807
0.0139917
0.0139997
0.0140469
0.0139728
0.0139591
0.0139967
0.0139758
0.01406
0.014036
0.0139956
0.0139512
0.0139914
0.0140409
0.0139488
0.0140441
0.0140391
0.0139703
0.0140364
0.0140346
0.0139511
0.0139654
0.0139735
0.0140307
0.0139434
0.0139794
0.0139736
0.0139589
0.014004
0.0140143
0.0140248
0.0140218
0.0140218
0.0140038
0.014018
0.0139542
0.0139982
0.0139881
0.0140113
0.0139817
0.0139607
0.0139593
0.0140138
0.0140084
0.0139739
0.0139634
0.0139911
0.0139734
0.0140008
0.0139677
0.0139993
0.0140068
0.0139671
0.013994
0.0158716
0.0159246
0.012472
0.0161208
0.0152449
0.0130132
0.0138144
0.0148212
0.0146701
0.0133597
0.0146529
0.0133055
0.014529
0.0133949
0.0133642
0.0146904
0.0145524
0.014621
0.0146136
0.0137478
0.0136387
0.014511
0.0136673
0.0143784
0.0144514
0.0136
0.0137414
0.0143489
0.0137034
0.0136316
0.0137585
0.0136464
0.0141955
0.0141716
0.0136803
0.0136846
0.0136983
0.0139519
0.0140757
0.0140995
0.0138523
0.013958
0.0142501
0.0137601
0.0137656
0.0137682
0.0141951
0.0137811
0.014174
0.0141861
0.013966
0.0140577
0.0140633
0.0139942
0.0141136
0.0138405
0.0141582
0.014149
0.013974
0.0135493
0.0139315
0.0141424
0.0141152
0.0135502
0.0132961
0.0133572
0.0134112
0.0144482
0.0141263
0.0144019
0.0143416
0.0143431
0.0136316
0.0143046
0.0137097
0.0140471
0.0137901
0.0141305
0.0138085
0.0139387
0.0142097
0.0141886
0.014011
0.0141772
0.0139991
0.0138192
0.0139892
0.0139815
0.0138037
0.0139644
0.0140514
0.0140415
0.0137829
0.0136033
0.0135786
0.0136078
0.0142958
0.0140622
0.014258
0.0142037
0.0142132
0.0137447
0.014199
0.0138155
0.014023
0.0138651
0.0140769
0.0138743
0.0139566
0.0141416
0.0141243
0.0140022
0.0141184
0.0139946
0.0138703
0.0139883
0.0137824
0.0130405
0.0135977
0.013872
0.0138325
0.0143926
0.0134573
0.013534
0.0140568
0.0139281
0.0141253
0.0137689
0.0142272
0.0137571
0.0138925
0.0137408
0.0138649
0.0137946
0.0141338
0.0137824
0.013991
0.0141159
0.0140106
0.0140931
0.0140489
0.0139979
0.0140739
0.0140444
0.0140524
0.0139862
0.0139932
0.0136359
0.0140392
0.0139359
0.0141947
0.0137501
0.0139554
0.0140387
0.013806
0.0139672
0.0141121
0.0138337
0.0141139
0.014124
0.0140044
0.0140571
0.0140942
0.0140904
0.0139058
0.01395
0.0139027
0.0139935
0.0140451
0.014045
0.0139206
0.0140224
0.0140194
0.0140445
0.0138028
0.0134832
0.0129504
0.0146364
0.0144871
0.0133184
0.0137448
0.0136745
0.0138386
0.0143993
0.0139237
0.0135641
0.0135776
0.0135734
0.0143246
0.0141042
0.0142731
0.0142552
0.013726
0.0140923
0.0139009
0.0137576
0.013813
0.0137947
0.0141701
0.0138801
0.0137997
0.0138639
0.0140593
0.0140482
0.0140655
0.0141449
0.0139895
0.0139885
0.0139997
0.0140941
0.0139523
0.0139036
0.0140069
0.01404
0.0140421
0.0140007
0.0140187
0.0139594
0.0140554
0.0140509
0.0140503
0.0140414
0.0139608
0.0140023
0.0139543
0.0139877
0.0140404
0.0139671
0.0139914
0.0139679
0.0140224
0.0139693
0.0139841
0.0139684
0.013989
0.0139463
0.0139671
0.0140247
0.0139513
0.0139819
0.0140082
0.0139544
0.0139589
0.0140171
0.0139677
0.0139949
0.0140168
0.0140016
0.0139746
0.0139922
0.0139653
0.013975
0.0139672
0.0139763
0.0139845
0.0139704
0.0140073
0.0139652
0.0140075
0.0139794
0.0139037
0.0137218
0.0125313
0.0136869
0.0129254
0.0141946
0.0131286
0.0138611
0.0134764
0.0133668
0.0133764
0.0143827
0.0134924
0.0136168
0.0135384
0.0141973
0.0135874
0.0136814
0.014175
0.0141956
0.013677
0.0140779
0.0141747
0.013858
0.013944
0.0141651
0.0139871
0.0139943
0.0141615
0.0138422
0.0138861
0.013991
0.0140334
0.0139732
0.013868
0.0141086
0.0138932
0.01406
0.0139135
0.0139284
0.0140475
0.0140873
0.0139593
0.0140625
0.013896
0.013947
0.0139348
0.014074
0.0140712
0.013923
0.0140494
0.0139238
0.0140625
0.0140476
0.0139188
0.014048
0.0140294
0.013933
0.0139355
0.0139862
0.013958
0.0139562
0.0140068
0.013977
0.0139974
0.0139336
0.0139392
0.0139965
0.0139941
0.0139939
0.0140081
0.0140301
0.013959
0.0139967
0.013947
0.013969
0.0139708
0.0139494
0.0139522
0.0140186
0.0140052
0.0139582
0.0140207
0.0140139
0.0140195
0.0123993
0.0143147
0.0141379
0.013531
0.0136679
0.0135278
0.0143255
0.0139587
0.0136535
0.0136779
0.0141503
0.0137046
0.0137381
0.0141508
0.0141519
0.014042
0.013993
0.0140816
0.0138544
0.0138307
0.0138271
0.0138633
0.0141069
0.0140374
0.0139437
0.0138726
0.0138733
0.0138901
0.0140463
0.0139165
0.0137791
0.0135245
0.0143462
0.0142483
0.0136826
0.0138837
0.0138464
0.0139202
0.0142219
0.0139583
0.01377
0.013735
0.0137539
0.0141955
0.0140524
0.0141659
0.0141556
0.0138228
0.0140474
0.0139401
0.0138527
0.0138882
0.0138751
0.0140997
0.0139259
0.0138739
0.0139154
0.0140302
0.0139689
0.0135277
0.0139219
0.0141026
0.0128385
0.0126793
0.014275
0.0141825
0.0131297
0.0132073
0.0132828
0.0143696
0.0133423
0.0134024
0.0143285
0.0136357
0.0135132
0.0135883
0.0135776
0.0137945
0.0136868
0.014036
0.0137992
0.013803
0.013716
0.0141422
0.0139812
0.013778
0.0139578
0.0145533
0.0134353
0.0141136
0.0136155
0.0142005
0.0136653
0.0137248
0.0141409
0.0141885
0.0137552
0.0137631
0.0139656
0.0138298
0.0141343
0.0140242
0.0141325
0.0139024
0.0139354
0.0138559
0.0141023
0.0138647
0.0138796
0.0139219
0.0138818
0.0139522
0.0139303
0.0139779
0.0140509
0.0139712
0.0139865
0.0140076
0.0142791
0.0142298
0.0142879
0.0140101
0.0138319
0.0141756
0.0140384
0.0138459
0.0141764
0.0138434
0.0138592
0.0140108
0.0141418
0.0141462
0.0138542
0.0138782
0.0140884
0.014123
0.0140782
0.0141167
0.0139294
0.0139851
0.0138847
0.0139299
0.0139729
0.0140245
0.0140883
0.0139667
0.0139412
0.0140625
0.0140778
0.0140681
0.014063
0.0140717
0.0140403
0.0140282
0.013947
0.014063
0.0140613
0.0140553
0.0140055
0.0140048
0.0139402
0.0140064
0.0140169
0.0140229
0.0139732
0.0139797
0.0139779
0.0140405
0.0139353
0.0140099
0.0140033
0.0139633
0.0140266
0.0139467
0.014026
0.0139845
0.013705
0.0135602
0.0136705
0.0122948
0.0130866
0.0132203
0.0132277
0.0127569
0.0139512
0.0129611
0.0130381
0.0131982
0.0137746
0.0134594
0.0132804
0.0134719
0.0135607
0.0133703
0.013419
0.0134238
0.0140259
0.0141253
0.0138739
0.0135743
0.0136876
0.0136179
0.0141636
0.0136552
0.0136691
0.0139865
0.0139969
0.0139869
0.0142006
0.0136681
0.0143069
0.0139901
0.0137534
0.0138344
0.0141401
0.0137984
0.0140753
0.013965
0.0139587
0.014057
0.0140895
0.0141554
0.0139059
0.0139262
0.0141329
0.0138916
0.0139254
0.0139183
0.0141221
0.0141155
0.0138725
0.0141094
0.0141016
0.0140974
0.0139835
0.0140522
0.0140813
0.0140481
0.0139345
0.0140247
0.0139914
0.0139099
0.0140615
0.0140738
0.0140455
0.0140605
0.0139659
0.0139149
0.0139233
0.0140595
0.0140617
0.0140608
0.0140083
0.0140341
0.0139568
0.0139596
0.0140471
0.0139711
0.0139957
0.0140275
0.0139377
0.0140402
0.0140398
0.0140352
0.00964812
0.0138989
0.0133907
0.0134669
0.012455
0.013629
0.0124576
0.0132864
0.0131216
0.0129133
0.0130197
0.013923
0.0130963
0.0144432
0.0140494
0.0143729
0.013332
0.0134881
0.0139556
0.0134488
0.0134619
0.0141214
0.014184
0.0138067
0.0137948
0.0136194
0.0137138
0.0140832
0.0139922
0.0140322
0.0137807
0.0131769
0.013661
0.0138918
0.0138574
0.0143467
0.0135247
0.0135921
0.0140451
0.0139346
0.0141065
0.0137968
0.0142017
0.0137854
0.0139034
0.0137691
0.0138789
0.0138166
0.0141176
0.0138048
0.0139897
0.0141021
0.0140072
0.0140817
0.0140418
0.0139961
0.0140646
0.0140381
0.0140453
0.0139781
0.0126606
0.00967966
0.0112227
0.0100376
0.00988483
0.010328
0.0104728
0.0110433
0.0111936
0.0144214
0.0147151
0.012476
0.0136445
0.012778
0.0142174
0.0138338
0.0129267
0.0132833
0.0133494
0.0143509
0.013415
0.0142727
0.0142146
0.0134172
0.0143011
0.0141587
0.0139865
0.0139867
0.0140312
0.0139872
0.0139893
0.0139918
0.0139842
0.0140388
0.0139867
0.0141313
0.0139425
0.01415
0.0139561
0.0140052
0.0139133
0.0141107
0.0139794
0.0141142
0.0139627
0.0141064
0.0141007
0.0138867
0.013891
0.014083
0.0140828
0.0139116
0.0140662
0.0140797
0.0140802
0.0139025
0.0139777
0.0139515
0.0140078
0.0139958
0.0139759
0.0140594
0.01406
0.0139222
0.0140495
0.0140527
0.0139847
0.0140487
0.0139489
0.0139662
0.0139953
0.0139713
0.0140405
0.0139416
0.0139677
0.0140374
0.0139819
0.0139771
0.0140236
0.0139439
0.0139663
0.0140182
0.0139635
0.0140275
0.0136709
0.0127718
0.0128913
0.0145074
0.0135925
0.0133994
0.0134206
0.0141566
0.013506
0.0136145
0.0136013
0.014056
0.013875
0.0136364
0.0136584
0.0136811
0.013741
0.0137059
0.0137397
0.0137675
0.0137749
0.0137827
0.0137896
0.0140872
0.0141207
0.0141045
0.0140321
0.014005
0.0139349
0.0139631
0.0128425
0.0139754
0.0136804
0.0137743
0.0141199
0.0139469
0.013704
0.0139068
0.0137618
0.0140022
0.0139908
0.0141322
0.0138295
0.0138092
0.0139268
0.0138289
0.0138926
0.0141094
0.0138646
0.0139008
0.0140871
0.0139478
0.0139738
0.0139931
0.0140607
0.013947
0.0139882
0.0140135
