0.024162
0.0242664
0.0241624
0.0241781
0.0242064
0.0241741
0.0241841
0.0241685
0.0241665
0.0241537
0.0241644
0.0241455
0.0241759
0.0241645
0.0241552
0.0241478
0.0241813
0.0241682
0.0241814
0.024181
0.0241694
0.0241709
0.024178
0.0241564
0.0241672
0.0241557
0.0241755
0.024174
0.0241734
0.0241761
0.0241756
0.0241753
0.0241679
0.0241631
0.0241742
0.0241729
0.0241583
0.0241659
0.0241726
0.024157
0.0241722
0.0241668
0.0241546
0.0241602
0.0241553
0.0241679
0.0241662
0.0241645
0.0241699
0.0241698
0.0241689
0.0241691
0.0241653
0.0241636
0.0241674
0.0241582
0.0241634
0.0241602
0.024162
0.0239062
0.024187
0.0242487
0.024183
0.0242117
0.02408
0.0244096
0.0242777
0.0243425
0.0240312
0.0243373
0.0241349
0.0243888
0.0240287
0.0240335
0.0240611
0.0241513
0.0243466
0.0242926
0.0241208
0.0240636
0.0240962
0.0243188
0.0240648
0.0241401
0.0240741
0.0242806
0.0240742
0.0242527
0.0240972
0.0242229
0.0242325
0.0240907
0.0242591
0.0242533
0.0242134
0.0242452
0.0241532
0.0242445
0.0242374
0.0242377
0.024228
0.0242276
0.0241705
0.0241155
0.0241726
0.0241298
0.0241105
0.0241664
0.0241198
0.0242169
0.0241757
0.0241235
0.0242114
0.0241777
0.0242079
0.0242021
0.023724
0.024237
0.0241484
0.0239223
0.0239429
0.0239413
0.0241885
0.0239924
0.0240336
0.0241132
0.0242562
0.0242467
0.0241041
0.0240808
0.0240721
0.0241149
0.0240727
0.0242201
0.0240842
0.0240922
0.0241682
0.0242128
0.0242007
0.0242125
0.0241694
0.0241406
0.0241963
0.0241759
0.0238918
0.0241999
0.0241564
0.0240106
0.0240226
0.0240315
0.0241752
0.0240683
0.0240944
0.0241365
0.0242219
0.0242146
0.0241296
0.0241147
0.0241
0.0241341
0.0241055
0.0241998
0.0241127
0.0241173
0.0241659
0.0241961
0.0241874
0.0241972
0.0241667
0.0241483
0.0241851
0.0241711
0.0241464
0.0236916
0.0240736
0.0239919
0.0241182
0.0240304
0.0241225
0.0239833
0.0240909
0.0240614
0.0240005
0.0240527
0.0240266
0.0240952
0.0240784
0.0240446
0.024109
0.0241437
0.0241754
0.0241049
0.024074
0.0241304
0.0241041
0.024088
0.024091
0.0241044
0.0241107
0.0241041
0.0238642
0.0241361
0.024035
0.0240985
0.0240819
0.0240903
0.024219
0.0242019
0.0241219
0.0241522
0.0241724
0.0241959
0.0241254
0.0241212
0.0241254
0.0241762
0.0241287
0.0241302
0.0241603
0.0241383
0.0241353
0.0241847
0.0241563
0.0241517
0.0241807
0.024169
0.0241422
0.0241439
0.024165
0.0241633
0.0241343
0.0241397
0.0240462
0.02377
0.0240612
0.0239194
0.0242785
0.024233
0.0239765
0.0240382
0.0239611
0.0239857
0.0240575
0.0240182
0.0240206
0.0241955
0.0241175
0.0240796
0.0240838
0.0240596
0.0241697
0.0240798
0.0240765
0.0241611
0.0240905
0.0241578
0.0241048
0.024192
0.0241254
0.0241134
0.0241629
0.024162
0.0241706
0.0242397
0.0241716
0.0242013
0.0241702
0.0241647
0.0241898
0.02419
0.0241669
0.0241813
0.0241825
0.0241829
0.0241816
0.0241485
0.0241784
0.0241808
0.0241577
0.0241775
0.0241646
0.0241672
0.0241568
0.0241773
0.0241716
0.0241756
0.0241662
0.0241597
0.0241757
0.0241749
0.0241744
0.0241743
0.0241655
0.0241562
0.0241729
0.0241675
0.0241726
0.024169
0.0241585
0.0241555
0.0241553
0.0241712
0.0241558
0.0241569
0.0241555
0.0241705
0.0241632
0.0241692
0.0241698
0.0241589
0.0241615
0.0241605
0.0241565
0.0241589
0.0241625
0.024159
0.0241662
0.0241682
0.0241577
0.0235413
0.022055
0.0231338
0.0239792
0.0236265
0.0234717
0.0236064
0.0238033
0.0235988
0.0238389
0.0241523
0.0238349
0.0237925
0.0242217
0.0242447
0.0239156
0.0239114
0.0240149
0.023896
0.0239108
0.0239398
0.0242182
0.0239611
0.0239991
0.0240464
0.0241195
0.0240988
0.0241772
0.0240561
0.0240387
0.024162
0.0241845
0.0241822
0.0242276
0.0241889
0.0241632
0.0241635
0.0241695
0.024132
0.0241971
0.0241408
0.0241387
0.024193
0.0241389
0.0241547
0.0241825
0.0241614
0.0241877
0.0241398
0.0241434
0.0241434
0.0241818
0.0241844
0.0241578
0.0241751
0.0241833
0.0241777
0.0241508
0.0241669
0.0241704
0.0241762
0.0241464
0.0241691
0.0241503
0.0241728
0.0241781
0.0241776
0.0241775
0.0241766
0.0241736
0.0241748
0.0241756
0.0241527
0.0241682
0.0241501
0.0241694
0.0241598
0.024163
0.0241587
0.0241726
0.024173
0.0241525
0.0241641
0.0241696
0.0241625
0.0241716
0.0241628
0.0241539
0.0241581
0.0238963
0.0240083
0.0239398
0.0240918
0.0242165
0.0242166
0.0241149
0.0240616
0.0240685
0.0240452
0.0242009
0.0241522
0.0241213
0.0240713
0.0240825
0.024136
0.0241409
0.0240903
0.0242016
0.0241043
0.0241932
0.0241191
0.0241171
0.0241796
0.024173
0.0241217
0.0241419
0.0241844
0.0241446
0.024162
0.0241598
0.0240664
0.024118
0.0241149
0.0241594
0.0240115
0.0242135
0.0240556
0.0240659
0.0240623
0.0241495
0.0241988
0.0241243
0.0241449
0.0241023
0.0241058
0.0241121
0.024132
0.0241111
0.0241414
0.0241275
0.0241191
0.0241749
0.0241258
0.024157
0.0241639
0.0241336
0.0178125
0.0241572
0.0238579
0.0235388
0.0235079
0.0236686
0.024324
0.0237497
0.0237077
0.0241641
0.0238051
0.0238632
0.0242643
0.0238962
0.0238919
0.0241703
0.0240954
0.0239913
0.0242425
0.0240738
0.0240209
0.0240307
0.024227
0.0241134
0.0240923
0.0240805
0.0241105
0.0240665
0.0241111
0.024203
0.024162
0.0240235
0.0241006
0.0241338
0.0241398
0.0240903
0.0242019
0.0240867
0.0240744
0.0240904
0.024176
0.024107
0.0241184
0.0241012
0.0241658
0.024168
0.0241159
0.0241718
0.0241159
0.0241741
0.0241593
0.0241698
0.0241328
0.0241408
0.0241657
0.0241809
0.0241365
0.024136
0.0241479
0.024162
0.0250735
0.0242101
0.0241672
0.0242787
0.0241925
0.0242077
0.0242629
0.0242368
0.0241953
0.0241774
0.0241943
0.0242198
0.0241723
0.0242067
0.0242001
0.0241749
0.024213
0.0242116
0.0241698
0.0241716
0.0241683
0.0242049
0.0241374
0.0241742
0.0242002
0.0241813
0.0241992
0.024196
0.0241874
0.024191
0.0241416
0.0241916
0.0241812
0.0241713
0.0241437
0.0241871
0.0241492
0.0241827
0.0241873
0.0241862
0.0241867
0.0241668
0.0241786
0.0241786
0.0241768
0.0241482
0.0241606
0.0241734
0.0241727
0.0241588
0.0241757
0.0241789
0.0241579
0.0241767
0.0241538
0.0241729
0.0241532
0.0241618
0.0218083
0.0221449
0.0234579
0.0231478
0.0232391
0.0234851
0.0232325
0.0239033
0.0233171
0.0237836
0.0234467
0.023673
0.0236264
0.0242022
0.0236358
0.0236767
0.023671
0.0237692
0.0238947
0.0238279
0.023828
0.0240114
0.0240787
0.023981
0.0239896
0.0240157
0.0240449
0.0242231
0.024162
0.024264
0.0241877
0.0242119
0.0241998
0.0242402
0.0241812
0.0241869
0.0242463
0.0241744
0.0241999
0.0242299
0.0241472
0.0241788
0.0242052
0.0241595
0.0241372
0.0241574
0.0242143
0.0242033
0.0241819
0.0241875
0.0241384
0.0241337
0.024195
0.0241938
0.0242041
0.0241444
0.0242008
0.0241993
0.0241547
0.0241987
0.0241701
0.02416
0.0241452
0.0241946
0.0241845
0.0241894
0.0241565
0.0241898
0.0241886
0.0241886
0.0241467
0.0241692
0.0241804
0.0241837
0.024152
0.0241846
0.0241788
0.0241823
0.024178
0.0241795
0.0241737
0.0241809
0.0241802
0.0241761
0.0241603
0.024178
0.0199246
0.0232183
0.0218749
0.0235755
0.0234805
0.0233894
0.023156
0.0234277
0.0238452
0.0239339
0.0236167
0.0236707
0.0238711
0.0241477
0.0240039
0.0237773
0.0239149
0.0238535
0.0237739
0.0239381
0.0239256
0.0239043
0.0240376
0.0240536
0.024141
0.0239769
0.0239493
0.0239873
0.0224289
0.0241583
0.0241337
0.0240039
0.0240042
0.0241817
0.0240581
0.0241794
0.0241457
0.02407
0.0241937
0.0240253
0.0241381
0.0240478
0.0240491
0.0241761
0.0241382
0.0241231
0.0241837
0.0241374
0.0240793
0.0240832
0.0241683
0.0241535
0.0241298
0.0241737
0.0241239
0.0241048
0.0241145
0.0241608
0.0163086
0.0232795
0.023242
0.0209263
0.0233856
0.023831
0.023106
0.0231206
0.024252
0.0224561
0.0228535
0.0230819
0.0232848
0.0232358
0.023127
0.023225
0.0239508
0.0233185
0.0236607
0.0233868
0.0235752
0.0235608
0.0238426
0.0238304
0.0237978
0.0236515
0.0237167
0.0240021
0.024162
0.024162
0.0242517
0.024164
0.0241993
0.0241827
0.0241768
0.0242464
0.0241724
0.024179
0.0241942
0.0241618
0.0241855
0.0241466
0.0241508
0.0242025
0.0241473
0.0241935
0.0242065
0.0241961
0.0241786
0.0241854
0.0241986
0.0241732
0.0241843
0.0241452
0.0241422
0.0241962
0.0241607
0.0241908
0.0241815
0.0241909
0.0241787
0.0241439
0.0241436
0.0241635
0.0241669
0.0241536
0.0241512
0.0241526
0.0241844
0.0241647
0.0241491
0.0241706
0.0241818
0.0241611
0.0241785
0.0241577
0.0241722
0.0241541
0.0241757
0.0241745
0.0241667
0.0241772
0.0241703
0.0241766
0.0241758
0.0241529
0.0241568
0.0200124
0.0236697
0.0242096
0.024013
0.0241881
0.0239096
0.0238749
0.0239732
0.0239165
0.0239423
0.0239476
0.0241965
0.0241165
0.0240846
0.0240198
0.024087
0.0240349
0.0240942
0.0241817
0.024145
0.0240616
0.0240593
0.0241021
0.0241042
0.024087
0.0241248
0.0241221
0.024091
0.0240921
0.0240961
0.024162
0.0237514
0.0239293
0.0240054
0.0240217
0.0241215
0.0240747
0.0240675
0.0240717
0.0241496
0.0241505
0.0241113
0.0240934
0.0241082
0.0241709
0.0241177
0.0241131
0.0241553
0.0241184
0.0241158
0.0241247
0.0241398
0.024168
0.0241724
0.0241703
0.0241727
0.0241736
0.0241483
0.0241503
0.0241356
