0.0232743
0.0232385
0.0233137
0.0233504
0.0233392
0.0232444
0.0232411
0.023151
0.0233041
0.023263
0.0231762
0.0231718
0.0231894
0.0232895
0.0231765
0.0232719
0.0232778
0.0232153
0.0231838
0.0232793
0.0232081
0.023201
0.0232414
0.0232749
0.0231935
0.023272
0.0232021
0.023208
0.0232669
0.0232109
0.0232276
0.0232516
0.0232628
0.0232396
0.0232231
0.0232463
0.0232202
0.023201
0.0232582
0.0232571
0.023232
0.0232524
0.0232564
0.0232538
0.0232105
0.02322
0.0232428
0.023226
0.0232096
0.0232455
0.023251
0.0232416
0.0232192
0.0232158
0.0232478
0.0232266
0.0232475
0.0232155
0.0232269
0.0233265
0.0232327
0.0245531
0.0246915
0.0240712
0.0244402
0.022501
0.0231348
0.0226278
0.0231268
0.02375
0.0239527
0.0238144
0.0238377
0.023444
0.023728
0.0228004
0.0230474
0.0235785
0.0230819
0.0228875
0.0236027
0.0235826
0.0234634
0.0235285
0.0234751
0.0229244
0.0233265
0.023544
0.0233467
0.0233887
0.0235164
0.0230494
0.0234263
0.0229892
0.023475
0.0230062
0.0233558
0.0230225
0.0233851
0.0234315
0.0234212
0.0233774
0.0234165
0.0233094
0.0230668
0.0234004
0.0233945
0.0233806
0.0232815
0.0230882
0.0233581
0.0233659
0.0233639
0.0231056
0.0213301
0.023233
0.0223154
0.0238067
0.0228575
0.0231546
0.0228922
0.0227926
0.0227535
0.022869
0.0235052
0.0235696
0.0228783
0.023427
0.0235006
0.0229519
0.0234595
0.0234751
0.0234533
0.023448
0.0233836
0.0232632
0.02323
0.0232202
0.0230836
0.0233685
0.0233542
0.0232152
0.0231477
0.0232296
0.0232253
0.0229528
0.0234527
0.0236349
0.0228925
0.0234542
0.0229087
0.0231447
0.0229563
0.0229655
0.0233835
0.0230367
0.0234235
0.0231457
0.0234091
0.0231249
0.0232475
0.0233335
0.0231995
0.023367
0.0231711
0.0231167
0.0233124
0.0233281
0.0233035
0.0233308
0.0231605
0.0231364
0.0232296
0.0221957
0.0227227
0.0232054
0.0227406
0.0227202
0.0231416
0.0228734
0.0230739
0.0230065
0.0231583
0.0233612
0.0234298
0.0233152
0.0233682
0.0233907
0.0233666
0.023101
0.0233593
0.0231682
0.0230932
0.0233393
0.0230987
0.0231079
0.0232439
0.0232894
0.0232893
0.0232296
0.023056
0.0229368
0.023434
0.0232261
0.0234366
0.023406
0.023329
0.0233858
0.0232046
0.0233025
0.0231038
0.0233231
0.0231109
0.0233284
0.023156
0.023174
0.0231358
0.0231498
0.0232614
0.0232567
0.0231684
0.0231769
0.0232161
0.0231883
0.0232412
0.0232156
0.0232658
0.0232296
0.0231658
0.0226889
0.0225734
0.0226777
0.0225131
0.0235854
0.0226826
0.0233793
0.0227894
0.0228037
0.0231318
0.0230704
0.0229252
0.0228919
0.0229621
0.0231489
0.022955
0.0230139
0.0229909
0.0233871
0.0230099
0.0233494
0.0233327
0.0232043
0.0231147
0.0233452
0.0232908
0.0231149
0.0232296
0.0234937
0.023205
0.0232312
0.0233459
0.0233374
0.0233153
0.023249
0.0232991
0.0233066
0.0232259
0.0232946
0.0232072
0.0232916
0.0231997
0.0232819
0.0232322
0.0232828
0.0231803
0.0232735
0.0232716
0.0232645
0.0231872
0.0232548
0.0232335
0.0232443
0.0232363
0.0232157
0.0232682
0.0232681
0.0232302
0.0232262
0.0232151
0.0232129
0.0232095
0.0232032
0.0232588
0.0232599
0.0232592
0.0232401
0.023227
0.0232562
0.0232552
0.0232557
0.0232155
0.0232095
0.0232231
0.0232077
0.0232409
0.0232122
0.0232449
0.0232149
0.023248
0.0232183
0.0232306
0.0232475
0.0232325
0.023247
0.0232296
0.0222621
0.0238338
0.0233865
0.022103
0.0235667
0.0232544
0.0223707
0.0225053
0.0224712
0.0227119
0.0225519
0.0227386
0.0232916
0.0229342
0.0227511
0.0233774
0.0228044
0.0230461
0.0228626
0.0228939
0.0228992
0.0230077
0.0229451
0.023324
0.0232433
0.0230327
0.0231425
0.0233535
0.0233517
0.0247068
0.0232315
0.023235
0.0232302
0.0232087
0.0232275
0.0232655
0.0233577
0.0232128
0.0231243
0.0233277
0.0232586
0.0231584
0.0232209
0.023169
0.0233144
0.02324
0.0231652
0.0232957
0.0232484
0.023196
0.0232707
0.0231633
0.0232993
0.0231897
0.0232509
0.0231785
0.0232303
0.0231711
0.0232419
0.023177
0.0232346
0.0232751
0.0232448
0.0231815
0.023258
0.023277
0.0232486
0.0232429
0.0231989
0.0232029
0.0231894
0.0232703
0.0231946
0.0232627
0.0232457
0.0232052
0.0232421
0.0232634
0.0232594
0.0232274
0.0232613
0.0232548
0.0232596
0.0232408
0.0232555
0.0232181
0.0232572
0.0232296
0.0231836
0.0229495
0.0227545
0.0232112
0.0230006
0.0231756
0.0229821
0.0231329
0.0233632
0.0233814
0.0229902
0.0231272
0.0233607
0.0231909
0.0230447
0.0230716
0.023071
0.0230785
0.0232343
0.023126
0.0233485
0.0233303
0.0231122
0.0232512
0.0231376
0.0233079
0.0232325
0.0232324
0.0232366
0.0232296
0.0232106
0.023001
0.0228249
0.0229885
0.0228491
0.0234202
0.0229509
0.0233055
0.0229684
0.0229879
0.0231838
0.0231517
0.0230393
0.023044
0.0230613
0.0231883
0.0230676
0.0231106
0.0230838
0.0233231
0.023098
0.0233005
0.0232907
0.0232161
0.0231638
0.0232998
0.0232663
0.0231625
0.0232296
0.0232078
0.0238441
0.0228907
0.0234633
0.0222314
0.0224205
0.0226608
0.0225598
0.0235052
0.0225892
0.0234748
0.023246
0.0227975
0.0228206
0.0228002
0.0235082
0.0234174
0.023002
0.0229033
0.0229804
0.0229616
0.0229857
0.0234222
0.023237
0.0230212
0.0230397
0.0231088
0.0230342
0.0233252
0.0232296
0.023228
0.0232257
0.0233718
0.0229346
0.0231525
0.0231662
0.0234259
0.0233623
0.023316
0.0232892
0.0230946
0.0230935
0.023376
0.0231337
0.0233226
0.0233451
0.0231074
0.0231513
0.0233287
0.0233217
0.0233132
0.0232913
0.0233096
0.0231803
0.0232725
0.0231633
0.0232296
0.0232296
0.0232392
0.0235246
0.0230853
0.0231667
0.0232246
0.0233883
0.0234042
0.0234035
0.0232569
0.0232708
0.0233597
0.0233526
0.0233471
0.0233574
0.0231455
0.0232952
0.0233402
0.0233102
0.023327
0.0231756
0.0233183
0.0233268
0.0231436
0.0231696
0.0231938
0.0231475
0.0233131
0.0232609
0.0231685
0.0231672
0.0231674
0.0232755
0.0233026
0.0231835
0.0232994
0.0231806
0.0232921
0.0232936
0.0231807
0.0231935
0.0231933
0.0232274
0.0232857
0.0232833
0.0231812
0.0232818
0.0232706
0.0232467
0.0232708
0.0232725
0.0232003
0.0231927
0.0232637
0.0232459
0.0232458
0.0232296
0.02303
0.0224947
0.023475
0.0238441
0.0215907
0.0218575
0.0223289
0.0220477
0.0223472
0.022719
0.0222923
0.0224748
0.022756
0.0225898
0.0234728
0.0233523
0.0226485
0.0231811
0.0228027
0.0230345
0.0228463
0.0233428
0.0228603
0.0228558
0.0229939
0.0229081
0.02295
0.0230437
0.0232296
0.0232305
0.0230543
0.0234054
0.0232317
0.0231774
0.0232027
0.0231498
0.0232409
0.0232727
0.0232997
0.023408
0.0233451
0.0233952
0.0231784
0.0231829
0.0231928
0.0231049
0.0233638
0.0231845
0.0231247
0.0231246
0.0232836
0.0231257
0.023223
0.023272
0.0233018
0.0232626
0.0232654
0.0232605
0.0233145
0.0233175
0.0233008
0.0233171
0.0232094
0.023291
0.0232898
0.023265
0.0232086
0.0232756
0.0232151
0.0232964
0.0232135
0.0232596
0.0231853
0.0231804
0.02329
0.0232706
0.023185
0.0232265
0.0232265
0.0231855
0.0232817
0.0232198
0.0232216
0.0231884
0.0232744
0.0232054
0.0231988
0.0232296
0.0219629
0.0229624
0.0225725
0.0217483
0.0217397
0.022433
0.0231344
0.0235777
0.02292
0.022729
0.0226071
0.0225834
0.0225719
0.0228559
0.0227133
0.02267
0.0227029
0.0228827
0.0229126
0.0228402
0.0228563
0.0233864
0.0228908
0.0229314
0.0229989
0.0231006
0.0230334
0.023043
0.0232296
0.0223447
0.0227998
0.023204
0.0227949
0.0227819
0.023153
0.0229208
0.0230949
0.0230361
0.0231666
0.0233445
0.0234086
0.0233039
0.0233521
0.0233734
0.0233514
0.0231153
0.0233459
0.0231745
0.0231077
0.023328
0.0231121
0.0231204
0.0232419
0.0232829
0.023283
0.152588
0.0229984
0.0181837
0.0228922
0.020563
0.0231439
0.0203128
0.0233033
0.0213072
0.0218014
0.0224414
0.0212933
0.0236794
0.0219618
0.0234714
0.0223284
0.0221948
0.0229678
0.0226653
0.0224231
0.0226012
0.0234357
0.022839
0.0226326
0.022768
0.0235032
0.0228243
0.0232296
0.0232371
0.0232126
0.0231544
0.0232686
0.0233716
0.023404
0.0232686
0.0231186
0.0233648
0.023243
0.0232892
0.0233171
0.0232537
0.023338
0.0232285
0.0232831
0.0231916
0.0233271
0.0231534
0.0233158
0.0231488
0.0233117
0.0232083
0.0231819
0.0233059
0.0233059
0.0232285
0.0232801
0.0232982
0.0232024
0.0232905
0.0232442
0.0232502
0.0232836
0.0232853
0.0232192
0.0232605
0.0232788
0.0232797
0.0232523
0.0232175
0.0232452
0.023275
0.0231901
0.0232642
0.0232514
0.0232131
0.0232623
0.0232002
0.0231991
0.023263
0.0232572
0.0232043
0.0178138
0.0236372
0.0230757
0.0232773
0.0226798
0.0234938
0.0227466
0.0234817
0.023157
0.0229069
0.0232612
0.0229272
0.0231908
0.0229886
0.02303
0.0229909
0.0232268
0.0230174
0.0230248
0.0230725
0.0230858
0.0232638
0.0232696
0.0231864
0.0233031
0.0231364
0.0231691
0.0235104
0.023224
0.0229048
0.0234151
0.0229902
0.0229948
0.023353
0.0230349
0.0230402
0.0231966
0.0233538
0.0230831
0.0233618
0.0233599
0.0230964
0.0232719
0.023316
0.0232209
0.0232053
0.0232556
0.0231745
0.0233019
0.0232564
0.0232886
0.0231938
0.0231903
0.0232868
