0.00749463
0.00718502
0.00806841
0.00780637
0.00751011
0.00761573
0.00747949
0.00720127
0.00779338
0.0074101
0.00715193
0.00759441
0.00780066
0.00781543
0.0078179
0.00722877
0.0075242
0.0073906
0.00777445
0.00724575
0.00724493
0.00724428
0.00728867
0.00770488
0.00745335
0.00746338
0.00751846
0.00745012
0.00735854
0.00766774
0.00768348
0.00752185
0.00732659
0.00736561
0.00766728
0.00745287
0.00743739
0.00739775
0.00757057
0.00764221
0.00739008
0.00735816
0.00740076
0.00751895
0.00754554
0.00762711
0.00753077
0.00761981
0.00742673
0.00758718
0.00760534
0.00739119
0.00758589
0.00748364
0.00742704
0.00746212
0.00741349
0.0075892
0.00748583
0.00745782
0.000717009
0.00232238
0.0128831
0.0102927
0.0080228
0.00323046
0.00746619
0.00459068
0.00872371
0.00984946
0.0107206
0.0106155
0.00926478
0.00858826
0.00461955
0.0049188
0.0102201
0.00966898
0.00505171
0.00885119
0.0055776
0.00975046
0.00917419
0.00567223
0.00926937
0.00566507
0.00571565
0.00909645
0.00830639
0.00697278
0.00868321
0.00825752
0.00668349
0.00609021
0.00686886
0.00855082
0.00622797
0.00872871
0.00879106
0.00630476
0.00819311
0.00866229
0.00861455
0.00748826
0.00854356
0.00645915
0.00848652
0.00650111
0.00758261
0.00787774
0.0066037
0.00761807
0.00833902
0.00817071
0.00825277
0.00825186
0.00779914
0.00823709
0.00753519
0.00188851
0.00842625
0.00360181
0.0111916
0.00516045
0.00432471
0.00450918
0.00523932
0.0095285
0.00513972
0.00681296
0.00957357
0.00560654
0.0089431
0.00915191
0.00631206
0.00879989
0.00818304
0.00623929
0.00860559
0.0084482
0.00752459
0.0076333
0.00785841
0.00742624
0.0079582
0.0072005
0.00708299
0.00751086
0.00479435
0.00788038
0.00487117
0.00986551
0.00636605
0.00547677
0.00564578
0.00626091
0.00864216
0.00594556
0.00712701
0.0088172
0.00623746
0.00836345
0.00858373
0.00676857
0.0083332
0.00792073
0.00666053
0.00823292
0.00811414
0.00751352
0.00758246
0.00772835
0.00745067
0.00779768
0.00730288
0.00722393
0.00732933
0.00349771
0.0100777
0.00965511
0.00516809
0.00546394
0.00556365
0.00804786
0.00678377
0.00790845
0.0060377
0.00778788
0.00877058
0.00839844
0.00778836
0.00653973
0.00653845
0.00745021
0.00759989
0.0080729
0.00783305
0.00809152
0.00689828
0.00714953
0.00784811
0.00720996
0.00749463
0.00582076
0.0064503
0.0083191
0.00767312
0.00650085
0.00830892
0.00785953
0.00792511
0.00816476
0.00800032
0.00802221
0.0081081
0.00731554
0.00760601
0.00797365
0.00720165
0.00798126
0.00705398
0.00739322
0.00726622
0.00753096
0.007835
0.0072247
0.00769779
0.00779999
0.00731165
0.00544748
0.00260386
0.00842347
0.0111353
0.00655594
0.00496115
0.00680758
0.00565771
0.00515849
0.00928345
0.00884315
0.00619742
0.00687127
0.0057908
0.00594266
0.00847352
0.00606003
0.00665876
0.0081745
0.00868036
0.00723354
0.00678864
0.00732794
0.00646836
0.00702823
0.00682915
0.00709893
0.00669075
0.00682526
0.00749465
0.00766677
0.00749626
0.00749284
0.00697295
0.00753838
0.00743954
0.00746215
0.00725344
0.00780829
0.00716847
0.00726035
0.00732127
0.00744511
0.00758018
0.00768205
0.00738685
0.0077496
0.00774027
0.00723839
0.00745063
0.00758565
0.00770249
0.00728376
0.00728455
0.00770149
0.00749661
0.00751228
0.00752729
0.00761591
0.00733567
0.00737094
0.00737865
0.007645
0.0073291
0.00766289
0.00762437
0.00738249
0.00764327
0.00734239
0.00735142
0.00736874
0.00761229
0.00736774
0.00743778
0.00743102
0.00756272
0.00755998
0.00761045
0.0075209
0.00739619
0.00750736
0.00741843
0.00738987
0.00741418
0.00739828
0.00622909
0.0073359
0.00882099
0.0117879
0.0111424
0.0032775
0.00357002
0.0105235
0.00422302
0.00447894
0.0101131
0.0047888
0.00821705
0.00739876
0.00921486
0.00799332
0.00836698
0.00572292
0.0087238
0.00593632
0.00855783
0.00610277
0.00693845
0.00633751
0.00738143
0.00725159
0.00832505
0.00659379
0.00749446
0.00761857
0.00735129
0.00643047
0.00750978
0.00715884
0.0081282
0.00771808
0.00708793
0.00801482
0.00732839
0.0076358
0.00692509
0.0070191
0.00737054
0.0070539
0.0078723
0.00749959
0.007273
0.00784679
0.00743044
0.00720652
0.00709548
0.00787756
0.00781098
0.00786196
0.00785204
0.00713834
0.00730261
0.00737671
0.00764297
0.00723383
0.00780051
0.00719828
0.00754532
0.00726067
0.00776193
0.0077669
0.0072304
0.00755021
0.00762502
0.00725378
0.00726269
0.00769775
0.00753287
0.00747938
0.00769542
0.00745441
0.00750516
0.00769771
0.00736781
0.00745289
0.00731444
0.00766315
0.0073303
0.00739138
0.00757305
0.00753909
0.00744317
0.00718881
0.0081126
0.00710957
0.00542393
0.00847852
0.00672131
0.00587537
0.00763845
0.00881094
0.00754968
0.00851439
0.00625958
0.00794613
0.00806643
0.00777964
0.00731006
0.0083211
0.00836557
0.00680071
0.00702139
0.00693327
0.00682152
0.00686465
0.00738517
0.00777549
0.00699028
0.00794876
0.00731371
0.00746321
0.00664563
0.00527646
0.0078919
0.00971237
0.00709745
0.00628848
0.00719301
0.00662578
0.00627232
0.00842826
0.00817805
0.00683945
0.00718404
0.0064289
0.00664203
0.00802903
0.00659715
0.007041
0.00787127
0.00819819
0.00735165
0.00709473
0.00740254
0.00686413
0.00722926
0.00710718
0.00726669
0.0069911
0.00709528
0.00752522
0.00126736
0.0103514
0.00609935
0.0112636
0.0113456
0.0041651
0.0107177
0.0104916
0.00473402
0.00786219
0.00782743
0.0050262
0.00514526
0.00553762
0.00553109
0.0079595
0.00878995
0.00586265
0.00595318
0.00880855
0.00878426
0.00870542
0.00678029
0.00858656
0.00689342
0.00813654
0.00666085
0.00342022
0.00751163
0.00731786
0.00833863
0.00906497
0.00805151
0.00882918
0.00818593
0.00743769
0.0082253
0.00650278
0.00835231
0.0066171
0.00829025
0.00822369
0.00705741
0.00817716
0.00724783
0.00700654
0.0080561
0.0080471
0.00799187
0.00710589
0.00706119
0.00790636
0.00780777
0.00724408
0.00749484
0.00789472
0.00735446
0.00833245
0.0066855
0.00694597
0.00752536
0.00691634
0.00698368
0.00726503
0.00666759
0.00723018
0.00824684
0.00677399
0.00820761
0.00724095
0.00726616
0.00807672
0.00801089
0.00741317
0.00704026
0.00704802
0.00803925
0.00709655
0.0080107
0.00766414
0.00746353
0.00748264
0.0072539
0.00764862
0.00789338
0.00723349
0.00783821
0.00728127
0.00787356
0.0078269
0.00714934
0.00735789
0.00772067
0.00729001
0.00718467
0.00754235
0.0073917
0.00721401
0.00721353
0.00776098
0.00772126
0.00728739
0.00774596
0.00725382
0.00736386
0.00744766
0.00728436
0.00767243
0.00748098
0.00736464
0.00765512
0.00599467
0.000972502
0.000227637
0.0105681
0.00476876
0.00464333
0.00682018
0.00970771
0.00432409
0.00424113
0.00496218
0.00461167
0.00993634
0.00550685
0.00541103
0.00773334
0.00554305
0.00670232
0.00577218
0.00807651
0.00866516
0.00880403
0.00610557
0.00675929
0.00772668
0.00828213
0.00845094
0.00654325
0.00985489
0.00527319
0.00716669
0.00708376
0.00849954
0.00843827
0.00843153
0.00789434
0.00669098
0.00845844
0.00697391
0.00680862
0.0082857
0.00835174
0.00671874
0.0082735
0.00693796
0.00786618
0.0081779
0.00694716
0.0068396
0.00810591
0.00812107
0.00691516
0.0078218
0.00718562
0.00799082
0.00777101
0.00748676
0.00736667
0.00700137
0.0079427
0.00717698
0.00718365
0.00716175
0.00710379
0.00752142
0.00765898
0.00722832
0.00788971
0.00777457
0.00746119
0.00785869
0.00715438
0.00715929
0.00758825
0.0071724
0.00718936
0.00779448
0.00779607
0.00753402
0.007784
0.00723209
0.00775915
0.00734397
0.00770719
0.00774084
0.00733618
0.00726627
0.00118379
0.0113958
0.00348365
0.00298231
0.0039365
0.0108386
0.00829588
0.00732275
0.00732876
0.0101335
0.00635283
0.00977866
0.00496854
0.00531769
0.00863611
0.00558086
0.00706016
0.00567493
0.00590673
0.00664075
0.00611322
0.00856309
0.00619669
0.00775439
0.00809313
0.00719061
0.00645621
0.00883802
0.00762513
0.00473757
0.00525315
0.00914877
0.00882109
0.0057655
0.00867352
0.00723232
0.00699417
0.00799622
0.00846751
0.00680912
0.00853751
0.00645381
0.00796631
0.00817504
0.00712151
0.00669419
0.00788312
0.00750114
0.00688312
0.00769529
0.00728718
0.00739429
0.00803179
0.00791262
0.00758525
0.00703383
0.00507464
0.0104875
0.0068798
0.00282745
0.00439363
9.51277e-05
0.00130198
0.00601637
0.00184412
0.00158908
0.0105977
0.00135344
0.0103513
0.0112279
0.0108174
0.0107575
0.00932709
0.00388515
0.0100662
0.00446732
0.00653541
0.00989195
0.00815286
0.00657643
0.00539776
0.00547991
0.00557838
0.00596716
0.00753941
0.00749629
0.0073723
0.00754518
0.00688576
0.00738875
0.00713256
0.0078873
0.008007
0.00791386
0.00813529
0.00693396
0.00685284
0.00695409
0.00692611
0.00808291
0.00727359
0.00755098
0.00782838
0.00749156
0.00732832
0.00775375
0.00758099
0.00709641
0.00726869
0.0070632
0.00723718
0.00789852
0.00711404
0.00787257
0.0077672
0.00776869
0.00746623
0.00716755
0.00762506
0.00716421
0.0071762
0.00718557
0.00763103
0.00742746
0.0077777
0.00754388
0.00726265
0.00724261
0.00742885
0.00738848
0.00773338
0.00738237
0.00766993
0.0073512
0.00743084
0.00771408
0.00730001
0.00768772
0.0074368
0.00730395
0.00765469
0.00731583
0.0074943
0.00327161
0.00751433
0.00702937
0.00964693
0.00973842
0.00796324
0.00895912
0.00569817
0.00644785
0.00902988
0.00613113
0.00856948
0.00765572
0.00808683
0.0071466
0.00864948
0.00647697
0.00706282
0.00646744
0.00807042
0.00714469
0.00665387
0.0066588
0.00804832
0.00757248
0.00812632
0.00775249
0.00748464
0.00919779
0.0074881
0.00777979
0.00907741
0.00888506
0.00792904
0.00772958
0.00863232
0.00696523
0.00658314
0.00825337
0.00755908
0.00728007
0.0082609
0.00733581
0.00809008
0.00814491
0.00689012
0.00809995
0.00771726
0.00696391
0.00717213
0.00700273
0.0074515
0.00722621
0.00782541
0.00721769
0.00766843
0.00713967
0.00755068
