0.0251034
0.0251266
0.025075
0.0250582
0.0250579
0.0250689
0.0250695
0.0250777
0.0250667
0.0250648
0.0250659
0.0250651
0.025065
0.02507
0.0250693
0.0250597
0.0250645
0.0250626
0.0250674
0.0250674
0.0250673
0.025052
0.0250567
0.0250664
0.0250605
0.0250521
0.0250614
0.0250604
0.0250622
0.0250609
0.0250551
0.0250588
0.025064
0.0250551
0.0250533
0.0250632
0.0250544
0.0250616
0.0250612
0.0250603
0.0250625
0.0250616
0.0250609
0.0250567
0.0250611
0.0250599
0.0250608
0.0250558
0.0250606
0.0250572
0.0250586
0.0250603
0.0250577
0.0250548
0.025055
0.0250564
0.0250596
0.0250594
0.0250594
0.0250571
0.0250556
0.0250556
0.0250716
0.0250234
0.0251507
0.0251732
0.0252532
0.0251399
0.025176
0.0252371
0.0251297
0.0251633
0.0252001
0.0252
0.0251044
0.0251412
0.0251537
0.0250459
0.025102
0.0251105
0.0250894
0.0251119
0.0250947
0.0250881
0.0251202
0.0250344
0.0251179
0.0250385
0.0251104
0.0251128
0.0250585
0.0250641
0.0251
0.0250922
0.0250945
0.025081
0.0250889
0.0250683
0.0250873
0.0250867
0.0250588
0.0250514
0.0250874
0.0250757
0.0250767
0.0250445
0.0250725
0.025081
0.0250767
0.0250775
0.0250797
0.0250691
0.0250504
0.0250713
0.0250767
0.0250556
0.0250347
0.0250613
0.0250017
0.0250034
0.0249491
0.024999
0.0249997
0.02498
0.0250884
0.0249871
0.0250068
0.0250058
0.0250359
0.0250301
0.0250184
0.025015
0.0250189
0.025021
0.0250707
0.0250318
0.0250594
0.0250355
0.0250393
0.025035
0.0250387
0.0250584
0.0250556
0.0250472
0.0250592
0.0250332
0.0250325
0.0249939
0.025028
0.0250282
0.0250157
0.0250784
0.0250154
0.0250289
0.0250274
0.0250441
0.0250407
0.0250312
0.0250301
0.0250321
0.0250342
0.0250659
0.0250407
0.0250581
0.0250419
0.0250451
0.0250418
0.0250446
0.0250575
0.0250556
0.0249279
0.0245356
0.0247757
0.024765
0.0248797
0.0249739
0.0249239
0.0248941
0.0249718
0.0250248
0.0249792
0.0250449
0.024992
0.0249793
0.0250058
0.0249877
0.0249623
0.0249761
0.0250197
0.0249834
0.0250493
0.0250498
0.0250043
0.024996
0.0250091
0.0250617
0.025021
0.0250556
0.025006
0.0250707
0.0250237
0.0250635
0.0250728
0.0250254
0.0250683
0.0250309
0.0250435
0.0250378
0.0250659
0.0250574
0.025064
0.0250482
0.0250412
0.0250458
0.0250462
0.0250431
0.0250538
0.0250538
0.0250593
0.0250476
0.0250609
0.0250586
0.025055
0.0250483
0.0250487
0.0250496
0.0250556
0.025041
0.0246326
0.0248213
0.0248723
0.0249071
0.0249219
0.0249041
0.0249536
0.0249707
0.025006
0.0250199
0.0250358
0.0249444
0.0249699
0.0250053
0.0249723
0.0250069
0.025001
0.0249857
0.0250079
0.0249928
0.0250077
0.0250489
0.0250599
0.0250058
0.0250176
0.0250405
0.0250323
0.0250526
0.0250556
0.0250559
0.0250998
0.0251041
0.0250668
0.0250578
0.025071
0.0250651
0.025065
0.0250708
0.025063
0.0250631
0.0250658
0.0250527
0.025067
0.0250676
0.0250661
0.0250635
0.025061
0.0250655
0.0250622
0.0250612
0.0250584
0.0250646
0.0250551
0.0250525
0.025063
0.0250571
0.0250609
0.0250628
0.0250599
0.0250561
0.0250603
0.0250586
0.0250544
0.02506
0.0250532
0.0250616
0.025059
0.0250604
0.025061
0.0250592
0.0250587
0.0250591
0.0250582
0.0250552
0.0250603
0.0250587
0.0250565
0.0250576
0.025057
0.0250585
0.0250593
0.0250554
0.0250593
0.0250589
0.0250579
0.0250584
0.0250556
0.0235311
0.0238269
0.0241747
0.0244193
0.0250751
0.0245879
0.0245175
0.0248645
0.024699
0.0250057
0.0246547
0.024866
0.0247032
0.024714
0.0249191
0.0248995
0.0248078
0.0249653
0.0248876
0.0250132
0.0248782
0.0250186
0.0249327
0.0250284
0.0249741
0.0249491
0.0249197
0.0250217
0.0250422
0.0250556
0.0250901
0.0250609
0.0250567
0.0250584
0.0250446
0.0250514
0.0250757
0.0250513
0.0250587
0.0250595
0.0250581
0.0250481
0.0250687
0.0250606
0.0250544
0.0250635
0.0250531
0.0250585
0.0250654
0.0250491
0.0250646
0.0250605
0.0250568
0.0250548
0.0250534
0.0250635
0.0250517
0.0250622
0.0250627
0.0250624
0.0250557
0.0250584
0.0250597
0.0250559
0.0250604
0.0250536
0.025061
0.0250611
0.0250585
0.0250527
0.0250545
0.0250602
0.0250541
0.0250589
0.0250589
0.0250558
0.0250526
0.0250596
0.0250535
0.0250589
0.0250593
0.0250531
0.0250562
0.0250573
0.0250548
0.0250376
0.0250197
0.0249254
0.0249548
0.025068
0.0249664
0.0249694
0.0249708
0.0249815
0.0249879
0.0250307
0.0250701
0.0250642
0.0249886
0.0249971
0.0250582
0.0250203
0.0250046
0.0250259
0.0250557
0.0250465
0.0250343
0.0250375
0.0250318
0.0250557
0.0250597
0.0250274
0.0246671
0.0249111
0.0249176
0.0249314
0.0250068
0.0249615
0.0250084
0.0250458
0.0250169
0.0250269
0.0250218
0.0249977
0.0250189
0.0250274
0.0250643
0.0250058
0.0250633
0.0250628
0.0250594
0.0250336
0.0250547
0.0250225
0.0250333
0.0250442
0.0250391
0.025033
0.02503
0.0250498
0.0250344
0.0245277
0.0241648
0.0240553
0.0245419
0.0246505
0.0247486
0.0246903
0.0248723
0.0248781
0.0247041
0.0248432
0.0248207
0.0248206
0.0248484
0.0248597
0.0249575
0.0249715
0.0248977
0.0250031
0.0249174
0.0249357
0.0249395
0.0250037
0.0250225
0.0250239
0.0249731
0.0249786
0.0245184
0.0249447
0.0250096
0.024963
0.0249667
0.0250343
0.0250208
0.0250582
0.0250026
0.0250078
0.0250147
0.0250099
0.0250174
0.0250653
0.0250175
0.0250602
0.0250378
0.0250508
0.0250397
0.0250604
0.0250351
0.0250427
0.025042
0.0250501
0.0250497
0.0250453
0.0250427
0.0250573
0.0250605
0.0250556
0.0252107
0.0250556
0.0250576
0.0250626
0.025125
0.0250783
0.0251181
0.0250898
0.0250801
0.0250958
0.0250743
0.0250543
0.0250843
0.0250728
0.0250833
0.0250863
0.0250741
0.0250773
0.0250557
0.0250892
0.0250641
0.0250694
0.0250695
0.0250771
0.0250738
0.0250818
0.0250507
0.0250815
0.0250645
0.0250793
0.0250801
0.0250754
0.0250741
0.0250758
0.0250679
0.0250667
0.0250744
0.0250653
0.0250678
0.0250677
0.025074
0.0250717
0.025071
0.0250714
0.0250716
0.0250714
0.0250686
0.02507
0.0250662
0.0250538
0.0250656
0.0250634
0.0250646
0.0250588
0.0250681
0.0250653
0.0250649
0.0250668
0.0250659
0.0250556
0.0249117
0.0248714
0.0241431
0.0239484
0.0240852
0.0245578
0.0241414
0.0242208
0.0244864
0.0248711
0.0243221
0.0243736
0.0244918
0.024754
0.024886
0.0247183
0.0248691
0.0246193
0.0246458
0.0249842
0.0248214
0.0247259
0.024784
0.0250006
0.0248069
0.0248247
0.0250556
0.0250556
0.0250556
0.0251072
0.0251517
0.0250672
0.025124
0.025045
0.0250952
0.0251069
0.0251091
0.0250831
0.0250809
0.0250994
0.0250571
0.0250785
0.0250954
0.0250798
0.0250814
0.0250735
0.0250802
0.0250466
0.0250824
0.0250743
0.0250653
0.0250725
0.0250702
0.0250794
0.025049
0.0250828
0.025077
0.0250516
0.0250805
0.0250789
0.0250757
0.0250734
0.0250548
0.0250639
0.0250756
0.0250762
0.0250699
0.0250605
0.0250567
0.0250747
0.0250663
0.0250539
0.0250656
0.0250719
0.0250704
0.0250662
0.0250647
0.0250701
0.0250623
0.0250691
0.0250514
0.0250681
0.0250616
0.0250676
0.0250634
0.0250659
0.0250556
0.0226647
0.0237703
0.0240502
0.024389
0.0242254
0.0243424
0.0244739
0.024563
0.0244875
0.0248175
0.0248156
0.0245183
0.0246712
0.0249424
0.0246886
0.0248316
0.024738
0.0247303
0.0248129
0.0247627
0.0247646
0.0248437
0.0248536
0.0249813
0.0248315
0.0248717
0.0250495
0.0227332
0.0250431
0.0250102
0.024798
0.0248759
0.0249321
0.0249191
0.0249219
0.0249315
0.0249638
0.0250289
0.0249379
0.0249324
0.0249475
0.0249543
0.0250217
0.0250475
0.0250131
0.0250484
0.0249861
0.0250302
0.0249866
0.0250106
0.0250564
0.024998
0.0250155
0.0250589
0.0250401
0.0250114
0.0172493
0.0209199
0.0207068
0.0244168
0.0238291
0.0236766
0.0229251
0.0239984
0.0234544
0.0241194
0.0237382
0.0248048
0.0238849
0.0239429
0.0247824
0.0242298
0.0249231
0.0244755
0.0246022
0.024518
0.0249842
0.0249524
0.0245474
0.0246472
0.0246509
0.0246552
0.0250556
0.0251751
0.0251094
0.025056
0.0251174
0.0250938
0.025098
0.0251016
0.0250819
0.0250941
0.025069
0.0250896
0.0250918
0.0250883
0.0250902
0.0250644
0.0250779
0.0250855
0.0250705
0.0250716
0.025075
0.02507
0.0250794
0.0250743
0.0250735
0.0250714
0.0250658
0.0250783
0.0250591
0.025057
0.0250718
0.0250709
0.0250731
0.0250532
0.0250533
0.0250512
0.0250698
0.0250622
0.0250713
0.0250678
0.0250709
0.0250643
0.0250703
0.0250701
0.0250694
0.0250628
0.0250666
0.0250675
0.025068
0.0250677
0.0250651
0.025066
0.0250634
0.0250633
0.0250651
0.0250608
0.0250655
0.0250555
0.0249274
0.0248887
0.0249018
0.024864
0.0248058
0.0248566
0.0248434
0.0248877
0.0249441
0.0249001
0.0250729
0.0249938
0.0249788
0.0250147
0.02504
0.0249875
0.0249541
0.0249469
0.0249879
0.0250052
0.0250288
0.0249807
0.0250209
0.0250573
0.0250317
0.025039
0.0250086
0.0249978
0.024634
0.0250154
0.0250075
0.0249902
0.0249878
0.0249829
0.0249952
0.0250607
0.0250335
0.0250423
0.0250563
0.0250024
0.0250077
0.0250142
0.0250212
0.0250157
0.0250254
0.025019
0.0250263
0.0250425
0.0250327
0.0250368
0.0250587
0.025046
0.0250563
0.0250563
0.0250572
0.0250454
0.0250428
