0.0136921
0.00576788
0.0128044
0.0114268
0.0125485
0.0101895
0.0110092
0.0111907
0.012403
0.0118448
0.0118683
0.0139713
0.0122963
0.0126113
0.0138014
0.013811
0.0138029
0.0138023
0.0137673
0.0138198
0.013822
0.0138012
0.0138591
0.0138051
0.0138125
0.0137869
0.0138485
0.013777
0.0138146
0.0137671
0.0138016
0.0138211
0.0138356
0.0137978
0.0137685
0.0137706
0.0138344
0.0137879
0.0137777
0.0137899
0.0137831
0.0137789
0.0137792
0.0137945
0.0137879
0.0138269
0.0137968
0.0138186
0.0138131
0.013807
0.0138123
0.0138177
0.0137882
0.0138004
0.0137815
0.0138043
0.0137977
0.01382
0.0137979
0.0137855
0.0138183
0.013818
0.013818
0.0138075
0.0137961
0.013816
0.0138165
0.0138077
0.0137986
0.0138103
0.0137997
0.013814
0.0138009
0.0138134
0.0130777
0.0133862
0.0138141
0.0132674
0.0132735
0.0143612
0.0135898
0.0133809
0.0143513
0.0134699
0.0143161
0.0140946
0.0134368
0.0134511
0.0135046
0.0140909
0.0141484
0.0141549
0.0135219
0.0137276
0.0139379
0.0135398
0.0139351
0.0140575
0.0135832
0.0140607
0.0140444
0.013663
0.0136105
0.013677
0.0136893
0.0137927
0.0136305
0.0138542
0.0136264
0.0138795
0.0139834
0.0138493
0.0139491
0.0139613
0.0137005
0.0139423
0.0136725
0.0137185
0.0138623
0.0136717
0.0139214
0.0138519
0.0136847
0.0137261
0.0139229
0.0137969
0.0139113
0.0137922
0.0139059
0.013896
0.0138009
0.0138644
0.0137746
0.0137013
0.0141173
0.0132072
0.0141903
0.013992
0.0135228
0.0140148
0.0134851
0.0141504
0.0140101
0.0140983
0.0140001
0.0136948
0.0137853
0.0135277
0.0135385
0.0137572
0.0140247
0.0137451
0.0135879
0.0135968
0.0135765
0.0139627
0.0136009
0.0139804
0.013674
0.013841
0.0139113
0.0139542
0.0138657
0.0137635
0.0138254
0.0139208
0.0139274
0.0139237
0.0136818
0.0138808
0.0137148
0.0136892
0.0138082
0.0137427
0.0138009
0.0138272
0.0137904
0.0137606
0.0139515
0.0134186
0.014005
0.0138903
0.0136739
0.013907
0.0136467
0.0140155
0.0139122
0.0139727
0.0139118
0.0137456
0.0137927
0.013622
0.0136417
0.0137762
0.0139494
0.0137689
0.0136534
0.0136594
0.0136549
0.0139047
0.0136697
0.0139213
0.0137221
0.0138257
0.0138718
0.0139057
0.013842
0.0137774
0.0138164
0.0138818
0.0138883
0.0138855
0.0137216
0.0138534
0.0137447
0.0137238
0.0138056
0.0137628
0.0138009
0.0133568
0.0132625
0.0134994
0.0135967
0.0137775
0.0139855
0.0139947
0.0135396
0.0135828
0.0135704
0.013697
0.0135807
0.013877
0.0137238
0.0139426
0.0138982
0.0136922
0.0138741
0.0136871
0.0138294
0.0137771
0.013826
0.0136878
0.0137408
0.0137168
0.0137431
0.0138646
0.0137947
0.0138008
0.013835
0.0137853
0.0138051
0.0139709
0.0138165
0.0137495
0.0139491
0.013931
0.0138046
0.0136811
0.013747
0.0139096
0.0138375
0.0138414
0.0137023
0.0136901
0.0137423
0.0137161
0.0138625
0.0138284
0.0137381
0.0138622
0.0137525
0.0138688
0.013866
0.0138408
0.0137333
0.0138469
0.0138056
0.013741
0.0137674
0.0138295
0.0137483
0.0138411
0.0138138
0.0137956
0.0137915
0.0138381
0.0137601
0.0138254
0.0137634
0.013765
0.0137352
0.012373
0.01419
0.0136699
0.0130337
0.0132483
0.013204
0.014168
0.0137741
0.0141348
0.0139906
0.0139363
0.0134075
0.0139148
0.0139603
0.0135432
0.0134825
0.0136818
0.013548
0.0137238
0.0138407
0.0139613
0.0137481
0.0139968
0.0139532
0.0138471
0.0137957
0.0135917
0.0135938
0.0137641
0.013912
0.0138509
0.0136897
0.0137051
0.0137973
0.0139185
0.0137461
0.0139163
0.0139055
0.0137207
0.0138893
0.0138797
0.0138881
0.0138717
0.0138042
0.0137249
0.0138016
0.013921
0.0138014
0.0138079
0.0138218
0.0138062
0.0138264
0.0138131
0.0138225
0.0137824
0.0137863
0.0137819
0.0138273
0.0137669
0.0138428
0.0138313
0.013839
0.0138047
0.013811
0.0137678
0.0138293
0.0138346
0.0137748
0.0138097
0.0138272
0.0138208
0.013782
0.0138156
0.0138216
0.0137788
0.0138046
0.0137945
0.0138118
0.0137909
0.0138077
0.0138067
0.0137937
0.0137806
0.0138204
0.0137853
0.0138087
0.0137927
0.0137874
0.0138022
0.0137976
0.0138153
0.0138064
0.0138117
0.0138129
0.0137863
0.0138162
0.0137998
0.0138153
0.0137894
0.0138149
0.0137952
0.0135202
0.0131455
0.0135314
0.0138353
0.0135916
0.0135361
0.0135184
0.0135542
0.0136577
0.0136373
0.0136795
0.0136454
0.0136655
0.0136905
0.013689
0.0138005
0.0136365
0.014267
0.0129831
0.0136533
0.0141409
0.0132577
0.0130406
0.0130564
0.0132315
0.0133713
0.0139838
0.0133122
0.0135207
0.0134
0.0139153
0.0134095
0.0139822
0.013877
0.0135068
0.0139114
0.013594
0.013822
0.0138596
0.0135731
0.0136933
0.0136096
0.0139108
0.0136794
0.0138011
0.0138077
0.0138009
0.0139533
0.0137354
0.0137846
0.0138618
0.0138985
0.0138722
0.0138374
0.0137356
0.0138756
0.0138569
0.0138744
0.013873
0.0137766
0.0138296
0.0137745
0.0138636
0.0138214
0.0137505
0.0138098
0.0137898
0.0137986
0.0138527
0.0137623
0.0137732
0.0138422
0.0137558
0.013768
0.013799
0.0138347
0.0138008
0.0137631
0.0138402
0.0138173
0.0138251
0.0138227
0.0137854
0.0138299
0.0137838
0.0138337
0.0137721
0.0137715
0.0138273
0.013827
0.01382
0.013812
0.0137874
0.0137966
0.013818
0.0138067
0.0138253
0.0137781
0.013778
0.0137794
0.0138217
0.0138106
0.0137807
0.0137909
0.0137919
0.0132753
0.0137806
0.0134087
0.0134301
0.0135759
0.0134554
0.0138869
0.0136033
0.0138454
0.0135533
0.0136716
0.0135905
0.0136233
0.0138656
0.0137411
0.013716
0.013646
0.0137878
0.0136489
0.0137804
0.0138054
0.0136523
0.0137011
0.0136712
0.0137349
0.0138935
0.0137852
0.013688
0.0137249
0.0136936
0.0137129
0.0137012
0.0137275
0.0138581
0.013831
0.0137448
0.0137139
0.0137869
0.0137578
0.0137254
0.0137917
0.0137308
0.0137959
0.0137932
0.0107305
0.0111337
0.0126557
0.0119147
0.0125615
0.012801
0.0131403
0.0138469
0.0128733
0.0130786
0.0139919
0.0131618
0.0133731
0.0135036
0.0137859
0.0130807
0.0137667
0.013328
0.0137809
0.0138384
0.0140589
0.013663
0.0136971
0.0136199
0.0135907
0.01384
0.0139364
0.0137753
0.0138294
0.0139339
0.013963
0.0138706
0.0139316
0.0136595
0.0138989
0.0136549
0.0136964
0.0137711
0.0136718
0.0138446
0.0137295
0.0136883
0.0137436
0.0137108
0.0137049
0.0138666
0.0137363
0.0137123
0.0138717
0.0137821
0.0138551
0.0137707
0.0138078
0.0137266
0.0137285
0.013766
0.0138342
0.0138477
0.0138009
0.0137926
0.0137224
0.0136313
0.0138306
0.0126493
0.0128714
0.0135399
0.0140075
0.0131782
0.0131059
0.0140465
0.0134404
0.0136147
0.0132605
0.0132305
0.013346
0.0134812
0.0140128
0.0136749
0.0134069
0.0134478
0.0138274
0.013602
0.0138062
0.0139995
0.0135606
0.013895
0.0135267
0.0135523
0.0136061
0.0135856
0.0136243
0.0136156
0.0139526
0.0137102
0.0137369
0.0137025
0.0136362
0.0136603
0.0139163
0.0137299
0.0138009
0.0139691
0.0137919
0.0134256
0.0137808
0.0138084
0.0137255
0.0139193
0.0136136
0.0139132
0.0138064
0.0137644
0.0136272
0.0136358
0.0136505
0.0139297
0.0136565
0.0138066
0.0138192
0.0139129
0.0136806
0.0136841
0.0138994
0.0138895
0.0138406
0.0137173
0.0138222
0.0137614
0.0137253
0.0137922
0.0137232
0.0138652
0.0138553
0.0138628
0.0137329
0.0138512
0.0138146
0.0137436
0.0137435
0.0137685
0.013778
0.0112427
0.0109173
0.0118241
0.013336
0.0119949
0.0127838
0.0125956
0.012708
0.0128518
0.0139492
0.0135548
0.0131897
0.0138009
0.0138026
0.0138316
0.013883
0.0138156
0.0137127
0.0139905
0.013933
0.0139093
0.0139331
0.0139174
0.0137282
0.013914
0.0138003
0.0138667
0.013902
0.0137409
0.0138865
0.0137534
0.0138857
0.0137385
0.0138165
0.0138747
0.0138639
0.0138699
0.0138737
0.0137698
0.0138255
0.0138583
0.0138631
0.0138222
0.013751
0.0137909
0.0138565
0.0137749
0.0138432
0.013849
0.0137978
0.013798
0.0138395
0.0137933
0.0138459
0.0138326
0.0138436
0.0137883
0.0138244
0.01378
0.0137859
0.0138383
0.0137782
0.0138355
0.0138318
0.0137752
0.0138126
0.0138046
0.0138318
0.0137971
0.0137778
0.00857794
0.0118127
0.0110033
0.0128529
0.0131115
0.0124569
0.0130388
0.0128742
0.0132432
0.0132135
0.0132771
0.0132357
0.0131553
0.0135046
0.0132084
0.0135664
0.0139132
0.0133513
0.0134165
0.0136786
0.0134404
0.0138033
0.0135166
0.013717
0.0135357
0.0137963
0.0117165
0.0119168
0.0128977
0.012482
0.0129085
0.0130263
0.0132785
0.0138366
0.0130931
0.0132477
0.0139547
0.0133046
0.0134602
0.0135617
0.0137681
0.0104044
0.00993308
0.010832
0.012387
0.0125821
0.0124945
0.0119739
0.0123219
0.0133267
0.0125749
0.012831
0.013126
0.0135215
0.01394
0.0138009
0.0138009
0.0138149
0.0138086
0.0138131
0.013808
0.0138076
0.0138003
0.0136938
0.0138988
0.0138989
0.0136923
0.0138048
0.0139177
0.0138353
0.0139216
0.0139167
0.0137664
0.0138194
0.0139032
0.0137654
0.0137602
0.013728
0.0137231
0.0137245
0.0137556
0.0137636
0.0138789
0.0138487
0.0137637
0.0137734
0.0137363
0.0138732
0.0137581
0.0137522
0.0137562
0.013765
0.0137515
0.0138565
0.0138323
0.0137776
0.0137512
0.0138542
0.0138078
0.0137582
0.0138506
0.0138162
0.013848
0.0137831
0.0138449
0.0137622
0.0137912
0.0138399
0.0138141
0.0137799
0.0137725
0.0137927
0.0138294
0.0138041
0.0137856
0.013531
0.0135437
0.0125655
0.0133437
0.0129915
0.0132328
0.0127095
0.0128755
0.0135079
0.0140262
0.013029
0.0137886
0.0137103
0.0132865
0.0134828
0.0132303
0.0133201
0.0133731
0.0134262
0.0134319
0.0137729
0.013919
0.0135695
0.0135589
0.0135111
0.0135361
0.0138008
0.0135233
0.0138348
0.0134096
0.0137125
0.0135984
0.0138456
0.0135424
0.0135637
0.0136333
0.01362
0.0136782
0.0136407
0.0137882
0.0137998
0.0114497
0.0131006
0.0126471
0.0128751
0.0135653
0.0131503
0.0131509
0.0134539
0.0133477
0.0136513
0.0135585
0.0138009
0.0139709
0.0137742
0.0133631
0.013708
0.0137079
0.0136565
0.0136884
0.0138396
0.0136833
0.0138179
0.0137572
0.0136305
0.0137513
0.013634
0.0136577
0.0136889
0.013814
0.013896
0.0136778
0.0138858
0.0138411
0.0137395
0.0137219
0.0138405
0.0137216
0.0137589
0.0137767
0.00981492
0.0123912
0.00594388
0.00800658
0.0111503
0.0131979
0.00999913
0.0129161
0.0122562
0.0114803
0.0121892
0.0119787
0.0140109
0.012893
0.0129962
0.0127902
0.0133924
0.0129969
0.0132589
0.0130617
0.0131583
0.0131332
0.0131451
0.0134385
0.0131754
0.0139032
0.0135307
0.0134494
0.0137174
0.0137976
0.0120976
0.0106547
0.0116184
0.0128601
0.0130215
0.0120944
0.0133738
0.012485
0.0130282
0.0129882
0.0133652
0.0136121
0.0135107
0.0138009
0.0138096
0.0138095
0.0139704
0.0140013
0.0138085
0.0139594
0.0138915
0.0137201
0.0139168
0.0139121
0.0137315
0.0137389
0.0138963
0.0138924
0.0138559
0.0138883
0.0138865
0.0137803
0.0138779
0.0138341
0.0138087
0.013861
0.0138494
0.0138289
0.0138329
0.0138612
0.013847
0.0138585
0.0138584
0.0138384
0.0138332
0.0138126
0.0138501
0.0137674
0.0137559
0.0137632
0.013794
0.0138485
0.0137719
0.0138347
0.0137699
0.0138414
0.0138315
0.0138235
0.0137736
0.0138389
0.0138262
0.0137793
0.0137743
0.0138349
0.0137781
0.0137956
0.0138291
0.0138192
0.0138297
0.0138252
0.0137915
0.0138272
0.0138266
0.0129205
0.0119183
0.0117892
0.0118069
0.0119168
0.0122135
0.012241
0.0137801
0.0126539
0.0135174
0.0130371
0.0131423
0.0131381
0.0138009
0.0136156
0.0134873
0.0142081
0.0130933
0.0136891
0.0136222
0.0138255
0.0139879
0.014047
0.0138939
0.0134404
0.0135058
0.0140081
0.0135111
0.0135053
0.0135451
0.013973
0.0139825
0.0136352
0.0137915
0.0139574
0.0139532
0.013911
0.0136191
0.0137821
0.0135985
0.0136275
0.0138744
0.0137187
0.0136444
0.0137345
0.0136564
0.0136819
0.0137886
0.0138399
0.0137044
0.0137204
0.0136893
0.0137067
0.0137245
0.0137212
0.0137265
0.0135934
0.0137892
0.0134031
0.0137641
0.0138632
0.013918
0.0135432
0.0138255
0.0135992
0.0139016
0.0139357
0.0136242
0.0138327
0.0138854
0.0136527
0.0139202
0.0139192
0.0136677
0.0136798
0.0137981
0.0137981
0.0136894
0.0138851
0.0137713
0.0137319
0.0138701
0.0137741
0.0138579
0.0138371
0.0137173
0.0137182
0.0137233
0.0138253
0.0137281
0.0137597
0.0137326
0.0137559
0.0137349
0.0137424
0.0137451
0.0137513
0.0138484
0.0138414
0.0137504
