0.021709
0.0159042
0.0167458
0.0243361
0.0202537
0.0232459
0.0219654
0.0222325
0.0229209
0.0223189
0.0223475
0.022826
0.0231654
0.0241696
0.0241696
0.0241696
0.0243886
0.0242019
0.0241553
0.0242121
0.0241758
0.0241624
0.0241618
0.0242577
0.0240568
0.0241269
0.0240766
0.0241806
0.0241044
0.0242705
0.0241941
0.024088
0.0242567
0.0240915
0.0242253
0.0241612
0.024097
0.024228
0.0241077
0.0242483
0.0241508
0.0242135
0.0242368
0.0242195
0.0241874
0.0242165
0.0241133
0.0241094
0.0242305
0.0241528
0.0241154
0.0241283
0.0241931
0.0241532
0.0241302
0.0241206
0.024146
0.0241405
0.024175
0.0241419
0.0241594
0.0242038
0.0241539
0.0241358
0.0242024
0.0242035
0.0241968
0.024134
0.0241897
0.0241996
0.0242032
0.0241803
0.0241696
0.0241694
0.0218486
0.0259292
0.0264503
0.0225274
0.0227312
0.0259995
0.0256842
0.0255805
0.0240752
0.0229977
0.0231152
0.0230781
0.0252988
0.0232084
0.0232197
0.0250566
0.0245269
0.0233464
0.0250321
0.0245375
0.0234192
0.0240115
0.0249017
0.0248725
0.0248989
0.0248283
0.0236104
0.0247339
0.0247261
0.0239049
0.0236296
0.0236291
0.0246889
0.0246577
0.0236709
0.0246334
0.024325
0.0245691
0.0238116
0.0246102
0.0241033
0.0245728
0.0245468
0.0237985
0.0238358
0.0238182
0.0242682
0.0244379
0.0244357
0.0244959
0.0244517
0.0239243
0.0242234
0.0242874
0.023955
0.0244457
0.0244274
0.0244197
0.0241734
0.0232386
0.0255638
0.0240235
0.0245541
0.022863
0.0228843
0.0229366
0.0236639
0.0234423
0.0237416
0.0232842
0.0250658
0.0245825
0.0243466
0.0249788
0.0233922
0.0246975
0.0238705
0.0235507
0.0235626
0.0246367
0.0238001
0.0237571
0.023624
0.0237236
0.0237058
0.024382
0.0245999
0.0237742
0.0245695
0.0237897
0.024325
0.0238065
0.0243008
0.0240926
0.0238258
0.0243358
0.023877
0.0239151
0.0241989
0.0242884
0.0241559
0.0241696
0.0225081
0.0225639
0.0228671
0.0234497
0.0250866
0.024419
0.0248753
0.0249268
0.023825
0.0248021
0.0245583
0.0242372
0.0243334
0.0238107
0.0239595
0.0246565
0.023807
0.0246224
0.0243691
0.0237308
0.0237446
0.0245324
0.0245434
0.0242301
0.0243134
0.0243554
0.0244158
0.0242659
0.024153
0.0244673
0.0244656
0.0240362
0.0241286
0.0243402
0.0239246
0.0242616
0.0242377
0.0243943
0.0243755
0.0239635
0.0243646
0.0242677
0.0240371
0.0243502
0.0254876
0.0240665
0.0241516
0.0249359
0.0238251
0.0239953
0.0247855
0.0236075
0.0245773
0.0241397
0.0242422
0.0236773
0.0243786
0.0237071
0.0239598
0.0245028
0.0238037
0.0238154
0.0242794
0.0243125
0.0238831
0.0242413
0.0240267
0.0240666
0.0242655
0.0243783
0.0239533
0.0240245
0.024277
0.0239816
0.0238576
0.0241695
0.0244289
0.0248302
0.0244327
0.0237998
0.0241849
0.024101
0.0242617
0.0241136
0.0239108
0.0243701
0.0239711
0.0243539
0.0240009
0.0243725
0.0239857
0.0239254
0.0239381
0.0243841
0.0240174
0.0239539
0.0239693
0.0239606
0.0243623
0.0241826
0.0241138
0.0240857
0.0243323
0.0243082
0.0243165
0.0240271
0.0242445
0.0240608
0.0242973
0.0241609
0.0241355
0.0242378
0.0240815
0.0242761
0.0241903
0.0241696
0.0259965
0.0241841
0.022471
0.0236984
0.0226121
0.0247906
0.0227592
0.0251702
0.0241557
0.0231256
0.0237653
0.0245626
0.0236836
0.0232915
0.0233455
0.0247412
0.024816
0.0248014
0.0235547
0.0235248
0.0238859
0.0239159
0.0246254
0.023811
0.0241951
0.0241926
0.023844
0.0240564
0.0245799
0.0237402
0.0238055
0.0241654
0.0243361
0.0238497
0.0238453
0.023879
0.0242805
0.023963
0.0238836
0.0244403
0.0239269
0.0241099
0.0241696
0.0241158
0.0241736
0.0244298
0.0241622
0.0242027
0.0242095
0.0242141
0.0241695
0.0240768
0.024044
0.0241566
0.0240867
0.0242601
0.0242893
0.0242532
0.0241947
0.0240716
0.0242173
0.0241522
0.0242248
0.0240901
0.0242288
0.0241886
0.0242543
0.0241097
0.024219
0.0242076
0.0240957
0.0240974
0.0242384
0.0242389
0.024216
0.0241966
0.0241288
0.0242075
0.0242298
0.0241422
0.0242163
0.024119
0.0241153
0.024145
0.0242208
0.0241192
0.0241223
0.024138
0.0242062
0.0241349
0.0241284
0.0241417
0.0241454
0.024165
0.0241863
0.0242059
0.0241627
0.0241999
0.0241346
0.0241951
0.024136
0.0248421
0.0239845
0.0235451
0.0244976
0.0240204
0.0236937
0.0238116
0.0238583
0.0238585
0.0241001
0.023983
0.0239539
0.0239938
0.0239924
0.0237989
0.0239043
0.0219573
0.0241553
0.02214
0.0245812
0.0225285
0.023798
0.022898
0.0236967
0.0231698
0.0232428
0.0247177
0.024775
0.0236308
0.0243204
0.0234921
0.0235196
0.0243201
0.0236885
0.0244051
0.0236919
0.0237323
0.0241485
0.0242563
0.024497
0.0238312
0.0239635
0.0241696
0.0242585
0.0241227
0.0238614
0.0241697
0.024221
0.0241428
0.0244329
0.0242031
0.0239639
0.0241532
0.0242307
0.0241765
0.0243556
0.0242786
0.0243369
0.0241959
0.024145
0.0240873
0.0240942
0.0243209
0.0240445
0.0241205
0.0242664
0.0241757
0.0242547
0.0240721
0.0241651
0.0240493
0.0242835
0.0242639
0.0242823
0.0242554
0.0241482
0.0240651
0.0240702
0.0242399
0.0240775
0.0241513
0.0242028
0.0241128
0.0241173
0.0241797
0.0242481
0.0242325
0.0241943
0.0241761
0.0241138
0.0242318
0.0241569
0.0241093
0.0241339
0.0241374
0.0241117
0.0241881
0.0241745
0.0242057
0.0241217
0.0241994
0.0241696
0.024166
0.0241665
0.0231708
0.0247981
0.0247557
0.0245107
0.0246811
0.0247101
0.0240116
0.0242746
0.0241295
0.0241884
0.0246404
0.0240759
0.0243163
0.0243734
0.0244572
0.0239509
0.0240912
0.0244294
0.0237948
0.0242947
0.0242759
0.0242378
0.0244388
0.0242937
0.0238803
0.0238898
0.0238906
0.0244247
0.0242371
0.0243788
0.0240009
0.0239325
0.0243136
0.0242641
0.0239899
0.0243035
0.0241162
0.0243376
0.0239978
0.0240162
0.0240243
0.0240837
0.0149481
0.0230434
0.0239647
0.0251326
0.0220971
0.0220659
0.0232082
0.0233244
0.0230454
0.0229428
0.0232816
0.0239146
0.0241959
0.0234005
0.0239229
0.0241696
0.0251921
0.0241781
0.0231109
0.0239738
0.0233064
0.0244596
0.0234174
0.0247194
0.0241663
0.0236098
0.0239886
0.0243625
0.0239417
0.0236753
0.0237026
0.0244835
0.0245486
0.0245371
0.0237823
0.0238061
0.024024
0.024037
0.0244319
0.0239775
0.024185
0.0241837
0.0239888
0.0241089
0.0244227
0.0239052
0.0239567
0.0241685
0.0242664
0.0239813
0.0239769
0.0239995
0.0242348
0.0240497
0.0239918
0.0243392
0.0240256
0.0241357
0.0241696
0.0238745
0.0210221
0.022246
0.0245462
0.0227485
0.025561
0.0223136
0.0229298
0.0251482
0.0245679
0.0228323
0.0233172
0.0239851
0.0231367
0.0231479
0.0232346
0.0232154
0.0248881
0.0236007
0.0247673
0.0234423
0.0234534
0.0238968
0.0245003
0.0239359
0.0239014
0.0246786
0.0242455
0.0242795
0.0238941
0.0236681
0.0237261
0.0237701
0.0244102
0.0245259
0.0238278
0.0238819
0.0244975
0.0241294
0.0244756
0.0241696
0.0241702
0.0241688
0.0242147
0.0237389
0.0242125
0.0235276
0.0245383
0.023809
0.0243751
0.0245915
0.0237909
0.0237657
0.0240779
0.0245176
0.0244637
0.023825
0.0244871
0.0244062
0.024306
0.0238775
0.0243487
0.0244241
0.023917
0.0241013
0.0243958
0.0240003
0.0243881
0.0240579
0.0243805
0.0239543
0.0242146
0.0240048
0.0240222
0.0240459
0.0243227
0.0243202
0.0242857
0.02406
0.0242148
0.0241941
0.0240983
0.0234
0.0227766
0.0245427
0.0218971
0.0219577
0.0239128
0.0236262
0.0228133
0.0232132
0.0238453
0.0246229
0.023432
0.0241696
0.0241413
0.0240972
0.0241704
0.024186
0.0241988
0.0241625
0.0240115
0.0241852
0.0242076
0.0241405
0.0241298
0.023967
0.0240328
0.024088
0.024137
0.0243911
0.024388
0.0240726
0.0240425
0.0242274
0.0240366
0.0241344
0.024205
0.0243385
0.0240836
0.0241022
0.0243083
0.0240141
0.0241759
0.0243216
0.0240861
0.0243175
0.0241588
0.0241851
0.0240637
0.0241794
0.0242524
0.0242932
0.0242885
0.024287
0.024104
0.0240887
0.0242784
0.024267
0.0242457
0.0241774
0.0241663
0.0242195
0.0241982
0.0241033
0.0240956
0.0240882
0.0241757
0.0241923
0.0241697
0.0242445
0.0242337
0.0241177
0.020904
0.0240339
0.0249881
0.0230459
0.0235611
0.0222319
0.023064
0.0249459
0.022931
0.0231007
0.0229428
0.0232275
0.0240821
0.0235527
0.0237275
0.0243778
0.0237472
0.0243064
0.0245134
0.0237897
0.0243771
0.0246089
0.0236428
0.0241295
0.0238131
0.0243878
0.0243411
0.0237916
0.0171255
0.0233547
0.0240025
0.0249047
0.0225507
0.0226029
0.0234716
0.0235473
0.0232777
0.0232145
0.0234611
0.0239714
0.0241896
0.0235669
0.0239753
0.0109323
0.0259547
0.0197564
0.024079
0.0194675
0.0240575
0.0234196
0.0220773
0.0241258
0.025184
0.0231182
0.0228408
0.0232203
0.0245906
0.0241696
0.02417
0.0244693
0.0241699
0.0241567
0.0241593
0.0245315
0.0239424
0.0244168
0.0245237
0.024197
0.0241247
0.0238722
0.02389
0.0244808
0.0244128
0.0244044
0.0241999
0.0243187
0.0241041
0.0241416
0.0243953
0.0243837
0.023991
0.0242329
0.0241936
0.0242311
0.0242444
0.0241109
0.0240059
0.0240456
0.0243223
0.0240756
0.0241898
0.024328
0.0243122
0.0242603
0.0242904
0.0240412
0.0240369
0.0240461
0.0240789
0.0241697
0.0242919
0.0241376
0.0241467
0.0242467
0.02424
0.0240675
0.0242738
0.0241099
0.0240831
0.0242326
0.0242067
0.0240862
0.0241793
0.0241479
0.024214
0.0241563
0.0232329
0.0258049
0.0230535
0.0252175
0.022305
0.0223033
0.0233694
0.0251612
0.0248791
0.0231074
0.0244528
0.0247255
0.0238842
0.0243885
0.0242027
0.0246477
0.0241405
0.023803
0.0245252
0.0239525
0.0236446
0.0241511
0.0242634
0.0245459
0.0245082
0.0244967
0.0216895
0.0230352
0.0239752
0.0238168
0.0235468
0.024415
0.0240188
0.0237335
0.0243013
0.0242642
0.0238982
0.0243207
0.0241974
0.0239738
0.0239799
0.0208057
0.0213703
0.022259
0.0227424
0.0228641
0.0231646
0.0239816
0.023252
0.0236404
0.0235088
0.0236839
0.0237587
0.0237633
0.0253379
0.0240735
0.0241547
0.024842
0.0238818
0.0240225
0.0247135
0.0236894
0.0245243
0.0241423
0.0242307
0.0237309
0.0243505
0.0237602
0.023986
0.0244645
0.0238441
0.0238535
0.0242654
0.024295
0.0239138
0.0242323
0.0240424
0.0240776
0.0242545
0.0243574
0.0239757
0.0240396
0.0242655
0.0240003
0.0241189
0.0084911
0.0259044
0.0217602
0.0258451
0.0190681
0.0243385
0.0217892
0.0213239
0.0255499
0.0216966
0.0246799
0.0242893
0.0221837
0.024118
0.0242565
0.0230316
0.0250194
0.0245916
0.0231772
0.024896
0.0231447
0.0235282
0.0248096
0.0234672
0.0237735
0.0245556
0.0241451
0.0247687
0.0225727
0.0242635
0.0254952
0.0220453
0.0239859
0.0231288
0.0225992
0.0230898
0.0248864
0.0239747
0.0247482
0.0234131
0.0241696
0.0243693
0.0241879
0.0242491
0.0239111
0.023961
0.0241997
0.0240563
0.0244393
0.0239674
0.0242224
0.0240299
0.0239855
0.0243891
0.0242164
0.0243741
0.0240645
0.024214
0.0243554
0.0240904
0.0241185
0.0243369
0.0241733
0.0243224
0.0242585
0.0241729
0.0242754
0.0240287
0.0241365
0.0240969
0.0242857
0.0240662
0.0240487
0.0242354
0.0240943
0.0241595
0.0241435
0.0241041
0.0241642
0.0241084
0.024081
0.0242621
0.0240759
0.0242661
0.0241482
0.0242613
0.0240921
0.0241532
0.0242482
0.0241359
0.0241441
0.0241204
0.0241738
0.02424
0.0241091
0.0242143
0.024235
0.0241932
0.0222818
0.0228167
0.0243248
0.0240145
0.0239611
0.0220905
0.0223384
0.0248021
0.0237425
0.0232723
0.0240992
0.0235849
0.0241696
0.0241685
0.0234208
0.0236175
0.024899
0.0248435
0.0239895
0.0243405
0.0234184
0.0245291
0.0234063
0.0239371
0.0246595
0.0247135
0.0240861
0.0236405
0.0236593
0.0236189
0.0240638
0.0244258
0.0239905
0.0245531
0.0245016
0.0237701
0.0238855
0.023842
0.0244575
0.0238101
0.0238116
0.0244908
0.0244062
0.0238759
0.0241668
0.0239172
0.0241671
0.0239002
0.024361
0.0242372
0.0239404
0.0240503
0.0239654
0.0243558
0.0241696
0.0241674
0.0236429
0.0241462
0.0241621
0.0242524
0.0246734
0.0236461
0.0241064
0.0245556
0.0239262
0.0237821
0.0245224
0.0238154
0.0242478
0.0243488
0.0239056
0.0244478
0.0243916
0.0239165
0.0239084
0.0242778
0.0242275
0.0239877
0.0241865
0.0243786
0.0240862
0.0243446
0.0241845
0.0240727
0.0243018
0.0240268
0.0243412
0.0242799
0.024006
0.0242992
0.0241179
0.0240181
0.0240734
0.0240553
0.0240415
0.0241787
0.024042
0.0241232
