0.0236911
0.0182019
0.0187295
0.0200203
0.0220051
0.0243178
0.0222077
0.0222115
0.0230192
0.0228019
0.0239097
0.0245346
0.0247673
0.0247662
0.0248248
0.0247999
0.024797
0.0247795
0.0247724
0.0247881
0.0247642
0.0247578
0.0247788
0.0247792
0.0247663
0.0247715
0.0247745
0.0247772
0.0247597
0.0247719
0.0247752
0.0247752
0.0247698
0.0247626
0.0247755
0.0247729
0.0247634
0.0247609
0.0247721
0.024774
0.0247701
0.0247702
0.0247638
0.0247686
0.0247709
0.0247678
0.0247731
0.0247726
0.0247723
0.0247687
0.0247695
0.0247654
0.0247682
0.0247617
0.0247682
0.0247682
0.024771
0.0247678
0.0247684
0.0247657
0.024769
0.0247625
0.0247689
0.0247667
0.0247685
0.0247689
0.0247686
0.0247667
0.0247688
0.0247675
0.0247687
0.0248744
0.024771
0.0248051
0.0248759
0.0249675
0.024842
0.0248419
0.0248432
0.0248548
0.0248383
0.0247164
0.02482
0.0249135
0.0247608
0.024851
0.024723
0.0248981
0.0247829
0.0248698
0.0248902
0.0248318
0.0247692
0.0248382
0.0247353
0.0248427
0.0247325
0.024824
0.0248386
0.0247553
0.0248209
0.0248308
0.0247582
0.0247372
0.0248077
0.024823
0.0247985
0.0247645
0.0248083
0.0247928
0.0247541
0.0247613
0.0248068
0.0247524
0.0248034
0.024797
0.024801
0.024762
0.024748
0.0247901
0.0247578
0.0247471
0.0247738
0.0247552
0.0247921
0.0247757
0.0247627
0.0247537
0.0247885
0.0247836
0.0245837
0.0247636
0.0246445
0.0246983
0.0246126
0.0246508
0.0247636
0.0247524
0.0247403
0.0246407
0.0247556
0.0248093
0.0248069
0.0247209
0.0246792
0.0246904
0.0247605
0.0246957
0.0247727
0.0247305
0.024788
0.0247953
0.0247222
0.024716
0.0247814
0.0247177
0.0247413
0.0247809
0.0247411
0.0247577
0.0247332
0.0247377
0.024737
0.0247561
0.0247479
0.0247535
0.02474
0.0247622
0.0247681
0.0247491
0.024739
0.0247476
0.0247434
0.0247464
0.0247458
0.0246877
0.0247642
0.0247132
0.0247375
0.0246972
0.0247157
0.024764
0.0247583
0.0247527
0.0246999
0.0247599
0.0247948
0.0247936
0.0247423
0.0247194
0.0247247
0.0247623
0.0247219
0.0247695
0.0247456
0.0247797
0.0247856
0.0247362
0.0247357
0.0247755
0.0247359
0.0247507
0.0247753
0.0247505
0.0247603
0.0247435
0.0247461
0.0247457
0.0247593
0.0247542
0.0247576
0.0247478
0.0247631
0.0247669
0.0247547
0.0247476
0.0247527
0.0247507
0.0247527
0.0247523
0.024755
0.0246953
0.0244921
0.0244922
0.0247151
0.0245309
0.0246578
0.0247191
0.0246704
0.0246813
0.0247025
0.0246583
0.0246567
0.024645
0.0247257
0.0246445
0.0246552
0.0246692
0.0247446
0.0247197
0.0247105
0.0247127
0.024698
0.024692
0.0247679
0.0247036
0.0247289
0.0247245
0.024756
0.0247244
0.0247566
0.0247538
0.0247607
0.0247606
0.0247545
0.0247631
0.0247495
0.0247683
0.0247691
0.024732
0.0247352
0.0247354
0.0247387
0.0247511
0.0247416
0.0247416
0.0247433
0.0247469
0.0247732
0.0247479
0.0247728
0.0247621
0.0247513
0.0247494
0.0247686
0.0247507
0.0247606
0.0247522
0.0247502
0.0247562
0.0247734
0.0247528
0.0247667
0.0247612
0.024755
0.0247636
0.0247552
0.0247545
0.0247562
0.0247552
0.0247603
0.0247561
0.0247619
0.0247696
0.024757
0.0239899
0.0248073
0.0243797
0.0244458
0.0244529
0.0245791
0.0246795
0.0245645
0.0246441
0.0247044
0.0245759
0.0246768
0.0247046
0.0247002
0.0246919
0.0247312
0.0246621
0.0246492
0.0247232
0.0246502
0.0247807
0.0247152
0.0247883
0.0247035
0.0246893
0.0246837
0.0247382
0.0247197
0.0247004
0.0247524
0.0247029
0.0247663
0.0247663
0.0247105
0.0247102
0.0247701
0.0247151
0.0247535
0.024719
0.0247282
0.0247675
0.0247401
0.0248071
0.0248053
0.0247962
0.0247739
0.0247799
0.0247757
0.0247735
0.0247702
0.0247789
0.0247574
0.0247803
0.024775
0.0247683
0.0247757
0.0247745
0.0247658
0.0247733
0.0247757
0.0247749
0.0247759
0.0247713
0.0247704
0.0247744
0.0247721
0.0247627
0.0247684
0.0247721
0.0247731
0.0247669
0.0247648
0.0247726
0.024763
0.024772
0.0247689
0.0247717
0.0247718
0.0247625
0.0247701
0.0247692
0.0247669
0.0247707
0.0247707
0.0247662
0.0247701
0.0247642
0.0247686
0.0247695
0.0247697
0.0247689
0.0247626
0.0247673
0.0247628
0.0247649
0.0247663
0.0247688
0.0247684
0.0247678
0.0247652
0.0247678
0.0247677
0.0247595
0.0246246
0.0244435
0.0244627
0.0244642
0.0244967
0.024572
0.0246674
0.0246243
0.0246314
0.0247396
0.0246352
0.0247257
0.0246587
0.0247188
0.02254
0.0247173
0.0237866
0.0243737
0.0242954
0.0242227
0.0243181
0.0243841
0.0246256
0.0247987
0.0247028
0.0245608
0.0243833
0.0244074
0.0244827
0.0244526
0.024767
0.0245341
0.0245151
0.0245353
0.0245977
0.0247489
0.0247829
0.0246455
0.0246691
0.024759
0.0247306
0.0246892
0.0246529
0.0247659
0.0247906
0.0247806
0.0248079
0.024771
0.0247725
0.02477
0.0247822
0.0247878
0.0247848
0.0247835
0.0247824
0.0247647
0.0247552
0.0247621
0.0247788
0.0247781
0.0247556
0.0247652
0.0247595
0.0247745
0.0247752
0.0247586
0.0247575
0.0247621
0.0247749
0.0247709
0.0247651
0.0247739
0.0247727
0.0247647
0.0247725
0.0247591
0.0247717
0.0247702
0.0247714
0.024772
0.0247716
0.0247715
0.0247631
0.0247706
0.02476
0.02476
0.0247642
0.0247699
0.0247619
0.0247692
0.0247613
0.0247698
0.0247648
0.0247692
0.0247696
0.0247686
0.024765
0.0247624
0.0247688
0.024765
0.0247668
0.024767
0.0247685
0.0246803
0.0247454
0.0244433
0.0246916
0.0246171
0.0247649
0.0246662
0.0247757
0.0246479
0.0246477
0.0246538
0.0246639
0.0247432
0.0246692
0.0247015
0.0247358
0.0246805
0.0246809
0.0247369
0.0246889
0.0247682
0.024732
0.0247233
0.0247174
0.0247329
0.0247064
0.0247462
0.0247183
0.0247522
0.0247204
0.0247653
0.0247229
0.0247466
0.0247389
0.0247406
0.0247652
0.0247699
0.0247619
0.0247288
0.0247448
0.0247373
0.0247441
0.0247429
0.0247592
0.021931
0.0243267
0.0246821
0.0234875
0.0234799
0.023434
0.0242283
0.0238748
0.0246586
0.0246655
0.0240982
0.0245597
0.0246722
0.0245297
0.0244292
0.0247932
0.0246008
0.0246292
0.0246071
0.024665
0.0247232
0.0246797
0.0247096
0.0247352
0.0246811
0.0247135
0.0247279
0.0247256
0.0247289
0.0247477
0.0247086
0.0247083
0.0247433
0.0247071
0.0247749
0.0247349
0.0247796
0.0247328
0.0247228
0.0247222
0.0247504
0.024738
0.0247286
0.0247582
0.024731
0.024766
0.024766
0.0247341
0.0247341
0.0247683
0.0247371
0.0247586
0.024739
0.0247443
0.0247666
0.0247509
0.0224159
0.0247589
0.0235133
0.0237709
0.0242064
0.0242369
0.0243311
0.0242802
0.0244697
0.0243279
0.0247447
0.0243185
0.02437
0.0244875
0.0244768
0.0247551
0.0245695
0.0245483
0.0245222
0.0246913
0.0245483
0.0246616
0.0245882
0.0247536
0.0246894
0.0246311
0.0247102
0.0247051
0.0247439
0.0247035
0.0246558
0.0246593
0.0246862
0.0246495
0.0247669
0.0247382
0.024661
0.0246924
0.0246721
0.024676
0.0246826
0.0247295
0.0247369
0.0247479
0.0245099
0.0247629
0.0246428
0.024732
0.0246532
0.0246911
0.0247208
0.0247647
0.0246917
0.0246968
0.0247787
0.0247062
0.0247264
0.024735
0.0247298
0.0247739
0.0247719
0.0247257
0.02472
0.0247626
0.0247279
0.0247378
0.0247272
0.0247415
0.0247587
0.0247432
0.0247701
0.0247408
0.0247394
0.0247481
0.0247493
0.0247463
0.0247647
0.0247743
0.0247548
0.0247524
0.0247563
0.0247525
0.0247496
0.0247486
0.0247493
0.0247479
0.0247647
0.0246137
0.0213547
0.0225296
0.022849
0.02278
0.0243979
0.0238814
0.0239706
0.0243839
0.0246287
0.0238978
0.0244075
0.0245907
0.0243757
0.0248336
0.0247651
0.0247826
0.0249168
0.0248612
0.024794
0.0247858
0.0248
0.0247956
0.0247961
0.0247884
0.0247899
0.0247871
0.0248064
0.0248002
0.0247701
0.0247759
0.0247846
0.0247592
0.0247897
0.0247852
0.0247867
0.0247894
0.0247936
0.02477
0.0247941
0.0247597
0.0247866
0.0247886
0.0247891
0.0247835
0.0247685
0.0247715
0.024764
0.0247714
0.0247737
0.0247855
0.0247737
0.0247846
0.0247823
0.0247835
0.0247833
0.0247783
0.0247787
0.0247818
0.0247811
0.0247759
0.0247796
0.0247775
0.0247777
0.0247615
0.02477
0.0247757
0.0247712
0.0247683
0.0247744
0.0247746
0.0247632
0.0247742
0.0232756
0.021509
0.0242349
0.0239921
0.0238309
0.0237648
0.02378
0.0243007
0.0238655
0.0245927
0.0242305
0.0244049
0.0241305
0.0245367
0.0241644
0.0246939
0.0243904
0.0244817
0.024388
0.0243861
0.0246686
0.0246958
0.0244181
0.024595
0.0245135
0.0247493
0.0246898
0.0246911
0.0246378
0.0247613
0.0227443
0.0244167
0.0246976
0.0238311
0.0238299
0.023796
0.0243506
0.0240917
0.0246793
0.0246848
0.0242521
0.0246014
0.0246902
0.0245774
0.0247198
0.0195554
0.021096
0.0214398
0.0225813
0.02427
0.0244841
0.023869
0.0237915
0.0237893
0.0241187
0.0240267
0.0247461
0.0242041
0.0247905
0.0248517
0.0249567
0.0249303
0.0248177
0.0247942
0.0248008
0.0247459
0.024791
0.0247942
0.0247956
0.0247821
0.0248104
0.0247781
0.02481
0.0248002
0.0247997
0.0248035
0.0247819
0.0247772
0.0247693
0.0247883
0.0247839
0.0247806
0.0247945
0.0247619
0.0247648
0.0247913
0.0247884
0.0247858
0.0247815
0.0247891
0.0247897
0.0247898
0.0247661
0.0247804
0.0247777
0.024775
0.0247639
0.0247572
0.0247572
0.0247796
0.0247709
0.0247831
0.0247723
0.0247612
0.0247797
0.0247754
0.0247764
0.0247792
0.0247593
0.0247694
0.024777
0.0247595
0.0247772
0.0247625
0.024771
0.0247658
0.0247764
0.024763
0.023569
0.023475
0.0238287
0.0238454
0.0243299
0.0241509
0.0239704
0.0247036
0.0246636
0.0240937
0.0246404
0.0241798
0.024322
0.0243877
0.0243176
0.0246618
0.0244296
0.0246034
0.0245697
0.0244982
0.0246158
0.0245592
0.024636
0.0246531
0.0245275
0.0245407
0.0246976
0.0246795
0.0247613
0.0245841
0.0247354
0.0244437
0.0245721
0.0245767
0.0244968
0.0245571
0.024552
0.0247195
0.024597
0.0246129
0.024742
0.024698
0.0247208
0.0211858
0.0241498
0.0246053
0.0241409
0.0245786
0.0244131
0.0240946
0.0241414
0.0244866
0.0246964
0.0246163
0.0245772
0.0244853
0.0247569
0.0247077
0.0245307
0.024522
0.024719
0.024562
0.0246697
0.0247232
0.0246806
0.0246902
0.024709
0.0246709
0.0246689
0.0246594
0.0247297
0.0246587
0.0246678
0.0246798
0.0247464
0.0247242
0.0247159
0.024718
0.0247049
0.0246995
0.0247674
0.0247097
0.0247323
0.0247283
0.0247566
0.0247282
0.0186885
0.0134864
0.0225333
0.0225624
0.0214655
0.0242938
0.0236959
0.0225121
0.0235296
0.0238461
0.0235874
0.024025
0.0243067
0.0245543
0.0240433
0.0235694
0.0246214
0.024242
0.0243935
0.0242824
0.024031
0.0244108
0.0245016
0.0243413
0.0243106
0.0241965
0.0245696
0.0247144
0.0244624
0.0244277
0.0101964
0.0211636
0.0237261
0.0223607
0.0233877
0.0228489
0.0244538
0.0242373
0.024648
0.0243577
0.0239738
0.0245454
0.0241886
0.0246515
0.0247646
0.0249012
0.0247648
0.0248577
0.0248461
0.0248095
0.0247758
0.0247756
0.0247947
0.0247905
0.0247934
0.0247784
0.0247912
0.0248015
0.024759
0.024787
0.0247937
0.0247765
0.0247801
0.0247779
0.0247924
0.0247816
0.0247742
0.0247778
0.0247897
0.0247666
0.024765
0.0247846
0.0247878
0.0247743
0.0247846
0.0247628
0.0247616
0.0247815
0.0247665
0.0247749
0.0247775
0.0247832
0.0247601
0.0247745
0.0247673
0.0247617
0.0247798
0.0247801
0.0247764
0.0247716
0.0247768
0.0247668
0.0247709
0.0247623
0.024777
0.0247765
0.0247751
0.0247714
0.0247759
0.0247725
0.0247746
0.0247643
0.0247719
0.0168068
0.0231894
0.0223009
0.0239854
0.0242678
0.0228853
0.0232627
0.0234084
0.0240408
0.0237373
0.0238507
0.0240291
0.0243857
0.0240515
0.0241859
0.0247544
0.0247585
0.024182
0.0243274
0.0242651
0.0243586
0.0246369
0.0245713
0.024566
0.0246997
0.0245753
0.0246911
0.0247899
0.0245542
0.0245807
0.0245869
0.0246049
0.0246369
0.0247053
0.0246176
0.0246598
0.0246917
0.0247531
0.024652
0.0247299
0.0247308
0.0246617
0.0247756
0.0247342
0.0246598
0.0246696
0.0246958
0.0247184
0.0246811
0.024734
0.0247539
0.0246901
0.0247483
0.0247257
0.0247382
0.0247012
0.0247096
0.0247148
0.0244107
0.0244335
0.0247714
0.0247234
0.0247748
0.0247219
0.0247265
0.0247064
0.0247415
0.0247271
0.0246986
0.0247113
0.0247114
0.0247063
0.0247095
0.0247072
0.0247168
0.0247354
0.0247564
0.0247208
0.0247506
0.0247425
0.0247322
0.0247421
0.0247425
0.024752
0.0247462
0.0247551
0.024741
0.0247594
0.0247412
0.02474
0.0247374
0.0247378
0.0247382
0.0247423
0.0247427
0.0247444
0.0247506
0.0247453
0.024762
