0.0434396
0.0220981
0.021835
0.020547
0.0207981
0.02154
0.0234496
0.023156
0.0242153
0.024212
0.0246808
0.0247004
0.0239433
0.0250333
0.0250333
0.0250719
0.0250334
0.0250622
0.0250536
0.025055
0.0250364
0.0250449
0.0250435
0.0250444
0.0250403
0.0250449
0.0250443
0.0250394
0.0250451
0.0250436
0.025042
0.025044
0.0250446
0.0250321
0.0250433
0.0250376
0.0250361
0.0250328
0.0250428
0.0250325
0.0250415
0.0250362
0.0250418
0.0250355
0.0250405
0.0250386
0.0250372
0.0250367
0.0250377
0.0250379
0.0250381
0.0250397
0.0250367
0.0250346
0.0250392
0.0250372
0.0250338
0.0250343
0.0250386
0.0250367
0.0250375
0.025038
0.0250369
0.0250345
0.0250375
0.0250376
0.0250373
0.0250361
0.0250355
0.0250349
0.0250456
0.0252039
0.0254516
0.0251025
0.0250559
0.0250991
0.0250152
0.0252172
0.0251447
0.0251178
0.0250707
0.0250924
0.0251593
0.025061
0.0251536
0.0250275
0.0250398
0.025029
0.0250857
0.0251041
0.0251238
0.0250962
0.0250804
0.0250227
0.0250671
0.02509
0.0250351
0.0250563
0.025083
0.0250776
0.025086
0.0250248
0.0250248
0.0250469
0.0250661
0.0250707
0.0250486
0.0250476
0.025031
0.025063
0.0250666
0.0250629
0.0250503
0.0250614
0.0250439
0.0250482
0.0250492
0.0250521
0.0250389
0.0250506
0.025052
0.0250501
0.0250502
0.0250538
0.0250418
0.0250313
0.025048
0.0250433
0.0244857
0.0248717
0.0246801
0.025022
0.0249594
0.0250131
0.0249437
0.0249268
0.0250047
0.0250413
0.0249867
0.0249574
0.0250399
0.0249807
0.0250308
0.0249846
0.025048
0.0250028
0.0249784
0.0250324
0.0250061
0.0250062
0.0250176
0.0250381
0.0250104
0.0250278
0.0250098
0.0250019
0.0250134
0.0250177
0.0250194
0.0250066
0.0250146
0.0250103
0.0250416
0.0250128
0.0250231
0.0250141
0.025021
0.0250404
0.0250199
0.0250206
0.0250183
0.0250397
0.0250193
0.0246889
0.0249664
0.0248606
0.0250288
0.0250021
0.0250208
0.0249794
0.0249744
0.0250135
0.0250385
0.0250095
0.0249922
0.0250376
0.0250065
0.0250318
0.0250039
0.0250434
0.0250131
0.0250029
0.0250327
0.0250178
0.0250176
0.0250224
0.0250365
0.025018
0.0250298
0.0250177
0.0250142
0.02502
0.0250236
0.0250238
0.0250165
0.0250208
0.0250188
0.0250391
0.0250204
0.0250262
0.0250208
0.0250254
0.0250383
0.0250242
0.0250251
0.0250233
0.0250378
0.0250242
0.0250333
0.0250079
0.024799
0.0249247
0.0249577
0.0249673
0.0248401
0.0249621
0.0248769
0.0248786
0.0249785
0.0249437
0.02489
0.0249234
0.024947
0.0249125
0.0249377
0.0249267
0.0249344
0.0249486
0.0249439
0.0249858
0.0250291
0.0250361
0.0249709
0.0249973
0.0249778
0.0250208
0.0250108
0.0250332
0.0249358
0.0249463
0.0250309
0.0250097
0.0250191
0.0250195
0.0250199
0.0250089
0.0250272
0.0250142
0.0250155
0.0250277
0.0250174
0.0250245
0.0250171
0.0250372
0.0250192
0.0250178
0.0250184
0.0250208
0.0250366
0.0250286
0.0250277
0.0250381
0.0250256
0.0250228
0.0250258
0.0250348
0.0250325
0.0250347
0.0250346
0.0250263
0.0250257
0.0250258
0.0250294
0.0250281
0.0250286
0.0250274
0.0250268
0.0250306
0.0250297
0.0250287
0.0250333
0.024366
0.024732
0.024725
0.0249075
0.0248414
0.0248734
0.0249922
0.0248785
0.0249813
0.0248583
0.0248639
0.0248678
0.0249199
0.0249651
0.0250427
0.0250006
0.0249165
0.0249933
0.0249428
0.0250321
0.0250408
0.0249816
0.0249522
0.0249942
0.0250011
0.0249714
0.0250013
0.0249889
0.0250326
0.0249803
0.0249783
0.0250202
0.0249903
0.0249893
0.025031
0.0249885
0.0249987
0.0250372
0.0251392
0.0250352
0.0250795
0.0250375
0.0250485
0.0250585
0.0250473
0.0250531
0.0250337
0.0250447
0.0250426
0.025041
0.0250433
0.0250437
0.0250413
0.0250415
0.0250413
0.0250413
0.0250416
0.0250379
0.0250418
0.0250404
0.0250388
0.0250417
0.0250393
0.0250371
0.0250391
0.0250339
0.0250323
0.0250335
0.0250338
0.0250369
0.0250361
0.0250397
0.0250335
0.0250391
0.0250387
0.0250381
0.025037
0.0250375
0.0250376
0.025037
0.0250368
0.0250368
0.0250367
0.0250379
0.0250379
0.0250376
0.0250363
0.0250334
0.025037
0.0250355
0.0250355
0.0250371
0.0250367
0.0250363
0.0250364
0.0250356
0.0250364
0.025033
0.0250333
0.0248285
0.0247617
0.0248233
0.0247334
0.0247623
0.0249457
0.0248209
0.0248476
0.0249125
0.0249673
0.0249137
0.0249423
0.0249414
0.0250333
0.0242178
0.0241012
0.0244112
0.0248352
0.024476
0.0245378
0.0246147
0.0249379
0.0247618
0.0249373
0.0246947
0.0247456
0.0247288
0.0248182
0.024802
0.024791
0.0249436
0.0248411
0.02485
0.0248517
0.0248558
0.0248799
0.0249542
0.0249905
0.0249121
0.0249901
0.0250023
0.0250333
0.0250586
0.025068
0.0250432
0.0250595
0.0250565
0.025039
0.025048
0.0250444
0.0250449
0.0250387
0.025044
0.0250393
0.0250301
0.0250429
0.0250424
0.0250407
0.0250376
0.02503
0.0250371
0.0250408
0.0250412
0.0250408
0.0250403
0.0250365
0.025039
0.02504
0.0250393
0.0250385
0.0250394
0.0250388
0.0250381
0.0250385
0.0250332
0.0250328
0.0250381
0.0250349
0.0250372
0.0250338
0.0250377
0.025033
0.0250372
0.0250324
0.0250327
0.0250347
0.0250371
0.0250368
0.0250346
0.0250366
0.0250365
0.0250362
0.0250331
0.0250329
0.0250361
0.0250352
0.0250359
0.0250359
0.0243787
0.0247442
0.0250248
0.0249583
0.024977
0.0249387
0.0249524
0.0249386
0.0249429
0.0249516
0.0249374
0.0249476
0.0249391
0.024955
0.0249936
0.0249614
0.0249644
0.0250132
0.0249967
0.0249822
0.0249671
0.024967
0.0249767
0.0249895
0.0250221
0.0249737
0.0249796
0.025003
0.0250257
0.0249949
0.0250202
0.0249908
0.0250024
0.0250113
0.0250039
0.0250223
0.0250232
0.0250255
0.0250039
0.0250201
0.0250056
0.0250231
0.0250124
0.0140831
0.0230543
0.0228696
0.0248242
0.023428
0.0234302
0.0246039
0.0239101
0.0243637
0.0247321
0.0246517
0.0244117
0.0246665
0.0245805
0.0250333
0.024708
0.0249107
0.0248728
0.0249608
0.0249505
0.0249678
0.0250112
0.0249634
0.0250059
0.0249542
0.0249562
0.0249583
0.0249752
0.0249981
0.0250394
0.0250135
0.0249747
0.0250097
0.0249857
0.0250329
0.0250382
0.0250056
0.0249903
0.0250119
0.0250143
0.0249995
0.0250156
0.025008
0.0250331
0.025004
0.0250031
0.0250259
0.0250096
0.025009
0.0250321
0.0250085
0.0250136
0.0250358
0.0250333
0.0241916
0.0233855
0.0249543
0.0245363
0.024642
0.0246213
0.024741
0.0246039
0.0248192
0.0249778
0.0246392
0.0248031
0.0248631
0.0250142
0.0248389
0.0248568
0.0247627
0.0247664
0.0248865
0.0247871
0.0248373
0.0249594
0.0248855
0.0248903
0.024995
0.0248449
0.0248695
0.0249504
0.0249802
0.0249226
0.0249669
0.0249409
0.0249129
0.0249256
0.0249875
0.0249327
0.0249742
0.0249358
0.0249387
0.0249929
0.0249581
0.0249535
0.0249833
0.024969
0.0242862
0.0250294
0.0248171
0.0249252
0.0249547
0.0249808
0.0249965
0.0249929
0.0249888
0.0249818
0.0249788
0.0249926
0.0249996
0.0250022
0.0250239
0.0250017
0.025028
0.0250156
0.0249946
0.0250041
0.0249961
0.0249994
0.0250231
0.0250035
0.0250039
0.0250175
0.025036
0.0250264
0.0250201
0.025016
0.0250364
0.0250363
0.0250346
0.0250362
0.0250204
0.025018
0.0250313
0.0250329
0.0250154
0.0250173
0.0250191
0.0250333
0.0236921
0.0239251
0.0240502
0.0233083
0.024352
0.0247085
0.0239458
0.0248034
0.0247527
0.0243954
0.0247088
0.0250333
0.0250631
0.0251812
0.0251784
0.025064
0.0250965
0.0250463
0.0250595
0.0250747
0.0250405
0.0250637
0.0250491
0.0250676
0.0250513
0.025059
0.0250667
0.0250639
0.0250417
0.0250426
0.0250659
0.0250599
0.025035
0.0250632
0.0250551
0.0250488
0.0250473
0.0250461
0.0250505
0.0250433
0.0250571
0.0250383
0.0250459
0.0250517
0.0250414
0.0250507
0.0250525
0.025037
0.0250505
0.0250495
0.025051
0.0250498
0.0250467
0.025042
0.0250381
0.025049
0.0250431
0.0250317
0.0250472
0.0250314
0.0250429
0.0250464
0.0250334
0.025041
0.0250432
0.0250369
0.0250403
0.0250438
0.0250435
0.00541278
0.0242838
0.0233975
0.0237432
0.0247742
0.0246401
0.0249969
0.0248957
0.024439
0.0243161
0.0244168
0.0246789
0.0244069
0.0244524
0.0247866
0.0246263
0.0249886
0.0249664
0.0246517
0.0246745
0.0247343
0.0247425
0.024939
0.0248905
0.0248434
0.0248786
0.024896
0.00264861
0.023741
0.0235068
0.0248657
0.0238922
0.0238958
0.0246969
0.024201
0.0245185
0.024795
0.0247336
0.0245528
0.0247437
0.0246784
0.0249758
0.0195957
0.0235818
0.0244458
0.0246473
0.0243842
0.0237637
0.0237873
0.0239381
0.0249401
0.024215
0.0246085
0.0250333
0.0250506
0.0250936
0.0250367
0.0250467
0.0250427
0.0250894
0.0251053
0.0250698
0.0250572
0.0250679
0.0250768
0.0250676
0.0250614
0.0250608
0.0250573
0.0250679
0.0250357
0.0250641
0.0250578
0.0250665
0.0250476
0.0250624
0.0250499
0.0250441
0.0250494
0.025045
0.0250419
0.0250575
0.0250573
0.0250417
0.0250535
0.0250331
0.0250562
0.0250338
0.0250519
0.0250529
0.0250362
0.0250397
0.025052
0.0250455
0.0250326
0.0250475
0.0250407
0.0250484
0.0250494
0.0250422
0.0250384
0.0250456
0.0250433
0.025034
0.0250413
0.0250348
0.0250395
0.0250417
0.0250399
0.0250399
0.025043
0.0250333
0.0236156
0.0244187
0.0237752
0.0239078
0.0242219
0.0247434
0.0248589
0.0247187
0.0244227
0.0243876
0.0244564
0.0244966
0.0246419
0.0248419
0.0247305
0.0247137
0.0250086
0.0248519
0.0248799
0.024726
0.0249032
0.0248499
0.0247772
0.0248587
0.0248461
0.0248435
0.0175067
0.0246223
0.0247449
0.0247692
0.0247749
0.0247608
0.0248295
0.0250101
0.0249299
0.0249171
0.0248995
0.0249128
0.0249795
0.0249586
0.0213857
0.0236933
0.0238602
0.0246161
0.0240499
0.0247112
0.0241822
0.0243189
0.0248375
0.0247362
0.0247951
0.0247725
0.0249878
0.0249903
0.02495
0.0250333
0.0250127
0.0248348
0.0249432
0.0249651
0.0249738
0.0248681
0.0249693
0.0248973
0.0248982
0.0249842
0.0249536
0.0249079
0.0249363
0.0249565
0.0249268
0.0249484
0.0249389
0.0249455
0.0249578
0.0249537
0.0249906
0.0250294
0.0250358
0.0249772
0.0250007
0.0249832
0.0250219
0.0250129
0.0250333
0.0227392
0.0247038
0.0210817
0.0215723
0.0216375
0.0223183
0.0221019
0.0238657
0.0230289
0.023203
0.0249283
0.0242726
0.0236922
0.0242057
0.0242517
0.0238672
0.0243772
0.0244649
0.0247081
0.0244616
0.0243258
0.0249393
0.0245627
0.0247257
0.0246284
0.0246868
0.024582
0.0246942
0.0246793
0.0193403
0.0244143
0.0227611
0.0229955
0.0235371
0.0232538
0.0248906
0.024855
0.0244857
0.0242655
0.0242618
0.0243604
0.0244281
0.0247394
0.0254205
0.0250426
0.0251004
0.0250457
0.0250712
0.0250669
0.0250585
0.0250656
0.0250622
0.0250648
0.0250554
0.0250626
0.0250647
0.0250572
0.0250506
0.0250303
0.0250629
0.025062
0.0250596
0.0250444
0.0250482
0.0250474
0.0250338
0.0250538
0.0250336
0.02505
0.0250397
0.0250448
0.0250496
0.0250495
0.0250533
0.0250377
0.0250425
0.0250323
0.0250508
0.0250505
0.0250503
0.0250478
0.0250439
0.0250441
0.0250412
0.0250476
0.0250317
0.0250464
0.0250434
0.0250388
0.025046
0.025042
0.0250445
0.0250434
0.0250349
0.025041
0.0250373
0.0250427
0.0250425
0.0250418
0.0250429
0.0250391
0.0247886
0.0243697
0.022768
0.0229318
0.0229493
0.0232824
0.024862
0.024769
0.0243471
0.0249231
0.0249566
0.0247292
0.0250333
0.0250291
0.0243199
0.0246626
0.0250201
0.0249692
0.0248901
0.0248249
0.0248503
0.024992
0.0250018
0.0249312
0.0249065
0.0248405
0.0249513
0.024872
0.0249234
0.0249924
0.0248797
0.0248895
0.0249189
0.0249149
0.0249913
0.0250164
0.0249348
0.0250125
0.024921
0.025015
0.0250374
0.0249719
0.0249477
0.0249525
0.0249774
0.0249815
0.0249865
0.0250018
0.0249717
0.024983
0.0249694
0.0249739
0.0249984
0.0249886
0.0250333
0.0250205
0.0248666
0.0250245
0.025037
0.0249521
0.0249895
0.0249726
0.0249581
0.0250061
0.0249774
0.0250297
0.0249864
0.0250162
0.0249757
0.0250221
0.0249829
0.0249993
0.0250172
0.0250155
0.0250224
0.0250033
0.0250215
0.025002
0.0249995
0.0250115
0.025023
0.0250263
0.0250073
0.0250144
0.0250193
0.0250185
0.025021
0.0250252
0.025022
0.0250136
0.0250352
0.0250116
0.0250265
0.0250276
0.0250341
0.0250213
0.0250215
0.0250356
0.0250253
