0.00345936
0.00218958
0.00269085
0.00118405
0.00110441
0.000401086
0.0023821
0.00246823
0.0033966
0.0029697
0.00468154
0.00413704
0.00402143
0.00402148
0.00402101
0.00398719
0.00401624
0.00395551
0.00392862
0.00419345
0.0041212
0.00395546
0.00413965
0.00393581
0.0039726
0.00391541
0.00408326
0.00407264
0.00400819
0.00408838
0.00397728
0.00407288
0.00392637
0.00399932
0.00401916
0.00411174
0.00398002
0.0040345
0.00406475
0.00400779
0.00394688
0.00396035
0.00408314
0.00405193
0.00404649
0.00401721
0.00395679
0.00405932
0.00408225
0.00399687
0.004049
0.00398026
0.00398501
0.00404966
0.0039721
0.00397608
0.0040599
0.00397516
0.00405966
0.00405211
0.00397885
0.0040219
0.00406244
0.00398832
0.00399638
0.00405006
0.00405881
0.00403096
0.00399246
0.00402674
0.00402143
0.00406819
0.00464513
0.00401334
0.00623463
0.0032586
0.00236924
0.00354378
0.00310466
0.00548101
0.00276478
0.00532085
0.00297206
0.00509697
0.00302167
0.0050219
0.00418274
0.00337749
0.00478643
0.00327089
0.00335012
0.00325286
0.00486619
0.00331288
0.00426512
0.00467708
0.00465342
0.00472111
0.00361987
0.00433855
0.00463147
0.00443689
0.00434077
0.00389115
0.00459809
0.00393287
0.00432841
0.00444572
0.00448549
0.00440825
0.00434655
0.00435984
0.00376079
0.00443451
0.00363633
0.00380563
0.00441476
0.00389828
0.00367082
0.00437548
0.0037419
0.00426597
0.00370284
0.00429096
0.00371716
0.00374574
0.00373954
0.00374546
0.00375236
0.00402142
0.00350255
0.00453955
0.00307842
0.00328663
0.00530581
0.0041936
0.00457956
0.00270255
0.00420064
0.00500297
0.00504902
0.00314025
0.00383585
0.00313455
0.00428482
0.00317808
0.0032147
0.00325267
0.00469752
0.00469141
0.00335439
0.00437351
0.00463544
0.0034955
0.00434879
0.00443786
0.00415064
0.00369329
0.00369073
0.00370145
0.00370876
0.00445464
0.00360848
0.00441385
0.00361282
0.00391493
0.00400725
0.00404102
0.0040876
0.00378125
0.00406702
0.00374938
0.00402143
0.00380904
0.00423867
0.00361329
0.00370378
0.00468503
0.00409669
0.00427897
0.00323638
0.00410274
0.00456789
0.00465294
0.00351683
0.00392626
0.00343387
0.0041595
0.00346989
0.00350476
0.00351941
0.00443676
0.004449
0.00359081
0.00422885
0.00442727
0.00369544
0.00421978
0.00428153
0.00409954
0.00381923
0.00381557
0.00381963
0.00382379
0.00431256
0.00373553
0.00429516
0.00374266
0.00395334
0.00401235
0.00403408
0.00406429
0.00386134
0.00405116
0.00383676
0.00390801
0.00399699
0.00398347
0.00443802
0.00314139
0.00407966
0.00356703
0.00415349
0.00445478
0.00420128
0.00445245
0.00412717
0.00384263
0.00359479
0.00380721
0.00370925
0.00366284
0.0043227
0.00417606
0.00426272
0.00397917
0.00422428
0.00383995
0.00413814
0.00419676
0.0040805
0.00382373
0.00401641
0.00404063
0.00400433
0.00401907
0.00372765
0.00368578
0.00368566
0.00359674
0.00415908
0.00370999
0.00436624
0.00429171
0.00386519
0.00429535
0.00432914
0.00425551
0.00384784
0.00413431
0.00379121
0.00426663
0.00383642
0.00379612
0.00380725
0.00380791
0.00396004
0.00410893
0.00420645
0.00391278
0.00404267
0.00414683
0.0041472
0.00386595
0.00415617
0.00407381
0.00394922
0.00389044
0.00398678
0.00403576
0.00405439
0.00400002
0.00392286
0.00630517
0.00397481
0.00192496
0.00212077
0.00377709
0.00247434
0.00327776
0.00375076
0.0043567
0.00506183
0.00496183
0.00491268
0.00482977
0.00483132
0.00319639
0.00454806
0.0047284
0.00326754
0.00334754
0.00427807
0.0044754
0.00339502
0.00386958
0.00370684
0.00454464
0.00415291
0.00372764
0.00432481
0.00355032
0.00436833
0.00444013
0.00365836
0.00392905
0.00415636
0.00372066
0.004172
0.0043025
0.00389189
0.00369733
0.00405673
0.00411963
0.00421155
0.00402289
0.00374232
0.00402364
0.00402147
0.00392885
0.00382228
0.0041781
0.00411882
0.00404621
0.00419927
0.00405698
0.00402505
0.00396152
0.00410338
0.00394567
0.00412922
0.00404853
0.004037
0.00413764
0.00412756
0.00403299
0.00396207
0.00393531
0.00404276
0.00409493
0.00411365
0.00407787
0.00408069
0.00405242
0.0040885
0.00408975
0.00397958
0.00400979
0.003962
0.00395636
0.00403204
0.00401638
0.00396224
0.00408173
0.00400124
0.00398729
0.00402779
0.00404727
0.00404349
0.00406735
0.00406384
0.00399842
0.00397176
0.00403694
0.00401631
0.00406238
0.00403883
0.00405397
0.00401234
0.00402911
0.00398895
0.00405016
0.00405474
0.00405354
0.0039917
0.00447637
0.00380497
0.00424843
0.00401322
0.00367509
0.00352118
0.00388382
0.00369738
0.00378215
0.00374565
0.00387122
0.00417937
0.00402632
0.00402143
0.000776451
0.00140867
0.00239051
0.00405935
0.00403252
0.00254389
0.00385757
0.00500911
0.00275165
0.00347872
0.00301405
0.00457662
0.00320661
0.00462346
0.00321185
0.00411451
0.00389653
0.0033316
0.00355534
0.00443588
0.00439281
0.00442421
0.00404154
0.003779
0.00359827
0.00438314
0.00436063
0.00382002
0.00402582
0.00402143
0.00363547
0.00400041
0.00410654
0.00394432
0.00412704
0.00388716
0.00407479
0.00386568
0.00391598
0.00380818
0.00384091
0.00395544
0.00411079
0.00418172
0.00389539
0.00385379
0.00397657
0.00410454
0.00404815
0.00394561
0.003885
0.00414061
0.00407988
0.00389331
0.00411646
0.00395598
0.00409167
0.00390878
0.00410636
0.0040891
0.00413252
0.00404069
0.00400443
0.00411892
0.00409529
0.00396955
0.00406788
0.00392474
0.00408629
0.00393441
0.00410204
0.00400852
0.00402876
0.00395582
0.00398048
0.0040803
0.00400446
0.00398291
0.00404427
0.00401936
0.00398835
0.00400399
0.00408362
0.00395682
0.00399025
0.00403376
0.00403772
0.00396524
0.00402143
0.00312493
0.00401462
0.0040115
0.00479187
0.00362241
0.0040988
0.00335467
0.00408198
0.00422958
0.00405005
0.0035261
0.00426561
0.00371827
0.0035695
0.004173
0.00358957
0.00392231
0.00415581
0.00370051
0.00436069
0.00378698
0.00368209
0.00418284
0.00369594
0.00431996
0.00431552
0.00372804
0.00383961
0.00389194
0.0042744
0.00377381
0.00378831
0.00424503
0.00380499
0.00394231
0.00384649
0.00415923
0.00419917
0.00405099
0.00394061
0.00391892
0.00410655
0.00094787
0.0010914
0.00577839
0.001325
0.00251983
0.0022056
0.00375704
0.00427527
0.0026751
0.003409
0.00315794
0.00322829
0.00457512
0.00355766
0.00386424
0.00526778
0.00400206
0.00304527
0.00288359
0.00392127
0.00321984
0.00369541
0.0039073
0.00417414
0.00461535
0.0045711
0.00456689
0.00448945
0.00449531
0.00351564
0.00429903
0.00444638
0.00358467
0.00360328
0.00415821
0.00427384
0.00364048
0.00394347
0.00385463
0.00434707
0.00409458
0.00386161
0.00419355
0.00372842
0.00422458
0.0042798
0.00381388
0.00397088
0.00409921
0.00384953
0.00410936
0.00418972
0.00394823
0.00382759
0.00404272
0.00407939
0.00413505
0.00402309
0.00385017
0.00402143
0.00396294
0.000673472
0.00398143
0.00189818
0.0053399
0.00513711
0.00255561
0.002256
0.00241186
0.0030495
0.00481139
0.0027769
0.00386396
0.00386711
0.00405451
0.00489167
0.00412527
0.00315086
0.00475477
0.0042205
0.00321384
0.00328207
0.00466146
0.00362396
0.00442791
0.00336076
0.00456075
0.00448627
0.00451904
0.00352222
0.00365839
0.00448072
0.00367219
0.0044196
0.00439721
0.00434506
0.00363773
0.00384927
0.00435217
0.00381284
0.00416639
0.00402143
0.00402087
0.00401993
0.0032059
0.00329941
0.00397324
0.00369687
0.0042871
0.00369359
0.00430475
0.00406555
0.00370168
0.00412808
0.00426078
0.00377403
0.00427739
0.00388356
0.00426888
0.00434925
0.00371392
0.00370746
0.00371279
0.00418165
0.00395946
0.00401996
0.00427554
0.00402009
0.0041205
0.00424444
0.00423949
0.00380111
0.00384197
0.00421496
0.00418636
0.00382165
0.00390728
0.00384957
0.00384788
0.00393273
0.00386451
0.00406535
0.00416175
0.00409259
0.00415747
0.00111447
0.00187508
0.00028886
0.0011062
0.00331715
0.00511483
0.00450142
0.00238246
0.00260962
0.00389744
0.00433185
0.00299524
0.00452185
0.00375108
0.00353869
0.00402143
0.00402362
0.00373839
0.00452956
0.0040092
0.00403686
0.00441434
0.00386099
0.00428579
0.00387864
0.00428634
0.00420027
0.00375914
0.00404009
0.0040134
0.0037745
0.00377809
0.00378547
0.00419201
0.00411317
0.00411723
0.0038203
0.0042063
0.00398412
0.00421891
0.00414241
0.00420715
0.00420167
0.00386836
0.00403494
0.00389017
0.00409613
0.00417989
0.00409879
0.0040886
0.00390457
0.004059
0.00408812
0.00407434
0.00414269
0.00394608
0.00413308
0.00413824
0.00397501
0.00397309
0.00409852
0.00401781
0.00392571
0.003967
0.00411827
0.00392946
0.00409831
0.00398732
0.00411107
0.0039371
0.00409355
0.00406315
0.00398538
0.00970074
0.00412064
0.0038937
0.00461665
0.00160108
0.00536551
0.00213552
0.00332732
0.00242919
0.00302556
0.00268346
0.00337496
0.00303311
0.00386088
0.00307336
0.00338331
0.00339552
0.00319243
0.00330952
0.00430999
0.00340366
0.00388498
0.00447765
0.00365006
0.00354779
0.00438783
0.00358726
0.00403828
0.004594
0.00126139
0.00196528
0.00334466
0.00234308
0.0028466
0.00443009
0.0044684
0.00465397
0.00448271
0.00329728
0.00344639
0.00349623
0.00400673
0.0032584
0.00013657
0.0016317
0.00201298
0.00371295
0.00149711
0.00185581
0.0043998
0.00283079
0.00246814
0.00295688
0.00323626
0.00402143
0.00402143
0.00402143
0.00402145
0.0045263
0.00390739
0.00404055
0.00417592
0.00363373
0.00417662
0.00366672
0.00431046
0.00435617
0.00377182
0.00424706
0.00402229
0.00373927
0.0037437
0.00404365
0.00375116
0.00427042
0.00424316
0.00406037
0.00400336
0.00403104
0.00393814
0.00384092
0.00382511
0.00384489
0.0039331
0.00387442
0.00414637
0.0041888
0.00396128
0.00391273
0.00418876
0.00411591
0.00405862
0.00387445
0.00417771
0.00414564
0.00390863
0.00416149
0.00389041
0.00403708
0.00389384
0.0041211
0.00414629
0.00414432
0.00392642
0.0039583
0.00400499
0.00392617
0.00411651
0.0041297
0.00396189
0.00410919
0.00411686
0.00392896
0.0020537
0.00402143
0.00129738
0.000972285
0.00166245
0.00254458
0.00205685
0.00255369
0.00501788
0.00265245
0.00272477
0.00354264
0.00310151
0.00297717
0.00323292
0.00347954
0.00319345
0.00465073
0.00351298
0.00436308
0.00335458
0.00348261
0.00401695
0.00449232
0.00409828
0.00364185
0.00365807
0.00364274
0.00358727
0.00402015
0.00397039
0.00379959
0.0035385
0.00408534
0.00347875
0.00366107
0.00363067
0.00388125
0.00404318
0.00384407
0.00374736
0.00378227
0.00405361
0.00391524
0.0040214
0.000215305
0.00367994
0.00252122
0.00233819
0.00270123
0.00432631
0.00334193
0.00433845
0.00382763
0.00432151
0.00431269
0.00426159
0.00427595
0.00391333
0.00284771
0.00363036
0.00307839
0.00384175
0.00347922
0.00334916
0.00429404
0.00440027
0.0035606
0.00429477
0.00413774
0.00432927
0.00362857
0.00377811
0.00368712
0.00378026
0.00379784
0.00389771
0.00423406
0.00412551
0.00378661
0.00398924
0.00385935
0.0039816
0.00386368
0.00418715
0.00402143
0.0339036
0.00629114
0.00488085
0.00373927
0.00155712
0.00551558
0.00175591
0.0052133
0.00261211
0.00257255
0.00187222
0.00522986
0.00436582
0.00215067
0.00367489
0.00490684
0.00476875
0.00487442
0.00485566
0.00293094
0.0045639
0.00297767
0.00360357
0.00322168
0.00317823
0.00388976
0.00338059
0.00402074
0.00296801
0.00561296
5.86636e-05
0.0043366
0.00536624
0.00189942
0.0024905
0.00429044
0.00290374
0.0027595
0.00377438
0.00457376
0.00423578
0.00402143
0.00437906
0.00362947
0.00479677
0.00443847
0.00410616
0.00413614
0.00440365
0.00421924
0.00430229
0.00424304
0.00428937
0.00399696
0.00400401
0.0042553
0.00423884
0.00413655
0.00424266
0.00382129
0.0039892
0.00388522
0.00386819
0.00395967
0.00392635
0.00402544
0.00391825
0.00416917
0.00387639
0.00390922
0.00409926
0.00416755
0.00402982
0.00389157
0.00407162
0.00394836
0.00414294
0.00402866
0.00392953
0.00397412
0.00394381
0.00394975
0.00396194
0.00401997
0.00412523
0.00396785
0.00407985
0.00398799
0.00405678
0.00410713
0.00397799
0.00398405
0.00402615
0.00406678
0.0039653
0.00396707
0.00399552
0.00408271
0.0269059
0.00103875
0.00224658
0.00215409
0.00219117
0.00415987
0.0021671
0.00416606
0.00415332
0.00317543
0.00286883
0.0032988
0.00354831
0.00402124
0.00340324
0.00365282
0.00458348
0.00415122
0.00436918
0.00309176
0.00486895
0.00417905
0.00475114
0.00316746
0.00378812
0.00326701
0.00460377
0.00446386
0.00430837
0.00452127
0.00453801
0.00449081
0.00352829
0.00431909
0.00372228
0.00417636
0.00371053
0.0036133
0.00417037
0.00434821
0.0040502
0.00384541
0.00366112
0.00432435
0.00416116
0.00411757
0.00371236
0.00397176
0.0041098
0.00374069
0.00399265
0.00402455
0.00376701
0.0038083
0.00390618
0.00379636
0.00402143
0.00570467
0.00401083
0.00391275
0.00329928
0.00403631
0.00403108
0.00349129
0.00401471
0.0042149
0.00358613
0.00363683
0.003655
0.0043343
0.00386319
0.00435079
0.00397825
0.00429054
0.00431975
0.00422429
0.00373776
0.00388009
0.0040983
0.00409531
0.00377888
0.00382456
0.00421812
0.00382885
0.0038667
0.00383276
0.00417622
0.0038517
0.00418242
0.00385833
0.00403447
0.00389228
0.00409485
0.00394625
0.00389065
0.00389058
