0.000867642
0.0194657
0.0200067
0.0202559
0.0209926
0.0219901
0.0222918
0.0241473
0.0230842
0.0236934
0.0234835
0.0239931
0.0252332
0.0250425
0.0248349
0.0248311
0.0248702
0.0248447
0.0248522
0.0248394
0.0248387
0.0248545
0.0248506
0.0248507
0.0248462
0.0248476
0.0248485
0.0248443
0.0248437
0.0248461
0.0248341
0.0248326
0.0248377
0.0248297
0.0248412
0.0248398
0.0248349
0.024825
0.0248275
0.024825
0.0248359
0.0248259
0.0248408
0.0248366
0.0248387
0.0248271
0.0248324
0.0248373
0.024838
0.0248336
0.0248362
0.0248381
0.024835
0.0248374
0.024838
0.0248345
0.0248374
0.0248377
0.0248371
0.024837
0.0248318
0.0248364
0.0248365
0.0248354
0.0248352
0.0248356
0.0248354
0.024836
0.0248359
0.0248311
0.0256742
0.0265497
0.0248311
0.0249855
0.0248179
0.0250733
0.0250175
0.0249073
0.0250999
0.0247372
0.0250116
0.02476
0.0248956
0.0248493
0.0247742
0.0249717
0.024975
0.0249645
0.0249049
0.024772
0.0249262
0.0249413
0.024941
0.0247931
0.0248164
0.0249026
0.0249231
0.0249051
0.0247827
0.0247832
0.0249005
0.024899
0.0248555
0.0248992
0.0248962
0.0248109
0.0248934
0.024796
0.0248245
0.0248736
0.02488
0.0248681
0.0248764
0.0248025
0.0248046
0.0248673
0.0248747
0.0248438
0.0248488
0.0248695
0.0248677
0.0248269
0.0248631
0.0248128
0.0248581
0.0248557
0.0248091
0.0248564
0.0248311
0.0248311
0.0248311
0.0248088
0.0248049
0.0247171
0.0247197
0.0249239
0.0246793
0.024702
0.0248267
0.0249019
0.0248918
0.0248141
0.0247919
0.0247527
0.0248659
0.024812
0.024801
0.0247728
0.0248779
0.0247762
0.0248024
0.0247886
0.0247771
0.0248306
0.0248155
0.0248499
0.024783
0.0248003
0.0248079
0.0247937
0.0248567
0.0247948
0.0247999
0.0248292
0.0248007
0.0248036
0.0248012
0.0248537
0.0248031
0.0248311
0.0248311
0.0248311
0.0248222
0.0248192
0.024753
0.0247548
0.0248947
0.0247427
0.0247558
0.0248289
0.0248799
0.0248725
0.0248219
0.0248096
0.0247809
0.0248528
0.02482
0.0248137
0.0247918
0.0248635
0.024794
0.0248141
0.0248053
0.0247973
0.0248308
0.0248215
0.0248432
0.0247999
0.0248118
0.0248165
0.0248055
0.0248484
0.0248065
0.0248094
0.0248299
0.0248101
0.0248133
0.0248112
0.0248467
0.0248125
0.0248311
0.0248311
0.024663
0.0247504
0.0245831
0.0246734
0.0247858
0.0247477
0.0248025
0.0246958
0.0246834
0.024771
0.0246881
0.024691
0.0247637
0.0247752
0.0248263
0.0247866
0.0247544
0.02474
0.0248438
0.024775
0.0247851
0.0247601
0.024787
0.0247659
0.0247734
0.0248428
0.0248001
0.0247097
0.0248133
0.0248244
0.0248392
0.0247735
0.0247724
0.0247737
0.0247829
0.0247916
0.0247872
0.0248114
0.0248031
0.0248574
0.0248317
0.0248055
0.0247998
0.0248332
0.0248437
0.0248139
0.0248238
0.0248084
0.0248484
0.0248479
0.0248444
0.024813
0.0248136
0.024836
0.0248451
0.024818
0.0248141
0.0248402
0.0248376
0.024834
0.0248183
0.0248384
0.0248195
0.0248393
0.0248335
0.0248227
0.0248209
0.0248218
0.0248266
0.0246844
0.0245409
0.0242424
0.0246964
0.0244591
0.0247219
0.024894
0.0247665
0.0247199
0.0248726
0.0246267
0.0247532
0.0246972
0.0246773
0.0247111
0.0247912
0.0247242
0.0248718
0.024712
0.0247138
0.0247099
0.0247241
0.0247323
0.0247505
0.0247341
0.0247843
0.0247991
0.0247577
0.0247528
0.0247735
0.0248463
0.0248341
0.0247657
0.0247778
0.0248207
0.024779
0.0248338
0.0247755
0.0247938
0.0248334
0.024811
0.0247863
0.0247903
0.0248312
0.0248328
0.0248315
0.0248698
0.0248321
0.0248416
0.0248509
0.0248372
0.0248395
0.0248251
0.0248361
0.0248469
0.024842
0.0248458
0.0248458
0.0248334
0.0248321
0.024844
0.0248325
0.0248332
0.0248352
0.0248429
0.0248396
0.0248421
0.0248392
0.0248416
0.0248355
0.024837
0.0248345
0.0248353
0.0248303
0.0248271
0.0248336
0.024839
0.024828
0.0248288
0.0248374
0.0248366
0.0248307
0.0248298
0.0248348
0.0248354
0.0248346
0.0248372
0.0248372
0.0248366
0.0248365
0.0248366
0.0248366
0.0248289
0.0248339
0.024835
0.0248349
0.0248346
0.024832
0.024829
0.0248286
0.0246532
0.0244029
0.0244691
0.0245819
0.0245918
0.0246186
0.0246259
0.024625
0.0246624
0.0246505
0.0247077
0.0247529
0.0247127
0.0247374
0.0247435
0.0243304
0.0247544
0.0242706
0.0244102
0.024272
0.0240865
0.0244577
0.0245349
0.0244984
0.0243635
0.0243694
0.0245562
0.0244206
0.0248584
0.0245169
0.0245323
0.0247475
0.024683
0.0246068
0.024644
0.0247679
0.0246459
0.0248041
0.0246963
0.0247183
0.0246881
0.0246926
0.0247472
0.0248005
0.0248311
0.0248312
0.0248225
0.0248389
0.0248191
0.0248358
0.0248348
0.0248337
0.0248298
0.0248363
0.024855
0.0248531
0.0248424
0.0248279
0.0248303
0.0248503
0.0248492
0.0248177
0.0248455
0.0248469
0.0248449
0.0248317
0.0248462
0.024845
0.0248358
0.0248435
0.0248433
0.0248427
0.0248214
0.0248403
0.0248428
0.0248391
0.0248257
0.0248373
0.0248347
0.0248396
0.0248369
0.0248404
0.0248336
0.0248283
0.0248364
0.0248379
0.0248274
0.0248286
0.024839
0.0248381
0.0248302
0.0248382
0.0248269
0.0248379
0.0248305
0.0248376
0.0248356
0.024837
0.0248261
0.024827
0.0248339
0.0248364
0.0248366
0.0240493
0.0248235
0.0245838
0.0248178
0.0248122
0.0247191
0.0248305
0.0246846
0.024709
0.0247533
0.0247395
0.0247164
0.0248004
0.0247719
0.0247561
0.0248186
0.024748
0.0247412
0.0247519
0.0247706
0.0247809
0.0248268
0.0247915
0.0247546
0.0247627
0.0248539
0.0247968
0.0247986
0.0247968
0.0247784
0.0247922
0.0247976
0.0248477
0.0247948
0.0248175
0.024798
0.0248093
0.0247925
0.0248084
0.0247994
0.0248221
0.0248237
0.0248152
0.0227734
0.0226536
0.0229471
0.0229689
0.0232307
0.0242175
0.0246677
0.0237532
0.0247039
0.0247246
0.0246368
0.0243369
0.0244873
0.0248292
0.0247731
0.0246912
0.0245643
0.024765
0.0246664
0.0247629
0.0248706
0.0248017
0.0247634
0.024857
0.0247347
0.0247827
0.0247696
0.0247593
0.0247637
0.0248117
0.0247701
0.0248566
0.0247718
0.0247726
0.0247679
0.0247719
0.0247801
0.0247845
0.0247803
0.024802
0.0248144
0.0247888
0.024789
0.0247968
0.0248408
0.0248335
0.0247943
0.0248021
0.0248258
0.0248024
0.0248332
0.0247996
0.0248106
0.024833
0.02482
0.0248054
0.0248081
0.0214012
0.023288
0.024737
0.0239516
0.0245132
0.0248857
0.0242985
0.0242102
0.0249211
0.024517
0.024566
0.0243942
0.024851
0.0244477
0.0245595
0.0247805
0.0247171
0.0248618
0.0247916
0.0248678
0.0245826
0.0247082
0.0247947
0.024624
0.0246752
0.0246979
0.0246817
0.0247023
0.0246957
0.0246754
0.0247119
0.0247758
0.0247158
0.0247179
0.0247453
0.0248375
0.0248459
0.0247524
0.0248406
0.0247475
0.0248325
0.0241745
0.0247045
0.0246554
0.0247891
0.0246799
0.0246932
0.0247917
0.0247566
0.0247419
0.0248309
0.0248499
0.0248025
0.0247921
0.0248614
0.0247747
0.0248391
0.024825
0.0247788
0.0248386
0.0248218
0.0247846
0.0247858
0.0248509
0.0247914
0.0247998
0.0248063
0.0247962
0.0248087
0.0247989
0.0248309
0.0247994
0.0248401
0.0248458
0.0248447
0.0248062
0.0248446
0.0248075
0.0248078
0.0248137
0.0248102
0.0248336
0.0248157
0.0184371
0.0223538
0.023538
0.0239247
0.0239175
0.0239171
0.0246194
0.0246237
0.023997
0.0244889
0.0245484
0.0242433
0.0243656
0.0248311
0.0248392
0.0248983
0.0248354
0.024835
0.0249214
0.0248419
0.0248763
0.0248336
0.0248351
0.0248567
0.0248482
0.0248703
0.0248622
0.0248556
0.0248169
0.0248626
0.0248166
0.024843
0.024838
0.0248545
0.0248673
0.0248641
0.0248174
0.0248498
0.0248626
0.0248251
0.0248575
0.0248429
0.0248551
0.0248291
0.0248484
0.0248562
0.0248509
0.0248324
0.0248371
0.0248462
0.0248491
0.0248462
0.0248275
0.0248507
0.0248439
0.024834
0.0248431
0.0248479
0.0248275
0.024842
0.0248341
0.0248448
0.0248294
0.0248461
0.0248289
0.0248368
0.0248444
0.0248349
0.0248421
0.0248305
0.0248434
0.024778
0.0236248
0.0244774
0.0242298
0.0239685
0.0239945
0.0238418
0.0246579
0.0238818
0.0239055
0.0240177
0.0240877
0.0246805
0.0243746
0.0242648
0.0244733
0.0245951
0.0244631
0.0245339
0.0248284
0.0245006
0.0246872
0.0245443
0.0245858
0.0247283
0.0247765
0.0247462
0.0232957
0.0232809
0.0235482
0.0235519
0.0236979
0.0243546
0.0247
0.0240287
0.0247288
0.0247452
0.0246765
0.0244443
0.0245593
0.0164158
0.0221738
0.022821
0.022603
0.0247961
0.0243118
0.0230383
0.0240222
0.0243336
0.0246322
0.0239657
0.0238469
0.0238955
0.0245203
0.02435
0.0248311
0.0248312
0.0249692
0.0249486
0.02489
0.024837
0.0248445
0.0248674
0.0248604
0.0248958
0.0248459
0.0248759
0.0248472
0.0248411
0.0248282
0.024878
0.02487
0.0248743
0.0248716
0.0248421
0.0248566
0.0248492
0.0248163
0.0248718
0.0248411
0.0248533
0.0248627
0.0248655
0.0248499
0.0248225
0.0248602
0.0248543
0.0248379
0.0248462
0.0248578
0.0248459
0.0248465
0.0248486
0.0248456
0.0248466
0.0248409
0.024839
0.0248513
0.0248217
0.0248277
0.0248496
0.02485
0.0248343
0.0248474
0.0248457
0.0248479
0.0248438
0.0248294
0.0248478
0.0248461
0.0248321
0.024845
0.0248452
0.0248445
0.024826
0.0220439
0.022755
0.0231004
0.0233429
0.0242375
0.0246606
0.0240607
0.0242555
0.0245924
0.0243372
0.0241927
0.0247296
0.0245632
0.0248495
0.0246452
0.0246844
0.0246312
0.0244936
0.0247872
0.0244875
0.0245164
0.0247532
0.0245738
0.024638
0.0247528
0.0248282
0.0246522
0.0246524
0.0237716
0.0246328
0.0245572
0.0245659
0.0246998
0.0245813
0.0246805
0.0246553
0.0247917
0.0246799
0.0247042
0.0232833
0.0235144
0.0239649
0.0240247
0.024369
0.0242904
0.0247134
0.0243203
0.0246592
0.0244268
0.0245016
0.024698
0.0244588
0.0248221
0.0247927
0.0246157
0.0246615
0.0247136
0.0246612
0.0247741
0.0247545
0.0246715
0.0247805
0.0247866
0.0246935
0.0247746
0.0247188
0.0247325
0.0247332
0.0247871
0.0247451
0.024746
0.024754
0.0247696
0.0247591
0.0248436
0.0247686
0.0247733
0.0248049
0.0248314
0.0248098
0.0153198
0.0233115
0.0225157
0.0220148
0.0214507
0.0224209
0.023499
0.0220592
0.0246855
0.0230956
0.0242007
0.0238441
0.0237145
0.0241038
0.024223
0.0239215
0.0246595
0.0240068
0.024873
0.0244441
0.0245849
0.0242869
0.0243003
0.0243381
0.0248322
0.0247771
0.0245419
0.0241153
0.0232351
0.0224544
0.0226437
0.023535
0.0231482
0.0239273
0.0248307
0.0242672
0.0244356
0.0243111
0.0245687
0.0242255
0.0247844
0.0249668
0.0248332
0.024862
0.0248807
0.0248456
0.0248755
0.0249127
0.0248605
0.0248944
0.0248918
0.0248805
0.0248541
0.0248766
0.0248635
0.0248552
0.0248628
0.0248413
0.0248555
0.0248453
0.0248637
0.0248544
0.0248635
0.024817
0.024859
0.0248599
0.0248568
0.0248274
0.0248556
0.024819
0.0248485
0.0248508
0.0248484
0.0248535
0.0248321
0.0248532
0.024849
0.0248463
0.0248275
0.0248514
0.0248506
0.0248475
0.0248475
0.0248485
0.0248478
0.0248477
0.0248241
0.0248468
0.0248462
0.0248244
0.024844
0.0248431
0.0248304
0.0248443
0.024827
0.0248369
0.0248293
0.0248418
0.0248421
0.024832
0.0248384
0.0244022
0.0215359
0.0220214
0.0227356
0.0234567
0.0245345
0.0235256
0.0235035
0.023906
0.0237795
0.0243549
0.0247082
0.0248198
0.0248065
0.0247871
0.0248047
0.0244493
0.0247273
0.0245352
0.0245804
0.0245978
0.0246581
0.0246836
0.0246433
0.0246788
0.0248283
0.0246219
0.0246516
0.0247424
0.0248328
0.0246544
0.0247724
0.02468
0.0246786
0.0247466
0.0247594
0.0247
0.0247911
0.024766
0.0247784
0.0247356
0.0247316
0.0247359
0.0248031
0.0247443
0.0247994
0.024804
0.0247646
0.0248438
0.024833
0.0247611
0.0248081
0.0247837
0.0248297
0.0247806
0.0247865
0.0247577
0.024778
0.0247002
0.0248221
0.0247853
0.024705
0.0247416
0.0248098
0.0247729
0.0247708
0.0247925
0.0248383
0.0247688
0.0248486
0.0247754
0.0247742
0.02478
0.0247785
0.0248048
0.0248184
0.0247783
0.0247824
0.0248454
0.0248423
0.0248437
0.0248209
0.0248178
0.0248107
0.0248292
0.0247944
0.0248036
0.0248057
0.0248007
0.0248227
0.0248078
0.0248097
0.0248335
0.0248202
0.0248068
0.0248073
0.0248104
0.02483
0.0248212
