0.0199779
0.0224472
0.0216466
0.024419
0.0233716
0.0240149
0.0237934
0.0245335
0.0248647
0.0250354
0.0250224
0.0249829
0.0249748
0.0248683
0.0249639
0.0249366
0.0249351
0.0248686
0.0248165
0.0249461
0.024849
0.0248295
0.0249239
0.0248747
0.0248547
0.0249267
0.024805
0.0249234
0.0248337
0.0248804
0.0248704
0.0249202
0.0249062
0.0248958
0.0248589
0.0248626
0.0248157
0.0248527
0.0248855
0.0249088
0.0248755
0.024823
0.024839
0.0248628
0.0248266
0.0249028
0.0248344
0.0248985
0.0248449
0.0248942
0.0248736
0.0248915
0.0248559
0.0248347
0.0248401
0.0248662
0.0248735
0.024864
0.0248352
0.0248381
0.0248659
0.0248723
0.0248575
0.0248865
0.0248512
0.02488
0.0248446
0.0248874
0.0248455
0.0248615
0.0248467
0.0248601
0.0248832
0.02487
0.0248634
0.0266699
0.0238397
0.0255838
0.0251543
0.0239173
0.0241203
0.0246777
0.025832
0.0258501
0.0257687
0.0256091
0.024191
0.025537
0.024272
0.0253679
0.0254567
0.0254055
0.0243492
0.0250244
0.0243775
0.0253495
0.0252303
0.0253917
0.0246339
0.0245728
0.024456
0.0252469
0.0250334
0.0245059
0.0245671
0.0245391
0.0252007
0.0249758
0.0251817
0.02517
0.024595
0.0251549
0.0251459
0.0251232
0.0246074
0.0247654
0.0251137
0.0251097
0.0248861
0.0246541
0.0250779
0.0248946
0.0248439
0.0246784
0.0250021
0.0250561
0.025051
0.0247391
0.0248638
0.0247129
0.0250413
0.0250405
0.0261028
0.0247663
0.0238449
0.0254855
0.0246204
0.0252184
0.0246008
0.0250243
0.0254083
0.0255529
0.0241786
0.0251283
0.0242988
0.0253863
0.0243184
0.0249196
0.0253514
0.0251241
0.024518
0.0243739
0.0243521
0.0243657
0.0250068
0.02504
0.0244492
0.0252292
0.0244995
0.0250048
0.0252061
0.0245572
0.024543
0.0245683
0.0246091
0.0247053
0.0245715
0.0251279
0.0251206
0.0247612
0.0250325
0.0250977
0.0247242
0.024926
0.0250311
0.0246551
0.0246562
0.0250244
0.024661
0.0250463
0.024676
0.0250319
0.0247711
0.0246997
0.0248587
0.025004
0.0254733
0.0248244
0.0244137
0.0251585
0.0247631
0.0250209
0.0247531
0.0249322
0.0251286
0.025303
0.024472
0.024994
0.0245592
0.0251712
0.0245072
0.0248917
0.0251544
0.025001
0.024678
0.0245387
0.0245392
0.0245442
0.0249404
0.0249624
0.0245846
0.025112
0.0246144
0.0249461
0.025094
0.0246721
0.024658
0.0246597
0.024704
0.0247671
0.0246675
0.025043
0.025039
0.0247998
0.0249718
0.0250256
0.0247746
0.0249031
0.0249738
0.0247224
0.0247222
0.0249696
0.0247245
0.02499
0.024735
0.0249772
0.0248035
0.0247491
0.0248603
0.0249583
0.0248526
0.024681
0.0247978
0.0247857
0.0251045
0.0247725
0.0247447
0.0248978
0.0248936
0.0251548
0.024953
0.0246877
0.0249528
0.0248692
0.0245464
0.0250511
0.0245517
0.0247815
0.024589
0.0247339
0.024837
0.024757
0.0249693
0.024643
0.0247714
0.0246612
0.0248206
0.0247517
0.0247235
0.0249482
0.0249145
0.0247747
0.0248308
0.0248405
0.0248667
0.0248426
0.0249729
0.0249513
0.024951
0.0248623
0.0248673
0.0248639
0.0248609
0.0248295
0.0248203
0.02509
0.0251113
0.0250935
0.0246134
0.0248894
0.024926
0.0249601
0.0249333
0.0249322
0.0247511
0.0248619
0.0246923
0.0249207
0.0247323
0.025031
0.0250281
0.0247084
0.0247359
0.024934
0.0248116
0.0249838
0.024845
0.0248842
0.0248465
0.0249715
0.0249694
0.0249643
0.0249199
0.024824
0.0248289
0.0248455
0.0249378
0.0249348
0.0247832
0.0248628
0.0247848
0.0247862
0.024903
0.0247969
0.0249306
0.024829
0.0249314
0.0248716
0.02486
0.024923
0.0228498
0.0248628
0.0245953
0.0255128
0.0238588
0.0255684
0.0249614
0.0249373
0.0246714
0.0253466
0.0253295
0.0253077
0.0243128
0.0243522
0.0249008
0.0244399
0.0244429
0.0252267
0.0251757
0.0252493
0.024426
0.0248175
0.0244923
0.0251786
0.024661
0.0247447
0.0245541
0.0251324
0.02501
0.0251178
0.0248658
0.0249197
0.0248793
0.0246478
0.0246572
0.0250016
0.0246604
0.0247108
0.0248317
0.0248208
0.0249819
0.0247289
0.0247299
0.0250134
0.0247062
0.0247708
0.0248649
0.0248635
0.0248941
0.0248656
0.0248617
0.0248194
0.0247934
0.0249638
0.0248497
0.0248072
0.0247881
0.0249469
0.0247862
0.0248974
0.0248758
0.0248193
0.024848
0.0248778
0.0248921
0.0249193
0.0248756
0.0249
0.0249216
0.0249209
0.024815
0.0248953
0.0249169
0.0248293
0.0248334
0.02489
0.0248343
0.0249037
0.0248488
0.0248886
0.0249036
0.0248374
0.0248473
0.0248481
0.0248333
0.0248292
0.0248977
0.0248669
0.0248556
0.024884
0.024884
0.0248423
0.02487
0.0248936
0.0248343
0.024836
0.0248405
0.0248752
0.0248829
0.0248681
0.0248469
0.0248541
0.0248451
0.0248402
0.0248528
0.0248605
0.024884
0.024844
0.0248593
0.0248494
0.0248647
0.024855
0.0246764
0.0247198
0.0242055
0.0246274
0.0249401
0.0244483
0.0246614
0.0246586
0.0249229
0.0246304
0.0248625
0.0246378
0.0249884
0.0247135
0.0246615
0.0247972
0.0249389
0.0248762
0.0247196
0.02475
0.0240219
0.0236265
0.0246204
0.0256627
0.0234802
0.0252886
0.0239378
0.0254276
0.0253825
0.0250513
0.024066
0.0239487
0.0241439
0.0252972
0.0242331
0.0240577
0.024306
0.0241492
0.0242592
0.0250487
0.0242797
0.0246787
0.0243379
0.0244465
0.0246193
0.0244188
0.0252026
0.0247297
0.0244751
0.0248447
0.0250333
0.0245969
0.0245559
0.0246888
0.0245612
0.0245711
0.0250726
0.0249728
0.025039
0.024736
0.02492
0.0248634
0.0246011
0.0248675
0.0250046
0.0248695
0.0250412
0.0247815
0.0248724
0.024938
0.0247795
0.0247672
0.0247393
0.0247629
0.024894
0.0248372
0.0247894
0.0249585
0.0248108
0.0247708
0.0249547
0.0248815
0.0248495
0.0247882
0.0247895
0.0249423
0.0248937
0.0249103
0.024795
0.024923
0.0248202
0.0248107
0.0248053
0.0249183
0.0249084
0.0249207
0.024917
0.0248678
0.0248826
0.0248634
0.0248801
0.0248442
0.0248732
0.024912
0.0249054
0.0248936
0.0249049
0.0248957
0.0249018
0.0249039
0.024851
0.0248529
0.0248275
0.024901
0.0248335
0.0248278
0.0248936
0.024846
0.0248943
0.024863
0.0248588
0.0242563
0.0244122
0.0245954
0.0246335
0.0245822
0.0246897
0.0251191
0.0246043
0.024568
0.0245841
0.0245423
0.025134
0.0245487
0.025105
0.0247132
0.0246258
0.0248241
0.0248087
0.0247254
0.0247456
0.024634
0.024907
0.0246594
0.024944
0.0246693
0.0246782
0.0246849
0.0246903
0.02498
0.0247148
0.024922
0.024723
0.0249453
0.0248959
0.0249009
0.0248015
0.0247385
0.0249718
0.0249292
0.0247562
0.0249569
0.024763
0.0247757
0.0248041
0.0248536
0.0250513
0.0257595
0.0228502
0.0230288
0.0231654
0.0229497
0.0251707
0.0248088
0.024165
0.0253192
0.023835
0.0241792
0.0241299
0.0244839
0.0239383
0.0239483
0.0247796
0.024303
0.0243712
0.0246453
0.0239179
0.0248632
0.0247538
0.0252178
0.0243501
0.0253003
0.0249092
0.0248984
0.0247797
0.0251679
0.0251349
0.0251204
0.024572
0.0246045
0.0248842
0.0245967
0.0245985
0.0250652
0.0250326
0.0251031
0.0246102
0.0248418
0.0246529
0.0250571
0.0247575
0.024802
0.024688
0.0250318
0.0249471
0.0250234
0.0248661
0.0248963
0.0248736
0.0247281
0.024734
0.0249453
0.0247436
0.0247763
0.0248464
0.0248401
0.0249342
0.024786
0.0247856
0.0249568
0.024769
0.0248099
0.0237921
0.0247385
0.0233844
0.0249284
0.0249924
0.0253496
0.0239097
0.0238699
0.0240241
0.0248342
0.025394
0.0241127
0.0253548
0.0241259
0.0253592
0.0243722
0.025284
0.0243043
0.0247015
0.0243905
0.0252555
0.0251366
0.0244724
0.0244326
0.0248305
0.0244977
0.0248769
0.0247091
0.0245723
0.0245657
0.0250556
0.0246309
0.0246222
0.0250713
0.0249142
0.0248156
0.0249936
0.0250071
0.0248474
0.0248464
0.0245782
0.0247017
0.0247265
0.0248086
0.0244751
0.0244706
0.0251902
0.0248752
0.024878
0.0247377
0.0246508
0.0246144
0.0246373
0.025085
0.0246286
0.024841
0.0246328
0.024924
0.0250571
0.0246827
0.0248845
0.0247272
0.0249175
0.0249882
0.0250057
0.0249571
0.0249621
0.0249473
0.0248314
0.0247464
0.0247438
0.0249727
0.0248025
0.024803
0.0249252
0.0248942
0.0247626
0.024907
0.0247747
0.0247738
0.0249276
0.024837
0.0248048
0.0247855
0.024675
0.0240776
0.023528
0.0230758
0.0252482
0.0247813
0.022925
0.0230607
0.0239062
0.0238639
0.0243072
0.0241412
0.0241429
0.0251327
0.0250414
0.0247875
0.0242605
0.0248984
0.0248635
0.0248641
0.0250207
0.0248244
0.0246942
0.0250572
0.0248398
0.0248721
0.024869
0.0250559
0.0248816
0.0247841
0.0249863
0.0247548
0.0248734
0.0247346
0.0249964
0.0249258
0.0247655
0.0249723
0.0249813
0.0249475
0.0248863
0.0248182
0.024988
0.0248542
0.0247603
0.0249609
0.0249696
0.0249049
0.0247703
0.0248419
0.0249541
0.0249233
0.0249466
0.0248438
0.0249433
0.0249447
0.0248946
0.0247934
0.0248163
0.024827
0.0247952
0.0249312
0.024931
0.0248024
0.0249305
0.0248085
0.0249249
0.0248222
0.0248103
0.0248113
0.0248287
0.0248494
0.0248369
0.0248293
0.0248727
0.0248128
0.0248295
0.0249056
0.0248549
0.0248288
0.0249072
0.0248917
0.0234837
0.0243461
0.0242751
0.0234111
0.0254711
0.0243698
0.0255257
0.0235062
0.0246686
0.0252603
0.0241634
0.0241649
0.0241895
0.02405
0.0247939
0.024396
0.0252287
0.0242532
0.0250972
0.0246675
0.0243053
0.0243113
0.0243597
0.0243854
0.0248277
0.0244553
0.0245019
0.0249675
0.0246552
0.024957
0.0248575
0.0249967
0.025569
0.0233169
0.0236141
0.02368
0.0235254
0.0251023
0.0248202
0.0243042
0.025229
0.0240801
0.0243443
0.0242827
0.0245712
0.0241496
0.0241612
0.024797
0.0244174
0.0244703
0.024691
0.0117245
0.0233952
0.0212689
0.0246324
0.0230175
0.024175
0.0235373
0.0252712
0.0242001
0.023851
0.0227533
0.0242343
0.0239877
0.0232972
0.0254166
0.0252225
0.0240653
0.0241773
0.0251935
0.0247921
0.0244994
0.0251649
0.0242071
0.0248634
0.0248738
0.0248707
0.0251555
0.0248178
0.0249502
0.025078
0.0246441
0.0248908
0.0248641
0.0250221
0.0248727
0.0250716
0.0246739
0.0249514
0.0246982
0.0248314
0.0247229
0.0247445
0.024774
0.024765
0.0250176
0.0250125
0.0249872
0.0247972
0.0247277
0.0248036
0.0247568
0.0249686
0.0247462
0.0249892
0.0248045
0.0248217
0.0249736
0.0249264
0.024842
0.0249395
0.0249624
0.0248135
0.0248338
0.0248828
0.0247796
0.0249509
0.024791
0.0248307
0.0249456
0.024944
0.0249437
0.0249092
0.0248271
0.024928
0.0248595
0.0249246
0.0248698
0.0248847
0.0249288
0.0248718
0.0248437
0.0249268
0.024926
0.0248222
0.0248241
0.0248824
0.0248895
0.0248605
0.0249117
0.022685
0.0243768
0.024365
0.0234643
0.0251821
0.0239506
0.0240293
0.0253466
0.0239963
0.0242116
0.024234
0.0241276
0.0252053
0.0250539
0.0252579
0.0243745
0.0242432
0.0251898
0.0243481
0.0247613
0.0248366
0.0250984
0.0244828
0.0245864
0.0249821
0.0245802
0.0246375
0.0246075
0.024813
0.0244589
0.0242527
0.0247605
0.0244494
0.0245466
0.0244644
0.0244702
0.0249316
0.0246981
0.0246306
0.0245476
0.0246038
0.0246181
0.0246801
0.0246963
0.0246409
0.024872
0.0246339
0.0246803
0.0248701
0.0246874
0.0247186
0.0249044
0.0234265
0.0255762
0.0239272
0.0235403
0.0234048
0.0236481
0.0248605
0.0236508
0.0240506
0.0245795
0.0243796
0.0243754
0.0243784
0.0242203
0.0248386
0.0244201
0.0242908
0.0245006
0.0245088
0.0249128
0.0248634
0.0248632
0.02352
0.0248317
0.0248223
0.0251505
0.0250925
0.0251397
0.0249079
0.0244295
0.0244064
0.0251915
0.024474
0.0244939
0.0245824
0.0245559
0.0250977
0.0246233
0.0248829
0.0246313
0.0246816
0.024854
0.0246612
0.0246816
0.0247948
0.0249217
0.0249858
0.0247631
0.0249815
0.0248913
0.0248984
0.0247291
0.0247362
0.024916
0.0247872
0.0249275
0.0248588
0.0247507
0.0224341
0.0178098
0.0178525
0.0232675
0.0233529
0.0210483
0.0216603
0.0217488
0.0216953
0.0251183
0.0247221
0.0226191
0.0255867
0.0246611
0.0249123
0.0254606
0.0240384
0.0240566
0.024064
0.0251697
0.0252768
0.0242255
0.0244708
0.0246437
0.024792
0.0247452
0.0195334
0.021192
0.0209339
0.0231925
0.0233824
0.0222608
0.0223049
0.0236231
0.0229125
0.024959
0.0228247
0.024143
0.0252362
0.0251454
0.0237996
0.0238013
0.0242349
0.0242657
0.0243329
0.02422
0.0249211
0.0248634
0.0249486
0.0248635
0.0248634
0.0248655
0.0248818
0.0248708
0.0248728
0.0248408
0.0251204
0.0248338
0.0250053
0.0248231
0.0249268
0.0249365
0.0249726
0.0250144
0.0248543
0.024744
0.0250006
0.0248328
0.0249108
0.0247693
0.0248187
0.0249357
0.024873
0.0247691
0.0248403
0.0247859
0.0249101
0.0247971
0.0249533
0.0249566
0.0248487
0.0249234
0.0249495
0.024871
0.0248558
0.024942
0.0248251
0.0248444
0.0249383
0.0249374
0.024824
0.0249154
0.0249334
0.024906
0.0248293
0.0249268
0.0249216
0.0249264
0.0249122
0.024812
0.0248965
0.0248109
0.024831
0.0248164
0.0248713
0.0248879
0.0248677
0.0249119
0.0249116
0.0248593
0.0248841
0.024884
0.0248343
0.0248926
0.0248523
0.0249058
0.0248613
0.019468
0.0234179
0.0229047
0.0231141
0.0244876
0.024671
0.0243906
0.0238067
0.0241338
0.0242825
0.0248634
0.0241726
0.0247745
0.0238857
0.0238291
0.0250023
0.0242807
0.0246305
0.0250557
0.0243463
0.02456
0.0244649
0.0250773
0.0249761
0.025163
0.0251555
0.0246685
0.0249571
0.0250415
0.0247736
0.0246226
0.0245906
0.0247349
0.0250801
0.0246854
0.0249619
0.0246693
0.0247612
0.0246688
0.0250074
0.024999
0.024756
0.0246986
0.0247109
0.0249924
0.0247009
0.0247152
0.0249843
0.0248227
0.0249563
0.0251574
0.0248566
0.0248277
0.0248429
0.0245359
0.0245562
0.0249832
0.0246188
0.0245836
0.0249993
0.0249571
0.0248224
0.0246541
0.0249781
0.0250393
0.0246625
0.0246975
0.0247786
0.0249246
0.0249552
0.0247556
0.0247343
0.0249346
0.0247566
0.0247241
0.0247579
0.0249851
0.0249606
0.0249395
0.0247485
0.0248496
0.0248065
0.0249001
0.0247936
0.0247684
0.0248375
0.0248129
0.0247733
0.0248879
0.0248083
0.0247822
0.0249295
0.0249211
