0.0104776
0.0195671
0.020601
0.0225365
0.0233724
0.020451
0.0214006
0.0229051
0.0230793
0.0229109
0.0225483
0.0229051
0.0236784
0.0236129
0.0235711
0.0236242
0.0236388
0.023595
0.0236104
0.0236515
0.0236612
0.0236606
0.0236291
0.0235876
0.0236172
0.0235827
0.0236304
0.023651
0.0236505
0.0236454
0.0235947
0.0236426
0.0235879
0.0236209
0.0235986
0.0235894
0.0235893
0.0236252
0.0235924
0.0236264
0.0236025
0.0236353
0.0236032
0.0236293
0.0236168
0.0236286
0.023623
0.023596
0.0236253
0.0236305
0.0236097
0.0236165
0.0236252
0.0236291
0.023611
0.0236015
0.0236078
0.0236058
0.0236143
0.0236248
0.0236197
0.0236151
0.0236055
0.0236249
0.0236242
0.0236034
0.0236082
0.0236105
0.0236233
0.023621
0.0236088
0.0236224
0.023619
0.0236197
0.0236089
0.0236151
0.0236215
0.0236183
0.0236525
0.0240258
0.0242764
0.0232535
0.0237545
0.0240908
0.0233956
0.0236192
0.0232884
0.0239992
0.0233324
0.0237769
0.0233193
0.0233395
0.0233312
0.0239815
0.0233733
0.023609
0.0238527
0.0234607
0.0238705
0.0236244
0.0237695
0.0238612
0.0235023
0.0238516
0.0235663
0.0237784
0.0237994
0.0237728
0.0237712
0.0237703
0.0235002
0.023682
0.0235217
0.023519
0.0236325
0.0236105
0.02363
0.0237368
0.0237287
0.0237197
0.0237227
0.023514
0.023592
0.0235439
0.0235445
0.0237088
0.0237028
0.0236403
0.023603
0.023567
0.0236732
0.0235846
0.0235534
0.0236945
0.0235879
0.0235418
0.0236119
0.0236099
0.0238054
0.0237563
0.0236126
0.0232244
0.0238313
0.0236721
0.0231788
0.0232897
0.0232207
0.0238883
0.0235155
0.0237589
0.0234661
0.0234885
0.0237902
0.0233557
0.0233719
0.0235702
0.02337
0.023803
0.0238092
0.0235031
0.023798
0.0237649
0.0234626
0.0234589
0.0237181
0.0235232
0.0236236
0.0234718
0.023736
0.0237274
0.0237044
0.0235259
0.0236671
0.0236309
0.023704
0.0237036
0.0235883
0.0236919
0.0235629
0.023582
0.0236342
0.0235588
0.02357
0.0236844
0.0236243
0.0235399
0.0236119
0.0236111
0.0237037
0.0236775
0.0236122
0.0233541
0.0237208
0.0236379
0.0233852
0.0233959
0.0233844
0.0238035
0.0235692
0.0236866
0.0235405
0.0235507
0.0237135
0.0234502
0.0234745
0.02359
0.0234597
0.0237439
0.0237387
0.0235532
0.023737
0.0237121
0.023509
0.0235075
0.0236785
0.0235587
0.0236189
0.0235218
0.0236976
0.0236879
0.0236716
0.0235578
0.0236473
0.0236239
0.0236749
0.023675
0.0235969
0.0236653
0.0235805
0.0235928
0.0236264
0.0235774
0.0235847
0.0236614
0.02362
0.0235619
0.023091
0.023016
0.0234198
0.0234586
0.0232266
0.0234859
0.0234096
0.0236757
0.0233138
0.0233497
0.0234869
0.0234647
0.0233798
0.0236379
0.023398
0.0235563
0.0236042
0.0236379
0.0234552
0.023505
0.0235021
0.0236342
0.0234681
0.0234668
0.0236916
0.0235477
0.023496
0.0235799
0.0235414
0.0236706
0.0235276
0.0235215
0.0235281
0.0235477
0.0235985
0.0235474
0.0236032
0.0235497
0.0235881
0.0236086
0.0234572
0.0235291
0.0235379
0.0236053
0.0234806
0.0237115
0.0235069
0.0234905
0.0235122
0.0235204
0.0236179
0.0236738
0.0236881
0.0235209
0.0236265
0.0236024
0.023553
0.0236438
0.0235444
0.0235339
0.0235351
0.0235347
0.0236034
0.0235562
0.0235694
0.0235552
0.0236655
0.0236644
0.023662
0.0236616
0.0236563
0.0236294
0.0236156
0.0236198
0.0235671
0.0235767
0.0236291
0.0235972
0.0235771
0.0235841
0.023598
0.0236358
0.0235879
0.0235778
0.0235847
0.0236332
0.0236347
0.0235811
0.0236315
0.023587
0.0235961
0.0238447
0.0225107
0.0230045
0.0237112
0.0235453
0.0231903
0.0234437
0.0231689
0.0233385
0.0236577
0.0238334
0.0237337
0.0235252
0.023595
0.0234057
0.0233504
0.0233287
0.0237491
0.0234454
0.0237822
0.0233759
0.0234282
0.0234387
0.0236906
0.0234356
0.0234522
0.0236864
0.0234695
0.0237188
0.0234714
0.0234975
0.023652
0.0236937
0.0237045
0.023529
0.0234957
0.0235096
0.0235021
0.0235348
0.0235121
0.0235297
0.0235462
0.0235381
0.0235411
0.0235524
0.0235454
0.0236119
0.0235895
0.023614
0.0235728
0.0236126
0.0236186
0.0235962
0.0235744
0.0236509
0.0236549
0.0235975
0.0236516
0.0236474
0.0236282
0.0236392
0.0236518
0.0236254
0.0236283
0.0235977
0.0235859
0.0236019
0.0236233
0.0236059
0.0236368
0.023629
0.0235973
0.0236355
0.0235976
0.023631
0.0236046
0.0236304
0.023619
0.0236058
0.0236315
0.0236294
0.0236056
0.0236253
0.0236289
0.0236085
0.0236242
0.0236025
0.0235994
0.0236186
0.0236178
0.0235988
0.0236036
0.0236026
0.0236235
0.0236102
0.0236121
0.0236148
0.0236187
0.0236024
0.0236231
0.0236186
0.0236018
0.0236225
0.023622
0.0236217
0.023616
0.0236201
0.0236214
0.0236119
0.0234477
0.0234066
0.0233434
0.0234566
0.0233385
0.0232757
0.0236729
0.023546
0.0236244
0.0233556
0.023625
0.0234798
0.0234837
0.0234836
0.0235936
0.0234794
0.0235659
0.0234983
0.0235882
0.0235471
0.0234931
0.0236119
0.0233929
0.0229623
0.0232478
0.0232925
0.0227468
0.0231892
0.0230251
0.0239109
0.0237842
0.0229871
0.0236857
0.0234357
0.0232966
0.0235246
0.0233556
0.0237885
0.0234369
0.0238127
0.0231957
0.02336
0.0232477
0.0232501
0.023431
0.023323
0.0234882
0.0233399
0.0236814
0.023465
0.0234997
0.0236548
0.0236634
0.0234457
0.0234517
0.0235332
0.0235374
0.023471
0.0236252
0.0234882
0.0235194
0.0235171
0.0235886
0.0235842
0.0236038
0.0236861
0.0236796
0.0236357
0.0236712
0.0236196
0.0236123
0.0235858
0.0236626
0.0236718
0.0236706
0.0236695
0.0236499
0.0236596
0.023624
0.0236532
0.0236154
0.023574
0.02365
0.0236357
0.0235784
0.0236411
0.0235813
0.0236364
0.0235828
0.0236292
0.0236384
0.0236222
0.0236087
0.0236399
0.0235897
0.0236017
0.0236361
0.0236369
0.0236362
0.0236351
0.0236013
0.0236307
0.0236313
0.0235978
0.0236307
0.0236312
0.0236305
0.0235948
0.0235979
0.0236195
0.0236295
0.0236291
0.0236255
0.0236238
0.0236279
0.023621
0.0236194
0.0236119
0.0236067
0.0232563
0.0235476
0.0237589
0.023508
0.0233554
0.0235905
0.0233921
0.0237548
0.0236156
0.0234264
0.0234939
0.0234381
0.0234702
0.0234772
0.0235605
0.0234551
0.0236599
0.0237145
0.0237172
0.0234759
0.0236716
0.0236385
0.0236614
0.0235227
0.0236601
0.0235134
0.0236846
0.0235542
0.0235215
0.0235376
0.0235362
0.0235353
0.0236229
0.0235665
0.0236676
0.0235524
0.0235543
0.0235455
0.0235533
0.0235539
0.02362
0.0235601
0.0235933
0.0236359
0.0235841
0.0175312
0.0219793
0.0221795
0.021899
0.0220349
0.0231287
0.0218454
0.0224949
0.0235257
0.0233245
0.0229455
0.0225006
0.0226976
0.0228031
0.0237625
0.0228172
0.022954
0.0235712
0.0231116
0.0231876
0.0234822
0.0230395
0.0231057
0.0237691
0.0231349
0.0233425
0.0236703
0.0235869
0.0234289
0.0235435
0.0234149
0.0234958
0.0236378
0.0237478
0.0236792
0.0235737
0.0236063
0.0235157
0.0234616
0.023466
0.0236906
0.0235336
0.0237154
0.0234728
0.0234972
0.0235037
0.0236579
0.0235127
0.0235154
0.023656
0.0235336
0.0236783
0.0235329
0.02354
0.023636
0.0236619
0.0236695
0.0235664
0.0235435
0.0235539
0.0235468
0.0235686
0.0235525
0.0235644
0.0235746
0.0235692
0.0235676
0.0235779
0.0235736
0.0231755
0.0223549
0.0227027
0.0229126
0.0225495
0.0229562
0.0230388
0.0234483
0.0233751
0.0230299
0.0231686
0.0235492
0.0230651
0.0232723
0.0234529
0.0234534
0.0234855
0.0231485
0.0232823
0.0232386
0.0233419
0.0235327
0.0234493
0.0236463
0.0234312
0.0233377
0.0234578
0.0237396
0.0234571
0.0236266
0.0234442
0.0236444
0.0237221
0.0235485
0.0236393
0.0234831
0.0234786
0.0235359
0.0235214
0.0235247
0.0235244
0.0233889
0.0231539
0.0234779
0.0233601
0.0235562
0.0234571
0.0234214
0.0237
0.0236392
0.0237213
0.0237377
0.0235063
0.0234816
0.0234822
0.0234854
0.02351
0.0235064
0.0235066
0.0236967
0.0235003
0.0236466
0.0236313
0.0235055
0.023523
0.0235368
0.0236226
0.0235508
0.0235329
0.0236442
0.0236536
0.0235449
0.0235543
0.0236391
0.0235542
0.0235582
0.0236027
0.0236032
0.0235634
0.0235715
0.0235971
0.0235892
0.0236342
0.0235815
0.0236037
0.0235868
0.0235828
0.023615
0.0214118
0.0216865
0.0215801
0.0223535
0.0225146
0.0226326
0.0229535
0.0233468
0.0225103
0.0229691
0.0227443
0.0231508
0.0230379
0.0230286
0.0231858
0.0236119
0.0236124
0.023642
0.0237123
0.0236372
0.0236261
0.0237412
0.0235615
0.0236019
0.0237244
0.0236253
0.0237043
0.0237041
0.0237106
0.0236286
0.0236286
0.0235851
0.0237008
0.0236952
0.0235882
0.0236716
0.0235651
0.023561
0.0236647
0.02364
0.0235979
0.0236143
0.0236712
0.0235696
0.023612
0.0236533
0.0236366
0.0236483
0.0236589
0.0236507
0.0235886
0.0236378
0.0236492
0.0235782
0.0235893
0.0236065
0.0235793
0.0236172
0.0235816
0.0236144
0.023634
0.0236449
0.0235875
0.023592
0.0236327
0.0236406
0.0236414
0.0236003
0.0236245
0.0236101
0.0235905
0.0236313
0.0236145
0.0235948
0.0235955
0.0236258
0.0235924
0.0236218
0.0236181
0.0229186
0.0224481
0.0226011
0.0227553
0.0234018
0.0230605
0.0226934
0.0234239
0.0231061
0.0233084
0.0229951
0.0229576
0.0232622
0.0235831
0.0229864
0.0233585
0.0234861
0.0232806
0.0232068
0.0236231
0.0233742
0.0233088
0.0233001
0.0233052
0.0233776
0.0234446
0.0235083
0.0196204
0.0223309
0.0226931
0.0224314
0.0224363
0.0232428
0.0223429
0.0227594
0.0235434
0.0233893
0.0230893
0.0227769
0.0229114
0.02299
0.0237329
0.0230011
0.0231088
0.0235792
0.0232243
0.0232804
0.0235086
0.0231659
0.0232168
0.0133144
0.00864477
0.0213273
0.0198394
0.0215926
0.0200487
0.0232968
0.0203215
0.0211878
0.0211373
0.0213782
0.0237576
0.0236252
0.0222199
0.0229294
0.0233071
0.02295
0.0224009
0.0228069
0.0227804
0.0235494
0.0236218
0.0229361
0.0237092
0.0236134
0.0237213
0.0236224
0.0236803
0.0236262
0.0235331
0.0237528
0.0236661
0.0237492
0.0237308
0.0235849
0.0235814
0.023599
0.0235672
0.0237117
0.023573
0.0236162
0.0235677
0.0235461
0.0236937
0.0235814
0.0236308
0.0235723
0.0236477
0.0235532
0.023576
0.0236781
0.023671
0.023673
0.0236658
0.023637
0.0236627
0.0236078
0.023658
0.0236117
0.0236278
0.0235832
0.0235785
0.0236579
0.0235763
0.0236295
0.023643
0.0236533
0.0235816
0.0236332
0.023595
0.0236434
0.0236488
0.0236433
0.0236349
0.0236336
0.0235984
0.0236204
0.0236403
0.0236378
0.0236068
0.0236344
0.0236118
0.023607
0.0235891
0.0236356
0.0236338
0.0234476
0.0195747
0.0228101
0.0232534
0.0229103
0.0227103
0.0229707
0.0236891
0.0228472
0.0227391
0.0229864
0.0236164
0.0228256
0.0230588
0.0230846
0.0230858
0.0236296
0.0231818
0.0232139
0.0233275
0.0234259
0.0232741
0.0235126
0.0235591
0.0237114
0.0235317
0.0234134
0.0229537
0.0223459
0.0231026
0.0229752
0.0232745
0.0232451
0.0232708
0.0232836
0.0236963
0.0233146
0.0236636
0.0234402
0.0233554
0.023409
0.0234162
0.0234591
0.0234912
0.0236309
0.0234684
0.0236394
0.0235376
0.0236119
0.0224538
0.0225535
0.0219688
0.0225251
0.0231577
0.0233682
0.0232737
0.0236612
0.0236589
0.0235608
0.0232443
0.0234736
0.0231671
0.0230797
0.0236078
0.0235763
0.0235128
0.0232381
0.0231474
0.0230919
0.0234455
0.0234778
0.023282
0.0235044
0.0234413
0.0236654
0.0233523
0.0233841
0.0235034
0.0234847
0.0234078
0.0236333
0.023423
0.0235622
0.0236038
0.0236338
0.0234743
0.0235175
0.0235136
0.0236309
0.0234848
0.0234829
0.0236833
0.0235544
0.0235085
0.0235828
0.0235488
0.0236644
0.0235361
0.0235308
0.0235367
0.023554
0.0235995
0.0235538
0.0236037
0.0235558
0.0245936
0.0236119
0.0207995
0.0185125
0.0200559
0.0207518
0.0224499
0.0213272
0.0239135
0.0213395
0.0231248
0.0220788
0.0224932
0.0222603
0.0236579
0.0226088
0.0230235
0.0226687
0.0230097
0.022823
0.0229384
0.0231054
0.0233474
0.0232262
0.0231937
0.0233404
0.0231569
0.0234095
0.0236035
0.0123114
0.021968
0.0221438
0.0228564
0.0225271
0.0216207
0.0222307
0.0234759
0.0224031
0.0232907
0.0233234
0.0226031
0.0226137
0.0229439
0.0227855
0.0236758
0.0229297
0.0235464
0.0230484
0.0230324
0.024188
0.0237405
0.0236428
0.0236449
0.0237531
0.0236266
0.0237231
0.0236057
0.0236348
0.0235537
0.0235574
0.0235819
0.023689
0.0236766
0.0235588
0.0236307
0.0236744
0.0235774
0.0236366
0.0235953
0.0236479
0.0235857
0.0236679
0.0236254
0.0236631
0.0236413
0.02357
0.0236641
0.0236537
0.0236583
0.0235882
0.0236566
0.0236606
0.0236547
0.0236286
0.0236465
0.0236535
0.0236286
0.0236172
0.0236493
0.0236503
0.0236457
0.0236451
0.0236426
0.0235943
0.0236401
0.0236455
0.0236439
0.0236348
0.0235876
0.0236228
0.0235896
0.0235991
0.0236375
0.0236391
0.0236409
0.0236404
0.0235901
0.0236029
0.0236048
0.0236152
0.0236318
0.0235928
0.0236323
0.0236117
0.0235942
0.0236315
0.023632
0.0235992
0.0236273
0.0236317
0.0234507
0.0236119
0.0228917
0.0230151
0.0222474
0.0222983
0.0231212
0.0231469
0.0233299
0.0231387
0.0229957
0.0222851
0.0235842
0.0236108
0.0234642
0.0233069
0.0234316
0.0237753
0.0234325
0.0232739
0.0236455
0.0237471
0.0233296
0.0234556
0.0233602
0.0237326
0.0236112
0.023661
0.0233807
0.0236874
0.0234872
0.0235967
0.0234678
0.0234929
0.0234489
0.0234537
0.0234551
0.0236075
0.0234735
0.0236297
0.0236705
0.0236209
0.0235582
0.0236723
0.0236685
0.0235117
0.0235152
0.0236406
0.0235593
0.0235487
0.023536
0.0235507
0.0236119
0.0236119
0.0236119
0.0234191
0.0234308
0.0235249
0.0235922
0.0235834
0.0235291
0.0234599
0.0236501
0.0236821
0.023489
0.0235879
0.0236312
0.0235327
0.0236411
0.023621
0.0236449
0.0235077
0.0235128
0.0236114
0.02357
0.0235347
0.0236118
0.0236506
0.0236187
0.0236562
0.023575
0.0235529
0.0236056
0.0236087
0.0236149
0.0235575
0.0236384
0.0235585
0.0235598
0.0236448
0.0235763
0.0235765
0.0236031
0.0235825
0.0236416
0.0235802
0.0235828
0.0236437
