0.000874305
0.000312123
0.00166719
0.000721687
0.00119975
0.00215329
0.00190232
0.00171633
0.00150771
0.000808443
0.00217328
0.00200025
0.00206613
0.00194556
0.00199141
0.00200112
0.00204388
0.00199642
0.00201402
0.00198507
0.00196318
0.00199299
0.00197867
0.00198196
0.00196519
0.00196594
0.00202757
0.0020093
0.00200191
0.00202588
0.00202291
0.0019931
0.00197547
0.00202203
0.00198206
0.00200932
0.00196702
0.00197305
0.00201761
0.00197764
0.0019771
0.0020031
0.00201651
0.00201544
0.00197668
0.00198994
0.00197117
0.00198374
0.00201181
0.00197521
0.00198528
0.00198799
0.00200987
0.00198052
0.00200899
0.00199813
0.00197557
0.001981
0.00199499
0.00200688
0.00200786
0.00198073
0.00200543
0.00199471
0.00198641
0.00200067
0.00200254
0.00200313
0.00200308
0.00200343
0.00198429
0.00198123
0.00198501
0.00413132
0.00292055
0.00174502
0.00186287
0.00195768
0.00247361
0.00159648
0.00238747
0.00213254
0.00249248
0.00255318
0.00245197
0.00196714
0.00170267
0.00242579
0.0017112
0.00234091
0.00232067
0.00175596
0.00176516
0.00206682
0.00179128
0.00178859
0.00208701
0.00180419
0.00221232
0.00180443
0.00184503
0.00216022
0.00181814
0.00219151
0.00218802
0.00182991
0.0021306
0.00203586
0.00201503
0.00210422
0.00215825
0.00206081
0.00204275
0.00207407
0.00190572
0.00186852
0.0020594
0.00212839
0.00210427
0.0021131
0.00189915
0.00203596
0.00190418
0.0020987
0.00198973
0.0019263
0.00208853
0.00190466
0.00208694
0.00193151
0.00207642
0.00199079
0.00198883
0.00137515
0.00245515
0.00178361
0.0023191
0.00169557
0.00154792
0.00220769
0.00220927
0.0015933
0.00167417
0.00188417
0.00165278
0.00214526
0.00229381
0.00217119
0.00225033
0.00173271
0.00201304
0.00221046
0.00209057
0.00206119
0.0017864
0.00217521
0.00187139
0.00211456
0.00182323
0.00203244
0.00207149
0.00206231
0.00213962
0.00213326
0.00213485
0.00187233
0.00197103
0.00209358
0.00210648
0.00194768
0.00210105
0.002067
0.00208262
0.00205721
0.00191593
0.00189144
0.0020082
0.00202652
0.00191946
0.0019065
0.00198777
0.00200611
0.0019909
0.00199011
0.00161903
0.00227119
0.00190263
0.00215274
0.00185674
0.00175945
0.00209303
0.00209459
0.00175409
0.00177338
0.00193989
0.00178684
0.00206809
0.00217853
0.00208478
0.00215466
0.00183263
0.00200286
0.0021341
0.00204759
0.00203098
0.00185822
0.00211704
0.00192079
0.00206675
0.00188574
0.00201586
0.00204035
0.00203468
0.00209265
0.00208503
0.00208708
0.00191569
0.00197865
0.0020574
0.00206813
0.00196378
0.00206698
0.00204029
0.00205175
0.00203407
0.00194218
0.00192387
0.00200203
0.00201398
0.00194407
0.00193486
0.00198891
0.00200079
0.00199013
0.00187551
0.00145949
0.00175453
0.00157526
0.00190491
0.00161674
0.00186744
0.00204994
0.00172017
0.00175285
0.00184643
0.00192217
0.00175456
0.00177259
0.00193474
0.00176466
0.00198585
0.00203992
0.00179826
0.00181444
0.00185969
0.00184146
0.00185072
0.00190714
0.00194612
0.00190203
0.00200788
0.00189236
0.00192748
0.00188731
0.0019498
0.0019409
0.00190219
0.00200921
0.00190791
0.00191388
0.00192077
0.00201777
0.00198752
0.00177621
0.00215948
0.00196453
0.0020657
0.00212217
0.00184528
0.00184945
0.00190692
0.00207783
0.00201719
0.00188196
0.00209752
0.00208671
0.00204528
0.00206337
0.00202496
0.00203072
0.0020638
0.00191055
0.0020681
0.00193496
0.00193425
0.00191836
0.00193869
0.00206138
0.00196512
0.00192534
0.00200987
0.00204878
0.002048
0.0019336
0.00199265
0.00197403
0.0020164
0.00198533
0.00194159
0.00194921
0.00198586
0.00200767
0.00202186
0.0019504
0.00199783
0.0019557
0.0019593
0.00195568
0.00195366
0.0019612
0.00196503
0.00195468
0.00195892
0.00195833
0.00198843
0.00191155
0.00172952
0.00144868
0.00203932
0.00200719
0.00150678
0.00158024
0.00224807
0.00195642
0.00223311
0.00203417
0.00166059
0.00188825
0.00176627
0.00171676
0.00207104
0.00176077
0.00177641
0.001902
0.00202239
0.00204478
0.00184655
0.001965
0.00202592
0.00210601
0.00190299
0.00206316
0.00210572
0.00183572
0.00204257
0.00193333
0.00200998
0.00186143
0.00210212
0.00206865
0.00206681
0.00191021
0.00204589
0.00202605
0.00188927
0.00207506
0.00189906
0.00190114
0.00190491
0.00199097
0.00202348
0.00199364
0.00194078
0.00199864
0.00197385
0.00199597
0.002006
0.00197545
0.00196394
0.00200579
0.00202465
0.00202667
0.00203531
0.00201264
0.00196221
0.00202975
0.0019752
0.00200929
0.00202664
0.00196165
0.002016
0.00202129
0.00199848
0.00197012
0.00201707
0.00200741
0.00197959
0.00201631
0.00201687
0.00197191
0.0019956
0.00200504
0.00197982
0.00199257
0.00201184
0.00201346
0.0020128
0.00200298
0.00197864
0.00198066
0.00197791
0.00199372
0.00197539
0.00200957
0.0020088
0.0020073
0.00198027
0.0019982
0.00199151
0.00200708
0.00200759
0.0020069
0.00200686
0.00200433
0.0019914
0.00197957
0.00199751
0.00200255
0.00198822
0.00198587
0.00200286
0.00199655
0.00200197
0.00199054
0.00141052
0.00188619
0.00177158
0.00162316
0.00168294
0.00182373
0.00186898
0.00175027
0.0017353
0.00173801
0.00194292
0.00201741
0.00190229
0.00184616
0.00183115
0.00183606
0.00182644
0.00191217
0.0018448
0.00191446
0.00201312
0.00190007
0.00198727
5.8822e-05
0.00144772
0.000903792
0.00162688
0.00232523
0.00128803
0.00160441
0.00195051
0.00141351
0.00140226
0.00182599
0.00147918
0.00167449
0.00146563
0.00154292
0.00156009
0.00197233
0.00160891
0.00202114
0.0017795
0.00166077
0.00210951
0.00214189
0.00201512
0.00201464
0.00186121
0.00204177
0.00189294
0.00178386
0.00177238
0.00203214
0.00179122
0.00180717
0.00208225
0.00206477
0.00183676
0.00185829
0.0018413
0.00199425
0.00199116
0.00199331
0.00201884
0.00192912
0.00199765
0.00202679
0.00195691
0.00206454
0.00199671
0.00205186
0.00198249
0.00203581
0.00205025
0.00194569
0.00203738
0.00204395
0.00203649
0.00197812
0.00203699
0.00198444
0.00195721
0.00195396
0.00201062
0.00201568
0.00203109
0.00198976
0.00200518
0.00195691
0.00199435
0.00199412
0.00198572
0.00196535
0.0019631
0.00197196
0.00202147
0.00202108
0.00201818
0.00201972
0.00201861
0.00196945
0.00201612
0.00201201
0.00197869
0.00201526
0.00197422
0.00199206
0.00201227
0.00199288
0.00201189
0.00197367
0.00197509
0.00199552
0.00200828
0.00200277
0.00198204
0.00196683
0.00201314
0.00192081
0.00210777
0.00195856
0.00217209
0.00169823
0.00187104
0.00215262
0.00179426
0.00178668
0.00192334
0.00179554
0.00182472
0.00212858
0.0018137
0.00182328
0.00183508
0.00203692
0.00196899
0.00196995
0.00189875
0.00185916
0.00191786
0.00207088
0.00191461
0.00189044
0.00188643
0.00197049
0.00188949
0.00197693
0.00192761
0.00190234
0.00198729
0.00191051
0.00205924
0.00196066
0.00198404
0.00204836
0.00192498
0.00192342
0.00196574
0.00201869
0.00192943
0.00197389
0.00200789
0.00709003
0.000224847
0.00190452
0.000796176
0.00166419
0.00141051
0.000208412
0.000651006
0.000891765
0.00183893
0.000819886
0.000816752
0.0011015
0.00154729
0.00113812
0.00118158
0.00138392
0.00166456
0.00128579
0.0014235
0.00144909
0.00170668
0.00158361
0.00174839
0.00199059
0.00198581
0.00212923
0.00210308
0.0019392
0.00197548
0.00175496
0.00191274
0.00179269
0.00183025
0.00195074
0.00203761
0.00184138
0.00211844
0.00195275
0.00211767
0.00201334
0.00191152
0.00192045
0.00185357
0.00186591
0.00186055
0.00186985
0.00190417
0.00188355
0.00197792
0.00191976
0.00190613
0.00189159
0.00202883
0.00206726
0.00198127
0.00194728
0.0020336
0.00196969
0.00206178
0.00193493
0.002001
0.00201089
0.00204104
0.00203687
0.00197219
0.00199048
0.0019368
0.00204129
0.00196318
0.00175963
0.00199095
0.00118008
0.00182928
0.00202985
0.0021821
0.00110108
0.00165962
0.0017862
0.00192272
0.00189126
0.00218145
0.00220733
0.00171329
0.00184558
0.00158715
0.00156984
0.00219154
0.00183492
0.00171023
0.00219066
0.00218617
0.00170822
0.00173143
0.00201582
0.00175094
0.00187422
0.00213055
0.00180133
0.00179376
0.00180992
0.00183467
0.00181548
0.00200588
0.00183952
0.00200434
0.001859
0.00209169
0.00187543
0.00208597
0.00200163
0.00111586
0.00199095
0.00198828
0.0017776
0.00201964
0.00204867
0.00192458
0.00198729
0.00190853
0.00181604
0.00208516
0.00203451
0.00202897
0.00201011
0.00199699
0.00186567
0.00187201
0.00188534
0.00208999
0.00188028
0.00206933
0.00195644
0.00206492
0.00207058
0.00203181
0.00196523
0.00198692
0.00205808
0.001961
0.00196698
0.00192767
0.0019709
0.00198128
0.00199722
0.00193417
0.00204383
0.00201687
0.00196738
0.00204088
0.00199093
0.00194314
0.00199094
0.00198239
0.001995
0.00199094
0.00554611
0.000546159
8.89243e-06
0.000398464
0.000226586
0.0004877
0.00162338
0.00149043
0.00202634
0.00103026
0.00125656
0.00123445
0.00201488
0.0014264
0.00145089
0.00212297
0.00199457
0.0019775
0.00203118
0.00199206
0.00201797
0.00202186
0.00203352
0.0021187
0.00208203
0.00199578
0.00192585
0.00208352
0.00196776
0.00195362
0.00204853
0.00194083
0.00195872
0.00206705
0.00205214
0.0020554
0.00198135
0.00201625
0.00206281
0.0020614
0.00196828
0.00194681
0.00195713
0.00204924
0.00199094
0.00205035
0.00203469
0.00200839
0.00195549
0.00194884
0.00200002
0.00203621
0.00200393
0.00196354
0.0019974
0.00203009
0.00200627
0.00203432
0.00197239
0.0019688
0.00196155
0.00198035
0.00200296
0.00202709
0.00197289
0.00202322
0.00199433
0.00202048
0.0019909
0.00201821
0.00197025
0.00200501
0.00201783
0.00201782
0.00200179
0.00200631
0.00197396
0.00199052
0.00281299
0.00113432
0.000665339
0.00103764
0.00147651
0.00139896
0.00105932
0.00126155
0.00161087
0.00216192
0.00151717
0.00142879
0.00214136
0.00179647
0.0014651
0.00157368
0.00166398
0.00190725
0.00169304
0.00159929
0.0020474
0.00184059
0.00177314
0.00201788
0.00174233
0.00186336
0.00388093
0.000590338
0.00193781
2.19796e-05
0.00173744
0.00155383
0.000720942
0.00103943
0.00115064
0.00187186
0.00114418
0.00112966
0.00132921
0.00163717
0.00133457
0.00137766
0.00152616
0.00173665
0.0014463
0.00154677
0.00156935
0.00176262
0.00166757
0.028566
0.00070993
0.00297865
0.000462887
0.00124238
0.00119918
0.000203703
0.000687149
0.000366971
0.000380636
0.000372335
0.000409198
0.000338104
0.000676691
0.00175237
0.00176728
0.00157892
0.00168918
0.00209957
0.00147807
0.00146769
0.00199097
0.00215349
0.00199127
0.00199636
0.0019913
0.00199143
0.00216678
0.00205807
0.00192624
0.00211479
0.00205551
0.00211138
0.00190995
0.00210481
0.00202189
0.00204081
0.00192627
0.00207918
0.00201771
0.00208531
0.00204086
0.0020763
0.00198248
0.00196046
0.00206853
0.00193296
0.00203532
0.00203224
0.00205566
0.00195651
0.00205297
0.00199798
0.0020409
0.00200005
0.00200835
0.00205029
0.00194699
0.0019482
0.00203132
0.0020398
0.00198344
0.00203641
0.00195171
0.0019554
0.00196253
0.00195194
0.00203354
0.00195506
0.00199885
0.00202895
0.00203106
0.00201147
0.00201827
0.00196457
0.00200498
0.00197934
0.00200674
0.00200125
0.00202249
0.00202053
0.0020105
0.00198158
0.00201792
0.00199042
0.00196254
0.00219619
0.00104353
0.00131942
0.00117522
0.00156236
0.00117475
0.00137789
0.00141157
0.00140934
0.00139731
0.00180787
0.00150394
0.00156242
0.00164717
0.00163288
0.0017891
0.00211068
0.0016435
0.0016929
0.00169387
0.0017156
0.00176222
0.00175303
0.00203291
0.00192986
0.00199097
0.00198077
0.00194702
0.00171413
0.00171742
0.00169495
0.00163745
0.00166098
0.00167221
0.00208921
0.00201466
0.00172026
0.00193095
0.00187769
0.001802
0.00181997
0.00184574
0.00186897
0.0018795
0.00189586
0.00313312
0.00114271
0.00189122
0.00124166
0.00173677
0.00147074
0.00145956
0.00156101
0.00169297
0.00208554
0.00115741
0.0021329
0.00165661
0.00144806
0.0013409
0.0017816
0.00163573
0.00168829
0.00208327
0.00182491
0.00191391
0.00182954
0.00168828
0.00175512
0.00199029
0.00199096
0.00199018
0.00162126
0.00208479
0.00188204
0.00170381
0.00195029
0.00188519
0.00187669
0.00181914
0.00188047
0.00179691
0.00201545
0.00182544
0.00209487
0.00199599
0.0019964
0.00184169
0.00204869
0.00198818
0.00186088
0.00187038
0.0019431
0.00203329
0.0018766
0.00189168
0.00189656
0.0019776
0.00200033
0.00198414
0.00191844
0.00197965
0.0019106
0.00192094
0.00192893
0.00197682
0.00193539
0.00200456
0.0019546
0.0019909
0.0193486
0.00229963
2.27946e-05
0.00254558
0.0014143
0.000895415
0.00238771
0.000418123
0.00187485
0.000834048
0.00105072
0.00202841
0.00139156
0.00147058
0.00071511
0.00115688
0.00111751
0.000933395
0.00153618
0.00118211
0.00125607
0.00141297
0.00126658
0.00140216
0.00152889
0.00174279
0.00168123
0.00207186
0.00160687
0.0251773
0.0126593
0.00133525
0.000595846
0.000593373
0.000286794
0.000647215
0.000208871
0.000291751
0.00138635
0.000604213
0.000817247
0.000873219
0.000960406
0.00210397
0.00209791
0.00112905
0.00155185
0.00131657
0.00177822
0.00136175
0.00196181
0.00199097
0.0018258
0.00205419
0.0019911
0.00199146
0.00199164
0.00202459
0.00200425
0.00208829
0.00200661
0.00199341
0.00192076
0.00202462
0.0019439
0.00203326
0.00208107
0.00199569
0.00192504
0.00201037
0.00207066
0.00193378
0.00205258
0.00206067
0.00195981
0.00194162
0.00194154
0.00201407
0.00204797
0.00204109
0.00199042
0.00204455
0.00204558
0.00204102
0.00197775
0.00204059
0.00203713
0.00195647
0.00200435
0.00197725
0.00197027
0.00195862
0.00195621
0.0020335
0.00196022
0.00202247
0.00202738
0.00202562
0.00202511
0.00196591
0.00202599
0.0019893
0.001976
0.00202481
0.00202246
0.00202043
0.00202193
0.00196732
0.00201272
0.00199569
0.0020195
0.00198864
0.00201518
0.00198445
0.00197356
0.00198805
0.00197037
0.00200367
0.0019803
0.00198819
0.00197837
0.00310097
0.000989945
0.000649552
0.000116542
0.0007301
0.00148083
0.00121208
0.00125528
0.00195975
0.00199093
0.0010143
0.00105433
0.00193724
0.00187822
0.00210053
0.00155708
0.0021747
0.00186767
0.00168582
0.00178973
0.00171631
0.00204646
0.00189842
0.00181378
0.00211972
0.00175261
0.00212107
0.00184531
0.00196358
0.00206865
0.00203436
0.00197635
0.00184447
0.00188562
0.00185586
0.00185503
0.00185534
0.0018674
0.00187117
0.0019019
0.00201869
0.00188275
0.00188735
0.00206298
0.00203931
0.0019216
0.0020268
0.00161548
0.00192207
0.00151376
0.00170573
0.00205306
0.00178921
0.00181355
0.00213998
0.00202614
0.00204057
0.00210589
0.00186151
0.00191085
0.00188511
0.00209666
0.00187375
0.00187428
0.00192241
0.00199225
0.00204602
0.00188541
0.00191293
0.00193057
0.00190841
0.00190546
0.00192553
0.00202717
0.00191785
0.00192178
0.0019599
0.00197538
0.0019253
0.00193339
0.00203814
0.00198903
0.00199178
0.00193828
0.00194867
0.00198142
0.00203552
0.00194493
0.00195337
0.00196944
0.00197044
