0.0178237
0.0234653
0.0227195
0.0219754
0.0232441
0.0223565
0.0232637
0.0234519
0.0241613
0.0233773
0.0243755
0.0243766
0.0243757
0.0243777
0.024384
0.0243647
0.0243763
0.0244025
0.0244049
0.0243797
0.0243733
0.0243971
0.0243969
0.0243683
0.0243937
0.0243791
0.0243683
0.0243912
0.0243684
0.0243931
0.0243928
0.0243894
0.0243702
0.0243798
0.0243674
0.0243769
0.024386
0.0243712
0.0243678
0.0243836
0.0243867
0.0243874
0.024381
0.0243836
0.0243862
0.0243855
0.024368
0.0243687
0.0243754
0.0243865
0.0243846
0.0243863
0.0243714
0.0243809
0.0243744
0.0243747
0.0243823
0.0243828
0.0243842
0.0243712
0.024376
0.0243831
0.02438
0.0243822
0.0243816
0.024372
0.0243703
0.0243715
0.0243819
0.024382
0.0243745
0.0243817
0.024372
0.0266725
0.0248781
0.0248837
0.0244502
0.0244204
0.0248207
0.0242218
0.0246318
0.0246981
0.0242317
0.0242692
0.0246055
0.0245
0.0245381
0.024521
0.0242605
0.0245497
0.0243203
0.0242712
0.0245318
0.0243794
0.0243514
0.0244947
0.02429
0.0244709
0.0243005
0.0244952
0.0244443
0.024436
0.0244646
0.0244724
0.0243346
0.0243069
0.0243156
0.0243113
0.02446
0.0244595
0.0244084
0.0244516
0.024439
0.0244169
0.0244307
0.0243798
0.0243737
0.0243431
0.0243306
0.0243872
0.0243347
0.0243325
0.0243764
0.0243354
0.024428
0.0244288
0.0244002
0.0243405
0.0244206
0.0243968
0.0243598
0.0243755
0.0243504
0.0243641
0.0242951
0.0240684
0.0241675
0.0244693
0.0241287
0.0242053
0.0245114
0.024194
0.0244352
0.0243564
0.024202
0.0243372
0.0242586
0.0242444
0.0243696
0.024281
0.0242585
0.0242655
0.0242655
0.0242701
0.0242717
0.024285
0.0243713
0.0242897
0.0244492
0.0244486
0.0244424
0.0243806
0.024303
0.024299
0.0243724
0.0243835
0.0243696
0.0244262
0.0243918
0.0243414
0.0243168
0.0243422
0.0244096
0.0243251
0.0244084
0.024418
0.0243588
0.0243279
0.0243433
0.0243941
0.024331
0.0244132
0.0243332
0.0243755
0.0243654
0.0243709
0.0243426
0.0242289
0.0242402
0.0244252
0.0242294
0.0242972
0.0244626
0.0242699
0.0244074
0.0243661
0.0242761
0.0243565
0.0243144
0.024292
0.0243722
0.0243097
0.0243003
0.024304
0.0243068
0.0243119
0.0243077
0.0243217
0.024373
0.024317
0.0244252
0.0244261
0.0244207
0.0243786
0.0243261
0.0243267
0.0243736
0.0243805
0.0243718
0.0244097
0.0243858
0.0243542
0.0243378
0.0243547
0.024398
0.0243407
0.0243974
0.0244046
0.0243648
0.0243437
0.0243545
0.0243878
0.0243455
0.0244018
0.0243466
0.0235877
0.0243617
0.0242753
0.0242198
0.0242197
0.0242196
0.0241528
0.0241459
0.024249
0.024397
0.0242556
0.0243737
0.0242722
0.0243748
0.0243102
0.0243598
0.0242354
0.024265
0.0243288
0.024316
0.0242813
0.0242999
0.024326
0.0243652
0.0242798
0.0243517
0.0242927
0.0243089
0.0243079
0.0243157
0.0243129
0.0243832
0.0243071
0.0243409
0.0243203
0.0243355
0.024312
0.0243733
0.0244586
0.0243705
0.0243686
0.0242761
0.024365
0.0243836
0.0243857
0.0243085
0.0243789
0.0244047
0.0243287
0.0243374
0.024416
0.0243648
0.0243293
0.0243903
0.024398
0.0243417
0.0243361
0.0244025
0.0243371
0.0244042
0.0243389
0.0243426
0.0243434
0.0243905
0.0243744
0.0243452
0.0243461
0.0243921
0.0243524
0.0243658
0.0243708
0.0243721
0.024351
0.0243519
0.0243945
0.0243533
0.0243528
0.0243526
0.0243944
0.0243674
0.0243639
0.0243749
0.0243924
0.0243646
0.0243575
0.0243901
0.0243593
0.0243653
0.0243687
0.0243836
0.0235867
0.023531
0.0242257
0.0239063
0.0240709
0.0242582
0.0240308
0.0242198
0.0240889
0.0242541
0.024185
0.0242198
0.0242377
0.0242242
0.0241826
0.0242167
0.0242082
0.0242739
0.0243179
0.0242238
0.0242319
0.0244506
0.0244452
0.0242422
0.0244071
0.0243686
0.0243507
0.0244173
0.024295
0.0242823
0.0244215
0.0243112
0.0243018
0.0243099
0.024331
0.0243997
0.0243002
0.0244225
0.024326
0.0244009
0.0244076
0.0243942
0.0243581
0.0243831
0.0243319
0.0243209
0.0245079
0.0243892
0.0243942
0.0243827
0.0244081
0.0244099
0.0243746
0.0243795
0.0243914
0.0243806
0.0243823
0.024388
0.0243889
0.0243837
0.0243619
0.0243704
0.0243757
0.024392
0.0243771
0.0243672
0.0243906
0.0243837
0.0243906
0.0243852
0.0243701
0.0243893
0.0243873
0.0243702
0.0243661
0.024384
0.0243888
0.0243878
0.0243815
0.024387
0.0243868
0.0243788
0.0243858
0.024378
0.0243823
0.024376
0.0243848
0.0243846
0.0243838
0.0243801
0.0243706
0.0243785
0.0243717
0.0243823
0.0243689
0.0243834
0.0243773
0.0243775
0.0243725
0.0243806
0.0243819
0.0243703
0.0243756
0.0243815
0.0243814
0.0243719
0.0243817
0.0243719
0.0243706
0.024381
0.0241779
0.0240708
0.0240872
0.0242231
0.0241086
0.0240848
0.0243824
0.0242071
0.0241105
0.0242509
0.0244023
0.0241534
0.0241684
0.024224
0.0242
0.0242726
0.0242867
0.0243347
0.0243182
0.0243045
0.0242486
0.0243605
0.0241563
0.0238823
0.0238248
0.023745
0.0241269
0.0245092
0.0240007
0.0243783
0.0242453
0.0241581
0.0242777
0.0242613
0.0239978
0.0240527
0.0242423
0.0241228
0.0243675
0.0241869
0.0240813
0.0241452
0.0242908
0.0243574
0.0241789
0.0243356
0.0242334
0.0241892
0.0244137
0.0242918
0.0242841
0.0242338
0.024213
0.0242167
0.0242286
0.024372
0.0242411
0.0242739
0.0242642
0.0243755
0.0243766
0.0243768
0.0244362
0.0243689
0.0243808
0.0243787
0.024376
0.0244084
0.0243969
0.0243672
0.0244061
0.0244041
0.0243729
0.0243755
0.024387
0.0243575
0.0243957
0.02436
0.024372
0.0243966
0.0243721
0.0243819
0.0243635
0.0243679
0.0243644
0.024379
0.0243899
0.0243883
0.0243925
0.0243621
0.0243908
0.0243784
0.0243801
0.0243725
0.0243896
0.0243894
0.0243895
0.0243882
0.0243749
0.0243635
0.0243724
0.0243764
0.0243749
0.0243837
0.0243833
0.024372
0.0243661
0.0243819
0.0243812
0.0243744
0.0243709
0.0243836
0.0243741
0.0243748
0.0243733
0.0236258
0.024097
0.0241883
0.0242297
0.0240925
0.0243915
0.0241712
0.0241688
0.024246
0.024262
0.0242355
0.0244119
0.0242433
0.024318
0.0243395
0.0242898
0.0242623
0.0243381
0.0242758
0.0243797
0.0243126
0.0242998
0.0243051
0.024325
0.0243161
0.0243003
0.0243227
0.0243299
0.0243132
0.0243168
0.0243493
0.0243587
0.0243174
0.0243206
0.0243609
0.024381
0.0243499
0.0243304
0.024341
0.0243942
0.0243428
0.0243395
0.0243418
0.0243326
0.024335
0.0243412
0.0243472
0.0240181
0.0239005
0.0220886
0.0241487
0.0231095
0.0232246
0.0230111
0.0238567
0.023596
0.0231471
0.0240375
0.0242775
0.0243601
0.0242273
0.0240162
0.023627
0.0237635
0.0240816
0.0240656
0.0241734
0.0240816
0.0240972
0.0243286
0.0241645
0.0243091
0.0243275
0.024448
0.0241839
0.024321
0.0243601
0.0241951
0.0242269
0.0244405
0.0243065
0.0242511
0.0243138
0.0243155
0.0243091
0.024269
0.0243476
0.0244167
0.0243348
0.0243046
0.0243413
0.0244278
0.0243761
0.0243141
0.024408
0.024311
0.0243287
0.0243819
0.024397
0.0243256
0.0243608
0.0243306
0.0244061
0.0243287
0.0243397
0.0243307
0.0243638
0.0243329
0.0243418
0.0243479
0.0243898
0.0243849
0.0243425
0.0243677
0.0243432
0.0221813
0.0242681
0.0233393
0.0236922
0.0238201
0.0237382
0.0240061
0.0240318
0.0238312
0.0240248
0.0239376
0.0239241
0.0242645
0.0244076
0.0239938
0.0240016
0.0242733
0.0241285
0.0242055
0.0242492
0.0241446
0.0242665
0.0241755
0.0244497
0.0243762
0.0242701
0.0242747
0.0242722
0.024275
0.0242519
0.0242902
0.0244272
0.0242896
0.0242516
0.0242587
0.0244262
0.0243761
0.0243953
0.0243661
0.0242955
0.0243077
0.0240454
0.0243563
0.024347
0.0244568
0.0243588
0.0242896
0.0244524
0.0242353
0.0242763
0.0243543
0.0243184
0.0242906
0.0243615
0.0243535
0.0243855
0.0243101
0.0243054
0.0243034
0.0243044
0.0243066
0.0243095
0.0243118
0.0244155
0.0244074
0.0243724
0.0243262
0.0243595
0.0243682
0.0243352
0.0243353
0.0243619
0.024342
0.0243874
0.0244002
0.0243424
0.0243433
0.0243457
0.0243846
0.0243446
0.0243751
0.024347
0.0243528
0.0243523
0.0243675
0.0243532
0.0188991
0.0214698
0.0218491
0.0229187
0.0241109
0.0232569
0.024091
0.0231311
0.0243803
0.0234086
0.0241802
0.0236442
0.0242131
0.0239865
0.0240225
0.0240817
0.0245828
0.0243777
0.0244298
0.0243849
0.0244292
0.024391
0.024403
0.0244598
0.0243977
0.0243981
0.024423
0.0243837
0.0243941
0.0244379
0.0243619
0.0243476
0.0244075
0.0244262
0.0244151
0.024351
0.0243995
0.0244174
0.0244187
0.0244175
0.0244169
0.0244059
0.024403
0.0243685
0.0243899
0.0244079
0.0244095
0.0243661
0.0243768
0.0244076
0.0243693
0.0244023
0.0243969
0.0244026
0.0243625
0.0244035
0.0244017
0.0243621
0.0243823
0.0243622
0.0243977
0.0244
0.0243755
0.0243974
0.0243938
0.0243931
0.0243827
0.0243952
0.0243939
0.0243691
0.0243914
0.0243924
0.0243915
0.02438
0.0243921
0.0243919
0.0243836
0.0243871
0.0243885
0.0243875
0.0243744
0.0216166
0.0217878
0.0240668
0.0244606
0.0236986
0.0235586
0.0234602
0.0243607
0.0237376
0.0235802
0.0241801
0.0240162
0.0241292
0.0242353
0.0241497
0.0241822
0.0242864
0.0239562
0.0239809
0.0240688
0.0242648
0.0243111
0.0243545
0.0241658
0.0241449
0.0242658
0.0241531
0.0240788
0.0228142
0.0241934
0.0234394
0.023533
0.023396
0.023967
0.0237893
0.0234801
0.0241066
0.0242974
0.0243629
0.0242578
0.0240948
0.0238042
0.0239046
0.0241441
0.0241313
0.0242149
0.0241434
0.0241553
0.0243376
0.0221441
0.0194106
0.0172795
0.0192561
0.0228092
0.0205713
0.0232182
0.0212231
0.0229794
0.0241287
0.0234101
0.0225788
0.023067
0.0234993
0.0231626
0.0235348
0.023249
0.0240074
0.0236933
0.0238474
0.0236242
0.0236151
0.0238341
0.024503
0.0243954
0.0244038
0.0243897
0.0244763
0.024412
0.024389
0.0243259
0.0244438
0.0244712
0.0243989
0.0243589
0.0243761
0.0244461
0.0244236
0.0243977
0.0243964
0.0243858
0.0243665
0.0243864
0.0244078
0.0244065
0.0243723
0.0244124
0.0243491
0.0244176
0.0243752
0.0244157
0.0244095
0.0244097
0.0244134
0.024401
0.0244062
0.0243554
0.0243511
0.0243911
0.0243703
0.0244086
0.0243997
0.0244066
0.024405
0.0244019
0.0244032
0.0243677
0.0243678
0.0244012
0.0243886
0.024391
0.024397
0.0243651
0.0243791
0.0243832
0.0243991
0.0243697
0.0243792
0.0243946
0.0243859
0.0243918
0.0243745
0.0243777
0.024368
0.0243932
0.0243692
0.0243923
0.0234319
0.0223284
0.0241193
0.0226908
0.0235267
0.0235457
0.0235226
0.0235878
0.0244827
0.0239067
0.0236709
0.0240688
0.0237772
0.0241219
0.0238749
0.0239792
0.0244457
0.0241897
0.0243381
0.0241067
0.0240802
0.0240598
0.024073
0.0240823
0.0241291
0.0244061
0.0242266
0.0241827
0.0235063
0.0234041
0.0239018
0.0239457
0.0240551
0.0240689
0.0242147
0.0242202
0.0242551
0.0242438
0.0242528
0.0241475
0.0242249
0.0243351
0.024202
0.0242007
0.0242496
0.0243687
0.0242394
0.0243585
0.0243792
0.0240079
0.0219305
0.0233787
0.0237093
0.0231953
0.0235645
0.0238813
0.0238162
0.0239636
0.023787
0.0241186
0.0239364
0.023826
0.0239321
0.0239722
0.0243481
0.0242879
0.0244054
0.0244025
0.0238585
0.0237515
0.0240432
0.0242238
0.0242389
0.0240751
0.0242926
0.0242678
0.0242452
0.0242341
0.0244344
0.0242237
0.0242134
0.0244162
0.0242741
0.0242344
0.0243231
0.024318
0.0242675
0.0243997
0.0242768
0.0243616
0.0243628
0.0243638
0.0243008
0.0243116
0.0243055
0.0243053
0.0243351
0.0243445
0.024311
0.0243336
0.0243308
0.0243635
0.0243309
0.0118716
0.0175998
0.0221637
0.0220307
0.0219551
0.0223348
0.0240334
0.0244414
0.0226021
0.0226647
0.022743
0.0240627
0.0239264
0.0238723
0.0235692
0.0239486
0.0236956
0.0235283
0.0236318
0.0239755
0.0240008
0.023799
0.0237405
0.0238933
0.0238825
0.0244048
0.0239858
0.0239261
0.0212075
0.0238872
0.0221097
0.021791
0.0235373
0.0226949
0.0224654
0.0239386
0.0228333
0.0230426
0.0238309
0.0240367
0.0238596
0.0238997
0.0240986
0.0237977
0.024235
0.0239137
0.0246281
0.0244987
0.024402
0.024461
0.0243265
0.0243593
0.0243823
0.0244434
0.0244558
0.0244043
0.0244135
0.0243798
0.0243811
0.0243923
0.0244089
0.0243906
0.0243604
0.0244133
0.0244157
0.0243905
0.0244109
0.0244093
0.0243568
0.0243658
0.0244087
0.0243898
0.024406
0.0243644
0.0243646
0.0243776
0.0244054
0.0243775
0.0243957
0.0244003
0.0243671
0.0243871
0.0244006
0.0244018
0.0243572
0.0243582
0.0243995
0.0243833
0.0244004
0.0243713
0.0243788
0.0243732
0.024393
0.0243702
0.02438
0.0243949
0.0243883
0.0243735
0.0243938
0.0243834
0.024394
0.0243795
0.0243811
0.0243695
0.0243884
0.0243877
0.0243835
0.0243795
0.0243873
0.0243886
0.024373
0.0243802
0.024389
0.0243681
0.0230597
0.0206349
0.0223072
0.0224697
0.0224956
0.0243365
0.023396
0.0242655
0.0225833
0.0232795
0.0243488
0.0237356
0.0238759
0.0241909
0.0242106
0.0243038
0.0242076
0.0241142
0.0241698
0.0243355
0.0241992
0.0241682
0.024262
0.0243458
0.0241906
0.0242276
0.0244323
0.0243481
0.0243574
0.0242659
0.0243238
0.0243009
0.0242722
0.0242677
0.0242705
0.0243083
0.0243264
0.024341
0.0243061
0.0243308
0.0243051
0.0243861
0.0243936
0.0243427
0.024302
0.0243556
0.0243471
0.0240026
0.0242313
0.0243463
0.0242296
0.0244505
0.0243559
0.024416
0.0243354
0.0242896
0.0243101
0.0242965
0.0242717
0.0243642
0.0243071
0.024359
0.0243807
0.0243882
0.0243128
0.0243355
0.0243943
0.024401
0.0243791
0.0243713
0.0243426
0.0243545
0.0243313
0.0243314
0.0243936
0.0243784
0.0243546
0.0243398
0.0243399
0.0243906
0.0243449
0.0243406
0.0243464
0.0243463
0.0243791
0.0243934
0.0243438
0.0243841
0.0243705
0.0243497
0.0243475
