0.0343164
0.0293104
0.0297845
0.0259978
0.0257913
0.026202
0.0262039
0.0263155
0.0261752
0.0261846
0.0261549
0.0261683
0.0261575
0.0262546
0.0264577
0.0261666
0.0265667
0.0263004
0.0260759
0.0261951
0.0263124
0.026319
0.0262559
0.0261625
0.0261827
0.0261691
0.0262375
0.0261987
0.0261503
0.0261585
0.0262172
0.0261359
0.026202
0.0262221
0.0262117
0.0261722
0.0261818
0.0261952
0.0262001
0.026162
0.026136
0.026179
0.0261922
0.0261952
0.0261993
0.0261707
0.0261404
0.0261945
0.0261879
0.0261888
0.0261832
0.0261936
0.0261433
0.0261909
0.0261887
0.0261884
0.026184
0.0261562
0.0261786
0.0261878
0.0261551
0.0261842
0.0261555
0.026171
0.0261491
0.0261813
0.026151
0.0270435
0.0260085
0.026298
0.0262522
0.0262423
0.0260956
0.026117
0.026154
0.0261833
0.0261554
0.0261614
0.0261638
0.0261682
0.0261632
0.0261707
0.0261628
0.026164
0.0261689
0.0261591
0.026159
0.0261593
0.0261605
0.0261624
0.0261599
0.02616
0.026164
0.02616
0.0261635
0.0261629
0.0261602
0.0261604
0.0261607
0.0261606
0.0261608
0.0261626
0.0261615
0.0261637
0.0261607
0.0261608
0.0261617
0.0261628
0.0261613
0.0261611
0.0261626
0.0261611
0.0261627
0.0261612
0.0261629
0.0260408
0.0262273
0.0261399
0.0262406
0.0262421
0.0260794
0.0261359
0.0261642
0.0261146
0.0261466
0.0261513
0.0261563
0.0261581
0.0261706
0.0261539
0.0261574
0.0261711
0.026171
0.0261601
0.0261576
0.0261633
0.0261652
0.0261611
0.0261651
0.0261594
0.0261607
0.026164
0.0261602
0.0261644
0.0261644
0.0261641
0.0261614
0.0261604
0.0261641
0.0261629
0.0261604
0.0261641
0.0261641
0.0261641
0.0261639
0.026164
0.0261616
0.0261629
0.0261625
0.026161
0.0261622
0.0261637
0.0261622
0.0261634
0.0260408
0.0262548
0.0261644
0.0262637
0.0262337
0.0260902
0.0261086
0.0261849
0.0260894
0.0261261
0.0261558
0.0261593
0.0261744
0.0261559
0.0261642
0.026139
0.0261585
0.0261598
0.0261438
0.0261705
0.0261483
0.0261605
0.0261662
0.026156
0.0261716
0.0261681
0.0261599
0.0261693
0.0261536
0.0261541
0.026157
0.0261664
0.0261691
0.026155
0.0261614
0.026169
0.0261549
0.0261551
0.0261552
0.026156
0.0261557
0.0261654
0.0261605
0.026162
0.0261671
0.0261632
0.0261572
0.0261629
0.0261581
0.0270501
0.0255785
0.0264439
0.0255399
0.0256739
0.026173
0.0261611
0.0261119
0.0261527
0.0261369
0.0260779
0.0260832
0.0261033
0.0261535
0.0261352
0.0260928
0.0261705
0.0261142
0.0261336
0.0261119
0.0261237
0.0261162
0.0261588
0.0261198
0.0261453
0.0261629
0.0261377
0.0261285
0.0261346
0.026134
0.0261729
0.0261394
0.0261697
0.0248327
0.0260252
0.0262132
0.0262679
0.0260894
0.0261046
0.0261329
0.0261603
0.0261703
0.0261096
0.0261142
0.0261268
0.0261991
0.0261952
0.0261722
0.0261676
0.0261703
0.0261431
0.0261408
0.0261904
0.0261635
0.0261327
0.0261359
0.0261366
0.0261609
0.0261511
0.0261533
0.0261424
0.0261658
0.0261421
0.0261792
0.0261563
0.0261441
0.026145
0.0261728
0.0261472
0.0261709
0.0261749
0.0261484
0.0230378
0.0259308
0.0263602
0.0263384
0.0259947
0.0261583
0.0261373
0.0261893
0.0261343
0.026126
0.0261383
0.0261365
0.0261669
0.0261554
0.026153
0.0261628
0.0261614
0.0261614
0.0261589
0.0261535
0.0261619
0.0261606
0.0261562
0.0261643
0.0261645
0.0261587
0.0261598
0.0261587
0.0261637
0.0261588
0.0261626
0.0261585
0.0261588
0.0261642
0.026159
0.0261595
0.0261639
0.0261631
0.0261599
0.0261595
0.0263261
0.0267461
0.0260466
0.0263313
0.0262622
0.0264044
0.0260985
0.026125
0.0263193
0.026228
0.0261833
0.0261828
0.0262368
0.0262285
0.0262303
0.0261836
0.026133
0.0261839
0.0262273
0.0261492
0.0262206
0.0262228
0.0261978
0.0261344
0.0261949
0.0262012
0.0261896
0.0262083
0.0261699
0.0261991
0.0261662
0.0261746
0.0261739
0.0261985
0.0261922
0.0261407
0.0261746
0.0261429
0.0261815
0.0261748
0.0261435
0.0261825
0.0261453
0.0261692
0.0261591
0.0261753
0.0261492
0.0261793
0.0261757
0.0261787
0.0261775
0.0261842
0.0261825
0.0261781
0.0261819
0.0280967
0.0279673
0.0256394
0.0251459
0.0256877
0.0258765
0.0257211
0.0257128
0.025707
0.0257491
0.0257577
0.0258885
0.0261248
0.025938
0.0260003
0.026094
0.0259399
0.0259385
0.0259519
0.0259671
0.0242806
0.0269302
0.0251559
0.0266746
0.0265142
0.0261045
0.0260764
0.0260584
0.0260705
0.0261471
0.0261272
0.0261599
0.0261453
0.0261387
0.02614
0.0261591
0.0261584
0.0261479
0.0261423
0.026156
0.0261535
0.0261505
0.0261641
0.0261573
0.0261528
0.0261562
0.026155
0.0261546
0.0261544
0.0261613
0.0261554
0.0261562
0.0261587
0.0272119
0.0264906
0.0261521
0.026297
0.0260988
0.0261341
0.026198
0.0262503
0.0262681
0.0261561
0.0262272
0.0261216
0.0261887
0.0261266
0.0262134
0.0261254
0.0261399
0.0261926
0.0262002
0.0262107
0.0261911
0.0262009
0.0261932
0.0261911
0.0261316
0.0261333
0.0261333
0.0261858
0.0261414
0.0261591
0.0261359
0.0261835
0.0261896
0.0261457
0.0261811
0.0261784
0.0261676
0.0261665
0.0261709
0.0261774
0.0261727
0.0261531
0.0261452
0.0261517
0.0261547
0.0261639
0.0261758
0.0261767
0.0261789
0.0260513
0.0249521
0.0264821
0.0262052
0.0257667
0.0262608
0.026166
0.0261174
0.0261325
0.0261618
0.0261101
0.0261483
0.0261496
0.0261237
0.026132
0.0261409
0.0261192
0.0261392
0.0261353
0.0261759
0.0261742
0.0261344
0.0261409
0.0261742
0.0261551
0.0261709
0.0261738
0.0261372
0.026137
0.0261425
0.0261474
0.0261513
0.0261615
0.0261425
0.0261598
0.0261498
0.0261599
0.026168
0.0261632
0.00963181
0.0264656
0.028199
0.0274306
0.0252896
0.0257316
0.0261001
0.0260035
0.0261353
0.0261114
0.0261135
0.0260679
0.0260834
0.0261559
0.0260971
0.0260914
0.0261297
0.0261079
0.0261091
0.0261656
0.0228629
0.0258357
0.0263465
0.0263135
0.0259223
0.0261
0.0261305
0.0261462
0.0261354
0.0260818
0.0260919
0.0260924
0.0261475
0.0261139
0.026127
0.0261379
0.0261645
0.0261612
0.0261273
0.0261236
0.0261588
0.0261423
0.0261278
0.0261762
0.0261766
0.0261417
0.0261443
0.0261387
0.0261706
0.0261394
0.0261636
0.0261395
0.02614
0.0261741
0.0261419
0.0261454
0.026172
0.0261673
0.0261472
0.026145
0.0196733
0.0256256
0.0252166
0.0265802
0.0258221
0.0259469
0.0261172
0.0261524
0.0261522
0.0261442
0.0261774
0.0261584
0.0261639
0.0261782
0.0261618
0.0261677
0.0261723
0.0261746
0.0261735
0.0261666
0.0261694
0.0261609
0.026168
0.0261676
0.0261659
0.0261674
0.026165
0.026165
0.0261666
0.0261664
0.0261654
0.0261651
0.0261658
0.0261654
0.026164
0.0255084
0.0264512
0.0261511
0.0262779
0.0262606
0.0259652
0.0261677
0.0261691
0.0260991
0.0261435
0.0261064
0.0261011
0.0261075
0.0261058
0.0261833
0.0261603
0.0261307
0.0261481
0.0261321
0.0261298
0.0261303
0.0261595
0.0261344
0.0261688
0.0261767
0.026162
0.0261705
0.0261428
0.0261581
0.0261419
0.0261512
0.0261755
0.0261446
0.0261444
0.026151
0.0261584
0.0261485
0.0261711
0.0261481
0.0261483
0.00528067
0.0247446
0.0251198
0.0259029
0.0259853
0.0261155
0.0258604
0.0259209
0.0260699
0.0259828
0.0260875
0.0260651
0.0260083
0.0260242
0.0270992
0.0263369
0.0263154
0.0260356
0.0263415
0.0263907
0.0262785
0.0263358
0.0261433
0.0262185
0.0261874
0.0262399
0.0261308
0.0261843
0.0262147
0.0262158
0.026206
0.026208
0.0261813
0.0261845
0.0262111
0.0261859
0.0262071
0.0261987
0.0262016
0.0261817
0.0261999
0.0261881
0.0261431
0.0261945
0.0261723
0.0261941
0.0261553
0.0261753
0.0261517
0.0261585
0.0261744
0.0261803
0.026162
0.0261563
0.0261564
0.0261855
0.0261516
0.0261798
0.0261819
0.0261827
0.0261752
0.026172
0.0261672
0.0261766
0.0261804
0.0261537
0.0261572
0.0261742
0.023266
0.0256083
0.0267044
0.0258425
0.0264428
0.0257967
0.0261007
0.0261083
0.0261067
0.0260746
0.0260559
0.026144
0.0260804
0.0261615
0.0261564
0.0260973
0.0260918
0.0261364
0.026109
0.0261407
0.00880866
0.0263217
0.0281566
0.0273427
0.0250974
0.0256539
0.026051
0.0259235
0.0261154
0.0260815
0.0260287
0.0259614
0.0259911
0.0261443
0.0260299
0.0260046
0.0260844
0.0260469
0.0260439
0.026169
0.00848262
0.0272963
0.027828
0.0258008
0.0263177
0.0262288
0.0261314
0.0262141
0.0261654
0.026283
0.0261853
0.0261713
0.0261836
0.0262014
0.0261802
0.0262198
0.0261463
0.0261731
0.0260928
0.0262408
0.0264384
0.0262846
0.0263301
0.0260847
0.0262646
0.026199
0.0261515
0.0261986
0.0261877
0.0261954
0.0261832
0.0261828
0.0262066
0.0261671
0.0261931
0.0261609
0.0261984
0.0262039
0.0262086
0.0261532
0.0261588
0.0261834
0.0261452
0.0261784
0.0261783
0.0261954
0.0261703
0.0261824
0.0261749
0.0261694
0.0261818
0.0261887
0.0261571
0.0261839
0.0261867
0.0261648
0.0261823
0.0261858
0.026178
0.0261829
0.0261772
0.0261663
0.026182
0.0261808
0.0261647
0.0261776
0.0261512
0.0261777
0.0261594
0.0261761
0.026167
0.0264466
0.0275482
0.0258627
0.0255929
0.0266135
0.0259502
0.0262334
0.0262239
0.0260881
0.0261019
0.0261431
0.0261262
0.0261538
0.026126
0.0261444
0.0261494
0.0261556
0.0261621
0.0261275
0.0261463
0.0261411
0.026139
0.0261568
0.0261429
0.0261423
0.0261431
0.0261555
0.0261475
0.0151861
0.0253358
0.0269211
0.0247676
0.025325
0.0256502
0.0258277
0.0259702
0.0257272
0.0260246
0.0257653
0.0256905
0.0257886
0.0258343
0.0258188
0.0258433
0.0258562
0.0259739
0.0260009
0.0260419
0.0260833
0.0299117
0.023762
0.0243783
0.0260638
0.0256661
0.025899
0.0260717
0.025938
0.0259471
0.0260074
0.0260539
0.0260157
0.0260273
0.0261392
0.0260603
0.0260294
0.0260349
0.0260714
0.0261613
0.026111
0.0253032
0.0258934
0.0248425
0.0258424
0.0255638
0.0257902
0.0259517
0.0261303
0.0259418
0.0261064
0.0261295
0.0260997
0.026188
0.0261202
0.0261325
0.0261351
0.0261128
0.0260875
0.0260937
0.0261048
0.0261356
0.0261046
0.0261092
0.0261581
0.0261392
0.0261742
0.0261192
0.0261299
0.0261267
0.0261361
0.0261351
0.0261434
0.0261395
0.0261327
0.0205486
0.0245671
0.0249797
0.0265224
0.0256389
0.0259868
0.0263362
0.0262489
0.0261676
0.0261741
0.0261807
0.026201
0.0261977
0.0261932
0.0261685
0.0261642
0.0261741
0.0261925
0.0261978
0.0261934
0.0304084
0.0272464
0.0272052
0.0256024
0.0257231
0.0260863
0.0260461
0.0261485
0.0260983
0.0260646
0.0260811
0.0260821
0.0260893
0.0260996
0.0262873
0.0271039
0.0273621
0.026492
0.0262356
0.0262647
0.0263221
0.0260831
0.0261018
0.026145
0.0261474
0.0262097
0.0261656
0.0261798
0.0262329
0.0261519
0.0262261
0.026223
0.026187
0.0261969
0.0261518
0.0261873
0.0261879
0.0262042
0.0261418
0.0261978
0.0261881
0.0261924
0.0262002
0.0261986
0.026154
0.0261994
0.0261889
0.0261526
0.0261923
0.0261901
0.0261909
0.0261873
0.0261907
0.0261475
0.0261475
0.0261504
0.0261617
0.026184
0.0261483
0.0261625
0.0261812
0.0261602
0.0261835
0.026184
0.0261827
0.0261831
0.0261779
0.0261713
0.0261791
0.0261673
0.00270177
0.0207453
0.0258514
0.0260517
0.0258363
0.0257918
0.025723
0.0255947
0.0257402
0.02576
0.0260558
0.0260821
0.0258523
0.0266437
0.0257596
0.0259665
0.0259558
0.0262649
0.0261027
0.0260595
0.0261008
0.0261372
0.0260961
0.0261759
0.0261501
0.0261236
0.0261373
0.0261181
0.0261448
0.0261738
0.0261338
0.0261129
0.0261273
0.0261183
0.0261203
0.0261269
0.0261292
0.026156
0.0261331
0.0261287
0.0261386
0.0261371
0.0261343
0.026133
0.0261619
0.0261442
0.0259581
0.0265789
0.0260321
0.0264832
0.0259319
0.0260263
0.0259528
0.026026
0.026075
0.0260565
0.0260688
0.0261394
0.0261048
0.0260739
0.026108
0.026141
0.0260913
0.0261566
0.0261213
0.026114
0.0261039
0.0261393
0.0261252
0.026162
0.026132
0.0261156
0.0261351
0.0261452
0.0261326
0.0261447
0.0261544
0.0261304
0.0261352
0.0261519
0.0261392
0.0261432
0.0261401
0.0261442
0.0261364
0.0261384
0.026159
