0.00972113
0.0114832
0.00884062
0.0188419
0.0189032
0.018625
0.0184032
0.0187682
0.0186399
0.0186755
0.0186216
0.0185592
0.018619
0.0185828
0.0163786
0.0177081
0.0169842
0.0181358
0.0191483
0.0186668
0.0183798
0.0188026
0.0192441
0.0184842
0.0185948
0.0191833
0.0184802
0.0181135
0.0182379
0.0180705
0.018944
0.0186083
0.0185476
0.0185021
0.0182306
0.0187816
0.0186889
0.0182163
0.0189213
0.0183173
0.0182531
0.0187372
0.0182775
0.018313
0.0188695
0.0183047
0.0188697
0.0188613
0.018394
0.0185456
0.0184073
0.0184826
0.0186156
0.0185869
0.0183619
0.0185423
0.0184531
0.0183768
0.0183941
0.0184215
0.0187808
0.0184818
0.0184539
0.0185009
0.0187295
0.0184827
0.018518
0.0187243
0.0187254
0.01843
0.0203396
0.0182961
0.0178049
0.0178217
0.0187373
0.0191023
0.0190941
0.0186022
0.0186582
0.0186238
0.0187083
0.0186787
0.0185894
0.018583
0.0185397
0.0186126
0.0185703
0.018575
0.018586
0.0186029
0.0185694
0.018569
0.0186136
0.0185701
0.0185726
0.0185926
0.0186082
0.0186109
0.0185732
0.0186067
0.01861
0.0185997
0.018592
0.0185758
0.0185958
0.0185761
0.0185794
0.0186059
0.0185791
0.0185976
0.018579
0.0186066
0.0185805
0.0185923
0.0185827
0.0185901
0.0177535
0.0187426
0.0176221
0.0174382
0.0187408
0.0191891
0.018374
0.0188367
0.0183778
0.0186484
0.0185133
0.0185163
0.0185575
0.0185342
0.0186475
0.0185741
0.0186413
0.0186328
0.0185581
0.018619
0.0186193
0.0185843
0.0186009
0.0185838
0.0186155
0.0186129
0.0185852
0.0186093
0.0185883
0.0185819
0.0186032
0.0186074
0.0185733
0.0185865
0.0186026
0.0185922
0.0186107
0.0186006
0.0186107
0.0185958
0.0186084
0.0186075
0.0186098
0.018577
0.0185903
0.0185955
0.018578
0.0177535
0.0184813
0.0176717
0.017159
0.0187304
0.0191382
0.0184099
0.0187738
0.0185182
0.0184716
0.0185819
0.0183182
0.018364
0.0186158
0.0185185
0.0186174
0.0185084
0.0185123
0.0186976
0.0185792
0.0184931
0.0186329
0.0186009
0.0186356
0.0184995
0.0184831
0.0186327
0.0185491
0.018622
0.0186394
0.0185669
0.0185463
0.0186618
0.0186248
0.0185651
0.0186047
0.0185218
0.0185703
0.0185226
0.0185885
0.0185333
0.0185378
0.0185271
0.0186498
0.018607
0.0185866
0.0186461
0.0213874
0.0195113
0.0186063
0.0160449
0.0188524
0.0186172
0.0178546
0.0185751
0.0180632
0.0186088
0.0181395
0.0187806
0.0185011
0.0188192
0.0188404
0.0183036
0.0187646
0.0184182
0.0182903
0.0183565
0.0187954
0.0183729
0.0187075
0.0186057
0.0184238
0.0183894
0.0186895
0.018582
0.0186718
0.0184301
0.0184603
0.0184503
0.0187145
0.0185538
0.00301442
0.0188918
0.0186391
0.0180298
0.0194096
0.0174309
0.0178156
0.017905
0.0179585
0.0186451
0.0188942
0.0180562
0.0183382
0.0181393
0.0184048
0.0185516
0.0183111
0.018286
0.0183446
0.0182724
0.0188734
0.0183644
0.0183301
0.0187953
0.0184123
0.0184009
0.018339
0.0183738
0.0186901
0.0187049
0.0184659
0.018681
0.0184005
0.0184068
0.0187527
0.0186364
0.0187008
0.0187461
0.0184738
0.0186035
0.0186536
0.0207992
0.0168716
0.0187008
0.0185796
0.0189721
0.0181175
0.0188796
0.0187886
0.0184444
0.0186861
0.0183496
0.0186933
0.0185003
0.018652
0.0186464
0.0185866
0.0186455
0.0185428
0.0185903
0.018541
0.0185384
0.0186222
0.0185895
0.0186151
0.0185898
0.0185519
0.0185601
0.0186103
0.0185593
0.0186146
0.0185574
0.0186111
0.018613
0.0185974
0.0185677
0.0186027
0.0185883
0.0185964
0.0186113
0.0186076
0.0172907
0.0162667
0.0168975
0.0190197
0.0188168
0.0172149
0.0177218
0.0188364
0.0186545
0.018634
0.0181324
0.0191194
0.0190599
0.0186719
0.0180309
0.0180572
0.0187872
0.018985
0.0182272
0.0186812
0.0182072
0.0184385
0.018884
0.0189369
0.0183662
0.0184662
0.0183646
0.0188994
0.0182638
0.0182697
0.0188283
0.018874
0.0182905
0.0188782
0.0183848
0.0183215
0.018346
0.0188431
0.018534
0.0186825
0.018715
0.0188175
0.0183838
0.0187915
0.0186435
0.0187871
0.01877
0.0185863
0.0184133
0.0187486
0.0186377
0.0185036
0.0187584
0.0187392
0.0186142
0.0937986
0.0216285
0.0174649
0.0181822
0.0188831
0.0192165
0.0175044
0.0185597
0.0176023
0.0175365
0.0176034
0.0181429
0.0187381
0.0178735
0.0180026
0.018655
0.0184537
0.0180761
0.0182268
0.0212305
0.018134
0.0178176
0.0166323
0.016781
0.0187641
0.018549
0.0183012
0.018771
0.0186056
0.0185441
0.018618
0.0185943
0.0185982
0.0184985
0.0186332
0.0186043
0.0186012
0.0185241
0.0185913
0.0185879
0.0186292
0.0186143
0.018572
0.0185707
0.0186008
0.0185544
0.0185844
0.0185566
0.0185809
0.0186129
0.0186081
0.0185777
0.00952289
0.0181037
0.0181441
0.0182175
0.0190314
0.0195203
0.0186742
0.0186106
0.0186052
0.0182363
0.0184604
0.0186183
0.0180899
0.0190052
0.0181022
0.0188949
0.0181926
0.0189816
0.018929
0.0183932
0.0189439
0.018327
0.0188725
0.0182423
0.0189039
0.0188931
0.0186317
0.0182859
0.0187376
0.0184084
0.0187717
0.018333
0.0188021
0.0183801
0.0184973
0.0185394
0.0187555
0.0183733
0.0187982
0.0183777
0.0183861
0.0187904
0.0183894
0.0187624
0.0185352
0.0184509
0.0184912
0.0038648
0.0172907
0.0196545
0.0179571
0.0187917
0.0187838
0.0185573
0.018595
0.018586
0.0180463
0.0180854
0.0185911
0.0183524
0.0183749
0.0187973
0.0187169
0.0185427
0.018736
0.0188106
0.0187706
0.0183514
0.0186598
0.0184036
0.0183631
0.0185728
0.0186126
0.0186286
0.0186936
0.0187278
0.0184264
0.0185212
0.0187329
0.0187298
0.0184859
0.0184489
0.0185061
0.0185574
0.0184651
0.0185969
0.0186477
0.0882568
0.0121983
0.0165814
0.018264
0.0171404
0.0183941
0.0185957
0.0186303
0.0186713
0.0184251
0.0184861
0.018401
0.0183781
0.018443
0.0185819
0.018658
0.0184768
0.0207992
0.016365
0.0191364
0.0185513
0.018597
0.0184712
0.0186469
0.018482
0.0185545
0.018408
0.0179933
0.0185282
0.0181527
0.0189371
0.0185032
0.0186559
0.0189027
0.0182743
0.0184757
0.0182923
0.0182889
0.0188001
0.0185229
0.0187437
0.0185387
0.0183617
0.0183792
0.0187014
0.0183814
0.0187308
0.0183784
0.0187065
0.0187192
0.0186158
0.0184341
0.0186517
0.0185586
0.0186115
0.0187068
0.0186835
0.0165995
0.0170557
0.0182368
0.0194431
0.0180629
0.0183262
0.0182704
0.0186977
0.0184417
0.0184451
0.0185952
0.0185455
0.01855
0.0185467
0.0186442
0.0185913
0.0186382
0.0186207
0.0185847
0.0186241
0.0186242
0.0185676
0.0186069
0.0185634
0.018571
0.0185755
0.0185755
0.0185843
0.0185752
0.018577
0.0185715
0.0185914
0.0185925
0.0202281
0.0176174
0.0186348
0.018909
0.0185383
0.0171952
0.0187257
0.018491
0.0186559
0.0181292
0.0186053
0.0181053
0.0186079
0.0188172
0.0188314
0.0182431
0.018475
0.0182811
0.0188318
0.0183445
0.0184654
0.0187631
0.0183524
0.0183554
0.0184392
0.0186367
0.0183933
0.0184015
0.0187321
0.0184413
0.0186833
0.0187486
0.018488
0.0184529
0.0185307
0.018444
0.0186949
0.0186276
0.01855
0.0186615
0.0184685
0.0187004
0.0203492
0.0106608
0.015382
0.0190031
0.017396
0.0176858
0.0178046
0.0180289
0.0182637
0.0186747
0.0186499
0.0187712
0.0183046
0.0182622
0.0165965
0.017948
0.0191702
0.0189617
0.0195172
0.0181808
0.0188202
0.0190172
0.0185373
0.0180627
0.0180792
0.0181345
0.0182068
0.0182556
0.0186329
0.0184379
0.0185505
0.0185687
0.0182759
0.018413
0.0182903
0.0188622
0.0184263
0.0184467
0.0183927
0.0183658
0.018384
0.0186046
0.0184191
0.0188012
0.0188009
0.0185699
0.0186255
0.018488
0.0185785
0.0187139
0.0187522
0.0184124
0.0184144
0.0184205
0.0185867
0.0187537
0.018435
0.0184654
0.018435
0.0184968
0.0187326
0.0187331
0.0185726
0.0186996
0.0186163
0.0187147
0.0185194
0.0187175
0.0185095
0.0186461
0.023203
0.0204005
0.0164649
0.0176314
0.0174671
0.0177391
0.0185717
0.018753
0.0181702
0.0182724
0.0187313
0.0182949
0.0183606
0.0185517
0.0183643
0.0183734
0.0183787
0.0186244
0.0184338
0.0185341
0.0185714
0.0957868
0.0116821
0.0159376
0.0184205
0.0167351
0.0182715
0.0182927
0.0183501
0.0187587
0.0181925
0.0183105
0.0182144
0.0181631
0.0182617
0.0185589
0.0187328
0.018345
0.0243945
0.0178231
0.0197178
0.0187145
0.0189467
0.0185351
0.0184698
0.0184952
0.0187355
0.0187626
0.018713
0.0187005
0.0186456
0.0187053
0.018679
0.0187063
0.0185143
0.0186111
0.0186427
0.0199904
0.0177778
0.0186982
0.0196233
0.017559
0.0189611
0.0187753
0.0181231
0.0185149
0.0181374
0.0187178
0.0186057
0.0184209
0.0189105
0.0181871
0.0182835
0.018223
0.0186261
0.0186548
0.0184706
0.0188056
0.0187288
0.0182958
0.0188203
0.0187333
0.0183286
0.0187176
0.0184457
0.0183485
0.01867
0.0187285
0.0184522
0.0187152
0.0187385
0.0187841
0.0183976
0.0187549
0.0184059
0.0184109
0.0184147
0.0187601
0.0185685
0.0184399
0.0185747
0.0186793
0.0184587
0.0187351
0.0185225
0.0185289
0.0186314
0.0184889
0.0185785
0.018714
0.0184879
0.0189917
0.0171772
0.0166417
0.017811
0.0191281
0.0181943
0.0186411
0.0184625
0.0183281
0.018445
0.0185297
0.0183771
0.018447
0.0184599
0.0184682
0.018604
0.0186513
0.0185047
0.0185933
0.0185969
0.0186492
0.0185165
0.0186226
0.018601
0.0185696
0.0185551
0.0185375
0.0190506
0.00876957
0.0129818
0.017889
0.0190306
0.0193839
0.0179318
0.0175194
0.0178626
0.0174874
0.0174944
0.0175576
0.017714
0.0177046
0.0178499
0.0184322
0.0184537
0.0184014
0.01871
0.0221313
0.012707
0.0187642
0.0180489
0.0173857
0.01781
0.0184739
0.0185594
0.0185212
0.0181865
0.0181527
0.0187532
0.0181915
0.0184986
0.018367
0.0182964
0.0185186
0.0186296
0.0213874
0.0194962
0.0185567
0.0159432
0.0188913
0.0186104
0.0178047
0.0185916
0.0180062
0.0185993
0.018098
0.0188046
0.0184848
0.018846
0.0188693
0.0182671
0.0187849
0.0183941
0.0182565
0.0183265
0.018819
0.0183479
0.0187209
0.0186064
0.018402
0.0183641
0.018701
0.01858
0.0186812
0.0184105
0.0184431
0.0184322
0.0187292
0.0185483
0.0145001
0.017377
0.0206347
0.0192634
0.0181378
0.01876
0.0183663
0.018709
0.0187827
0.0187093
0.0187181
0.0187181
0.0185868
0.0186499
0.0186544
0.0185477
0.0186312
0.0186741
0.0186866
0.0285416
0.0180267
0.0181138
0.0179974
0.0185571
0.0181363
0.0185224
0.0183177
0.018342
0.0183484
0.0184013
0.0184678
0.0185787
0.0197866
0.0173654
0.0183522
0.0188626
0.0187633
0.0190232
0.0194099
0.0183644
0.0186666
0.0186973
0.0185689
0.0187834
0.0186211
0.0185297
0.0186301
0.0187644
0.0182781
0.0187991
0.0182903
0.0188598
0.0182797
0.0188293
0.0182801
0.0184909
0.0183652
0.018676
0.0186466
0.018821
0.0187183
0.0188225
0.018436
0.0187994
0.0184708
0.0187431
0.0184469
0.0187804
0.0187827
0.0183972
0.0185466
0.0187663
0.0186468
0.0187626
0.0186209
0.0184942
0.0187463
0.018645
0.0185622
0.0186064
0.0185844
0.0184626
0.0187005
0.0186473
0.0185673
0.018694
0.0184706
0.167265
0.011387
0.0169613
0.0185976
0.0169404
0.0180156
0.0169934
0.0180833
0.0176855
0.0187971
0.0178422
0.0179669
0.0179316
0.0208088
0.0183467
0.0166277
0.0161212
0.0195804
0.0187162
0.0187179
0.0186232
0.0185866
0.0184998
0.0188782
0.0181829
0.018643
0.018208
0.0186024
0.0184895
0.0183184
0.0183186
0.0184354
0.0185355
0.0186218
0.01839
0.018377
0.0186667
0.0184632
0.0187293
0.018748
0.0185963
0.0187278
0.0184355
0.0185875
0.0187153
0.0185656
0.0163802
0.0131945
0.018359
0.0193515
0.0190652
0.0180329
0.0185509
0.019118
0.0185207
0.0182656
0.0185614
0.0190237
0.0189599
0.0188107
0.0189521
0.0182253
0.0181658
0.0182173
0.0186367
0.0188956
0.0182594
0.0185309
0.0182957
0.0182831
0.0187104
0.0183097
0.0183387
0.0188268
0.0184381
0.0186816
0.0186879
0.0183751
0.0184698
0.0187594
0.0184062
0.0184451
0.0185763
0.0184484
