0.00342875
0.000427764
0.000774411
0.00122902
0.00112978
0.00116611
0.00113335
0.00106528
0.00108771
0.00110256
0.00108961
0.00777798
0.0037082
0.00553489
0.000715146
0.000171748
0.000452398
0.00131212
0.000111509
0.00165791
0.00228423
0.00133024
0.000829776
0.00137021
0.00103719
0.00184582
0.000416455
0.000469227
0.000762542
0.000980777
0.00157355
0.000802786
0.0015294
0.00162003
0.00159625
0.00158923
0.000653428
0.00146284
0.000839782
0.000803221
0.000726117
0.00120442
0.00121406
0.0010163
0.000923067
0.00140155
0.00129062
0.00126074
0.00136766
0.00134521
0.00106712
0.00140051
0.000969554
0.00104676
0.000917976
0.00109178
0.0013626
0.000839712
0.000866653
0.00112012
0.00133897
0.00115624
0.00121154
0.00132579
0.000913804
0.00130551
0.0010325
0.00119948
0.00129114
0.00109288
0.00691755
0.0029826
0.000833108
0.00157606
0.000242063
0.000966923
0.00134401
0.000887109
0.00105079
0.0010834
0.0013363
0.00119322
0.00109763
0.00104358
0.00110198
0.00112169
0.00111095
0.00106218
0.0010774
0.00109625
0.0010647
0.00112083
0.00110795
0.00107469
0.00111812
0.00111427
0.00106943
0.00110794
0.00107049
0.00109119
0.00111415
0.00107371
0.001081
0.00109241
0.00108516
0.00111483
0.00107708
0.00111318
0.00110084
0.00109159
0.00110524
0.00111075
0.001091
0.00110951
0.00994664
0.00163873
0.00164547
0.00248902
0.00227979
0.000879569
0.00156153
0.00123667
0.00105942
0.00135054
0.000951066
0.00113253
0.00114151
0.00115476
0.00110451
0.00111524
0.00106028
0.00107968
0.00105153
0.00112233
0.00112066
0.00112068
0.00111835
0.00108957
0.00111983
0.00111067
0.00111693
0.00111225
0.00112255
0.00110219
0.00110254
0.00107137
0.00111567
0.00109994
0.00111699
0.00109505
0.0011129
0.00111414
0.00108694
0.0011126
0.0112975
0.00163859
0.00125904
0.00230939
0.00224815
0.000890806
0.0014827
0.00154953
0.00133505
0.00116564
0.00110671
0.000904897
0.000924966
0.00101229
0.00112379
0.00110651
0.00119265
0.00116154
0.00124116
0.000940545
0.00104015
0.0010348
0.00103629
0.0011387
0.0010119
0.00105984
0.00102023
0.00104434
0.000985446
0.00108546
0.00107842
0.00118261
0.00102133
0.00108673
0.00101585
0.00110362
0.00103297
0.00102827
0.00113167
0.00103438
0.00167714
0.000353871
0.0019729
0.00155679
0.00126096
0.00130799
0.00140967
0.000987669
0.00119688
0.000589409
0.00145597
0.000811944
0.00105145
0.00132054
0.000811102
0.000832902
0.00123558
0.00133072
0.00118866
0.00123464
0.00128558
0.00089748
0.000908982
0.00126875
0.00121659
0.00100831
0.00119571
0.0037071
2.85847e-05
0.000678618
0.00145827
0.000694669
0.00206636
0.00119156
0.00112399
0.00126553
0.000920785
0.00117751
0.000686043
0.00125966
0.00142348
0.000658579
0.00132551
0.000713913
0.000687092
0.000706805
0.00145691
0.0014592
0.00123759
0.00118925
0.000769094
0.000820226
0.00138544
0.000915933
0.00130559
0.00137369
0.000941112
0.000855403
0.000862463
0.00128471
0.000923346
0.00120445
0.00127713
0.00110137
0.0010062
0.000923141
0.000973922
0.00544487
0.000219712
0.000445468
0.00107642
0.0013247
0.00120088
0.00152242
0.00155705
0.000887813
0.00128365
0.00105271
0.00106344
0.00109505
0.00116437
0.00100929
0.00107048
0.00103526
0.00111919
0.00113181
0.00113156
0.00108763
0.00109609
0.00109115
0.00111726
0.00106571
0.00104832
0.00111969
0.00105316
0.00113549
0.00113141
0.00106019
0.00107978
0.00113086
0.00110278
0.00111858
0.00106538
0.00110605
0.00109208
0.00106894
0.00111609
0.00111033
0.00282742
0.000649726
0.0015344
0.000122748
0.00211106
0.00043838
0.00166373
0.00112146
0.00205662
0.00115052
0.000800481
0.000478462
0.000768941
0.00100825
0.0016568
0.00105017
0.000588233
0.000808724
0.00121381
0.00153917
0.000651945
0.00146304
0.000698613
0.00103932
0.0014707
0.00115462
0.00110661
0.00143683
0.00136722
0.00126329
0.000858039
0.000886579
0.00081823
0.00137842
0.000856559
0.00134171
0.00125143
0.00116558
0.000889996
0.00117786
0.0010192
0.000909396
0.00123685
0.0012747
0.00107461
0.00164814
0.000846776
0.000289308
0.000648373
0.00133222
0.00146007
0.000297914
0.000597138
0.000414086
0.000707523
0.000935531
0.00148012
0.00373198
0.00303102
0.000895239
0.00117172
0.00166404
0.00155858
0.00126173
0.000726693
0.000891859
0.000929583
0.00111182
0.00105269
0.00100108
0.00101717
0.00101074
0.00105271
0.00104544
0.00113908
0.00105637
0.00107949
0.00110133
0.00109845
0.00113553
0.00111451
0.0011313
0.00113022
0.00108433
0.00109509
0.000700104
0.00162344
0.00210713
0.000935785
8.29452e-05
0.00274377
0.00123973
0.00145866
0.0021649
0.00198706
0.000236797
0.00136272
0.000388568
0.00150921
0.00130788
0.000565913
0.00166263
0.000824344
0.000607735
0.00157225
0.00154897
0.00114693
0.000683601
0.00151271
0.00146985
0.00108722
0.00147391
0.00137142
0.0012057
0.000808696
0.00142089
0.00106071
0.00099067
0.000811992
0.000831932
0.000852633
0.000857784
0.00131446
0.00103092
0.00133137
0.00104375
0.00116985
0.0012254
0.00100837
0.0012977
0.00357378
0.00109039
0.00115573
0.00078539
0.0012209
0.00114587
0.00126726
0.000672684
0.00132412
0.00143167
0.000714387
0.00139043
0.00139692
0.000858277
0.00126395
0.00103111
0.00115504
0.00132842
0.00130328
0.000903659
0.00112783
0.000903595
0.00118546
0.00113161
0.00125842
0.00106282
0.00095623
0.0010101
0.00551718
0.0011975
0.000275816
0.00106737
0.00125598
0.00082492
0.00122618
0.00112635
0.000885159
0.0010826
0.00116005
0.00119461
0.00107174
0.00249464
0.00354223
0.000293227
0.000467938
0.00120381
0.0020659
0.000598722
0.0011235
0.00113118
0.000756904
0.00158068
0.00158445
0.000797606
0.000599783
0.00146476
0.00064497
0.00109958
0.00146383
0.00142156
0.000969398
0.000991089
0.000793311
0.00106234
0.0012805
0.00137241
0.0012267
0.00138807
0.00099591
0.00119807
0.0013322
0.000874331
0.00130046
0.00103697
0.00128616
0.000923079
0.000893503
0.00125448
0.00118524
0.000907257
0.000950129
0.00111087
0.00119193
0.00419107
0.00318572
0.00017004
7.73322e-05
0.00127252
0.00108644
0.00120623
0.00114158
0.00105794
0.00100726
0.0011455
0.00114601
0.00111301
0.00105298
0.001048
0.00111567
0.00109105
0.0010801
0.00109003
0.00110546
0.00105657
0.00112214
0.00112842
0.00110854
0.00111894
0.00108562
0.0010891
0.00112243
0.00177648
0.00325315
0.00271132
0.000550556
0.00178074
0.00212852
0.00104171
0.0009008
0.00113428
0.000975594
0.000492649
0.00159748
0.000787831
0.0014137
0.0011682
0.00125504
0.000670481
0.00115173
0.00119034
0.00141504
0.00118714
0.00133991
0.000857338
0.00085556
0.00123555
0.000882981
0.000974255
0.000937747
0.000889228
0.000977363
0.00118792
0.00113501
0.00121044
0.000893053
0.000909046
0.0012073
0.00101797
0.001108
0.0011914
0.000940714
0.00106421
0.00119488
0.00118855
0.00608547
0.00294497
0.00128928
0.000203471
0.00130043
0.00041839
0.000404071
0.0013389
0.000574937
0.00119932
0.000726937
0.00129879
0.000808546
0.00122411
0.0632689
0.000580853
0.00203461
0.00155207
0.000291344
0.000536946
0.000761433
0.00226967
0.00207523
0.00112401
0.00108438
0.00177624
0.000724855
0.00129186
0.000987526
0.00069815
0.0014281
0.000940553
0.00107699
0.00141888
0.000922901
0.000778668
0.00146796
0.00105262
0.00105217
0.00144895
0.00117859
0.00136596
0.00104196
0.000793884
0.00135332
0.00137168
0.00132054
0.0013666
0.000911905
0.00130653
0.0013147
0.000924611
0.000883403
0.000878583
0.000954757
0.000883374
0.000960124
0.00130221
0.00130101
0.00126956
0.000931344
0.000910463
0.00092116
0.00127234
0.00125623
0.00125253
0.00117676
0.00119183
0.00095674
0.00103239
0.000961722
0.00122887
0.00608683
0.00145506
0.00168662
0.000180617
0.00115395
0.00111752
0.0012447
0.00119756
0.00105894
0.00125633
0.00102632
0.000900726
0.000939662
0.00119079
0.00121286
0.00551713
0.000952507
0.000172041
0.00127901
0.001482
0.000544954
0.00138198
0.00113873
0.000664082
0.0010562
0.00123141
0.00130945
0.00103986
0.00684148
0.00314518
0.0011762
0.000530352
0.00108963
0.0012923
0.00124615
0.00121629
0.00123475
0.00123839
0.00101871
0.000994791
0.00103281
0.00113268
0.00163968
0.000813064
0.00203776
0.00311589
0.000498825
0.00101591
0.000482673
0.00109535
0.00111169
0.00109587
0.0011299
0.000765817
0.000837162
0.00107738
0.000675101
0.00154365
0.000766679
0.00105806
0.000673253
0.000781332
0.00114511
0.00141071
0.000816967
0.000809541
0.000746614
0.000766825
0.00141894
0.00118248
0.00100189
0.00108934
0.000995445
0.00086621
0.000839929
0.00121704
0.000907578
0.000946544
0.00119972
0.00125288
0.00111515
0.00111478
0.000895206
0.0011295
0.00123622
0.0012735
0.00120596
0.00127876
0.00127197
0.000924571
0.000954801
0.000927574
0.00119708
0.0011632
0.0010255
0.00124335
0.00107621
0.00830699
0.00627146
0.00150478
0.00221182
0.000370415
0.00106548
0.00124005
0.00130371
0.00128092
0.00126161
0.001144
0.00120697
0.00115419
0.00101814
0.00104092
0.00100911
0.00107332
0.00113705
0.00117439
0.0010705
0.00112635
0.00116563
0.00105096
0.00115698
0.00115928
0.00102098
0.00114939
0.00108009
0.00103797
0.00551564
0.00356993
0.000989236
0.000696143
0.00130957
0.0014592
0.00216423
0.000643647
0.000437404
0.000157593
0.00148882
0.00127822
0.000578824
0.00152021
0.00141136
0.00851142
0.000671132
0.00134791
0.000241912
0.000421743
0.000523848
0.000609878
0.00117137
0.000779042
0.000878313
0.00114372
0.00102225
0.00104935
0.00125287
0.00391022
0.00277474
0.00148542
0.00100415
0.00227965
1.04222e-05
0.00117555
0.00166149
0.00136059
0.000907111
0.00130724
0.000833725
0.000696837
0.000779116
0.000692644
0.00078413
0.00114296
0.00129815
0.00106557
0.00130089
0.00135733
0.000908863
0.00131767
0.00121026
0.00130652
0.000875883
0.000907429
0.00119428
0.00112758
0.000946808
7.54068e-05
0.00169132
0.000846222
0.00121591
0.00094166
0.00126852
0.00123955
0.000934126
0.00119636
0.00102824
0.00118307
0.00120595
0.00117549
0.00109746
0.0071115
0.00430671
0.00181698
0.000150174
0.000744167
0.00115051
0.000699689
0.00132001
0.00108345
0.000981983
0.000889924
0.00119337
0.00123086
0.00121188
0.000952811
0.00383204
0.00125917
0.00262023
0.000835923
0.000672157
0.00132238
0.00058607
0.000986083
0.00214469
0.00108119
0.00122345
0.0011564
0.000420112
0.00148471
0.000562465
0.00091442
0.00117359
0.00141715
0.000603693
0.0015691
0.00105595
0.000887099
0.000719121
0.00150241
0.00134247
0.000906996
0.000803023
0.00114591
0.00126462
0.000897951
0.00112993
0.00119625
0.00110432
0.00124293
0.000803319
0.00108206
0.00110236
0.00135606
0.00115919
0.00111988
0.00133766
0.00132126
0.000867304
0.00105977
0.000878136
0.00127256
0.00116072
0.00110785
0.001128
0.000973065
0.00126083
0.00128104
0.000965821
0.000940586
0.00103284
0.001173
0.0011634
0.00124837
0.0153574
0.00750405
0.00139281
0.000280138
0.000632763
0.00134944
0.00143456
0.00118871
0.00165772
0.00157735
0.00143184
0.000495083
0.00109839
0.000695478
0.00122154
0.000165784
0.00241802
0.00212091
0.000859695
0.00124629
0.00163852
0.00143182
0.00108398
0.00126192
0.00102968
0.00102785
0.0010425
0.00118787
0.00132469
0.00127567
0.00138312
0.00137555
0.00132844
0.000844412
0.00102396
0.00104141
0.000921727
0.000920984
0.000940094
0.00121969
0.000944122
0.00113129
0.000972745
0.000980142
0.0033943
0.00203674
0.0011238
0.00139532
0.00109628
0.00109308
0.00134964
0.000351227
0.0010813
0.00161489
0.000724973
0.000724679
0.00144201
0.000633581
0.0011119
0.00130723
0.00147664
0.000765932
0.00127188
0.00136995
0.00134052
0.00136931
0.000931936
0.00111612
0.00135173
0.000926995
0.000954931
0.000889822
0.000902176
