0.00157658
0.0232778
0.0257117
0.0245394
0.0234751
0.0231385
0.0237162
0.0237161
0.0235293
0.0236284
0.0235268
0.0235726
0.0235584
0.0235864
0.0235782
0.0272227
0.0263072
0.0253431
0.0220457
0.0229167
0.0247514
0.0234562
0.0239354
0.0233111
0.0236936
0.0236164
0.024672
0.0237856
0.0240977
0.0242418
0.0243197
0.0237716
0.022754
0.0231329
0.0232095
0.0238821
0.0229862
0.0242367
0.023597
0.0240917
0.023763
0.0241759
0.0241568
0.024141
0.0240784
0.024096
0.0235029
0.0232445
0.0240468
0.0240346
0.0234378
0.0231196
0.0239041
0.0233969
0.0237175
0.0239783
0.0239782
0.0238856
0.0237516
0.0236106
0.0239224
0.0237977
0.0238638
0.023831
0.0236847
0.0232848
0.0233097
0.0235133
0.0237614
0.023742
0.0235593
0.0233224
0.0238235
0.0238272
0.0245587
0.0245386
0.0222229
0.0225256
0.0245143
0.0239976
0.0233245
0.0234693
0.0237549
0.0237292
0.0234989
0.0235032
0.0235518
0.023657
0.0235191
0.0235393
0.0235264
0.0236026
0.0235997
0.0235399
0.0236076
0.0235999
0.0236066
0.0235641
0.0235993
0.0235982
0.0235856
0.023593
0.0235449
0.0236037
0.023575
0.0235612
0.0235503
0.0235523
0.0235894
0.0235635
0.0235899
0.0235674
0.0235719
0.0235711
0.0235889
0.0235949
0.0235547
0.0235932
0.0208898
0.0238234
0.0249616
0.0224346
0.0232394
0.0235067
0.0230786
0.0236627
0.0236861
0.023807
0.0236278
0.0235449
0.0235627
0.0235173
0.0236839
0.0236278
0.023512
0.0236314
0.0235421
0.0235156
0.0235232
0.023616
0.0235569
0.0236112
0.0235651
0.0235499
0.0236109
0.0235392
0.0235341
0.0236089
0.0235659
0.0235398
0.0236022
0.0235636
0.0235494
0.0236007
0.0235753
0.0235516
0.0235486
0.0235482
0.0235738
0.0235515
0.023567
0.0200459
0.0244157
0.0255786
0.0218994
0.0227499
0.0235166
0.0232407
0.0233104
0.0240722
0.0235498
0.0236211
0.0238781
0.023609
0.0238187
0.023514
0.0233717
0.0237898
0.0235315
0.0236706
0.0237654
0.0237265
0.0234283
0.0236562
0.023407
0.0236327
0.0236734
0.0234114
0.023699
0.0237112
0.0234322
0.0236184
0.0236955
0.023468
0.023623
0.0236673
0.023475
0.0235785
0.0236595
0.0236679
0.0236684
0.0235816
0.0236586
0.0236058
0.0283264
0.0257305
0.0214442
0.022828
0.0244986
0.0236911
0.0229559
0.0235333
0.0236445
0.0239112
0.0229948
0.0239185
0.023039
0.0239892
0.0237012
0.0238699
0.0238231
0.0232983
0.0238778
0.0235237
0.0237425
0.0232895
0.0237564
0.0236855
0.0233939
0.0237496
0.0233763
0.0267003
0.0221842
0.0220186
0.0241508
0.0228287
0.0242286
0.0221175
0.0235967
0.0226665
0.0228826
0.0244255
0.0233225
0.024192
0.0227622
0.0241551
0.0237207
0.0229621
0.0237181
0.0241043
0.023102
0.0233932
0.0239219
0.0240652
0.0239556
0.0231467
0.0239816
0.0232188
0.0231893
0.0239047
0.0238146
0.023823
0.0232581
0.0232747
0.0233124
0.023576
0.0238332
0.0233996
0.0238457
0.0233093
0.0235161
0.0234953
0.0234781
0.0237951
0.00726274
0.0206363
0.0169387
0.0230043
0.0247557
0.0243099
0.0234958
0.0242093
0.0235642
0.0237648
0.0234653
0.0236862
0.023677
0.0237478
0.0235477
0.0236112
0.0234772
0.0234519
0.0234666
0.0234752
0.0235829
0.023504
0.0234935
0.0235574
0.023507
0.0235543
0.023632
0.0235684
0.0235367
0.023597
0.0236151
0.0235799
0.0235333
0.0235978
0.0235285
0.0235387
0.0235586
0.0235313
0.0235322
0.0235956
0.0236055
0.0235394
0.0259927
0.0266654
0.0254561
0.0240161
0.022909
0.0223983
0.0221067
0.0249581
0.0248038
0.0229832
0.0243824
0.0242884
0.0242761
0.022699
0.0244383
0.0230295
0.0242534
0.0228904
0.0234615
0.0237279
0.0230937
0.023593
0.0230107
0.0241444
0.0235036
0.0232628
0.0239739
0.0232846
0.0240247
0.0231853
0.0237943
0.0234046
0.0239681
0.0234908
0.0234209
0.0237753
0.0235959
0.0235691
0.0239002
0.0234361
0.0236185
0.0236998
0.0238414
0.0233389
0.0235006
0.00709438
0.0217095
0.0240595
0.0233631
0.0222384
0.0221864
0.0246079
0.0222741
0.0223728
0.0243163
0.0226746
0.022706
0.0227862
0.0228756
0.0241371
0.0275718
0.0256057
0.0211936
0.0232365
0.0239405
0.0237608
0.0236831
0.0237081
0.0236059
0.0233788
0.0234071
0.0236139
0.0234262
0.0234915
0.0236434
0.0235921
0.0234949
0.0235317
0.0235156
0.0235836
0.0236315
0.0235609
0.0235129
0.0236128
0.0235272
0.0235307
0.0235737
0.023592
0.0246886
0.0158462
0.0259917
0.0236959
0.0239057
0.0216255
0.0236083
0.0236995
0.0226351
0.0235271
0.022579
0.022767
0.0236465
0.0231426
0.023979
0.022857
0.0235418
0.02399
0.024176
0.0229841
0.0235143
0.0232399
0.0231277
0.0231236
0.0234558
0.023074
0.0238708
0.0234252
0.0231913
0.0238763
0.0239939
0.0239326
0.023966
0.0236488
0.0232948
0.0238958
0.0233063
0.0232453
0.0235817
0.0234408
0.0235683
0.0233891
0.023809
0.0237906
0.0204911
0.0281622
0.0200651
0.0251215
0.0223856
0.0233077
0.0236224
0.0229931
0.0237242
0.0240094
0.0240643
0.0239495
0.023799
0.023234
0.0231696
0.0235406
0.0237235
0.0233538
0.0232655
0.0232694
0.0238546
0.0237616
0.0236372
0.0233528
0.0237298
0.0236702
0.0236838
0.023552
0.0237313
0.0231112
0.0244861
0.0242391
0.0239248
0.0237309
0.0233877
0.0233
0.0233764
0.0234203
0.0236243
0.02372
0.023393
0.0237022
0.0237
0.0031307
0.020639
0.0159895
0.022099
0.024634
0.0241963
0.0241641
0.024845
0.0236002
0.023623
0.0228961
0.0235452
0.0234516
0.0242974
0.0237569
0.0239566
0.023029
0.0229931
0.0230417
0.023049
0.023569
0.023136
0.0231085
0.0234268
0.0231742
0.0234107
0.0239437
0.023512
0.0233254
0.0237129
0.0238362
0.0235982
0.0233128
0.0237206
0.0232991
0.0233479
0.0234665
0.0233141
0.0233196
0.0237057
0.0237669
0.0233613
0.0245675
0.0195287
0.0229445
0.0223097
0.0229453
0.0239011
0.0233419
0.0234892
0.0236682
0.0236296
0.0234743
0.0236261
0.0236251
0.0236484
0.0236317
0.023628
0.023627
0.0235714
0.0235972
0.0235249
0.0236153
0.0235668
0.0235616
0.0235255
0.0235714
0.0235899
0.023611
0.0235408
0.0236002
0.0196267
0.0264879
0.0166171
0.0237016
0.0211765
0.0241699
0.0234144
0.0235711
0.0243746
0.0238032
0.0239942
0.0242036
0.0228745
0.0237541
0.0230962
0.0238284
0.0237544
0.0234052
0.0231164
0.0231291
0.0238963
0.0236631
0.0235473
0.0232404
0.0232417
0.0238961
0.0237635
0.0238814
0.0236384
0.0237345
0.0235637
0.0234692
0.0236156
0.0238269
0.0233386
0.0238025
0.0234104
0.0234735
0.0235653
0.0235449
0.0237579
0.0234267
0.0235001
0.0199343
0.0282035
0.0230388
0.0222499
0.0219918
0.0239248
0.0232599
0.022976
0.0237351
0.0232935
0.0238827
0.0231481
0.0231323
0.0232604
0.0238574
0.0219317
0.0265511
0.0229438
0.024941
0.0240174
0.0224298
0.024435
0.023778
0.0232692
0.0228605
0.0241097
0.0235885
0.0243795
0.0236357
0.0236089
0.0236338
0.0232751
0.0230272
0.0237028
0.023958
0.0230463
0.0231189
0.0238001
0.0230684
0.0234968
0.0234177
0.0237773
0.0240027
0.0236215
0.0231819
0.0232334
0.0234917
0.0232551
0.0239244
0.0237489
0.023261
0.0232972
0.0235972
0.0233193
0.0232724
0.0232905
0.0233442
0.023634
0.0238328
0.0234787
0.0233185
0.0235274
0.0234464
0.0237995
0.0233554
0.0233777
0.0237241
0.0233614
0.0234168
0.0235656
0.0237722
0.0237389
0.0236078
0.0160391
0.0252234
0.0250532
0.0239056
0.022751
0.0229624
0.0232439
0.0236074
0.0238029
0.0236545
0.0233074
0.0233239
0.0237418
0.023575
0.0237494
0.0265105
0.0250762
0.0247761
0.0236677
0.023991
0.0231228
0.0229903
0.0231349
0.0232306
0.0236716
0.0238905
0.0231882
0.023851
0.0238455
0.0169848
0.020768
0.0212865
0.023052
0.0240555
0.023788
0.0238205
0.0234411
0.0237787
0.0235434
0.0235844
0.0233977
0.0237063
0.0236203
0.0237099
0.0194229
0.0249972
0.0220513
0.0271077
0.0246027
0.0236954
0.0233812
0.0239985
0.0235544
0.023445
0.0236271
0.0244398
0.0231519
0.0235946
0.0228956
0.0242677
0.0240871
0.0233658
0.023362
0.0241348
0.0241034
0.024111
0.0232091
0.0233404
0.023131
0.023564
0.0240156
0.0233286
0.0234665
0.0239842
0.0237822
0.0233968
0.0233313
0.023335
0.0233838
0.0239103
0.0235015
0.0238212
0.0233053
0.0238867
0.0235988
0.0234072
0.0237441
0.0238453
0.0233276
0.023669
0.0236776
0.0233397
0.0234206
0.0233877
0.0237883
0.0237697
0.0236618
0.0233639
0.0233725
0.0236867
0.0237028
0.0237648
0.0246185
0.0103066
0.0185006
0.0220148
0.0236573
0.023224
0.0237063
0.0237669
0.0235211
0.0236109
0.0236194
0.0236351
0.0237275
0.023321
0.0237078
0.0234484
0.0235349
0.0235965
0.0234406
0.0235034
0.0234543
0.0234669
0.0234786
0.0236298
0.0234927
0.023643
0.0236346
0.0235288
0.0260105
0.01822
0.0223831
0.0213021
0.0247791
0.0246349
0.0220931
0.0243837
0.0242653
0.0243757
0.0244345
0.0226865
0.0242759
0.0228765
0.00774265
0.0242181
0.0220976
0.0236504
0.0232551
0.0230602
0.0239525
0.0233091
0.0231706
0.0239105
0.0232296
0.0236924
0.023307
0.0283284
0.025746
0.0214344
0.0227357
0.0245862
0.0236868
0.0228824
0.0235153
0.0236481
0.023954
0.0229348
0.0239606
0.0229805
0.0240375
0.0237155
0.0239055
0.0238532
0.0232638
0.0239141
0.0235162
0.0237629
0.0232551
0.0237788
0.0236991
0.023371
0.0237712
0.0233518
0.00388035
0.0214208
0.0237009
0.0235253
0.023754
0.023727
0.0233801
0.0237599
0.0234064
0.0236905
0.0236716
0.0235445
0.0313125
0.0193452
0.0196796
0.0239024
0.0231772
0.0233629
0.0231462
0.023542
0.0237572
0.0233067
0.0237327
0.0233528
0.0233756
0.0237008
0.0239678
0.0217761
0.0242563
0.0223271
0.0230371
0.0234221
0.0228325
0.0233999
0.0236524
0.0234095
0.0235886
0.0241774
0.0237216
0.0235269
0.0233704
0.0243063
0.0241032
0.0235577
0.0229694
0.0229827
0.0241463
0.0230163
0.0235892
0.0231108
0.0240471
0.0240378
0.0239899
0.0240238
0.0238135
0.0239929
0.0235346
0.0235208
0.0236107
0.0239611
0.0232012
0.0239336
0.0232425
0.0233134
0.0234212
0.0232619
0.0238254
0.0235218
0.0233467
0.0232925
0.0238028
0.0237243
0.0237792
0.023641
0.0238244
0.0237249
0.0234293
0.0236372
0.0236608
0.0237586
0.0233503
0.0234938
0.0237883
0.0234883
0.0234401
0.0617477
0.00907354
0.0175154
0.0240043
0.0212208
0.0234447
0.0240307
0.0235719
0.0228211
0.0227583
0.0240925
0.0241041
0.022949
0.023996
0.00768424
0.0188535
0.0239976
0.0236754
0.0239471
0.0240561
0.0236824
0.0239718
0.0238057
0.0239541
0.0237224
0.02398
0.0232529
0.0234108
0.0231969
0.0238554
0.0237774
0.0238762
0.0236251
0.0237637
0.0236204
0.0234749
0.0233512
0.0237845
0.0237576
0.0237299
0.0235578
0.0234341
0.0278715
0.0269787
0.0220085
0.0240005
0.0221445
0.0238376
0.0235785
0.023782
0.0242348
0.02398
0.0234978
0.0230654
0.0229065
0.0235283
0.0232123
0.0240131
0.0238624
0.0233591
0.0239869
0.0237623
0.0232971
0.0233024
0.0237238
0.0236599
0.0235628
0.0234492
0.0238081
0.0234865
