0.0289547
0.0198269
0.03159
0.0306915
0.034674
0.0336957
0.033332
0.0334134
0.033398
0.033376
0.0331915
0.0332448
0.0333096
0.0332836
0.0292066
0.0246734
0.0342681
0.0325056
0.037696
0.0375058
0.0345263
0.0337244
0.0321539
0.0337938
0.0337578
0.030659
0.0332976
0.0328782
0.0352632
0.0334615
0.0313858
0.0341873
0.0340259
0.0334633
0.0347472
0.0316947
0.0326317
0.032642
0.0345785
0.034107
0.0327984
0.032566
0.034336
0.0321702
0.034372
0.0334034
0.0336637
0.0321819
0.0341277
0.0322516
0.0322805
0.032289
0.0326734
0.0338801
0.033298
0.0341683
0.0330889
0.0339797
0.03371
0.0325262
0.0329197
0.0336717
0.0325759
0.0332643
0.0331825
0.0327333
0.0326968
0.0338218
0.0335714
0.033769
0.033289
0.032717
0.0336898
0.0265312
0.0274825
0.0341906
0.0325539
0.034735
0.0317882
0.0321116
0.0324321
0.033
0.0330037
0.0331624
0.0331737
0.033124
0.0331268
0.0334535
0.0334192
0.0331935
0.0332732
0.0333422
0.0331881
0.0332943
0.0333501
0.0332629
0.0333499
0.0332176
0.0332347
0.0332335
0.0333253
0.0332047
0.0332293
0.03324
0.0333227
0.0332188
0.0332167
0.0332385
0.0333147
0.0333119
0.033228
0.0333015
0.033242
0.0332331
0.0332618
0.0332878
0.033236
0.0230801
0.0311413
0.0319698
0.0308821
0.0309204
0.0328466
0.0336992
0.0338785
0.032675
0.0337015
0.0329029
0.0332496
0.0331326
0.0331454
0.0331509
0.0333913
0.0331445
0.0333314
0.0333715
0.0333498
0.0331983
0.0331555
0.0333632
0.0333581
0.0332962
0.0331792
0.0333589
0.0332828
0.0333395
0.0333363
0.0332949
0.0332277
0.0333471
0.0332297
0.033252
0.0332065
0.0333448
0.0333426
0.033278
0.0332438
0.0332224
0.0332363
0.0332889
0.0333151
0.0233622
0.0311473
0.0308178
0.0299647
0.0300337
0.0336969
0.0345921
0.0337217
0.0332601
0.0330218
0.0333412
0.0339951
0.0337814
0.0338055
0.0338047
0.0328383
0.033617
0.0327306
0.0331635
0.0327851
0.033556
0.0336788
0.0328629
0.032963
0.0332871
0.0336125
0.0329406
0.0333103
0.033063
0.0330771
0.0332549
0.0334784
0.033013
0.0334706
0.0333961
0.0335325
0.0330281
0.0330386
0.0332975
0.0334173
0.0334844
0.0334402
0.0332519
0.0331489
0.00987636
0.0380823
0.0282232
0.0315951
0.0311877
0.0303076
0.0337115
0.0317101
0.0341255
0.0320547
0.0344084
0.0339313
0.0324421
0.0329724
0.0331443
0.0339309
0.0338014
0.0324949
0.0328421
0.0327649
0.033813
0.0333206
0.0326396
0.0331844
0.0336712
0.0328166
0.0328278
0.0328295
0.0333776
0.0230475
0.0304212
0.0351727
0.0325659
0.0288107
0.0322275
0.0297724
0.0311816
0.0333719
0.0345448
0.0327298
0.0331364
0.0316659
0.0316949
0.034547
0.0322102
0.0335515
0.0320006
0.0331899
0.0323741
0.0335165
0.0321758
0.0327782
0.0336098
0.0325534
0.0328549
0.0336468
0.0324172
0.0328664
0.0335553
0.0327708
0.0331791
0.0325522
0.0338426
0.033471
0.0329556
0.0326267
0.0326577
0.033737
0.0327063
0.0331816
0.0328821
0.0336448
0.0332822
0.0399617
0.0299284
0.0359875
0.0288146
0.0357547
0.034862
0.0316539
0.0342684
0.0340458
0.0328609
0.0328218
0.0325565
0.0331949
0.033365
0.0333387
0.0333196
0.0332558
0.0331962
0.0334075
0.0334535
0.0331134
0.0330641
0.0333696
0.0331936
0.0331317
0.033321
0.0332299
0.0332185
0.0332557
0.0332738
0.0333294
0.0332065
0.0333827
0.0333726
0.0333033
0.0333797
0.0332961
0.0331792
0.0333117
0.0333706
0.0333131
0.0333042
0.0332763
0.0333426
0.0333381
0.0299778
0.0372303
0.0317826
0.0289253
0.0336378
0.0326486
0.0315604
0.0333779
0.0314448
0.031346
0.0331019
0.0344293
0.0330295
0.0350273
0.0315843
0.0339234
0.0348602
0.0347754
0.0332175
0.0344901
0.0331614
0.032587
0.0335518
0.0344092
0.0331799
0.0342965
0.0322854
0.032876
0.0342452
0.0325766
0.0336903
0.032997
0.0332377
0.0326824
0.0329655
0.0335699
0.0331859
0.0325784
0.0328748
0.0338158
0.0333465
0.0333699
0.0338101
0.0430399
0.0162067
0.0338073
0.0282708
0.0298114
0.0338396
0.0301717
0.0308614
0.0343383
0.0315582
0.0316164
0.0333498
0.0324535
0.0336928
0.0336421
0.0213406
0.0312853
0.0322161
0.034914
0.0342912
0.0337109
0.0330963
0.0326824
0.033306
0.0328607
0.033037
0.0330872
0.0334524
0.033075
0.0331393
0.0332303
0.0332693
0.033373
0.0334167
0.0333963
0.0333795
0.033148
0.0331635
0.0333234
0.0333786
0.0332214
0.0333708
0.0331971
0.057055
0.0373424
0.0363287
0.0341121
0.0323482
0.0349398
0.0367316
0.0333778
0.0305009
0.032114
0.0356053
0.0354327
0.0335384
0.0343872
0.0350301
0.0336666
0.0343976
0.0348814
0.0330372
0.0347122
0.0318248
0.034224
0.0319351
0.0319289
0.0342574
0.0328868
0.0328963
0.033555
0.0342708
0.0322691
0.0342556
0.0323325
0.0339606
0.0341318
0.0341451
0.0327987
0.032586
0.0340293
0.0340187
0.0335709
0.0337888
0.0329388
0.0339095
0.0338976
0.0328559
0.0437721
0.0276658
0.0288091
0.033917
0.0341357
0.0314118
0.0335899
0.0341754
0.0328196
0.0323557
0.0323734
0.0342876
0.0337257
0.0330505
0.034118
0.0340575
0.0339955
0.0339202
0.0337614
0.0325716
0.0330988
0.0338501
0.032973
0.0337351
0.0332106
0.0328873
0.0329351
0.0336802
0.0333255
0.0332844
0.0202248
0.0410931
0.0311462
0.0342712
0.0334669
0.0322317
0.0337044
0.0326245
0.0328725
0.0336106
0.0329789
0.0336636
0.0333529
0.0333074
0.032999
0.0399567
0.0299666
0.034125
0.0271771
0.0349225
0.0346336
0.0300191
0.03372
0.0334105
0.0333144
0.0333458
0.0312998
0.0340424
0.0331589
0.0342421
0.0339732
0.0325366
0.0323807
0.0342806
0.0344116
0.0322392
0.0321605
0.0339214
0.032587
0.0323867
0.0335093
0.0328832
0.0328391
0.0330744
0.0331967
0.0335852
0.0327886
0.0339433
0.0338781
0.0334138
0.0339121
0.0333708
0.0326677
0.0334766
0.0338461
0.0334872
0.0334297
0.0332511
0.0336751
0.0336465
0.0293925
0.0392938
0.0304615
0.0341736
0.0338273
0.0330858
0.0337913
0.0329088
0.0329498
0.0330266
0.0330764
0.0334454
0.033351
0.0334186
0.0330949
0.0331147
0.0332945
0.0333798
0.0331543
0.0333971
0.0333792
0.0333578
0.0333643
0.0332407
0.0333723
0.0333405
0.0332052
0.0333452
0.0332101
0.000244748
0.0347145
0.0289267
0.0298173
0.03586
0.0290059
0.034192
0.0326577
0.0335476
0.0336587
0.0338674
0.0318524
0.0322228
0.0342089
0.0324095
0.03292
0.034212
0.0325887
0.0323466
0.0341225
0.0340225
0.0329718
0.0325313
0.0329649
0.0325036
0.0331559
0.0325606
0.0336202
0.0328323
0.0339317
0.0339129
0.0326541
0.0332364
0.0335165
0.0327864
0.0330123
0.0329182
0.0333393
0.0328848
0.0330304
0.0328446
0.0335184
0.0330378
0.0328638
0.0488091
0.0353826
0.033776
0.0309866
0.0309758
0.0315292
0.0344855
0.0337375
0.0338748
0.0327912
0.0335722
0.0330261
0.032627
0.0120292
0.0259199
0.0400279
0.0340254
0.031643
0.031938
0.0364179
0.0354603
0.0336105
0.0337837
0.0352836
0.0351093
0.0336996
0.0326691
0.0333824
0.0336176
0.0322308
0.0339887
0.0329358
0.034487
0.0343769
0.0342895
0.0330611
0.0343389
0.0322729
0.0327866
0.0341817
0.0325011
0.034207
0.0340648
0.0325934
0.0334043
0.0324678
0.0325943
0.0325803
0.0340306
0.0339085
0.0332178
0.0336652
0.03355
0.0336891
0.0333211
0.032784
0.0333205
0.0328359
0.0336026
0.03271
0.0329108
0.0337745
0.0335982
0.0327722
0.033122
0.0328195
0.0337568
0.0331703
0.0328973
0.0329315
0.0328696
0.0334604
0.0334693
0.0422763
0.0273124
0.0336739
0.0341015
0.0320105
0.0322495
0.0340204
0.0324327
0.0326038
0.0338881
0.0330787
0.0335022
0.0329765
0.0335626
0.0202264
0.0410372
0.0299123
0.0352839
0.0336241
0.0313805
0.0342476
0.0319511
0.0323713
0.0339994
0.0326095
0.0341196
0.0334268
0.0333331
0.0326773
0.0459078
0.0381061
0.0345974
0.0326307
0.0328077
0.0339088
0.0337948
0.0333181
0.0331788
0.0334612
0.0334516
0.0330892
0.0335654
0.033003
0.0330721
0.0319874
0.0378082
0.0320277
0.0313295
0.0347687
0.031956
0.0340458
0.030315
0.0308515
0.0332531
0.0334528
0.0333516
0.0333458
0.0327175
0.0319348
0.0332884
0.0336529
0.0322499
0.0338291
0.0344548
0.0342031
0.0339785
0.0332979
0.0342667
0.0335855
0.0335442
0.032458
0.0324302
0.032747
0.0330207
0.0340246
0.0339778
0.0328822
0.0325045
0.0336361
0.0335962
0.0339868
0.0330256
0.0339497
0.0327125
0.0329662
0.0336235
0.0335584
0.0335887
0.0338411
0.0336633
0.0327355
0.0327402
0.0337843
0.0337833
0.033771
0.032793
0.0337356
0.0336069
0.0332169
0.0329161
0.0147835
0.0270595
0.0280467
0.0313343
0.0329688
0.0330526
0.0338557
0.0331739
0.0332544
0.0334151
0.0334288
0.0334133
0.033123
0.0333904
0.0329437
0.0331533
0.0334707
0.0332194
0.0334779
0.0333583
0.0334349
0.0333918
0.0334765
0.033069
0.0333837
0.0333705
0.0332411
0.0333224
0.0332548
0.00136802
0.0342404
0.0330166
0.0383726
0.0350207
0.0339688
0.033873
0.0352872
0.0346013
0.0353772
0.0312053
0.0317783
0.034604
0.032306
0.0296536
0.0212742
0.0335667
0.0315725
0.0334691
0.0342741
0.0321565
0.0338693
0.0323355
0.0324815
0.0336793
0.0336475
0.0410348
0.0356399
0.0322869
0.0323605
0.0346695
0.0329757
0.0342739
0.0324491
0.0339946
0.0316014
0.0323421
0.0340762
0.0329277
0.0333912
0.0342523
0.0322315
0.0340215
0.0328141
0.0325402
0.0330415
0.0336703
0.0338929
0.0328381
0.0327068
0.0331678
0.0327089
0.032697
0.0332136
0.0328347
0.0337132
0.0192368
0.0302143
0.0335664
0.0344797
0.0342538
0.0337854
0.0327563
0.0336272
0.0330846
0.0334952
0.0334783
0.0336292
0.0334924
0.0331059
0.0330348
0.0291717
0.0189791
0.0344565
0.0342538
0.0312442
0.0335489
0.0330758
0.0334819
0.0336615
0.033629
0.0327322
0.03353
0.0328201
0.0335493
0.0329544
0.0358411
0.0279359
0.0286747
0.0411135
0.0390702
0.0324752
0.0323924
0.0370269
0.0311421
0.0328668
0.0336535
0.0333985
0.0312711
0.0345128
0.0348539
0.0330947
0.0316654
0.0347457
0.034588
0.0340728
0.0339456
0.0322875
0.0336302
0.0320723
0.0330929
0.0343908
0.0329015
0.0330964
0.0334384
0.0338952
0.0342114
0.0340679
0.0338005
0.0326673
0.0332544
0.0337641
0.0340886
0.0339128
0.0340148
0.0338858
0.032615
0.0326114
0.0327502
0.0331905
0.032781
0.0335229
0.033238
0.0327293
0.0329166
0.0327105
0.0338228
0.0336314
0.032851
0.0327708
0.0333165
0.0336919
0.0333303
0.032875
0.00713478
0.0246538
0.0362536
0.0362956
0.0351966
0.0346027
0.034373
0.0337242
0.0315215
0.0317837
0.0339765
0.0322471
0.0322441
0.0441406
0.0253186
0.030754
0.0312083
0.0331344
0.0346762
0.0343144
0.0318134
0.0326657
0.0337616
0.0321206
0.0340534
0.0340356
0.032392
0.0335982
0.03299
0.0334888
0.0339852
0.0338817
0.0337211
0.0332637
0.0327275
0.0330168
0.032949
0.0327982
0.0336525
0.0328325
0.042692
0.0391778
0.0270323
0.0334684
0.0343179
0.035204
0.035467
0.0333906
0.0315905
0.0326153
0.0315473
0.0346248
0.0324457
0.0339252
0.0343841
0.0343971
0.0321634
0.0334984
0.0326778
0.0326882
0.0326201
0.0340583
0.033835
0.0327106
0.0325529
0.0329019
0.0337326
0.0334254
0.0327311
