0.0138905
0.0217887
0.02002
0.024203
0.0223705
0.024648
0.0238252
0.0244807
0.024367
0.0242427
0.0242272
0.0243201
0.0242931
0.0243399
0.0243035
0.0163381
0.0319194
0.0266415
0.0240727
0.0216289
0.0220514
0.027089
0.0277004
0.023797
0.0238876
0.0244747
0.0223335
0.0251966
0.0254087
0.0228187
0.0237917
0.0256467
0.0236627
0.0233193
0.0229
0.0246068
0.0256556
0.0235207
0.0255376
0.0232754
0.0250207
0.0254283
0.023329
0.0234007
0.0241305
0.0243078
0.0253156
0.0235498
0.0250766
0.0244229
0.0247283
0.0241051
0.0250559
0.023844
0.0250794
0.0250655
0.0249148
0.0241692
0.0250388
0.0250071
0.0237902
0.0236408
0.0238051
0.0245043
0.0237231
0.0245592
0.0240775
0.0247273
0.0239435
0.0244808
0.0246266
0.0239267
0.024578
0.0283426
0.0260361
0.0234202
0.0257011
0.021083
0.0262789
0.0231824
0.0246588
0.0246312
0.0248513
0.0244441
0.0241402
0.0243944
0.0244684
0.0243055
0.0244309
0.0244002
0.0242575
0.0242502
0.0242806
0.0243573
0.0242664
0.0242873
0.0242618
0.0242566
0.0243189
0.0243442
0.0243434
0.0243356
0.0242623
0.0242886
0.0242649
0.0243784
0.0243356
0.0243639
0.0242825
0.0242941
0.0242985
0.0242749
0.0243604
0.0242784
0.0242863
0.0243582
0.024359
0.0196811
0.0270528
0.023512
0.0273934
0.0223741
0.0263203
0.0226956
0.0250093
0.02483
0.0249572
0.024846
0.024583
0.0240963
0.0244084
0.0241194
0.0243241
0.0244192
0.0244485
0.0242545
0.0242279
0.0243539
0.0242438
0.0243316
0.0244119
0.0242454
0.0243593
0.0242458
0.0243895
0.024394
0.0243141
0.0243978
0.0243758
0.0243234
0.0242613
0.024282
0.0242836
0.0243828
0.0243627
0.0242642
0.0243506
0.0243734
0.0243511
0.0242756
0.0242777
0.0197071
0.0270406
0.022305
0.0273143
0.0223943
0.0260993
0.0231593
0.0257585
0.02559
0.0245718
0.0243094
0.0240103
0.0246438
0.023773
0.0244285
0.0249269
0.0237973
0.0239409
0.0247661
0.0244889
0.0241627
0.0246974
0.0242137
0.0240123
0.0246609
0.0241472
0.0246537
0.0240706
0.0240603
0.0242994
0.0240542
0.0241117
0.0242825
0.0245481
0.0244541
0.0244491
0.0240996
0.0241594
0.0245323
0.0242008
0.0241286
0.0242003
0.0244859
0.0244773
0.0242716
0.0194833
0.0216089
0.0273518
0.0246764
0.0250562
0.0243649
0.0241444
0.023887
0.024271
0.023189
0.0231706
0.023591
0.024706
0.0245516
0.0246415
0.0248053
0.0238691
0.0239697
0.0237729
0.0237837
0.024559
0.0241251
0.024832
0.0247904
0.0243519
0.0243773
0.0247205
0.0246555
0.0246798
0.0150776
0.0320686
0.0203436
0.0177559
0.0304521
0.0201909
0.0242455
0.024627
0.0226536
0.0242543
0.0242019
0.0239325
0.0245042
0.0255001
0.0253993
0.0232965
0.0246965
0.0247038
0.0231935
0.0233069
0.0250776
0.0232929
0.024381
0.0233929
0.0239966
0.02523
0.0234613
0.0234951
0.0251024
0.0238485
0.024876
0.0239718
0.0245366
0.024979
0.024759
0.0242175
0.0247908
0.0241455
0.0248194
0.0237611
0.0239834
0.0245157
0.0246387
0.0239214
0.0295128
0.0305
0.0296354
0.0287814
0.0222494
0.0228028
0.0247473
0.0240833
0.0236339
0.0243973
0.0247922
0.0245133
0.0242476
0.0240722
0.024306
0.0242995
0.0244565
0.0244844
0.0241921
0.0245267
0.0241743
0.0244554
0.0243981
0.0244578
0.0243109
0.0242475
0.0244013
0.0242248
0.0244441
0.0243362
0.0244296
0.0243312
0.0242416
0.0244184
0.0242277
0.0243679
0.0243995
0.0242386
0.0243806
0.0243933
0.024264
0.0243526
0.0280958
0.0228962
0.019234
0.0220755
0.0217418
0.0232453
0.0210165
0.0263222
0.0218888
0.0241182
0.0242865
0.0234931
0.026218
0.0256094
0.0238969
0.0236146
0.0259146
0.0247825
0.0256426
0.0255831
0.0253957
0.0255137
0.0237658
0.0251818
0.0233579
0.0246764
0.0252485
0.023364
0.0237031
0.0236507
0.0251766
0.0236187
0.0243271
0.0251137
0.0242065
0.0236319
0.0250079
0.0239836
0.0249716
0.0249702
0.0241367
0.0243737
0.024852
0.0244785
0.0104982
0.0325055
0.0280424
0.0234698
0.0206204
0.0254817
0.0213061
0.0258867
0.0225964
0.0223446
0.0244162
0.0251657
0.0235361
0.0240503
0.0254994
0.0169212
0.0242171
0.020819
0.0255003
0.0239619
0.0232094
0.0238813
0.0241512
0.0241876
0.0242014
0.024708
0.0243814
0.0241753
0.0242328
0.0244489
0.0244828
0.0241999
0.0243987
0.0243136
0.0243623
0.024205
0.0242658
0.0242467
0.0243754
0.0244228
0.0242879
0.0242697
0.0243865
0.0243019
0.0198094
0.0320111
0.0182878
0.021533
0.0226964
0.0257128
0.0221684
0.0240145
0.0226003
0.0265559
0.0254313
0.023234
0.0226998
0.0249507
0.0233435
0.0232955
0.0255327
0.0241322
0.0253306
0.0230938
0.0255293
0.0253416
0.0233653
0.023891
0.0252176
0.0244301
0.0250217
0.0233442
0.023398
0.0252349
0.025169
0.024965
0.0234561
0.0248694
0.023654
0.0247995
0.0237544
0.0250222
0.0248192
0.0237438
0.0237709
0.0246475
0.0247162
0.0242614
0.0144653
0.0187701
0.0261954
0.0232923
0.0242004
0.0215634
0.0243736
0.0229736
0.0235018
0.0233894
0.0238296
0.0232763
0.0239937
0.0243096
0.0248278
0.0250453
0.0239974
0.0237459
0.0237246
0.0247491
0.024192
0.0242762
0.0247566
0.0238776
0.0241246
0.0246994
0.0246484
0.0246613
0.0194436
0.0229045
0.0240734
0.0229993
0.0235689
0.0238896
0.0248255
0.0244664
0.0247504
0.0242288
0.0240105
0.0244518
0.0242345
0.0291485
0.0318521
0.031095
0.0304639
0.0225359
0.0238194
0.024408
0.0241584
0.0243487
0.0256046
0.0259466
0.0255951
0.0243794
0.0230118
0.0249892
0.0240387
0.0252972
0.0253037
0.0233931
0.0253627
0.0233579
0.0251613
0.0249072
0.025142
0.0243209
0.0238481
0.0248627
0.0236916
0.0250462
0.0244624
0.0249846
0.0244209
0.0238159
0.024913
0.0237408
0.024637
0.024811
0.0238074
0.0247036
0.0247698
0.023968
0.0245328
0.0181283
0.0260026
0.0212886
0.023901
0.0236792
0.0236696
0.0238421
0.0243911
0.0245386
0.0245201
0.0242087
0.0242051
0.0242128
0.0244737
0.0244867
0.0242088
0.0244236
0.0242704
0.0243372
0.0243049
0.0243111
0.0243617
0.0242879
0.024239
0.0242601
0.0242514
0.0242496
0.0242653
0.0285414
0.027157
0.0219574
0.0225059
0.0273558
0.0204849
0.0230288
0.02402
0.0246894
0.0263169
0.0232691
0.0254526
0.0254875
0.0243556
0.0232115
0.0250738
0.0252117
0.0248771
0.0246967
0.0244033
0.0242804
0.0235082
0.0244061
0.0247914
0.0241898
0.0236929
0.0250197
0.023698
0.0237566
0.0236836
0.0246252
0.0243648
0.0246597
0.0244689
0.024726
0.0244336
0.0244294
0.0240518
0.0247397
0.023987
0.023996
0.0240236
0.0240814
0.0242955
0.0243871
0.05214
0.0170737
0.0277761
0.0225144
0.0235111
0.025866
0.0243578
0.0231521
0.0233788
0.0243225
0.0237955
0.0246962
0.0237194
0.0328152
0.0302012
0.0184743
0.0223231
0.0268797
0.0217526
0.0255803
0.024126
0.0271232
0.0241201
0.0245814
0.0229067
0.0235752
0.0238149
0.0240306
0.0233215
0.0256921
0.0249296
0.0235631
0.0254111
0.0241533
0.0244654
0.0251935
0.0236335
0.0252881
0.0252404
0.0237838
0.0236117
0.0234744
0.0235125
0.0240762
0.0246363
0.0249998
0.0237959
0.0245067
0.0241112
0.0237684
0.0249976
0.024651
0.0248471
0.0238024
0.0239866
0.0237612
0.0239078
0.0248339
0.024593
0.0247487
0.0247813
0.0244265
0.0238586
0.0244694
0.0241775
0.0245997
0.0239088
0.0242749
0.0239527
0.0244133
0.0243734
0.0241107
0.0370629
0.0275627
0.0225046
0.024404
0.0247149
0.0252521
0.0248092
0.0240328
0.0242236
0.0240231
0.0244212
0.0240163
0.0246591
0.0242227
0.0147622
0.0298538
0.0285391
0.0224856
0.0234931
0.0240888
0.0233484
0.0241515
0.0234149
0.0234273
0.0247842
0.0236536
0.0243813
0.0301922
0.0278767
0.0241513
0.0235453
0.0242656
0.0249439
0.0239307
0.024784
0.0245047
0.0245373
0.0243213
0.0241195
0.0184381
0.0276667
0.00850385
0.0192875
0.0236663
0.02731
0.0207734
0.0261808
0.0224566
0.0239024
0.0222138
0.0226842
0.024764
0.0253133
0.0245115
0.0240821
0.0237371
0.0248453
0.0232499
0.0254721
0.0235407
0.0233166
0.0251965
0.0243578
0.0234111
0.0252134
0.0245885
0.0236601
0.0236484
0.0238372
0.0235456
0.0236099
0.0247336
0.0245168
0.0244367
0.0243019
0.0236478
0.0237001
0.0244726
0.0249135
0.0249071
0.0238289
0.0238353
0.0248323
0.0247166
0.0239012
0.0238352
0.0239618
0.0247841
0.0242572
0.0247075
0.0244905
0.0242465
0.0240013
0.0239056
0.0246889
0.024653
0.0246879
0.0328152
0.00996279
0.0247012
0.027614
0.0223898
0.022546
0.0246429
0.0244234
0.0242654
0.0249177
0.0247185
0.0242681
0.0241589
0.024214
0.0245383
0.0246505
0.0244408
0.024175
0.0242936
0.0240986
0.0243174
0.0245347
0.0243356
0.0245143
0.0244381
0.0243713
0.0242704
0.0242004
0.0244433
0.014125
0.0332371
0.029596
0.0281957
0.0200596
0.0209321
0.0221398
0.0218099
0.0255862
0.0221615
0.022403
0.0227224
0.0244782
0.0234349
0.0062642
0.0158356
0.0293811
0.0240035
0.0228767
0.0240449
0.0231215
0.0246821
0.0232963
0.0234874
0.0247322
0.023741
0.0239937
0.00116689
0.0161053
0.0207593
0.0276215
0.0270293
0.0240556
0.0243178
0.024153
0.0254605
0.0240423
0.0257129
0.0255683
0.0248285
0.0242887
0.0235146
0.0249498
0.0244116
0.0235552
0.0245832
0.0235933
0.0237508
0.0236732
0.0238263
0.0249079
0.0240643
0.0238148
0.0246758
0.0247393
0.0247355
0.05214
0.0208566
0.0205307
0.0230583
0.0238042
0.0237158
0.0244354
0.0247313
0.0247094
0.0246613
0.0246168
0.0241625
0.0241532
0.0245295
0.0257753
0.0217883
0.0239964
0.024059
0.0242159
0.0240203
0.0238114
0.0250002
0.0239749
0.0241842
0.0242002
0.024475
0.0239453
0.0292525
0.019822
0.0274911
0.0263489
0.024508
0.0230363
0.0254032
0.0215552
0.0243514
0.0245218
0.023091
0.0241134
0.0261997
0.0241228
0.0228933
0.0242224
0.0237797
0.023087
0.0249268
0.0249303
0.023148
0.0255077
0.0235613
0.0244394
0.0253295
0.0234702
0.0239439
0.0234522
0.0237799
0.0252535
0.0240135
0.0251075
0.0243014
0.0235972
0.0235365
0.0249781
0.0236985
0.0239834
0.0238057
0.0236131
0.0236759
0.0246115
0.0237376
0.0238205
0.024922
0.0248925
0.0246264
0.0237746
0.0247962
0.0243889
0.0240073
0.024367
0.0247439
0.0247539
0.0239019
0.0247583
0.0240483
0.0246922
0.0242851
0.0243571
0.00116689
0.0192546
0.0271891
0.0224055
0.0218292
0.0265699
0.023821
0.0245815
0.0248189
0.0253562
0.0251767
0.023194
0.0242244
0.0062642
0.0227117
0.0202178
0.0181413
0.0223398
0.0234669
0.0240667
0.0231254
0.0257114
0.0230235
0.0238051
0.0242946
0.0237155
0.0252247
0.0234452
0.0236369
0.0241147
0.0247348
0.0240061
0.0248872
0.0247153
0.0247667
0.0237792
0.0240989
0.0239248
0.0245605
0.0239245
0.0245436
0.0243852
0.0241021
0.0352425
0.027668
0.0269508
0.0209555
0.0251437
0.0242459
0.0238103
0.0260047
0.0224771
0.0241478
0.0252507
0.0254353
0.0244336
0.0231169
0.0252994
0.0249301
0.0239753
0.0243695
0.0233999
0.0234469
0.023458
0.0246902
0.0251006
0.023582
0.0247996
0.0240812
0.0237336
0.0237406
0.0240356
