0.0116487
0.0271096
0.0281858
0.0295059
0.0285189
0.029066
0.0290197
0.0288557
0.0289685
0.0288827
0.0289294
0.0289136
0.0289249
0.028923
0.0287453
0.0288827
0.0287825
0.0291123
0.029154
0.0288214
0.0290449
0.0291151
0.028956
0.0290254
0.0290277
0.0289625
0.028951
0.0289354
0.0289605
0.0289447
0.0289662
0.0289575
0.0289505
0.0289145
0.0289134
0.0289514
0.0289421
0.0289206
0.0289281
0.0289101
0.0289343
0.0289478
0.0289485
0.0289125
0.0289355
0.0289391
0.0289391
0.0289313
0.0289439
0.0289258
0.0289407
0.0289119
0.0289399
0.028912
0.0289312
0.0289368
0.0289342
0.0289368
0.0289123
0.0289354
0.0289294
0.0289265
0.0289291
0.0289332
0.0289264
0.0289268
0.0289323
0.0289319
0.0289239
0.0289278
0.0289254
0.0289228
0.0288442
0.0289026
0.0288504
0.028845
0.0290449
0.0288756
0.0288776
0.0289367
0.0289281
0.028908
0.0289244
0.0289072
0.0289115
0.0289118
0.028918
0.0289133
0.0289157
0.0289181
0.0289168
0.0289173
0.0289153
0.0289165
0.0289163
0.0289165
0.0289158
0.0289169
0.028916
0.0289161
0.0289163
0.0289163
0.0289161
0.0289163
0.0289161
0.0289162
0.0289163
0.0289165
0.0289167
0.0289163
0.028917
0.0289166
0.0289163
0.0289165
0.0289164
0.0289164
0.0289165
0.0289211
0.0290146
0.0288218
0.0288463
0.0289318
0.0288792
0.0289122
0.0289026
0.0289187
0.0289095
0.0289215
0.0289251
0.0289179
0.0289168
0.0289153
0.0289176
0.0289159
0.0289158
0.0289161
0.028918
0.0289162
0.0289182
0.0289181
0.0289163
0.028917
0.0289174
0.028918
0.0289179
0.0289178
0.0289165
0.0289171
0.0289172
0.0289176
0.0289176
0.0289167
0.0289165
0.0289165
0.0289171
0.0289165
0.0289174
0.0289171
0.0289211
0.0290146
0.028814
0.0288373
0.0289379
0.0288651
0.0289083
0.0288932
0.0289094
0.0289028
0.028917
0.0289194
0.0289103
0.0289113
0.028913
0.0289113
0.0289194
0.0289187
0.0289193
0.0289128
0.0289192
0.0289129
0.0289131
0.0289182
0.0289151
0.0289144
0.0289134
0.0289136
0.0289139
0.0289181
0.0289155
0.0289154
0.0289143
0.0289144
0.0289173
0.0289184
0.0289183
0.0289159
0.0289181
0.0289149
0.0289158
0.0189772
0.0295427
0.0291699
0.0287518
0.0288877
0.0289375
0.0288872
0.0288446
0.0289094
0.0288645
0.0288978
0.0288964
0.0288907
0.0288708
0.0288865
0.028879
0.0288857
0.0288979
0.0288956
0.0288897
0.0289033
0.0289133
0.0289147
0.0288951
0.0289103
0.0290652
0.0290433
0.0288636
0.0287545
0.0288453
0.0288394
0.0288892
0.0288895
0.02891
0.028908
0.0289055
0.0288931
0.0288973
0.0288977
0.0288995
0.0289042
0.0289066
0.0289106
0.0289139
0.0289221
0.0289044
0.0289178
0.0289157
0.0289233
0.0289064
0.0289178
0.0289064
0.0289169
0.0289106
0.0289121
0.0289073
0.0289099
0.0289086
0.0289088
0.0289088
0.0289208
0.0289104
0.0289134
0.0289099
0.028912
0.0289109
0.0289112
0.0289131
0.0280059
0.0288157
0.0289809
0.0290082
0.0288431
0.0287123
0.0288042
0.0289542
0.0288589
0.0288672
0.0289323
0.0289062
0.0289088
0.0289071
0.0289128
0.0289074
0.0289102
0.0289118
0.0289131
0.0289143
0.0289159
0.0289174
0.0289134
0.0289159
0.0289154
0.0289147
0.0289136
0.0289145
0.0289137
0.0289153
0.028914
0.0289153
0.0289149
0.0289142
0.0289152
0.0289147
0.028917
0.0289146
0.0289153
0.0289156
0.0289172
0.0289168
0.0289159
0.0289171
0.0289162
0.0290056
0.0298667
0.0293904
0.0288014
0.0289812
0.029071
0.0289749
0.0289879
0.0289637
0.0289483
0.0289396
0.0289381
0.0289559
0.0289223
0.0289452
0.0289461
0.0289493
0.0289263
0.0289455
0.0289441
0.0289402
0.0289337
0.0289169
0.0289381
0.0289341
0.0289363
0.0289375
0.028926
0.0289175
0.0289368
0.0289312
0.0289151
0.0289137
0.0289286
0.0289306
0.0289276
0.028922
0.0289308
0.0289269
0.0289247
0.0289284
0.0185723
0.0283458
0.0291052
0.0287525
0.0284969
0.0288208
0.0285029
0.0285405
0.0287747
0.0286374
0.0286643
0.0288157
0.0287663
0.0288038
0.0264032
0.0280215
0.0294294
0.0286045
0.0290626
0.02888
0.0289235
0.0288652
0.0289156
0.0289213
0.0289018
0.0289079
0.0289028
0.0289083
0.0289087
0.0289112
0.0289098
0.0289152
0.0289135
0.0289092
0.0289158
0.0289106
0.0289101
0.0289145
0.0289107
0.0289122
0.0289149
0.0289118
0.0291328
0.0289541
0.0288535
0.0290924
0.0289815
0.0289267
0.0289406
0.0289076
0.0289037
0.0289187
0.0289366
0.0289366
0.0289309
0.0289389
0.028926
0.0289084
0.0289297
0.0289142
0.0289277
0.0289335
0.0289143
0.0289316
0.0289309
0.0289271
0.028923
0.0289289
0.0289251
0.0289287
0.0289165
0.0289108
0.028925
0.0289117
0.0289265
0.0289266
0.028923
0.0289134
0.0289255
0.0289252
0.0289122
0.0289212
0.0289214
0.0289237
0.0289208
0.0230791
0.0286072
0.0282571
0.028413
0.028724
0.0288092
0.0288929
0.0288967
0.0288822
0.02888
0.0288881
0.0288937
0.0288884
0.0288935
0.0289016
0.0288964
0.0289197
0.0289081
0.0289001
0.0289133
0.0288982
0.0289016
0.0289092
0.0289189
0.0289063
0.0289166
0.0289099
0.0289039
0.0289053
0.0327247
0.0234055
0.027212
0.0288453
0.0288311
0.0288657
0.0288616
0.0288585
0.0288522
0.0288613
0.0288829
0.0288717
0.028875
0.0280196
0.0288044
0.0289674
0.0289867
0.0288577
0.0286854
0.0287655
0.0289228
0.0288349
0.0288661
0.0288968
0.028882
0.0288964
0.0288924
0.0289166
0.0289028
0.0288934
0.0288919
0.028912
0.0288896
0.0289177
0.0289218
0.0288944
0.0289157
0.0289076
0.0289085
0.0288964
0.0289007
0.0288959
0.0289066
0.0288969
0.0289062
0.0289035
0.0289001
0.0289059
0.0289038
0.0289179
0.0289023
0.0289067
0.0289098
0.028919
0.0289166
0.0289112
0.0289182
0.0289126
0.0286648
0.0281744
0.0283743
0.0292654
0.0290572
0.0288184
0.0289631
0.0288745
0.0289071
0.0289005
0.0289152
0.0289302
0.0289271
0.0289205
0.028924
0.0289244
0.0289167
0.0289171
0.028917
0.0289217
0.0289188
0.0289167
0.0289168
0.0289209
0.0289198
0.0289205
0.0289203
0.0289186
0.0289179
0.0289185
0.0288464
0.0284394
0.0281448
0.0285245
0.0285595
0.0287166
0.0288073
0.0288562
0.0288504
0.028909
0.0288839
0.028896
0.0288893
0.0288946
0.0288982
0.0288954
0.0288963
0.0288974
0.0288991
0.028907
0.0289117
0.0289029
0.0288987
0.0289028
0.0289025
0.0289003
0.0289198
0.0289047
0.0289189
0.0289053
0.0289196
0.0289102
0.0289049
0.0289083
0.0289105
0.0289086
0.0289121
0.0289069
0.0289105
0.0289134
0.0289089
0.0289078
0.0289146
0.0118888
0.0211973
0.0269216
0.0271242
0.028693
0.028683
0.0286244
0.0287171
0.0286998
0.0288688
0.0287839
0.0288012
0.0288387
0.0288489
0.029126
0.028819
0.0297884
0.0288083
0.0290579
0.0289194
0.0290852
0.02904
0.0290231
0.0289188
0.0290112
0.0289387
0.0289485
0.0289366
0.0289481
0.0289461
0.0289445
0.0289446
0.0289542
0.0289487
0.02893
0.0289494
0.0289493
0.0289367
0.0289159
0.028944
0.028928
0.0289442
0.028926
0.0289266
0.028922
0.0289149
0.0289241
0.0289207
0.0289347
0.0289287
0.0289368
0.0289139
0.0289128
0.0289263
0.0289274
0.0289224
0.0289281
0.0289344
0.0289285
0.0289242
0.0289332
0.02893
0.0289311
0.0289302
0.0289306
0.028914
0.0289297
0.0289226
0.0289146
0.0289288
0.0289292
0.0289166
0.0289227
0.0250667
0.0253592
0.0295473
0.0291209
0.0288772
0.0288156
0.0288472
0.028841
0.0289083
0.0288546
0.0288894
0.0288894
0.0288957
0.0327442
0.0229932
0.0270091
0.0286874
0.0288226
0.0287355
0.0287739
0.0287692
0.0287716
0.0288011
0.028846
0.0288197
0.0288257
0.020209
0.0234269
0.0279975
0.0284396
0.0287281
0.0288593
0.0289508
0.0289361
0.0289665
0.0289993
0.0289368
0.0289191
0.0289681
0.028955
0.0289512
0.0289543
0.0289032
0.0287806
0.0292196
0.0290723
0.0290637
0.0288827
0.0289284
0.0288629
0.0289607
0.028918
0.0289507
0.0289633
0.028937
0.0289483
0.0289383
0.0289404
0.0289523
0.0289367
0.0289455
0.0289373
0.0289341
0.0289431
0.0289375
0.0289421
0.028938
0.028934
0.0289418
0.0289288
0.0289244
0.0289314
0.0289334
0.0289366
0.0289249
0.0289126
0.0289269
0.0289244
0.0289329
0.0289247
0.028931
0.0289321
0.0289132
0.0289242
0.0289321
0.0289313
0.0289286
0.0289201
0.02893
0.0289247
0.0289162
0.0289286
0.0289282
0.0289269
0.0289236
0.0289228
0.029463
0.0287006
0.027074
0.0284995
0.028316
0.0285965
0.0288454
0.0287535
0.0288764
0.0288471
0.0289226
0.0288919
0.0289014
0.0288825
0.0288828
0.0289037
0.0289098
0.0288936
0.0288923
0.0288989
0.0288936
0.028911
0.0289051
0.0289034
0.0289154
0.0288997
0.0289011
0.0289098
0.0289023
0.028905
0.0318356
0.0242683
0.0271281
0.0283881
0.0288505
0.0283768
0.028437
0.0285387
0.0285972
0.0288087
0.0288131
0.0288482
0.0286906
0.0287472
0.0259502
0.0253001
0.0296356
0.0283071
0.0286946
0.0287561
0.0288558
0.0287466
0.0287761
0.0287913
0.028823
0.0288165
0.0288734
0.028874
0.0186265
0.0295524
0.0291707
0.0287458
0.028887
0.0289306
0.0288794
0.0288372
0.0289088
0.0288571
0.0288957
0.0288937
0.0288871
0.0288643
0.0288823
0.0288737
0.0288813
0.0288953
0.0288927
0.0288859
0.0289015
0.0289127
0.0289144
0.028892
0.0289093
0.0299073
0.0266912
0.0287347
0.028699
0.0289182
0.0290203
0.0289145
0.0289722
0.0289615
0.0289234
0.0289332
0.0289398
0.0289374
0.0264015
0.0271596
0.0277914
0.0291984
0.0287728
0.0287873
0.0288445
0.0287907
0.0288006
0.0288173
0.0288325
0.0288476
0.0289119
0.0288792
0.0288708
0.0295817
0.0288134
0.0293073
0.0294097
0.0289561
0.0287378
0.0293456
0.0290108
0.0290315
0.0288524
0.0290159
0.0289306
0.02893
0.0289568
0.0289353
0.0289551
0.0289695
0.0289091
0.0289545
0.028958
0.0289532
0.0289529
0.0289516
0.0289445
0.0289214
0.028946
0.0289412
0.0289226
0.0289338
0.0289455
0.0289328
0.0289442
0.0289446
0.0289299
0.0289418
0.0289354
0.0289321
0.0289395
0.0289325
0.0289388
0.0289375
0.0289376
0.0289375
0.0289206
0.0289351
0.0289347
0.0289324
0.0289235
0.0289286
0.0289322
0.0289304
0.0289311
0.0289235
0.0289297
0.0289314
0.0289165
0.0289276
0.0289256
0.0289194
0.0319574
0.0308106
0.0257696
0.0280708
0.0273962
0.0286761
0.0281997
0.0286228
0.0287556
0.0284615
0.0284923
0.0287465
0.0286382
0.0287984
0.0286316
0.027446
0.0284337
0.0291299
0.028576
0.0289897
0.0287445
0.0288724
0.0288663
0.0288664
0.028893
0.0288642
0.0288722
0.0288791
0.028884
0.0289039
0.0289126
0.0288807
0.0288812
0.0288902
0.0289196
0.0288843
0.0289179
0.0289115
0.0288908
0.0289123
0.0288949
0.028895
0.0288953
0.0280852
0.0279652
0.0290152
0.0288577
0.0288637
0.0287404
0.0288567
0.0288558
0.0289091
0.0288878
0.0288706
0.0288756
0.0288748
0.0288939
0.0288803
0.0288816
0.0288845
0.0288912
0.0288986
0.0288924
0.0289108
0.0289027
0.0289054
0.0288924
0.0288965
0.0289199
0.0288966
0.0289196
0.028917
