0.00216509
0.00160553
0.00161841
0.00221682
0.00410803
0.00852083
0.00831469
0.00797319
0.00864792
0.00845187
0.0084314
0.0080931
0.00854783
0.00840994
0.0080619
0.00841863
0.00856171
0.00841338
0.00850299
0.00858408
0.008444
0.0084684
0.00812816
0.00854823
0.00816204
0.00811031
0.00819512
0.00811524
0.00820793
0.00841632
0.00817831
0.00840747
0.00818693
0.0082736
0.00842043
0.00827498
0.00817212
0.00824795
0.00845501
0.00841256
0.00830576
0.00818338
0.00827326
0.00828894
0.00843694
0.00823284
0.00828473
0.00830016
0.0083422
0.00821776
0.00834566
0.00826448
0.0082298
0.00831469
0.00831466
0.0166942
0.00868242
0.00810914
0.00627701
0.0118508
0.0115318
0.00548078
0.00705228
0.00550532
0.0102808
0.00831581
0.0106789
0.00605358
0.0105684
0.00831551
0.00641007
0.00657962
0.0067231
0.00692098
0.0100801
0.00676153
0.00799371
0.00756695
0.00925768
0.00953473
0.00963088
0.00873078
0.00777128
0.00723757
0.00856423
0.00736718
0.00836109
0.00749351
0.00898214
0.00918251
0.00753765
0.00762102
0.00831474
0.00831466
0.00831437
0.0098182
0.0079806
0.0117836
0.0114277
0.010769
0.0109397
0.00593635
0.00878844
0.0105836
0.0099124
0.00659949
0.0103629
0.00719835
0.00637892
0.00825944
0.00686363
0.00665178
0.00770296
0.00815029
0.0099238
0.00977827
0.00945408
0.00703119
0.00804806
0.00708279
0.00953013
0.00940174
0.00804521
0.00812173
0.00924355
0.00928533
0.00738978
0.00862824
0.00743604
0.00829382
0.00760098
0.00798138
0.00831471
0.00831468
0.00831456
0.00893982
0.00817971
0.0100496
0.0103238
0.00956611
0.00977596
0.00704564
0.00854497
0.00985128
0.00918822
0.00737693
0.0096958
0.00770351
0.00714268
0.00828415
0.0074509
0.00728764
0.00796901
0.00822221
0.00932716
0.00928382
0.00902584
0.00743285
0.00815441
0.00746386
0.00915049
0.00905122
0.0081475
0.00819397
0.00893146
0.0089821
0.00767592
0.00851438
0.00771757
0.0083014
0.00783812
0.00809891
0.00833055
0.00832022
0.0104277
0.00824301
0.00870049
0.00890705
0.00792208
0.00924207
0.00954197
0.00742342
0.00813477
0.00935056
0.00795735
0.00735744
0.00730728
0.00908019
0.00910933
0.00763883
0.00766226
0.00899724
0.00865709
0.00831698
0.00889043
0.00821397
0.00845076
0.00885016
0.0103362
0.00831465
0.00831564
0.00836547
0.00841058
0.00745416
0.00916805
0.00729723
0.0092977
0.00746802
0.00752521
0.00771545
0.00775281
0.00847564
0.00880318
0.008844
0.00841732
0.00850595
0.00892888
0.00891336
0.0088604
0.00888265
0.00802115
0.00851043
0.00779964
0.00879178
0.00875759
0.00821031
0.00796941
0.00809067
0.00833255
0.00834984
0.0081971
0.0079566
0.00799782
0.00821084
0.00840452
0.00834445
0.00800475
0.00806825
0.00828485
0.00131942
0.00832246
0.00399994
0.00472209
0.00686477
0.00968003
0.0108032
0.00599416
0.00888646
0.00725901
0.0105484
0.00721922
0.00638202
0.00897039
0.00659325
0.00696496
0.00983896
0.00855127
0.00743792
0.0091826
0.00720792
0.00952159
0.0077529
0.0094671
0.00925063
0.00790914
0.00790632
0.00919979
0.00788541
0.0085248
0.00910206
0.00758574
0.00906265
0.00759558
0.00831467
0.00828423
0.00831493
0.00824361
0.00833172
0.00832942
0.00790647
0.00867656
0.00861517
0.00864525
0.0085186
0.00819969
0.00818751
0.00829031
0.00830912
0.00857592
0.008422
0.00852908
0.00828381
0.00823413
0.00831793
0.0084359
0.00840136
0.00847224
0.0082806
0.00843942
0.00848065
0.0081573
0.008347
0.00832838
0.00817465
0.00816916
0.00844938
0.00824397
0.00833239
0.00818737
0.00818006
0.00844476
0.00843656
0.00838172
0.00840476
0.00820091
0.00822637
0.00838892
0.00840098
0.00830168
0.00833756
0.00808344
0.00748029
0.0077415
0.00780353
0.00773366
0.00740194
0.00847835
0.00876238
0.00788238
0.00796768
0.00830939
0.00847673
0.00769191
0.00826258
0.00796307
0.00845913
0.00842286
0.00353351
0.000340205
0.00492722
0.00786243
0.0106617
0.0056144
0.0088966
0.0094749
0.00572428
0.00716828
0.0104251
0.00597738
0.00639388
0.00926851
0.00967899
0.00708935
0.00789792
0.00959628
0.0095047
0.00807645
0.00711511
0.00930667
0.00726885
0.00734232
0.00827106
0.00726616
0.00875345
0.00833043
0.0090787
0.00873533
0.00829498
0.00885578
0.00868976
0.00884545
0.00794711
0.00792137
0.00807797
0.00856151
0.008741
0.00795882
0.00868448
0.00842034
0.00830611
0.00834649
0.00839573
0.00858242
0.00861407
0.00816725
0.00810727
0.00823249
0.00850963
0.00813444
0.00851319
0.00815665
0.0080943
0.00845363
0.00840789
0.00851143
0.00841988
0.00845598
0.00828881
0.0084489
0.00848042
0.00845693
0.00818302
0.00831453
0.00831401
0.0117708
0.00845528
0.0100117
0.00723739
0.00955645
0.00791049
0.0067781
0.00692987
0.00791123
0.00813577
0.00917689
0.00879879
0.0091102
0.00734578
0.00816731
0.00797105
0.00898049
0.00918324
0.00900838
0.00891213
0.00874318
0.00895078
0.00785039
0.00892802
0.0089033
0.00880521
0.00861886
0.00786367
0.0079253
0.00851243
0.00815708
0.00813397
0.00818725
0.00512072
0.00681553
0.00962094
0.0024795
0.00452075
0.0110505
0.00517017
0.00556043
0.00718462
0.00730316
0.00928354
0.00790251
0.00661665
0.00834807
0.00830201
0.00424899
0.00831824
0.00581636
0.0065696
0.00767075
0.00894055
0.00963745
0.00717805
0.00857813
0.00782299
0.00961011
0.00778568
0.00721147
0.00864889
0.00737167
0.0076092
0.00923553
0.00844051
0.00784864
0.00879613
0.00769084
0.0090699
0.00800868
0.00901283
0.00886712
0.00808952
0.00808458
0.0088702
0.00807085
0.00843583
0.00879956
0.00787557
0.00878184
0.0078643
0.0150305
0.0136477
0.00959443
0.0104509
0.00262998
0.00442123
0.0117391
0.00466064
0.00900663
0.0112587
0.00841931
0.0100636
0.0107383
0.0103737
0.00839062
0.00663998
0.010196
0.0101349
0.00941041
0.00927151
0.00847978
0.00983573
0.00946391
0.00974827
0.00705212
0.00697213
0.00834551
0.00721875
0.00925979
0.0079389
0.00769496
0.00783163
0.00913832
0.0089229
0.00582132
0.00743513
0.0106582
0.00831477
0.00878355
0.00853379
0.00959271
0.00707141
0.00738534
0.00897481
0.00724488
0.00721718
0.00873338
0.00878616
0.0088791
0.0075232
0.00779113
0.00757971
0.00889219
0.0090365
0.0084904
0.00895086
0.00893073
0.00892228
0.00773824
0.00883343
0.00792057
0.00785662
0.00794144
0.00787979
0.00863058
0.00839133
0.00814809
0.00798038
0.00545893
0.00294552
0.0023586
0.0040564
0.00635755
0.0107241
0.00768672
0.00815966
0.0081749
0.00999724
0.00625642
0.00682179
0.00768713
0.00831639
0.00989592
0.00786085
0.00832657
0.00866731
0.00747609
0.00889863
0.00748755
0.00752144
0.00904453
0.00770721
0.00904212
0.00837008
0.00771258
0.00893066
0.00884417
0.00846026
0.00854931
0.008229
0.00832504
0.00823658
0.00832406
0.0082208
0.00862709
0.00874488
0.00830721
0.00859108
0.00808178
0.00842355
0.00864175
0.0083817
0.00800337
0.008046
0.00802749
0.00858381
0.00806393
0.00851133
0.00820986
0.0080904
0.00847309
0.00857112
0.00855138
0.00834539
0.00836055
0.00817782
0.00831115
0.00823077
0.00852218
0.00831295
0.0120776
0.00426076
0.00797
0.00510167
0.00631581
0.00537924
0.00581131
0.0104823
0.00995155
0.00955063
0.01003
0.0096265
0.00701642
0.00721896
0.00711175
0.00616117
0.00736488
0.00919925
0.0040221
0.00528985
0.0103914
0.00595995
0.00610947
0.00746569
0.0075483
0.00906354
0.00799827
0.0069506
0.00834015
0.00805161
0.0146556
0.000639298
0.0131059
0.0127474
0.00743869
0.00356262
0.00862763
0.00554135
0.00649527
0.0102924
0.00733564
0.010327
0.00684438
0.00641949
0.00697127
0.00923273
0.00844506
0.00887534
0.00930564
0.00903007
0.00872464
0.00916569
0.00905902
0.00897413
0.00797902
0.00900578
0.00811861
0.00790683
0.0086645
0.00886162
0.00876397
0.00847977
0.00780524
0.00871722
0.00883483
0.00870856
0.00783098
0.00867664
0.00788947
0.00872087
0.00811685
0.00842857
0.00796359
0.00841018
0.00866635
0.00866624
0.00826126
0.00799456
0.00852025
0.00800798
0.00815684
0.00838157
0.00858858
0.00817303
0.00807773
0.00827417
0.00822298
0.00816869
0.00817726
0.000448519
0.00379246
0.00804978
0.0114203
0.00523396
0.00492117
0.00583291
0.0108303
0.00656498
0.00571034
0.010385
0.00647597
0.00679967
0.00965001
0.00694104
0.00910808
0.00728145
0.00926743
0.00366613
0.0102884
0.00825088
0.00839848
0.00685632
0.00747337
0.0091548
0.00733463
0.00889031
0.00889664
0.00752184
0.00892291
0.00867607
0.00876548
0.00780224
0.00883397
0.00863637
0.0078628
0.00841646
0.00364233
0.00742135
0.0043566
0.00545215
0.00900548
0.0100834
0.00618905
0.00854039
0.0068135
0.00879663
0.00928834
0.00910726
0.0083145
0.00831318
0.00653474
0.00705868
0.00903251
0.00879932
0.00831597
0.00926711
0.00706442
0.00729014
0.00867235
0.00803699
0.00871694
0.00781995
0.00798933
0.00760611
0.00874145
0.00758033
0.00894573
0.00767028
0.00839094
0.00877464
0.0087269
0.00880927
0.00879359
0.00795685
0.0229882
0.0152175
0.0076116
0.0112492
0.00122213
0.00632603
0.0126862
0.00510903
0.0119132
0.0117417
0.00532044
0.00510887
0.0106507
0.00550823
0.00926867
0.0100455
0.00611203
0.00642149
0.00976042
0.00916757
0.00417891
0.00921687
0.00945273
0.0118866
0.00438766
0.00461308
0.00882123
0.00903667
0.00836294
0.0077916
0.00738283
0.00915562
0.00666935
0.00969731
0.00723637
0.00909806
0.00774806
0.00865133
0.00829286
0.00917335
0.00869887
0.00789804
0.00883384
0.00826185
0.00865651
0.00883564
0.00855177
0.00871187
0.00838847
0.00782964
0.00859346
0.00850684
0.00785235
0.00823606
0.00793018
0.00824001
0.00856468
0.00851894
0.00866724
0.0082258
0.00801527
0.00809545
0.00831536
0.00802426
0.00861579
0.00803099
0.00857178
0.00814514
0.0085653
0.00832405
0.00813686
0.00854234
0.00854467
0.0084719
0.00822021
0.00833096
0.00825579
0.00852022
0.00831512
0.0084978
0.008379
0.00122545
0.00533941
0.00708945
0.00715823
0.00642569
0.00715744
0.00675216
0.00824649
0.00637939
0.00806248
0.0090422
0.00639153
0.0066297
0.0100665
0.00678309
0.00677949
0.00968142
0.00966257
0.00946398
0.00896362
0.00778452
0.00911914
0.00915528
0.00914383
0.0079607
0.00794685
0.00866212
0.00881966
0.00851671
0.00893961
0.00886175
0.00771633
0.00888809
0.0083191
0.00941468
0.00830474
0.00828099
0.00695789
0.00808398
0.007927
0.00905999
0.00905619
0.00745082
0.00861604
0.00755866
0.00786038
0.00853882
0.00773915
0.00828221
0.00881075
0.00864102
0.00870929
0.00896182
0.00776944
0.00786153
0.00781465
0.00779224
0.00879898
0.00849636
0.00817786
0.00845406
0.00807263
0.00838436
0.0085831
0.00826116
0.00861323
0.00796904
