0.0215339
0.0251479
0.0248868
0.0238326
0.0238543
0.0256778
0.0258262
0.0257113
0.0256778
0.0256911
0.0256778
0.0256949
0.025682
0.0256909
0.0256905
0.0256882
0.0256913
0.0256886
0.0256771
0.0256873
0.0256829
0.0256884
0.025685
0.0256825
0.0256809
0.0256818
0.0256844
0.0256809
0.0256857
0.0256843
0.0256775
0.0256814
0.0256842
0.0256842
0.0256796
0.0256793
0.025685
0.0256825
0.0256827
0.0256828
0.0256826
0.0256832
0.0256827
0.0256785
0.0256786
0.0256826
0.025683
0.025683
0.0256794
0.0256797
0.025682
0.0256793
0.0256778
0.0258974
0.0256809
0.0259888
0.0256845
0.0258094
0.0258065
0.0258144
0.0256721
0.0258211
0.0258037
0.0257035
0.0256857
0.0257224
0.0256986
0.0257302
0.0257438
0.0257493
0.025668
0.0257225
0.0256762
0.0257177
0.025729
0.0257303
0.0256958
0.025702
0.0256775
0.0257036
0.0256923
0.0256904
0.0256728
0.0256941
0.0256937
0.0257061
0.0257067
0.025703
0.0257003
0.0256811
0.0256978
0.0256803
0.0235361
0.0252161
0.0256744
0.0256391
0.0254109
0.0255414
0.0256288
0.0256021
0.0256019
0.0256545
0.0255834
0.0256412
0.0256094
0.0256175
0.0256138
0.0256556
0.0256455
0.0256449
0.0256573
0.0256826
0.0256369
0.0256508
0.0256548
0.0256399
0.0256412
0.0256883
0.0256808
0.0256445
0.0256509
0.0256538
0.0256658
0.0256681
0.0256607
0.0256589
0.0256838
0.0256625
0.025664
0.0256601
0.0256832
0.0256678
0.0256663
0.0245917
0.0253854
0.0256764
0.0256525
0.0255608
0.0256126
0.0256454
0.025645
0.0256317
0.0256643
0.0256296
0.025658
0.0256406
0.0256471
0.0256433
0.0256627
0.0256568
0.0256565
0.0256657
0.025681
0.0256548
0.0256601
0.0256641
0.0256556
0.025656
0.025685
0.0256798
0.0256572
0.0256606
0.0256632
0.0256702
0.0256716
0.0256662
0.0256652
0.0256819
0.0256675
0.0256685
0.0256664
0.0256815
0.0256709
0.0256703
0.0249051
0.0256725
0.0248805
0.0253741
0.0255435
0.0254672
0.0255008
0.0255745
0.0255616
0.0255176
0.0255576
0.0256476
0.0256615
0.0256425
0.0255579
0.025582
0.025578
0.0256036
0.025607
0.0256251
0.0256366
0.025603
0.0256697
0.0256691
0.0256284
0.0256378
0.0256777
0.0256778
0.0256764
0.0256721
0.0256766
0.0256464
0.0256818
0.0256571
0.0256511
0.0256557
0.0256603
0.0256789
0.0256831
0.0256757
0.0256692
0.0256621
0.0256702
0.0256641
0.0256797
0.0256698
0.0256776
0.0256767
0.0256664
0.0256814
0.0256696
0.0256688
0.0256683
0.0256735
0.0256713
0.0256691
0.0256807
0.0256693
0.0256693
0.0256713
0.0256704
0.0256803
0.0256756
0.0256718
0.0256791
0.0256787
0.0256722
0.0253803
0.0256778
0.0246512
0.025498
0.0253909
0.0255316
0.0255028
0.0255023
0.0254967
0.0255217
0.0256254
0.0255304
0.025635
0.025635
0.025555
0.0255649
0.0256622
0.0256362
0.0255922
0.0256108
0.0256365
0.025608
0.0256605
0.0256101
0.0256246
0.0256269
0.0256299
0.0256301
0.0256433
0.0256469
0.0256682
0.0256666
0.0256817
0.02586
0.0258029
0.0256779
0.025686
0.0257145
0.0256904
0.025685
0.0256883
0.0256859
0.0256855
0.025689
0.0256814
0.025689
0.0256891
0.0256836
0.0256838
0.025686
0.0256768
0.0256823
0.0256816
0.0256849
0.0256854
0.0256783
0.0256849
0.025683
0.0256843
0.0256843
0.0256841
0.0256766
0.0256822
0.0256824
0.0256798
0.025683
0.0256782
0.0256797
0.0256808
0.025682
0.0256775
0.0256817
0.0256811
0.025682
0.0256817
0.0256778
0.0256801
0.0256773
0.0256796
0.025681
0.0256752
0.0250393
0.0254229
0.0252489
0.02525
0.025476
0.0255051
0.0254109
0.0254528
0.0255515
0.0254284
0.0255944
0.0254841
0.0255036
0.0255015
0.0256612
0.0255421
0.0255459
0.0255648
0.0256184
0.0256778
0.0233246
0.02513
0.0250911
0.0250282
0.0251284
0.0254689
0.025613
0.0254431
0.025442
0.0252724
0.0253962
0.0253317
0.0254825
0.0256391
0.025427
0.0255937
0.0256558
0.0254594
0.0256634
0.0256361
0.0255744
0.0255212
0.0255296
0.0256018
0.025568
0.0256813
0.0258085
0.0257175
0.0257023
0.0256873
0.0256914
0.0256732
0.0256894
0.0256831
0.0256851
0.0256813
0.0256799
0.0256774
0.0256838
0.0256848
0.0256851
0.0256825
0.0256842
0.0256831
0.0256822
0.0256843
0.0256826
0.0256818
0.0256834
0.0256785
0.0256813
0.0256812
0.0256826
0.0256761
0.0256759
0.025682
0.0256818
0.0256812
0.025681
0.0256817
0.0256815
0.0256766
0.0256799
0.0256807
0.0256765
0.0256787
0.0256793
0.0256778
0.025448
0.0256777
0.0255219
0.0255647
0.0255939
0.0255959
0.0255794
0.0255955
0.025573
0.0256224
0.0256443
0.025629
0.0255906
0.0256398
0.0256373
0.0256369
0.0256292
0.0256373
0.0256199
0.0256804
0.0256544
0.0256303
0.025633
0.0256365
0.0256317
0.0256454
0.0256313
0.0256488
0.0256692
0.0256632
0.0256573
0.0256811
0.0256669
0.025645
0.0255418
0.0239675
0.0232279
0.0245706
0.02445
0.0255207
0.0245508
0.0253194
0.0247518
0.0256037
0.0255997
0.0254449
0.0255578
0.0256778
0.0252333
0.0256061
0.0255391
0.0256064
0.0255878
0.0256026
0.0256017
0.0256071
0.0256501
0.0256102
0.0256549
0.0256524
0.0256192
0.0256222
0.0256681
0.0256535
0.0256339
0.025641
0.0256553
0.02564
0.0256672
0.0256415
0.025649
0.0256492
0.0256508
0.025651
0.0256586
0.0256598
0.0256718
0.0256709
0.0256803
0.0256777
0.021266
0.0237751
0.0252765
0.0255923
0.0252185
0.0251939
0.0256862
0.0252111
0.025689
0.0255416
0.025506
0.0254572
0.0256798
0.0255415
0.0255275
0.0256347
0.0255259
0.0255577
0.0255658
0.0255439
0.025582
0.0256154
0.0255869
0.0255499
0.0256175
0.0256584
0.0255716
0.0256662
0.0256441
0.0256569
0.0247939
0.0256778
0.0256668
0.0256349
0.0256298
0.0256247
0.0256387
0.0256459
0.0256315
0.025627
0.0256666
0.0256739
0.0256669
0.0256477
0.0256588
0.0256424
0.0256462
0.0256776
0.0256469
0.0256648
0.0256705
0.0256505
0.0256527
0.0256533
0.0256786
0.0256586
0.0256572
0.0256689
0.0256666
0.0256735
0.0256729
0.0235356
0.0251851
0.0236093
0.0237995
0.025182
0.024773
0.0244783
0.0255853
0.0247756
0.025203
0.0250571
0.0252022
0.0256783
0.02601
0.0257342
0.0257656
0.0258472
0.0257018
0.0257224
0.0257176
0.0257179
0.0257114
0.0257093
0.0257111
0.0257097
0.0257063
0.0257102
0.0256988
0.0256983
0.025689
0.0256933
0.0256988
0.0256857
0.025699
0.0256929
0.0256936
0.0256896
0.0256921
0.0257
0.0256942
0.0256999
0.0256875
0.0256952
0.0256966
0.0256947
0.0256946
0.0256905
0.0256927
0.0256786
0.0256887
0.0256895
0.025687
0.0256777
0.0256826
0.0256824
0.0256848
0.0256829
0.0256887
0.0245384
0.0244642
0.0253819
0.0246065
0.0247878
0.0250303
0.0248285
0.0252004
0.0250198
0.0253868
0.0251894
0.0255078
0.0255754
0.0253536
0.0253615
0.0254821
0.025594
0.0245684
0.0240015
0.0248261
0.0247756
0.0255525
0.0248447
0.0253965
0.0249809
0.0256181
0.0256149
0.025492
0.0256769
0.0231727
0.0248565
0.0218749
0.0254883
0.0242736
0.0238132
0.0246093
0.0242822
0.0246284
0.0248128
0.0252672
0.0256778
0.0256778
0.0256788
0.0257573
0.02568
0.0257108
0.0257326
0.0257061
0.0257213
0.0256776
0.0256723
0.0257123
0.0256938
0.0256998
0.0256895
0.0257129
0.0256948
0.0257127
0.0257127
0.0256866
0.0257086
0.0256946
0.0256862
0.0257046
0.0256953
0.0256846
0.0256944
0.0257012
0.0256856
0.0256891
0.0256909
0.025699
0.0256921
0.0256902
0.0256953
0.0256862
0.0256829
0.0256928
0.0256883
0.0256784
0.0256769
0.025692
0.0256863
0.025692
0.0256883
0.0256823
0.0256914
0.0256766
0.0233882
0.02509
0.0247261
0.0252992
0.0256539
0.025522
0.0252763
0.0254498
0.0251441
0.025304
0.0251638
0.0252352
0.0255538
0.0254886
0.0255802
0.0253624
0.0254251
0.0256739
0.025447
0.0255001
0.0256552
0.0246221
0.0251839
0.0252939
0.0254219
0.025635
0.0256384
0.0254247
0.02542
0.0255401
0.0255535
0.0254837
0.0255004
0.025562
0.0255841
0.0255341
0.025563
0.0255623
0.0240856
0.0248451
0.0244585
0.0254995
0.0250004
0.0248289
0.0254718
0.0248411
0.025242
0.0250631
0.0252679
0.0252679
0.0253004
0.0256294
0.0255917
0.0256773
0.025251
0.0254513
0.0254851
0.0254673
0.0254935
0.0255716
0.0256477
0.025641
0.0255993
0.0255524
0.0255806
0.0255756
0.0256277
0.0256472
0.0256526
0.0256108
0.0256393
0.0256053
0.0256067
0.0256138
0.0256298
0.0256323
0.0256277
0.0179826
0.0188997
0.022744
0.0241421
0.0238103
0.0237778
0.0239674
0.0256327
0.0254444
0.0248762
0.0253351
0.0254938
0.0251221
0.0255254
0.0252052
0.0250687
0.0253629
0.0254875
0.0251267
0.0251806
0.0219525
0.0226689
0.0245767
0.023319
0.0242975
0.0238133
0.0244263
0.0243172
0.0252786
0.0250195
0.0250779
0.0252422
0.0259281
0.0259084
0.0257863
0.025683
0.0257275
0.0257318
0.0257157
0.0257052
0.0257054
0.0257129
0.0256761
0.025706
0.0257014
0.0256996
0.0257059
0.0256944
0.0257055
0.0256772
0.0257022
0.0256967
0.0256963
0.0257012
0.0256944
0.0256854
0.0256838
0.0256976
0.0256881
0.0256947
0.0256846
0.0256958
0.0256938
0.0256804
0.0256922
0.0256767
0.025685
0.0256836
0.0256857
0.0256891
0.0256847
0.025691
0.0256828
0.0256896
0.0256766
0.0256773
0.0256762
0.0256836
0.0256818
0.0224264
0.0237409
0.0237271
0.0245101
0.0249317
0.0255806
0.0252758
0.0240805
0.0247011
0.0253546
0.0254146
0.0254891
0.0254608
0.0256113
0.0255656
0.0254972
0.025529
0.0255717
0.0255192
0.0256694
0.0255557
0.0256341
0.025652
0.0256545
0.0256281
0.0256617
0.0255972
0.0256603
0.0256306
0.0256164
0.0256285
0.0256431
0.0256514
0.0254579
0.0255261
0.0254935
0.025499
0.0256434
0.0255988
0.0256022
0.0256195
0.025615
0.0256166
0.0256426
0.0256411
0.0256281
0.0256324
0.0256273
0.0256826
0.0256276
0.0256297
0.0256423
0.0256373
0.0256619
0.0256407
0.0256407
0.0256683
0.0256497
0.0256672
0.0256606
0.02565
0.0256532
0.0256611
0.0256658
0.0256541
0.0256624
0.0256594
