0.000752881
0.00222691
0.00380169
0.0012849
0.00161034
0.00170827
0.000742852
0.000307823
0.000311513
0.000311862
0.00030828
0.000324241
0.000311373
0.000330906
0.000311205
0.000327072
0.000316379
0.000302475
0.000298115
0.000309193
0.000322509
0.000311039
0.000315581
0.000320893
0.000319326
0.000310208
0.000318409
0.000315779
0.000316911
0.000307893
0.000315996
0.000309402
0.00030756
0.000305233
0.000315188
0.000311416
0.000309763
0.000311285
0.000314855
0.0003143
0.000307374
0.00031452
0.000313132
0.000309552
0.000306154
0.000312937
0.000312675
0.00031322
0.000304292
0.000310926
0.000308816
0.000311872
0.000311141
0.000307821
0.000297989
0.00030782
0.00052613
0.000530904
0.000276767
0.000441374
0.000444308
0.000440541
0.000444302
0.000333225
0.000194058
0.000205508
0.00023783
0.000396184
0.000214467
0.000221636
0.000221969
0.000247206
0.000279312
0.000333025
0.000256176
0.000370582
0.000293186
0.000262511
0.00031034
0.000319784
0.000263051
0.000352333
0.000354428
0.000264106
0.000316116
0.000267555
0.000346428
0.00034539
0.000282611
0.000327275
0.000325384
0.000275944
0.000337988
0.000277866
0.000144957
0.000225071
7.66684e-05
0.000169888
0.000212367
0.000158645
0.000174575
0.000286673
0.000302297
0.000195494
0.00021101
0.000120489
0.000135016
0.000113245
0.000192901
0.000126563
0.000375251
0.000157919
0.00032011
0.000268094
0.000206348
0.000360238
0.000352799
0.000244616
0.000209847
0.000212885
0.000306743
0.000235196
0.000316161
0.000240574
0.000249108
0.000254486
0.000252817
0.00025096
0.000271227
0.000321846
0.000325059
0.00027436
0.00032064
0.000332453
0.000242369
0.000274584
0.000213263
0.000250474
0.000252794
0.000244333
0.000248886
0.000295992
0.000304656
0.000254287
0.000260082
0.000196593
0.000221409
0.000197872
0.000231232
0.000214917
0.000354035
0.00022096
0.000315478
0.000284498
0.000242977
0.000344134
0.000338293
0.000270665
0.000249127
0.000247586
0.000307133
0.000260078
0.000313236
0.000263272
0.000271334
0.000274632
0.000273116
0.000271799
0.000282288
0.00031724
0.000319484
0.000284467
0.000316461
0.000324821
0.00030782
0.0013789
0.000305707
0.000280487
9.21812e-05
1.30521e-05
4.72342e-05
2.32226e-05
0.000287806
0.000213283
0.000172382
0.000134975
0.000300165
0.000210616
0.000146923
0.000141588
0.000251429
0.000195735
0.000181585
0.000243973
0.000200171
0.000220107
0.000210912
0.000319136
0.000236163
0.00022902
0.000238493
0.000307821
0.000158261
0.000175947
0.000183944
0.000270354
0.000259427
0.000266836
0.000290888
0.000281056
0.000269847
0.000310569
0.000257173
0.000289393
0.000285941
0.000273995
0.000326483
0.000268943
0.000278733
0.000329528
0.000294461
0.000275868
0.000303606
0.00027563
0.000275995
0.00028013
0.000320703
0.000323263
0.000308784
0.000308772
0.000288689
0.000314724
0.000288159
0.000290918
0.000319948
0.000293107
0.000312825
0.000299087
0.00110829
0.000275973
0.000173339
8.18695e-05
0.000368931
0.000137155
6.7245e-06
0.0001346
7.79218e-05
5.9047e-05
0.000168816
0.000368042
0.000313948
0.000137242
0.000209472
0.000308175
0.000158125
0.000185398
0.000238512
0.000190254
0.00027293
0.000251621
0.000217223
0.000230727
0.000280461
0.000304658
0.000281767
0.000276812
0.000228941
0.000271379
0.000307821
0.000318728
0.000308301
0.000308039
0.000309532
0.000300368
0.000304701
0.000314309
0.000295958
0.000319343
0.00031207
0.000322435
0.000321644
0.000308636
0.000297243
0.00030809
0.00029841
0.000318575
0.000317531
0.000312805
0.000311088
0.000299866
0.000315062
0.000316527
0.000300873
0.000301073
0.000305942
0.000304157
0.000315153
0.000315262
0.00030845
0.00031426
0.000302664
0.000314194
0.000303815
0.000311636
0.000311109
0.000308928
0.000311522
0.000312551
0.000311966
0.000303725
0.000309258
0.000311279
0.000308194
0.000309261
0.000309097
0.00031204
0.00025865
0.00142683
0.000229541
9.47983e-05
0.000108082
3.0832e-05
0.000293245
0.000199809
3.59751e-05
3.82432e-05
8.42962e-05
0.00017266
0.000282255
0.000213181
0.000242963
0.000151398
0.000177065
0.00020972
0.000653511
0.0042066
0.00283937
0.000494443
0.000390837
0.000386069
0.000100483
0.00038688
0.000348967
9.2439e-05
0.00022889
1.97009e-05
4.3647e-05
0.000138077
0.00011171
3.49215e-05
2.61515e-06
5.25667e-05
1.67209e-05
0.000215657
0.000103777
0.000254629
0.000210317
8.63506e-05
0.000194983
0.000238244
0.000135016
0.000144853
0.000247222
0.000294312
0.000307832
0.000310983
0.000339273
0.000275133
0.000310621
0.000313583
0.000327256
0.00032171
0.000306583
0.000311868
0.000305273
0.000324775
0.000291916
0.000305953
0.000316642
0.000296739
0.000307355
0.000320231
0.000304504
0.000312495
0.00029658
0.000319013
0.00031797
0.000298874
0.000305275
0.000298472
0.000302886
0.000300122
0.000303428
0.000305178
0.000315594
0.000312434
0.000312369
0.000310415
0.000307583
0.000301522
0.000313395
0.000302294
0.000306137
0.000307813
0.000307792
5.63893e-05
0.000237418
0.000256134
0.000159347
0.000327734
0.000237805
0.000183651
0.000186877
0.000259059
0.000236368
0.000158039
0.000251039
0.000192279
0.000210804
0.000264158
0.000259551
0.000276562
0.000263641
0.000225882
0.000292807
0.000246671
0.000246794
0.000317024
0.000243772
0.000261103
0.000267171
0.000249436
0.000317993
0.000253151
0.000255581
0.000283528
0.000314232
4.30435e-05
0.000293887
0.000699926
0.000250456
0.00165196
0.000275392
0.00100677
0.000118328
0.000791448
0.000569529
0.000316744
0.000570772
8.95117e-05
7.91962e-05
0.000423506
0.000294687
0.00025373
0.000209756
0.000346294
0.000228757
0.000151567
0.000227948
0.000203342
0.000194489
0.000225395
0.000345864
0.000312374
0.000214961
0.000248996
0.000308861
0.00022659
0.000243522
0.000265491
0.000245005
0.000288787
0.000273222
0.000255165
0.000265926
0.000292641
0.000306466
0.000293324
0.00029045
0.000262699
0.000287265
0.00306322
0.00146274
0.00110827
0.000123006
0.000113129
0.000243224
0.000100013
0.000381047
0.000379382
0.000308483
0.000290982
0.000230378
0.000167525
0.000259755
0.000375996
3.91241e-05
0.000167786
0.000360458
0.000156549
0.000192422
0.000242199
0.000283832
0.000124307
0.000328563
0.000148314
0.000153932
0.00017019
0.000177444
0.000261919
0.000224123
0.000307817
3.65488e-05
3.83552e-05
0.000262873
0.000168783
0.000259349
0.00022053
0.000264457
0.000199589
0.00030362
0.00027568
0.00021291
0.000236211
0.00028648
0.000276534
0.000313864
0.000266311
0.000275904
0.00024255
0.000286412
0.000265664
0.000296243
0.000253712
0.000268896
0.000320274
0.000261538
0.000269328
0.000269404
0.000286411
0.000304902
0.000270817
0.000274165
0.000305202
0.000279745
0.000278929
0.00429802
0.00246512
0.00215885
0.00187408
0.000666825
0.000921912
5.71271e-05
0.000489908
0.000300347
0.000107839
0.000299684
0.000305593
4.02988e-05
0.000308005
0.000301536
0.000307964
0.00041985
0.000314769
0.000325593
0.00038442
0.000341886
0.000339602
0.000315815
0.000349086
0.000301923
0.00033768
0.000320738
0.000340367
0.000337636
0.000339296
0.000322223
0.000338556
0.000332835
0.000329593
0.000302919
0.000334046
0.000329232
0.000294342
0.000332632
0.000316585
0.0003147
0.000329484
0.000297949
0.000324392
0.000305854
0.000326516
0.000300127
0.000296852
0.000319972
0.000312712
0.000324474
0.000322196
0.000310037
0.000322795
0.000318809
0.000306981
0.000320649
0.000316806
0.000321116
0.0003028
0.000308784
0.000313469
0.000244712
0.000574877
0.00124631
0.000329991
0.00114462
0.000663594
0.000107534
0.000658211
0.000279498
0.000540782
0.00014527
1.85878e-05
0.0002147
5.76598e-05
0.000230923
0.000302205
0.000210232
7.11407e-05
0.000303075
5.59951e-05
5.50896e-06
0.000186515
0.000571993
0.00127009
2.38673e-05
5.01063e-05
0.00085923
0.000338711
0.000152485
0.00011522
0.000525619
0.000380917
0.000231893
0.000150574
0.000226271
0.0166869
0.00507524
0.004696
0.00237341
0.000439105
0.00195344
0.00139287
0.00116695
0.000219476
0.000370502
0.000441243
0.000540009
0.000787108
0.000307821
0.00043436
0.000310632
0.000322527
0.00032341
0.000351445
0.000274963
0.000347911
0.00034407
0.000351324
0.000330619
0.000350658
0.000293541
0.000304203
0.000333219
0.000337512
0.000328354
0.000286235
0.000343
0.000318712
0.000310492
0.000299108
0.000323856
0.000290599
0.00030837
0.000324108
0.000330247
0.000330395
0.00032636
0.00029137
0.00030208
0.000311821
0.000328627
0.000326421
0.000327248
0.00032612
0.000324873
0.000325949
0.000298146
0.000312112
0.000305814
0.000297441
0.000321274
0.00031356
0.000321546
0.000320684
0.000321951
0.000316803
0.00583962
0.000975552
0.000612299
0.000523231
0.000108365
0.000735316
0.000367072
0.000460234
0.000481151
0.000214507
0.000346711
2.19043e-05
6.48406e-05
0.000172598
9.65166e-05
0.000183808
0.000255343
0.000203632
6.29237e-05
6.94128e-05
0.000506253
0.000454525
0.00015189
5.76336e-05
4.76691e-05
2.88212e-05
0.000107187
5.57692e-05
4.59474e-06
6.32166e-06
0.00023313
0.000253415
0.000129844
8.05287e-05
0.000135982
0.000252664
0.000227323
0.000145463
0.00015813
0.00711333
0.00194191
0.000998348
0.000614291
0.00090219
0.000566106
0.00028548
0.00013005
0.000271229
0.000284276
0.000242681
1.271e-05
0.000114416
0.000164425
0.000211315
4.62684e-05
0.000234835
0.000121406
0.000104346
9.58503e-05
0.000154473
0.000233662
9.94818e-05
0.000114896
0.000265748
0.000147578
0.000196964
0.000234074
0.000278525
0.000291601
0.000195391
0.000220528
0.000309708
0.000241235
0.00021542
0.000317376
0.000232333
0.000245226
0.000323702
0.000507606
0.00739844
0.00379757
0.000676307
0.00290764
0.000868593
0.00173169
0.00184097
0.00133888
0.000997901
3.57134e-05
0.000331447
0.000382983
0.000103482
0.000382444
0.000227353
0.014991
0.00105439
0.0003917
0.000885559
0.000260027
0.00138543
9.81337e-05
0.000304603
0.000671267
4.56383e-05
0.00023025
0.000359337
0.00041391
0.000308654
0.000307821
0.000478248
0.00030233
0.000331116
0.00033389
0.000373742
0.000352026
0.000348936
0.000327387
0.000339135
0.000319899
0.000341287
0.000315197
0.000291974
0.000337632
0.00029129
0.000336601
0.000334718
0.000334537
0.000330874
0.000304997
0.000325391
0.000328915
0.000328182
0.000308706
0.000293649
0.000304622
0.000324324
0.00031991
0.000307868
0.000323969
0.000321996
0.000322151
0.000314728
0.000299773
0.000322813
0.000316141
0.000306904
0.000309203
0.000321229
0.000319975
0.000318785
0.000319486
0.000318985
0.00030437
0.000318241
0.000299927
0.00190254
0.00191146
0.00069704
0.000972989
0.000156043
0.00035175
0.00150019
0.000306792
0.000155681
0.00014185
9.36053e-05
0.00015681
6.12648e-05
8.28868e-05
0.000111976
5.21261e-05
0.000312443
0.000341597
0.000175441
0.000231092
0.000304989
0.000218901
0.000155854
0.000228877
0.000228618
0.000212
0.000198124
0.000198327
0.000217089
0.000286324
0.000278255
0.000220093
0.000236799
0.000307817
0.000307784
0.000307761
0.000253677
0.000276545
0.000170553
0.00023717
0.000194313
0.000198082
0.000270611
0.000217716
0.000212935
0.000260397
0.000225918
0.000246733
0.000273108
0.000248393
0.000239843
0.000259149
0.000279148
0.000296131
0.000328601
0.000324065
0.000261667
0.000261973
0.000263728
0.000269704
0.000284964
0.000295301
0.000282988
0.000289921
0.000290931
0.000273381
0.000296338
