0.00111746
0.0041021
0.000968976
0.00344803
0.00406116
0.00505322
0.00432035
0.0045484
0.00402636
0.00402626
0.00402296
0.00431209
0.0039055
0.00407153
0.00411851
0.00405247
0.00400113
0.00396174
0.00401978
0.00407396
0.00416216
0.00394119
0.00399755
0.00401054
0.00390478
0.00414763
0.00411399
0.00403131
0.00409417
0.00412131
0.00399194
0.00412328
0.00394116
0.00411212
0.00410229
0.00407589
0.00396414
0.00408165
0.00397811
0.00405889
0.00404229
0.00408004
0.004034
0.00404296
0.004091
0.00407627
0.00407856
0.00397062
0.00404981
0.00408054
0.00407805
0.00397688
0.00400667
0.00397372
0.00402874
0.000158452
0.00427943
0.00189741
0.00374595
0.00221459
0.00458505
0.00592395
0.00231474
0.00245726
0.00238398
0.00313101
0.00533156
0.00505123
0.00295422
0.00463741
0.00518837
0.00309795
0.00493641
0.00485212
0.00490153
0.00374412
0.00485798
0.00334273
0.0033559
0.00345863
0.00465144
0.00461666
0.00455958
0.00455321
0.00365062
0.00449712
0.00356773
0.00443278
0.0043731
0.00444396
0.00397294
0.00374359
0.0043531
0.00401165
0.00403313
0.00671428
0.00655929
0.00401988
0.00586836
0.00260391
0.00519976
0.00411321
0.00534976
0.00465255
0.00286619
0.00490955
0.00466126
0.00479689
0.00450439
0.00484396
0.00310382
0.00313362
0.00315776
0.00371146
0.00327153
0.00428147
0.00333459
0.00336133
0.00431751
0.00405969
0.00428081
0.00374389
0.0035182
0.00396666
0.00439459
0.00438411
0.0044585
0.0036006
0.00385323
0.00361026
0.00379761
0.00364895
0.00402047
0.00402907
0.00571472
0.00559158
0.0040237
0.00513122
0.00304095
0.00461013
0.00406476
0.0047483
0.00433146
0.00326095
0.00451232
0.00436801
0.00447951
0.00429361
0.00452216
0.00342781
0.00343746
0.00346443
0.00384593
0.00350379
0.00417754
0.00356654
0.00357204
0.00420342
0.00404647
0.00418372
0.00385133
0.00369165
0.00398913
0.0042661
0.00425974
0.0043279
0.00373296
0.00391517
0.00373774
0.0038776
0.00376582
0.00395845
0.00402557
0.00420048
0.00430029
0.00437865
0.00301489
0.00323417
0.00315414
0.00467317
0.00464839
0.00330091
0.00371972
0.00349363
0.00374799
0.00353485
0.0035472
0.00356492
0.00368742
0.0036484
0.00383105
0.00389719
0.00377363
0.003744
0.00414567
0.00387759
0.00420871
0.00401923
0.00391776
0.00418299
0.00414789
0.00457838
0.00389422
0.00347584
0.00390419
0.00349422
0.00387587
0.00367368
0.00441404
0.00384518
0.00364498
0.00383413
0.00390032
0.00373738
0.00403202
0.00426869
0.0040789
0.00427376
0.00395871
0.00419315
0.00409493
0.00417745
0.00417541
0.00400697
0.00425987
0.00400895
0.00384344
0.00384122
0.00386753
0.00404774
0.00401231
0.0038483
0.0039672
0.0039037
0.00395075
0.00409303
0.00406933
0.00388569
0.00402629
0.00582894
0.00405457
0.00405427
0.00205668
0.00241576
0.00424604
0.00531067
0.00533473
0.0050226
0.00291497
0.00300146
0.00345491
0.00431829
0.00454578
0.00380466
0.00381517
0.00420703
0.00465567
0.00437005
0.00422318
0.00387677
0.0038052
0.00455571
0.00433092
0.00352355
0.00353896
0.00389893
0.0036631
0.00416423
0.0040737
0.00362653
0.0038035
0.00402635
0.00375953
0.00403965
0.00431392
0.00386964
0.00422151
0.00413683
0.00417059
0.004069
0.00419146
0.00407052
0.00397286
0.00392261
0.00392134
0.00411432
0.00414853
0.00406269
0.00399168
0.0041356
0.00409227
0.00408454
0.00399631
0.00392966
0.00412594
0.00395327
0.00393001
0.00411695
0.00395465
0.00408298
0.00399108
0.0040594
0.00410157
0.0039486
0.00408652
0.00396111
0.00409304
0.00408199
0.00405504
0.004073
0.00399872
0.00402888
0.00402042
0.00407417
0.00408106
0.00404058
0.00405837
0.00397659
0.00402078
6.04537e-05
0.00381485
0.00294589
0.00309317
0.00361844
0.00421074
0.00339998
0.00344261
0.00435767
0.00433883
0.0035312
0.0040243
0.00372786
0.00367954
0.0039964
0.00384256
0.00411737
0.00375373
0.0037713
0.00402375
0.0038162
0.00477204
0.00130393
0.00501758
0.00165394
0.00497482
0.00222297
0.00488615
0.00290656
0.00516206
0.0045027
0.00293297
0.00305229
0.00434436
0.00482945
0.00480847
0.00362234
0.00469448
0.00461255
0.00335598
0.00393099
0.00380068
0.00340397
0.00410013
0.00352286
0.00439956
0.00366509
0.00353043
0.00402625
0.00400847
0.00374093
0.0042397
0.00413705
0.00412901
0.00374823
0.00401575
0.00411995
0.0040805
0.00381516
0.00410982
0.00393712
0.00391183
0.00405907
0.00419859
0.00385616
0.00391138
0.00395794
0.00388895
0.00408551
0.00401744
0.00415155
0.00415452
0.00414378
0.00397423
0.00407766
0.00397084
0.00413946
0.00400337
0.00413017
0.00395779
0.00412244
0.00411819
0.00393666
0.00397457
0.00397005
0.00394153
0.00403132
0.00410159
0.00402635
0.00402635
0.00257013
0.00398105
0.00400274
0.00391415
0.00325074
0.0042101
0.00472548
0.0042474
0.00365979
0.00359297
0.00388455
0.00419198
0.00451703
0.00381936
0.00449711
0.00356302
0.0036808
0.00413462
0.00392008
0.00435418
0.00434318
0.00368317
0.00375403
0.00433854
0.00418047
0.00427102
0.00424831
0.00415375
0.00427984
0.00417475
0.00386221
0.02074
0.00646187
0.00139876
0.00425476
0.00553252
0.00302941
0.00387327
0.00351809
0.00434998
0.00277361
0.00286133
0.0032322
0.00323269
0.00402635
0.00398191
0.00400068
0.00277251
0.00388096
0.00431023
0.00322534
0.00425356
0.00474127
0.0033082
0.00332995
0.00433264
0.00350459
0.00343587
0.00436284
0.00403065
0.00451151
0.00362325
0.00400392
0.00358158
0.00440333
0.00413374
0.00376146
0.00364225
0.00376704
0.00385359
0.00430487
0.00375585
0.00372422
0.00375301
0.00409916
0.00375355
0.00402832
0.00378919
0.00409669
0.00402568
0.00146245
0.00213385
0.00584369
0.00573879
0.00418054
0.00159742
0.00228481
0.00231264
0.00493915
0.00231802
0.00510577
0.00514044
0.00387147
0.00287268
0.00285226
0.00283852
0.00287266
0.00315895
0.00315225
0.00314627
0.004544
0.0034331
0.00475257
0.00449488
0.0033667
0.00334115
0.00396013
0.00430904
0.00343604
0.00359866
0.0045055
0.00437993
0.00357567
0.0039744
0.00234339
0.0029876
0.00361313
0.00318518
0.00329896
0.00341039
0.00339559
0.00343732
0.00453563
0.004561
0.00450589
0.00429733
0.004476
0.00446347
0.00376567
0.00443112
0.00360977
0.00374003
0.00394424
0.00423841
0.0037258
0.00405603
0.00432809
0.00402356
0.00425664
0.00415781
0.00386767
0.00382418
0.00426033
0.0037999
0.00424643
0.00422818
0.00413167
0.00389199
0.0190998
0.00184458
0.00262995
0.00309985
0.00277378
0.00515777
0.00262197
0.00420762
0.00380032
0.00442502
0.00439904
0.0029653
0.00406673
0.00402635
0.00402635
0.00460239
0.0040559
0.00380426
0.00407263
0.00401222
0.00396044
0.00372726
0.00406547
0.0043648
0.00372116
0.00436336
0.0040787
0.00399397
0.00430858
0.00429683
0.00383227
0.00421102
0.0039239
0.00405248
0.00380252
0.00423261
0.00383194
0.00423585
0.00401001
0.0038466
0.00393078
0.00394992
0.00388442
0.00420893
0.00414967
0.00405607
0.0040318
0.00417104
0.00409203
0.0041565
0.00416242
0.00393252
0.00415599
0.00409599
0.00403498
0.00413477
0.00390716
0.00394928
0.00393128
0.00400186
0.00411623
0.00391569
0.0059431
0.00436889
0.00243717
0.0022373
0.00212566
0.00235345
0.00277604
0.00288593
0.00277774
0.00478826
0.00356526
0.00463639
0.00380332
0.00328083
0.00370248
0.00430059
0.00452886
0.00354002
0.0138185
0.00595158
0.00195664
0.00418645
0.00519914
0.00329156
0.00391029
0.00364471
0.00427585
0.00304456
0.00311401
0.00341221
0.00340914
0.00709077
0.000728463
3.58153e-05
0.0060955
0.000413461
0.00111087
0.00567716
0.00180528
0.00457469
0.0041344
0.00615676
0.00403824
0.00380314
0.00406848
0.00468827
0.00440853
0.00454505
0.00420341
0.00355823
0.00446961
0.00443482
0.00419558
0.00373676
0.00437223
0.00431121
0.00434377
0.00429696
0.00409954
0.00432597
0.00427167
0.00394608
0.00399402
0.00428606
0.00428953
0.00408605
0.00405577
0.00379676
0.00414286
0.00424795
0.00424772
0.00392427
0.00398972
0.00413648
0.00384832
0.00418186
0.00419528
0.00394424
0.00418668
0.00387359
0.00392367
0.00389922
0.00399946
0.00416569
0.00415037
0.00413694
0.00411908
0.0039245
0.00391552
0.000562008
0.00331286
0.00124647
0.00138417
0.00537993
0.00262688
0.00492783
0.00252031
0.00490515
0.00278839
0.0047681
0.00485962
0.00307551
0.00323749
0.00464743
0.00424497
0.00359553
0.00342933
0.00443798
0.00421699
0.00376576
0.00399806
0.00380458
0.00309901
0.00391507
0.0032769
0.00458691
0.00393122
0.00445494
0.00352093
0.0042094
0.00366549
0.00400214
0.00417474
0.00416063
0.0037337
0.00371696
0.00395861
0.00394072
0.00376708
0.00402635
0.00340248
0.00154877
0.00173962
0.0026033
0.00419217
0.00442399
0.0045225
0.00314598
0.00321382
0.0034034
0.00333042
0.00402635
0.00400094
0.00386889
0.00463879
0.00423104
0.00469567
0.0041754
0.00338534
0.003423
0.00420138
0.00391528
0.00388554
0.00420767
0.00444406
0.00436545
0.00360199
0.0042721
0.00437654
0.00430608
0.00387229
0.00374059
0.00374514
0.00375301
0.00408906
0.00400907
0.00397985
0.0256051
0.00353874
0.000623964
0.00155737
0.00444487
0.004169
0.00584246
0.00590562
0.0012911
0.00178424
0.00540864
0.00249721
0.00212657
0.00242312
0.0024627
0.00258175
0.0032567
0.0029722
0.00313274
0.00309679
0.00401479
0.000695946
0.00261141
0.00176104
0.000433803
0.00430869
0.00179412
0.00206787
0.00350091
0.00343159
0.00419756
0.00478439
0.00402637
0.00402635
0.00402638
0.00460077
0.00356044
0.00360837
0.00406132
0.0039732
0.004017
0.0041152
0.00371665
0.00374143
0.00429043
0.003968
0.00417005
0.00411971
0.0038728
0.00423739
0.00380357
0.00395665
0.004155
0.00423379
0.00419632
0.00406644
0.00420551
0.00386958
0.00421129
0.00386934
0.00418618
0.00407243
0.00408426
0.00388148
0.00413312
0.00408541
0.00390028
0.00390729
0.00409996
0.00394847
0.00391001
0.0039332
0.00413485
0.0041202
0.00392854
0.00409943
0.00392252
0.00413
0.00409634
0.00410555
0.00126602
0.000242527
0.0016968
0.00479465
0.00301946
0.00384142
0.00304259
0.00402635
0.002442
0.00274823
0.00265653
0.00463417
0.00354003
0.00488463
0.00297387
0.00313726
0.0033942
0.00332022
0.00437702
0.0046674
0.00413848
0.00363162
0.00350099
0.00453036
0.00352014
0.00429248
0.00355364
0.00409138
0.00401358
0.00382041
0.00399131
0.00432234
0.00367631
0.0043033
0.00430497
0.00387853
0.00402635
0.00374127
0.00311035
0.0034457
0.00407287
0.00335493
0.00451602
0.00452916
0.00433179
0.00361039
0.00364093
0.00387597
0.00425375
0.00361162
0.00385846
0.00366802
0.00400042
0.0037751
0.0037471
0.00428198
0.00374511
0.00415216
0.00420995
0.00391305
0.00404903
0.00385842
0.00395458
0.00381244
0.00396076
0.00396117
0.00384042
0.00390916
0.00386464
