0.0176891
0.0203124
0.024025
0.0221837
0.0242786
0.0246528
0.0249351
0.0251651
0.025099
0.0250703
0.0250673
0.0250812
0.0250746
0.02509
0.0250815
0.0250707
0.0250763
0.0250735
0.0250754
0.0250719
0.0250716
0.0250708
0.0250755
0.0250722
0.025063
0.0250693
0.0250737
0.0250698
0.025071
0.0250711
0.0250635
0.0250663
0.0250689
0.0250701
0.0250673
0.0250667
0.0250702
0.0250698
0.0250687
0.0250663
0.0250706
0.0250697
0.0250685
0.025067
0.0250689
0.0250652
0.0250689
0.0250681
0.0250685
0.0250633
0.0250662
0.0250679
0.0250647
0.0250635
0.0252364
0.0252305
0.0252833
0.0251013
0.0251579
0.0251791
0.025043
0.0251015
0.025187
0.0250961
0.0250456
0.0250544
0.0250698
0.0251329
0.0251357
0.0250615
0.0250436
0.0250923
0.0251212
0.025092
0.0250874
0.0251308
0.0251152
0.0251059
0.0250571
0.0250787
0.0250784
0.0250998
0.0250664
0.0250949
0.0250628
0.025097
0.0250803
0.0250854
0.0250559
0.0250842
0.0250686
0.0250694
0.0250859
0.0250782
0.0250635
0.0249778
0.0249424
0.0249523
0.02484
0.0251011
0.0249639
0.0250006
0.0250446
0.0249723
0.0249858
0.0250467
0.0250061
0.0250071
0.0250111
0.0249975
0.0250647
0.0250211
0.0250553
0.0250258
0.0250174
0.0250232
0.0250193
0.0250769
0.0250258
0.0250352
0.0250342
0.0250321
0.0250486
0.0250327
0.0250481
0.0250459
0.0250376
0.0250469
0.0250394
0.0250557
0.0250476
0.0250693
0.0250637
0.0250536
0.0250542
0.0250522
0.0250635
0.025029
0.024994
0.025015
0.024949
0.0250895
0.0250037
0.0250341
0.0250529
0.025016
0.0250258
0.025054
0.0250277
0.0250293
0.0250312
0.0250274
0.0250643
0.0250363
0.0250586
0.0250425
0.025038
0.0250409
0.0250386
0.0250726
0.0250403
0.025045
0.0250447
0.0250442
0.0250542
0.0250444
0.0250528
0.0250526
0.0250466
0.0250531
0.0250478
0.0250585
0.0250527
0.0250675
0.0250636
0.0250566
0.0250574
0.0250557
0.0250634
0.0243995
0.024608
0.0250204
0.0250411
0.0250709
0.0249659
0.0249943
0.0248979
0.0248982
0.025043
0.0250212
0.0249328
0.0249652
0.0250035
0.0249769
0.0250187
0.0250109
0.024976
0.0249732
0.0249992
0.0250256
0.02498
0.0249836
0.0250612
0.0250585
0.025012
0.025046
0.0250635
0.0250635
0.0249873
0.0250395
0.0250566
0.0250443
0.0250473
0.0250419
0.0250417
0.0250447
0.0250461
0.0250465
0.0250467
0.0250454
0.0250486
0.0250522
0.0250546
0.0250499
0.0250486
0.0250485
0.0250521
0.0250688
0.0250631
0.0250612
0.0250676
0.0250554
0.0250536
0.0250545
0.0250547
0.0250558
0.0250636
0.025064
0.0250643
0.0250575
0.0250557
0.0250609
0.0250569
0.0250641
0.0250595
0.025063
0.0243874
0.0245689
0.0248795
0.0248688
0.0249164
0.0250728
0.0249266
0.0250152
0.0248859
0.0250358
0.024918
0.0249807
0.0250183
0.0250117
0.0250432
0.0249509
0.0249568
0.0250622
0.0249723
0.0249795
0.0250029
0.0250216
0.0250223
0.0249988
0.0250066
0.0250309
0.0250406
0.0250343
0.0250448
0.0250452
0.0250184
0.025061
0.0250264
0.0250635
0.0251183
0.0250638
0.0250682
0.0250823
0.0250799
0.0250858
0.0250713
0.0250684
0.0250737
0.0250654
0.0250688
0.0250737
0.0250737
0.0250617
0.0250718
0.0250692
0.0250706
0.0250707
0.025068
0.0250703
0.0250647
0.0250644
0.0250695
0.0250674
0.0250705
0.0250647
0.025069
0.0250635
0.0250622
0.0250655
0.0250666
0.0250657
0.0250655
0.0250678
0.0250645
0.0250681
0.0250661
0.0250655
0.0250664
0.0250653
0.0250656
0.0250667
0.0250657
0.0250655
0.0250659
0.0250639
0.023035
0.024542
0.0246958
0.0249424
0.0247332
0.0247548
0.0250535
0.0249191
0.0248624
0.0250551
0.0248697
0.024992
0.0248766
0.0249739
0.0250421
0.0249018
0.0249619
0.0249222
0.0250297
0.0249733
0.0249642
0.0238872
0.0245894
0.0236785
0.0244689
0.024618
0.0249393
0.0245328
0.024677
0.024954
0.0249558
0.0250745
0.0248414
0.0247788
0.0250509
0.0248237
0.0250048
0.0250619
0.0248702
0.0249052
0.0248743
0.0249075
0.0249351
0.0249299
0.0249945
0.0249729
0.0250635
0.0250828
0.0250786
0.0250751
0.0250766
0.0250723
0.0250602
0.0250689
0.0250705
0.0250713
0.0250605
0.0250734
0.0250692
0.0250724
0.0250726
0.0250701
0.0250714
0.0250653
0.0250704
0.02507
0.0250602
0.0250686
0.0250702
0.025063
0.0250691
0.0250687
0.0250694
0.0250691
0.0250645
0.0250677
0.0250663
0.0250664
0.0250676
0.0250628
0.0250671
0.025063
0.0250657
0.0250635
0.0250662
0.0250626
0.0250669
0.0250661
0.0250635
0.0250582
0.0248809
0.024989
0.0249411
0.0249094
0.0250189
0.0249699
0.0250408
0.0249625
0.0249945
0.0250308
0.0249893
0.0250024
0.0249977
0.0249851
0.024993
0.0249996
0.0250182
0.0250169
0.0250107
0.025064
0.0250444
0.0250148
0.0250494
0.0250298
0.0250524
0.0250243
0.0250489
0.0250352
0.025031
0.0250307
0.0250583
0.022294
0.0235734
0.0230268
0.0239309
0.0236246
0.0243778
0.0238166
0.0247696
0.0249723
0.0247171
0.0245674
0.0245917
0.0223216
0.0248874
0.0248991
0.024961
0.024987
0.024938
0.0249915
0.0249874
0.0249798
0.0250163
0.0249877
0.0250446
0.0250515
0.0250076
0.0250061
0.0250057
0.0250242
0.0250735
0.025026
0.0250579
0.0250232
0.0250299
0.0250228
0.0250297
0.0250449
0.0250441
0.0250545
0.0250478
0.0250472
0.0250466
0.0250421
0.0250395
0.0250561
0.02504
0.0250635
0.0249269
0.0245642
0.0244995
0.024613
0.0245599
0.0249528
0.024779
0.0249035
0.0250834
0.0247604
0.0247724
0.0247441
0.0247862
0.0247744
0.0247776
0.0250553
0.024808
0.0249269
0.0249824
0.0249087
0.0249446
0.0249147
0.0249099
0.0249231
0.0249196
0.0249503
0.0249659
0.024995
0.0250725
0.025016
0.0249852
0.0250295
0.0249818
0.0250635
0.0249207
0.025006
0.0250118
0.0250222
0.0250675
0.0250565
0.0250692
0.0250532
0.0250485
0.0250576
0.0250365
0.0250425
0.0250544
0.0250248
0.0250538
0.0250236
0.0250577
0.0250376
0.0250503
0.0250433
0.0250342
0.0250377
0.0250486
0.0250459
0.0250549
0.0250559
0.0250413
0.0250424
0.0250523
0.0250583
0.0250564
0.0250539
0.0219776
0.0238358
0.023166
0.0231798
0.0238172
0.0233829
0.0248084
0.0243471
0.0245672
0.0241923
0.0242218
0.0250123
0.0250635
0.0251097
0.0250729
0.0251552
0.0251278
0.0250953
0.0250863
0.0250891
0.0251026
0.0250875
0.0250633
0.0250832
0.0250943
0.0251001
0.025099
0.0250984
0.0250702
0.0250825
0.025095
0.025092
0.0250916
0.0250714
0.0250797
0.02509
0.0250892
0.025069
0.0250866
0.0250787
0.0250765
0.0250757
0.025063
0.0250765
0.0250607
0.02508
0.0250788
0.0250662
0.0250717
0.0250775
0.0250731
0.0250755
0.0250716
0.0250764
0.0250743
0.0250655
0.0250754
0.0250704
0.0250635
0.0239596
0.0249116
0.0241039
0.0241063
0.0244662
0.0242734
0.0245921
0.0245423
0.0247861
0.0250256
0.0247277
0.0246636
0.0247513
0.0247544
0.0249615
0.0249655
0.0248416
0.0230843
0.0241044
0.0236753
0.02422
0.0240254
0.0245364
0.0241499
0.0248315
0.0249903
0.0247899
0.0246757
0.0246938
0.0238832
0.020995
0.0225282
0.0244076
0.0230346
0.0226211
0.024133
0.0243716
0.0248186
0.0239799
0.024622
0.0243916
0.0244942
0.0250635
0.0251415
0.0251585
0.0251515
0.0250933
0.0251271
0.0251246
0.0250967
0.025097
0.0250811
0.0250824
0.0250948
0.0250966
0.0250994
0.0250996
0.0250995
0.0250774
0.0250782
0.025097
0.0250793
0.0250873
0.0250867
0.0250613
0.0250708
0.0250914
0.0250881
0.0250623
0.0250852
0.0250811
0.0250699
0.025076
0.0250681
0.025073
0.0250794
0.025081
0.0250754
0.0250697
0.0250675
0.0250631
0.0250748
0.0250689
0.0250614
0.0250775
0.0250741
0.0250767
0.0250763
0.025076
0.0250635
0.0248092
0.0237317
0.024184
0.0244141
0.0248705
0.0248511
0.0244041
0.0244067
0.0246991
0.0248326
0.0247031
0.0246931
0.0249415
0.0248514
0.0248321
0.0248209
0.0249011
0.024971
0.0250635
0.0243956
0.0245035
0.0247393
0.02499
0.0250419
0.0247356
0.0250224
0.025002
0.0250097
0.0250154
0.0250189
0.0250414
0.0249964
0.0249417
0.0249036
0.0249785
0.0249011
0.0249202
0.0250282
0.0227056
0.024205
0.023566
0.0242158
0.0249531
0.0243041
0.0247735
0.0248013
0.024525
0.0249633
0.024592
0.0248763
0.0247451
0.0247889
0.0240809
0.0249882
0.0247942
0.024864
0.0249037
0.0249979
0.024925
0.024979
0.0250427
0.0249769
0.0249696
0.025018
0.0249523
0.0250492
0.0249585
0.0249811
0.0250029
0.0250079
0.0250132
0.0249992
0.0250185
0.0250017
0.0250024
0.0250511
0.0250196
0.02501
0.0246567
0.0214742
0.0214652
0.0218208
0.0249731
0.0234511
0.024379
0.024376
0.0237596
0.0249063
0.0240733
0.0246882
0.0242456
0.0242341
0.0248295
0.0245557
0.0243416
0.0249374
0.0246682
0.0245959
0.0238578
0.0221273
0.0228707
0.0232265
0.0240539
0.0246103
0.0244161
0.0247584
0.0240541
0.0242355
0.024863
0.0242338
0.024457
0.0250635
0.0250687
0.0251126
0.0250854
0.0250756
0.0251099
0.0251013
0.0250956
0.025095
0.0250976
0.0250953
0.0250962
0.0250945
0.0250668
0.0250946
0.0250911
0.0250658
0.0250747
0.0250704
0.0250823
0.0250708
0.0250847
0.0250811
0.025087
0.0250867
0.0250843
0.0250812
0.0250661
0.02508
0.0250671
0.0250798
0.025078
0.025079
0.0250796
0.0250754
0.0250759
0.0250725
0.0250705
0.0250781
0.0250678
0.0250754
0.025076
0.0250731
0.0250738
0.0250688
0.0250732
0.0250697
0.0250691
0.0229527
0.0237425
0.0235768
0.0246313
0.0247133
0.024526
0.0250635
0.0244264
0.0246369
0.0247072
0.0248675
0.0249759
0.024952
0.0248588
0.0249151
0.0250291
0.0249642
0.0248915
0.0249098
0.0250535
0.0250214
0.0249352
0.0249476
0.0249371
0.0249606
0.0250299
0.0249792
0.0250294
0.0250246
0.0250018
0.0249855
0.0250111
0.0249909
0.0250339
0.0250635
0.0249183
0.0250455
0.0249871
0.0250414
0.0250142
0.0250047
0.0250055
0.0249968
0.0250046
0.0250232
0.025017
0.0250076
0.025069
0.0250549
0.0250532
0.0250306
0.0250603
0.0250397
0.025016
0.0250278
0.0250405
0.0250339
0.0250514
0.0250464
0.0250401
0.0250387
0.0250528
0.0250632
0.025042
0.0250454
0.0250433
0.0250459
