0.0157335
0.0282288
0.0127252
0.00147134
0.00649745
0.00625591
0.0102276
0.0078453
0.00633715
0.00925181
0.00921432
0.0164881
0.0170626
0.0160404
0.000608961
0.0159096
0.0157633
0.00828679
0.00801618
0.0137555
0.0142642
0.00912845
0.0078258
0.0137388
0.0136647
0.00941164
0.0133059
0.00961524
0.0133092
0.0132562
0.0130547
0.0129703
0.0125328
0.010192
0.0100923
0.0101545
0.0122321
0.0102168
0.0124758
0.0125421
0.0120375
0.0104017
0.0103991
0.0121381
0.0122631
0.0107406
0.011829
0.0107832
0.0115105
0.0107961
0.0112818
0.0209605
0.0067423
0.00844438
0.0228303
0.0209831
0.00752658
0.00870032
0.0135704
0.01817
0.00936018
0.0168722
0.0140816
0.0151165
0.00858185
0.00934138
0.00885397
0.00957239
0.0143853
0.0134834
0.0136878
0.0096045
0.00965827
0.00976572
0.0106502
0.0123846
0.0131221
0.0101304
0.0129675
0.0102206
0.0102965
0.0115804
0.0120894
0.0104605
0.0104304
0.0104215
0.0127421
0.0105495
0.0104979
0.0105061
0.0105549
0.01108
0.0107874
0.0116467
0.011289
0.0107009
0.0106892
0.0121292
0.0122752
0.0118072
0.0119308
0.0122434
0.0121116
0.0121863
0.0108856
0.0111039
0.0121103
0.0116041
0.0120887
0.0109939
0.0110853
0.0120362
0.0117031
0.0110138
0.0112453
0.0109821
0.0117691
0.0118236
0.0110233
0.0114688
0.00452382
0.0171881
0.0116309
0.00613485
0.0154696
0.00348076
0.0117741
0.00838897
0.00585396
0.00746364
0.00778785
0.0111923
0.0140742
0.0112643
0.00897386
0.00839586
0.0110579
0.0133959
0.00916059
0.00880722
0.00968089
0.00921945
0.00973977
0.0128412
0.0100654
0.0127582
0.0110465
0.0101333
0.0126503
0.0103979
0.0123071
0.0120996
0.0104267
0.0117277
0.0122808
0.0105274
0.0121468
0.012358
0.0111948
0.0106279
0.0113474
0.0122343
0.00793361
0.00305746
0.0143401
0.00551868
0.0160327
0.00820909
0.0148169
0.00671544
0.0075546
0.0145855
0.0091517
0.0128076
0.00765339
0.0138999
0.0124637
0.013389
0.00945227
0.013086
0.0123366
0.00934999
0.0095635
0.00951741
0.00988753
0.0099584
0.0101003
0.0102225
0.0102097
0.0100819
0.0102105
0.0111877
0.0112841
0.0122938
0.0113022
0.0124321
0.0115485
0.0123468
0.0119575
0.0106212
0.010681
0.0107512
0.0119166
0.00379869
0.0528117
0.0150025
0.0160073
0.0154601
0.00313819
0.014839
0.00955499
0.00693402
0.0106848
0.0102737
0.0111241
0.0135505
0.0125558
0.0117351
0.00929005
0.0123497
0.0101511
0.0129309
0.0100489
0.0124091
0.0110508
0.0116831
0.0121977
0.0121662
0.017305
0.000195132
0.00385138
0.0156966
0.0012939
0.0068224
0.00544875
0.00462317
0.00633806
0.00642721
0.00718762
0.00818219
0.0101023
0.0134548
0.0120643
0.0124143
0.00925822
0.00988845
0.00980286
0.00958835
0.00982073
0.0101775
0.0107592
0.012356
0.0103595
0.0116891
0.0111085
0.0104289
0.0123982
0.0123439
0.0105596
0.0381952
0.0172985
0.0153794
0.0103753
0.0072508
0.000876989
0.00569902
0.00635032
0.0124749
0.00785498
0.00706416
0.0140511
0.00763297
0.00878268
0.00849527
0.0134496
0.0135127
0.00877052
0.00966511
0.00949327
0.00934413
0.0130191
0.0114109
0.0126923
0.0101301
0.0126061
0.0101972
0.0104065
0.0103584
0.0111788
0.0105618
0.0123811
0.0106227
0.00332827
0.00725461
0.0154776
0.0160707
5.57931e-06
0.0150709
0.0106093
0.0143932
0.00712107
0.00900894
0.0139867
0.0143038
0.0141483
0.0110091
0.00806727
0.00940796
0.00936967
0.0133099
0.0134156
0.0132577
0.00924887
0.012894
0.0121594
0.0126493
0.00985622
0.0116187
0.0127841
0.0103088
0.0103122
0.01017
0.0107593
0.0124245
0.0110966
0.0109544
0.0105232
0.0104904
0.0111423
0.0115564
0.0118349
0.0106513
0.0118395
0.0243798
0.00082266
0.00209619
0.0151569
0.0059948
0.0142712
0.0122729
0.00928213
0.00667298
0.014187
0.0139387
0.00947047
0.0134984
0.00850746
0.0112301
0.00932372
0.0102645
0.00939107
0.0128482
0.00960034
0.0096883
0.0113538
0.0126864
0.0122163
0.0101524
0.0102563
0.0103757
0.0116001
0.0106782
0.0119245
0.0108456
0.0123991
0.0104984
0.0108984
0.00493009
0.0170952
0.0103801
0.00609038
0.0154286
0.0034949
0.0118862
0.00839244
0.00588152
0.00747041
0.00779469
0.011221
0.0140613
0.0112833
0.00897779
0.00840292
0.0110683
0.0133884
0.00916643
0.00881995
0.0096851
0.00922972
0.00974434
0.0128364
0.0100696
0.0127532
0.0110504
0.0101375
0.0126455
0.0104042
0.0123037
0.0120972
0.0104324
0.0117272
0.0122775
0.0105309
0.012144
0.0123547
0.0111968
0.010632
0.0113485
0.0122313
0.300663
0.0141577
0.0167332
0.00873709
0.0130531
0.00187652
0.0151747
0.00639375
0.0076135
0.00862148
0.0132075
0.00890672
0.00858739
0.0132005
0.0100512
0.00904056
0.0168907
0.0170937
0.0158994
8.15137e-05
0.0158654
0.0156846
0.00841706
0.00802703
0.0137476
0.0142276
0.00913324
0.00785756
0.0137138
0.01364
0.0094176
0.0132865
0.00962285
0.01329
0.0132377
0.0130407
0.0129557
0.0125235
0.0101999
0.0101033
0.0101643
0.0122256
0.0102257
0.012467
0.0125342
0.0120329
0.0104095
0.010408
0.0121324
0.0122567
0.0107479
0.0118262
0.01079
0.0115109
0.0108023
0.0112844
0.00406487
0.00274166
0.0102463
0.0204543
0.00778401
0.00365072
0.00742651
0.0160097
0.00704788
0.0156176
0.0154194
0.0132715
0.0137862
0.00963716
0.0137747
0.00975434
0.0115985
0.0135009
0.00993749
0.0134715
0.00966281
0.00971568
0.0100005
0.0111061
0.0130092
0.0129249
0.0128262
0.010465
0.0128324
0.0123018
0.0127773
0.0127636
0.0102357
0.0103633
0.0121363
0.0123813
0.0111394
0.0104416
0.0124479
0.0105818
0.0123634
0.0108552
0.0117059
0.012031
0.0120778
0.0111316
0.0107425
0.0121344
0.0107697
0.010906
0.0121718
0.0109605
0.0108214
0.0115013
0.0109447
0.0110683
0.012036
0.0119156
0.0109588
0.017144
0.00287191
0.00417272
0.0156465
0.00111134
0.00676246
0.00544538
0.00455749
0.00626786
0.00635892
0.00713202
0.00813834
0.010088
0.013459
0.0120727
0.0124238
0.0092216
0.0098608
0.00978543
0.00955475
0.00979913
0.0101503
0.0107414
0.0123682
0.0103429
0.0116902
0.0110972
0.0104108
0.0124123
0.0123579
0.0105415
0.024831
0.00662188
0.0165953
0.00195576
0.00668892
0.0157802
0.0156774
0.00815452
0.00788665
0.00735846
0.0150001
0.00951691
0.01448
0.00893195
0.00965938
0.0118009
0.0134705
0.00988855
0.0134502
0.00980252
0.0132507
0.0111404
0.0100009
0.00993294
0.0113602
0.00999918
0.0128392
0.0128378
0.0122831
0.0103048
0.011802
0.0127581
0.010282
0.0104147
0.0103137
0.0104696
0.0108306
0.0124851
0.0124377
0.0110342
0.0120851
0.0117323
0.0117311
0.0122591
0.0122485
0.0122174
0.0117359
0.0107789
0.0107862
0.0121341
0.0121498
0.0111274
0.0121381
0.0117067
0.0119331
0.012028
0.0113298
0.0119731
0.010966
0.156766
0.0202443
0.00902451
0.0043314
0.00211897
0.000632227
0.014368
0.00807009
0.00966793
0.00911997
0.0129481
0.0077115
0.0135458
0.0133642
0.0121335
0.008968
0.00959351
0.00938057
0.00979271
0.00997466
0.0126003
0.0245298
0.00851975
0.00201695
0.0129096
0.00336214
0.0144305
0.0135829
0.00795872
0.0145037
0.00577159
0.00716734
0.0125929
0.00849655
0.011713
0.00906484
0.0134195
0.00899381
0.0132923
0.00916271
0.0101794
0.0126962
0.0116143
0.0128587
0.012666
0.0125102
0.0125515
0.0102203
0.0104379
0.0105515
0.0118996
0.0118763
0.0118515
0.0104852
0.0122582
0.0109635
0.00257029
0.00296701
0.0148317
0.0202545
0.00234251
0.00757894
0.00481013
0.0132494
0.00780876
0.00692601
0.00949306
0.00846667
0.00975723
0.0140083
0.0102803
0.00992869
0.0137398
0.0136995
0.0129897
0.0106329
0.01305
0.00979848
0.00988241
0.0127747
0.0102287
0.0117955
0.0114666
0.0101049
0.0120263
0.0115583
0.0103324
0.012625
0.0117868
0.010857
0.0124526
0.0124021
0.0121641
0.0112019
0.0116776
0.0123017
0.0107272
0.0114794
0.0121773
0.0121663
0.010821
0.011298
0.0117586
0.0108727
0.0108879
0.0118717
0.0111238
0.0109497
0.0109538
0.0134895
0.0683376
0.00705074
0.00087778
0.0146162
0.00189099
0.0042775
0.0030515
0.0064334
0.00588305
0.00591706
0.00845438
0.0077169
0.00864095
0.00835564
0.0107411
0.0112256
0.0132993
0.0090026
0.0100344
0.00938694
0.0111721
0.0123419
0.0125107
0.0101668
0.0113846
0.0102792
0.0124775
0.14522
0.103637
0.000104554
0.00052339
0.0134294
0.0126098
0.00277369
0.0149441
0.00700544
0.00832686
0.00827304
0.0121767
0.00852458
0.00929523
0.00869201
0.00848085
0.00899765
0.0113301
0.0118264
0.0127139
0.0122627
0.0121891
0.0106215
0.00368717
0.00390776
0.01873
0.00741225
0.00490272
0.0174794
0.006997
0.00529064
0.00546395
0.00696205
0.00880928
0.0123962
0.00918864
0.00886389
0.00903361
0.00872812
0.0138357
0.0137872
0.0136574
0.0132715
0.00948733
0.0120373
0.00973871
0.0097667
0.0101443
0.0129161
0.0101937
0.011739
0.0101595
0.0112086
0.0127073
0.0126414
0.0102659
0.0107443
0.0103605
0.0107287
0.0123461
0.0106876
0.0123473
0.0106046
0.0115009
0.0108123
0.0122646
0.0115436
0.0109802
0.0121369
0.0113036
0.0118939
0.0108964
0.01195
0.010991
0.00368717
0.00390776
0.0187738
0.00741225
0.00490273
0.0173128
0.00699709
0.00547807
0.00551727
0.00696724
0.00881183
0.0124242
0.00919051
0.00886826
0.00903687
0.00873658
0.0138134
0.0137657
0.0136383
0.0132591
0.00949183
0.0120393
0.00974442
0.00977721
0.0101555
0.0129077
0.0101969
0.01174
0.0101641
0.0112128
0.012701
0.0126348
0.0102708
0.0107497
0.0103648
0.0107332
0.0123417
0.0106917
0.0123436
0.0106079
0.0115013
0.0108157
0.0122611
0.0115436
0.0109828
0.012134
0.0113047
0.0118921
0.0108988
0.0119479
0.0109932
0.00579297
0.016504
0.0113215
0.0157795
0.00780691
0.000264674
0.0148901
0.00368195
0.014676
0.0108798
0.0140204
0.0124978
0.0111978
0.0093355
0.0105111
0.00933631
0.00885232
0.0129488
0.012468
0.0127106
0.0095605
0.0093111
0.0118326
0.0126812
0.0100334
0.0125624
0.0102424
0.0111084
0.0558627
0.00642204
0.00312014
0.00196517
0.0137927
0.00813931
0.00787598
0.00810756
0.0097727
0.0209521
0.00988859
0.0134026
0.00396574
0.0121586
0.00256095
0.000906866
0.0131698
0.00789749
0.00814153
0.0124054
0.0139374
0.00869751
0.0132762
0.0128658
0.0130693
0.00901542
0.00964146
0.00983802
0.0126831
0.00954046
0.0095463
0.0104676
0.154944
0.00673461
0.0148126
0.00516325
0.0155289
0.00326294
0.0156156
0.00721137
0.00879749
0.00836816
0.0141387
0.0141561
0.00778916
0.0139439
0.00825226
0.00951864
0.00961272
0.0105929
0.00899954
0.0129384
0.0128089
0.00988056
0.010013
0.011396
0.0130851
0.0131074
0.0109479
0.0100589
0.0112245
0.0123641
0.0103493
0.0125036
0.0104497
0.0108047
0.0122348
0.0117339
0.0107665
0.010972
0.0108454
0.012219
0.0119324
0.012099
0.00796792
0.0193795
0.0165419
0.0156542
0.00951035
0.0129341
0.00712779
0.0143407
0.00691879
0.00744681
0.00804561
0.00806137
0.0111431
0.0134174
0.0129232
0.00957977
0.00931702
0.0112498
0.00953283
0.0103146
0.0108943
0.0128154
0.0101811
0.0112113
0.0108442
0.0100912
0.010319
0.01238
0.000755303
0.00204433
0.0157898
0.0105132
0.0180123
0.017764
0.0139867
0.00802426
0.00869304
0.0149984
0.0138796
0.0117883
0.00972403
0.0133895
0.00883268
0.00900904
0.0132559
0.0132935
0.00968378
0.0136558
0.00933585
0.00985334
0.00981161
0.0100258
0.0102455
0.0102885
0.0128292
0.01037
0.0127508
0.0109909
0.0121326
0.0122873
0.0109963
0.0122795
0.0117999
0.0113518
0.0117202
0.0123796
0.0123433
0.0106819
0.0113828
0.010774
0.0117756
0.0109645
0.010851
0.0108709
0.0109423
0.0118259
0.0109206
0.0109385
0.0119068
0.0118688
0.0120276
0.126384
0.0242028
0.0153865
0.00610282
0.00718453
0.0200491
0.0158822
0.00825846
0.0141244
0.0150773
0.0137122
0.0133407
0.0108621
0.0141971
0.00997192
0.0142891
0.00942341
0.013905
0.0136415
0.0136839
0.00986898
0.0133622
0.0097914
0.0133753
0.00984602
0.0131761
0.0101362
0.0101308
0.0107821
0.0114573
0.0128382
0.01195
0.0127199
0.0117687
0.0114618
0.0119734
0.0105219
0.0119204
0.0106095
0.0108445
0.0111389
0.0109549
0.0109927
0.0122714
0.0109341
0.0122225
0.0121643
0.0112609
0.0121747
0.0114108
0.0108611
0.0108758
0.0110687
0.0121252
0.0113578
0.0117138
0.0112794
0.0119644
0.0118281
0.0110358
0.0112332
0.0118085
0.0113743
0.0119766
0.0119456
0.0397682
0.0139792
0.00510206
0.00190373
0.00290176
0.00736459
0.0157998
0.0142489
0.00703695
0.00712699
0.0089493
0.0124012
0.00802646
0.00845532
0.0106501
0.00860317
0.0132764
0.0137081
0.00946646
0.00947551
0.00977297
0.0130744
0.0127242
0.0117059
0.0128
0.0102263
0.00982509
0.0120919
0.010321
0.0103277
0.0125282
0.0119587
0.0117255
0.010536
0.0105503
0.0123559
0.012049
0.0116366
0.0109224
0.0119341
0.0106244
0.0119029
0.0110183
0.0121988
0.0109135
0.0108094
0.0196231
0.00676402
0.0164045
0.00575859
0.0172686
0.00726549
0.0186086
0.0170299
0.0131195
0.00770982
0.0135967
0.00843879
0.0140841
0.0135293
0.014323
0.0135997
0.0135878
0.0139099
0.0139438
0.0122278
0.0133071
0.0130643
0.0121509
0.0097416
0.0124256
0.00984763
0.011234
0.0130626
0.0119618
0.0126702
0.0103055
0.0113917
0.0104337
0.0127245
0.0127017
0.0126688
0.0104713
0.0112464
0.0123626
0.0105865
0.0106248
0.0122411
0.0108977
0.0122481
0.0109201
0.0122347
0.0120682
0.0108959
0.0108632
0.0109241
0.0121511
0.0118545
0.0108932
0.011122
0.0110587
0.0109778
0.0120093
0.0116266
0.0111296
0.0118234
0.0119739
0.0119822
0.0112032
0.0130137
0.0255071
0.00833864
0.00751729
0.0203474
0.0165864
0.00834576
0.0156953
0.00812863
0.00867561
0.00956282
0.0159028
0.00943408
0.00950192
0.0138669
0.00971753
0.0137433
0.0135195
0.00974207
0.0135404
0.0131326
0.0100977
0.0134552
0.0129645
0.012983
0.0130886
0.0109151
0.0109463
0.0128053
0.0103663
0.0123728
0.0125791
0.0124783
0.0122738
0.0108826
0.0107298
0.0123218
0.0106349
0.0121914
0.01194
0.0123683
0.0112254
0.0122563
0.0110444
0.0110533
0.0118007
0.0120671
0.0121504
0.0116155
0.0121205
0.010901
0.0109566
0.0109397
0.0112233
0.011817
0.0110077
0.0114912
0.0116999
0.0112357
0.0117858
0.0118889
0.0119644
0.0117767
