0.0589737
0.0104659
0.0192736
0.0158783
0.0178586
0.0170698
0.0202611
0.0203743
0.0194514
0.0196738
0.0195845
0.0271338
0.0250078
0.0241363
0.0228118
0.0203251
0.0200051
0.0199428
0.0200557
0.0206342
0.0201051
0.0207753
0.02091
0.0204545
0.02029
0.0208006
0.0204792
0.0200371
0.020034
0.0200284
0.0204119
0.0201573
0.0200361
0.020392
0.0202794
0.0203529
0.0201254
0.0203019
0.0201218
0.0202983
0.0203205
0.0200659
0.0200716
0.0201143
0.0202992
0.0202779
0.0202819
0.020265
0.0201967
0.0202594
0.094069
0.0539184
0.0214138
0.0237032
0.0256663
0.0311962
0.0216724
0.0202711
0.0231191
0.0227392
0.0205947
0.0208311
0.0207993
0.0203662
0.0203439
0.0201073
0.0206845
0.0201003
0.0209142
0.0209188
0.0204752
0.0208742
0.0204442
0.0210719
0.0209692
0.0206493
0.0203292
0.0208851
0.0200623
0.0203586
0.0203565
0.0202583
0.0204184
0.0202645
0.0205726
0.020675
0.0206485
0.020341
0.0205312
0.0204449
0.0202265
0.0203644
0.0201559
0.0205063
0.0201407
0.0203324
0.0202925
0.0201875
0.0204655
0.0203011
0.0203527
0.0204089
0.0203562
0.0201497
0.0203702
0.0203783
0.0203235
0.0201352
0.0202192
0.0203215
0.0203012
0.0202606
0.0201251
0.0201755
0.0202971
0.0202164
0.0201349
0.020305
0.0202851
0.03623
0.0236317
0.0260243
0.0212899
0.0208174
0.0209022
0.0205369
0.0210798
0.0199195
0.0204794
0.0199266
0.0199246
0.0208023
0.0201216
0.0200938
0.0204656
0.0206945
0.0206875
0.0205275
0.0203662
0.0202434
0.0201192
0.0200918
0.0202745
0.0203727
0.0203521
0.0203586
0.0200382
0.0201042
0.0200974
0.0200508
0.0200998
0.0203101
0.0202901
0.0201913
0.0202561
0.0202382
0.0201774
0.0200868
0.0202596
0.0314339
0.0318194
0.0223765
0.0208322
0.0211004
0.0200103
0.0205319
0.0215514
0.0204799
0.0201337
0.0202702
0.0205796
0.0208787
0.0203801
0.0204079
0.0207248
0.0203822
0.0207284
0.0200178
0.0205638
0.0200123
0.0203334
0.0204377
0.0203153
0.0203465
0.0203382
0.0201498
0.0202914
0.0202581
0.0201725
0.0201832
0.0203245
0.0203031
0.0200623
0.020233
0.0201243
0.0202778
0.0202398
0.0201894
0.0202764
0.0201983
0.0212171
0.0210361
0.0210281
0.0196552
0.0208807
0.0194834
0.0204387
0.0204864
0.0203349
0.020422
0.0197963
0.0198173
0.0203279
0.0204202
0.0203761
0.0200611
0.0199978
0.0202789
0.0202824
0.0200049
0.0201361
0.0200269
0.0200516
0.0200544
0.0202682
0.0201327
0.020257
0.0200568
0.0265166
0.0197368
0.0215659
0.0197222
0.0208048
0.0197735
0.0197806
0.0208107
0.0205083
0.0198557
0.020442
0.0206313
0.0205493
0.0202675
0.0201299
0.0204356
0.0199216
0.0204258
0.0200352
0.0203792
0.020001
0.0200352
0.020326
0.0200395
0.0200905
0.0201749
0.020252
0.0200865
0.0200482
0.0202731
0.0202783
0.0200706
0.0201189
0.0201346
0.0201998
0.0202488
0.0236622
0.0252255
0.0197325
0.0197917
0.0210865
0.0205746
0.0198516
0.0209322
0.0205893
0.0207297
0.0200667
0.0206606
0.0205681
0.0199127
0.0199362
0.0199568
0.0203164
0.0203003
0.0201621
0.0203178
0.0203667
0.0202713
0.0201938
0.0201293
0.0200622
0.0203204
0.0203068
0.0202384
0.0201373
0.0200519
0.0201496
0.0200918
0.0202173
0.0201195
0.0207727
0.023158
0.0233298
0.0202681
0.0203182
0.0206721
0.0221716
0.0204939
0.0203371
0.0203887
0.0209374
0.0208076
0.0208533
0.0203945
0.0205364
0.0199549
0.0205681
0.0205021
0.0206688
0.0204669
0.0202169
0.0203381
0.0203233
0.0200298
0.0203637
0.0200353
0.0203627
0.0200909
0.0200438
0.0203221
0.0200466
0.0202853
0.0201817
0.0203121
0.0202964
0.020279
0.0202711
0.020277
0.0202754
0.0202527
0.0202621
0.019626
0.0239557
0.0208298
0.0215298
0.0216522
0.0198247
0.0202559
0.0209127
0.0205123
0.0207461
0.0201982
0.0200126
0.0205461
0.020586
0.0204903
0.0203099
0.0199997
0.0199761
0.0203944
0.0203439
0.0202948
0.0203499
0.0202635
0.0200327
0.0203008
0.0203213
0.0203101
0.020045
0.0202467
0.020256
0.0201451
0.0200782
0.0202701
0.0200993
0.0202485
0.0293871
0.0236358
0.0258968
0.0212644
0.0208064
0.0208911
0.0205447
0.0210829
0.0199203
0.0204771
0.0199274
0.019925
0.0207977
0.0201238
0.0200957
0.020464
0.0206913
0.0206844
0.0205256
0.0203663
0.020244
0.02012
0.0200926
0.0202747
0.0203719
0.0203514
0.0203579
0.0200386
0.0201048
0.0200979
0.0200512
0.0201003
0.0203096
0.0202896
0.0201915
0.0202559
0.020238
0.0201775
0.0200872
0.0202592
0.0171274
0.0188864
0.0184332
0.0194288
0.0190127
0.0201227
0.018612
0.0201297
0.0200187
0.0195682
0.0194831
0.0203559
0.0196455
0.0198984
0.0196797
0.0271536
0.0245642
0.0238711
0.022644
0.0203272
0.0200062
0.0199434
0.0200579
0.0206413
0.0201083
0.0207705
0.0208949
0.0204502
0.0202929
0.0207907
0.0204746
0.0200383
0.0200351
0.0200293
0.0204093
0.0201583
0.0200368
0.02039
0.0202784
0.0203514
0.0201261
0.0203007
0.0201224
0.0202974
0.0203191
0.0200665
0.0200722
0.0201148
0.020298
0.020277
0.0202809
0.0202641
0.0201967
0.0202586
0.035187
0.0433298
0.0200599
0.0270611
0.0253917
0.0207365
0.0232807
0.0210565
0.0224908
0.0230695
0.0206579
0.020786
0.0217201
0.0199759
0.0204563
0.0207959
0.0214918
0.0204277
0.0212947
0.0200489
0.0200857
0.0208899
0.0201274
0.0203507
0.0207639
0.0200362
0.020629
0.0200484
0.020535
0.0204755
0.0201213
0.0205515
0.0204323
0.0205092
0.0204804
0.0204998
0.020255
0.0203632
0.0204093
0.0202081
0.0200978
0.0202992
0.0203684
0.0203873
0.0201209
0.0202813
0.0202525
0.0203524
0.0203208
0.0203141
0.0201658
0.0202522
0.020232
0.0201815
0.0202613
0.0202854
0.0202428
0.0252051
0.0196865
0.021435
0.019709
0.0207759
0.0197506
0.0197698
0.0207882
0.0205033
0.0198476
0.0204398
0.0206206
0.0205428
0.0202545
0.0201175
0.0204336
0.0199173
0.0204239
0.0200278
0.0203786
0.0199992
0.02003
0.0203266
0.0200349
0.0200851
0.0201705
0.020249
0.0200822
0.0200454
0.0202718
0.0202792
0.0200679
0.0201156
0.0201314
0.0201977
0.0202501
0.0748325
0.0599767
0.0214875
0.0208362
0.0202219
0.0201224
0.0231524
0.021281
0.0228321
0.0199905
0.020767
0.020223
0.0201827
0.0218213
0.0199851
0.0202881
0.0205358
0.0203383
0.0203146
0.0202645
0.0200901
0.0208834
0.0206011
0.0203793
0.0200762
0.0207735
0.0202517
0.0204698
0.020632
0.0203106
0.0205363
0.020531
0.0204927
0.020328
0.0204892
0.0204516
0.0203743
0.0203912
0.0202308
0.0203689
0.0203001
0.0203069
0.0202482
0.0203535
0.0203111
0.0203446
0.0203525
0.0202446
0.0203355
0.0203313
0.0203014
0.0202563
0.020216
0.020285
0.0201513
0.0176816
0.0199941
0.0185259
0.0151129
0.0195965
0.0200876
0.0196455
0.0190188
0.0193274
0.0198158
0.0201675
0.0196491
0.0195147
0.0199907
0.0197691
0.0201301
0.020192
0.0198516
0.0201369
0.0202831
0.0200936
0.0264432
0.0214144
0.0203897
0.0213441
0.0198319
0.0198632
0.0198632
0.0198824
0.0199218
0.0204916
0.0200609
0.0204171
0.0206316
0.0200474
0.0200254
0.0199464
0.0204648
0.0199828
0.0200866
0.0203525
0.0200765
0.0203301
0.0201074
0.0200372
0.0201142
0.020049
0.0202959
0.0202866
0.0202735
0.0202369
0.0200774
0.0201049
0.0202641
0.0403384
0.024547
0.0240453
0.0235083
0.0203061
0.0224251
0.0204176
0.020605
0.0230332
0.0229489
0.0221942
0.0204095
0.020631
0.0218677
0.0212028
0.0208086
0.020058
0.0204571
0.0209051
0.020033
0.0202142
0.0207631
0.0205849
0.0207117
0.0202868
0.0206646
0.0205753
0.0206382
0.0205164
0.0204424
0.0205267
0.0202112
0.020263
0.0204155
0.0200717
0.0202962
0.0204223
0.0202972
0.0202735
0.02031
0.0203931
0.0202313
0.0201031
0.0203545
0.0201367
0.0203317
0.0203028
0.0202404
0.0202444
0.020244
0.0202546
0.0153528
0.0207134
0.0206089
0.019866
0.0195904
0.020312
0.0193174
0.0204302
0.0202369
0.0195507
0.0203276
0.0197946
0.0196096
0.0197359
0.0204004
0.0198124
0.0198076
0.020047
0.0199316
0.0198902
0.0202461
0.0200506
0.0200084
0.019979
0.0200044
0.0202862
0.0200589
0.0200218
0.020037
0.0200272
0.0120313
0.0187027
0.0167534
0.0160441
0.0204809
0.0194495
0.0196153
0.0197038
0.0196137
0.0204571
0.0204022
0.0195506
0.019782
0.0203303
0.0197316
0.0203597
0.02012
0.0199799
0.0198987
0.019881
0.0198954
0.0202618
0.0199539
0.0201883
0.0445423
0.0325317
0.0203664
0.0201925
0.0246114
0.0204713
0.0215578
0.0210499
0.0219716
0.0204011
0.0223683
0.0201162
0.0202488
0.0207792
0.0199735
0.021259
0.0203922
0.0200407
0.0201111
0.0208442
0.0203661
0.0200879
0.0202557
0.0205619
0.0203368
0.0203044
0.0203809
0.02024
0.0203265
0.0204227
0.0204
0.0201449
0.0204239
0.020229
0.0203954
0.0203896
0.0202743
0.0203249
0.0203438
0.0203115
0.0200956
0.0203101
0.0201497
0.020162
0.0202842
0.0202347
0.0202405
0.0202892
0.0202624
0.0484617
0.0888563
0.0294286
0.024073
0.0469579
0.0355761
0.0209511
0.0205725
0.0200057
0.0230975
0.0202913
0.0209227
0.0206953
0.0214198
0.0199638
0.0211726
0.0200169
0.0203364
0.0205124
0.0205517
0.020662
0.0204586
0.0203252
0.0202134
0.0205639
0.0205808
0.0205916
0.0205784
0.0205059
0.0200493
0.0201691
0.0200604
0.0202747
0.0203558
0.0200765
0.0202968
0.0201752
0.0203132
0.0203834
0.0203055
0.0203552
0.020222
0.0202514
0.0203264
0.0201704
0.0203061
0.0202702
0.0200988
0.0202329
0.020268
0.0202707
0.0201613
0.00184638
0.0206051
0.0207245
0.0206432
0.019453
0.0192646
0.0193936
0.0197073
0.0204682
0.0196786
0.0196634
0.0196714
0.0202062
0.0198962
0.0203703
0.0199249
0.0199263
0.0203339
0.0203182
0.0203201
0.0203172
0.0199808
0.0202878
0.0202594
0.0202705
0.0200438
0.0200577
0.0200498
0.0204689
0.00570262
0.0134546
0.0200655
0.0189909
0.0193948
0.0185826
0.0188641
0.0190273
0.0198241
0.0194005
0.179444
0.0196943
0.0166271
0.0183141
0.0169401
0.0187473
0.0176044
0.0189293
0.0201426
0.0204166
0.0198314
0.0192185
0.0196127
0.0197252
0.0196459
0.0200762
0.0202787
0.0200266
0.0198518
0.0199538
0.020183
0.0198955
0.0200591
0.0199933
0.0677786
0.0256783
0.0224921
0.0238973
0.0215768
0.0205354
0.0212702
0.0214343
0.0217897
0.0211776
0.0218258
0.0208975
0.019966
0.0201142
0.0206148
0.0204975
0.0200383
0.0200064
0.0204772
0.0204939
0.0204577
0.020112
0.0201734
0.0203136
0.0200317
0.0203671
0.0201446
0.0203632
0.0202883
0.0201562
0.0200938
0.0201469
0.0203141
0.0202158
0.0202793
0.0202895
0.0201865
0.0201436
0.0200964
0.0201444
0.0185885
0.0209397
0.0189299
0.0209879
0.0196885
0.0202687
0.0198108
0.0198461
0.0197883
0.0198637
0.0200794
0.0203958
0.0199329
0.0201475
0.0201239
0.0199673
0.0199862
0.0199977
0.0201849
0.0200075
0.0201227
0.0200563
0.0202704
0.0202004
0.0201532
0.0202256
0.0539713
0.0340041
0.0531617
0.029214
0.0511756
0.0308921
0.0245884
0.0201301
0.0237195
0.0225201
0.0222311
0.0226698
0.0200269
0.0225549
0.0212087
0.0200103
0.0213283
0.0201364
0.0204125
0.0207965
0.0209526
0.0208545
0.0201773
0.020651
0.0207564
0.0202205
0.020296
0.0206199
0.0204446
0.020554
0.0201143
0.0203888
0.0204417
0.0202893
0.0202063
0.020321
0.0202399
0.0203993
0.020327
0.0201695
0.0203508
0.0203369
0.0203504
0.0202972
0.0203306
0.0203218
0.0203055
0.0203107
0.020232
0.0202274
0.0390884
0.0273993
0.0293317
0.0443536
0.0433602
0.0312137
0.0241545
0.029313
0.02631
0.0210394
0.0237462
0.0208041
0.0207913
0.0219117
0.021309
0.0212991
0.0203989
0.0211084
0.0218076
0.0200461
0.0200362
0.0203225
0.0211304
0.0203577
0.0210934
0.0210704
0.0203322
0.0202453
0.0207231
0.0202124
0.0207662
0.02073
0.0201934
0.0203691
0.0204779
0.0202637
0.0205833
0.0203737
0.020466
0.0204216
0.0204128
0.020221
0.0203952
0.0202072
0.0201885
0.0202707
0.0201477
0.020427
0.0201697
0.0202808
0.0202327
0.0203509
0.0202502
0.0203072
0.0203474
0.020235
0.020165
0.0203112
0.0202799
0.0202072
0.0202657
0.020207
0.020305
0.0486925
0.0356122
0.0228201
0.0256387
0.033516
0.0227731
0.0198989
0.0232037
0.0229871
0.0204311
0.0217063
0.0209736
0.0221569
0.0205959
0.0205319
0.020039
0.0200418
0.0203144
0.0204214
0.0204336
0.020037
0.0205925
0.0206495
0.0203876
0.0205151
0.0201039
0.0202497
0.0204583
0.020326
0.0203168
0.0202274
0.0200611
0.0203569
0.0201259
0.0203775
0.020296
0.0202815
0.020333
0.0203028
0.0202007
0.0201916
0.0202833
0.0202875
0.0201666
0.0201273
0.0201432
0.137172
0.133787
0.205053
0.0335794
0.0248734
0.0446415
0.0314664
0.0379382
0.0221293
0.0219763
0.0205707
0.0233577
0.0203768
0.0216363
0.0216143
0.0227348
0.0205019
0.0202926
0.0208909
0.020982
0.0203232
0.0207832
0.0204218
0.0202367
0.0204685
0.0203868
0.0206721
0.0201453
0.020313
0.0203385
0.0206645
0.0206417
0.0204692
0.0201536
0.0205899
0.0205871
0.0204687
0.0203771
0.0203094
0.0203703
0.0205072
0.0204826
0.0204261
0.0201312
0.0203431
0.0204071
0.0202572
0.0202461
0.0201845
0.0203659
0.0203847
0.0202008
0.0202635
0.0202543
0.0203055
0.0202764
0.0203189
0.0202998
0.0201836
0.0203118
0.0202028
0.0202319
0.0202266
0.119173
0.0755543
0.0890139
0.0445796
0.0452992
0.0237986
0.019968
0.0240443
0.0227172
0.0207748
0.0238387
0.0200194
0.0210494
0.0200033
0.021159
0.0230178
0.0225528
0.0207077
0.0201252
0.0208431
0.0204804
0.020389
0.0211464
0.0207018
0.0211459
0.0206194
0.0208902
0.0202278
0.0207553
0.0202958
0.0202947
0.0206614
0.0202996
0.0202551
0.0201127
0.0204269
0.0204036
0.0201301
0.020424
0.0202699
0.0205007
0.0205153
0.0203771
0.0202881
0.0203295
0.0202498
0.0202121
0.0203143
0.0204217
0.0203112
0.0203759
0.0202371
0.0201785
0.02031
0.0203101
0.0202217
0.02018
0.0203052
0.0202229
0.0203108
0.0201175
0.0202976
0.0203061
