0.112945
0.0142177
0.0110108
0.011458
0.00989548
0.00789154
0.00594448
0.0101964
0.00872979
0.0082487
0.00802744
0.0924839
0.17132
0.0179483
0.00863937
0.00465224
0.0052148
0.00328895
0.00343536
0.00498103
0.00767199
0.00692335
0.0153335
0.00931549
0.0148898
0.00920082
0.00968982
0.011284
0.0136713
0.0103824
0.0103883
0.0102252
0.0108083
0.0139178
0.0117135
0.0111928
0.0135388
0.0110503
0.0110777
0.0134306
0.0113583
0.0115499
0.0134875
0.0114787
0.0133404
0.0133479
0.011538
0.0124698
0.0120652
0.0129037
0.0117788
0.0131937
0.0425417
0.0195115
0.0164033
0.00611203
0.0188346
0.00753353
0.00910823
0.0149725
0.0178714
0.00925456
0.0144511
0.00983231
0.0124538
0.0142602
0.0100197
0.0103196
0.0143447
0.0146511
0.0146408
0.0129052
0.0146723
0.0134699
0.0141266
0.0111418
0.0107446
0.0140485
0.01388
0.0110472
0.0126002
0.0112365
0.0137552
0.0114075
0.0113105
0.0138105
0.0115326
0.0137158
0.0127171
0.0114101
0.0114608
0.0131249
0.0135029
0.0134701
0.0117187
0.0116086
0.0118746
0.0116284
0.0132997
0.0117053
0.0119291
0.0117467
0.0124165
0.0118785
0.0118013
0.0132115
0.012146
0.011823
0.013185
0.0123701
0.0129435
0.0130825
0.0120464
0.0120319
0.0124123
0.0120023
0.013029
0.0128009
0.0127746
0.0120235
0.0120099
0.0126073
0.0129071
0.0129754
0.00353433
0.00340627
0.00553649
0.00461891
0.0144337
0.0045239
0.00606255
0.00637054
0.00910515
0.00986879
0.0149172
0.0103703
0.010154
0.0111302
0.0143947
0.0109786
0.0144018
0.00962148
0.0141887
0.0107754
0.0109322
0.0140694
0.0104259
0.0107574
0.0130942
0.0135332
0.0119686
0.011119
0.0125847
0.0135186
0.0128359
0.0135148
0.0118656
0.011566
0.0114761
0.0119717
0.0116116
0.0118924
0.0133221
0.0132631
0.0177398
0.00747038
0.016509
0.00277884
0.0165711
0.00255196
0.000856899
0.0157866
0.0158341
0.0154196
0.00754857
0.0143847
0.0151363
0.0147265
0.00989222
0.0141501
0.0106384
0.00991199
0.00973443
0.00988218
0.0100128
0.010294
0.0105567
0.0124999
0.0110491
0.0109585
0.0109136
0.0128276
0.0131818
0.0118803
0.0134502
0.0131635
0.0114372
0.0131892
0.0126466
0.0114678
0.0126348
0.0115997
0.0131882
0.0119061
0.0118229
0.0814267
0.0178695
0.031592
0.0124993
0.00839767
0.00803114
0.0119435
0.0153521
0.00725324
0.0150881
0.0147847
0.0107718
0.01438
0.00997684
0.0103346
0.00989247
0.0133856
0.0105688
0.0121957
0.0109647
0.0107739
0.0118286
0.0112211
0.0113594
0.012648
0.0128055
0.0116252
0.015608
0.0172591
0.0172624
0.0165261
0.00929157
0.00400648
0.00582207
0.00491471
0.00629218
0.012549
0.0096802
0.00843601
0.0142852
0.00936596
0.0146281
0.00935818
0.00983918
0.0140718
0.0140921
0.0140456
0.0138168
0.0139574
0.0138413
0.0132937
0.0129159
0.011079
0.0117569
0.01117
0.0127174
0.0135309
0.0129487
0.0116068
0.0132433
0.013102
0.0698124
0.00688473
0.00388395
0.00485651
0.00631492
0.0121679
0.0164311
0.0158036
0.0135376
0.015161
0.00830195
0.00747957
0.00780287
0.013906
0.013327
0.0103497
0.0141072
0.0107097
0.0134033
0.010906
0.0103017
0.0103816
0.0104438
0.0138761
0.011021
0.0110304
0.0133825
0.0123241
0.011125
0.0112587
0.0113104
0.0125691
0.0119238
0.0120167
0.0184451
0.00745128
0.00232353
0.00706451
5.27602e-05
0.00602429
0.00101761
9.96506e-05
0.0154143
0.0154355
0.00682546
0.0147614
0.0149711
0.0081934
0.00991391
0.0129157
0.0102547
0.00956576
0.00955307
0.0102398
0.0142545
0.0141019
0.0115803
0.0105427
0.0116672
0.0109755
0.0109884
0.0110878
0.0110821
0.011591
0.0117591
0.011291
0.0114365
0.0127574
0.0124316
0.0131077
0.0115336
0.0122947
0.0115414
0.0115613
0.00175459
0.00666061
0.00745801
0.0166159
0.00254261
0.00294117
0.00155745
0.0159839
0.00781399
0.00701498
0.0152693
0.0109657
0.0150425
0.00808316
0.0146293
0.0143557
0.0099318
0.0104776
0.0114129
0.0130677
0.0139382
0.0136314
0.0139299
0.0107473
0.012797
0.0118968
0.0135452
0.011235
0.0113824
0.0113097
0.011481
0.0116477
0.0126701
0.00490006
0.00337614
0.00525606
0.00463058
0.0145128
0.00453709
0.0061741
0.00642278
0.00910995
0.0098718
0.014906
0.0104049
0.0101574
0.0111537
0.0143876
0.0109949
0.0143946
0.00963303
0.0141819
0.0107791
0.010936
0.0140633
0.0104358
0.0107661
0.0130923
0.013529
0.0119727
0.0111234
0.0125852
0.0135146
0.0128348
0.0135109
0.0118695
0.0115709
0.0114799
0.0119749
0.0116148
0.0118958
0.0133188
0.01326
0.0523811
0.00531747
0.0176745
0.00553126
0.00583749
0.00224824
0.00597212
0.0133443
0.00804117
0.00891217
0.00543578
0.0116455
0.00945448
0.00851283
0.0109122
0.0124259
0.00683229
0.0173531
0.0164773
0.00446921
0.0167333
0.016298
0.00563458
0.00568537
0.0154161
0.0141048
0.0139135
0.00972327
0.0149336
0.0146878
0.00971598
0.0137059
0.0100034
0.0143425
0.0101672
0.0106312
0.014137
0.014094
0.0122924
0.0128419
0.0129644
0.0125607
0.0136672
0.0110793
0.0115685
0.011242
0.0128771
0.0114993
0.0114558
0.0119864
0.011474
0.0132589
0.0115804
0.0127522
0.0117832
0.0125281
0.0123152
0.0117345
0.021495
0.0200369
0.00770638
0.00257207
0.00722647
0.0131247
0.0161763
0.00718296
0.014989
0.00655848
0.0152482
0.0153567
0.0132027
0.0150914
0.00957209
0.0104765
0.00957155
0.0148166
0.0111882
0.0110734
0.0111588
0.0112852
0.0106238
0.0108238
0.0122806
0.0110838
0.010958
0.0138418
0.0110985
0.0128347
0.0118774
0.0120754
0.0136006
0.0122826
0.0115227
0.0113626
0.0135499
0.0134668
0.0135005
0.0115125
0.0116445
0.0133481
0.0133234
0.0121338
0.0121123
0.0117071
0.0132336
0.0130843
0.0132214
0.0119058
0.011809
0.0130842
0.0118437
0.0131216
0.0118696
0.0129707
0.0123531
0.0130702
0.016259
0.0172528
0.0171542
0.0165195
0.00885218
0.00386588
0.00572468
0.00502715
0.00621815
0.0125858
0.00965626
0.00838452
0.0142993
0.00932728
0.0146349
0.00931782
0.00980641
0.0140845
0.0141046
0.0140586
0.01383
0.0139699
0.0138552
0.0133035
0.0129204
0.0110495
0.0117384
0.0111425
0.0127192
0.0135456
0.0129554
0.0115847
0.0132563
0.0131127
0.0183892
0.00100023
0.0015275
0.00262833
0.00618674
0.00679866
0.0073672
0.0164514
0.00776586
0.0170782
0.0152403
0.015592
0.015768
0.0086597
0.0094379
0.010735
0.0143072
0.00976806
0.00988869
0.0131852
0.0112537
0.0144511
0.0141005
0.0106
0.0138472
0.0137179
0.0125058
0.0109948
0.0110181
0.0135476
0.0111934
0.0136433
0.0136134
0.013623
0.0116805
0.0113429
0.0120888
0.013273
0.0135063
0.0121329
0.0132992
0.0116092
0.0116701
0.0118488
0.0119222
0.0132628
0.011761
0.0117411
0.0122902
0.0125031
0.0118814
0.013125
0.0124684
0.0119584
0.0127517
0.0121425
0.0124381
0.012592
0.0130129
0.00939451
0.112953
0.0623619
0.00668707
0.00104273
0.00412313
0.015206
0.00105201
0.0160689
0.0154398
0.0141893
0.00652292
0.00702345
0.0147751
0.014121
0.0100927
0.00963696
0.0120988
0.0142066
0.0103521
0.0104331
0.0130186
0.0126472
0.0124491
0.0211071
0.028897
0.0165116
0.00336502
0.00829197
0.0030594
0.00208328
0.00900962
0.0087553
0.00949294
0.0124569
0.0151323
0.00863114
0.0135933
0.00922387
0.0112268
0.0103851
0.0101631
0.0126865
0.0140156
0.0109481
0.0105427
0.0138324
0.0107538
0.0109372
0.0123563
0.0134049
0.013244
0.0132488
0.0115749
0.0132454
0.01271
0.0133532
0.0126352
0.000258245
0.00898867
0.0172339
0.00775496
0.00963745
0.0179721
0.00925966
0.016899
0.0163609
0.00838676
0.007661
0.0117568
0.00983413
0.0147559
0.00942947
0.0149476
0.0095447
0.0141586
0.0105309
0.0140889
0.012124
0.0111457
0.0138564
0.0140252
0.0111384
0.0137315
0.0114315
0.0123631
0.0136893
0.011975
0.0112685
0.0130944
0.0135285
0.0126919
0.0126884
0.0122864
0.0115028
0.0115454
0.0131822
0.0122289
0.013324
0.0132862
0.0131922
0.0131637
0.0125293
0.0121367
0.012565
0.0118694
0.0130681
0.013107
0.0130044
0.0130338
0.0461859
0.0174951
0.0267145
0.0102229
0.0167008
0.0157392
0.00347606
0.00578476
0.0156257
0.0151395
0.0148627
0.00865023
0.0147199
0.00958037
0.0101072
0.00941838
0.013618
0.0104034
0.0137463
0.0135021
0.0104676
0.0130684
0.0124116
0.0107523
0.0119642
0.0131038
0.0127939
0.202759
0.0694584
0.0527239
0.0163189
0.00648697
0.00293726
0.00170656
0.00421013
0.00826886
0.00699822
0.00812381
0.00915988
0.0100567
0.00890376
0.0136108
0.0104363
0.00990415
0.0141588
0.0118387
0.0121035
0.0114191
0.013499
0.0137801
0.0187298
0.0173083
0.0164372
0.00284603
0.00308417
0.0160723
0.00524543
0.00968239
0.00731021
0.00825616
0.00766241
0.0149182
0.0152666
0.0148484
0.0148332
0.0143747
0.0141807
0.0142074
0.0104297
0.0110126
0.0110348
0.0108267
0.0141111
0.0123885
0.0107906
0.0114176
0.0121545
0.013886
0.0138194
0.0137703
0.0133797
0.0122576
0.0126841
0.013444
0.0131466
0.0115765
0.0114429
0.0133655
0.0115346
0.0115819
0.0116509
0.0133147
0.0132263
0.0117935
0.0117502
0.0118205
0.013116
0.0129345
0.0118534
0.0118629
0.0130794
0.0137782
0.0186252
0.0171878
0.0163556
0.00294334
0.00315325
0.016118
0.0054387
0.00968246
0.00732266
0.00825991
0.00771939
0.0148932
0.0152378
0.0148256
0.0148108
0.0143603
0.0141697
0.0141953
0.0104356
0.0110154
0.0110377
0.0108311
0.0141008
0.0123942
0.0108006
0.0114284
0.0121607
0.0138782
0.0138115
0.0137638
0.0133749
0.0122606
0.0126842
0.0134389
0.0131433
0.0115819
0.0114476
0.0133612
0.0115389
0.0115862
0.0116552
0.0133111
0.0132233
0.011796
0.011753
0.0118228
0.0131133
0.0129326
0.0118562
0.0118652
0.0130769
0.0026437
0.0514425
0.00249345
0.00751323
0.0159848
0.00419552
0.0042747
0.0055347
0.00917965
0.0133162
0.00974578
0.0141043
0.0112504
0.009619
0.0100496
0.00966185
0.00997592
0.011419
0.0103801
0.0108322
0.0128899
0.0109906
0.0109055
0.0116294
0.0101081
0.00597877
0.0330789
0.0162693
0.00529779
0.00458684
0.010382
0.0105591
0.00772062
0.0813717
0.00202083
0.0291107
0.000601695
0.0143202
0.000667323
0.00218386
0.00281451
0.00497073
0.0134064
0.0143125
0.00671491
0.0139323
0.00853194
0.0121925
0.00909976
0.00990409
0.0130938
0.0106183
0.0105649
0.0106687
0.0109121
0.0134015
0.0305286
0.00930539
0.00209959
0.0153448
0.00221071
0.0164795
0.00835619
0.0113125
0.00860411
0.0152152
0.0151137
0.0147385
0.0120009
0.013035
0.0106004
0.0143998
0.0100507
0.0143853
0.0128581
0.0105928
0.0139916
0.0139631
0.0109379
0.013598
0.013428
0.0111319
0.0113245
0.0125618
0.0113413
0.0134848
0.0113963
0.0118666
0.0118656
0.0133692
0.0116024
0.0115789
0.013051
0.0125969
0.0116581
0.08407
0.0179046
0.0318324
0.0123692
0.00844532
0.00803298
0.0119247
0.015357
0.00723698
0.0150926
0.0147882
0.0107661
0.0143822
0.0099757
0.0103338
0.00989051
0.0133861
0.0105679
0.0121951
0.0109638
0.0107731
0.0118281
0.0112207
0.0113588
0.0126481
0.0128057
0.011625
0.000370332
0.00899874
0.0169974
0.00778056
0.0092724
0.0180807
0.00927212
0.0169775
0.0164261
0.00840677
0.00766611
0.0116617
0.00984357
0.0147729
0.00943639
0.0149607
0.00955017
0.0141655
0.0105358
0.0140923
0.0121202
0.0111482
0.0138589
0.0140279
0.0111412
0.0137328
0.0114337
0.0123632
0.0136898
0.0119763
0.0112717
0.0130941
0.0135277
0.0126924
0.0126889
0.0122882
0.0115065
0.0115488
0.013181
0.0122311
0.0133222
0.0132845
0.0131905
0.013162
0.0125301
0.0121394
0.0125657
0.0118719
0.013066
0.0131047
0.0130026
0.0130316
0.0195768
0.0229532
0.00465079
0.0209763
0.0105452
0.00935831
0.00809785
0.00775736
0.0103423
0.016426
0.0099973
0.0164636
0.0127837
0.0146028
0.0108439
0.0119281
0.0103834
0.0105232
0.0139401
0.0106635
0.0144314
0.0131468
0.0141348
0.0110834
0.0139827
0.011001
0.0136073
0.0112775
0.0135227
0.0121163
0.0115396
0.0120605
0.0135212
0.0114693
0.0113556
0.0126075
0.0115691
0.0118637
0.0115667
0.0119801
0.0134364
0.0133444
0.0118749
0.0132364
0.0117293
0.0131741
0.0124803
0.0128358
0.0132064
0.0131776
0.012257
0.0119855
0.0130675
0.0122815
0.011936
0.013011
0.0120373
0.0119677
0.0120319
0.0123739
0.0123328
0.0120137
0.011925
0.0176681
0.00524118
0.00445605
0.0160203
0.00945078
0.0166249
0.00480099
0.0136064
0.0139621
0.0100832
0.0144959
0.0138286
0.00913797
0.0144693
0.00985652
0.0100202
0.01018
0.0132668
0.0124079
0.0117494
0.0106133
0.0139032
0.0120511
0.0137998
0.0115826
0.0119683
0.0136678
0.0121929
0.0118663
0.0120474
0.0117838
0.0134817
0.0134527
0.0134207
0.0115076
0.0133479
0.0115817
0.0116731
0.0127321
0.0132497
0.011955
0.0120269
0.0123041
0.0166763
0.0171277
0.0171389
0.00457258
0.0161069
0.0207381
0.0159971
0.0151249
0.00804804
0.0164279
0.00847679
0.0084463
0.0148908
0.00874314
0.0145274
0.0136063
0.0148807
0.0101174
0.0143809
0.0140178
0.0148587
0.011903
0.0105862
0.0142826
0.012095
0.0109844
0.011156
0.0137641
0.013442
0.011595
0.0122037
0.0112247
0.0113743
0.0136829
0.0114983
0.0136323
0.0120963
0.0121695
0.0133805
0.0134685
0.0134451
0.011648
0.0125397
0.0118479
0.0118307
0.0123694
0.011839
0.0130953
0.0131826
0.0120217
0.0120482
0.013155
0.0130101
0.0121299
0.0118587
0.0128814
0.0118968
0.0118773
0.012234
0.0124649
0.0126053
0.0129576
0.012892
0.0119674
0.0211187
0.0194735
0.015442
0.020462
0.00617469
0.0185457
0.0172326
0.0159431
0.0160994
0.0118362
0.0146958
0.0166589
0.0164273
0.00902353
0.0100512
0.0147551
0.011571
0.013829
0.011023
0.0105176
0.0108171
0.0108155
0.0117253
0.014161
0.0110603
0.0122775
0.0138796
0.0111918
0.0138064
0.0134075
0.0114971
0.0116088
0.0113188
0.0114132
0.0123549
0.0118279
0.0124941
0.0115554
0.0135275
0.0124946
0.0118572
0.0130067
0.0117102
0.011646
0.0117322
0.0130255
0.0118222
0.0132053
0.0132142
0.0131769
0.0124657
0.012177
0.0127661
0.0129162
0.0119
0.0118936
0.0131265
0.0130591
0.0119542
0.0126616
0.0130679
0.0130481
0.0120787
0.012268
0.0123166
