0.0957481
0.0198996
0.0164709
0.0148186
0.00768801
0.00444817
0.0149095
0.0148251
0.00893513
0.281716
0.00519388
0.0122308
0.011513
0.0156654
0.010276
0.00821864
0.00770689
0.0155294
0.0101203
0.00991259
0.0153756
0.0101398
0.0153465
0.0109857
0.0116166
0.0117102
0.0111533
0.0110535
0.0148912
0.011683
0.0137791
0.0137789
0.0116471
0.0118439
0.0146523
0.0132356
0.0140884
0.0123427
0.0124193
0.0144275
0.0140831
0.0125836
0.0128646
0.0141648
0.013774
0.0128356
0.0128275
0.0131779
0.0130025
0.0259061
0.0172293
0.00978247
0.00732298
0.00665131
0.0197466
0.0165037
0.0117112
0.0095338
0.0154626
0.0106767
0.0107852
0.0156018
0.0105519
0.0153766
0.0166161
0.0118618
0.0122629
0.0155271
0.0150464
0.0117206
0.0149351
0.0121794
0.0145875
0.0124544
0.0136544
0.0148728
0.0149639
0.0134528
0.0147551
0.0126684
0.0145223
0.0130883
0.0129478
0.0125706
0.0145037
0.0126368
0.0134408
0.0127596
0.0141736
0.01291
0.0143352
0.0128577
0.0128299
0.0142391
0.0128994
0.0129115
0.0140685
0.0128966
0.0129526
0.0141628
0.0141414
0.0130193
0.0132163
0.0140735
0.0138639
0.0136285
0.0141098
0.0130923
0.0131811
0.013121
0.0131494
0.0139432
0.0137355
0.0140016
0.0135432
0.013167
0.0135995
0.0138555
0.0138955
0.255471
0.00210282
0.0105235
0.0155498
0.0114424
0.0131354
0.0085606
0.0098488
0.0144354
0.0114792
0.00974833
0.0125031
0.0102504
0.00898382
0.0109837
0.0105393
0.0106538
0.0139399
0.0151703
0.0124515
0.0110797
0.0112405
0.0148519
0.0115035
0.0117589
0.011222
0.0119848
0.0146602
0.0124124
0.0140985
0.0125076
0.0132803
0.0123745
0.0129242
0.0139143
0.0125216
0.0125147
0.0142376
0.0138336
0.0139122
0.0127825
0.0549325
0.00241312
0.0144
0.00980924
0.00946818
0.0158218
0.000810481
0.00972684
0.0153863
0.0148201
0.0105168
0.00877125
0.00912778
0.0152518
0.0128318
0.0100202
0.0105572
0.0118323
0.0118387
0.0112938
0.0149718
0.0119831
0.0115219
0.0142606
0.0113695
0.0122409
0.0135684
0.0121818
0.0128839
0.0125005
0.0143669
0.0128368
0.0128101
0.0143623
0.0126862
0.0126284
0.01429
0.0127676
0.0128668
0.0141519
0.0141587
0.0708031
0.002425
0.00820335
0.00761948
0.0045248
0.00356151
0.00458859
0.0109288
0.0155811
0.012392
0.0152082
0.014625
0.00996345
0.0106495
0.010261
0.0150237
0.0148705
0.0110881
0.013257
0.0123082
0.0118219
0.0115757
0.0125267
0.0122485
0.0126396
0.0141887
0.0143441
0.0126507
0.331614
0.0357391
0.0106299
0.0168409
0.0159493
0.000596321
0.0159645
0.0159389
0.00932476
0.0113095
0.0149584
0.0107447
0.0151581
0.0130055
0.0109856
0.0144386
0.011184
0.0151071
0.0107522
0.0129204
0.01141
0.0131364
0.0116181
0.01332
0.0138651
0.0140826
0.011864
0.0124065
0.0138664
0.0135991
0.0125385
0.0137429
0.0125819
0.0126101
0.0140934
0.0487984
0.032987
0.017353
0.0229092
0.00977165
0.00611524
0.0159221
0.0118207
0.00760733
0.00938338
0.00808324
0.0155172
0.0151993
0.01422
0.0151988
0.0151337
0.0109964
0.0106914
0.0120058
0.0139514
0.0121812
0.0118374
0.0141457
0.0117919
0.0120218
0.0139579
0.0140963
0.0124702
0.0130244
0.0127196
0.0125922
0.0126452
0.0292021
0.00220772
0.0220364
0.030497
0.0140812
0.00314143
0.0153903
0.0158652
0.0112638
0.00794383
0.013154
0.0106532
0.00933012
0.0154064
0.0102327
0.0103843
0.0103237
0.0104338
0.0139603
0.011043
0.0113577
0.0149723
0.0111143
0.0118495
0.0118651
0.0144815
0.0142718
0.0138508
0.012782
0.0138864
0.0136654
0.0126698
0.0127688
0.0126556
0.0129237
0.0127303
0.146795
0.0125581
0.014388
0.0135876
0.00501612
0.00744206
0.0121555
0.0083091
0.0157264
0.00743334
0.015547
0.0148672
0.00974921
0.0114187
0.0100823
0.0147946
0.0113002
0.0116017
0.011728
0.014554
0.0120549
0.0123374
0.0119037
0.0146578
0.0118616
0.0146111
0.0124796
0.0137796
0.0123789
0.0140573
0.0133827
0.0127814
0.0142668
0.0126444
0.0692858
0.00259021
0.010549
0.0158689
0.0114636
0.0131157
0.00863573
0.00988384
0.0144202
0.0114902
0.00976936
0.0124956
0.0102757
0.00902512
0.0109997
0.0105603
0.0106746
0.0139346
0.015167
0.0124551
0.0110965
0.011254
0.0148474
0.0115142
0.0117673
0.0112361
0.0119924
0.0146571
0.0124169
0.014096
0.0125137
0.0132819
0.0123805
0.0129279
0.0139128
0.0125264
0.0125199
0.0142351
0.0138326
0.0139108
0.0127865
0.316545
0.093411
0.0157555
0.0434492
0.00529063
0.0159565
0.0144835
0.00746555
0.0128464
0.0123058
0.010032
0.00920617
0.00971079
0.0113865
0.113607
0.00522262
0.010026
0.00940161
0.0156733
0.0100822
0.00843219
0.00786269
0.0155261
0.0101923
0.00997482
0.01536
0.0102086
0.0153376
0.0110272
0.0116344
0.0117323
0.0111892
0.0110929
0.0148787
0.011706
0.0137723
0.0137721
0.0116737
0.0118635
0.0146423
0.0132385
0.0140828
0.0123554
0.0124302
0.0144222
0.0140784
0.0125935
0.0128725
0.0141599
0.0137721
0.0128415
0.0128344
0.0131823
0.0130084
0.0924311
0.00322676
0.0166854
0.0168516
0.0112386
0.00245736
0.0158437
0.0158926
0.00813098
0.00786058
0.0107069
0.0139945
0.0119163
0.0103424
0.0110395
0.0153134
0.0152837
0.0151088
0.0140208
0.0121476
0.0113537
0.0120692
0.0150923
0.0151505
0.0117023
0.0141141
0.0146875
0.0123431
0.0123714
0.0126662
0.0145279
0.0143332
0.0137986
0.012782
0.0138957
0.012906
0.0133251
0.0136147
0.0135034
0.0126977
0.0127202
0.0141821
0.0128092
0.0128395
0.0140124
0.0140776
0.0131255
0.0141843
0.0133596
0.0129822
0.0140363
0.0139803
0.0132178
0.0140747
0.0136277
0.0131007
0.0138545
0.280174
0.0308007
0.0103588
0.0168336
0.0159255
0.00104961
0.0159692
0.0159521
0.00936546
0.0111997
0.0149391
0.0106584
0.0151616
0.0129669
0.0109267
0.0144317
0.0111723
0.0151193
0.010723
0.0128923
0.0113854
0.0131192
0.0115866
0.0133071
0.0138626
0.0140846
0.0118319
0.0123788
0.0138679
0.0135954
0.012514
0.0137433
0.012561
0.0125879
0.014102
0.0319229
0.0013526
0.0163382
0.00130838
0.0168648
0.00657781
0.0166827
0.0114435
0.011543
0.00954608
0.0161959
0.0105969
0.0110453
0.0155634
0.0154345
0.011821
0.0120136
0.0111958
0.014918
0.0150182
0.012188
0.0148738
0.015132
0.0114348
0.0150539
0.015105
0.0115832
0.0148526
0.0122416
0.0124012
0.0135296
0.0145047
0.012532
0.0134114
0.0126069
0.0134858
0.0137711
0.0138212
0.0127997
0.0127281
0.014214
0.0129889
0.0131153
0.0136944
0.0133102
0.0132424
0.0128976
0.0141786
0.0129876
0.0140344
0.0131306
0.0129582
0.0140765
0.0133126
0.0130773
0.0130506
0.0132411
0.0130962
0.0130986
0.0131516
0.179369
0.0168806
0.00557584
0.00522534
0.00641725
0.00410461
0.0117064
0.00977249
0.00892225
0.0154794
0.0123991
0.0089178
0.0154216
0.010042
0.0133136
0.0114235
0.0117734
0.0136626
0.0147603
0.0138235
0.321509
0.344391
0.00755293
0.00763036
0.00969697
0.0105046
0.0139061
0.0109318
0.0153543
0.00735444
0.00692393
0.00966409
0.0153448
0.0153117
0.00964974
0.00979194
0.010667
0.0142368
0.0117238
0.0149455
0.0114225
0.0117367
0.0144349
0.0123128
0.011865
0.0128429
0.01435
0.0125549
0.0122156
0.0126325
0.0130543
0.0142302
0.0132139
0.0141829
0.0143023
0.464704
0.00579293
0.00195847
0.000287082
0.00191838
0.00705867
0.0159699
0.0162143
0.0110378
0.00940096
0.0152652
0.0114595
0.0106807
0.0118363
0.00995971
0.0156807
0.0129637
0.0149471
0.0121079
0.0116642
0.015007
0.0147964
0.0147311
0.0148016
0.0129103
0.0140418
0.0146754
0.0123979
0.0144969
0.0126891
0.0126962
0.0143717
0.0126528
0.0144114
0.0126986
0.012672
0.0127803
0.0137295
0.0127796
0.0138122
0.0128272
0.0137489
0.0142287
0.0135852
0.0140401
0.0130179
0.0141041
0.0133414
0.0132753
0.0132438
0.0130917
0.733165
0.0424436
0.0165903
0.0165909
0.0152534
0.0158138
0.015981
0.00916215
0.00938635
0.00944552
0.0121545
0.00869246
0.00693085
0.00801519
0.0154213
0.0102885
0.010975
0.0121425
0.0108339
0.0123146
0.0114935
0.0126161
0.011596
0.0143395
0.012564
0.0118446
0.0137995
0.0145446
0.0122088
1.17033
0.0386728
0.011088
0.0200476
0.00830712
0.0130062
0.0057237
0.000648042
0.00566306
0.00896304
0.0159143
0.00777193
0.00934161
0.00866429
0.00874166
0.00918539
0.0136565
0.0133736
0.0111533
0.0118041
0.0145398
0.0118117
0.0119102
0.250654
0.17588
0.0165994
0.016118
0.0105065
0.0162829
0.00404377
0.00689574
0.0157921
0.0094322
0.00958378
0.00997069
0.00973761
0.00872346
0.0153591
0.0112799
0.0134058
0.011447
0.0150205
0.0123234
0.0116133
0.0118142
0.011787
0.0147467
0.0132468
0.0125666
0.0141014
0.0123079
0.0145658
0.0122953
0.0138479
0.0130531
0.0145062
0.0136055
0.0125369
0.0125437
0.0131746
0.0134812
0.0138284
0.0143587
0.0136014
0.0140176
0.0127521
0.0128461
0.013781
0.0140493
0.0140487
0.0141042
0.0130007
0.0135634
0.0140801
0.0137451
1.63083
3.30118
0.0165994
0.0161174
0.0105901
0.0162829
0.00440054
0.00697037
0.0157919
0.00946475
0.00961443
0.0100393
0.0097664
0.00882323
0.0153583
0.0113082
0.0133899
0.0114686
0.0150109
0.0123282
0.0116312
0.0118288
0.0118019
0.0147398
0.0132452
0.0125725
0.0140951
0.0123157
0.0145616
0.0123038
0.0138445
0.0130555
0.0145033
0.013604
0.0125427
0.0125497
0.0131765
0.0134811
0.0138264
0.0143561
0.0136007
0.0140151
0.0127565
0.0128495
0.0137799
0.0140472
0.0140467
0.0141021
0.0130034
0.0135634
0.0140782
0.0137443
0.0047239
0.0206465
0.00883452
0.00794765
0.0145656
0.00727628
0.00899583
0.00323652
0.00194929
0.0129535
0.0109143
0.0145176
0.00932327
0.0104854
0.0109614
0.01377
0.0122641
0.0109314
0.0126639
0.0116161
0.0122338
0.0117701
0.0117859
0.0123282
0.0128382
0.0134235
0.0127336
0.0141505
0.0124402
0.0464221
0.0200234
0.00696898
0.0128992
0.0147296
0.00396728
0.00370987
0.0154598
0.00925697
0.0144581
0.671959
0.00521462
0.0151259
0.00376546
0.0167493
0.0162739
0.0115969
0.0067603
0.00719133
0.00849765
0.0114137
0.0138891
0.0091887
0.0086454
0.0101047
0.0103462
0.0104574
0.011429
0.0118651
0.0116184
0.0121436
0.0130319
0.312105
0.0359328
0.00935334
0.0165673
0.000132574
0.0153789
0.0161591
0.00614342
0.0112741
0.00955457
0.0105844
0.0156694
0.0155216
0.0130342
0.0109204
0.0128822
0.0109129
0.0115641
0.0115096
0.0114376
0.0146666
0.0132598
0.0146643
0.013285
0.01251
0.012112
0.0123844
0.0124296
0.0131358
0.0126073
0.0127777
0.0127319
0.0125925
0.0141985
0.0142343
0.0126927
0.0141708
0.0133342
0.0128694
0.0130216
0.306722
0.00858276
0.00406333
0.00288811
0.00983221
0.00720778
0.0103459
0.0162119
0.0138497
0.0155096
0.0145903
0.0139972
0.00948473
0.0148552
0.00989724
0.0106331
0.0109355
0.0120241
0.0117965
0.0109854
0.011692
0.011912
0.0141883
0.012052
0.0119639
0.0130034
0.0121303
0.012474
0.014459
0.0137094
0.0927764
0.00148429
0.00178334
0.000879315
0.00159833
0.00684313
0.0160545
0.016216
0.0110009
0.00937679
0.0152613
0.0114391
0.010711
0.0118221
0.00992532
0.0156831
0.0130022
0.0149446
0.0121024
0.0116655
0.0150084
0.0147947
0.0147351
0.0148027
0.0129187
0.0140477
0.0146756
0.0123974
0.0144966
0.0126892
0.0127007
0.0143714
0.0126538
0.0144096
0.0127004
0.0126744
0.0127838
0.0137313
0.0127816
0.0138135
0.0128305
0.0137501
0.0142271
0.0135868
0.0140388
0.0130203
0.0141022
0.0133439
0.013278
0.0132466
0.0130946
0.147181
0.040768
0.0200695
0.0148603
0.0113489
0.0109479
0.0117874
0.0162188
0.0117145
0.0160744
0.0131245
0.0119798
0.0113685
0.0112566
0.0158477
0.0155717
0.0154255
0.0125469
0.012234
0.0118008
0.0120948
0.0141579
0.0147591
0.0124188
0.0134935
0.0128627
0.0147414
0.0146801
0.0145688
0.0126028
0.0131846
0.0145344
0.0139484
0.0126476
0.0144693
0.0128859
0.0129291
0.0143703
0.0127793
0.0143517
0.0128329
0.0143653
0.0128651
0.0142124
0.0134845
0.0130054
0.0130656
0.0129894
0.0129891
0.0130445
0.0135908
0.013957
0.0139973
0.0133546
0.0138008
0.01404
0.0140366
0.013135
0.0135905
0.0131699
0.0133053
0.0136681
0.0139517
0.189449
0.227868
0.0132907
0.00237003
0.0164206
0.00462516
0.016049
0.0160922
0.0125881
0.00793959
0.0149812
0.01098
0.0140781
0.0133006
0.0154929
0.0152832
0.0121463
0.0142159
0.0140172
0.0122902
0.0116428
0.0116143
0.0140219
0.0119353
0.0119278
0.0121017
0.0124619
0.0142806
0.0124741
0.0124853
0.0133308
0.0125647
0.0128022
0.0141095
0.0125698
0.0141343
0.013894
0.0140566
0.0141967
0.014215
0.0133214
0.0140024
0.0142263
0.012854
0.0128772
0.0129363
0.0211801
0.110712
0.00430279
0.0164136
0.00723985
0.00629176
0.00973549
0.0170302
0.0160574
0.0107013
0.0166962
0.0162775
0.0160222
0.0152989
0.0106309
0.0111418
0.0150367
0.0117338
0.0154222
0.0121117
0.0119374
0.01378
0.0120871
0.0122311
0.0122245
0.0133165
0.0122086
0.0125548
0.0123542
0.0139829
0.0145744
0.0145798
0.0125676
0.0129491
0.0128713
0.0144893
0.0126171
0.0143668
0.013777
0.0137177
0.012766
0.0136994
0.0139135
0.0141866
0.0142261
0.0129319
0.0141949
0.012968
0.0132354
0.0133243
0.0135981
0.0132163
0.0139333
0.0135725
0.013526
0.0131205
0.0139785
0.0140408
0.0133263
0.0140163
0.0131446
0.0140088
0.0140167
0.0140032
0.0208257
0.0231032
0.0169874
0.00569927
0.00605355
0.0164397
0.0162169
0.0112122
0.0127829
0.0100259
0.00986609
0.0103531
0.0160555
0.011885
0.0152594
0.0119573
0.0156219
0.0117678
0.0155296
0.0149974
0.0151063
0.0149183
0.0136491
0.0141604
0.0123046
0.0126271
0.0146074
0.0124969
0.0145204
0.0136274
0.0146079
0.0145745
0.0145217
0.0127324
0.0135625
0.0126522
0.0144143
0.0131043
0.0142366
0.0143988
0.012858
0.014354
0.013569
0.01288
0.0134992
0.0129392
0.0133041
0.0129734
0.0140867
0.0138562
0.0138973
0.0130232
0.0130445
0.014044
0.0139015
0.0139796
0.0140296
0.0131638
0.0138251
0.0139519
0.0133549
0.0139935
0.0139861
