0.242759
0.0842535
0.00530404
0.0151699
0.00213604
0.00260025
0.00719566
0.0143208
0.00894481
0.0122824
0.0117443
0.0130726
0.0110288
0.0087731
0.0108386
0.00775522
0.00990997
0.0152132
0.012481
0.0130134
0.0148808
0.0141517
0.013724
0.0138792
0.0136612
0.0140682
0.0137233
0.0148379
0.0149984
0.01468
0.0144723
0.0141253
0.0141354
0.0148769
0.0144114
0.0149714
0.014495
0.0144713
0.0144592
0.0143603
0.0145753
0.0144672
0.0145386
0.0145569
0.0145649
0.014652
0.0149218
0.0146205
0.0147603
0.0145908
0.0146834
0.014793
0.0163463
0.0397844
0.0164461
0.0286622
0.0220998
0.0180207
0.0152485
0.0145048
0.0159201
0.0158766
0.0160468
0.015585
0.0162722
0.0145826
0.015114
0.0156112
0.0150789
0.0152979
0.0146046
0.0151881
0.0148283
0.0151779
0.0145973
0.0145718
0.0151261
0.0152737
0.01519
0.0146493
0.0146413
0.0147731
0.0149733
0.0150764
0.0146882
0.0150588
0.0150196
0.0146489
0.0147257
0.01497
0.015033
0.0150178
0.0146757
0.0149943
0.0147497
0.014809
0.0147446
0.0149653
0.0146901
0.0149678
0.0149386
0.0146814
0.0149267
0.0147633
0.014688
0.0147252
0.0149237
0.0147958
0.0147144
0.0148907
0.0147857
0.0149052
0.0148136
0.0148793
0.0765159
0.0154262
0.00903606
0.0127735
0.0135078
0.0143166
0.0119318
0.0133955
0.015217
0.0129672
0.0148258
0.0129101
0.0149878
0.0148472
0.0146003
0.0143049
0.0141293
0.014434
0.0144628
0.0149574
0.0141342
0.0142601
0.0145201
0.0143511
0.0143422
0.0148002
0.0145278
0.0144775
0.014541
0.0149242
0.0146104
0.0146134
0.0145217
0.0145089
0.0560371
0.00823497
0.00944496
0.00535317
0.0131417
0.0100782
0.0142089
0.0120356
0.0144126
0.01334
0.0128835
0.0138685
0.0150458
0.0136773
0.0142277
0.0144644
0.0149434
0.0139463
0.0145876
0.014997
0.014199
0.0146905
0.0149071
0.0143279
0.0145989
0.0148487
0.014457
0.0144746
0.0147695
0.0146359
0.0145702
0.0149183
0.014542
0.0148861
0.014547
0.0128874
0.00716279
0.00362072
0.00611778
0.00814066
0.0115952
0.0115307
0.0141622
0.0151363
0.0151936
0.011275
0.0142474
0.0140421
0.0133628
0.0134108
0.0139876
0.01498
0.0136234
0.014721
0.0143644
0.0141895
0.0148211
0.0148873
0.0141264
0.0144092
0.0149273
0.0142628
0.0463603
0.00322819
0.0151149
0.0104654
0.00970163
0.004278
0.00569436
0.00957093
0.0116466
0.012328
0.0135318
0.0150837
0.0134273
0.0136194
0.0136609
0.0141839
0.0149681
0.0145882
0.0144948
0.0144733
0.0143111
0.0141301
0.0148881
0.0145203
0.0142881
0.0144657
0.0149126
0.00880708
0.0101331
0.00922349
0.0108822
0.00743621
0.0152891
0.00697066
0.0114561
0.0117588
0.0128735
0.0120631
0.0124956
0.0141198
0.0143199
0.0140888
0.0140206
0.0138163
0.0141591
0.0148793
0.0144956
0.0142558
0.0144574
0.0142644
0.014457
0.014449
0.0142871
0.0144931
0.0147547
0.0505124
0.00515574
0.00159863
0.00796669
0.00810882
0.00955689
0.0137084
0.0130118
0.0134796
0.0134141
0.0145429
0.0129242
0.0142072
0.0135709
0.0134322
0.0150686
0.0144068
0.0145662
0.0140054
0.0141475
0.0145032
0.0142211
0.0143476
0.0145439
0.014241
0.0145405
0.014712
0.0143493
0.0144484
0.0145552
0.0149348
0.0146056
0.0147859
0.0146477
0.0144841
0.108485
0.00494504
0.000972608
0.00982735
0.0107946
0.00920729
0.0125922
0.0134832
0.0104997
0.0129526
0.0146175
0.0145506
0.0148213
0.0136449
0.01437
0.0137227
0.0138223
0.014217
0.0140221
0.0143726
0.0140768
0.0142788
0.0142798
0.014529
0.0147548
0.0147287
0.0148126
0.0147874
0.0148919
0.0143782
0.0144385
0.0145137
0.0148065
0.168145
0.0149259
0.00905503
0.0127841
0.0135356
0.0143203
0.0119981
0.0134204
0.0152168
0.0129899
0.0148252
0.0129302
0.0149872
0.0148466
0.0146005
0.0143077
0.0141337
0.0144356
0.0144644
0.0149569
0.0141388
0.0142632
0.0145211
0.0143535
0.0143448
0.0148002
0.014529
0.0144791
0.0145426
0.0149238
0.0146111
0.0146145
0.0145234
0.0145104
0.167283
0.00251779
0.00966133
0.00106439
0.0109527
0.0107265
0.00661631
0.00963768
0.0135648
0.0114266
0.0115364
0.013145
0.0136528
1.84035
0.053571
0.00989096
0.0124852
0.0152784
0.0134018
0.0148581
0.0147782
0.0151414
0.0123546
0.0121384
0.0124552
0.0136469
0.0150092
0.0138436
0.0138832
0.0145112
0.0144583
0.0140445
0.0149863
0.0141265
0.0150405
0.014489
0.0145519
0.0143338
0.0143901
0.0148559
0.0144555
0.0145605
0.014438
0.0144524
0.0149502
0.0147151
0.0145287
0.0145917
0.0145394
0.01484
0.014691
0.0146675
0.0145976
0.0146449
0.0148621
0.840154
0.024597
0.223798
0.0112793
0.0158785
0.0139737
0.0155035
0.0141206
0.0153892
0.0147953
0.0142139
0.0153684
0.014288
0.0142803
0.0144976
0.0151536
0.0144525
0.0151628
0.014751
0.014507
0.0150768
0.0150657
0.0147908
0.0145397
0.015055
0.015028
0.0145959
0.0149985
0.0149786
0.0148629
0.0147768
0.0146084
0.0149228
0.0146129
0.0146261
0.0149144
0.0148074
0.014893
0.0149315
0.0149002
0.0146591
0.0147374
0.0146667
0.0146975
0.0148896
0.0146822
0.0148254
0.0146879
0.0466922
0.0041316
0.0151051
0.0106939
0.00944418
0.00456872
0.00562935
0.009763
0.0116208
0.0122659
0.0135382
0.0150826
0.013397
0.0135934
0.0136355
0.0141791
0.0149681
0.0145785
0.0144919
0.0144624
0.0143034
0.0141144
0.0148884
0.0145111
0.0142749
0.0144591
0.0149143
0.0157839
0.0226018
0.0128624
0.0167644
0.0160717
0.0154001
0.015562
0.0155806
0.015195
0.0144723
0.0141045
0.0143006
0.0143141
0.0144665
0.0151603
0.0152187
0.0144654
0.0144371
0.0144151
0.0148301
0.0145519
0.0150478
0.0150739
0.0145741
0.0147265
0.0150058
0.0150103
0.014984
0.0145841
0.0147188
0.0149502
0.0146321
0.0146223
0.0146217
0.0148953
0.0147242
0.0148365
0.014936
0.0146408
0.0146569
0.0149188
0.0146978
0.0148299
0.0146734
0.0146858
0.0146869
0.0148849
0.0147046
0.0148339
0.00523621
0.0290087
0.00468062
0.00366789
0.00371776
0.00137816
0.0120669
0.00555153
0.0132747
0.0115786
0.0113066
0.0113691
0.0131521
0.0138568
0.0150435
0.0129726
0.0140298
0.0146944
0.0135742
0.0148933
0.0140328
0.128098
0.00537253
0.0134207
0.00249012
0.00824344
0.00511998
0.014654
0.0125339
0.0102419
0.0145742
0.0145005
0.0142952
0.0134346
0.0133704
0.0144915
0.0143587
0.014616
0.0138607
0.0142471
0.013997
0.0141314
0.0143412
0.0147753
0.0149044
0.0149108
0.014609
0.0144046
0.0144933
0.0145231
0.0144612
0.0144931
0.0148773
0.0144601
0.0144429
0.0232061
0.00708161
0.0159921
0.0153211
0.013909
0.0150146
0.0153458
0.0148144
0.0140836
0.014345
0.0151968
0.0146659
0.0144063
0.0143342
0.0151297
0.0144081
0.0143675
0.0151083
0.0147312
0.0146035
0.0145129
0.0145034
0.0144836
0.0145473
0.0149218
0.0147227
0.0145541
0.0149878
0.0149393
0.0146024
0.0148356
0.0146247
0.014904
0.0149456
0.0148098
0.0146283
0.0146425
0.0148739
0.0146817
0.0146507
0.0146465
0.0148801
0.0147429
0.0146982
0.0148898
0.0148264
0.0147026
0.0147882
0.0148756
0.00280937
0.0137737
0.00902943
0.0151009
0.0139125
0.0149801
0.0134777
0.0121871
0.0134085
0.0133424
0.013827
0.0138409
0.0145617
0.0143747
0.0148416
0.0139331
0.0145566
0.0145035
0.147859
0.00326405
0.0127247
0.0115732
0.00667278
0.0133307
0.0152015
0.0106871
0.012131
0.0125242
0.0127234
0.0137284
0.0149524
0.0130923
0.0149225
0.0137495
0.0137552
0.0149765
0.0140383
0.00697063
0.00708401
0.0152171
0.0142096
0.010894
0.0137658
0.0152342
0.0150411
0.0134153
0.0129836
0.0131301
0.0149651
0.0142174
0.0141244
0.0145764
0.0149213
0.0145914
0.0142954
0.0143425
0.0143816
0.0145091
0.0144213
0.0147798
0.0146949
0.0149854
0.0149737
0.0148666
0.0145988
0.0145484
0.0145977
0.0148307
0.014572
0.0148824
0.0146265
0.0146412
0.0148119
0.014698
0.0147843
0.0146336
0.0146362
0.0148226
0.0149013
0.0104362
0.00343193
0.0152171
0.0142254
0.0111227
0.0138019
0.0152342
0.0150365
0.0134607
0.0130285
0.0131814
0.0149571
0.0142214
0.0141336
0.014576
0.0149188
0.0145912
0.0143006
0.0143469
0.0143853
0.014511
0.0144244
0.0147786
0.0146949
0.0149848
0.0149728
0.0148658
0.0145999
0.0145499
0.0145988
0.0148303
0.0145733
0.0148819
0.0146272
0.0146418
0.0148117
0.0146984
0.0147842
0.0146344
0.0146369
0.0148224
0.0149009
0.00771672
0.0158593
0.00845908
0.00708411
0.0133802
0.00942927
0.00664578
0.00853837
0.0131725
0.0131125
0.0103355
0.0129457
0.0149783
0.0138334
0.0149735
0.0149007
0.0132872
0.013448
0.0144001
0.0148248
0.0142847
0.0149238
0.014154
0.0142255
0.0144425
0.0144378
0.0144445
0.00578195
0.00559096
0.013156
0.00984692
0.0113603
0.0070318
0.0141743
0.0133253
0.0149227
0.0133956
0.0102656
0.0123924
0.012419
0.039737
0.00938684
0.0209901
0.012459
0.00521385
0.0149935
0.0139079
0.00995752
0.0105812
0.0125579
0.0118494
0.0138401
0.013512
0.0148309
0.0142455
0.0133188
0.0147281
0.0135364
0.0139205
0.0147337
0.0178848
0.013688
0.0127264
0.0127079
0.012377
0.0092124
0.00988141
0.0149369
0.0117536
0.0130475
0.0139671
0.0142845
0.013722
0.0142919
0.0149082
0.0148764
0.0149948
0.0141471
0.0142425
0.0144578
0.0145217
0.0148098
0.0146875
0.0143971
0.0148657
0.0144577
0.014466
0.0144988
0.0149214
0.0145209
0.0145588
0.014832
0.0146936
0.0138533
0.00696195
0.00355218
0.00594986
0.00802461
0.0116037
0.0115407
0.0141644
0.0151367
0.0151937
0.0112692
0.0142487
0.0140404
0.0133595
0.0134095
0.0139861
0.0149803
0.0136214
0.0147214
0.014364
0.0141888
0.0148213
0.0148875
0.014126
0.014409
0.0149273
0.0142627
0.209516
0.0263995
0.00993595
0.0161779
0.0153213
0.0138906
0.0151095
0.0153489
0.0148742
0.0141141
0.0143406
0.0151972
0.0146872
0.0144044
0.0143345
0.0151302
0.0144073
0.0143681
0.0151148
0.0147395
0.0146098
0.0145169
0.0145072
0.0144857
0.0145514
0.0149257
0.0147266
0.0145554
0.0149883
0.0149406
0.0146033
0.0148378
0.014625
0.0149054
0.0149454
0.0148118
0.0146297
0.0146441
0.0148752
0.0146836
0.0146509
0.014647
0.0148807
0.0147444
0.0146996
0.0148896
0.0148272
0.0147038
0.0147893
0.00215596
0.0265039
0.00395152
0.0153882
0.0185992
0.0159386
0.0148975
0.014491
0.0145127
0.014593
0.0150532
0.0148959
0.0145184
0.0151248
0.0150433
0.0154306
0.0153061
0.0153945
0.0145462
0.0145864
0.0146255
0.0150361
0.0146955
0.0148685
0.0149339
0.0150006
0.0150483
0.0149651
0.0146799
0.0149981
0.0150373
0.0149473
0.0147234
0.01484
0.0149999
0.0149441
0.0149665
0.0148554
0.0146874
0.0146993
0.0147051
0.0148845
0.0147487
0.014709
0.0147026
0.0149188
0.014912
0.014736
0.0148678
0.0148776
0.0148885
0.0148587
0.0128853
0.0128213
0.0148662
0.0140838
0.0139195
0.0151137
0.014268
0.0141203
0.0133522
0.0151575
0.0133103
0.0135974
0.0140023
0.0143209
0.0147155
0.0149406
0.0149462
0.0148146
0.0143682
0.0144653
0.0149736
0.0144778
0.0148306
0.0147903
0.0145721
0.0145722
0.0148221
0.0147417
0.0149004
0.0145263
0.0147889
0.0149381
0.0148827
0.0148572
0.0148927
0.0147348
0.014613
0.0146142
0.0146244
0.0170653
0.0209498
0.0152835
0.0184969
0.0172882
0.0144196
0.0157625
0.0144565
0.0166867
0.0158469
0.0166871
0.0156212
0.0144585
0.0158312
0.0155014
0.0152435
0.0152463
0.0145592
0.0151291
0.0150294
0.0145743
0.0150534
0.0151661
0.0150833
0.0146436
0.0151296
0.0145997
0.0150008
0.0146696
0.0149494
0.0149656
0.0150138
0.0150364
0.0147909
0.0149921
0.0146585
0.014994
0.0146494
0.0149766
0.0149251
0.014881
0.0146835
0.0149018
0.0146935
0.0149144
0.0149113
0.0147826
0.0146905
0.0147726
0.0149011
0.014897
0.0147742
0.0148955
0.060217
0.023249
0.0161422
0.0144897
0.0147624
0.0161074
0.0166138
0.0147611
0.0163682
0.0153468
0.017073
0.016484
0.0144853
0.0154618
0.014935
0.0158107
0.0153999
0.0150374
0.0147131
0.0149476
0.0153016
0.0152838
0.0150592
0.0147757
0.0151395
0.0145917
0.0151771
0.0151181
0.0151835
0.0147608
0.0151118
0.0150531
0.014967
0.0149628
0.0149822
0.0150557
0.0150274
0.0150456
0.0148213
0.0149884
0.0147802
0.014668
0.0149877
0.0146812
0.0146816
0.0149741
0.0148926
0.0147266
0.0149235
0.0147753
0.0148687
0.0149433
0.0149042
0.0146907
0.0148992
0.0146932
0.0149001
0.0146993
0.0148556
0.0148808
0.0149019
0.0148934
0.0148935
