0.025327
0.000609827
0.00715105
0.0248825
0.00434859
0.0166715
0.0211911
0.0211408
0.0176676
0.0150644
0.0183865
0.0192023
0.172463
0.0322092
0.031166
0.0232697
0.014066
0.0288575
0.0108048
0.0128664
0.013469
0.0227526
0.0209007
0.0204258
0.0213571
0.0160533
0.0179775
0.0152191
0.0164728
0.020116
0.016881
0.0165308
0.0169112
0.0196461
0.0184791
0.016738
0.0187596
0.0189847
0.0196922
0.0194551
0.0170486
0.0193876
0.019267
0.0174061
0.0188259
0.0186062
0.0173872
0.0187845
0.0186944
0.0187396
0.0180437
0.0175059
0.0740011
0.107364
0.0158806
0.0348067
0.0368506
0.0149323
0.0155019
0.0155237
0.0275279
0.0152456
0.0152918
0.0153885
0.0229234
0.0230418
0.0202638
0.0210284
0.0164169
0.0166288
0.0204447
0.0209659
0.0198196
0.0165045
0.0168726
0.0203479
0.0198733
0.0169487
0.0184768
0.0193783
0.0176325
0.0195796
0.0173047
0.0171253
0.0171804
0.0194337
0.0180229
0.0173282
0.0173475
0.0192868
0.017683
0.0173794
0.0192597
0.0181983
0.0185663
0.0190453
0.0191267
0.0190802
0.019046
0.0186512
0.0189396
0.0176028
0.0186848
0.0189038
0.0176623
0.0188965
0.0176793
0.0186736
0.0185048
0.0188545
0.0177532
0.0188194
0.0188243
0.105547
0.0148562
0.0150046
0.00437012
0.0227699
0.0237414
0.0116184
0.0147065
0.0221261
0.0135777
0.0157462
0.0216455
0.0207791
0.02072
0.0178093
0.0195336
0.0161866
0.0163187
0.0167389
0.0183559
0.0166048
0.0167419
0.0194084
0.0169502
0.019541
0.0169245
0.0170676
0.0183911
0.0179797
0.0191217
0.0176699
0.0177382
0.0642559
0.0278561
0.0146245
0.00169212
0.00704763
0.0243069
0.0134813
0.0190228
0.0181614
0.0218508
0.0155988
0.0148957
0.020695
0.0209006
0.02049
0.020437
0.0163373
0.0161363
0.0175052
0.0200525
0.0185804
0.017452
0.0182313
0.0196633
0.0195994
0.0168733
0.0181283
0.0190227
0.017066
0.01924
0.019223
0.0172632
0.0173323
0.0183188
0.0186426
0.0232666
0.0249463
0.0247622
0.0240359
0.0053636
0.0103841
0.0131847
0.0175238
0.0214819
0.0136777
0.0210066
0.0151414
0.0206826
0.0186927
0.0203555
0.0198068
0.0193436
0.0192453
0.0184299
0.0166587
0.0184154
0.0169134
0.0195132
0.0194426
0.0171644
0.0188548
0.00388822
0.00764667
0.00946589
0.00134957
0.0109615
0.0215592
0.0126019
0.0197131
0.0141275
0.0210476
0.0150073
0.0151327
0.0153111
0.0159884
0.018017
0.0198925
0.0168026
0.0172165
0.0179595
0.0194583
0.0168665
0.0180212
0.0175176
0.0182549
0.0175175
0.0184289
0.0264772
0.0281122
0.0255344
0.0133723
0.0124857
0.0136205
0.0130097
0.0141904
0.0209143
0.0142336
0.0208932
0.0152145
0.015542
0.0201808
0.0173952
0.0200746
0.0199876
0.0197259
0.0194419
0.0194393
0.0167961
0.0193806
0.0170614
0.0182031
0.0189304
0.0177906
0.00449203
0.0244842
0.00975848
0.00765818
0.0135657
0.0230981
0.0225189
0.013135
0.0220373
0.0154145
0.0138541
0.0195349
0.0148854
0.0161178
0.0205815
0.0161621
0.0201728
0.0166839
0.0190896
0.0166354
0.0167098
0.0168722
0.0169643
0.0172377
0.0195272
0.0193865
0.0193667
0.0192596
0.0172061
0.0172292
0.01818
0.0191901
0.0405739
0.00328066
0.00166307
0.000315233
0.0240248
0.0196392
0.0151517
0.0125871
0.0141281
0.0211082
0.0210306
0.0207581
0.0144484
0.0203573
0.0203967
0.0203518
0.0179819
0.0158128
0.0200205
0.0188693
0.0163365
0.0196683
0.0165686
0.0167026
0.0191524
0.0179935
0.016882
0.0194417
0.0172323
0.0170958
0.0174405
0.0175312
0.0192659
0.14831
0.0080151
0.0115642
0.02303
0.0175393
0.0148259
0.0145893
0.0219981
0.0211675
0.020853
0.0156022
0.0204054
0.0156962
0.0175423
0.0158817
0.018655
0.0200937
0.0163582
0.0168305
0.0189461
0.01674
0.0196174
0.0193864
0.0194081
0.0194863
0.0179051
0.0180483
0.018564
0.0177514
0.0173244
0.0175692
0.000562418
0.0553063
0.0237741
0.022679
0.0220208
0.0113512
0.0129796
0.0198838
0.0174585
0.0205229
0.0156382
0.0602626
0.000789242
0.0235666
0.0127944
0.0237995
0.023584
0.014161
0.0228885
0.0129017
0.0139473
0.0212429
0.0148483
0.0208309
0.0152176
0.0161936
0.0163907
0.0191709
0.016087
0.0161422
0.0202322
0.0181347
0.0194063
0.0189776
0.0172061
0.0168661
0.017769
0.0188029
0.0196579
0.0194542
0.0183937
0.0171624
0.017312
0.0193266
0.017856
0.0182874
0.0186949
0.0175344
0.0185174
0.0186705
0.018947
0.142492
0.0103585
0.0352733
0.0119153
0.0151192
0.0140663
0.0266867
0.0219904
0.0222122
0.02202
0.0215399
0.0205332
0.0200986
0.0204957
0.0163231
0.0183361
0.020818
0.0208187
0.0200412
0.0199314
0.0201494
0.0166449
0.018562
0.0189483
0.018164
0.0173329
0.0183801
0.0195957
0.0177117
0.017715
0.0189086
0.0172295
0.019305
0.0186981
0.0176025
0.0176085
0.0174031
0.0181684
0.0190774
0.0176469
0.0186231
0.0189403
0.0179363
0.0176473
0.0176689
0.0234822
0.0245078
0.0241838
0.0116758
0.00986652
0.0119878
0.0217659
0.0151871
0.0207216
0.0147989
0.0198087
0.0204162
0.0201721
0.0162479
0.018702
0.016231
0.0192175
0.0199543
0.0196573
0.0172204
0.0181108
0.0178789
0.01933
0.0194252
0.0179336
0.017951
0.0140177
0.0671484
0.0113158
0.0117878
0.0124793
0.0213889
0.0152699
0.0155
0.0142499
0.022559
0.01551
0.0202438
0.0159683
0.0157857
0.0161651
0.0202034
0.0205544
0.0198234
0.016505
0.0165622
0.0165913
0.0166974
0.0182552
0.0169602
0.0198103
0.0196637
0.0174155
0.0193888
0.0195087
0.0194299
0.0192508
0.0174279
0.0180035
0.0176092
0.0173754
0.0191117
0.0187148
0.017658
0.0179274
0.0190977
0.0189427
0.0178081
0.0178161
0.0188485
0.0184577
0.0188231
0.108592
0.0240541
0.00838159
0.0234023
0.00651143
0.0134561
0.00983383
0.0220503
0.0138164
0.0190547
0.0152931
0.0209796
0.0153045
0.020647
0.0193994
0.0194689
0.0200245
0.0162725
0.0180258
0.0198941
0.0755209
0.0265756
0.00751467
0.0256103
0.0252872
0.0144281
0.021571
0.0218765
0.0125711
0.0202546
0.0155066
0.0149459
0.0206928
0.015739
0.0195636
0.0203029
0.020484
0.0160062
0.0204549
0.0201158
0.0161768
0.01894
0.0187435
0.016663
0.0196164
0.0166765
0.0171584
0.0170127
0.0190127
0.0181091
0.0186192
0.0193531
0.0174754
0.0192084
0.0190825
0.137796
0.0298658
0.0148787
0.0226137
0.0202126
0.0142989
0.0166476
0.0243163
0.0213466
0.0209889
0.0205794
0.0160199
0.0161651
0.0154778
0.0194826
0.0187624
0.0207057
0.0208012
0.0172799
0.0191058
0.0201586
0.0167039
0.0200864
0.0191975
0.017491
0.0180875
0.0168884
0.0169762
0.0170617
0.0195811
0.0171676
0.0193239
0.0194795
0.0194284
0.0185815
0.0192607
0.017952
0.0173899
0.0180305
0.0191574
0.017429
0.0174965
0.0188055
0.018966
0.0178064
0.0176174
0.0187292
0.0187574
0.0185469
0.208028
0.0123989
0.0036
0.00667047
0.0072374
0.0222883
0.0119677
0.0146127
0.0149939
0.0171278
0.0158778
0.0163241
0.020062
0.0165202
0.0201968
0.0169197
0.0174011
0.0166168
0.0166547
0.0187313
0.0193883
0.48207
0.0159632
0.0169223
0.0211379
0.0133752
0.0226938
0.0107983
0.0144687
0.0217554
0.0212609
0.0144423
0.0153651
0.0178734
0.0153437
0.0204243
0.0157188
0.0180251
0.0161711
0.0162723
0.016448
0.0164085
0.0220188
0.00694584
0.00828617
0.0283622
0.0149814
0.0122923
0.0130408
0.0153378
0.0144942
0.0216471
0.0187941
0.0214226
0.0211998
0.0158401
0.0208748
0.0207945
0.0162261
0.0200574
0.0165461
0.0187854
0.0176207
0.0182772
0.0167385
0.0185092
0.0196835
0.0170216
0.0193315
0.0190015
0.0177456
0.0193319
0.0193022
0.0191836
0.0192434
0.0191516
0.0175592
0.0187141
0.019021
0.0176429
0.0187356
0.0418746
0.00694604
0.00863086
0.028208
0.0149814
0.0122961
0.0130858
0.0153384
0.0145002
0.0216131
0.0188434
0.0213894
0.021167
0.0158446
0.0208476
0.020769
0.0162308
0.0200439
0.01655
0.0187871
0.0176328
0.0182833
0.0167445
0.0185103
0.0196744
0.0170253
0.0193251
0.0189977
0.0177504
0.0193265
0.0192974
0.0191787
0.0192382
0.0191476
0.0175625
0.0187119
0.0190176
0.0176458
0.0187334
0.271354
0.0113152
0.0243407
0.0243029
0.0130288
0.010463
0.0141537
0.0133002
0.0216438
0.0137669
0.0199405
0.0140025
0.0183633
0.0200036
0.0187145
0.0165631
0.0186426
0.0203111
0.0159466
0.017464
0.0163469
0.0193993
0.0166334
0.0196924
0.0176638
0.0178245
0.0167643
0.0172577
0.0133023
0.0197871
0.0171436
0.0139187
0.00915141
0.0115357
0.00856308
0.017152
0.0119168
0.0126605
0.018429
0.0142612
0.016558
0.0157697
0.292745
0.00822564
0.0244864
0.0191106
0.0219089
0.0221674
0.0117856
0.0214677
0.0142205
0.017472
0.0145387
0.0204355
0.0156545
0.0158037
0.0162621
0.0195866
0.017441
0.0181766
0.0169045
3.22234
0.0259191
0.00908554
0.0225134
0.0226821
0.0233209
0.0210778
0.0155346
0.0147128
0.0145792
0.0159591
0.0210236
0.0184471
0.0208643
0.0169167
0.0159567
0.020194
0.0165975
0.0201033
0.0198413
0.0165522
0.0197029
0.0166513
0.0196224
0.0168198
0.0173006
0.0194803
0.0193886
0.0175724
0.0183042
0.0184516
0.0176543
0.0172811
0.0173838
0.01742
0.0416184
0.0135945
0.00398261
0.00721121
0.0230417
0.0226285
0.0170409
0.0211819
0.0133323
0.0144999
0.0142285
0.0148171
0.0157736
0.0162357
0.0203515
0.016159
0.020233
0.0202099
0.0168008
0.016724
0.016633
0.0168051
0.0188272
0.0182517
0.0192611
0.0182525
0.0192366
0.0214853
0.0308486
0.0135433
0.0227709
0.0194947
0.0140447
0.0162926
0.0244531
0.0213955
0.0210222
0.020601
0.0160265
0.0161399
0.0154802
0.0194684
0.0187469
0.0207229
0.0208193
0.0172691
0.0190996
0.0201642
0.0167054
0.0200926
0.0191969
0.0174911
0.0180863
0.0168912
0.0169795
0.0170646
0.0195818
0.0171711
0.0193239
0.0194795
0.019428
0.0185817
0.0192594
0.0179542
0.0173928
0.0180325
0.0191557
0.0174319
0.0174999
0.0188041
0.018964
0.0178093
0.0176206
0.0187278
0.0187557
0.0185463
0.0204033
0.0147063
0.015924
0.0143628
0.021554
0.0151888
0.0283364
0.0206122
0.0151437
0.0160511
0.015605
0.0223585
0.0219511
0.0208317
0.0206362
0.0203983
0.0211414
0.0181511
0.0199322
0.0207394
0.0171326
0.0202832
0.0198541
0.017663
0.0200689
0.0199452
0.0171782
0.017144
0.0193287
0.0192658
0.0174343
0.0193915
0.0173609
0.0173763
0.0192944
0.0174179
0.0175472
0.0176562
0.019091
0.0175475
0.0189816
0.0176116
0.0189635
0.0189613
0.0189709
0.0189719
0.0182769
0.0189508
0.0189087
0.0184917
0.0182755
0.0176941
0.0188559
0.0644728
0.000757592
0.00582037
0.0277372
0.0268289
0.0215695
0.0137136
0.0138101
0.021816
0.0171902
0.0143425
0.0178884
0.0214563
0.0164661
0.0161427
0.0205879
0.020368
0.0162685
0.0167381
0.0191099
0.0165137
0.0183321
0.016899
0.0166478
0.0194738
0.0183143
0.0172884
0.0169813
0.0176386
0.0181954
0.0193884
0.0193903
0.0182095
0.0171871
0.0171583
0.017299
0.0191324
0.0182287
0.0190111
0.0175725
0.0185953
0.0186697
0.117762
0.0533286
0.0144896
0.0348278
0.0157379
0.0232055
0.026707
0.0147146
0.0230418
0.0156971
0.0161825
0.0159052
0.0221684
0.0208497
0.0163304
0.0201615
0.0205083
0.0199807
0.0204971
0.0165845
0.0204238
0.0168529
0.0200667
0.0186026
0.0198593
0.0200258
0.0195888
0.0190054
0.0194222
0.0170857
0.0170691
0.0177288
0.0176911
0.0174976
0.0189927
0.0173418
0.0192777
0.019243
0.0178988
0.0189046
0.0190985
0.0190702
0.0175396
0.017638
0.0190149
0.0176564
0.0189943
0.0189026
0.0187023
0.0176883
0.0186605
0.0183499
0.0188448
0.0188553
0.0188409
0.0667682
0.0515851
0.0145395
0.0306834
0.0148538
0.0277654
0.0154347
0.0148667
0.022725
0.015968
0.0242541
0.0208262
0.0231035
0.016535
0.0163219
0.0166938
0.020188
0.0195883
0.0162954
0.0180122
0.0163379
0.0207863
0.0207409
0.0206151
0.0165902
0.0198489
0.0195845
0.0182438
0.0197615
0.0169743
0.0194567
0.0193668
0.0171934
0.0170881
0.0171759
0.0176131
0.0191694
0.0190497
0.0193358
0.0192123
0.0186405
0.0178088
0.0192845
0.0192837
0.0192272
0.0191307
0.0181691
0.0190855
0.0188803
0.0190127
0.0176088
0.0180896
0.0176325
0.0189618
0.0189421
0.0177932
0.0188352
0.0185228
0.0188596
0.0181011
0.0188528
0.0178064
0.0178721
