0.0399147
0.0459151
0.0106482
0.00187457
0.0124251
0.0124444
0.00691556
0.00624435
0.0125468
0.00797712
0.0107284
0.00966717
0.0119497
0.015303
0.00612677
0.000446241
0.00896309
0.0126108
0.0123419
0.012169
0.012415
0.0127788
0.0117527
0.0125254
0.011759
0.012341
0.0119637
0.0123805
0.0122842
0.0123693
0.0125113
0.0121145
0.0122136
0.012263
0.0124298
0.0124669
0.012411
0.0124235
0.0125497
0.012431
0.012441
0.0124944
0.0125538
0.012609
0.0127853
0.0125263
0.0125892
0.0126229
0.0126929
0.0127351
0.012703
0.0127577
0.0126388
0.0477846
0.0177948
0.0412197
0.0190085
0.0194126
0.0129703
0.0133262
0.0151193
0.0142868
0.013332
0.0130939
0.0147804
0.0137299
0.0128019
0.0132415
0.0129413
0.0137961
0.013666
0.0128723
0.0132731
0.0126765
0.01293
0.012828
0.0128771
0.0128854
0.0126704
0.0128927
0.0129767
0.0128109
0.0129345
0.0128444
0.0128253
0.0130009
0.0128289
0.0128877
0.0127704
0.0127482
0.0128751
0.0128223
0.0128567
0.0127731
0.0129167
0.0129182
0.0129025
0.0128618
0.0128721
0.0128616
0.0128654
0.0128553
0.0128205
0.0127138
0.0128571
0.0127251
0.0127145
0.0127838
0.0128126
0.0128066
0.0128107
0.0128379
0.0127979
0.0127363
0.0058278
0.00971059
0.0136197
0.00183857
0.00336351
0.00625896
0.00946306
0.012127
0.0122774
0.0108663
0.0128067
0.0125196
0.0125062
0.0115176
0.0112253
0.0118447
0.0123461
0.012786
0.0121348
0.0123913
0.0124345
0.0123001
0.0122418
0.0122776
0.0126691
0.0124026
0.0123605
0.0124518
0.0124194
0.0126285
0.0124714
0.012613
0.0125004
0.0124929
0.00902227
0.0137987
0.00522481
0.00743114
0.0113128
0.00784
0.0129259
0.0120753
0.0113852
0.0129028
0.0128754
0.0128487
0.0124369
0.0120472
0.0120774
0.0125229
0.0119489
0.0128596
0.0125449
0.0122874
0.0123264
0.0127241
0.0127715
0.0126619
0.0124945
0.0124222
0.0124911
0.0127779
0.0124946
0.0125355
0.0126763
0.0127648
0.0211023
0.00540845
0.0116618
0.0113524
0.00345722
0.0127756
0.00774613
0.0106926
0.0118732
0.012352
0.0128864
0.0125569
0.0121923
0.012872
0.0121938
0.0121465
0.0124702
0.0124838
0.011734
0.0119817
0.0121216
0.01211
0.0128184
0.0122129
0.0124462
0.0122875
0.012273
0.00137608
0.0104816
0.0321403
0.00969326
0.0122278
0.0110988
0.0124759
0.012343
0.0118922
0.0125205
0.0112083
0.0114999
0.0117787
0.0123273
0.012598
0.0128419
0.0119853
0.0126407
0.0127166
0.0126178
0.0124051
0.0123927
0.0125141
0.00316567
0.0583932
0.000680702
0.00631174
0.0121444
0.010358
0.0113341
0.0124804
0.00995879
0.0103563
0.0128912
0.0117335
0.0118957
0.0123581
0.0125022
0.0127061
0.0127991
0.0122717
0.0124875
0.0124418
0.0125967
0.0124417
0.0123425
0.0124034
0.0127936
0.0125973
0.00200821
0.0171758
0.00220592
0.00257546
0.0123553
0.00658722
0.0113404
0.0112226
0.0123091
0.0121946
0.0126011
0.0121762
0.0109933
0.0127708
0.0111401
0.011912
0.0123684
0.0121108
0.0125393
0.0128231
0.0126732
0.0126349
0.012341
0.0125287
0.0125165
0.0125932
0.0125643
0.0124565
0.0128059
0.012709
0.0125373
0.0127648
0.0125368
0.00675822
0.0435516
0.0102845
0.00862488
0.00727134
0.012091
0.0129122
0.0129095
0.012518
0.00985272
0.0100884
0.0104115
0.0123132
0.0121075
0.0118396
0.0124888
0.0116347
0.0116284
0.0127166
0.0121343
0.0121534
0.0124548
0.0128297
0.0127501
0.0124558
0.0122999
0.012308
0.012371
0.0126954
0.0123889
0.00493584
0.00972995
0.012268
0.00199359
0.0036361
0.0064297
0.00954729
0.0121373
0.0122783
0.0108951
0.0128066
0.0125198
0.0125063
0.0115247
0.0112391
0.0118534
0.0123474
0.0127858
0.0121398
0.012393
0.0124362
0.0123031
0.0122454
0.0122808
0.0126695
0.0124049
0.0123631
0.0124536
0.0124216
0.0126292
0.0124732
0.0126137
0.012502
0.0124945
0.00529084
0.000468813
0.0027941
0.00772213
0.00828712
0.012653
0.00974951
0.0126736
0.0122665
0.00967196
0.0108465
0.00922976
0.00543249
0.0125432
0.00752386
0.00668631
0.0128421
0.0110918
0.0114989
0.0124579
0.0123926
0.0120456
0.0115266
0.0117865
0.0122851
0.0118998
0.0125551
0.0127371
0.012448
0.0123236
0.0121948
0.012259
0.0126753
0.0125298
0.0127985
0.0125926
0.0125698
0.0124235
0.0124145
0.0126517
0.0125227
0.0125976
0.0125354
0.0125487
0.0125905
0.0128047
0.0126606
0.0126747
0.0126216
0.0126279
0.0126994
0.0106843
0.0116123
0.0104025
0.0119816
0.011206
0.0118578
0.0129595
0.0124526
0.0130042
0.0124959
0.0125499
0.0129658
0.0129496
0.0125919
0.0125414
0.012548
0.0125656
0.0125717
0.0126078
0.0125965
0.0128623
0.0128667
0.0128612
0.0128567
0.0126213
0.0126306
0.0126714
0.0126777
0.0128173
0.0126541
0.0126738
0.0127354
0.0127175
0.0127516
0.0126857
0.0127623
0.0126867
0.0126877
0.0126871
0.0126955
0.0126979
0.0127074
0.012703
0.0127959
0.0127412
0.169309
0.00998921
0.00888819
0.0085801
0.0123068
0.0113875
0.0121516
0.0120466
0.0116947
0.0114367
0.0107876
0.0114569
0.0114635
0.0119979
0.0121168
0.0121497
0.0120067
0.0122068
0.0124469
0.0122709
0.0128015
0.0125968
0.0123403
0.012815
0.0123915
0.0123653
0.00680778
0.0122465
0.0117458
0.0122234
0.0137767
0.0122283
0.0123842
0.0129589
0.0125795
0.0130441
0.0125082
0.0125435
0.0129989
0.0125179
0.0125705
0.0128093
0.0128747
0.0129085
0.0128692
0.0128813
0.0126183
0.0128692
0.0128744
0.0128491
0.0128502
0.0126519
0.012686
0.0128333
0.012666
0.0128328
0.0128385
0.0128343
0.0128251
0.012734
0.0128235
0.0128152
0.0127559
0.0127308
0.0128097
0.0127038
0.0127622
0.0127486
0.0128042
0.0127603
0.0127164
0.0128016
0.0127517
0.0127466
0.012794
0.12392
0.0997623
0.00149198
0.00591569
0.0114352
0.00958414
0.00991794
0.00936908
0.0118695
0.0106146
0.0123903
0.0106082
0.0102488
0.0103844
0.0126922
0.0111473
0.012507
0.0122696
0.0118659
0.181087
0.0337088
0.0172112
0.00501338
0.00689979
0.00618671
0.0125076
0.00826279
0.0116523
0.00928742
0.0100478
0.0116644
0.0107652
0.0113979
0.0112201
0.0123146
0.0120061
0.0118962
0.0123802
0.0125135
0.0123964
0.0127583
0.0124195
0.0127997
0.0124353
0.0122421
0.0124438
0.0125435
0.0123735
0.0127398
0.0123849
0.0124319
0.0124897
0.012463
0.0131222
0.0118252
0.0130344
0.0130378
0.013024
0.0130274
0.0130141
0.0124361
0.0129611
0.0125172
0.0123917
0.0127731
0.0124567
0.0128939
0.0125941
0.0128777
0.012885
0.0126263
0.0125987
0.0128599
0.0126275
0.0126388
0.0128542
0.0126224
0.0128489
0.0126383
0.0126364
0.0127747
0.0127857
0.0127241
0.0126667
0.0128178
0.0128115
0.0127854
0.0127547
0.0126855
0.0128096
0.012795
0.0127044
0.0126922
0.0127574
0.0126989
0.0127444
0.0127003
0.012762
0.0127047
0.0127809
0.0127852
0.0510835
0.0073424
0.00823369
0.0108646
0.0122111
0.0119644
0.00913735
0.0115966
0.0123085
0.0111324
0.01122
0.0117206
0.0124633
0.0113062
0.0117964
0.0117336
0.0118579
0.0126068
0.0121444
0.0126792
0.00388669
0.0043299
0.00519282
0.0103335
0.00731127
0.010206
0.0123261
0.0110688
0.0100121
0.00985352
0.0124145
0.0123418
0.0120678
0.0120055
0.0120727
0.011704
0.0122522
0.0117994
0.0124434
0.0128518
0.004803
0.0129637
0.00918431
0.0106359
0.011707
0.0123639
0.0124046
0.0124538
0.0125705
0.0123315
0.0128625
0.0123402
0.0124177
0.0128478
0.0123565
0.0128103
0.0128334
0.0124985
0.0124932
0.0125612
0.0125568
0.0126141
0.0127978
0.0126063
0.0128227
0.012602
0.0126248
0.0127969
0.0126238
0.0126571
0.0126727
0.0126863
0.0126558
0.0127952
0.0126672
0.0126733
0.0127942
0.0126925
0.0127615
0.0129145
0.00467201
0.0129637
0.00955148
0.0106639
0.0117541
0.0123579
0.0124123
0.0124595
0.0125728
0.0123405
0.0128621
0.0123464
0.0124224
0.0128473
0.0123612
0.0128096
0.0128329
0.0125007
0.0124956
0.0125627
0.0125582
0.0126149
0.0127975
0.0126073
0.0128224
0.012603
0.0126256
0.0127967
0.0126245
0.0126577
0.012673
0.0126866
0.0126563
0.012795
0.0126676
0.0126737
0.012794
0.0126928
0.0127614
0.416817
0.0657236
0.0424487
0.00664927
0.00846314
0.00684338
0.0101633
0.0127358
0.0115167
0.0122955
0.0124462
0.00956351
0.0108868
0.0110804
0.0116377
0.0114406
0.0113488
0.0115894
0.0121437
0.0119134
0.0124475
0.0124645
0.0123914
0.0127371
0.0120501
0.0120411
0.0125802
0.0126656
0.254883
0.0823603
0.00913122
0.0190258
0.00118349
0.000123426
0.00492094
0.0118471
0.00710263
0.0104931
0.00974922
0.0112477
0.109363
0.0517793
0.0057497
0.0177947
0.00350478
0.00146384
0.00945221
0.0103279
0.00794898
0.00978079
0.0100706
0.0121689
0.0120571
0.0111422
0.011472
0.0124559
0.0125571
0.0116046
0.0117773
0.163098
0.00203143
0.0070507
0.000300581
0.0089089
0.0118806
0.0128074
0.0113756
0.0112518
0.01146
0.0123926
0.0128096
0.0123421
0.0121475
0.0118594
0.0121562
0.0128204
0.0122017
0.0128552
0.0123869
0.0123633
0.0123107
0.012364
0.0125919
0.0126317
0.0127373
0.0125197
0.0124701
0.0126614
0.0126715
0.0125906
0.0125149
0.012561
0.0125688
0.0126626
0.223944
0.0286646
0.00460156
0.0100549
0.0114804
0.011985
0.0125955
0.00923716
0.0127422
0.0128802
0.0122623
0.0123377
0.0115892
0.012385
0.0115575
0.0121267
0.0119618
0.0121115
0.0125524
0.0128221
0.0124041
0.0121319
0.0125101
0.0124694
0.0122209
0.0124072
0.0159622
0.0117829
0.0130721
0.0130708
0.0130614
0.0130347
0.0130266
0.0124355
0.0129667
0.0125166
0.0124054
0.0127905
0.012459
0.0128949
0.0125943
0.0128782
0.0128871
0.0126262
0.0126046
0.0128601
0.0126279
0.0126389
0.0128549
0.0126236
0.0128499
0.0126407
0.0126376
0.0127773
0.0127881
0.012727
0.0126671
0.0128187
0.0128124
0.012787
0.0127567
0.0126868
0.0128096
0.0127958
0.012706
0.0126925
0.0127589
0.0127001
0.0127457
0.0127014
0.0127631
0.0127057
0.0127816
0.0127856
0.316644
0.01873
0.0151124
0.0160528
0.0130149
0.0128928
0.013323
0.0138745
0.0131968
0.0131074
0.0133997
0.0127962
0.0126806
0.0126507
0.0131459
0.0133407
0.0126826
0.0129587
0.0131546
0.0131046
0.0129126
0.0130345
0.013022
0.0127322
0.0128731
0.0129997
0.012843
0.0127743
0.0129
0.012885
0.0127121
0.0129255
0.0128509
0.012733
0.012831
0.0127124
0.0128453
0.0128747
0.0128512
0.0127059
0.0128564
0.0128495
0.0128274
0.0127576
0.0128336
0.0128385
0.0128209
0.0127684
0.0127565
0.0127969
0.012823
0.0128127
0.0128052
0.0127637
0.0791404
0.0106394
0.00592101
0.0115751
0.00714882
0.0122364
0.00929409
0.0129123
0.0123351
0.0123622
0.0128123
0.0128432
0.0128106
0.0128507
0.012864
0.0126218
0.0122245
0.0125526
0.0125862
0.0124068
0.0125526
0.0127592
0.0126037
0.0125531
0.0127682
0.012589
0.0124854
0.0126586
0.012594
0.0125568
0.0126941
0.0125983
0.0125941
0.0125964
0.0126804
0.0127383
0.0126362
0.0126761
0.0126286
0.0126878
0.0468772
0.0130648
0.0147264
0.014322
0.0156797
0.0141595
0.0126913
0.0146214
0.0134146
0.0129528
0.0135102
0.0128882
0.0127161
0.0126729
0.0129777
0.0131875
0.013084
0.0127939
0.0129576
0.0130602
0.0130179
0.0130133
0.0128164
0.0129976
0.0128583
0.0129834
0.012964
0.0127574
0.0129108
0.012846
0.0129099
0.0127264
0.0129024
0.0127718
0.012693
0.012855
0.0128718
0.0127419
0.0128363
0.0128408
0.0127159
0.0128312
0.0128019
0.0127069
0.012838
0.0127722
0.01278
0.0128242
0.0127556
0.0128123
0.0127362
0.0128137
0.0127927
0.012716
0.0354194
0.0138712
0.0157178
0.0163197
0.0146265
0.015752
0.0155546
0.0155714
0.013381
0.0139197
0.0134609
0.0128036
0.0128085
0.0128171
0.0129136
0.0129426
0.0133075
0.0128572
0.0127082
0.0130384
0.0131933
0.0126781
0.0130017
0.0130409
0.0128962
0.0127841
0.0129222
0.0129196
0.0128776
0.0129618
0.0127727
0.0129759
0.0128177
0.0127414
0.0128101
0.0128725
0.0129131
0.0128686
0.012863
0.0127064
0.0127092
0.0128537
0.012876
0.0127437
0.0128243
0.0127109
0.0127096
0.0128643
0.0128649
0.0128274
0.0128593
0.0127212
0.012844
0.012822
0.0128407
0.0127219
0.0127512
0.0127306
0.0128268
0.0128273
0.0128081
0.0127152
