0.428904
0.180385
0.00432058
0.00679562
0.00289182
0.0157033
0.00570521
0.00796264
0.00328901
0.00463375
0.00364607
0.00163703
9.70444e-05
0.00179519
0.0590593
0.0587367
0.018206
0.034717
0.0158573
0.0017332
0.00155002
0.00430259
0.00135006
0.00245238
0.00107856
0.00340507
0.000646005
0.00322923
0.000490467
0.00118593
0.00301254
0.000249904
0.000758904
0.00152051
0.000377887
0.000124927
0.000651581
0.000256886
0.00212462
0.00242365
0.000673853
0.000515618
0.000367414
0.00221077
0.00191708
0.0013641
0.00224653
0.000741641
0.000547689
0.000627471
0.00205876
0.00142238
0.000956968
0.00202297
0.00193888
0.000777208
0.0174247
0.00293071
0.00516971
0.00732406
0.0107777
0.00984531
0.00224587
0.00167976
0.00648165
0.0038967
0.00143382
0.00566309
0.00377171
0.00428437
0.000530216
0.00127743
0.000273433
0.00018591
0.00183549
0.00289107
0.00317699
2.11053e-05
6.99673e-05
0.00284918
0.00175933
0.000797936
0.000296797
0.00264151
0.00103675
0.00151488
0.00244285
0.000436054
0.00230671
0.00104151
0.00234275
0.000648462
0.00221036
0.0010071
0.00213345
0.000997009
0.00211965
0.000991425
0.00201102
0.00130704
0.000992157
0.00193724
0.00197418
0.0019647
0.00183519
0.000977755
0.0019352
0.00152784
0.00187567
0.00162398
0.000924209
0.00187491
0.0017846
0.00137948
0.00183085
0.00141919
0.00181515
0.119047
0.00625281
0.0189573
0.00279433
0.0306319
0.00247778
0.00259774
0.00455963
0.00216583
0.00424989
0.000399726
0.00287962
0.00178441
0.00188317
0.00143576
0.00260332
0.0012172
0.000912472
0.000631465
0.00252977
0.00260859
2.14623e-05
0.00254829
0.000486456
0.000201277
0.000307748
0.000891299
0.000351028
0.00216456
0.000607574
0.00194323
0.00175903
0.000612431
0.159062
0.00507055
0.0164234
0.00333864
0.00479662
0.00574599
0.00407992
0.00418998
0.00360479
0.00372122
0.00168805
0.00228992
0.00175589
0.00249276
0.00127469
0.000206218
0.00100675
0.00189377
0.0026849
0.00266506
0.00237405
0.00256689
0.000621488
0.00016231
0.00184831
0.00147814
0.000410492
0.000469854
0.00193754
0.00218604
0.000551562
0.00119274
0.00195315
0.0010527
0.00093671
0.249898
0.0596313
0.0269763
0.0337572
0.00915994
0.00803234
0.00358656
0.00638751
0.00575891
0.00113572
0.0031052
0.00252902
0.000795031
0.000876688
0.0011548
0.000623244
0.000243772
0.000841047
0.000570027
0.000436828
0.000336831
9.92368e-05
0.000201124
8.61367e-05
0.00203597
0.000441846
0.012256
0.00240811
0.0167817
0.00282956
0.00720728
0.00369523
0.00226264
0.00359113
0.00344562
0.00189094
0.00105413
0.000923413
0.000663958
0.000570023
0.0010192
0.00140248
0.00043224
0.00156997
0.000154288
5.32229e-05
7.53336e-05
0.00231338
6.70075e-07
0.0013944
0.00171893
0.00030841
0.00214818
0.000606432
0.0473049
0.102058
0.00474654
0.0305322
0.00363306
0.00713996
0.00632396
0.00383499
0.00241421
0.00208593
0.00110258
0.00245447
0.00112889
0.00259116
0.00190439
0.000712983
0.000108718
0.00033348
0.000334862
0.000951084
0.00011216
0.00086109
0.000155765
0.000903658
0.00206336
0.000380489
0.00210301
0.0668281
0.0255441
0.00475126
0.00174684
0.00764972
0.00745529
0.0053339
0.00317856
0.00154846
0.00347245
0.000648978
0.00126223
0.000799055
0.00107794
0.00294698
0.00161679
0.00251851
0.00257653
0.00261005
0.0014078
0.000161308
0.00257742
5.66817e-06
0.0020668
0.00021975
0.00130904
0.000313105
0.002098
0.00206393
0.00214822
0.00139672
0.00107581
0.00145313
0.0244271
0.10167
0.00242735
0.00508798
0.00806797
0.012793
0.00516349
0.00106459
0.0053028
0.00178141
0.0034641
0.00209301
0.000217415
0.000758752
0.00322288
0.00142296
0.00304029
0.00118514
0.00267235
0.00121858
0.00264076
4.22684e-05
0.00262945
0.000181493
0.000100043
0.000373154
0.000985097
0.000781866
0.000154677
0.000220294
0.000282743
0.000318723
0.000983621
0.000397248
0.00133336
0.195149
0.00604816
0.0180415
0.0028083
0.0299497
0.00242624
0.00256967
0.0045042
0.00214241
0.00418485
0.000405144
0.00284256
0.00175951
0.00187413
0.00141463
0.00259605
0.00119899
0.000897051
0.000618829
0.00252479
0.00260524
2.69736e-05
0.00254538
0.00049168
0.000207871
0.000312234
0.000894145
0.000355665
0.0021618
0.00061186
0.00194089
0.00175742
0.000615652
0.444852
0.520526
0.00983937
0.00364586
0.0192182
0.0109311
0.00215814
0.00477112
0.0019878
0.000147507
0.00277192
0.00364671
0.000985082
0.00168586
0.099146
0.0451481
0.0169217
0.0322649
0.0141881
0.00167736
0.00130661
0.00429201
0.00127759
0.00235158
0.00103169
0.00337091
0.000616249
0.00321518
0.000466302
0.0011414
0.00299926
0.000231643
0.000725435
0.001509
0.000386577
0.00013973
0.000658552
0.000236651
0.00211558
0.00241824
0.00068184
0.00052582
0.000375748
0.00220371
0.00191146
0.00136377
0.00224136
0.000748882
0.000556743
0.000633199
0.00205356
0.00142208
0.000961622
0.00201845
0.00193444
0.000783313
0.00644019
0.000596541
0.00929251
0.00618228
0.00793556
0.00222032
0.00556617
0.00210131
0.0012522
0.00464202
0.0039676
0.000152152
0.00237688
0.00309545
0.000618637
0.00305849
0.00247111
0.0031422
0.00297371
0.000235264
0.000115632
0.00233158
0.0023841
0.00193036
0.00261524
0.000236397
0.000566697
0.00237213
0.000902261
0.00210411
0.00224039
0.000885518
0.00218787
0.00210947
0.000634239
0.000655073
0.000677937
0.00167427
0.000715651
0.00161265
0.00162026
0.000829083
0.000967955
0.000863755
0.00093222
0.00189353
0.0010116
0.0122981
0.00220649
0.0147828
0.00322191
0.0069604
0.00367219
0.00221859
0.00357368
0.00355051
0.00186937
0.00104052
0.000987481
0.000670875
0.000578514
0.00103784
0.00138531
0.00044499
0.00156014
0.000125794
2.39441e-05
9.39445e-05
0.00232323
1.94058e-05
0.00138926
0.00172133
0.000289268
0.00215948
0.000586713
0.0111259
0.00894246
0.006514
0.00486228
0.00412497
0.00417387
0.00493233
0.00309315
0.00313187
0.0030027
0.00112841
0.000945953
0.000240451
0.000763915
0.0013972
0.00288727
0.000172724
0.000714995
0.00267843
0.00245529
0.00244264
0.00248186
0.000388757
0.00227677
0.000551613
0.00200999
0.00229974
0.000881164
0.000572809
0.000576233
0.000602556
0.00182788
0.000880507
0.00180746
0.000731719
0.0007627
0.00199599
0.00166126
0.00138858
0.00190865
0.000869864
0.00155265
0.0018824
0.00185513
0.405252
0.187961
0.0405382
0.0133521
0.00501933
0.0186109
0.00222411
0.00390797
0.00604404
0.00346172
0.0026484
0.00193348
0.000396247
0.00190278
0.000983423
0.000498542
0.00152112
0.00268456
0.000283201
0.00666463
0.0295945
0.0078839
0.0179664
0.000388734
0.00750402
0.00178064
0.00586594
0.00484168
0.00116505
0.00342255
0.00269003
0.00262483
0.00329416
0.00302643
0.00103405
0.00218554
0.000208713
0.00102355
1.65641e-05
0.000186881
0.00211121
0.00161268
0.00246665
0.00115294
0.00203578
0.00174025
0.000537111
0.000416831
0.00039445
0.000420762
0.00211944
0.00151472
0.000520385
0.0097064
0.0108255
0.00854764
0.00397523
0.00365693
0.0016355
0.00241518
0.00515079
0.00226054
0.00245603
0.00465315
0.00321277
0.00376175
0.00403335
0.00344536
0.00282761
0.00323266
0.00327253
0.00273758
0.00262577
0.00198329
0.000835192
0.000499026
0.000280607
0.0023948
0.000293133
0.000821092
0.00232694
0.00168935
0.00226242
0.00142473
0.000578509
0.00198607
0.00127188
0.00202497
0.000726645
0.00161438
0.000720191
0.00149142
0.000718409
0.00130091
0.00197108
0.000987369
0.00152999
0.000835522
0.000935855
0.00186673
0.00320396
0.00871037
0.0020769
0.00410497
0.00481781
0.00132306
0.00366231
0.00290921
0.00109351
0.00310092
0.00301081
0.00227239
0.00037817
0.00162799
0.00161926
0.000334817
0.000294376
0.000553179
5.41353e-05
0.0995908
0.042466
0.00447524
0.00286047
0.00319592
0.00148657
0.00296932
0.00425564
0.00261436
0.00222621
0.00248752
0.00309468
0.000884629
0.0012695
0.000737275
0.00100863
0.000863895
0.00065078
0.000355213
0.000295917
0.00557314
0.00574024
0.00396662
0.00701792
0.00479207
0.00166778
0.00318961
0.00248429
0.00387168
0.00303652
0.00192565
0.00297669
0.00063042
0.00134447
0.00252541
0.000471084
0.00282483
1.39673e-06
0.00263558
0.000777266
0.000258286
0.0012564
0.000142195
0.00196226
0.000423662
0.00223728
0.000411832
0.000423517
0.000588112
0.00104981
0.0011625
0.000584493
0.00210584
0.00209336
0.00118432
0.00171585
0.00184027
0.00112446
0.000793674
0.000830207
0.000798817
0.00557316
0.00574024
0.00395571
0.00668206
0.00456527
0.00159117
0.00305932
0.00238507
0.00386884
0.00294592
0.00186719
0.00294668
0.000617784
0.00130841
0.00250291
0.000454612
0.00280903
1.11336e-05
0.00263261
0.000778946
0.000264678
0.00125402
0.000150954
0.00195728
0.000428491
0.0022327
0.000417055
0.000429062
0.000591613
0.00105136
0.00116332
0.000588503
0.00210309
0.00209084
0.0011851
0.00171398
0.00183811
0.00112571
0.000796459
0.000832882
0.000801402
0.0693804
0.0478075
0.0814733
0.00359679
0.0155237
0.00963812
0.00575686
0.0053776
0.00359186
0.00331217
0.00337216
0.00211258
0.00242903
0.000825612
0.000633415
0.000698617
0.000591717
0.00259588
9.33685e-05
0.00184132
4.73237e-05
0.000144786
7.00372e-05
0.000428568
0.00111959
0.0412386
0.0587191
0.00453993
0.0144105
0.0047667
0.0046588
0.00215742
0.00741419
0.00379053
0.00455191
0.00112646
0.00318013
0.00120457
0.300489
0.0552772
0.00805598
0.00530557
0.00876775
0.00439296
0.00727891
0.006658
0.00459122
0.00356925
0.00233435
0.00237214
0.00189032
0.00200628
0.000983202
0.000882456
0.000620115
0.000789931
0.000772646
0.000494855
0.00617465
0.00333611
0.0219791
0.00295315
0.00569458
0.000314205
0.00774023
0.00426921
0.00435109
0.00229276
0.00344555
0.00320665
0.00165968
0.00316173
0.00131154
0.000468296
0.000509694
0.000608146
0.000108999
6.57363e-06
0.00230451
0.00104627
0.00049217
0.00107158
0.0018146
0.000502859
0.00184914
0.000530986
0.00209801
0.00131306
0.000586521
0.00193233
0.00200535
0.0562436
0.00112009
0.014656
0.00431986
0.0027525
0.00406148
0.00343549
0.00261508
0.00345636
0.00130381
0.003537
0.00352735
0.00129357
0.00323933
0.00106886
0.000877862
0.0025846
0.000251679
0.000586967
0.00106387
0.000164931
8.92652e-05
0.0024001
0.000232298
0.000245586
0.000320637
0.000857344
0.0110088
0.0116235
0.00918254
0.00417064
0.00378434
0.00169893
0.00220012
0.00517258
0.00232715
0.00252504
0.00465936
0.00329203
0.00375928
0.00403787
0.00345631
0.00282462
0.003232
0.00327373
0.0027351
0.00262344
0.00200232
0.000843075
0.000503983
0.000280309
0.00239329
0.000293649
0.000826661
0.00232589
0.0016927
0.00226087
0.00142857
0.00058203
0.001987
0.00127486
0.00202382
0.000727971
0.00161548
0.000721865
0.00149299
0.000720519
0.00130304
0.00196928
0.000990347
0.00153071
0.000838108
0.000938806
0.00186487
0.0152669
0.0196069
0.00626681
0.00208273
0.00750687
0.00247372
0.00599878
0.00561247
0.00125325
0.00248032
0.00157508
0.00298687
0.00105437
0.000458279
0.000346509
0.00262264
9.70953e-06
0.00271931
0.00250227
0.00270451
0.000737534
0.000186285
0.00215799
0.00252374
0.00233428
0.000368934
0.000469009
0.000542628
0.00120056
0.0023196
0.00201603
0.00138754
0.00216682
0.00096538
0.0021367
0.00211509
0.00209307
0.00213539
0.00188823
0.000750108
0.00199101
0.000945408
0.00194377
0.00195203
0.00185612
0.00188662
0.000924114
0.000926642
0.00112748
0.00182463
0.00107766
0.00110199
0.000968599
0.00531332
0.0227868
0.00697331
0.00444529
0.0044055
0.00382505
0.00134986
0.00116966
0.00437751
0.000634658
0.00310766
0.00071344
0.00325656
0.00317657
0.00129076
0.000593848
0.00313231
0.0029421
0.00288416
0.00037058
0.000257532
0.00186116
0.00111554
0.000686374
0.00233719
0.00225629
0.00128445
0.000509085
0.00029293
0.00225582
0.000478402
0.00192244
0.000608117
0.000644559
0.00120119
0.00212703
0.00169824
0.00197625
0.000703416
0.000778485
0.0019851
0.00195074
0.01714
0.0227835
0.00617093
0.00237807
0.00101072
0.00263954
0.00251823
0.00321121
0.00353841
0.00128067
0.0011112
0.00160721
0.000416815
0.000657
0.000451377
0.00387766
0.00305654
0.000177839
0.000222929
0.000103131
0.000160778
0.00249893
0.00263715
0.000256868
0.000402006
0.00255683
0.000419854
0.000352059
0.000494299
0.00233279
0.000803134
0.000662735
0.000914868
0.002209
0.00219257
0.00213776
0.00216066
0.00135306
0.00190648
0.00188313
0.00208
0.000761465
0.00179338
0.00129673
0.00183135
0.000805684
0.000901915
0.00106233
0.00188713
0.00160508
0.00184994
0.00183502
0.000963463
0.00175436
0.0380742
0.00410465
0.0097643
0.0104006
0.00373006
0.0019959
0.00442855
0.00353376
0.00408935
0.0031407
0.00532195
0.00367798
0.00533013
0.00475736
0.000774413
0.00314497
0.000471459
0.000765126
0.00287706
0.000264382
0.00298081
5.55748e-06
0.00133046
0.000162717
0.00266358
0.00214117
0.000336499
0.00250685
0.00223915
0.000484051
0.00245599
0.0024361
0.00190893
0.00185071
0.0022643
0.00156585
0.000615225
0.00201845
0.00107361
0.00211132
0.00211303
0.000871982
0.000750421
0.00180892
0.00134265
0.00198404
0.00195493
0.00193485
0.00186294
0.000950433
0.0018898
0.00111354
0.00166762
0.000989278
0.00176558
0.00137779
0.0018459
0.001765
0.00179753
