0.405367
0.000854735
0.0239516
0.0158843
0.0212833
0.00999113
0.000257708
0.000720416
0.00371057
0.000498883
0.00385122
0.00481786
0.128098
0.0105135
0.0467112
0.0119002
0.0118211
0.00389958
8.82769e-05
0.00071575
0.00331771
0.00522866
0.00827609
0.00380425
0.00546373
0.00497579
0.00572945
0.0096327
0.0055682
0.0095209
0.00586577
0.00915547
0.00742109
0.00614951
0.00711592
0.00679577
0.00914888
0.00653977
0.00719162
0.00724653
0.0088646
0.00709413
0.00883401
0.00696753
0.00879782
0.00776792
0.00715779
0.00860216
0.00875255
0.00711958
0.00824911
0.00567026
0.00123465
0.0278168
0.00146301
0.00172392
0.00516536
0.00265173
0.011392
0.00465615
0.0125771
0.00976116
0.0097803
0.0052294
0.00948717
0.00575836
0.0105364
0.00632952
0.00996674
0.00685463
0.00975009
0.00965356
0.00674031
0.00919271
0.00912641
0.00949591
0.00914337
0.00919141
0.0088386
0.00694575
0.00774962
0.00910641
0.00902574
0.00715172
0.00773566
0.00831864
0.00710148
0.00711391
0.00741985
0.00870649
0.00818069
0.00854698
0.0072951
0.00770238
0.00793836
0.00830077
0.00736622
0.00861772
0.00854554
0.00742172
0.00853497
0.00741952
0.00797583
0.00762658
0.00782687
0.00827145
0.00748565
0.00766905
0.00795513
0.00846871
0.123868
0.0709179
0.0367787
0.00979965
0.0110424
0.00276418
0.000790377
0.00143943
0.00926891
0.0104723
0.00672521
0.0100704
0.00916306
0.00481459
0.00964474
0.00956204
0.00950887
0.00610934
0.0084934
0.00631941
0.00925617
0.00857078
0.00674922
0.00665368
0.00679851
0.00899666
0.00806618
0.00797394
0.00734248
0.00870891
0.00816345
0.145796
0.0270366
0.00211911
0.0123038
0.0102993
0.000145715
0.00846684
0.010542
0.00316231
0.00365106
0.00756354
0.00468623
0.00802567
0.00533581
0.00962636
0.00635725
0.00598735
0.00609052
0.00591876
0.00644623
0.00644051
0.00636732
0.00774763
0.00914501
0.00671074
0.00685619
0.00898114
0.00694443
0.0088562
0.00704351
0.0087204
0.00736226
0.00866075
0.00869741
0.0806861
0.0057069
0.0349756
0.00959906
0.00620553
0.00539563
0.00334862
0.0104497
0.0107366
0.00202735
0.0104636
0.00546152
0.00428187
0.00506803
0.00532439
0.00924445
0.00850399
0.0092838
0.00722086
0.00642494
0.00858507
0.00614353
0.00726625
0.00648489
0.0088798
0.00682962
0.00667295
0.00681258
99.6941
0.0184424
0.05893
0.00662118
0.0106672
0.00299939
0.00848744
0.00534209
0.010556
0.00456246
0.0101993
0.0056036
0.00981602
0.00491171
0.00538315
0.00557152
0.00914777
0.00649474
0.0060871
0.00846305
0.00714702
0.00755609
0.00678806
0.00865907
0.0069866
0.0073981
0.053528
0.0888516
0.00609873
0.0110573
0.00329096
0.00185624
0.00996309
0.0105547
0.00489306
0.00732633
0.00592983
0.00984594
0.00586098
0.0062909
0.00748843
0.0058827
0.00934322
0.00697915
0.00929871
0.00654867
0.00868933
0.00796014
0.00903029
0.00690935
0.0067779
0.00872299
0.00760949
0.00460875
0.0197843
0.0336215
0.0150415
0.0133759
0.00103322
0.00864679
0.0108219
0.00533713
0.00794529
0.00548049
0.0062929
0.0054598
0.00834142
0.00676655
0.00974922
0.00604469
0.00558547
0.00564167
0.00586354
0.00855589
0.00801982
0.00787723
0.00695379
0.00671274
0.00661487
0.0088561
0.00688403
0.00800872
0.00839668
0.00751863
0.008779
0.0073573
0.00834823
0.0660415
0.0286328
0.0480795
0.0117179
0.00998558
0.00926834
0.000799367
0.0043215
0.0040211
0.0052752
0.00199274
0.0102015
0.00893801
0.00463176
0.00520392
0.00545168
0.00569999
0.00545165
0.00923713
0.00936485
0.00622055
0.00804923
0.00928055
0.00684349
0.0082585
0.00646362
0.0065102
0.00650462
0.00809867
0.00859797
0.00859445
0.00869933
0.00845974
0.0670071
0.0564901
0.0305424
0.00976172
0.0110157
0.00273833
0.000818831
0.00145883
0.00928666
0.0104608
0.00676454
0.0100628
0.00916157
0.00483274
0.00963847
0.00955594
0.00950301
0.00611432
0.00849225
0.00632493
0.00925138
0.00856901
0.00675702
0.00665858
0.00680241
0.00899286
0.00806659
0.00797447
0.00734612
0.00870601
0.00816293
0.440196
0.0317624
0.00805353
0.012468
0.00595668
0.00155353
0.000358246
1.67653e-05
0.00729868
0.00456984
0.00945886
0.00486146
0.0704269
0.0114907
0.0472031
0.01203
0.0117839
0.00357687
6.1101e-05
0.000885212
0.00333494
0.00523262
0.00834927
0.00385829
0.00546991
0.00501966
0.00573886
0.00961674
0.00560532
0.00950681
0.00588344
0.00914551
0.00743748
0.00616278
0.0071301
0.00681148
0.00913931
0.0065502
0.00720399
0.00725544
0.00885746
0.00709981
0.00882714
0.00697563
0.00879141
0.00777128
0.00716628
0.00859688
0.00874657
0.00712604
0.008247
0.0471005
0.016615
0.00515632
0.000949567
0.0146249
0.00438009
0.0137635
0.0121438
0.0113616
0.00396357
0.0101101
0.0105407
0.0103696
0.0102927
0.00957222
0.00983951
0.00671406
0.00978177
0.00720865
0.00637199
0.00962413
0.00919206
0.00650584
0.00819557
0.00886433
0.00928293
0.00928175
0.00908278
0.00694839
0.00761395
0.00743414
0.00696731
0.00797176
0.00889352
0.00704426
0.0074765
0.00763446
0.00802796
0.0087208
0.00714425
0.00806899
0.00741486
0.00760686
0.00734543
0.00857428
0.00853205
0.00738177
0.00852828
0.008522
0.145317
0.0190174
0.0605396
0.00731517
0.0106985
0.00293091
0.00857233
0.00545281
0.0105426
0.00452371
0.0101932
0.00558317
0.009822
0.00487143
0.00534275
0.0055367
0.00915787
0.00647854
0.00605583
0.00846843
0.00712747
0.00754446
0.00676638
0.00866913
0.00696319
0.00738245
0.00384221
0.00207143
0.00539718
0.00558848
0.00210128
0.00449852
0.00104349
0.00302378
0.00242475
0.0038345
0.00513534
0.004844
0.00550513
0.00575593
0.00986344
0.00906195
0.00881201
0.00634797
0.0070303
0.00896045
0.00962373
0.00828712
0.00912217
0.00682416
0.00847027
0.00656379
0.00925646
0.00696871
0.0077445
0.00755318
0.00845899
0.00709871
0.0075955
0.0086983
0.00763168
0.00717231
0.00882151
0.00713939
0.00714385
0.00829871
0.00725453
0.00731924
0.00738683
0.00852491
0.00744321
0.00755858
0.00800029
0.00754881
0.00439429
0.0784567
0.0116722
0.0103384
0.00566241
0.000604382
0.00328754
0.00853313
0.00786553
0.00169039
0.00513667
0.00953089
0.00597448
0.00966538
0.00610008
0.00529074
0.00643746
0.00773174
0.00591086
0.068518
0.00475384
0.00816278
0.0281841
0.00675714
0.00774752
0.000139593
0.0108362
0.00443233
0.00265707
0.00220242
0.00457236
0.00430977
0.00519931
0.00477763
0.00979737
0.00543419
0.00550791
0.00799193
0.00868891
0.00601865
0.00617223
0.00696522
0.00681617
0.00763916
0.00900669
0.0066476
0.00855819
0.00774352
0.00705271
0.00877263
0.00878735
0.00713269
0.0778554
0.0127059
0.000410909
0.0145177
0.0124615
0.00154377
0.00435435
0.0115418
0.0105649
0.0103544
0.00726306
0.00613758
0.0104158
0.00575029
0.00782791
0.00602907
0.00600664
0.00594034
0.00645625
0.0078798
0.00946678
0.00657894
0.00842971
0.0073223
0.00688522
0.00694459
0.00693391
0.00890831
0.0069069
0.00745008
0.00746779
0.00891005
0.00882144
0.00871195
0.00713557
0.00789845
0.00754182
0.00723327
0.00744892
0.00865487
0.00748585
0.00856268
0.00764936
0.00859391
0.00846288
0.00795677
0.00854698
0.107506
0.115137
0.007399
0.0100789
0.00723148
0.00201312
0.0045499
0.00234183
0.00967488
0.004807
0.00998062
0.00751317
0.00508843
0.00944929
0.00610998
0.00579072
0.00651001
0.00657993
0.00902526
0.00805737
0.896413
0.0106478
0.00919524
0.0030445
0.00867829
0.00483868
0.00955777
0.000976648
0.000773822
0.00287438
0.0103743
0.00982881
0.00493535
0.00997078
0.00531722
0.00527797
0.00537474
0.00543049
0.00604275
0.0067684
0.00628933
0.0640064
0.139935
0.0201811
0.0129245
0.00316482
0.00345995
0.0105536
0.0105293
0.00721272
0.0105366
0.0100436
0.010283
0.0101746
0.00610995
0.00991762
0.00732048
0.00571467
0.00983948
0.00598169
0.00677733
0.00935416
0.0077894
0.00642604
0.00905357
0.00757988
0.00675491
0.00893715
0.00689544
0.00687418
0.00690161
0.00884183
0.00874367
0.00714268
0.00790738
0.0087004
0.00858088
0.00727169
0.00729263
0.00804731
0.00754923
0.00856056
1.56197
0.0912502
0.0201719
0.0128345
0.00316482
0.00345995
0.0105144
0.0104963
0.00729736
0.0105067
0.0100367
0.0102585
0.0101536
0.00611198
0.00990074
0.00734993
0.00571978
0.00982445
0.0059915
0.00679471
0.00934578
0.00779623
0.00643117
0.0090472
0.00758468
0.00676058
0.0089328
0.00689925
0.00687831
0.00690596
0.00883743
0.00873994
0.00714554
0.00790828
0.00869747
0.00857801
0.00727417
0.00729518
0.00804718
0.00755146
0.0085582
0.0213695
0.0933673
0.0126078
0.00874425
0.0143141
0.00964208
0.00124562
0.00309862
0.0103673
0.00467367
0.00939456
0.00342452
0.00963669
0.00479604
0.0100655
0.0100511
0.00946611
0.00790427
0.00585259
0.00940408
0.00584488
0.00605801
0.00606689
0.0064974
0.00656667
0.0066547
0.00895496
0.919414
0.0662394
0.00833705
0.0138026
0.00243776
0.00461204
0.000946685
0.000852588
0.00402475
0.00513787
0.00415908
0.759391
0.0188137
0.0622505
0.00279498
0.000763853
0.000102952
0.00361327
0.00371481
0.00762909
0.00476778
0.00366404
0.00934392
0.00498483
0.00549209
0.00809094
0.00536639
0.00862485
0.00652776
0.00600218
0.377227
0.0781876
0.00965613
0.00250544
0.00976858
0.00999957
0.00766845
0.00313041
0.00286138
0.0103342
0.00424705
0.00425912
0.00413896
0.00548385
0.00987458
0.0091912
0.00954819
0.00934462
0.00945479
0.00621615
0.00910324
0.00722406
0.00784415
0.00692767
0.00682433
0.00834086
0.00697481
0.00825519
0.00847453
0.00712481
0.00724628
0.00872816
0.0083161
0.00848304
0.0118862
0.075786
0.0121235
0.0107066
0.00331784
0.0109966
0.00287834
0.00746632
0.0103708
0.00889134
0.0100803
0.00490394
0.00951751
0.00416629
0.00665279
0.00592687
0.00633927
0.00763437
0.00592024
0.00688687
0.00634456
0.00813767
0.00822121
0.00670324
0.00872038
0.0653021
0.0129286
0.000467552
0.0146929
0.0125851
0.00151606
0.00437306
0.0115835
0.0105982
0.0103574
0.00721238
0.00614275
0.010435
0.00575681
0.00781725
0.00603492
0.00601252
0.00594118
0.00645997
0.00787732
0.00947104
0.00658203
0.00842959
0.00732374
0.00688742
0.00694659
0.0069362
0.00890807
0.00691048
0.00745267
0.00747041
0.00890954
0.00882062
0.00871125
0.00713831
0.00789998
0.00754472
0.00723665
0.00745218
0.00865329
0.00748902
0.00856128
0.00765197
0.00859213
0.00846162
0.00795792
0.00854509
0.0415949
0.00300182
0.00156137
0.0154858
3.11381e-05
0.0137015
0.0151628
0.00269541
0.0117329
0.00483613
0.0103161
0.00996938
0.00617409
0.0062007
0.00963687
0.00691689
0.00995881
0.0101016
0.00936458
0.00670551
0.00643466
0.00669702
0.00947917
0.00677434
0.00940379
0.00687015
0.00679774
0.0092069
0.00691151
0.00883238
0.00751494
0.0070954
0.00890347
0.00894638
0.00711821
0.00779471
0.00718031
0.00870635
0.00849904
0.00839216
0.00854494
0.00862848
0.00867705
0.00863996
0.00753358
0.00746099
0.00847334
0.00853033
0.00857044
0.00759636
0.00754624
0.00853039
0.00760688
0.00794204
0.00817264
0.156576
0.00604584
0.0105262
0.0141602
0.0112208
0.00474338
0.0104894
0.00591039
0.00497142
0.0102852
0.0100196
0.00477618
0.00790067
0.00989455
0.00588409
0.00584503
0.00637699
0.00746065
0.0061224
0.00619632
0.0066608
0.00667297
0.00678718
0.00685638
0.00683344
0.00697603
0.0069472
0.00861221
0.00696904
0.00784245
0.00725898
0.00873464
0.00758694
0.00867452
0.00735852
0.00784313
0.0112026
0.0222614
0.0157047
0.0131704
0.00324646
0.0122399
0.00884622
0.0116413
0.0111382
0.0100011
0.00505328
0.0103452
0.00569433
0.0100843
0.0101985
0.00613686
0.00911783
0.00956115
0.00658304
0.00919281
0.00958216
0.00658822
0.00691343
0.0068621
0.0071219
0.00698372
0.00912002
0.00707999
0.0090159
0.00885083
0.00717462
0.00888367
0.00743464
0.00755256
0.00876137
0.00872032
0.00721545
0.00728259
0.00865432
0.00728801
0.00865854
0.00740365
0.007344
0.00737113
0.00754189
0.00739136
0.00854063
0.00808431
0.0085517
0.00804714
0.00789745
0.00757081
0.0127185
0.00615368
0.0124509
0.0050407
0.00126316
0.00477434
0.0140168
0.0116997
0.0101803
0.0113344
0.00573697
0.00574889
0.00516491
0.0107446
0.00518429
0.0110256
0.00580017
0.00569443
0.0100012
0.0101975
0.00987081
0.00839893
0.00730096
0.00955658
0.00666727
0.00957168
0.00707868
0.00668043
0.00883064
0.00694926
0.00700522
0.00898549
0.0078155
0.0090361
0.00763665
0.00711394
0.00899127
0.00888838
0.00717011
0.00792062
0.00713513
0.00720145
0.0088504
0.00723034
0.00805637
0.00828732
0.00834864
0.00868051
0.00729543
0.00730784
0.0085693
0.00797526
0.00737747
0.00782214
0.00847462
0.00743468
0.00747079
0.00847798
0.00747497
0.00751263
0.00845817
0.00815296
0.0079328
