0.143746
0.00439539
0.0213184
0.0176794
0.0187059
0.0132056
0.0139955
0.015525
0.0171713
0.0168233
0.0182871
0.0171298
0.0173065
0.0171012
0.0171303
0.0170369
0.0168835
0.016831
0.0174437
0.0173918
0.0172845
0.0172255
0.0170092
0.0171914
0.0173539
0.0173396
0.0169841
0.0169412
0.0172188
0.0173418
0.0173145
0.0172741
0.0172644
0.0171544
0.016953
0.0172869
0.0169928
0.0172809
0.0169937
0.0169852
0.0172617
0.0172651
0.0171544
0.0170095
0.0172273
0.0170054
0.0170085
0.0170988
0.0172517
0.0171164
0.0172441
0.0171169
0.0170197
0.0172145
0.0170883
0.0171502
0.0171865
0.0171827
0.0172153
0.017219
0.017046
0.0171353
0.01705
0.0170957
0.0170961
0.0170562
0.0171298
0.0171298
0.0242933
0.0233644
0.0185614
0.0198495
0.0141502
0.0147711
0.0188312
0.0156204
0.0195428
0.0194303
0.0165655
0.016152
0.0189701
0.01535
0.0188237
0.0155391
0.0158626
0.018806
0.0156798
0.0176663
0.0156838
0.0184601
0.0158213
0.0159113
0.0158958
0.0183413
0.0182347
0.016084
0.0173752
0.0167811
0.0176773
0.01628
0.0170037
0.0168776
0.0162995
0.0174649
0.0167963
0.0163872
0.01789
0.0166218
0.0163967
0.0178554
0.0164889
0.0165245
0.016503
0.0173361
0.0171298
0.0171298
0.0102224
0.0184553
0.0142647
0.0198524
0.0197053
0.0195332
0.0192333
0.0192947
0.0192668
0.0191899
0.0190193
0.0151861
0.0172305
0.0163681
0.0156438
0.016359
0.0158842
0.0180136
0.0185413
0.0179198
0.0167999
0.018237
0.0182939
0.0161227
0.0167532
0.0161356
0.0178586
0.0180621
0.0162024
0.0162502
0.0179739
0.0174891
0.0175696
0.0178713
0.0178536
0.0177719
0.0164848
0.0176506
0.0165416
0.0165364
0.0171298
0.0171298
0.0130414
0.017697
0.0156356
0.0185659
0.0184855
0.0187224
0.0185334
0.0184498
0.0184353
0.0183795
0.0181956
0.0159381
0.0171812
0.0167297
0.0160966
0.016709
0.0163979
0.0176329
0.0180182
0.0175975
0.0169384
0.0178197
0.0179011
0.0164763
0.0169021
0.016459
0.0175878
0.0177511
0.0165054
0.0165364
0.0177162
0.0173547
0.0174094
0.0176328
0.0176193
0.0175593
0.0166849
0.0174744
0.0167333
0.0167286
0.0207322
0.0171101
0.0127766
0.0187841
0.0152528
0.0172998
0.0164116
0.0168035
0.0162961
0.0181245
0.0171232
0.0180098
0.0162269
0.0161021
0.016243
0.016282
0.016344
0.017439
0.0169656
0.0163987
0.0176056
0.0178403
0.0164481
0.0165784
0.0175139
0.0176721
0.0166671
0.0165996
0.0174171
0.0167134
0.0173205
0.0166626
0.0175034
0.0167244
0.0171298
0.0172158
0.0171255
0.0172425
0.0162076
0.0169124
0.0166427
0.0162633
0.0174588
0.0174874
0.0173316
0.0169438
0.017819
0.0169487
0.0177494
0.0175694
0.016991
0.0166454
0.0176606
0.0166032
0.0176247
0.017594
0.0174814
0.017135
0.0167155
0.0175208
0.0175016
0.0168914
0.0171167
0.0171998
0.0174634
0.0168233
0.0174555
0.0169065
0.0168561
0.017302
0.0169017
0.0169429
0.0171099
0.0171215
0.0172068
0.0171298
0.0171299
0.0170556
0.0141589
0.0198449
0.0180497
0.0159517
0.0194151
0.0164994
0.0188993
0.0150986
0.0189801
0.0152034
0.0188006
0.0155956
0.0174159
0.0156053
0.0185337
0.0166028
0.0157809
0.018421
0.0179314
0.0160159
0.0179074
0.0160266
0.0177243
0.0180947
0.0171562
0.0178377
0.018021
0.0177233
0.0163705
0.017941
0.0178877
0.0178407
0.0166336
0.0168196
0.0165019
0.0165039
0.0177218
0.0175499
0.0171298
0.0171298
0.0170894
0.0171382
0.017059
0.0168033
0.0174579
0.0173568
0.0169474
0.0171073
0.016888
0.0172783
0.0170843
0.0173587
0.0169503
0.0170701
0.0172032
0.0171946
0.0170023
0.0169946
0.0170501
0.0171937
0.0172431
0.0170099
0.0169708
0.0172892
0.017277
0.0170648
0.0170874
0.0172136
0.0172473
0.0172107
0.0170398
0.017216
0.0172453
0.0172169
0.0170248
0.0171017
0.0170295
0.0171799
0.0172009
0.0171117
0.0171296
0.0170686
0.017053
0.0170617
0.0172122
0.0171868
0.0172017
0.00641815
0.0171183
0.0164245
0.0156661
0.0170783
0.0173252
0.0164608
0.017397
0.0167096
0.0173859
0.0174784
0.0166509
0.0166015
0.0167762
0.0167906
0.0175397
0.0171127
0.016966
0.0172887
0.0171298
0.0170755
0.00987893
0.0159984
0.0141879
0.0189453
0.0175655
0.0146231
0.0150401
0.018844
0.0186361
0.0187069
0.0154966
0.0155817
0.0169061
0.0166939
0.0182684
0.0160007
0.015999
0.0181647
0.0179713
0.0167447
0.0171382
0.0178395
0.0163946
0.0171298
0.0162547
0.0172076
0.017137
0.017219
0.0175972
0.0169467
0.0168476
0.0167326
0.0172332
0.0168278
0.0174073
0.0170078
0.0174892
0.0173411
0.0168421
0.0169331
0.0172901
0.0171153
0.0174239
0.0173079
0.0168879
0.0170407
0.0168817
0.0169053
0.0171669
0.0173517
0.0173574
0.0173324
0.0173384
0.0172345
0.017183
0.0172983
0.0169618
0.0172975
0.017073
0.017281
0.0169724
0.0172246
0.0172853
0.0172516
0.0170494
0.0169811
0.0171345
0.0170318
0.0170651
0.0170274
0.0170244
0.0171294
0.0171298
0.0171617
0.0154632
0.0157779
0.0171126
0.0182843
0.0178119
0.0160108
0.0176887
0.0173341
0.017972
0.0162865
0.0173713
0.0179829
0.0162944
0.0178529
0.0163402
0.0172409
0.0167254
0.0170005
0.0177754
0.016629
0.0175899
0.0167891
0.0168835
0.0166419
0.0173199
0.0174589
0.0174473
0.0168738
0.0170323
0.0167549
0.0168411
0.0171232
0.0163146
0.0112408
0.0186637
0.0141167
0.0152309
0.0142901
0.0182823
0.0188165
0.0153449
0.0181218
0.0158025
0.0178262
0.0171298
0.0171299
0.0170988
0.0157335
0.0187054
0.017532
0.0166215
0.0184585
0.0168515
0.0182442
0.0159769
0.0182
0.0160704
0.0180484
0.0161632
0.0172704
0.0163068
0.017919
0.0168651
0.0162992
0.0179318
0.0175672
0.0164285
0.0175558
0.0164483
0.0174617
0.0177102
0.0171457
0.0175347
0.0176819
0.0174714
0.0166869
0.0176279
0.0175977
0.0175742
0.0168437
0.0169525
0.0167406
0.0167432
0.0174958
0.0173785
0.0171298
0.00583212
0.0171354
0.0119578
0.0207991
0.0136342
0.0201715
0.0183151
0.0167264
0.0189682
0.0168239
0.0189797
0.0178312
0.0153848
0.0154608
0.015343
0.0161228
0.0175706
0.0162205
0.015652
0.0184712
0.018398
0.0183305
0.0180506
0.0175856
0.017154
0.016898
0.0166806
0.0169109
0.017991
0.0174182
0.017868
0.0173445
0.0163825
0.017137
0.0171298
0.0169624
0.0163377
0.0163812
0.0157172
0.0175948
0.0182537
0.0168758
0.0172654
0.0162429
0.0175406
0.0179441
0.0166983
0.0165451
0.016782
0.0164246
0.0174332
0.0164499
0.0165313
0.0174039
0.016524
0.0169449
0.0173773
0.0166015
0.0166479
0.0168795
0.0175656
0.0169307
0.0171553
0.0168442
0.0167066
0.0173104
0.0174953
0.0173972
0.0174657
0.016804
0.0170997
0.0168531
0.0174206
0.0165735
0.0113292
0.0121724
0.0123788
0.0156503
0.0175775
0.0189816
0.0187096
0.017163
0.0155333
0.0155475
0.0169928
0.0171302
0.0159912
0.0171298
0.0161269
0.0161898
0.017115
0.0171141
0.017229
0.0167227
0.0174452
0.0174458
0.0167953
0.0176778
0.0175325
0.0176536
0.0167428
0.0168282
0.016719
0.0175881
0.0174767
0.0175716
0.0167279
0.0175204
0.0174472
0.0174356
0.0174931
0.0167693
0.0168191
0.0169451
0.0169146
0.0173126
0.0169407
0.0170414
0.0172226
0.0171972
0.0173477
0.0168597
0.0168753
0.0173837
0.0172869
0.017002
0.0172677
0.0171317
0.0172865
0.0169294
0.0169206
0.0173387
0.0171459
0.0170674
0.0171654
0.0171109
0.017295
0.0169497
0.0169502
0.0169624
0.015231
0.0112872
0.012263
0.0159537
0.0156794
0.0170208
0.0146833
0.019115
0.0177552
0.0153836
0.0183829
0.016016
0.0158776
0.0172934
0.0163692
0.0177552
0.0171767
0.0168356
0.0144525
0.0135309
0.0151984
0.0164846
0.0149198
0.0186979
0.0154301
0.0159076
0.0181941
0.0172087
0.0173962
0.0161779
0.0233078
0.00934994
0.0196514
0.013776
0.0199137
0.0168133
0.0175845
0.0179475
0.0150139
0.0184818
0.0171472
0.0168926
0.0162139
0.0171298
0.0171542
0.0169924
0.0175719
0.0180426
0.0164857
0.016897
0.0176677
0.0177539
0.017098
0.0165257
0.0176433
0.0165889
0.0172853
0.0166164
0.0176492
0.0173921
0.0167148
0.0166796
0.0174772
0.0173084
0.0175231
0.0171721
0.0167098
0.0175196
0.017257
0.0175072
0.0173045
0.0170388
0.0173865
0.0169187
0.0172274
0.0173855
0.0174466
0.0170051
0.0173393
0.0168497
0.0168636
0.0171862
0.0174028
0.0174031
0.0171039
0.0173693
0.0171527
0.0169102
0.0171427
0.0173274
0.0169102
0.017055
0.0173134
0.0172332
0.0170599
0.0171297
0.0121297
0.0203704
0.0121378
0.0131548
0.013522
0.0196084
0.0159103
0.0149481
0.0150254
0.0160741
0.0169553
0.0187138
0.0183507
0.0162513
0.01587
0.0184464
0.016354
0.0157866
0.0171243
0.0179421
0.0174714
0.0168805
0.0180446
0.0173333
0.0163983
0.0171182
0.0150222
0.0165909
0.0160762
0.0162625
0.0174537
0.0160981
0.0161346
0.0170553
0.0163821
0.0176483
0.0166145
0.0169983
0.017013
0.0167185
0.0167833
0.0171296
0.0170688
0.0173119
0.0138021
0.0142733
0.0145649
0.0170738
0.0145423
0.0184247
0.0169006
0.0157271
0.0163689
0.0160648
0.0181791
0.0181846
0.0169958
0.0159921
0.0171163
0.0177217
0.0178275
0.019109
0.0124211
0.0171889
0.015025
0.0171227
0.0172307
0.0183944
0.0158075
0.0162754
0.0180087
0.016172
0.0172412
0.0174099
0.016244
0.0179149
0.0170182
0.0178973
0.016431
0.0169363
0.0165258
0.0177702
0.0176679
0.0170885
0.0172593
0.0173183
0.0175833
0.0172922
0.0172901
0.0166806
0.0170255
0.0171755
0.0172434
0.0133795
0.00574021
0.0228853
0.018346
0.0117091
0.0121646
0.0113088
0.01157
0.01237
0.0197618
0.0197466
0.018699
0.0150456
0.0184243
0.0150532
0.0177614
0.0154019
0.0182403
0.0183955
0.017454
0.01705
0.0147306
0.0112666
0.0157093
0.0191552
0.0189498
0.0186935
0.0176391
0.0183186
0.0152582
0.0168642
0.0160854
0.0158205
0.0171298
0.0160093
0.0167737
0.017088
0.0163649
0.0171551
0.0177461
0.0175825
0.0176913
0.0175379
0.0174773
0.0171837
0.017615
0.0176013
0.0172588
0.0169948
0.0173928
0.0174378
0.0167974
0.0167406
0.0175178
0.0168918
0.0173733
0.0170091
0.0173045
0.0168057
0.0171995
0.0168363
0.0174238
0.0173918
0.0173751
0.0174006
0.0173321
0.0168884
0.0171179
0.0173739
0.0172489
0.016989
0.017356
0.0170447
0.0173261
0.0171874
0.0172416
0.0171429
0.0172952
0.0171079
0.01706
0.0170124
0.0172745
0.0170331
0.017283
0.017202
0.0169845
0.0172071
0.000333858
0.0131168
0.0134499
0.0178694
0.0135234
0.0183832
0.0144828
0.0186564
0.0171602
0.017154
0.0182282
0.0166234
0.0178849
0.0171295
0.0171298
0.0187713
0.0170469
0.0192281
0.0172389
0.0174835
0.0183666
0.0185412
0.0177157
0.0169992
0.0159755
0.0165381
0.0181817
0.017993
0.0170903
0.0161369
0.0174974
0.0180207
0.0161846
0.0170991
0.0162731
0.0164682
0.0176617
0.0178253
0.0171063
0.0165042
0.0174644
0.0176009
0.0174193
0.0165636
0.0166978
0.0171453
0.0170197
0.0166545
0.0198684
0.0171298
0.017078
0.0180395
0.0179748
0.0178614
0.0175082
0.016332
0.018024
0.0162526
0.01644
0.0174604
0.0167575
0.0165467
0.017524
0.0165164
0.0168558
0.0175546
0.0168474
0.0170783
0.0173671
0.0171623
0.0175536
0.0169425
0.0175208
0.0170097
0.0172939
0.0174787
0.0170117
0.0172208
0.0170009
0.0171669
0.0168662
0.0168311
0.0174185
