0.272194
0.0164585
0.020369
0.0147685
0.0178199
0.0218589
0.0175215
0.0186597
0.019241
0.0213163
0.0212756
0.0189193
0.0192983
0.0207006
0.0207006
0.0208089
0.0206395
0.020711
0.0207448
0.0206939
0.020835
0.0207233
0.0208239
0.0205786
0.0206294
0.0206603
0.0205907
0.0206405
0.0208052
0.0207809
0.0207474
0.0206352
0.0207842
0.0207505
0.0206343
0.0207438
0.020692
0.020764
0.0207628
0.0206359
0.0207772
0.0207367
0.0206401
0.0207734
0.0207667
0.0207678
0.0206385
0.0206878
0.0207493
0.0206825
0.0206886
0.020701
0.0207284
0.0206783
0.0207387
0.0206973
0.020701
0.0207437
0.0206761
0.020726
0.0206849
0.0207342
0.0207432
0.0206843
0.0207246
0.0206676
0.0206751
0.0207397
0.020725
0.0207006
0.0207006
0.024315
0.0208684
0.021965
0.0201967
0.0220694
0.0211225
0.0195139
0.0218338
0.0216895
0.0196484
0.0196586
0.021842
0.0198947
0.0215227
0.0200406
0.020021
0.0215138
0.0209612
0.0199943
0.0200484
0.0214237
0.0213826
0.0201513
0.0206974
0.0213037
0.021116
0.0201735
0.0203488
0.0205634
0.0202602
0.0202309
0.0202318
0.0209528
0.0210948
0.0203169
0.0205339
0.0209438
0.0203882
0.0210681
0.0210457
0.0206649
0.0209531
0.0207945
0.0206389
0.0210129
0.0208687
0.0207006
0.0207006
0.0233273
0.0223156
0.0216934
0.0220817
0.0217848
0.0214506
0.0209991
0.0217063
0.0216944
0.0210556
0.0197722
0.0207011
0.021468
0.0199134
0.0214495
0.0214445
0.021362
0.0201082
0.0203784
0.0200712
0.0211945
0.0212853
0.0212448
0.0203885
0.020176
0.0211276
0.0203708
0.0211266
0.0205714
0.0211157
0.0210999
0.0210197
0.0203581
0.0210678
0.0208027
0.0205731
0.0203968
0.0209692
0.0206393
0.0209329
0.0207006
0.0207006
0.0224017
0.0215468
0.0211589
0.0215801
0.0214141
0.0210765
0.0208433
0.0212908
0.021294
0.0208754
0.0200885
0.0207008
0.0212339
0.0201928
0.0211918
0.0211769
0.0211495
0.0203403
0.0205151
0.0202995
0.0210042
0.0210988
0.0210596
0.0205128
0.0203457
0.0209762
0.0204959
0.0209791
0.0206213
0.0209867
0.0209727
0.0209084
0.0204774
0.0209568
0.0207662
0.0206183
0.0204891
0.0208806
0.020661
0.0208548
0.0207006
0.0206403
0.020679
0.0194214
0.0197642
0.0198576
0.0202429
0.0200096
0.0205529
0.0200955
0.0201871
0.0204547
0.0210174
0.0205439
0.0209969
0.0203545
0.0202858
0.0203595
0.0204822
0.0203146
0.0207313
0.0210241
0.0204165
0.0206041
0.0209627
0.0208521
0.0205358
0.0204285
0.0204382
0.0208121
0.0204937
0.0206915
0.0204893
0.0205524
0.0150888
0.0207006
0.0206667
0.0207067
0.0209449
0.0205118
0.0209389
0.0206918
0.0206917
0.0204915
0.021043
0.0203495
0.0210114
0.0203859
0.020997
0.0204745
0.0209722
0.0208104
0.0209479
0.0209344
0.0204623
0.0206717
0.0207164
0.0209115
0.0205222
0.0204971
0.020658
0.0205981
0.0206206
0.0206313
0.020868
0.020704
0.0205509
0.0206421
0.0207244
0.0208181
0.0205803
0.0206976
0.0206869
0.0205855
0.0205855
0.0207006
0.0201521
0.0206987
0.0212457
0.0203527
0.0205933
0.021071
0.0196064
0.0206225
0.0215838
0.0215778
0.0215673
0.0209346
0.0203927
0.0213876
0.0213857
0.0199332
0.021375
0.0200241
0.0200706
0.0211412
0.0201507
0.0211981
0.0201669
0.0206958
0.020246
0.0210339
0.0209014
0.0210134
0.0203077
0.0210794
0.0203243
0.0210072
0.0203868
0.020763
0.0205731
0.0208605
0.0207006
0.0207041
0.0205247
0.0208691
0.0207016
0.0207533
0.0205489
0.0208195
0.0205775
0.0206344
0.0206119
0.0207692
0.0205912
0.0208002
0.0206083
0.020622
0.0207758
0.0207513
0.0206119
0.0206213
0.0207312
0.0206209
0.0206425
0.0206775
0.0207788
0.0207731
0.0206336
0.0206455
0.0207102
0.0206501
0.020705
0.020762
0.0206807
0.0207408
0.020711
0.0207296
0.0207435
0.0207487
0.0206681
0.0207109
0.020704
0.020689
0.0207103
0.0207054
0.0207435
0.020722
0.0207413
0.0207181
0.0207006
0.0207001
0.0205408
0.0199671
0.0209884
0.0207452
0.0209576
0.0208529
0.0205032
0.0205617
0.02032
0.0203453
0.0207305
0.0207773
0.0204676
0.0204632
0.0205103
0.0207507
0.0207006
0.0207
0.0222428
0.0202355
0.0219316
0.0218119
0.0191861
0.0208143
0.0202705
0.0196648
0.0196514
0.0214424
0.0209157
0.0200341
0.0202569
0.0209954
0.0211479
0.0212026
0.020075
0.0211846
0.020602
0.0201671
0.0208712
0.021046
0.0206521
0.0203181
0.0208063
0.0207006
0.0207006
0.0208605
0.0205586
0.0208989
0.0206913
0.0206925
0.0206184
0.0205531
0.0207859
0.0208169
0.0205284
0.0207914
0.0205628
0.0205557
0.0207963
0.0205855
0.0206441
0.0205658
0.0206668
0.0207997
0.0207338
0.0205715
0.0208226
0.020824
0.0208032
0.0206261
0.0205901
0.0206302
0.0206717
0.0207676
0.0206308
0.0206854
0.0206635
0.020701
0.0206336
0.0206419
0.0207135
0.0206267
0.020736
0.0207245
0.0207186
0.0206632
0.0207093
0.0207227
0.0207219
0.0206548
0.0207625
0.0206692
0.0207006
0.0207004
0.0207114
0.0200584
0.0214093
0.020894
0.0200494
0.0212317
0.0203951
0.0210443
0.0206641
0.0202326
0.020284
0.0211063
0.0206251
0.020334
0.0203498
0.0204884
0.0204463
0.0204332
0.0204064
0.0203945
0.020967
0.0209003
0.0208755
0.0204716
0.0208706
0.0204766
0.0205024
0.0205061
0.020785
0.0208747
0.0207006
0.0194474
0.0215634
0.0179374
0.0190236
0.0184666
0.0209083
0.021042
0.0194121
0.0196753
0.0207399
0.0202744
0.0198096
0.0203655
0.0207006
0.0204856
0.0206998
0.0209502
0.0205574
0.0206577
0.0208723
0.0200687
0.0206684
0.0211982
0.0212315
0.0211966
0.0208146
0.0205571
0.0210742
0.0211121
0.0202579
0.0211127
0.0202938
0.020318
0.0209448
0.0203998
0.0209879
0.020371
0.0206997
0.0204163
0.0208926
0.0208144
0.0208817
0.0204718
0.0209376
0.0204738
0.0208895
0.0205091
0.0207376
0.0206277
0.0207953
0.0207006
0.0206982
0.022542
0.0224954
0.0209994
0.0187181
0.0216629
0.0218389
0.0193769
0.0217898
0.019475
0.0199754
0.0195599
0.0215344
0.0197906
0.0198088
0.0198643
0.0200911
0.0199124
0.0211937
0.0209003
0.0210517
0.0200781
0.0212182
0.0204618
0.020776
0.0201699
0.0202859
0.0210357
0.021004
0.0210627
0.0204267
0.0203486
0.0203196
0.0208357
0.0207006
0.0207006
0.0207003
0.0198664
0.0203731
0.0212584
0.0203596
0.0208466
0.0202458
0.0202291
0.0202584
0.0211306
0.020268
0.0202901
0.0203048
0.0209588
0.0210258
0.020857
0.0206596
0.0209579
0.0204458
0.020894
0.0209264
0.0205759
0.0208296
0.0204363
0.0207739
0.0204712
0.0208882
0.0206277
0.020731
0.0208534
0.0205204
0.0208593
0.0206974
0.0205153
0.0205366
0.0207853
0.0207056
0.0207423
0.0207685
0.0205548
0.0207006
0.018548
0.0190706
0.0185815
0.0189741
0.0183146
0.0203033
0.0191394
0.0202248
0.0211776
0.019834
0.0210352
0.0199266
0.0207006
0.0207006
0.0207404
0.0207373
0.0211291
0.0203623
0.0210784
0.0206798
0.0204081
0.0205708
0.0207255
0.0207093
0.020554
0.0207859
0.0204859
0.0208979
0.0204973
0.0209246
0.0209139
0.0205387
0.0208948
0.0207888
0.0206014
0.0207227
0.0208628
0.0205278
0.020773
0.0207006
0.0205574
0.0208624
0.0208597
0.0208525
0.0208541
0.0205662
0.0208382
0.0208321
0.0208307
0.0205819
0.0208004
0.020763
0.0208203
0.0206295
0.0207413
0.0207842
0.0206967
0.0206359
0.0206024
0.0207962
0.0206971
0.0206971
0.0206199
0.0207824
0.020632
0.0206235
0.0206797
0.0207006
0.0159553
0.0221435
0.0189288
0.020571
0.0187598
0.0211148
0.0197161
0.0198256
0.0214046
0.0206283
0.0212989
0.019945
0.0199725
0.0200951
0.0211071
0.0202692
0.0203956
0.0205446
0.0207006
0.020531
0.0194583
0.0208942
0.0188303
0.0207439
0.0196463
0.0199027
0.0208256
0.0204908
0.019926
0.0207798
0.0206949
0.00815106
0.0156196
0.0224432
0.0187271
0.0187785
0.0210821
0.0189164
0.0206824
0.0191797
0.0194881
0.0196018
0.0207006
0.0207006
0.0207016
0.0207008
0.0211927
0.0201595
0.0203354
0.021054
0.0205392
0.0210461
0.0203901
0.0204936
0.0203919
0.0207314
0.0204519
0.0209822
0.0204728
0.0204683
0.0207606
0.0209401
0.0207296
0.0206722
0.0204965
0.0209112
0.0208139
0.0205125
0.0208894
0.0205679
0.0208994
0.0205405
0.0206446
0.0206801
0.020655
0.0208487
0.0207185
0.0205842
0.0208498
0.0207061
0.0205864
0.0206173
0.0205729
0.0208125
0.0207005
0.0206032
0.0207715
0.0207961
0.0206118
0.0207246
0.0207165
0.0208091
0.020796
0.0206677
0.0207005
0.020697
0.0207006
0.0207006
0.0170851
0.0200688
0.0202266
0.0220416
0.0205016
0.021248
0.0216642
0.0211378
0.0211345
0.0196364
0.0213648
0.0197174
0.0213156
0.0199688
0.0211025
0.0211635
0.0200712
0.0210425
0.0206359
0.0202298
0.0202639
0.0202685
0.0207006
0.0207006
0.0203383
0.0203619
0.0207556
0.0199659
0.0201584
0.0209175
0.020673
0.0202947
0.0205282
0.0203728
0.0203834
0.0208219
0.0206316
0.0204398
0.0204655
0.0204861
0.0206705
0.020503
0.0936982
0.0206381
0.0219592
0.018867
0.019344
0.0193793
0.0192922
0.020255
0.0208503
0.01986
0.0198793
0.0199195
0.0210917
0.0202171
0.020137
0.0210945
0.0204209
0.0207006
0.020489
0.0186692
0.0211682
0.0206724
0.0199438
0.0199459
0.0212667
0.0200893
0.020705
0.0207384
0.0203336
0.0210203
0.0209021
0.0203078
0.0208275
0.0204315
0.0204973
0.0203831
0.0204022
0.0203807
0.0209397
0.0208105
0.0204138
0.0204326
0.0204579
0.0204629
0.020488
0.0204965
0.0205084
0.0208157
0.0206111
0.0206811
0.174589
0.0206712
0.0159644
0.0149994
0.0179666
0.0223246
0.0184582
0.0179126
0.0218854
0.0215577
0.0215417
0.0193495
0.0193431
0.0209079
0.0193387
0.0214741
0.019801
0.0209671
0.0198605
0.0359189
0.0186934
0.0188917
0.0218975
0.0198211
0.0203169
0.0195072
0.0194727
0.0197323
0.019704
0.0202465
0.0198953
0.0200493
0.0207006
0.0207006
0.020441
0.0211156
0.021266
0.0209557
0.0207682
0.0205018
0.0204384
0.0204687
0.0204858
0.020949
0.0205512
0.0208127
0.020887
0.0209238
0.0206272
0.0205118
0.020866
0.0205403
0.0205569
0.0208853
0.0208198
0.0205572
0.0208657
0.0208533
0.0208556
0.0208432
0.0206389
0.0207733
0.0208424
0.0208188
0.0208343
0.0208299
0.0207563
0.0205965
0.0208061
0.0206081
0.0206521
0.0206131
0.0206356
0.0207925
0.0207682
0.0206546
0.0207945
0.0207648
0.0207056
0.0207418
0.0206274
0.0207556
0.0207139
0.020741
0.0206276
0.0206943
0.0207006
0.012616
0.020889
0.0188138
0.0182435
0.0215005
0.0193932
0.021201
0.0196761
0.0199245
0.0200875
0.0207006
0.0206653
0.0207005
0.0206759
0.0215996
0.0214102
0.0207978
0.0197376
0.0206921
0.0212263
0.0211806
0.0210034
0.0203314
0.0207766
0.0206574
0.0211469
0.0211692
0.0201759
0.0202714
0.0206337
0.0210915
0.0204094
0.0202889
0.0203149
0.0210403
0.0205863
0.0209925
0.0207385
0.0209794
0.0208641
0.0205743
0.0209464
0.0208309
0.0205949
0.020831
0.0207006
0.0205521
0.0206652
0.0205299
0.0208273
0.0205072
0.0201985
0.0202502
0.0205891
0.0202807
0.0207842
0.0205264
0.0207635
0.0209524
0.0206906
0.0204266
0.020423
0.0209586
0.0209251
0.0204309
0.0205549
0.0206217
0.0208535
0.0208927
0.0204861
0.0208135
0.0208515
0.0205514
0.020848
0.0205523
0.0207329
0.0207854
