0.0232689
0.0182675
0.018202
0.0191209
0.0194038
0.0219487
0.022915
0.0217894
0.0227146
0.0226216
0.0224255
0.0222898
0.0231882
0.0226386
0.0238665
0.0238591
0.0238593
0.0238653
0.0238966
0.0238735
0.0238585
0.023855
0.0238513
0.0238547
0.0238616
0.023879
0.0238415
0.0238492
0.0238526
0.0238513
0.0238765
0.023845
0.0238784
0.0238755
0.0238661
0.023878
0.0238604
0.0238739
0.0238758
0.0238544
0.023873
0.0238735
0.0238731
0.0238493
0.0238711
0.0238718
0.0238592
0.0238498
0.0238709
0.0238703
0.0238701
0.0238645
0.023867
0.0238695
0.0238669
0.0238609
0.0238684
0.0238619
0.0238676
0.0238682
0.0238627
0.0238656
0.0238549
0.0238554
0.0238663
0.023863
0.0238659
0.0245286
0.0257444
0.0250713
0.0238591
0.0238944
0.0241484
0.0242587
0.0241334
0.0241432
0.0241235
0.0236966
0.0241182
0.0241134
0.0237252
0.0240217
0.0239349
0.0239812
0.0237404
0.0237541
0.0239322
0.0239374
0.0237752
0.0237625
0.023802
0.0238853
0.02398
0.0238924
0.0238211
0.0239002
0.0239571
0.0239505
0.0239533
0.0237877
0.0237888
0.0238235
0.0239354
0.0239364
0.0239208
0.0238094
0.0239251
0.0239099
0.0239186
0.0239128
0.0239146
0.0238203
0.0239017
0.0238591
0.0238591
0.023611
0.023859
0.0235374
0.0238726
0.0236211
0.0238583
0.0239944
0.0236454
0.0236953
0.0236521
0.0237605
0.0236957
0.0236902
0.0239679
0.0239755
0.0237088
0.0237735
0.0239608
0.0239115
0.0238538
0.0237546
0.0238803
0.0239332
0.0237604
0.0237579
0.0237667
0.02377
0.0239365
0.0239249
0.0238961
0.0238873
0.0238188
0.023799
0.0237963
0.0238498
0.0238535
0.0239099
0.0238422
0.0238845
0.0238771
0.0238591
0.0238591
0.0237477
0.0238591
0.023707
0.0238649
0.0237415
0.0238587
0.0239356
0.0237248
0.0237474
0.0237313
0.0238094
0.0237722
0.0237544
0.0239255
0.0239339
0.0237706
0.0238106
0.0239286
0.0238903
0.023856
0.0237972
0.0238715
0.0239068
0.023798
0.0237923
0.0237963
0.0237984
0.0239123
0.0239042
0.023883
0.0238771
0.0238337
0.0238203
0.0238157
0.0238532
0.0238555
0.0238937
0.0238483
0.0238758
0.0238709
0.0209919
0.0218507
0.0238591
0.023695
0.023463
0.0235179
0.0237127
0.023594
0.0236009
0.0236607
0.0237601
0.0239136
0.0236957
0.0237276
0.0236957
0.0239173
0.0238305
0.0237515
0.0237849
0.0237507
0.0237831
0.0238351
0.0238192
0.0237718
0.0238019
0.0238056
0.0238105
0.0237871
0.023788
0.0238247
0.0238002
0.0238589
0.0237884
0.0238591
0.0238318
0.0238462
0.0239019
0.0237907
0.0238869
0.0238772
0.0239168
0.0239026
0.0238054
0.0238675
0.0238474
0.0238151
0.0238759
0.0238622
0.023821
0.0238935
0.0238163
0.0238201
0.0238296
0.0238199
0.023822
0.0238929
0.0238266
0.0238292
0.0238503
0.0238551
0.0238758
0.0238748
0.0238834
0.0238396
0.0238764
0.0238353
0.0238727
0.0238781
0.0238764
0.0238653
0.0238392
0.0238695
0.0230886
0.0232245
0.0240953
0.0238591
0.0238422
0.0239498
0.0236652
0.0235874
0.0235518
0.0239241
0.0235783
0.0239525
0.0238479
0.0237691
0.0237535
0.0236603
0.0239248
0.0238805
0.0237626
0.0237575
0.0237565
0.0237862
0.0239468
0.0238033
0.0237408
0.0239102
0.0238693
0.0237509
0.0237696
0.0237976
0.0237686
0.0238156
0.0237797
0.0238541
0.0239055
0.0238884
0.0238291
0.0238076
0.0238418
0.0237966
0.0246369
0.0238591
0.0241465
0.0238618
0.0238594
0.0238691
0.0238955
0.023891
0.023884
0.0238817
0.0238757
0.02388
0.0238647
0.0238659
0.0238538
0.0238765
0.0238762
0.0238586
0.0238679
0.0238758
0.023858
0.0238672
0.0238715
0.0238556
0.0238726
0.0238548
0.0238529
0.0238494
0.0238648
0.0238703
0.0238515
0.0238575
0.0238517
0.0238693
0.0238617
0.0238681
0.0238576
0.0238685
0.0238641
0.023854
0.0238579
0.0238544
0.0238591
0.0238659
0.0238664
0.0238661
0.0127268
0.0163088
0.0238588
0.0233972
0.0235942
0.0235444
0.0235674
0.0237305
0.0236343
0.0237698
0.0236405
0.0238459
0.0237036
0.0237347
0.023765
0.0237762
0.0238226
0.0238595
0.0237562
0.0238591
0.0238584
0.0107466
0.0197346
0.0233955
0.0234205
0.0234202
0.0234432
0.0235181
0.023378
0.0234546
0.0236283
0.0235436
0.0236181
0.0237006
0.0236648
0.0236141
0.0238902
0.0238343
0.0238667
0.023671
0.0236799
0.023714
0.0237978
0.0237194
0.0237369
0.0238591
0.0238591
0.0238985
0.0238591
0.0238707
0.0238598
0.0238574
0.0238956
0.0238385
0.0238663
0.023846
0.0238449
0.0238894
0.0238502
0.0238526
0.0238423
0.0238428
0.0238467
0.0238744
0.0238764
0.0238802
0.0238813
0.0238425
0.0238677
0.0238563
0.0238451
0.023858
0.0238603
0.0238441
0.0238512
0.0238675
0.0238749
0.0238594
0.0238458
0.0238449
0.0238669
0.0238501
0.023846
0.0238726
0.0238699
0.0238624
0.0238593
0.0238659
0.0238695
0.0238498
0.0238667
0.0238494
0.0226017
0.0238591
0.0238591
0.0239835
0.0236421
0.0237974
0.0236872
0.0237553
0.0238492
0.0239102
0.0237113
0.0239008
0.0237639
0.0239174
0.0237813
0.0238986
0.023782
0.0238837
0.0237872
0.0238956
0.0237998
0.0237853
0.0238274
0.0237879
0.0237892
0.0238826
0.0238831
0.0238141
0.0238921
0.0238201
0.0238594
0.0238859
0.0238315
0.0235385
0.0238585
0.0238355
0.0210383
0.0236532
0.0223694
0.0231942
0.0236782
0.0231058
0.0232097
0.0234859
0.0236167
0.0235427
0.0238591
0.0236266
0.0237009
0.0238591
0.0238591
0.0237671
0.0238148
0.0236909
0.0238091
0.0237547
0.0237898
0.0237327
0.0237579
0.0237568
0.0238248
0.0239144
0.0239143
0.0237636
0.0237805
0.0238433
0.0237805
0.0238437
0.0237804
0.0238324
0.0238762
0.0238184
0.0237941
0.0238441
0.0237998
0.0238898
0.0238119
0.0238015
0.0238078
0.0238362
0.0238216
0.0238167
0.0238506
0.0238441
0.0238717
0.0238241
0.0238804
0.0238699
0.0238591
0.0238581
0.0238591
0.0238243
0.0235779
0.0235225
0.0234068
0.0232336
0.0235403
0.0233288
0.0233654
0.0234982
0.0238799
0.0236946
0.023525
0.0236764
0.0236806
0.0237903
0.0238781
0.0236167
0.0237958
0.0237009
0.0236651
0.02375
0.0237606
0.0237146
0.023724
0.0237617
0.0237682
0.0237785
0.0237813
0.0238101
0.0229799
0.023843
0.0238591
0.0238591
0.0238591
0.0238662
0.023869
0.0237991
0.0237765
0.0237499
0.0237553
0.0237557
0.0238561
0.0237816
0.0238921
0.0239103
0.0238568
0.0237844
0.0238838
0.0237998
0.0237973
0.0238084
0.0238523
0.0238359
0.0238941
0.0238648
0.0238646
0.0238538
0.0238517
0.0238232
0.0238805
0.0238217
0.0238266
0.0238851
0.0238338
0.0238318
0.0238653
0.0238591
0.0236936
0.021344
0.0220537
0.0217908
0.0226117
0.0223158
0.0224666
0.0230932
0.0228902
0.0228654
0.0230821
0.0232511
0.0238591
0.0238591
0.0238591
0.0238591
0.024201
0.0238876
0.0238625
0.0239599
0.023901
0.0239245
0.023881
0.0239163
0.0239114
0.0239157
0.0239173
0.0239026
0.0238692
0.0238684
0.0239068
0.0238844
0.0238528
0.0238298
0.0238472
0.0238487
0.0239019
0.0238964
0.0238788
0.0238362
0.0238864
0.0238829
0.0238352
0.0238928
0.023892
0.0238924
0.0238784
0.0238401
0.0238692
0.0238406
0.0238708
0.0238767
0.0238422
0.0238585
0.0238698
0.0238803
0.0238768
0.0238815
0.0238798
0.0238557
0.0238796
0.0238751
0.0238469
0.0238767
0.0238593
0.023873
0.0238765
0.0151619
0.0238591
0.0185743
0.0230704
0.0234321
0.0235956
0.0231901
0.022975
0.02343
0.0233531
0.0232485
0.0239113
0.0236473
0.0234795
0.0234468
0.023656
0.0236963
0.02387
0.0237061
0.0237472
0.0237402
0.0236602
0.0238587
0.023837
0.0218649
0.0236956
0.0227811
0.0233418
0.0237166
0.0232865
0.0233551
0.0235669
0.0236647
0.0236069
0.0238013
0.017617
0.0193926
0.0228054
0.0227518
0.0214431
0.0221081
0.0239792
0.0224649
0.0233073
0.0226112
0.0233517
0.0237973
0.0235643
0.0238591
0.0245113
0.0239242
0.0238591
0.0238707
0.0238343
0.024004
0.0238899
0.0238809
0.0238736
0.0239288
0.0238723
0.023855
0.0239274
0.0239111
0.0239106
0.0238244
0.0238296
0.0238983
0.0239028
0.0238268
0.0238984
0.0239073
0.0239012
0.0238922
0.023846
0.0238755
0.0238988
0.0238662
0.0238962
0.0238867
0.0238562
0.0238968
0.0238886
0.0238819
0.0238318
0.0238854
0.0238502
0.0238523
0.0238556
0.0238873
0.0238483
0.023865
0.0238467
0.0238851
0.0238704
0.0238504
0.0238844
0.0238836
0.0238775
0.0238637
0.0238764
0.0238789
0.0238799
0.023845
0.0238729
0.0238587
0.0108265
0.022599
0.0212874
0.0230533
0.0229497
0.0233933
0.0233941
0.0231911
0.0237244
0.0236008
0.0237337
0.023324
0.0236433
0.0233793
0.0239096
0.0234692
0.0239023
0.0234714
0.0234814
0.0236732
0.023685
0.0235599
0.0237292
0.0235839
0.023874
0.0237657
0.023769
0.0238591
0.0238591
0.023859
0.0232888
0.0234498
0.0237021
0.0235716
0.0236736
0.0235699
0.0237122
0.0236191
0.0237208
0.0237398
0.0237668
0.0237095
0.0238069
0.0238137
0.0238678
0.0237963
0.0237338
0.0238591
0.0238591
0.0229606
0.0229848
0.022926
0.0227944
0.0230122
0.0235811
0.023475
0.0232128
0.023721
0.0237531
0.0237532
0.0234044
0.0237145
0.0235959
0.0235156
0.0237664
0.0235227
0.0238591
0.0217449
0.023859
0.0232936
0.0236124
0.023641
0.0237413
0.0238585
0.0236687
0.0236899
0.0237104
0.0237516
0.0237365
0.0237291
0.0237482
0.0239017
0.0237731
0.0237708
0.0239007
0.0238905
0.0238401
0.023851
0.0238757
0.0237847
0.0237802
0.0238198
0.0237832
0.0237871
0.023891
0.023837
0.0238003
0.0238234
0.0238011
0.0238591
0.023837
0.0237346
0.0206952
0.0224316
0.0224857
0.0215767
0.0216065
0.0221098
0.0221712
0.0226837
0.0232543
0.023891
0.0232886
0.023479
0.0232609
0.0233193
0.0233559
0.0233738
0.0238591
0.0235258
0.0216065
0.0214032
0.021585
0.0220316
0.0238358
0.0225719
0.0232807
0.0238465
0.022858
0.0234262
0.0232912
0.0232752
0.0238591
0.02386
0.0238814
0.0240911
0.0239577
0.0238609
0.0239464
0.0238777
0.0239148
0.0239064
0.023899
0.0238368
0.0238976
0.0239093
0.0238297
0.0238668
0.023901
0.0238496
0.0238892
0.0238996
0.0238728
0.0238724
0.0238956
0.023892
0.0238439
0.0238914
0.0238427
0.023891
0.0238828
0.0238475
0.0238882
0.0238383
0.0238721
0.0238389
0.0238665
0.0238748
0.0238821
0.0238559
0.0238576
0.023845
0.0238646
0.0238432
0.0238647
0.0238726
0.023866
0.0238719
0.0238644
0.0238461
0.0238598
0.0238762
0.0238733
0.0238539
0.0238473
0.0335235
0.0238346
0.0222016
0.021131
0.0221186
0.0220481
0.0223471
0.0231171
0.0228925
0.0227382
0.0228022
0.0231253
0.0236694
0.023826
0.0164863
0.0184185
0.0238236
0.0237172
0.0239375
0.0236168
0.0236518
0.0236489
0.0236514
0.0238657
0.0236981
0.0238469
0.0236693
0.0237509
0.0237531
0.0237062
0.0239243
0.0238811
0.0238595
0.0237889
0.023772
0.023756
0.0237696
0.0238446
0.0238595
0.0237905
0.0237954
0.0238163
0.0238478
0.0237846
0.0238591
0.0237488
0.0238126
0.02381
0.0238226
0.0238313
0.0238718
0.0237565
0.0239216
0.0237641
0.0237952
0.0237781
0.0238179
0.023841
0.0238626
0.0237892
0.0238212
0.0238154
0.0238181
0.0238896
0.0238776
0.023806
0.0238783
0.0238184
0.0238905
0.023826
0.0238186
0.0238228
0.0238445
0.0238249
0.0238721
0.023879
0.0238271
0.0238282
0.0238295
