0.000629995
0.00179541
0.000868335
0.000105906
0.019449
0.0110023
0.00608414
0.00680586
0.00729765
0.010923
0.0129752
0.0124323
0.0121875
0.0124147
0.0119468
0.0121511
0.0118945
0.0119724
0.0125451
0.0115379
0.0123378
0.0125237
0.0115638
0.0125078
0.0119804
0.011636
0.0124203
0.0119932
0.0116752
0.0120325
0.0123682
0.0122784
0.0118798
0.0117097
0.0117272
0.0119254
0.011797
0.0118211
0.0123072
0.011795
0.0123046
0.0122754
0.0120067
0.0119984
0.0120789
0.0118219
0.0122664
0.0122662
0.0120105
0.0121791
0.0119311
0.0118375
0.0121671
0.0120154
0.0121332
0.0119304
0.0118639
0.0119646
0.0120119
0.0122079
0.0118842
0.0122045
0.0119375
0.0121408
0.0119942
0.0119082
0.0120468
0.0100859
0.0179976
0.00531002
0.0184794
0.0181531
0.0136093
0.00848485
0.0155847
0.0108296
0.0152162
0.00877951
0.00832527
0.0158982
0.0100429
0.0156905
0.0157628
0.0142296
0.0153939
0.0135386
0.0140413
0.00933951
0.0108349
0.010247
0.00983965
0.0144368
0.00974655
0.0112577
0.0130775
0.0101924
0.0102104
0.0112295
0.0125317
0.0108927
0.0110354
0.0105601
0.0135255
0.0135269
0.0114153
0.0120037
0.0132856
0.0114918
0.0131944
0.0129046
0.0126185
0.0120636
0.0114071
0.0112338
0.00377407
0.00802465
0.00583829
0.0143034
0.0169053
0.0133001
0.0143554
0.0132772
0.00998381
0.0115695
0.00868563
0.00862683
0.0153512
0.0128275
0.0151415
0.0133306
0.00930121
0.0145253
0.00965167
0.0105392
0.0142627
0.0100429
0.0134366
0.0135253
0.0138778
0.0137609
0.0133535
0.0135857
0.0131265
0.0105666
0.0107525
0.0105268
0.0114543
0.0118428
0.0120621
0.013266
0.0116171
0.0131794
0.0121217
0.0117854
0.0117136
0.00715775
0.0102291
0.00813825
0.0130359
0.0152059
0.012613
0.0131454
0.0126265
0.0110224
0.0118122
0.00978529
0.00976645
0.0142469
0.0124472
0.0141136
0.012765
0.010223
0.0136107
0.0103969
0.0111579
0.0135367
0.0106487
0.0128931
0.0129613
0.0132606
0.0131613
0.0128657
0.0130543
0.0127295
0.0110632
0.0112057
0.0110001
0.0116693
0.011915
0.012054
0.0128825
0.0117681
0.012809
0.0120925
0.0120223
0.00782623
0.0122496
0.0135008
0.010287
0.011221
0.0107678
0.0144268
0.0141361
0.00979889
0.0138511
0.0116576
0.0127489
0.0117241
0.0125273
0.012709
0.012976
0.0123909
0.0106483
0.0133689
0.0133035
0.011042
0.0113541
0.0112848
0.0110387
0.0128676
0.012059
0.0113122
0.0122159
0.0113427
0.0127804
0.0128201
0.0128015
0.0120404
0.0120451
0.00939974
0.0119926
0.0100035
0.0103843
0.0134131
0.0135612
0.0134374
0.013258
0.0119064
0.0120276
0.0108756
0.0132594
0.0130305
0.0128911
0.0131942
0.0111107
0.011059
0.0130222
0.0126249
0.0111219
0.0128833
0.0116052
0.0127371
0.0113135
0.0116231
0.0113411
0.0120663
0.0114626
0.0119467
0.0122962
0.0115882
0.0120614
0.012247
0.0124236
0.0117032
0.0123675
0.0119509
0.0124965
0.0120398
0.0121442
0.0106801
0.00608871
0.00946808
0.011545
0.0141593
0.0144982
0.0159072
0.0136099
0.0104154
0.0144962
0.00887406
0.0136698
0.0151953
0.0150445
0.00887436
0.00921137
0.0143956
0.0112219
0.014363
0.011777
0.0141867
0.00986025
0.014025
0.0107894
0.0138046
0.0131535
0.013597
0.0130338
0.0126161
0.0134661
0.0124107
0.0110022
0.0120702
0.0133365
0.0107545
0.0108317
0.0109109
0.0121294
0.0108866
0.0120395
0.0120367
0.0120434
0.0117659
0.0126984
0.0121705
0.0122425
0.0114882
0.0115079
0.0115398
0.0118434
0.0125216
0.0124865
0.0117657
0.0123825
0.0124465
0.01186
0.012036
0.0124235
0.0123899
0.0116697
0.0119887
0.0119911
0.0117783
0.0123131
0.0123182
0.0122584
0.0118976
0.0119431
0.0118449
0.0122443
0.0122032
0.0122632
0.0122342
0.0119689
0.0122367
0.0121983
0.0118479
0.0118503
0.0118891
0.0121964
0.0118864
0.0119268
0.0119069
0.01218
0.0120852
0.0120397
0.0119781
0.0120972
0.0131315
0.012112
0.0103785
0.0106954
0.0106113
0.0106443
0.0113544
0.0118939
0.0126394
0.0115387
0.0128505
0.0119291
0.0127729
0.0124338
0.0124332
0.0117738
0.0120354
0.0130489
0.0110356
0.00549977
0.00691248
0.0167504
0.00772639
0.0103419
0.0145671
0.00849013
0.0154428
0.0140416
0.0146666
0.00890393
0.0109456
0.0148866
0.0111675
0.0103348
0.0143275
0.0117968
0.00997963
0.0136773
0.0129654
0.0128149
0.0103959
0.0111511
0.0116824
0.011424
0.0120398
0.0127199
0.0120499
0.0124504
0.0117635
0.0110481
0.0117476
0.0111826
0.0122256
0.0120134
0.0112853
0.0120119
0.0114466
0.0119873
0.0123891
0.0119393
0.0126501
0.0116029
0.0117217
0.0122601
0.0122928
0.0117909
0.0115622
0.0116504
0.0122188
0.011949
0.0116386
0.0116878
0.0117585
0.0117482
0.0116854
0.0117714
0.0116988
0.0123187
0.0119722
0.0121119
0.0117453
0.0122849
0.0123387
0.0122464
0.0117817
0.0122182
0.0119828
0.0122346
0.0119094
0.012264
0.0120398
0.0095238
0.00785482
0.0149126
0.011703
0.0105516
0.0141217
0.0138028
0.0123461
0.0132406
0.0109511
0.0109606
0.0106763
0.0108854
0.0121034
0.013412
0.0107708
0.0116828
0.0108396
0.0128777
0.013116
0.0119633
0.0120791
0.0122829
0.0116924
0.0112828
0.0117925
0.0112599
0.0120282
0.0121844
0.0127099
0.0113406
0.0102681
0.00130195
0.0119475
0.0139867
0.0159916
0.0154759
0.00851302
0.0149182
0.0141362
0.00939493
0.0122858
0.0141357
0.0120398
0.0120848
0.0114739
0.00905983
0.0109333
0.0118347
0.0129872
0.0131881
0.0143344
0.0127651
0.0112913
0.0132534
0.0103841
0.0128316
0.0138367
0.0138489
0.0102897
0.0105528
0.0133627
0.0116283
0.013483
0.0119068
0.0133831
0.0107209
0.0132595
0.0113592
0.0131202
0.0126669
0.0129527
0.0126055
0.0123643
0.0129356
0.0122499
0.0114455
0.0120581
0.0128503
0.0112559
0.0112964
0.0113631
0.0120922
0.0113378
0.0251485
0.0102831
0.00762854
0.0171642
0.00500445
0.0061011
0.00701488
0.01677
0.0122646
0.00719055
0.0110736
0.0133506
0.0133303
0.00789262
0.0157632
0.00881456
0.0151207
0.0148793
0.0143754
0.0149059
0.00949311
0.0143965
0.0133849
0.0119659
0.0099387
0.0101314
0.0106445
0.0127702
0.0125496
0.0125783
0.012182
0.0134634
0.0130452
0.0119135
0.0120456
0.0123179
0.00565689
0.00759644
0.0108774
0.0119849
0.0103675
0.0106955
0.0101072
0.0125432
0.0116073
0.0136068
0.0134875
0.0135716
0.0130372
0.0128116
0.0133283
0.0108462
0.0116649
0.0131405
0.0131513
0.0116231
0.0115702
0.012848
0.01258
0.0129045
0.0114138
0.0124903
0.0127497
0.012456
0.012321
0.0116088
0.0125717
0.0126544
0.0125019
0.012665
0.0114328
0.0126008
0.0117473
0.00432562
0.0104145
0.0106666
0.00779657
0.00587181
0.00873699
0.0122165
0.0152745
0.010701
0.00950531
0.00944795
0.00980303
0.0103879
0.0120398
0.0107112
0.0122913
0.0120398
0.0113407
0.0135317
0.0106393
0.0133026
0.0109486
0.0126988
0.0131635
0.0110043
0.0126654
0.0127936
0.0129722
0.0125066
0.0112176
0.0120288
0.0114793
0.0127859
0.0114189
0.0128182
0.0119701
0.011568
0.0115738
0.0113549
0.0125876
0.0117394
0.0120311
0.0125251
0.0125506
0.0122055
0.0120527
0.0119926
0.012532
0.0123324
0.0119967
0.0125253
0.0117043
0.0122504
0.0124312
0.0121598
0.0119875
0.0118288
0.0123925
0.0121087
0.0117703
0.0116749
0.0121754
0.0117465
0.0116964
0.0118102
0.0117927
0.0117265
0.0123004
0.0172163
0.0126571
0.00628029
0.00915354
0.00801564
0.0155075
0.0137959
0.0125442
0.0145873
0.00926236
0.0108071
0.014213
0.0139353
0.0100078
0.0101955
0.0132906
0.0135091
0.0110405
0.0120397
0.0022552
0.00942163
0.0166457
0.0102207
0.00817393
0.010716
0.0108255
0.00916129
0.0113764
0.0107466
0.00989351
0.0110063
0.0135248
0.0120264
0.00702746
0.0107971
0.00347228
0.0016042
0.00535071
0.00570259
0.01599
0.0154686
0.00817563
0.0150791
0.0143282
0.0120398
0.0120137
0.0120402
0.0120398
0.0120232
0.0123678
0.0110912
0.0106362
0.0134023
0.0134027
0.0132599
0.010826
0.0113122
0.0113881
0.0127934
0.0131513
0.0117059
0.0123327
0.0113296
0.0119315
0.012392
0.0126343
0.0129423
0.0113499
0.0128083
0.0122288
0.0112742
0.0113015
0.012575
0.0113764
0.0115471
0.0122086
0.0124581
0.0116318
0.0121084
0.0122355
0.0125981
0.012602
0.0125597
0.0120609
0.0118644
0.0123588
0.0115503
0.0124156
0.0116126
0.0124936
0.0119263
0.0116442
0.0123813
0.0123521
0.0119535
0.012191
0.0124127
0.0118698
0.00209697
0.000225165
0.0190315
0.0157494
0.00520662
0.0130665
0.00955559
0.00654171
0.0159862
0.00776058
0.00930082
0.0147842
0.00851583
0.0100251
0.0113921
0.00925426
0.00940366
0.0122248
0.0113156
0.0142576
0.0128489
0.0139609
0.0126626
0.0101989
0.0117152
0.0116166
0.0114208
0.011772
0.0131053
0.0144288
0.0141674
0.0101864
0.0134296
0.0114385
0.013457
0.0110799
0.0127231
0.0124944
0.0110525
0.011209
0.0115878
0.0111039
0.0122003
0.0116592
0.0113029
0.0122297
0.0126419
0.0111556
0.00363268
0.0105679
0.0177282
0.0111387
0.0165759
0.0141708
0.00784725
0.00856954
0.0087791
0.0089862
0.00918397
0.00961119
0.0110088
0.0101973
0.0103054
0.0130222
0.0103317
0.0128116
0.0154899
0.0140323
0.0120398
0.0111213
0.0140136
0.0138696
0.0143388
0.0132704
0.01338
0.0120763
0.0107234
0.0101549
0.0134004
0.0114325
0.0124585
0.0105767
0.0107683
0.0133354
0.0131496
0.0128517
0.0131005
0.0112089
0.0113284
0.0128537
0.0115477
0.0115782
0.0116903
0.012388
0.0122676
0.0116118
0.0120112
0.0365109
0.0210134
0.00069714
0.0221261
0.00327117
0.022179
0.0177911
0.0181553
0.00581538
0.0172878
0.00603617
0.0157023
0.0145442
0.0155709
0.0149464
0.0109875
0.010066
0.0144822
0.0115358
0.0136698
0.00767612
0.0120461
0.0138798
0.010797
0.0170843
0.00918656
0.00890506
0.0129621
0.0145025
0.0143569
0.0102495
0.0143549
0.0122769
0.00908372
0.0119123
0.0120406
0.0120405
0.0135555
0.0123924
0.0132929
0.0108679
0.0110674
0.0128246
0.0111679
0.0111559
0.0117446
0.0115621
0.0112988
0.0119381
0.0117132
0.0125778
0.0116516
0.0125272
0.0113553
0.0113586
0.0124241
0.0121803
0.0124582
0.0120208
0.012624
0.0126044
0.0124156
0.0125904
0.0123881
0.0119045
0.0125132
0.0122094
0.0120589
0.0123654
0.0119476
0.0117577
0.0124538
0.0123281
0.0117695
0.0116862
0.0124067
0.0116903
0.0118008
0.0118336
0.0118542
0.0120774
0.0118309
0.0117761
0.012125
0.0119799
0.0123038
0.0118444
0.0116828
0.0171934
0.00458921
0.00953572
0.00874835
0.00594169
0.0152423
0.00848772
0.00873467
0.0139363
0.0129637
0.0106491
0.0135943
0.0118106
0.0129128
0.0120393
0.00256725
0.0106399
0.00877174
0.0133706
0.01498
0.00946163
0.0142538
0.0144054
0.0143517
0.0101329
0.011143
0.0106536
0.0101282
0.010115
0.0102291
0.0104552
0.0135396
0.0111104
0.0129019
0.0116456
0.0106247
0.0118417
0.0130913
0.0107537
0.0117887
0.0132289
0.0131463
0.0113269
0.0111647
0.0121439
0.0129329
0.0121362
0.0120398
0.0120398
0.010098
0.00997536
0.0133209
0.0135079
0.0136101
0.0126566
0.0117636
0.0129781
0.0130674
0.0127417
0.0108486
0.0116928
0.0131045
0.0125494
0.0126251
0.0112333
0.0128753
0.0126767
0.0112698
0.0112282
0.0112213
0.0113186
0.0119719
0.0113142
0.0125158
0.01191
0.0125983
0.0119091
0.0121569
0.0125633
0.0121487
