0.00298516
0.00598585
0.00573866
0.00553229
0.00858484
0.0073004
0.00716284
0.00801749
0.00813415
0.00936158
0.0091617
0.0086995
0.010186
0.0101368
0.0103162
0.0102564
0.0101119
0.0102014
0.0101995
0.0102004
0.0102735
0.0102171
0.010172
0.0102106
0.0102661
0.0102005
0.0101877
0.0101633
0.0101289
0.0101599
0.0101363
0.0102242
0.0102112
0.0102125
0.0102073
0.0101908
0.0101637
0.0101444
0.0102091
0.0102278
0.0101566
0.0101473
0.0101513
0.0102252
0.0102216
0.0102184
0.0101783
0.0102139
0.0102151
0.0101696
0.0102179
0.0101782
0.0101902
0.0102002
0.0101698
0.0101741
0.0101606
0.0101887
0.0101633
0.0101714
0.0101841
0.0101722
0.0102008
0.0101737
0.0101999
0.0101804
0.0101762
0.00895427
0.0113814
0.00919515
0.0113682
0.0113493
0.0100886
0.0112923
0.0110193
0.0108728
0.00980918
0.0110636
0.0104832
0.00996084
0.0108271
0.0097085
0.00966423
0.00967742
0.00972972
0.00987799
0.00984942
0.00978525
0.00986397
0.0105644
0.0105346
0.0100469
0.0105485
0.00999617
0.00987353
0.010451
0.00992191
0.00990755
0.00992279
0.0099411
0.010058
0.00995023
0.0101614
0.0104216
0.010026
0.0103033
0.0103261
0.0101364
0.01002
0.0103821
0.0103699
0.0100111
0.0103602
0.0102517
0.0100792
0.0101852
0.0101848
0.0101855
0.0109927
0.0100297
0.00971839
0.00942787
0.01023
0.00950136
0.00989688
0.00956923
0.00960164
0.0096335
0.0106727
0.00965535
0.00972461
0.0103555
0.0104765
0.009916
0.0098026
0.0105258
0.00983373
0.0104992
0.00987771
0.00986548
0.0104676
0.0103862
0.00992785
0.0102448
0.010418
0.0104048
0.01004
0.0102114
0.0100891
0.0100709
0.0100869
0.00999221
0.0101125
0.0100571
0.0100147
0.0100212
0.0101857
0.0101855
0.0101858
0.0106366
0.0101217
0.00998075
0.0097797
0.0102051
0.00983264
0.0100565
0.0097799
0.00985433
0.00984782
0.0104805
0.0098527
0.00991537
0.0102795
0.0103538
0.0100337
0.00992608
0.010408
0.0099668
0.0103903
0.00997242
0.00996993
0.0103821
0.0103125
0.0100165
0.0102222
0.0103401
0.0103369
0.0100936
0.0102019
0.0101247
0.0101128
0.0101228
0.0100557
0.0101389
0.0101014
0.0100685
0.0100729
0.010186
0.010186
0.00976233
0.00965236
0.0104252
0.0096187
0.00971591
0.0105614
0.0102572
0.00974366
0.0104736
0.00982479
0.0100905
0.0099202
0.00987825
0.00990373
0.00989535
0.00993059
0.00992062
0.00994408
0.0100117
0.0101238
0.010301
0.010004
0.0100222
0.0101741
0.0100461
0.0102926
0.0101759
0.0100721
0.0100666
0.010186
0.0101859
0.010014
0.00987197
0.0104696
0.0101498
0.0103837
0.0101596
0.0104126
0.00995992
0.0101562
0.0101732
0.0102927
0.0103579
0.0102777
0.0103339
0.0103299
0.0102836
0.0101684
0.0103016
0.0103009
0.0102549
0.0100914
0.0102944
0.010205
0.0101176
0.0101565
0.0101973
0.0100984
0.0101564
0.010263
0.0101058
0.0101105
0.0102419
0.0102341
0.0102551
0.0101904
0.0102436
0.010186
0.0100893
0.00975067
0.00907625
0.00935583
0.0104601
0.010463
0.00944402
0.00991733
0.00961882
0.00981828
0.0105529
0.0101024
0.00976986
0.00975881
0.00988424
0.00987015
0.0100446
0.0105269
0.0101775
0.0098628
0.00986551
0.00986233
0.00985263
0.00989715
0.0102727
0.00992991
0.00992841
0.0104161
0.0099539
0.010002
0.0101193
0.00999198
0.0101235
0.0101167
0.0102544
0.0102978
0.0101734
0.010012
0.0100204
0.0101865
0.010186
0.0102206
0.0102099
0.010195
0.0102847
0.0101863
0.0101339
0.0101828
0.01012
0.0102623
0.0102478
0.0102237
0.0102494
0.0102155
0.0102335
0.0102423
0.0102338
0.0102199
0.0101822
0.0101452
0.0102311
0.0101928
0.0101686
0.0101858
0.0101529
0.0102213
0.0102241
0.0101803
0.0101937
0.0101527
0.0101532
0.0101547
0.0102141
0.0101747
0.0101912
0.0101728
0.0102055
0.0101679
0.0102027
0.010185
0.0101807
0.0101842
0.0102034
0.0101901
0.0101867
0.01017
0.00700235
0.00955926
0.00959048
0.00995264
0.009806
0.00971555
0.0102422
0.00984359
0.00991469
0.00989956
0.0098725
0.00992753
0.0103098
0.01011
0.010053
0.00998991
0.0101612
0.0102704
0.0100386
0.0100667
0.00966675
0.0068846
0.00972089
0.00995868
0.00925353
0.00904811
0.00981334
0.0093182
0.00949869
0.00941723
0.00955507
0.00956936
0.00985415
0.00961379
0.0105903
0.0104411
0.00972495
0.010432
0.0101437
0.010331
0.00982665
0.00985702
0.00987604
0.00987334
0.0103735
0.00999846
0.0102992
0.00994471
0.010186
0.0101996
0.0101871
0.010248
0.0102149
0.0102624
0.0102698
0.0102788
0.010099
0.0101891
0.0102462
0.0101087
0.0101506
0.0101895
0.0102796
0.010121
0.0101053
0.0101216
0.0102694
0.010108
0.0102376
0.0102618
0.0101769
0.010129
0.0102408
0.0102379
0.0102313
0.0102475
0.0101533
0.0102071
0.0101562
0.01024
0.0102008
0.0102375
0.0101921
0.0101743
0.0101543
0.0101751
0.0102167
0.0102039
0.0101596
0.0102232
0.0102151
0.010218
0.0101611
0.0101542
0.0101514
0.0102061
0.0101807
0.00748832
0.00839373
0.0101844
0.0101636
0.0103125
0.00979115
0.0103854
0.0097719
0.0104048
0.00984825
0.00987391
0.0101689
0.00990199
0.0102277
0.0102906
0.009941
0.00994837
0.0099844
0.00997586
0.010153
0.00999863
0.010019
0.0101085
0.0100236
0.0103301
0.0102887
0.010218
0.0100662
0.0102818
0.0100574
0.0100868
0.010083
0.0100922
0.010164
0.010197
0.010186
0.00573336
0.00826793
0.00982329
0.00852287
0.0105678
0.00883756
0.0095079
0.00966824
0.00971152
0.00937802
0.00951324
0.0104202
0.00969946
0.010186
0.0101484
0.0100087
0.00963654
0.00981066
0.0103195
0.0103211
0.00982146
0.0100728
0.00983784
0.0100188
0.0103867
0.0101497
0.00998644
0.00997018
0.0100365
0.0100278
0.0101172
0.0103933
0.0101836
0.00998394
0.0100103
0.0100071
0.00999164
0.0100065
0.0102356
0.0100286
0.0100285
0.01033
0.0100488
0.0100821
0.0101498
0.0100739
0.0101518
0.0101477
0.0102264
0.0102527
0.0101796
0.0100803
0.0100842
0.010186
0.00732899
0.00963588
0.0108972
0.00999303
0.0108481
0.00985666
0.00945216
0.0108126
0.00945512
0.010666
0.00954982
0.00970298
0.0101845
0.0106114
0.0105745
0.0105875
0.0104164
0.00985024
0.00971653
0.0100996
0.00984354
0.00982998
0.0100499
0.01023
0.0099226
0.0103469
0.0102038
0.00997307
0.00994236
0.0101213
0.0102909
0.00995644
0.00997836
0.0103751
0.00990432
0.010184
0.00948861
0.0105078
0.0101532
0.00980643
0.0102741
0.00990384
0.00985964
0.0104652
0.0102159
0.0100834
0.0102409
0.0103495
0.00997131
0.0103835
0.0100244
0.010073
0.0100855
0.0099953
0.0100129
0.0103002
0.0100235
0.0100246
0.0100374
0.0100434
0.0100511
0.0100572
0.0100961
0.0100634
0.0101527
0.0101346
0.0102172
0.0101096
0.0100968
0.0101345
0.0102778
0.0100986
0.0102245
0.0101444
0.0101032
0.00299355
0.00854139
0.00908383
0.008786
0.00915436
0.00944078
0.0095802
0.0101558
0.00971196
0.0093643
0.00937608
0.00949186
0.010186
0.00977324
0.0102029
0.0101904
0.0101868
0.0104396
0.0102466
0.0100042
0.0101027
0.0102491
0.0103072
0.0103617
0.0103453
0.0103427
0.0103148
0.0102572
0.0102472
0.0101647
0.0101656
0.0103061
0.0102992
0.0102998
0.010155
0.0102942
0.0101311
0.0101635
0.0101073
0.0102147
0.0101038
0.0101086
0.0101387
0.0101051
0.010127
0.0102113
0.0102635
0.0101381
0.0102579
0.0101172
0.0102472
0.0101588
0.0101792
0.0101682
0.0101366
0.0101623
0.0101286
0.0102032
0.0101823
0.0102158
0.0102254
0.0101752
0.0101401
0.0101419
0.0102311
0.0102347
0.0101509
0.0102178
0.00712955
0.00966825
0.00921281
0.00891718
0.00893971
0.00903586
0.0105251
0.0100669
0.00933174
0.0095387
0.0104983
0.00983191
0.00962723
0.00994926
0.0104142
0.0102931
0.00983783
0.010186
0.00685274
0.00893752
0.00991101
0.00900292
0.0104846
0.00915711
0.00968187
0.009793
0.00982373
0.00955528
0.00965587
0.0103741
0.00980543
0.0544166
0.00976496
0.00550964
0.00679303
0.00885107
0.00804174
0.0078253
0.00766426
0.00893562
0.00920631
0.00919419
0.00906292
0.00944949
0.00936216
0.010186
0.0102123
0.0102089
0.0101872
0.0101933
0.010175
0.0101994
0.00996579
0.0104079
0.0100953
0.0103093
0.0100562
0.0103874
0.0103104
0.010115
0.010091
0.0103139
0.0103438
0.0103234
0.0102273
0.0103203
0.0103126
0.0103112
0.0103154
0.0102285
0.0102312
0.0102659
0.0101346
0.0101932
0.0101342
0.0102871
0.0102858
0.0102357
0.0102583
0.0102375
0.0102722
0.0102261
0.0102415
0.0101239
0.0101736
0.0101798
0.0101187
0.0101882
0.0101964
0.0101779
0.0101428
0.0101473
0.010247
0.0102466
0.0101357
0.010148
0.010152
0.0102321
0.0102089
0.0101758
0.0101798
0.00550805
0.00633041
0.00871261
0.00946966
0.00985645
0.0105336
0.00893072
0.00909142
0.0107137
0.0106046
0.0094167
0.00943222
0.00946426
0.0105474
0.00964479
0.00966637
0.0100454
0.010495
0.00998429
0.0102377
0.0102328
0.0102019
0.0101448
0.00995325
0.0098812
0.00998284
0.00994855
0.010186
0.00985318
0.00984977
0.0099891
0.0103383
0.00984231
0.00991691
0.00981053
0.00994375
0.010288
0.00995552
0.00991037
0.00990869
0.00996157
0.0100557
0.0100402
0.00999836
0.0101846
0.0100499
0.0101325
0.00858856
0.0101204
0.00905026
0.00927421
0.00864191
0.0101593
0.0101171
0.00901473
0.0105893
0.00919189
0.00954578
0.00982121
0.00955972
0.00963567
0.00981791
0.00984185
0.0102248
0.010186
0.010186
0.00983308
0.00973413
0.0103902
0.00969381
0.00978404
0.0105203
0.0102439
0.00979799
0.0104418
0.00986596
0.0101025
0.00995477
0.00991308
0.00993482
0.009928
0.00996154
0.00995028
0.00997242
0.0100314
0.0101303
0.010288
0.0100239
0.0100392
0.0101747
0.0100602
0.0102817
0.0101764
0.0100838
0.0100788
0.0101365
0.00359163
0.00272046
0.00751575
0.00767833
0.00745145
0.00812161
0.00889639
0.00889921
0.0106915
0.0104311
0.00946682
0.00904893
0.00949436
0.00968401
0.00939856
0.00943486
0.00973701
0.0098299
0.00993065
0.00300526
0.00759042
0.00711076
0.00750405
0.00959309
0.00819892
0.00866064
0.0103296
0.00992846
0.00982505
0.00952018
0.009382
0.010186
0.010186
0.0101866
0.0102705
0.0100313
0.0100108
0.0104094
0.0100433
0.0101711
0.0102031
0.0101333
0.0101373
0.0100753
0.0103217
0.0101821
0.0100727
0.010252
0.0102959
0.0101313
0.010109
0.0101432
0.0102843
0.0101159
0.0101275
0.0101754
0.0101561
0.0102123
0.0102449
0.010109
0.010258
0.0102437
0.0101802
0.0101197
0.0102253
0.010181
0.0101273
0.010201
0.0101585
0.0102368
0.010148
0.0102388
0.0102377
0.0102352
0.0101615
0.0101479
0.0101927
0.0102076
0.0101515
0.0102024
0.0102161
0.0102256
0.010147
0.00914435
0.00996224
0.00760487
0.0081779
0.00823987
0.00951232
0.00916802
0.00917249
0.00970546
0.00968073
0.00934521
0.010186
0.0105661
0.010082
0.00888665
0.01008
0.00946387
0.0105847
0.010242
0.0097874
0.0101088
0.0103672
0.00979968
0.0100651
0.00982279
0.00988198
0.00997986
0.0102452
0.00990376
0.0100717
0.00995282
0.00999724
0.0103234
0.0100471
0.0103332
0.0100901
0.0101445
0.00999257
0.0100027
0.0100143
0.0102375
0.0100145
0.0102597
0.0101632
0.010186
0.0104946
0.00949027
0.0096869
0.00975039
0.00987083
0.0102502
0.00992545
0.010194
0.0102158
0.0103426
0.00997154
0.00998521
0.0100696
0.00999274
0.0100266
0.0100446
0.0101524
0.0100566
0.010229
0.0102778
0.0100525
0.0102768
0.0101488
0.0102298
0.0102192
0.0100856
0.0102788
0.0100901
0.0100942
0.0101256
0.0100953
0.0101111
0.0102603
