0.0192302
0.0236621
0.0258325
0.0253902
0.0252818
0.0251022
0.0253146
0.025294
0.0252905
0.0252764
0.0252567
0.0263011
0.0245523
0.0272886
0.0269323
0.0248109
0.0261684
0.0264611
0.0246935
0.0252746
0.0258487
0.0251405
0.0255381
0.0252979
0.025423
0.0256344
0.0253043
0.024923
0.025452
0.0253285
0.0251146
0.0254311
0.0251064
0.0255558
0.0249959
0.02547
0.0250464
0.0253725
0.0254958
0.0250565
0.0253921
0.0250645
0.0254644
0.0253834
0.0250757
0.0251609
0.0253606
0.0251675
0.0251518
0.0253682
0.0251095
0.0254076
0.0252843
0.0252719
0.025375
0.0252713
0.0251604
0.0251302
0.025339
0.025316
0.0251722
0.0252605
0.0253673
0.0253399
0.0251515
0.0253678
0.0253081
0.0252047
0.0252529
0.0200551
0.0263583
0.0265592
0.0243052
0.0245873
0.0252364
0.0246905
0.0252411
0.0255257
0.025497
0.0253429
0.0252894
0.0253668
0.0252875
0.0252997
0.0252514
0.0252636
0.0252534
0.0252389
0.0252897
0.0252507
0.0252804
0.0252447
0.0252453
0.0252765
0.0252737
0.0252759
0.0252464
0.0252713
0.0252473
0.0252647
0.0252688
0.0252757
0.0252559
0.0252554
0.0252728
0.0252643
0.0252751
0.0252528
0.0252597
0.0252725
0.0252681
0.0252514
0.025274
0.0252709
0.0252568
0.0252534
0.0252539
0.0252566
0.0252608
0.0252664
0.0252609
0.0252721
0.0252687
0.0252587
0.0252659
0.0252714
0.0252705
0.0230564
0.0262105
0.0245602
0.0246521
0.0250256
0.025344
0.0249954
0.0254981
0.0251545
0.025291
0.025259
0.0252354
0.0252704
0.0252489
0.025287
0.0252954
0.0252413
0.0252851
0.0252568
0.0252816
0.0252432
0.0252464
0.0252716
0.0252433
0.025277
0.0252761
0.0252718
0.0252716
0.0252636
0.0252634
0.0252723
0.0252517
0.0252597
0.0252672
0.0252579
0.0252682
0.0252741
0.0252629
0.0252536
0.0252697
0.0252683
0.025264
0.0252544
0.0230565
0.0264715
0.0245816
0.0247547
0.0250412
0.0255227
0.0248314
0.0254125
0.0252395
0.0254419
0.025275
0.0253639
0.0251486
0.0252854
0.0252658
0.0252402
0.0253176
0.025215
0.0252931
0.0251989
0.0253277
0.0253201
0.0252516
0.025328
0.025211
0.0252164
0.0252373
0.0252376
0.0252697
0.0252695
0.0252315
0.0253053
0.0252801
0.0252518
0.0252856
0.0252471
0.0252221
0.0252675
0.0252989
0.0252403
0.0252456
0.0252621
0.0252957
0.0238851
0.0237993
0.0237161
0.0247939
0.0255908
0.0250561
0.0253764
0.0252852
0.0250862
0.0252477
0.0252995
0.0253546
0.0250465
0.0253506
0.0252205
0.0251171
0.0253861
0.0252769
0.025148
0.02534
0.0253541
0.0251407
0.0253034
0.025213
0.0251614
0.0252437
0.0253127
0.0253339
0.0242601
0.0244031
0.0253665
0.0244619
0.0243473
0.0249405
0.0251752
0.0252204
0.0254637
0.0256166
0.0249073
0.0250149
0.0249657
0.024972
0.0249804
0.0251406
0.0254393
0.025417
0.0250293
0.0253953
0.0250912
0.0253859
0.0254543
0.0251939
0.0254231
0.0253173
0.0251426
0.0252675
0.0254171
0.0251231
0.0251332
0.0252149
0.0253818
0.0253541
0.0253819
0.0253801
0.0253168
0.0252006
0.0252607
0.0253615
0.0253577
0.0253337
0.025188
0.0243632
0.0243256
0.0246016
0.0239107
0.0242582
0.0257981
0.0248093
0.0253748
0.0253612
0.025257
0.0252604
0.0252785
0.0252866
0.0252633
0.0252743
0.0251983
0.0252719
0.0252145
0.0252721
0.0252196
0.0252787
0.0252902
0.0252718
0.0252331
0.0252593
0.0252505
0.0252869
0.0252699
0.0252502
0.0252399
0.0252759
0.0252794
0.0252727
0.0252767
0.0252759
0.0252694
0.0252716
0.0252645
0.0252636
0.0252754
0.0252724
0.0252486
0.0252594
0.0280549
0.0259655
0.025102
0.0260681
0.0258971
0.0257113
0.0264342
0.0246384
0.0252419
0.0251725
0.0253509
0.0255545
0.024838
0.025228
0.0256231
0.0256186
0.02526
0.025139
0.0254342
0.0255816
0.0255684
0.0254605
0.025049
0.0255217
0.0255239
0.0251516
0.025015
0.0255131
0.0251275
0.0254636
0.0251094
0.0250493
0.0253342
0.0251095
0.025397
0.0252332
0.02534
0.0253671
0.0254464
0.0253234
0.0254282
0.0251901
0.0251116
0.0253685
0.0251754
0.025409
0.0253394
0.0251242
0.0252376
0.0252229
0.0253593
0.0253886
0.025316
0.0251875
0.0253636
0.0252376
0.0253758
0.0193789
0.0261344
0.0243004
0.025001
0.0252188
0.0244982
0.0252123
0.0252726
0.0248756
0.0247637
0.0248494
0.0249279
0.0252305
0.0251562
0.0232031
0.0245272
0.0246984
0.0240901
0.0247581
0.0246131
0.0251027
0.0249703
0.0252756
0.0252638
0.025314
0.0253003
0.0252608
0.0252967
0.0252946
0.0252845
0.0252396
0.0252263
0.0252906
0.0252363
0.025254
0.0252331
0.0252817
0.0252535
0.0252787
0.0252417
0.0252736
0.0252684
0.0252724
0.0252679
0.0318213
0.025088
0.0269275
0.0249786
0.0251247
0.0258767
0.026105
0.0257415
0.0252226
0.0250804
0.0252943
0.0257531
0.025603
0.0256202
0.0254616
0.025643
0.0253488
0.0252404
0.0250559
0.0249918
0.0249971
0.0255738
0.0255311
0.0254448
0.0250777
0.0254942
0.0250152
0.0251089
0.0252348
0.0251196
0.0252364
0.0250312
0.0254641
0.0254752
0.0253209
0.0253882
0.0253152
0.0254531
0.0251029
0.0254477
0.0254032
0.0252937
0.0254286
0.0251395
0.0251209
0.0251135
0.0251175
0.02512
0.025371
0.025146
0.0253941
0.0253952
0.0251863
0.02539
0.0253785
0.0253144
0.0253654
0.0253735
0.0246733
0.0260506
0.0261122
0.0237217
0.024808
0.0248816
0.025228
0.0255026
0.0253549
0.0252778
0.025116
0.025025
0.0252584
0.0254373
0.0253761
0.0253107
0.0250333
0.0250582
0.0252941
0.0254336
0.0251386
0.0252093
0.0254018
0.0252139
0.0252282
0.0253843
0.0251698
0.0253421
0.0253537
0.0252568
0.0252176
0.0253515
0.0253238
0.0253488
0.0251682
0.025209
0.0251812
0.0252759
0.025211
0.025246
0.025337
0.0251999
0.0251888
0.0247449
0.0227058
0.0244647
0.0251054
0.0248889
0.0252865
0.0251036
0.0251218
0.0252328
0.0253368
0.0251988
0.0253106
0.0252598
0.02522
0.0243627
0.02433
0.024957
0.0235959
0.0238645
0.0256811
0.0244936
0.0256674
0.0251836
0.0252781
0.0254627
0.0254889
0.025192
0.0254089
0.0252608
0.0250013
0.0253503
0.0250329
0.0253186
0.0250473
0.0253771
0.0254438
0.0253106
0.0250894
0.0252218
0.0251675
0.0254169
0.0253009
0.0251728
0.0251202
0.0253432
0.0253669
0.0253219
0.0253484
0.0253435
0.0253009
0.0253154
0.0252686
0.0252631
0.0253395
0.0253203
0.0251739
0.0252378
0.0274704
0.0265396
0.0238383
0.024577
0.0260819
0.0247662
0.0255718
0.0256483
0.0253414
0.025441
0.0251351
0.025229
0.0252214
0.0252514
0.0252618
0.0252689
0.0252738
0.0252248
0.0252618
0.0252804
0.025237
0.0252689
0.0252869
0.0252862
0.0252823
0.0252486
0.0252848
0.0252427
0.0252567
0.0252831
0.025284
0.0252504
0.0252625
0.0252508
0.0252733
0.0252502
0.0252473
0.0252795
0.0252792
0.0252599
0.0252637
0.0252601
0.0252521
0.0227671
0.0256732
0.0251298
0.0256975
0.0255346
0.0254117
0.0252117
0.0252868
0.0255681
0.0250861
0.0249577
0.0254821
0.0253399
0.02502
0.0250291
0.0250499
0.025348
0.0250748
0.025116
0.0251333
0.0252012
0.0250999
0.0252634
0.0253298
0.0253659
0.0253984
0.0251517
0.025139
0.0253488
0.0253189
0.0251939
0.0251879
0.0251769
0.0252424
0.0253214
0.0253097
0.0253435
0.0252533
0.0252091
0.0252264
0.0251886
0.0252622
0.0315537
0.0253097
0.025305
0.0252147
0.0251156
0.0254928
0.0253846
0.0249033
0.0249273
0.0252119
0.0251488
0.0250317
0.0250933
0.0250733
0.0245318
0.0261933
0.0283037
0.0255813
0.0248047
0.0249074
0.0251724
0.0255023
0.0252894
0.0257362
0.0251456
0.0248611
0.0252881
0.0249258
0.0251762
0.0251178
0.0250885
0.0253395
0.0254973
0.0250656
0.0251801
0.0254566
0.0253705
0.0254536
0.0254537
0.0250764
0.0254258
0.0253534
0.0251082
0.0253269
0.0252909
0.0251225
0.0251444
0.0253893
0.0251426
0.0253437
0.0251494
0.0253929
0.02527
0.0252745
0.0251609
0.025243
0.025299
0.0253773
0.0251582
0.0253392
0.0251688
0.0253614
0.0252644
0.0252607
0.0253305
0.0251949
0.0251766
0.0251864
0.0252849
0.0253425
0.025344
0.0251887
0.0252933
0.0209452
0.0271871
0.0248882
0.0270618
0.0236715
0.0241503
0.0251556
0.02468
0.0249943
0.0254266
0.0249819
0.0253234
0.0252757
0.0253958
0.0253883
0.0252776
0.0253708
0.0253471
0.0251149
0.0251273
0.0251478
0.0252211
0.0251684
0.0251586
0.0253088
0.0251765
0.0251724
0.0252242
0.0181711
0.0258103
0.0238455
0.0240159
0.0249324
0.0251669
0.0251832
0.0249568
0.0250236
0.025033
0.025366
0.025067
0.0250926
0.0200976
0.0270604
0.0246401
0.0255188
0.0252947
0.0253885
0.0252433
0.0253617
0.0253452
0.0252543
0.0253474
0.0253305
0.0253185
0.0275007
0.0245604
0.0241793
0.025564
0.0263568
0.0257316
0.0254062
0.0258643
0.0251596
0.0257643
0.0257085
0.0256953
0.0256357
0.0251066
0.025308
0.0254582
0.0249805
0.025388
0.0251037
0.0251999
0.02514
0.0252418
0.025474
0.025069
0.0254344
0.0254454
0.0252672
0.0253418
0.0251657
0.0253402
0.0254329
0.0251113
0.025296
0.0251194
0.0253828
0.0254059
0.0254032
0.025148
0.0253372
0.0252647
0.0252499
0.0251449
0.0253469
0.025383
0.0251886
0.0252519
0.0253711
0.0253688
0.0253196
0.0252603
0.0252715
0.0253624
0.0251768
0.025339
0.0251871
0.0252917
0.0253423
0.0252962
0.0253324
0.0253337
0.0234213
0.0257922
0.0221566
0.0251709
0.0256771
0.0255603
0.0253187
0.0253128
0.0252294
0.0250647
0.025318
0.0252478
0.0252965
0.0252685
0.0251777
0.0252362
0.0252201
0.0252032
0.0252021
0.0252866
0.0252702
0.0252612
0.0252174
0.025287
0.0252465
0.0252736
0.0252271
0.0252274
0.025229
0.0192491
0.0224261
0.0237778
0.0250382
0.0242908
0.0243337
0.024375
0.0250331
0.0246505
0.0247371
0.0247703
0.0247669
0.0249412
0.0249482
0.0249539
0.0221057
0.0250217
0.0246975
0.0254148
0.0248788
0.0250716
0.0249847
0.0253987
0.0253427
0.0250643
0.025082
0.0251283
0.025155
0.0257005
0.0225912
0.0231436
0.0259649
0.0255471
0.0250963
0.0249679
0.0250117
0.0254275
0.0253175
0.0250781
0.025485
0.0254428
0.0254288
0.0254178
0.0250612
0.02506
0.0250942
0.0251004
0.0252763
0.0252308
0.0251797
0.0253719
0.0252654
0.025358
0.0251889
0.0251609
0.0253589
0.0253201
0.0226776
0.021712
0.0271327
0.0247795
0.0258015
0.025099
0.0252814
0.0254652
0.0252179
0.0253955
0.025301
0.0252561
0.0253618
0.0252779
0.0251778
0.0252068
0.0253418
0.0252426
0.0252278
0.0253352
0.0253297
0.025212
0.0252283
0.0253057
0.02522
0.0252404
0.0291703
0.02757
0.0252345
0.0245134
0.0253287
0.02525
0.0251824
0.0251733
0.0250636
0.0252353
0.0252992
0.0252227
0.0251518
0.0253142
0.0252754
0.0283474
0.0266887
0.0267063
0.0251571
0.0248387
0.0251927
0.024638
0.0251779
0.0258288
0.0256362
0.0252359
0.0250336
0.0253451
0.0252839
0.0256025
0.0250918
0.0255018
0.0251535
0.0250791
0.0251532
0.0255144
0.0254221
0.0250521
0.0254418
0.0253784
0.0250623
0.0254616
0.0253433
0.0254307
0.0254409
0.0254371
0.025436
0.0252438
0.0251141
0.0251068
0.0252062
0.0251156
0.02513
0.0251711
0.0251315
0.0252472
0.0253526
0.0252721
0.0251886
0.0253862
0.0251625
0.0253599
0.0253764
0.0252747
0.0252022
0.0253694
0.0251738
0.0253553
0.0251769
0.0251751
0.0252756
0.0252626
0.0253318
0.000213725
0.0286063
0.0197774
0.024716
0.0251816
0.0251914
0.0251306
0.0245092
0.0248427
0.0247942
0.0253742
0.0253654
0.0250619
0.0250063
0.0254066
0.0237847
0.0267827
0.0232621
0.0245574
0.0252304
0.0242105
0.024364
0.0254421
0.0252743
0.0250578
0.0252696
0.0254092
0.0255416
0.0249495
0.0249951
0.0254857
0.0251703
0.0250612
0.0254148
0.0253916
0.0250895
0.0250722
0.0251064
0.025087
0.0253755
0.0251765
0.0252289
0.025335
0.0251255
0.0253031
0.0253709
0.0251347
0.0251974
0.0251484
0.0253634
0.0252746
0.0252911
0.0251623
0.0252847
0.0252517
0.0253339
0.0252168
0.025281
0.0251963
0.0241638
0.0234074
0.0237069
0.0245613
0.0253781
0.0244749
0.025411
0.0252592
0.02558
0.0252656
0.025584
0.0252443
0.0253799
0.0254557
0.0251942
0.0253543
0.0250037
0.025207
0.0251449
0.0254627
0.0250372
0.0250639
0.0250612
0.0253978
0.0250703
0.0251293
0.0251995
0.0254343
0.0252235
0.0251082
0.0254177
0.0253824
0.025114
0.0252167
0.0253136
0.0251488
0.0251841
0.0251656
0.0253247
0.025325
0.0251543
0.0253122
