0.0270715
0.0312749
0.0360004
0.0342531
0.0329475
0.0325783
0.0328189
0.0326601
0.0327034
0.0325395
0.0326432
0.032637
0.0326031
0.0326265
0.0339008
0.0353007
0.0339071
0.0332645
0.0339247
0.0296414
0.0298928
0.0349173
0.0328191
0.0339338
0.0328791
0.0341841
0.0326372
0.0329451
0.0338009
0.0325972
0.0314763
0.0315734
0.0315392
0.0336356
0.0331294
0.0318066
0.0318774
0.0324233
0.0327403
0.0318754
0.0324319
0.0318226
0.0330114
0.0322768
0.0333178
0.0333296
0.0326821
0.0320615
0.0323296
0.0322301
0.0330001
0.0331705
0.0331505
0.0331742
0.0323619
0.0325562
0.0325369
0.0322781
0.0330063
0.0321161
0.0321438
0.0324254
0.0326714
0.0330424
0.0321978
0.0329871
0.0324116
0.0326034
0.0326035
0.0326601
0.0327415
0.0329106
0.0327795
0.0367872
0.0329605
0.0298806
0.0335519
0.0339447
0.0310784
0.0313064
0.0334186
0.0333655
0.0335091
0.0328234
0.032306
0.0328523
0.0323635
0.0325639
0.0327982
0.0326008
0.0326184
0.0326868
0.0325738
0.0326887
0.0326472
0.0325552
0.0326109
0.032601
0.0325856
0.0326562
0.0326532
0.0326604
0.0326608
0.0326603
0.0326572
0.0326594
0.0325838
0.0325927
0.0325788
0.0326571
0.0325718
0.0325756
0.0326563
0.0325755
0.0326046
0.0326137
0.0325995
0.0326122
0.032629
0.0325941
0.0325885
0.0325855
0.0325999
0.0326442
0.0326406
0.0326432
0.0326328
0.0326158
0.0325875
0.0326118
0.0270924
0.0314392
0.0321007
0.03081
0.0335803
0.0320659
0.0317646
0.0324769
0.032197
0.0323948
0.0325327
0.0329149
0.0324355
0.0324749
0.0325221
0.0327062
0.0325542
0.032697
0.0326422
0.0326278
0.032641
0.0325431
0.0325914
0.0326019
0.0326375
0.032639
0.0326602
0.0326396
0.0326607
0.0326475
0.0325664
0.0326475
0.0325861
0.0326473
0.032592
0.0326577
0.0326533
0.0325823
0.0326404
0.0326307
0.0326191
0.032642
0.0326307
0.0263602
0.0305403
0.0312716
0.0310223
0.0331113
0.0326161
0.0311792
0.0330143
0.032589
0.0318786
0.0326194
0.0327225
0.0326854
0.0328083
0.0329148
0.0325828
0.032768
0.0324652
0.0326229
0.0326536
0.0326085
0.0328517
0.0327292
0.0327023
0.0325844
0.0325748
0.0324424
0.0325514
0.0324369
0.0325085
0.0327885
0.0325054
0.0327324
0.0325022
0.0327114
0.0324547
0.0324736
0.0327391
0.0325272
0.0325662
0.0326106
0.0325202
0.0325651
0.0349986
0.0334968
0.034313
0.0339994
0.0335015
0.0327431
0.0325476
0.0329447
0.0319304
0.0316966
0.0323483
0.0325662
0.0323825
0.0327655
0.0325253
0.033077
0.0321406
0.032271
0.0324336
0.0329953
0.0322167
0.0327562
0.0323454
0.0322652
0.0323259
0.0328151
0.032346
0.0389923
0.0386858
0.0318222
0.033764
0.0343914
0.0326804
0.03305
0.0327176
0.0320731
0.0332757
0.0334443
0.0326041
0.0335042
0.032381
0.0329
0.0317204
0.032237
0.0325321
0.0321191
0.0328917
0.0320467
0.0325385
0.0320043
0.0326004
0.0331845
0.0322323
0.0329225
0.0327263
0.0328439
0.0330443
0.0321785
0.0328691
0.0324479
0.0321879
0.0329139
0.0330317
0.0330057
0.0322701
0.0327895
0.0329083
0.032474
0.0323723
0.0324427
0.0369759
0.036776
0.0357984
0.0354025
0.0320206
0.0326047
0.0321375
0.0317309
0.0328196
0.0323036
0.0325606
0.0326931
0.0326139
0.0327167
0.0323671
0.0323859
0.0326005
0.0326911
0.0324587
0.032492
0.0327228
0.0326259
0.0326314
0.032658
0.0325073
0.0325445
0.032678
0.0325548
0.0325326
0.0325714
0.0326294
0.0326051
0.0326285
0.0326334
0.0326568
0.0325714
0.0325498
0.0325501
0.0326738
0.0325571
0.0326496
0.0326167
0.0326142
0.0326506
0.0325918
0.0362325
0.0364205
0.0297043
0.0345534
0.0342159
0.0298025
0.0350571
0.032267
0.0318586
0.0306263
0.0309549
0.0326035
0.0322293
0.0310301
0.0310409
0.0324739
0.0333813
0.0337903
0.032808
0.0330427
0.0327271
0.032684
0.032073
0.0335468
0.0335213
0.0335121
0.0328896
0.0322517
0.0318474
0.0327955
0.0319017
0.0318843
0.0327491
0.0332623
0.0328015
0.0332576
0.0325441
0.0322561
0.0319876
0.03233
0.0332149
0.0327482
0.0326724
0.0330166
0.0331224
0.0320936
0.0327234
0.0325254
0.0326425
0.0322168
0.0323404
0.032899
0.0330139
0.0325901
0.0330175
0.0328894
0.0323531
0.0324874
0.032981
0.0324279
0.0371511
0.0237626
0.0345739
0.0353184
0.0340645
0.0316813
0.0308683
0.0327837
0.0326145
0.0337492
0.0312525
0.0335231
0.0323198
0.0320322
0.0323714
0.0372245
0.03494
0.0278221
0.0342419
0.0319129
0.0316344
0.0328765
0.032898
0.0322355
0.0326329
0.0326284
0.0326515
0.0325625
0.0326223
0.0327079
0.0324688
0.0325919
0.0327027
0.0326751
0.0326917
0.0325256
0.032684
0.0326867
0.0325735
0.0325706
0.0326182
0.0326539
0.0325646
0.032663
0.0292148
0.036567
0.0317176
0.0299344
0.0319128
0.0296903
0.0328834
0.0325394
0.0327558
0.0346804
0.032714
0.0327001
0.032625
0.0315484
0.0341289
0.0313288
0.0317827
0.0337152
0.0328356
0.0316937
0.0320168
0.0335496
0.0317201
0.0316253
0.0333174
0.0317708
0.0334073
0.0334669
0.0325308
0.0318148
0.0323667
0.0331294
0.0320677
0.0333277
0.0325727
0.0319227
0.0330466
0.0332617
0.0319724
0.0325213
0.0332251
0.0331791
0.0321394
0.0329903
0.0320846
0.0323849
0.0329068
0.0321165
0.033084
0.0321706
0.032776
0.0322606
0.032846
0.0324722
0.0328613
0.0329288
0.0328558
0.0326075
0.032529
0.0327307
0.0386804
0.0366307
0.0295793
0.0310158
0.033661
0.0315888
0.0342921
0.0329213
0.0336026
0.032835
0.0334444
0.0325461
0.0319853
0.0322341
0.0330671
0.0321063
0.0319521
0.0330792
0.0320153
0.0322408
0.0328141
0.0321051
0.0329218
0.0322559
0.0329635
0.0321691
0.0322152
0.0328783
0.0325439
0.0322385
0.0322649
0.0329184
0.0326882
0.0323097
0.0323263
0.0323025
0.0325014
0.0324605
0.0328244
0.0328075
0.0309264
0.0323682
0.0319883
0.0309471
0.0322613
0.0328597
0.0329892
0.0321581
0.032559
0.0328458
0.0324648
0.0326044
0.0327127
0.0324426
0.035894
0.0365919
0.0357336
0.036369
0.0321018
0.0326208
0.0329837
0.0322165
0.0319939
0.0326698
0.0331889
0.03264
0.0327253
0.0325822
0.0316094
0.0317088
0.0321203
0.0332619
0.0318314
0.0319175
0.0332949
0.0325889
0.0326528
0.032886
0.0320119
0.032145
0.0330267
0.0322046
0.0321055
0.0323037
0.0326846
0.0325255
0.0326812
0.032717
0.0328743
0.0323254
0.0322145
0.0322162
0.0329771
0.032257
0.0328265
0.032614
0.0325984
0.032832
0.0324582
0.0357306
0.0374694
0.0283446
0.0291276
0.0332553
0.0339974
0.0323453
0.0338103
0.0324965
0.0326621
0.0324524
0.0326153
0.0326551
0.0325108
0.0328342
0.0324756
0.0324946
0.0327382
0.0324871
0.0326927
0.0326911
0.0326867
0.0326925
0.0326893
0.0325931
0.0326916
0.0325938
0.0325575
0.0326899
0.0326769
0.0325462
0.0325496
0.0326144
0.0326782
0.0326448
0.0326387
0.032551
0.0325681
0.0325759
0.0326714
0.0325819
0.0325919
0.0326655
0.0325909
0.0326465
0.0295812
0.0385566
0.0350528
0.0334619
0.033716
0.030277
0.0342973
0.0321544
0.0327393
0.0323132
0.0326527
0.033483
0.0334744
0.0327176
0.0328034
0.0318188
0.0319942
0.0327713
0.033192
0.0325634
0.0325349
0.0329501
0.0320773
0.032183
0.0330847
0.0329899
0.0325244
0.0326638
0.0325897
0.0322635
0.0324629
0.0323714
0.032904
0.0326693
0.032481
0.0323685
0.03233
0.032887
0.0328798
0.0326094
0.0171847
0.0362254
0.0315646
0.03213
0.0320478
0.0324122
0.0311944
0.0315233
0.0319827
0.0330854
0.0320269
0.0321187
0.0329551
0.0353204
0.0422492
0.0375595
0.0327104
0.0315481
0.0327395
0.0336463
0.0327086
0.032826
0.0322464
0.0326141
0.0326851
0.0326688
0.0326346
0.0326895
0.0319047
0.0329388
0.0318553
0.033411
0.0318336
0.0320994
0.0327134
0.0319408
0.0326869
0.0324755
0.0323203
0.0330189
0.0330932
0.0326541
0.0331225
0.0331358
0.0323964
0.0322341
0.0329932
0.0322681
0.0322985
0.0330796
0.0330631
0.0322211
0.0329887
0.0321965
0.0329213
0.0330015
0.0322549
0.0329688
0.0325819
0.0329546
0.0322828
0.0328853
0.0327703
0.0323034
0.0325313
0.0323371
0.0325103
0.0323456
0.0324441
0.0323815
0.0324344
0.032676
0.0324063
0.0380582
0.0333073
0.0254654
0.032303
0.0326785
0.0327304
0.0325755
0.0328843
0.0318748
0.0327269
0.0322761
0.0321273
0.0326127
0.0329601
0.0330804
0.0321363
0.0320856
0.0329898
0.032151
0.032932
0.0322658
0.0322404
0.0323298
0.0328435
0.0326426
0.032316
0.0323217
0.0323512
0.0327545
0.0323807
0.0309074
0.0331101
0.032504
0.0301486
0.0317236
0.0332032
0.0334591
0.0317109
0.0324354
0.033118
0.0322682
0.0325791
0.0328205
0.0322399
0.0417023
0.0284899
0.0331551
0.034176
0.0320442
0.0330383
0.0321503
0.0324353
0.0326629
0.0323834
0.0324262
0.0327252
0.0324795
0.0343605
0.0319538
0.0319913
0.0314917
0.030504
0.031859
0.0346713
0.0329455
0.0319833
0.030961
0.0326295
0.0326397
0.0337243
0.0333715
0.0336951
0.0326357
0.0333905
0.0334215
0.0317866
0.032628
0.0318695
0.0332571
0.0321362
0.0321789
0.0320866
0.0331445
0.0320694
0.0332141
0.0331881
0.0321294
0.0321008
0.0326349
0.0324981
0.0328363
0.0321831
0.0330724
0.0322037
0.0323245
0.0330526
0.0326634
0.0330184
0.0330273
0.0327908
0.0329105
0.0325983
0.0322447
0.0325467
0.0329157
0.0329514
0.0328826
0.0322929
0.0324163
0.0323543
0.0327662
0.0325092
0.032561
0.0328561
0.032486
0.0328833
0.0328509
0.0364206
0.0388356
0.0285026
0.0351387
0.0321107
0.0329687
0.0332675
0.0329665
0.0328541
0.032676
0.0328589
0.0328067
0.032776
0.0325777
0.032797
0.0323341
0.0324864
0.0327694
0.0324704
0.0324538
0.0324677
0.0324559
0.0326052
0.0324664
0.0325523
0.0326039
0.0327129
0.0326737
0.0326593
0.0409185
0.0359734
0.0295171
0.0313759
0.0346317
0.0306524
0.0308757
0.0311301
0.0311211
0.0331897
0.0329672
0.0335172
0.0316167
0.0408077
0.0299386
0.0332782
0.0338446
0.0332729
0.0333017
0.0319374
0.0325273
0.0328581
0.0320199
0.0328062
0.0324307
0.0378623
0.0273225
0.0311391
0.0344252
0.0328799
0.0325529
0.032732
0.032546
0.0323631
0.0327723
0.0331285
0.03334
0.0319825
0.0321421
0.0321667
0.0325495
0.0331502
0.0325488
0.0321198
0.0330026
0.0329437
0.0327684
0.0321796
0.0323484
0.032279
0.0323366
0.0329671
0.0328804
0.0323128
0.0283313
0.0180246
0.0369508
0.0358213
0.0316355
0.0339127
0.0322837
0.0321261
0.0328155
0.0330063
0.0329078
0.0328422
0.0329039
0.0322503
0.0323027
0.0325269
0.0329033
0.0326493
0.0327048
0.0327413
0.0328555
0.0325442
0.0325637
0.0325992
0.0324427
0.0326854
0.0327107
0.0324457
0.0327773
0.0436423
0.0274419
0.0321721
0.0322307
0.0321877
0.0326458
0.0321424
0.0324094
0.0323072
0.032857
0.0323643
0.0371089
0.0430999
0.0329337
0.0310298
0.0328416
0.0333928
0.0348156
0.0324069
0.0307513
0.0329502
0.0326692
0.0327176
0.032101
0.0333153
0.033002
0.0335781
0.0316408
0.0317257
0.0333861
0.0318108
0.033401
0.0329255
0.0322244
0.0332954
0.0319623
0.0321
0.0319551
0.033153
0.0330589
0.0331776
0.0325099
0.0321728
0.032186
0.0331037
0.0331029
0.0321097
0.032307
0.0326684
0.033058
0.0328811
0.0324889
0.0330437
0.0322692
0.0329445
0.0329774
0.0326287
0.0329729
0.0327547
0.0328504
0.0326396
0.0323181
0.0329005
0.0327437
0.03255
0.0329152
0.0326678
0.032615
0.0328755
0.0321613
0.0348246
0.0311144
0.0340359
0.0300781
0.030509
0.0337669
0.0319077
0.033428
0.033093
0.0331706
0.0326983
0.0330786
0.0256203
0.0322527
0.0272779
0.0314193
0.0297761
0.0345373
0.0331277
0.0339135
0.0320751
0.0329897
0.0327612
0.0320636
0.0316149
0.0327207
0.0330296
0.0321485
0.0318874
0.0330778
0.0332136
0.0330989
0.0330955
0.0331238
0.0325437
0.0326298
0.0324911
0.0321341
0.0328884
0.0321927
0.0326469
0.0328177
0.0322838
0.0329469
0.0328763
0.0322542
0.0325815
0.0322758
0.032621
0.0323079
0.0326869
0.0324796
0.0328798
0.0323373
0.0382711
0.0235233
0.0346786
0.0302995
0.0329007
0.0336145
0.0322027
0.032794
0.0309237
0.0313194
0.0321901
0.032384
0.0327871
0.0316873
0.0336029
0.0322526
0.0327629
0.0334232
0.0325284
0.0327823
0.0318149
0.0333287
0.031892
0.0319146
0.0319771
0.032438
0.0330832
0.0323259
0.0323506
0.0325523
0.0325242
0.0321059
0.0330914
0.0327832
0.0330954
0.0321729
0.0322359
0.0326984
0.0324467
0.0322404
0.0329806
0.0329096
0.0323296
