0.0191086
0.0274488
0.0289537
0.0290099
0.0287027
0.0285839
0.0286293
0.0287032
0.0286436
0.0286512
0.0286673
0.0286568
0.028659
0.0298823
0.0285155
0.0283997
0.0290529
0.0287786
0.0288531
0.028698
0.0287015
0.0288434
0.0287125
0.0288458
0.0287177
0.0287762
0.0286783
0.0287673
0.0286715
0.0287052
0.0286698
0.0287544
0.0287423
0.028744
0.0286763
0.0287353
0.0286245
0.0286392
0.0287285
0.0286511
0.0286174
0.0287252
0.028665
0.0286581
0.0287165
0.0286666
0.0286169
0.0286966
0.0287039
0.0286317
0.0286921
0.0286959
0.0287016
0.0286337
0.0286247
0.0287004
0.0286286
0.0286296
0.0286394
0.0286504
0.0286651
0.0286916
0.0286937
0.0286938
0.02869
0.0286903
0.0286878
0.0286429
0.0286414
0.0286854
0.028687
0.0286861
0.0284322
0.0289727
0.0290688
0.02866
0.0286149
0.0288075
0.0286985
0.0286232
0.0286349
0.0287067
0.0287082
0.0286608
0.0286533
0.0286499
0.0286592
0.0286708
0.0286484
0.0286633
0.0286659
0.0286655
0.0286568
0.0286575
0.028657
0.0286546
0.0286564
0.0286571
0.0286555
0.0286631
0.028661
0.0286557
0.0286565
0.0286613
0.0286612
0.0286561
0.0286611
0.0286564
0.0286562
0.0286609
0.0286562
0.0286592
0.0286601
0.0286599
0.0286601
0.0286566
0.0286566
0.0286614
0.0286587
0.0286609
0.028657
0.0286568
0.0286576
0.0286572
0.0286586
0.0286605
0.0286574
0.0286609
0.0286604
0.02866
0.0289187
0.0285098
0.0284528
0.0285285
0.0286358
0.0286605
0.0286534
0.0287078
0.0286664
0.028658
0.0286562
0.0286321
0.0286597
0.02865
0.0286503
0.0286602
0.0286631
0.0286647
0.0286558
0.0286646
0.0286576
0.0286555
0.0286641
0.028664
0.0286581
0.0286556
0.028656
0.0286635
0.0286629
0.0286584
0.0286611
0.0286627
0.0286615
0.0286563
0.0286595
0.0286614
0.0286569
0.0286587
0.0286565
0.0286604
0.0286617
0.0286613
0.0286602
0.028657
0.0289173
0.0285096
0.0284528
0.0284869
0.0285873
0.0286598
0.0286893
0.0286892
0.028701
0.028623
0.0286548
0.0286438
0.0286279
0.0286744
0.0286685
0.0286533
0.028649
0.0286416
0.0286788
0.028641
0.0286585
0.0286755
0.0286428
0.0286432
0.0286597
0.0286744
0.0286708
0.0286447
0.028646
0.0286598
0.0286509
0.0286468
0.0286498
0.0286699
0.0286565
0.0286504
0.0286672
0.0286598
0.0286687
0.0286537
0.0286498
0.028651
0.0286545
0.0286666
0.0252572
0.0265467
0.0291053
0.0289759
0.0284577
0.0287362
0.0285621
0.0285702
0.0287168
0.0286126
0.0286104
0.0285911
0.0287031
0.028602
0.0286098
0.0286062
0.0286107
0.0286111
0.0286182
0.0286158
0.0286223
0.0286188
0.028635
0.0286291
0.0286299
0.0286395
0.0286658
0.0283543
0.0288684
0.0282644
0.0286441
0.0287564
0.0285456
0.0286749
0.0285718
0.0286462
0.0286642
0.0285966
0.0285641
0.0286731
0.0286542
0.0286026
0.0286354
0.0286454
0.0286011
0.0286199
0.0286265
0.0286127
0.0286786
0.0286496
0.0286821
0.0286182
0.0286183
0.0286182
0.0286698
0.0286909
0.028624
0.0286623
0.0286441
0.0286732
0.0286898
0.028646
0.028634
0.0286578
0.0286795
0.0286794
0.0286342
0.028683
0.02867
0.0286368
0.0286685
0.0288109
0.0278014
0.0289974
0.0283869
0.0286787
0.0284908
0.0285442
0.0285703
0.0285773
0.0286331
0.0286783
0.0286649
0.0286526
0.0286468
0.0286468
0.0286609
0.0286528
0.0286505
0.0286556
0.0286652
0.0286525
0.0286672
0.0286563
0.0286568
0.0286525
0.0286611
0.0286561
0.0286537
0.0286555
0.0286563
0.0286587
0.0286608
0.028664
0.0286545
0.0286606
0.0286558
0.0286565
0.0286605
0.0286599
0.0286551
0.0286607
0.0286597
0.0295972
0.0289467
0.0290357
0.0286077
0.028464
0.0287969
0.0289999
0.0287363
0.0286415
0.0286626
0.0287623
0.028843
0.0287583
0.0287066
0.0287924
0.0287681
0.0286243
0.0287587
0.0286042
0.0286316
0.0286492
0.0285943
0.0286384
0.028734
0.0287247
0.0286812
0.0286854
0.0286113
0.028667
0.0287236
0.0286281
0.0287184
0.0287109
0.0287143
0.0286245
0.0286213
0.0286825
0.0287089
0.0286483
0.0287041
0.0286594
0.0287036
0.0286792
0.0286344
0.0286357
0.0286257
0.0286355
0.0286492
0.0286716
0.028649
0.0286921
0.0286924
0.0286315
0.0286802
0.0286428
0.0286626
0.0286428
0.0286362
0.0286864
0.0235729
0.026712
0.0275884
0.0279767
0.0283336
0.0282022
0.0284273
0.0284205
0.0283006
0.0283525
0.0283799
0.0284034
0.0284321
0.0285775
0.0284817
0.0284847
0.0293593
0.0292199
0.0285127
0.0286651
0.0286634
0.0287205
0.028666
0.0286755
0.0286147
0.028648
0.0286369
0.0286432
0.0286523
0.0286492
0.0286576
0.0286493
0.0286507
0.0286523
0.0286602
0.0286603
0.0286525
0.0286536
0.0286565
0.0286515
0.0286612
0.0286568
0.0288439
0.0284772
0.0286688
0.0289034
0.0288481
0.0288313
0.0287073
0.0288
0.0286391
0.0286501
0.0285942
0.0287582
0.0286159
0.0286591
0.0285749
0.028578
0.0286956
0.0286722
0.028744
0.0287166
0.0287359
0.0287316
0.0287317
0.0286922
0.0286502
0.0287181
0.0286484
0.0286795
0.0286073
0.0286303
0.0287134
0.0286145
0.0286567
0.0287065
0.0287063
0.0287038
0.02863
0.0286212
0.0286353
0.0286665
0.0286999
0.0286213
0.0286349
0.0286957
0.0286823
0.0286698
0.028693
0.0286333
0.0286606
0.0286296
0.0286896
0.028653
0.0286532
0.0286429
0.0286842
0.0286487
0.0286593
0.028639
0.0291333
0.0278408
0.0279511
0.0287863
0.0288553
0.0282164
0.0287002
0.0285952
0.0287059
0.0286044
0.0287134
0.0285528
0.0286407
0.0285843
0.0285831
0.0285983
0.0286084
0.0286758
0.0286507
0.0286216
0.028621
0.0286146
0.0286515
0.0286836
0.0286417
0.0286565
0.0286729
0.0286395
0.0286857
0.028662
0.0286286
0.028647
0.0286361
0.0286337
0.0286566
0.0286757
0.0286459
0.028658
0.0286366
0.0286382
0.0286466
0.0258098
0.0279715
0.0283023
0.0285038
0.0285815
0.0285816
0.0285875
0.0286261
0.028652
0.0286046
0.0286196
0.0286393
0.028653
0.0287465
0.0276204
0.0289796
0.0283834
0.0286635
0.0283817
0.0284561
0.0286155
0.0284982
0.0286323
0.0286173
0.0287167
0.0286435
0.0285835
0.0285883
0.0286931
0.0286031
0.0286001
0.0286325
0.0286992
0.0286098
0.0287029
0.0286461
0.0286493
0.0286141
0.0286767
0.0286422
0.0286226
0.0286372
0.0286427
0.028659
0.0286717
0.0286883
0.0286304
0.0286702
0.0286383
0.0286437
0.0286687
0.0286653
0.0286341
0.0286698
0.0286635
0.0270705
0.0286119
0.0275997
0.0281361
0.0284744
0.0285986
0.0285124
0.0285481
0.0286049
0.0286807
0.0287181
0.0286275
0.0286977
0.0286262
0.028692
0.028673
0.0286464
0.0286479
0.028659
0.0286696
0.0286653
0.0286527
0.0286702
0.0286699
0.0286691
0.0286678
0.0286676
0.0286545
0.0286658
0.0286671
0.0286636
0.028657
0.0286614
0.0286659
0.0286632
0.0286627
0.0286628
0.0286641
0.0286643
0.0286643
0.0286562
0.0286617
0.0286623
0.0286633
0.028659
0.028704
0.0289448
0.0284034
0.0285228
0.0284033
0.0287782
0.0285036
0.0286121
0.0286194
0.0285642
0.0286116
0.0286818
0.0286099
0.0286384
0.0286036
0.0286183
0.0286171
0.028686
0.028621
0.0286179
0.0286679
0.0286431
0.0286879
0.0286908
0.0286234
0.0286234
0.0286279
0.0286816
0.0286276
0.0286578
0.0286606
0.0286499
0.0286331
0.0286341
0.0286524
0.0286356
0.0286402
0.028637
0.0286391
0.0286405
0.0286593
0.0296865
0.0318368
0.0289463
0.0272534
0.0283568
0.0284242
0.0284098
0.0283666
0.0284242
0.0284198
0.0285957
0.0285239
0.0284774
0.0284943
0.0285196
0.0308858
0.0284734
0.0288974
0.0294425
0.0286358
0.028945
0.0285637
0.0285614
0.0286705
0.0287697
0.0286384
0.0286925
0.0286605
0.0286891
0.0286771
0.0287225
0.0287356
0.0286874
0.0286411
0.0286927
0.0286302
0.0287079
0.0286339
0.0287156
0.028642
0.028673
0.0286999
0.0287086
0.028622
0.0287047
0.0286819
0.0286996
0.0286995
0.0286595
0.0286941
0.0286938
0.0286903
0.0286355
0.0286951
0.0286877
0.028633
0.0286751
0.0286903
0.0286862
0.0286889
0.0286626
0.0286844
0.028685
0.0286394
0.0286814
0.0286646
0.0286811
0.02867
0.0286698
0.028678
0.0286769
0.0286472
0.029466
0.0224015
0.0264415
0.029246
0.0284231
0.0290735
0.0284631
0.0284645
0.0284365
0.0285128
0.0285626
0.0285718
0.0285539
0.0285565
0.0285821
0.0285772
0.028611
0.0286116
0.0285859
0.0286667
0.0286538
0.0286719
0.0285943
0.0286315
0.0286285
0.0286473
0.0286269
0.0286153
0.0286105
0.0254344
0.027997
0.028151
0.0284154
0.0284402
0.0284581
0.028479
0.028582
0.0286507
0.0285321
0.028569
0.0286193
0.0286469
0.0315894
0.0244121
0.0275365
0.0284361
0.0287498
0.0287326
0.0286801
0.0287081
0.0287377
0.0286572
0.0287213
0.0287002
0.0286777
0.0307028
0.0286214
0.0286375
0.028923
0.0287902
0.028517
0.0289096
0.0287101
0.0286306
0.0288101
0.0288268
0.0286564
0.0286594
0.028687
0.0287511
0.0286222
0.0287322
0.0286165
0.0287251
0.0287168
0.0286451
0.0286536
0.0286683
0.028713
0.0286594
0.0287104
0.0286995
0.0287085
0.0287086
0.0286879
0.0287022
0.0287035
0.028683
0.0286858
0.0286948
0.0286907
0.028632
0.0286941
0.0286924
0.0286497
0.0286922
0.028658
0.0286711
0.0286813
0.0286882
0.0286685
0.0286366
0.0286719
0.0286826
0.0286809
0.0286493
0.0286812
0.0286818
0.0286608
0.0286806
0.0286584
0.0286737
0.0286542
0.0302854
0.030104
0.0267797
0.0274688
0.0289239
0.0283686
0.0283363
0.0286748
0.0285231
0.028588
0.0286524
0.0286741
0.028631
0.0286346
0.0286338
0.0286332
0.0286352
0.0286391
0.0286478
0.0286394
0.0286402
0.0286577
0.0286412
0.0286416
0.0286448
0.0286511
0.0250646
0.0274162
0.0279009
0.0282986
0.0283354
0.0280718
0.0283764
0.0285211
0.0284367
0.0282884
0.0283317
0.0285321
0.0284651
0.0285368
0.0190835
0.0306057
0.0290117
0.0281634
0.0285552
0.0285833
0.0285468
0.0285638
0.0285278
0.0286826
0.02858
0.0285739
0.0288243
0.0271306
0.0273957
0.0287013
0.0285712
0.028291
0.0286749
0.0284792
0.0285978
0.0286003
0.0285828
0.0285673
0.0286881
0.0285845
0.0286
0.028645
0.0286046
0.0286025
0.0286419
0.0286051
0.028609
0.0286785
0.028614
0.0286332
0.0286633
0.0286291
0.0286236
0.0286314
0.0264912
0.0288147
0.0258293
0.0297754
0.0286546
0.0286706
0.0285897
0.0287376
0.0286769
0.0287038
0.0286009
0.0287664
0.028687
0.028735
0.0287331
0.0287341
0.0286958
0.0287027
0.0286524
0.0287109
0.028698
0.0287036
0.0286998
0.0286806
0.0286955
0.0286945
0.0286753
0.0286918
0.028678
0.0286764
0.0298573
0.0259231
0.0289161
0.028509
0.0286264
0.0285544
0.0285784
0.0285487
0.0286129
0.0285718
0.0286511
0.0285877
0.0286345
0.0380653
0.0283987
0.029463
0.0290339
0.0291739
0.0287717
0.0291551
0.0287128
0.0287121
0.0286891
0.0286316
0.0286587
0.0286754
0.0287847
0.028753
0.0286721
0.0286164
0.0286325
0.0286992
0.0286433
0.0287271
0.0286722
0.0286992
0.0286989
0.0287179
0.0287112
0.028649
0.0286407
0.0287152
0.0286862
0.0286917
0.0287098
0.0286287
0.0286669
0.0287036
0.0286972
0.0286947
0.0286297
0.028696
0.0286961
0.028692
0.0286569
0.028636
0.0286329
0.0286495
0.028691
0.0286905
0.0286895
0.0286882
0.0286367
0.0286742
0.028646
0.0286407
0.0286611
0.0286433
0.0286725
0.0286408
0.0286665
0.0286552
0.0204818
0.0270992
0.0281827
0.0279077
0.0279699
0.0284972
0.0283704
0.0283978
0.0284039
0.0284176
0.0284701
0.0282173
0.0288264
0.0290155
0.0277951
0.0288237
0.0279732
0.0288863
0.0282717
0.0287085
0.0285461
0.0284768
0.0286074
0.0286157
0.0285608
0.0286589
0.0285717
0.0286784
0.0286658
0.0286248
0.0286706
0.0285978
0.0286289
0.0286507
0.0286682
0.0286208
0.0286472
0.0286126
0.028621
0.0286225
0.0286216
0.0286781
0.0286208
0.0286234
0.0286603
0.0286242
0.0286242
0.0286285
0.0286715
0.0286342
0.0286756
0.028639
0.0290223
0.0275176
0.0278153
0.0280353
0.0288999
0.0285645
0.0284763
0.0283771
0.0286498
0.0285205
0.0285456
0.028543
0.0285557
0.0286365
0.0286107
0.028575
0.0287199
0.0286808
0.0285822
0.0285848
0.02869
0.0286027
0.0286556
0.0286009
0.0286287
0.0286009
0.0286779
0.0286169
0.0286785
0.0286268
0.0286137
0.0286903
0.0286243
0.0286198
0.0286245
0.0286596
0.0286504
0.0286234
0.0286513
0.0286596
0.0286683
0.0286292
0.0286495
