0.00268255
0.0245961
0.0187093
0.0225359
0.0232342
0.023314
0.023293
0.0230004
0.0231419
0.0230857
0.0231371
0.0231318
0.0231257
0.0231095
0.0231137
0.0268453
0.0255706
0.0228923
0.0233053
0.0234082
0.0235337
0.0233773
0.0230927
0.0232101
0.023142
0.0231601
0.0231502
0.023124
0.0231223
0.0231158
0.0230667
0.0231315
0.0231858
0.0231646
0.0231878
0.02318
0.0231258
0.0230808
0.023159
0.0230926
0.0230822
0.0231369
0.0231178
0.0230907
0.0231468
0.023151
0.0231168
0.0231586
0.0231166
0.0231526
0.0230878
0.0231536
0.0230951
0.0230888
0.0231499
0.0231053
0.023108
0.0231466
0.0231275
0.0231427
0.0231107
0.0231416
0.0231401
0.0231252
0.0231402
0.0231383
0.0231383
0.0231209
0.0231326
0.0231277
0.0231319
0.0231269
0.0230984
0.0229145
0.0228919
0.0230511
0.0233905
0.0230801
0.023034
0.0230898
0.0231
0.0230725
0.0231623
0.0231508
0.0230875
0.0230845
0.0231321
0.0231298
0.0231207
0.0231229
0.0231067
0.0231114
0.0231051
0.0231109
0.0231155
0.023108
0.0231132
0.0231104
0.0231102
0.0231148
0.0231098
0.0231131
0.0231116
0.0231096
0.0231096
0.0231119
0.0231102
0.0231109
0.0231097
0.0231137
0.0231107
0.0231097
0.0231113
0.0231119
0.0231098
0.0231137
0.0231099
0.02311
0.023111
0.02311
0.0231104
0.0231101
0.0231121
0.0231132
0.0231102
0.0231102
0.023113
0.0231105
0.0231104
0.0231111
0.0231106
0.0231108
0.0224416
0.0230471
0.022891
0.0232139
0.0229718
0.0231664
0.0231608
0.0231481
0.0230758
0.023133
0.0230989
0.0230981
0.0231199
0.0231145
0.0231181
0.0231176
0.0231151
0.0231162
0.0231161
0.0231086
0.0231088
0.0231151
0.0231097
0.0231148
0.023114
0.0231107
0.0231149
0.0231108
0.0231145
0.0231101
0.0231106
0.02311
0.0231136
0.0231112
0.0231104
0.02311
0.0231138
0.0231136
0.0231114
0.0231104
0.0231123
0.0224139
0.0230471
0.0228417
0.0232001
0.0229802
0.0231623
0.0231441
0.023141
0.0230855
0.0231176
0.023117
0.0231154
0.0230996
0.0231356
0.0231028
0.0231045
0.0230943
0.0231001
0.0230982
0.0231193
0.0231225
0.0231009
0.0231164
0.0231016
0.0231037
0.0231138
0.0231015
0.0231138
0.0231027
0.0231182
0.0231156
0.0231186
0.0231051
0.0231137
0.023117
0.0231186
0.0231048
0.0231053
0.0231131
0.0231168
0.0231098
0.0241629
0.0226417
0.0225083
0.0225888
0.0232806
0.0229436
0.0229577
0.0230205
0.0230152
0.0230471
0.0230623
0.0230649
0.0230545
0.0230569
0.0230627
0.0231123
0.0231219
0.0231021
0.0231234
0.023068
0.0230722
0.0230805
0.023085
0.0230769
0.0230844
0.0230944
0.023107
0.0230964
0.0230865
0.023334
0.0223346
0.0231195
0.0230781
0.0230715
0.0229927
0.023128
0.0230215
0.0230395
0.0231599
0.0231697
0.023108
0.0231067
0.0230594
0.0231437
0.0231527
0.0230677
0.0231006
0.02307
0.0230735
0.0230785
0.023079
0.0230996
0.0230857
0.0230989
0.0231061
0.023082
0.0231304
0.0231234
0.0230911
0.0231237
0.0231306
0.0231238
0.0231089
0.0230899
0.0231007
0.0231039
0.0231306
0.0231002
0.0231061
0.0231217
0.0230973
0.0231251
0.0231201
0.0212475
0.0234334
0.0231215
0.0227286
0.0232585
0.0232077
0.0232248
0.0230899
0.0230449
0.0230858
0.0230854
0.0230841
0.0231189
0.0230984
0.0230995
0.0231102
0.0231081
0.0231092
0.0231048
0.0231084
0.0231164
0.0231071
0.0231085
0.0231111
0.0231067
0.0231121
0.0231069
0.0231156
0.0231127
0.0231102
0.0231145
0.0231084
0.0231096
0.0231092
0.0231133
0.0231088
0.0231138
0.0231138
0.023109
0.0231091
0.0231101
0.0251243
0.022927
0.02321
0.0231331
0.0229785
0.0231184
0.0231777
0.023099
0.0231581
0.0231172
0.0231412
0.0230641
0.0230496
0.0230751
0.0231603
0.0231197
0.0231849
0.0231773
0.0231818
0.0231641
0.0231732
0.023162
0.023104
0.0231686
0.0231664
0.0230805
0.0231604
0.0231593
0.0231546
0.0231569
0.023091
0.0231534
0.0231509
0.0231466
0.0231033
0.0231021
0.0231431
0.0231028
0.0231444
0.0231091
0.0231371
0.0231185
0.023139
0.0231313
0.0231407
0.0231397
0.0231308
0.0231378
0.0231349
0.0231359
0.0230936
0.0231117
0.0231337
0.023101
0.0231035
0.02313
0.0190257
0.0190211
0.0217661
0.0226459
0.0226353
0.0228077
0.0226925
0.0229829
0.0228146
0.0228145
0.0229965
0.0228595
0.022938
0.0230182
0.0229771
0.0227135
0.0225621
0.0222901
0.022928
0.0230003
0.0232078
0.0230477
0.0230502
0.0230781
0.0230839
0.0231108
0.0230926
0.0230966
0.0231003
0.0231051
0.0231017
0.0231057
0.0231031
0.0231044
0.0231125
0.023103
0.0231061
0.0231043
0.0231044
0.0231049
0.0231056
0.023106
0.0231057
0.0233359
0.0229317
0.0229176
0.0230979
0.0230197
0.0232719
0.0230677
0.0231002
0.0231186
0.0231089
0.0231611
0.0231103
0.0231523
0.0231606
0.0231314
0.0230615
0.0231281
0.0230971
0.0230673
0.0231427
0.0231135
0.0231395
0.0231176
0.0230894
0.0230697
0.0230724
0.0231393
0.0230843
0.0231414
0.0230808
0.023079
0.0231436
0.0231353
0.0231468
0.0231451
0.0231105
0.0231344
0.0231397
0.0231403
0.0230862
0.0231409
0.0231142
0.0231329
0.0230878
0.0231088
0.0231376
0.023107
0.0230921
0.0230912
0.0231344
0.0231333
0.0230989
0.0231319
0.0231027
0.0230958
0.0231202
0.0233703
0.0236529
0.0222439
0.023353
0.0231017
0.0228282
0.0231349
0.0229304
0.0230333
0.0230049
0.0230631
0.0230844
0.0231224
0.023096
0.0231478
0.0231141
0.0230863
0.0231032
0.0230924
0.0230787
0.0230806
0.0231135
0.0231038
0.0230759
0.0230912
0.0230955
0.0230944
0.0231281
0.0230812
0.0230991
0.0230849
0.0231259
0.0231235
0.0230887
0.0230907
0.0230882
0.0231135
0.0230968
0.0230955
0.0231154
0.0231242
0.0230927
0.0230956
0.0230949
0.0231201
0.0247524
0.0220629
0.0236932
0.022658
0.0230851
0.0230212
0.0230141
0.0230616
0.0230398
0.0230405
0.0230772
0.0230582
0.0230786
0.0222321
0.022756
0.0228473
0.0227874
0.023086
0.0231876
0.0230114
0.0229583
0.0230789
0.0230624
0.0230879
0.0230515
0.0231408
0.0230782
0.0231073
0.0230566
0.0230621
0.0230908
0.0230961
0.0230921
0.0230967
0.0231246
0.0230829
0.0230957
0.0230764
0.0230845
0.0230824
0.0231043
0.0230826
0.0231247
0.0230866
0.0230966
0.023099
0.0231172
0.0230899
0.02309
0.0230996
0.0231181
0.0231264
0.0230927
0.0230967
0.0236059
0.0227736
0.023533
0.0225984
0.0227017
0.0229809
0.0229753
0.0230101
0.0230182
0.0230046
0.0231649
0.0230699
0.0230951
0.0231357
0.0231168
0.0231186
0.0231189
0.0231079
0.0231062
0.0231061
0.0231073
0.0231215
0.0231197
0.0231083
0.0231172
0.023118
0.0231147
0.0231124
0.0231096
0.0231114
0.0231182
0.0231095
0.0231176
0.0231105
0.0231157
0.0231158
0.0231107
0.0231099
0.0231144
0.0231157
0.0231156
0.0231157
0.0222187
0.0225078
0.0229024
0.022875
0.0228532
0.0228626
0.0229967
0.0231646
0.0230922
0.0231035
0.0231123
0.0230506
0.0230627
0.0230624
0.0231454
0.0230763
0.0230728
0.0231258
0.0230769
0.0230991
0.0231243
0.0231365
0.0230815
0.0230833
0.0231017
0.0230958
0.0231254
0.0230893
0.023127
0.0231272
0.0230885
0.0230881
0.0230925
0.0231001
0.0231256
0.0230913
0.023127
0.0231075
0.0230981
0.0231072
0.0231193
0.0230954
0.0230985
0.0231069
0.0289127
0.023623
0.0224176
0.0220427
0.022966
0.022908
0.0229031
0.0228968
0.0228799
0.0229741
0.0229413
0.0229758
0.0230101
0.024161
0.0231832
0.0229065
0.0236512
0.0231079
0.0229619
0.0234054
0.0232556
0.0232302
0.023075
0.0231431
0.0231306
0.0232207
0.023185
0.0231514
0.0231745
0.0231741
0.0231522
0.0231045
0.0231722
0.0230913
0.023154
0.0231044
0.0230888
0.023148
0.0231561
0.0231523
0.0231492
0.0230986
0.0231439
0.0231247
0.0231499
0.0231392
0.0231437
0.0231336
0.0231452
0.0231444
0.0231449
0.0231378
0.0231349
0.0231368
0.0231039
0.0231331
0.0231192
0.0231372
0.0231094
0.0230971
0.0231036
0.0231344
0.0231302
0.0231285
0.023121
0.0230989
0.0231133
0.0231139
0.0231152
0.0231243
0.0231065
0.0231283
0.0231182
0.0240495
0.0248105
0.0240652
0.0215919
0.0224733
0.0230564
0.0228686
0.0228916
0.0230378
0.0230629
0.0230348
0.0230187
0.0230168
0.0230556
0.0230329
0.023079
0.0230652
0.0230562
0.0230383
0.0230505
0.0230399
0.0230821
0.0230505
0.023074
0.0230607
0.0230785
0.0230926
0.023065
0.023068
0.0246961
0.0218599
0.0235516
0.0226141
0.0230989
0.0229409
0.0229097
0.022988
0.0229468
0.0229513
0.0230328
0.022993
0.0230416
0.0266108
0.0219696
0.022846
0.0226667
0.0231292
0.0232154
0.0230942
0.0232166
0.0231927
0.0231373
0.0231583
0.0231474
0.0231661
0.0231583
0.0228935
0.0237435
0.0231144
0.0228931
0.0229467
0.0230535
0.0233301
0.0230288
0.0231463
0.0230388
0.0230859
0.0232378
0.0231089
0.0231476
0.0231801
0.0231255
0.0230972
0.0230745
0.0231653
0.0231332
0.0231544
0.0230784
0.0231201
0.0231532
0.0231432
0.0231329
0.0231441
0.023149
0.023096
0.0231215
0.0231152
0.023134
0.0231385
0.0231464
0.0231435
0.0231445
0.0231082
0.023138
0.0230921
0.0231406
0.0231394
0.0231019
0.0231079
0.0231301
0.0231271
0.0230947
0.0231264
0.0231331
0.0231326
0.0231016
0.0231316
0.0231261
0.0231301
0.0231176
0.0231268
0.0231276
0.0231239
0.0231293
0.0231282
0.0230543
0.0195144
0.0221485
0.0225263
0.0227068
0.0229257
0.0228134
0.0232028
0.0230295
0.0230238
0.0231179
0.0230824
0.0230933
0.0230894
0.0230791
0.0230872
0.023086
0.0230853
0.0230957
0.0230891
0.0230942
0.0230895
0.0230962
0.0230977
0.0231005
0.0230934
0.0230971
0.0231075
0.0231059
0.0230989
0.0150975
0.0219672
0.0220879
0.0226922
0.0225096
0.0225756
0.0225981
0.0226787
0.0229883
0.0230425
0.0229339
0.0228949
0.0228945
0.0228752
0.0229312
0.023869
0.0229718
0.0226494
0.0228691
0.0229018
0.0229647
0.0230078
0.0230589
0.0229893
0.0229821
0.0230611
0.0230174
0.0230333
0.0237369
0.0237554
0.0232738
0.0228715
0.0228508
0.0230702
0.0230587
0.0230121
0.0230521
0.0231357
0.0230563
0.0230505
0.0230603
0.0230466
0.0230586
0.0230651
0.0231326
0.0230914
0.023076
0.023076
0.0231315
0.0230712
0.0230965
0.0231218
0.0231118
0.0230802
0.0231166
0.0206609
0.0228345
0.0239646
0.02236
0.0229956
0.0229258
0.0230749
0.0231285
0.0230629
0.0232346
0.0231478
0.0230972
0.0231862
0.0231446
0.023148
0.0231377
0.0231571
0.023161
0.0231604
0.0231203
0.0231579
0.0231543
0.0231438
0.0231437
0.0231324
0.0231342
0.0231435
0.0231366
0.0231408
0.0104263
0.0199422
0.0224922
0.0224099
0.0229176
0.0228903
0.0229784
0.0230061
0.0230223
0.023065
0.023081
0.0230461
0.0231094
0.0230499
0.0241429
0.0229306
0.0234333
0.023713
0.0230606
0.023056
0.0233092
0.0230641
0.0231675
0.023081
0.0231709
0.0230911
0.0231792
0.0231847
0.0231689
0.0231304
0.0231778
0.0231672
0.023131
0.0230859
0.0231496
0.0231331
0.0230793
0.0231485
0.0231061
0.0230836
0.0231011
0.0231025
0.0231538
0.0231437
0.0231434
0.0231506
0.0231271
0.0230953
0.0231016
0.0231073
0.0230898
0.0231354
0.0231189
0.0231381
0.0231307
0.0231063
0.0231371
0.0231364
0.0230956
0.0231363
0.0231262
0.0231065
0.0231318
0.0231343
0.0231284
0.0231319
0.0231257
0.0231322
0.0230994
0.0231074
0.0231046
0.0253684
0.0179826
0.0241599
0.0232205
0.0226738
0.0227251
0.0225257
0.0228359
0.022701
0.0229505
0.02274
0.0227855
0.0229333
0.0228259
0.0231265
0.0227678
0.0216118
0.0228407
0.0234279
0.0225483
0.0227687
0.0227869
0.0231909
0.0230844
0.0231238
0.023021
0.0231042
0.0230604
0.0230507
0.0231248
0.0231159
0.0230707
0.0231333
0.0231097
0.0231135
0.0230615
0.023061
0.0230765
0.0231121
0.0230963
0.0230716
0.0230801
0.0231171
0.0230864
0.0230765
0.0230749
0.0230892
0.0230847
0.0231039
0.0231147
0.0230944
0.0230825
0.023084
0.0230847
0.0230866
0.023088
0.0230951
0.0223107
0.0221582
0.022384
0.0229166
0.0232865
0.0231544
0.0229077
0.0231451
0.0230885
0.0230784
0.0230097
0.0230324
0.0230853
0.0230354
0.0230393
0.0230431
0.0231396
0.0230452
0.0230616
0.0230617
0.0230544
0.0230773
0.023113
0.0231396
0.0230684
0.0230723
0.0230709
0.023131
0.0230717
0.0230732
0.0230758
0.0230761
0.0230969
0.0230799
0.0230872
0.0230985
0.0230837
0.0231103
0.0230873
0.0230852
