0.0199737
0.0130521
0.0213385
0.0150445
0.0101485
0.0163499
0.0115595
0.0149314
0.0129998
0.0129998
0.0127643
0.0129998
0.0118695
0.0132383
0.0130015
0.0128623
0.0129936
0.012958
0.012703
0.0127282
0.0128175
0.0127155
0.0127286
0.0132492
0.0127927
0.0127391
0.0127743
0.0131225
0.0127769
0.0128117
0.0128171
0.0130756
0.0129055
0.0128018
0.0128511
0.0128598
0.0128256
0.0128721
0.0131681
0.012868
0.0128866
0.012845
0.012947
0.0130378
0.0130426
0.0130804
0.0128917
0.012875
0.0130156
0.0129322
0.0128583
0.0131049
0.0131134
0.012883
0.0129271
0.0130918
0.0131126
0.0131007
0.0129015
0.0129076
0.0129895
0.0130073
0.0129489
0.0129912
0.0129175
0.0129234
0.0129534
0.0129456
0.0130706
0.0130159
0.013008
0.013072
0.0129269
0.0129998
0.0129922
0.0129998
0.000705477
0.0129998
0.00706813
0.00919503
0.00889902
0.00878464
0.0156629
0.010384
0.0104006
0.00994953
0.0101624
0.014968
0.0102324
0.0149912
0.0110111
0.0146654
0.0138974
0.0143595
0.0133034
0.0112849
0.0114007
0.0142523
0.0115337
0.0115562
0.0126417
0.0131817
0.0116744
0.0117988
0.0124945
0.0138592
0.0117553
0.0128323
0.0122343
0.013459
0.0139091
0.0138657
0.0120788
0.0123136
0.0134434
0.0131418
0.013548
0.0135734
0.0137743
0.0122509
0.0127117
0.0123105
0.01315
0.0124961
0.0123759
0.0132077
0.0123992
0.0126934
0.0123988
0.0131188
0.0129998
0.01321
0.0118423
0.0129998
0.0129887
0.00835
0.00958166
0.0143899
0.016076
0.0128565
0.0139438
0.010142
0.0135055
0.0103619
0.0104479
0.0120325
0.0144287
0.0111597
0.0146537
0.0111301
0.0141711
0.0145189
0.0125357
0.0138244
0.011415
0.0117492
0.0143322
0.0123826
0.0121631
0.011801
0.0117981
0.0134079
0.0123542
0.0139822
0.0126098
0.0139567
0.0122103
0.0135005
0.0120374
0.0120389
0.0131104
0.0131998
0.0135337
0.0130543
0.0121708
0.0123659
0.013494
0.0135148
0.0130778
0.0127712
0.0134843
0.012385
0.0123862
0.0132267
0.0129998
0.0130912
0.0125341
0.0129998
0.0129954
0.0100407
0.0113088
0.0136196
0.0149764
0.0129377
0.013428
0.0112291
0.0132282
0.0114325
0.0115638
0.0125446
0.013762
0.0117706
0.0139975
0.0118689
0.0136593
0.0139163
0.0127519
0.0134639
0.0119343
0.012258
0.0138768
0.0126385
0.0124992
0.0122166
0.0122012
0.0132458
0.0126104
0.0136288
0.0127608
0.0136405
0.0124994
0.0133146
0.0123481
0.0123519
0.0130683
0.0131249
0.0133404
0.0130338
0.0124401
0.0125818
0.0133239
0.0133386
0.0130498
0.012852
0.0133227
0.0125717
0.0125829
0.0131488
0.0129998
0.0129998
0.0129998
0.0111389
0.0150713
0.0126517
0.0120259
0.0129202
0.0124423
0.0115291
0.0142249
0.0142228
0.0119587
0.0136991
0.0131431
0.0125122
0.0140145
0.0137815
0.0123882
0.0133933
0.0138311
0.0129965
0.0125879
0.0137934
0.0133332
0.0127526
0.0123804
0.0124928
0.0123942
0.0124699
0.0127573
0.0126407
0.0135005
0.0132074
0.0134782
0.0129402
0.0125958
0.0125604
0.0134414
0.0128289
0.0129998
0.0129901
0.0129998
0.0130113
0.0129998
0.0114536
0.0134652
0.0120832
0.0121441
0.0131397
0.0133386
0.0123386
0.0138605
0.0126134
0.0132239
0.013644
0.0136382
0.0132037
0.0127464
0.012618
0.0135458
0.0135655
0.0131313
0.0128205
0.0124701
0.013016
0.0126296
0.0134527
0.0134023
0.0129503
0.0129307
0.0130542
0.0133688
0.0126269
0.0128702
0.0127705
0.0127383
0.0131098
0.0127183
0.0127425
0.0132547
0.0130873
0.0133116
0.0127026
0.0132126
0.0130454
0.0131774
0.0132168
0.0128051
0.0132259
0.0127679
0.0131529
0.0127756
0.013343
0.0129998
0.0129998
0.00412943
0.0129998
0.00995471
0.0134218
0.0133916
0.0137246
0.0153025
0.0106087
0.0126206
0.0116728
0.0150601
0.014861
0.0112338
0.0128128
0.0145338
0.0113636
0.0133721
0.0134551
0.0133542
0.0134817
0.0142526
0.0139684
0.0139524
0.0124184
0.013097
0.0132959
0.0139165
0.0137464
0.0120817
0.0136235
0.0131267
0.0121853
0.0135849
0.0127753
0.0125111
0.012166
0.0132416
0.0134877
0.0123142
0.012418
0.0136086
0.0123987
0.0135766
0.0135359
0.0129998
0.0129998
0.0129998
0.0119008
0.012938
0.0129506
0.0131527
0.0132716
0.0129836
0.0127523
0.013128
0.0132867
0.0131038
0.0129631
0.0127454
0.0127693
0.0128885
0.0132013
0.0127731
0.012938
0.0129846
0.0128104
0.0131974
0.0128008
0.0131913
0.01284
0.0128099
0.0128319
0.0130647
0.01303
0.0131556
0.0129001
0.0130978
0.0130213
0.013133
0.0130846
0.0128837
0.0131377
0.0130412
0.0128778
0.0130086
0.0130508
0.0129997
0.0131094
0.0129832
0.0129413
0.0130864
0.0130952
0.0130877
0.0130787
0.0129896
0.0129408
0.0130631
0.0129272
0.0129967
0.0129399
0.0130734
0.0129941
0.0129372
0.0130632
0.0129998
0.0130002
0.0130374
0.0132037
0.0143032
0.0139808
0.0126985
0.0139941
0.012333
0.013341
0.0136664
0.0130856
0.0132415
0.0134236
0.0129685
0.0127236
0.0127014
0.0129417
0.0126388
0.0133704
0.0129497
0.0131892
0.00134119
0.0130044
0.0129951
0.013983
0.0135427
0.0131519
0.0160956
0.0100141
0.0120412
0.0112282
0.0118414
0.0109693
0.0131281
0.0111161
0.0139203
0.0126196
0.0129551
0.0121055
0.0143918
0.0123375
0.0140905
0.0135342
0.0124413
0.0131476
0.0141181
0.0126408
0.0139771
0.0129806
0.0121089
0.0126991
0.0134875
0.0127172
0.0137577
0.0137671
0.0129998
0.0129998
0.0123648
0.0130682
0.0130013
0.0125248
0.0135066
0.0128665
0.0125441
0.0125813
0.0133801
0.0132506
0.013097
0.0134078
0.0133818
0.013281
0.0133484
0.0133357
0.0131298
0.0132161
0.0128145
0.0126755
0.0133033
0.0131085
0.0127307
0.0131727
0.0130738
0.0127481
0.0127573
0.0132207
0.0132143
0.012831
0.013221
0.013019
0.0129197
0.0131763
0.0129134
0.0131784
0.0129513
0.0130072
0.0128353
0.0128781
0.0130863
0.0129467
0.0130666
0.0129776
0.0128558
0.0130788
0.0130684
0.0130859
0.0130695
0.0129033
0.0131158
0.0130549
0.0129977
0.0129998
0.0129918
0.0129998
0.0129998
0.0146422
0.013933
0.0118726
0.0138089
0.0141126
0.0122655
0.0125024
0.0142154
0.0128202
0.0134466
0.012113
0.0138975
0.0120564
0.012057
0.0139091
0.0138729
0.0131178
0.0133758
0.0134383
0.0135669
0.0123189
0.0125367
0.0126458
0.0132978
0.0127506
0.0135523
0.0124144
0.0134865
0.0134548
0.0128279
0.012543
0.0133806
0.0134545
0.0124834
0.0134467
0.0133716
0.0132916
0.0126038
0.0130945
0.0133028
0.0133668
0.0132633
0.0130039
0.0129998
0.0129998
0.0130004
0.0160252
0.017656
0.00915605
0.0126113
0.0135579
0.0106878
0.0162761
0.0156989
0.0121712
0.0115017
0.0150418
0.0112609
0.0115127
0.0114039
0.0135113
0.014324
0.012074
0.0122601
0.0131551
0.0135368
0.0131113
0.0129998
0.0129998
0.00780575
0.0129998
0.0111219
0.0131751
0.0131624
0.0133129
0.0142138
0.011551
0.0128286
0.0123825
0.0141499
0.014114
0.0119465
0.0129062
0.013875
0.012046
0.0131826
0.0132271
0.0131757
0.0132483
0.013778
0.0135366
0.0135287
0.0126887
0.0130504
0.0131587
0.0135489
0.0134281
0.0124507
0.0133566
0.0130692
0.0125153
0.0133361
0.0128727
0.0127214
0.0124898
0.0131381
0.0132856
0.0125729
0.012655
0.0133689
0.0126304
0.0133538
0.013328
0.0129964
0.0259311
0.00211703
0.0129998
0.0160387
0.0089327
0.0161185
0.010778
0.0105989
0.0104896
0.0128818
0.0104265
0.0151935
0.0121497
0.0147147
0.0145532
0.0120946
0.014023
0.0112802
0.0114696
0.0114676
0.0131802
0.0136143
0.0132812
0.0130546
0.012263
0.0118694
0.0135981
0.0139575
0.0119969
0.012
0.0120194
0.0137656
0.0126507
0.0121595
0.0121732
0.012208
0.0133555
0.013707
0.0129981
0.0129998
0.0129996
0.0130136
0.0164776
0.0137779
0.0136695
0.0136825
0.0141355
0.0134441
0.0126988
0.0138986
0.0123768
0.0120737
0.013494
0.0123562
0.0122314
0.0132383
0.0122458
0.0134354
0.0123266
0.0133784
0.0123815
0.0124824
0.0124418
0.0125665
0.0125553
0.0124763
0.0126578
0.0132732
0.0131131
0.0132535
0.0134346
0.0127158
0.0125711
0.0133735
0.0125763
0.0129521
0.0133311
0.0131318
0.0128443
0.0132644
0.0126689
0.0127547
0.0127782
0.0130036
0.0170318
0.0132117
0.0130405
0.0166538
0.0153553
0.0158207
0.0107078
0.0141164
0.0120536
0.011576
0.0132368
0.0143065
0.0120404
0.0144135
0.0143126
0.0136478
0.013472
0.0127274
0.0129986
0.0129998
0.0129998
0.0129997
0.0129193
0.0126784
0.0129568
0.0134271
0.0124809
0.0125469
0.0124557
0.0128559
0.0123817
0.0132597
0.0125441
0.0124104
0.0126838
0.0124746
0.0124945
0.0129417
0.0133638
0.0132181
0.0131735
0.013268
0.012643
0.0125936
0.0128606
0.0125976
0.0129162
0.0129561
0.0133252
0.0131302
0.0126696
0.0132264
0.0128642
0.0127436
0.0126866
0.0132746
0.0126866
0.0127421
0.0127624
0.0131452
0.012743
0.0131843
0.0128216
0.0127716
0.0130378
0.0129191
0.0130373
0.0131043
0.0130242
0.0128477
0.0131635
0.0128507
0.0128912
0.0130513
0.0129348
0.0130998
0.013004
0.0129379
0.0129998
0.0224167
0.0129998
0.0134857
0.0110551
0.0159941
0.0122928
0.0137882
0.0152872
0.0126336
0.0119399
0.0116562
0.0128876
0.0145227
0.0133126
0.0118203
0.012496
0.01293
0.0124286
0.0136769
0.0137722
0.0137344
0.012514
0.0129998
0.0129998
0.0130002
0.0149834
0.0163164
0.0100748
0.0127343
0.0133871
0.0112817
0.0154935
0.0150144
0.0123852
0.0118655
0.0146374
0.0116478
0.0118458
0.0117164
0.0133954
0.0140441
0.012268
0.0124188
0.0131216
0.0134196
0.01457
0.0129998
0.000277548
0.0104488
0.0145258
0.0144935
0.00910609
0.0165894
0.0169092
0.014748
0.0160078
0.0135793
0.0152799
0.0152623
0.0114824
0.0127132
0.0143249
0.014746
0.0129998
0.0129998
0.0129341
0.0128238
0.015233
0.0129998
0.0116862
0.0133902
0.0126361
0.0122038
0.0136062
0.0124711
0.013325
0.0131362
0.0130725
0.0125453
0.0130311
0.0123211
0.0125225
0.0126331
0.0124778
0.0129474
0.0126795
0.0124777
0.0132031
0.0125526
0.0127867
0.01254
0.0129531
0.0125279
0.0133847
0.012848
0.0132465
0.0126781
0.0126074
0.0133621
0.0133315
0.0127897
0.0126924
0.0129217
0.0132871
0.0131295
0.013308
0.012696
0.012699
0.0130053
0.0132121
0.0127014
0.0132315
0.0132338
0.0132186
0.0132258
0.0127412
0.0127623
0.0131512
0.0128852
0.013204
0.0129358
0.0129307
0.012869
0.0129961
0.0131436
0.0128068
0.0131763
0.0129826
0.0129998
0.0129998
0.0129998
0.0130017
0.0127198
0.0148969
0.0144551
0.0134598
0.0117066
0.0129801
0.0109795
0.0149116
0.0112739
0.0137731
0.0146425
0.0135656
0.0116759
0.0128827
0.0119829
0.012581
0.0131899
0.0135266
0.0126115
0.0124176
0.0137597
0.0130388
0.0129998
0.0139099
0.012823
0.0122035
0.0130797
0.0130872
0.013998
0.012273
0.012453
0.0122651
0.0123955
0.0130586
0.0136458
0.0127338
0.0125203
0.0128615
0.0132654
0.0133407
0.0130698
0.0133942
0.0127521
0.0126882
0.0129998
0.0180166
0.0131973
0.0126749
0.0103225
0.0158455
0.0116387
0.0108519
0.0120256
0.014973
0.0140732
0.0117219
0.0137927
0.0117501
0.0132591
0.0119703
0.0124254
0.0119321
0.0137728
0.0131782
0.0121902
0.0137801
0.0129998
0.0111903
0.0147571
0.0150653
0.014019
0.0137329
0.013614
0.0144046
0.0131354
0.0136199
0.0133485
0.0118441
0.0129271
0.0125532
0.0122096
0.0125383
0.0125937
0.0137128
0.0139005
0.0136478
0.013432
0.0136459
0.0127516
0.0134479
0.0136111
0.0130369
0.0130736
0.0128894
0.0135709
0.0124486
0.0124799
0.0134911
0.0127196
0.0125549
0.0126372
0.0133896
0.0126114
0.0130985
0.0128768
0.0126171
0.0128898
0.0129991
0.0446334
0.0253856
0.0147524
0.0205268
0.0160221
0.00899116
0.0169531
0.0190295
0.0108803
0.00914576
0.0174356
0.0113835
0.0168659
0.0111297
0.0165117
0.0107569
0.0106826
0.0114964
0.0113811
0.0131567
0.0139587
0.0138896
0.0138775
0.0122939
0.0126564
0.0141621
0.0127292
0.0126185
0.0133103
0.0130282
0.0186592
0.0131542
0.00909743
0.0172174
0.0164627
0.0153426
0.0102525
0.0103679
0.015198
0.0119988
0.012816
0.0146995
0.01242
0.0138054
0.0143168
0.0129982
0.0130421
0.0130136
0.0133495
0.0120895
0.0138258
0.0136245
0.0129988
0.0129749
0.0123488
0.0131333
0.0132017
0.0130171
0.0132585
0.0126211
0.0125001
0.0132729
0.0133546
0.0130179
0.0134344
0.0133327
0.0133422
0.0132762
0.012673
0.0129744
0.0133455
0.012842
0.0133155
0.0133145
0.0126811
0.0133076
0.0126941
0.0130362
0.0132913
0.0132418
0.013054
0.0129192
0.0127737
0.0131908
0.0129364
0.0128709
0.0128201
0.0131504
0.0131894
0.0127822
0.0129356
0.0127785
0.0128073
0.0130819
0.0131839
0.0131578
0.0128046
0.0128201
0.0128525
0.0130477
0.0128346
0.0129789
0.0129421
0.0128447
0.0130815
0.0130063
0.0128764
0.0128617
0.0131392
0.0129998
0.0117599
0.0165904
0.0125857
0.0115857
0.0113012
0.0150136
0.0114349
0.0132456
0.0132068
0.0124832
0.0139282
0.0129857
0.0130026
0.0152343
0.0129736
0.013349
0.0146918
0.0110245
0.0118037
0.0119867
0.0131364
0.0131364
0.013863
0.0138516
0.0141487
0.0133541
0.0137651
0.0118762
0.0124121
0.0131069
0.0138741
0.0121915
0.0138342
0.012647
0.0122183
0.0128191
0.0123647
0.0131136
0.0122806
0.0132784
0.0135636
0.012381
0.0135912
0.0133205
0.0135626
0.0124395
0.0135118
0.0130439
0.0134849
0.0127907
0.01301
0.0129998
0.0129835
0.0112648
0.0129855
0.0113857
0.0120811
0.0130147
0.0135313
0.0139842
0.0123987
0.0128127
0.0138837
0.0133217
0.012128
0.0121851
0.0127462
0.0130973
0.0128376
0.0123299
0.0125777
0.0134059
0.0136243
0.0132255
0.0124135
0.0125691
0.0135261
0.012497
0.0132753
0.0129433
0.0125769
0.013014
0.0126602
0.0133394
0.01261
0.0132658
0.0129362
0.0133013
0.0129567
0.0133194
0.0127415
0.0127642
0.0131556
0.0128808
0.0127379
0.0132663
0.0127517
