0.0215031
0.0175523
0.0244168
0.0211896
0.0233244
0.023709
0.0241555
0.0228513
0.0237668
0.0234856
0.0238125
0.0240376
0.0250524
0.025081
0.0250651
0.0250512
0.0250513
0.0250673
0.0250527
0.0250523
0.0250526
0.0250604
0.0250588
0.0250494
0.0250494
0.0250488
0.0250514
0.0250485
0.0250533
0.0250529
0.0250438
0.0250384
0.0250455
0.0250517
0.0250502
0.0250509
0.0250507
0.0250401
0.0250381
0.0250426
0.0250468
0.0250471
0.0250453
0.0250389
0.0250485
0.025046
0.0250462
0.0250471
0.0250371
0.0250475
0.0250429
0.0250387
0.0250471
0.0250459
0.0250447
0.0250384
0.0250451
0.0250458
0.0250435
0.0250458
0.0250445
0.0250434
0.0250409
0.0250428
0.0250435
0.0250449
0.0250382
0.0250446
0.0250445
0.025041
0.0250443
0.0250417
0.0250438
0.0250426
0.0250397
0.0250437
0.0252936
0.0251693
0.0253027
0.0251009
0.025008
0.0252954
0.0251389
0.025135
0.0251019
0.0251888
0.0252116
0.0250955
0.0250989
0.0251774
0.0250745
0.0251387
0.0250702
0.0251248
0.0251482
0.0250198
0.0251371
0.0251209
0.0251208
0.0250733
0.0250824
0.0251061
0.0251082
0.0250265
0.0250699
0.0250593
0.0250475
0.0250899
0.0250449
0.0250948
0.0250906
0.0250783
0.0250897
0.0250232
0.0250801
0.025063
0.0250701
0.0250353
0.025033
0.0250627
0.0250501
0.0250513
0.0250682
0.0250686
0.0250337
0.0250393
0.0250616
0.0250482
0.0250643
0.0250575
0.0250515
0.0250394
0.0250286
0.0250334
0.0250218
0.0249541
0.0250058
0.0249621
0.0249846
0.0250841
0.0250392
0.0250464
0.0249842
0.0250822
0.0249846
0.0249264
0.025055
0.0249968
0.0249427
0.0249878
0.0250014
0.0249879
0.0249688
0.0250425
0.0249887
0.0250548
0.0250042
0.025009
0.0249874
0.0250323
0.0250009
0.0249962
0.0249949
0.0250538
0.0249972
0.0250129
0.0250042
0.0250504
0.0250098
0.025039
0.0250499
0.025032
0.0250083
0.0250539
0.0250551
0.0250556
0.0250468
0.0250317
0.0250363
0.0250336
0.0250479
0.0250184
0.0250233
0.0250479
0.0250459
0.0250325
0.0250044
0.025026
0.025004
0.0250161
0.0250696
0.0250394
0.0250437
0.0250154
0.0250689
0.0250019
0.0249804
0.025049
0.0250184
0.02499
0.0250139
0.0250192
0.0250061
0.0250006
0.0250414
0.0250068
0.0250493
0.0250157
0.0250185
0.0250085
0.0250352
0.0250142
0.0250123
0.0250121
0.025049
0.025013
0.0250235
0.0250169
0.0250468
0.0250213
0.0250392
0.0250465
0.0250348
0.0250199
0.0250494
0.0250503
0.0250507
0.0250444
0.0250345
0.0250375
0.0250357
0.0250453
0.0250257
0.025029
0.0250453
0.0250439
0.0246374
0.0249445
0.0247697
0.0249041
0.0248502
0.0249607
0.0248841
0.0248551
0.024933
0.0249789
0.0249843
0.0248551
0.0248601
0.0249975
0.0249819
0.0249086
0.0248905
0.0249994
0.0250405
0.0249259
0.0249467
0.0250234
0.0249483
0.0249205
0.0250512
0.0249537
0.0249484
0.0249523
0.0249582
0.0250327
0.0250206
0.0250261
0.0249955
0.0250098
0.0249732
0.0249752
0.0250061
0.0249849
0.0249803
0.0249827
0.0250453
0.025007
0.0250369
0.0250501
0.024991
0.0250245
0.0250313
0.025028
0.0250445
0.0250371
0.0250286
0.025008
0.0250282
0.0250228
0.0250164
0.0250161
0.0250144
0.0250375
0.0250242
0.02502
0.0250195
0.0250192
0.0250202
0.0250366
0.0250278
0.0250449
0.0250411
0.0250291
0.0250251
0.025026
0.025025
0.0250316
0.0250457
0.025027
0.0250281
0.0250422
0.0250334
0.0250393
0.0250457
0.0250379
0.0250335
0.0250455
0.0250294
0.0250319
0.0250319
0.0250314
0.0250437
0.0250329
0.0250368
0.0250327
0.0250324
0.025034
0.0250371
0.0247509
0.0248189
0.0248568
0.0248087
0.0247741
0.0248348
0.0248985
0.0248811
0.0248858
0.0248869
0.0248292
0.0248426
0.0248503
0.0248504
0.0249793
0.0250087
0.0250367
0.0249218
0.0250188
0.0249492
0.0249721
0.0250102
0.0250142
0.0249646
0.0249658
0.0249658
0.0249549
0.0249512
0.0249487
0.0250221
0.0250281
0.0249738
0.0249734
0.0250492
0.0250098
0.0250348
0.0249968
0.0249867
0.0249845
0.0250096
0.0249933
0.0250151
0.0250054
0.025003
0.0250292
0.025005
0.0250427
0.0250686
0.0250436
0.0250434
0.0250587
0.0250535
0.0250455
0.025045
0.0250577
0.0250481
0.0250376
0.0250538
0.0250501
0.0250497
0.0250516
0.0250447
0.0250434
0.025049
0.0250506
0.0250472
0.0250492
0.0250473
0.0250486
0.0250442
0.025036
0.0250484
0.025043
0.0250467
0.0250437
0.0250392
0.025047
0.0250469
0.0250459
0.0250463
0.0250459
0.0250381
0.0250453
0.0250445
0.0250457
0.0250385
0.0250413
0.025044
0.0250416
0.0250448
0.0250448
0.0250441
0.0250433
0.0250393
0.025044
0.025044
0.0250438
0.0250437
0.0250402
0.0250421
0.0250396
0.0250428
0.0250431
0.025042
0.0250424
0.0242306
0.0247797
0.0247025
0.0247195
0.0249573
0.0248625
0.0247722
0.0249487
0.0249246
0.0247867
0.0247869
0.0249232
0.0249638
0.0250091
0.0250377
0.025038
0.0249334
0.0249071
0.0249232
0.0250099
0.0249435
0.0250254
0.023963
0.0240481
0.0246373
0.0243853
0.0245258
0.0244583
0.0244809
0.024526
0.024738
0.0244755
0.0245625
0.0250158
0.0249894
0.0246715
0.0246806
0.0248435
0.0248225
0.0249305
0.0248085
0.0248273
0.0249109
0.0249163
0.0248337
0.0248438
0.0248963
0.0249092
0.0249347
0.0250163
0.0249318
0.024914
0.0249414
0.0249606
0.0250444
0.025073
0.0250502
0.0250565
0.0250474
0.025046
0.0250522
0.0250587
0.0250463
0.0250506
0.0250508
0.0250517
0.0250484
0.0250525
0.0250505
0.0250336
0.0250484
0.0250383
0.0250506
0.0250504
0.0250343
0.0250439
0.0250489
0.0250466
0.0250387
0.0250344
0.0250467
0.0250461
0.0250462
0.0250472
0.0250399
0.0250423
0.0250463
0.0250359
0.025044
0.0250453
0.0250408
0.0250442
0.0250435
0.0250364
0.0250421
0.0250451
0.0250437
0.0250388
0.0250444
0.0250415
0.0250428
0.0250439
0.0250425
0.0250407
0.0250434
0.0250433
0.0250429
0.0250435
0.0250435
0.0250408
0.0250378
0.0250419
0.0248323
0.0247988
0.0250062
0.0249812
0.0249401
0.0249141
0.0248667
0.0249238
0.0249127
0.0249548
0.0249489
0.0249267
0.0250006
0.0249521
0.0250571
0.0249836
0.0249771
0.0250181
0.0250072
0.0249702
0.0250303
0.0249883
0.0249841
0.0250284
0.0250003
0.0249786
0.0250002
0.0250344
0.0250438
0.0250417
0.0250143
0.0250473
0.0249977
0.0250469
0.0250377
0.0250002
0.0250267
0.0250063
0.0250074
0.0250126
0.025017
0.0250112
0.0250101
0.0250457
0.0210014
0.0217097
0.0225337
0.0229011
0.0231131
0.0246259
0.0232437
0.024397
0.0234496
0.0234955
0.0249971
0.0245771
0.0246341
0.0242009
0.0241865
0.0248993
0.0243559
0.0245328
0.0245933
0.0244946
0.0246122
0.0249071
0.0249821
0.0249214
0.0249506
0.0249343
0.0249424
0.0249022
0.0249552
0.0249826
0.0249668
0.0249718
0.0249722
0.0249445
0.024948
0.0249567
0.0249543
0.0250095
0.0250238
0.0250388
0.0249782
0.0250288
0.0249898
0.0250006
0.0250212
0.0250262
0.0250013
0.0249983
0.0249984
0.0249936
0.0249923
0.0249918
0.0250303
0.0250335
0.0250046
0.0250031
0.0250457
0.0250233
0.0250372
0.0250163
0.0250099
0.0250091
0.0250217
0.0250141
0.025026
0.0250195
0.0250183
0.0250339
0.0250195
0.0250417
0.0250396
0.0250396
0.0247016
0.0241532
0.0249979
0.0247671
0.0242508
0.0245809
0.0246094
0.0246605
0.0245928
0.0249525
0.0246786
0.0248956
0.024884
0.0247555
0.0249236
0.0247999
0.0248018
0.0248535
0.0249537
0.0248571
0.0250612
0.0249845
0.0248945
0.024882
0.0249753
0.0249335
0.0249575
0.0249494
0.0249342
0.0249959
0.0249238
0.0249664
0.0249424
0.0249949
0.0249918
0.0249634
0.0249995
0.0250396
0.0250396
0.0245821
0.0250396
0.0250368
0.0250311
0.0250182
0.0249246
0.0249702
0.02497
0.0250002
0.0249819
0.0249859
0.0250565
0.0250564
0.0250448
0.0250449
0.024993
0.0250004
0.0250231
0.0250397
0.0250006
0.0250005
0.0250105
0.0250063
0.0250075
0.0250463
0.0250359
0.02501
0.025024
0.0250126
0.0250421
0.025015
0.0250193
0.0250408
0.0250242
0.0250247
0.0250263
0.0250227
0.025022
0.0250253
0.0250461
0.0250368
0.0250271
0.0250279
0.0250396
0.0250063
0.0201453
0.0229683
0.0228158
0.0233928
0.0233361
0.0233914
0.0246604
0.0244771
0.0248902
0.024227
0.0241453
0.024409
0.0243496
0.0245919
0.0244184
0.0245032
0.0250396
0.0250974
0.0251954
0.025041
0.0250698
0.0251845
0.0250913
0.0250921
0.0251335
0.0250953
0.0250824
0.0250468
0.025079
0.0250712
0.0250698
0.0250342
0.025076
0.0250619
0.0250641
0.0250618
0.0250686
0.0250474
0.0250657
0.0250677
0.0250403
0.0250488
0.0250474
0.0250573
0.0250481
0.0250671
0.0250481
0.0250571
0.0250436
0.0250636
0.0250611
0.0250608
0.0250425
0.0250594
0.0250391
0.0250537
0.025058
0.0250576
0.0250455
0.0250492
0.0250415
0.0250459
0.0250456
0.0250559
0.0250514
0.0250397
0.0250492
0.0250526
0.0250433
0.0250518
0.0250368
0.0250523
0.0250509
0.025049
0.0250473
0.0250513
0.02505
0.0250396
0.0250358
0.0242336
0.0237361
0.0241433
0.0240891
0.0243256
0.0245182
0.0246658
0.0244785
0.0243907
0.0244473
0.0245121
0.0245324
0.0246075
0.0249189
0.0249052
0.0249157
0.0250392
0.0249371
0.0248429
0.0248538
0.0247872
0.0250396
0.0250395
0.0230334
0.0235759
0.023745
0.0238885
0.0237886
0.0250021
0.024666
0.0242498
0.0248095
0.0245002
0.0246623
0.024844
0.024733
0.0247515
0.0248704
0.0248696
0.0247958
0.0249952
0.0248658
0.0250396
0.0250307
0.0146023
0.0212785
0.0244095
0.0225663
0.0240803
0.0248219
0.0247517
0.0243025
0.0238641
0.0238574
0.024841
0.0240632
0.0244053
0.0243368
0.0248511
0.0250396
0.02537
0.0251599
0.025161
0.0250447
0.025107
0.0250662
0.0250576
0.025152
0.0250522
0.0250861
0.0250832
0.0250872
0.0250576
0.0250812
0.0250358
0.02507
0.0250384
0.0250631
0.0250549
0.0250675
0.0250757
0.0250699
0.0250665
0.0250743
0.0250729
0.0250588
0.0250693
0.0250469
0.0250568
0.0250701
0.0250372
0.0250687
0.0250592
0.0250528
0.0250533
0.0250651
0.0250623
0.0250608
0.0250609
0.0250541
0.0250582
0.025048
0.025052
0.0250544
0.025058
0.0250564
0.0250445
0.0250546
0.0250567
0.0250366
0.0250553
0.0250547
0.025055
0.0250545
0.0250519
0.0250477
0.0250474
0.0250529
0.0250526
0.0250462
0.0250453
0.025052
0.0250519
0.0250359
0.0250396
0.0250396
0.0250156
0.0235586
0.024147
0.0242509
0.0241849
0.0242977
0.0242021
0.0244444
0.0243546
0.024509
0.0244476
0.0249144
0.0247497
0.0249332
0.0248584
0.0247907
0.0247434
0.0247206
0.0248902
0.0249512
0.0249121
0.0248878
0.0250452
0.0248309
0.0249065
0.0250104
0.0250396
0.0248997
0.0234645
0.0249389
0.0248113
0.0247161
0.0247078
0.0248146
0.0247978
0.024806
0.0248947
0.0248419
0.0248533
0.025003
0.0248609
0.0249001
0.0248902
0.0248948
0.0250035
0.0249321
0.0249628
0.0249908
0.0249314
0.0220687
0.0249723
0.0243442
0.0247397
0.0239234
0.0245278
0.0239122
0.0246482
0.0241491
0.0242429
0.0243202
0.0243575
0.0244455
0.0246878
0.0249238
0.0245611
0.0245954
0.0247262
0.0249385
0.0248433
0.0248993
0.0247292
0.0247494
0.0250396
0.0250396
0.0249876
0.0250369
0.0249498
0.0248313
0.0250018
0.0249681
0.0248892
0.024906
0.0250538
0.0248902
0.0249881
0.0249761
0.0249349
0.0249971
0.0250157
0.0249352
0.024984
0.0249392
0.0250036
0.0249527
0.0249936
0.0249461
0.024956
0.0249566
0.0249485
0.0249612
0.0250032
0.0249723
0.0250004
0.0249901
0.0250466
0.0250138
0.0250006
0.0249877
0.0249905
0.024993
0.0250102
0.0250396
0.0250396
0.0250393
0.0226381
0.0247386
0.024291
0.0239938
0.0220292
0.0243034
0.0224904
0.0246874
0.0249618
0.0241128
0.0249764
0.0248035
0.0242634
0.0243078
0.0247685
0.0241973
0.0248634
0.0246545
0.0243356
0.0245784
0.0245254
0.0244259
0.024569
0.0249833
0.0247467
0.0246151
0.0246519
0.0250396
0.0247868
0.0209859
0.0226643
0.022621
0.0226827
0.0232462
0.0238354
0.0249775
0.0247936
0.0247263
0.0241405
0.0247699
0.0241942
0.0245989
0.0244765
0.0245251
0.024618
0.0250396
0.0250396
0.02504
0.0252072
0.0250425
0.0250586
0.0250817
0.0251106
0.0250693
0.0251048
0.0250662
0.0250715
0.0250715
0.0250628
0.025054
0.0250722
0.0250537
0.0250701
0.0250672
0.0250677
0.0250563
0.0250681
0.0250612
0.0250647
0.0250337
0.0250522
0.0250547
0.0250501
0.025053
0.025043
0.0250624
0.025053
0.0250585
0.0250516
0.0250573
0.0250547
0.0250518
0.0250529
0.0250496
0.0250497
0.0250474
0.0250481
0.0250524
0.0250562
0.0250481
0.0250496
0.0250474
0.0250369
0.0250464
0.0250506
0.0250531
0.0250453
0.0250487
0.0250504
0.0250485
0.025049
0.0250393
0.0250443
0.0250417
0.0250467
0.0250483
0.0250468
0.0250498
0.0250332
0.0189926
0.0228162
0.0227086
0.0231537
0.023768
0.0239313
0.0244437
0.0249535
0.0248689
0.0246129
0.0250396
0.0250291
0.0250396
0.0248628
0.0249684
0.0246883
0.0245245
0.0249885
0.0248037
0.0248424
0.0249479
0.024926
0.024859
0.0248412
0.0248876
0.0250417
0.0248812
0.0248879
0.0249299
0.0248992
0.0249436
0.024964
0.0249241
0.0249846
0.0249951
0.0249906
0.0250073
0.024924
0.0249475
0.024946
0.0250372
0.024946
0.0250149
0.0250091
0.0250155
0.0249985
0.024991
0.0249946
0.0249797
0.025041
0.025038
0.0250063
0.0250396
0.0249492
0.0248031
0.0248245
0.0248795
0.0249213
0.0250238
0.0249725
0.0249756
0.024985
0.0249837
0.0250068
0.0249731
0.0249743
0.0250215
0.0250474
0.0250324
0.0250196
0.0249965
0.0250184
0.0250466
0.0249939
0.0250115
0.0250116
0.0250098
0.0250234
0.0250033
0.0250405
0.0250024
0.0250238
0.0250163
0.025014
0.0250123
0.0250171
0.0250354
0.0250391
0.02502
0.025016
0.0250204
0.0250197
0.0250187
0.0250194
0.0250206
0.0250287
