0.0159301
0.0237569
0.023775
0.0216963
0.0228051
0.0225369
0.022927
0.0255869
0.0251554
0.0248411
0.0246065
0.0255834
0.0255955
0.0255825
0.0255842
0.0255906
0.0255614
0.0256312
0.0255698
0.0256185
0.025618
0.0256173
0.0255887
0.025604
0.0255962
0.0255971
0.0255987
0.0255918
0.0255781
0.0256066
0.0256039
0.0256046
0.0255668
0.0256009
0.025603
0.0256006
0.0255657
0.0255862
0.0255664
0.025575
0.0255699
0.0255995
0.0255935
0.0255986
0.0255878
0.0255978
0.0255951
0.0255955
0.0255783
0.0255955
0.025584
0.0255956
0.0255741
0.0255917
0.0255744
0.0255717
0.0255887
0.0255734
0.0255925
0.0255784
0.0255749
0.0255733
0.0255885
0.0255919
0.0255902
0.0255916
0.0255864
0.0255746
0.0255892
0.0255914
0.0255775
0.0255871
0.0255871
0.0255902
0.0255899
0.0255795
0.0257172
0.0257317
0.0255828
0.0257064
0.0255959
0.0256122
0.0258578
0.0259238
0.0260207
0.0253959
0.0254238
0.0255104
0.025827
0.0253983
0.0258075
0.0254429
0.025513
0.025771
0.0257346
0.0257041
0.0254632
0.0255572
0.025769
0.0257657
0.0257447
0.0255098
0.0254611
0.025508
0.0254725
0.0254766
0.0256934
0.0256862
0.025494
0.0256861
0.025688
0.0254944
0.0256615
0.025501
0.0256775
0.0255085
0.0256412
0.0255066
0.0256651
0.0256542
0.0256624
0.0256409
0.0256151
0.0256569
0.0256429
0.0255213
0.0256484
0.025614
0.0256426
0.0255916
0.0255304
0.0256369
0.0255353
0.0255708
0.025582
0.0248013
0.0255786
0.0255867
0.0255225
0.0258319
0.0258256
0.0252709
0.0253224
0.0253166
0.0255063
0.0253306
0.0253474
0.0257561
0.025748
0.0254154
0.0257163
0.0257237
0.0256221
0.0254186
0.0255329
0.0254422
0.0254428
0.0254359
0.025455
0.0256812
0.0254805
0.0256506
0.0254787
0.0255997
0.0256665
0.0256436
0.0256673
0.0256331
0.0256443
0.0255872
0.0256593
0.0255243
0.0255241
0.0256354
0.0255148
0.0255489
0.0255274
0.0256027
0.0255156
0.0255855
0.0255235
0.0256351
0.0255301
0.0255471
0.0255302
0.0255775
0.025582
0.025179
0.0255807
0.025584
0.0255578
0.0257367
0.0257441
0.0254215
0.0254122
0.0254403
0.0255473
0.0254296
0.0254593
0.0256928
0.0256893
0.0254883
0.0256661
0.0256763
0.0256044
0.0254773
0.0255552
0.0255006
0.0254991
0.0254923
0.025504
0.0256465
0.02552
0.0256248
0.0255158
0.0255929
0.0256382
0.0256213
0.0256415
0.0256148
0.0256227
0.0255853
0.0256357
0.0255457
0.0255451
0.0256172
0.0255384
0.025561
0.0255468
0.0255954
0.0255372
0.0255843
0.0255427
0.0256187
0.0255475
0.0255592
0.0255473
0.025315
0.0247258
0.0254976
0.0254982
0.025327
0.0254429
0.0256893
0.0253311
0.0254333
0.0255978
0.0255127
0.0253594
0.025633
0.025406
0.0254728
0.0254229
0.0255225
0.0254531
0.0254905
0.0254168
0.0255034
0.0256031
0.0254524
0.0254565
0.0254873
0.0254491
0.0254819
0.025501
0.0255114
0.0254778
0.0255973
0.025508
0.0256119
0.0256222
0.0256239
0.0255081
0.0255974
0.0255377
0.0255441
0.0255418
0.0256016
0.0255915
0.0253469
0.025582
0.0255806
0.0255491
0.0254641
0.0255894
0.0254795
0.0254944
0.0255158
0.0256443
0.0256547
0.025646
0.0255074
0.0256514
0.0256069
0.0256409
0.0255773
0.0255285
0.0255256
0.0255438
0.0255266
0.025529
0.025566
0.0255923
0.025585
0.0255567
0.0255425
0.0255728
0.0255527
0.0255809
0.0255457
0.0255483
0.0256022
0.0255764
0.0256125
0.0255534
0.0255752
0.0255767
0.025563
0.0255948
0.0256037
0.025593
0.0256058
0.025562
0.0255941
0.0255699
0.0256016
0.0255804
0.0255625
0.0255466
0.0251169
0.0255686
0.0255189
0.0252154
0.0257682
0.0255713
0.0253755
0.025464
0.0256179
0.0257151
0.0255874
0.0252852
0.0255224
0.0254561
0.0253671
0.0257055
0.0256595
0.0254683
0.0256221
0.0256497
0.0255674
0.0254208
0.0254328
0.0256532
0.0256605
0.0255635
0.0255456
0.0254773
0.0256369
0.0256628
0.0256621
0.0255401
0.0255636
0.0255424
0.0256269
0.0255311
0.0254983
0.0256145
0.0256297
0.0255449
0.0256208
0.0255118
0.025509
0.0256337
0.0255242
0.025591
0.0255862
0.0255914
0.0256442
0.0255829
0.025583
0.0256181
0.0255857
0.025578
0.0256137
0.0256124
0.0256083
0.0255773
0.025595
0.0255658
0.0255857
0.0256073
0.0255878
0.0255975
0.0255721
0.0255932
0.0256019
0.0255857
0.0256015
0.0255657
0.0255857
0.0255842
0.0255685
0.0255972
0.0255845
0.0255699
0.0255793
0.0255812
0.0255952
0.0255712
0.0255768
0.0255891
0.0255888
0.0255937
0.0255932
0.0255926
0.0255931
0.0255729
0.0255772
0.0255776
0.0255776
0.0255916
0.0255882
0.0255912
0.0255911
0.0255901
0.0255905
0.0255902
0.0255884
0.0255896
0.0255779
0.0255893
0.0252215
0.025153
0.0251064
0.0255722
0.0252396
0.025511
0.0252644
0.0253248
0.0254477
0.0253293
0.0254892
0.025609
0.0254022
0.0253946
0.025427
0.0254495
0.02561
0.0255289
0.0255037
0.0254717
0.0245072
0.0252081
0.0242239
0.024935
0.0252123
0.0252101
0.0254671
0.0252965
0.0253356
0.025255
0.0255353
0.0252001
0.0252745
0.0253463
0.0252489
0.0253859
0.0256363
0.0253434
0.0255483
0.0253886
0.0252834
0.02565
0.0253844
0.025394
0.0253535
0.0253756
0.0255359
0.0254524
0.0255726
0.0253938
0.0255828
0.0254213
0.0254413
0.0254733
0.0255527
0.025638
0.0255842
0.0255823
0.025573
0.0256148
0.0255346
0.025638
0.0255719
0.0255684
0.0255441
0.0256238
0.025548
0.0255598
0.0255881
0.0255679
0.0255498
0.0256059
0.025594
0.0256076
0.0255574
0.0255935
0.0256119
0.0256115
0.0255677
0.0255934
0.0256023
0.0256088
0.0255679
0.0256056
0.0256058
0.0255658
0.0256037
0.0255988
0.0255685
0.0255877
0.025591
0.0256016
0.0255864
0.0255893
0.0255727
0.0255894
0.0255952
0.0255825
0.0255974
0.0255893
0.0255951
0.0255824
0.025574
0.0255899
0.0255839
0.0255834
0.0255947
0.0255829
0.0255791
0.0255914
0.0255881
0.025572
0.0255865
0.0251239
0.0250123
0.0255497
0.0252366
0.0253913
0.0253003
0.0257113
0.0256132
0.0255685
0.025657
0.0255979
0.0254624
0.0255216
0.0255043
0.0256143
0.0255963
0.0254481
0.0255293
0.0255807
0.0254688
0.0255368
0.025521
0.0256252
0.0256427
0.025586
0.0255637
0.0255057
0.0255037
0.0255079
0.0255163
0.0255462
0.0255163
0.0255563
0.0255403
0.0255731
0.0255333
0.0255278
0.0255819
0.0255388
0.0256127
0.0255371
0.0255819
0.0255358
0.0255403
0.0255976
0.0098485
0.0213269
0.0252089
0.0248706
0.023738
0.0251834
0.0240673
0.0243987
0.0253669
0.0246155
0.0250651
0.0253574
0.02505
0.0252173
0.0249935
0.025652
0.0250971
0.0254166
0.0255755
0.025573
0.0255624
0.0255248
0.0257065
0.025587
0.0255257
0.0254097
0.0255768
0.0256625
0.0255399
0.0255168
0.0256714
0.0254556
0.0255797
0.0254649
0.025628
0.0255448
0.025479
0.0254814
0.0255719
0.0255944
0.0254983
0.0255731
0.025505
0.0255047
0.0255495
0.0255281
0.0255101
0.0256116
0.0255226
0.025556
0.0255263
0.0255293
0.025556
0.0255287
0.0255291
0.0255388
0.025537
0.0255377
0.0255444
0.0255954
0.0255642
0.025609
0.0255548
0.024064
0.0253799
0.0254418
0.0247503
0.0248437
0.0249123
0.0250706
0.0249232
0.0257802
0.0255772
0.0252508
0.0256768
0.0256898
0.0255041
0.0253863
0.0255379
0.0253183
0.0256818
0.0253977
0.0253266
0.0253125
0.025701
0.0253328
0.0254694
0.0254923
0.0254565
0.0254053
0.0255375
0.0255675
0.0256167
0.0254779
0.0255858
0.0256499
0.0254583
0.0254886
0.0256069
0.0255033
0.0254809
0.0254771
0.0254831
0.0254782
0.0249085
0.0256535
0.025541
0.0254836
0.0255593
0.0255475
0.0256934
0.025433
0.0255502
0.0256393
0.0254987
0.0255658
0.0254858
0.0256577
0.0255414
0.0256138
0.0256023
0.0256444
0.0255018
0.0255198
0.0255861
0.0255112
0.0256254
0.025601
0.0255198
0.025623
0.0255196
0.0255292
0.0255239
0.0255278
0.0256133
0.0256208
0.0256234
0.0255512
0.0255758
0.0255784
0.0255705
0.0255784
0.0256151
0.0255582
0.0256083
0.0255757
0.025587
0.0255497
0.0255574
0.0256037
0.0256061
0.0192105
0.0213441
0.0233276
0.0236352
0.0241117
0.0247465
0.0247982
0.0245162
0.0247839
0.0245943
0.0248931
0.0250974
0.0252959
0.02529
0.0252109
0.0256846
0.0257599
0.0256098
0.0256224
0.0257177
0.0255524
0.0255884
0.0256026
0.0256691
0.0256613
0.0256566
0.0256484
0.0256443
0.0256466
0.0255733
0.0256413
0.0256382
0.0255708
0.0255561
0.0256059
0.0256233
0.0255811
0.025624
0.0255977
0.0256285
0.025547
0.0256217
0.0255982
0.0255838
0.0255605
0.0256038
0.0255847
0.0256176
0.0255704
0.025616
0.0256067
0.0255988
0.0255685
0.0255985
0.0255725
0.0255968
0.0256073
0.0255713
0.0256086
0.0256094
0.0256059
0.0256084
0.025602
0.0255771
0.0256049
0.0256044
0.0255789
0.0255903
0.0256011
0.025572
0.0256023
0.0255932
0.0255687
0.0255801
0.025601
0.0256001
0.0256
0.0255827
0.016635
0.0254791
0.0252797
0.024702
0.0244567
0.0246196
0.0253295
0.0254934
0.0250117
0.02478
0.0253607
0.0252237
0.0252341
0.0253041
0.0251149
0.0253157
0.0252529
0.0252198
0.0252587
0.0252711
0.0253051
0.0255245
0.0256008
0.0148649
0.0226954
0.0252836
0.0250424
0.0242794
0.0252736
0.0244962
0.0247111
0.0254133
0.0248537
0.0251756
0.025405
0.025165
0.0252967
0.0251239
0.0256384
0.0252012
0.0254485
0.0153607
0.0171406
0.0255765
0.0223304
0.0228366
0.0238362
0.0226949
0.0241303
0.0237364
0.0240302
0.0244285
0.0242614
0.0252198
0.0251611
0.0250116
0.0251529
0.0253367
0.025193
0.0257408
0.0256546
0.025802
0.0256116
0.0255895
0.0255998
0.025693
0.0255998
0.0255981
0.0256111
0.0255833
0.0256542
0.0256532
0.0255925
0.0256508
0.0255519
0.025542
0.0255405
0.0256136
0.0255971
0.0256222
0.0255571
0.025629
0.0255665
0.0255856
0.0256012
0.0256361
0.0256326
0.0256238
0.025634
0.0256271
0.0256265
0.0256024
0.0256231
0.0255829
0.0255747
0.0255577
0.0256174
0.0256191
0.025603
0.0255945
0.0256021
0.0256137
0.0255701
0.025562
0.0256131
0.0256118
0.0255758
0.0256074
0.0256079
0.0256087
0.0255635
0.0256043
0.0256034
0.0256027
0.0255949
0.0256037
0.0256017
0.0255973
0.0255825
0.0255832
0.0255956
0.025573
0.025581
0.0254839
0.0248799
0.0253097
0.0252077
0.0255817
0.024847
0.0250622
0.0249156
0.0253867
0.024938
0.0249961
0.0254776
0.0250386
0.0251755
0.0252574
0.0251668
0.0252264
0.025355
0.0252422
0.0255605
0.0252966
0.0253306
0.0253866
0.0253934
0.0255489
0.0253977
0.0254389
0.0255818
0.025499
0.0255103
0.0253582
0.025273
0.0252911
0.0253694
0.0253115
0.0252891
0.0253758
0.0254642
0.0253364
0.0253463
0.0254637
0.0254971
0.0254213
0.0254074
0.0254924
0.0254381
0.0255745
0.0255536
0.0254764
0.0255433
0.0244255
0.0228109
0.024592
0.0245897
0.0255053
0.0252348
0.0253663
0.0250492
0.0250441
0.0256305
0.0254578
0.0249665
0.0254311
0.0253704
0.0256632
0.0253201
0.0252155
0.0252475
0.0252177
0.0254756
0.0253384
0.0254433
0.0239101
0.0254461
0.025106
0.0257058
0.0253743
0.0256088
0.0254625
0.0255552
0.0253468
0.025444
0.0253731
0.025491
0.0254161
0.02543
0.0254187
0.0254522
0.025496
0.0255653
0.0255164
0.0255537
0.0256181
0.0254939
0.0255097
0.0254819
0.0255012
0.0254858
0.0255047
0.0254856
0.0255306
0.0255997
0.0255121
0.0256244
0.0255642
0.025514
0.0255336
0.0256093
0.0255754
0.0255628
0.0255406
0.0255237
0.0243616
0.0242423
0.0223615
0.0224759
0.0233376
0.0255868
0.0243093
0.0256529
0.0243077
0.0250843
0.0243793
0.0243112
0.0251403
0.0250339
0.024566
0.0252897
0.0247152
0.0248695
0.0249336
0.0249299
0.0250083
0.0251216
0.0253494
0.0254533
0.0254553
0.0253454
0.0255316
0.0253519
0.0235936
0.023057
0.0240417
0.0257263
0.0239079
0.0238628
0.0251665
0.0246413
0.0247238
0.0253694
0.0253814
0.025014
0.0251416
0.0251716
0.025583
0.0256399
0.0255685
0.0255964
0.0255816
0.0256967
0.0256613
0.0255985
0.0256528
0.0256625
0.0255663
0.0256334
0.0256176
0.0256348
0.0255598
0.0256121
0.0256296
0.0256159
0.0256323
0.025632
0.0255553
0.0256291
0.0255478
0.0256058
0.0256065
0.0255669
0.025585
0.0255723
0.0256115
0.0256232
0.0255753
0.0255794
0.0256166
0.0256149
0.0255608
0.0256139
0.0255675
0.0255622
0.0256092
0.0255972
0.0256091
0.0256033
0.0255681
0.0255736
0.0256047
0.0255947
0.0255917
0.025606
0.0255956
0.0255707
0.0256042
0.0256013
0.0256029
0.0256023
0.0255812
0.0256005
0.0255701
0.0255749
0.0255971
0.0255962
0.0255779
0.0255694
0.0255906
0.025583
0.0255874
0.0250891
0.0233527
0.0248877
0.0239938
0.0248063
0.0250713
0.0244071
0.0247885
0.0249793
0.025026
0.0255809
0.0254937
0.0254339
0.0254306
0.0254069
0.0255302
0.0254298
0.0252958
0.0255949
0.0253146
0.0254393
0.0254537
0.0253338
0.0253498
0.0253997
0.025472
0.0254712
0.0254805
0.0254079
0.0254083
0.0254882
0.0254149
0.0255947
0.0255622
0.0255212
0.0256137
0.0255053
0.0254591
0.0255666
0.0255981
0.0254738
0.0254724
0.0255912
0.0255351
0.0254836
0.0255362
0.0255272
0.0255088
0.0255491
0.0255323
0.025592
0.0255428
0.0251636
0.0254883
0.0252745
0.0254468
0.0255296
0.0254055
0.0256541
0.0255528
0.025555
0.0254617
0.025487
0.0254812
0.0256405
0.0254793
0.0255883
0.0255627
0.0256194
0.025585
0.0255133
0.025531
0.0255239
0.0255161
0.0255888
0.0255984
0.0255634
0.0256145
0.0255196
0.0255234
0.0255851
0.0256007
0.0255292
0.0255489
0.0255492
0.0255408
0.02558
0.0255434
0.0255937
0.0255467
0.0255737
0.0255854
0.0255622
0.0255558
0.0255881
0.0255807
