0.0180116
0.0230799
0.0200193
0.0208505
0.0249278
0.0223896
0.0227331
0.0229678
0.0236295
0.0239119
0.0246535
0.0246535
0.0247955
0.0245947
0.0246516
0.0246653
0.0246447
0.0247086
0.0247133
0.02466
0.0247046
0.0246946
0.024658
0.02465
0.0246934
0.0246198
0.0246173
0.0246937
0.0246947
0.0246933
0.0246626
0.024671
0.0246803
0.0246241
0.0246466
0.0246247
0.0246675
0.0246548
0.0246322
0.0246435
0.024682
0.0246527
0.0246679
0.0246801
0.0246388
0.0246592
0.0246601
0.0246466
0.0246761
0.0246779
0.0246554
0.0246318
0.0246753
0.0246611
0.0246514
0.0246736
0.024671
0.0246489
0.0246407
0.0246393
0.0246569
0.0246556
0.0246365
0.0246512
0.0246524
0.024669
0.0246686
0.0246583
0.0246679
0.0246627
0.0246434
0.024655
0.0246459
0.0246476
0.0248757
0.024654
0.024642
0.0246629
0.0240189
0.0241219
0.0241344
0.0253831
0.0252936
0.0253071
0.0249693
0.0247646
0.0247293
0.0250733
0.0250802
0.0250226
0.0246862
0.0246592
0.0243271
0.0250019
0.0249255
0.0249837
0.0243771
0.024383
0.0243872
0.024964
0.0246566
0.0244994
0.0249107
0.0247842
0.02459
0.0248948
0.0246307
0.024877
0.0244867
0.0248698
0.0248498
0.0248452
0.0248345
0.0244908
0.0245012
0.0248167
0.0245062
0.0247916
0.0246854
0.0248023
0.0246329
0.0246193
0.0247803
0.0247845
0.0247823
0.0247521
0.0247166
0.0246332
0.0247634
0.024765
0.0246694
0.024563
0.0246535
0.024605
0.0247002
0.0251043
0.025182
0.0244604
0.0248819
0.0250688
0.0240961
0.0250876
0.0249227
0.02417
0.0249907
0.0249137
0.0243453
0.0249608
0.0244661
0.0249747
0.0243213
0.0245565
0.0243399
0.0249118
0.0249246
0.0243541
0.0248593
0.0248872
0.0243979
0.0248699
0.0245678
0.0244718
0.024596
0.0244976
0.024837
0.0246375
0.0247084
0.0248052
0.0245791
0.0245243
0.0248062
0.0247083
0.0246066
0.0247247
0.0245025
0.0245143
0.0247148
0.0247779
0.02465
0.0245312
0.0246211
0.0245995
0.0246446
0.0245451
0.0246673
0.0247567
0.0246535
0.0246341
0.0246727
0.0248806
0.0249514
0.0245725
0.0247567
0.024879
0.024356
0.0249343
0.0247881
0.0243665
0.0248571
0.0247973
0.0244394
0.024834
0.0245579
0.0248659
0.0244422
0.0246018
0.0244677
0.0248332
0.0248357
0.0244613
0.0247754
0.0248013
0.0244909
0.0247975
0.0246029
0.024542
0.0246194
0.024558
0.024779
0.0246437
0.0246873
0.0247522
0.0246078
0.0245719
0.0247596
0.024688
0.0246242
0.024699
0.024552
0.0245623
0.0246927
0.024739
0.0246512
0.0245698
0.0246325
0.0246185
0.0246477
0.024581
0.0246625
0.0247244
0.0246535
0.0246303
0.0245208
0.0249362
0.0243
0.0242123
0.0247238
0.0247604
0.0245426
0.0247313
0.0244129
0.024777
0.024424
0.0245317
0.0248121
0.0244822
0.0244771
0.0244626
0.0245779
0.0247943
0.0245256
0.0244806
0.0245751
0.024516
0.0245761
0.0245273
0.0245712
0.0245358
0.0245292
0.0245381
0.0245273
0.0245302
0.0246725
0.0245788
0.0245944
0.0245746
0.0247124
0.0246341
0.0246535
0.0246535
0.0245629
0.0247775
0.0244791
0.0247486
0.0244647
0.0245927
0.0245422
0.0245612
0.0247653
0.0245225
0.0245429
0.0245255
0.0246993
0.0245271
0.0247597
0.024678
0.0246278
0.0247217
0.0245579
0.0246667
0.0245835
0.0246959
0.024601
0.0247198
0.024586
0.0246878
0.0247048
0.0246714
0.0245774
0.0246599
0.0245929
0.0246975
0.0245843
0.0247181
0.024598
0.0245963
0.0246168
0.0246138
0.0245992
0.0246959
0.0246214
0.0246056
0.0246851
0.024604
0.0246091
0.0246378
0.0246878
0.0246873
0.0246852
0.0246135
0.0246535
0.0233073
0.0240861
0.025035
0.0249218
0.0240262
0.0247359
0.0245052
0.0248822
0.0248848
0.0250167
0.024364
0.0249756
0.0242176
0.0242339
0.024501
0.0243273
0.0243403
0.0248388
0.0244514
0.0247973
0.0244129
0.0244172
0.0243944
0.0247062
0.0248006
0.0244913
0.0245109
0.0245445
0.024616
0.0244618
0.0245798
0.024726
0.0247591
0.0245124
0.0245187
0.0247655
0.0245636
0.0245364
0.0245287
0.0245408
0.0247283
0.0247692
0.0246851
0.024676
0.0247314
0.0247443
0.0246535
0.0246537
0.02463
0.024701
0.0247175
0.024596
0.0246435
0.0247051
0.0246517
0.0246987
0.0247039
0.0246993
0.0246604
0.0246392
0.0246964
0.0246965
0.0246476
0.0246421
0.0246776
0.0246206
0.0246888
0.0246532
0.0246873
0.0246664
0.0246484
0.0246295
0.0246858
0.0246361
0.0246831
0.0246348
0.0246808
0.0246318
0.0246692
0.0246341
0.0246727
0.0246663
0.024676
0.024676
0.0246334
0.0246745
0.0246541
0.0246435
0.0246714
0.024654
0.0246413
0.0246709
0.0246708
0.0246619
0.0246692
0.0246419
0.0246429
0.0246504
0.0246396
0.0246447
0.0246554
0.0246403
0.0242247
0.0243351
0.0243904
0.0244239
0.0243989
0.0244651
0.0247367
0.0245453
0.0245769
0.0245217
0.0244298
0.0243907
0.0244291
0.0244091
0.0246969
0.0245163
0.0247202
0.0245836
0.0245
0.0245028
0.0245459
0.0245308
0.0245678
0.024578
0.0246535
0.0242994
0.0234766
0.0242886
0.0234738
0.0243276
0.0241264
0.0239066
0.0243868
0.0249875
0.0245413
0.0242286
0.02405
0.0247032
0.0248298
0.0243315
0.0245242
0.0246484
0.0243341
0.0248287
0.0247726
0.0243823
0.0247717
0.0247592
0.0246809
0.0243947
0.0244873
0.0244293
0.0247001
0.024738
0.0246844
0.0246056
0.0244927
0.0245603
0.0246535
0.0246535
0.0246942
0.0246536
0.024652
0.0247456
0.0247447
0.0247486
0.0245641
0.0246341
0.0246649
0.0245961
0.0246955
0.0246035
0.0247191
0.0246458
0.0246289
0.0247032
0.024591
0.0246435
0.0246056
0.0246025
0.0247059
0.0247037
0.0246065
0.0246696
0.0246634
0.0247032
0.024702
0.0246608
0.0246678
0.0246118
0.0246104
0.0246968
0.0246955
0.0246148
0.0246277
0.0246699
0.024638
0.0246633
0.0246193
0.0246784
0.0246653
0.0246865
0.0246634
0.0246237
0.0246477
0.0246434
0.0246643
0.0246696
0.0246276
0.0246788
0.024627
0.0246353
0.0246282
0.0246701
0.024661
0.0246658
0.0246444
0.0246322
0.0246535
0.0250107
0.0246236
0.0248103
0.0244091
0.0248423
0.024646
0.0248917
0.024768
0.0246899
0.0246701
0.0248184
0.0244385
0.0244515
0.0245571
0.024787
0.0246616
0.0246885
0.0244863
0.0246243
0.0246253
0.0247861
0.0247029
0.0245154
0.024516
0.0246882
0.0245659
0.0247477
0.0245624
0.0245424
0.0246403
0.0245577
0.0246869
0.0245431
0.0245894
0.0245577
0.0246377
0.0246577
0.0246296
0.0247084
0.0245737
0.0245742
0.0245806
0.0245933
0.0245962
0.0236398
0.0227979
0.0227117
0.0219197
0.0232651
0.0228265
0.0230816
0.0230667
0.0241087
0.0236103
0.0234602
0.0249541
0.0238141
0.0236969
0.0240574
0.0241056
0.0240237
0.0241076
0.0243659
0.0242086
0.0246535
0.0240452
0.024315
0.0248754
0.0247972
0.0243547
0.0246953
0.024593
0.0247733
0.0247751
0.024875
0.0245249
0.0248565
0.0244127
0.0244232
0.0245851
0.0244782
0.0244776
0.02476
0.0245516
0.0247342
0.0245042
0.0245304
0.0245156
0.0246837
0.0247389
0.0245665
0.0245776
0.024596
0.0246346
0.0245384
0.0246142
0.024696
0.0247162
0.0245745
0.0245772
0.0247213
0.0246032
0.0245869
0.0245816
0.0245893
0.0246985
0.0247261
0.0246727
0.0246674
0.024701
0.0247095
0.0246535
0.0246287
0.0244162
0.0243323
0.0236378
0.0240512
0.0239638
0.0241098
0.0243281
0.0238786
0.0243499
0.0250398
0.0242567
0.0249948
0.0249166
0.0245569
0.0242445
0.0242283
0.024859
0.0243029
0.0242341
0.0242875
0.0243199
0.0248039
0.0243927
0.0248085
0.0246297
0.024428
0.0245869
0.0244119
0.0245135
0.0244315
0.0247091
0.0244735
0.0244397
0.0244705
0.0244647
0.0245122
0.0247079
0.0245983
0.0245695
0.0246825
0.0246535
0.0246531
0.0247167
0.0244187
0.0247748
0.0244513
0.0245426
0.0244061
0.0244237
0.0244236
0.0246742
0.0245925
0.0245926
0.024467
0.0244935
0.0244762
0.0245083
0.0246043
0.0246811
0.0247111
0.0245227
0.0245506
0.0245906
0.0245823
0.0246482
0.0246694
0.0247435
0.0247286
0.0247246
0.0247359
0.0245643
0.0247264
0.0247254
0.0246105
0.0245807
0.0246171
0.0247078
0.0246931
0.0246605
0.024657
0.024675
0.0246771
0.0245987
0.0246351
0.0149972
0.0230507
0.0232385
0.0244188
0.0227485
0.0229102
0.0227278
0.0231867
0.0232897
0.0244941
0.0235154
0.0235573
0.0238313
0.0239954
0.0244955
0.024128
0.0246535
0.0246535
0.0246566
0.0247144
0.0245205
0.0245368
0.024632
0.0246523
0.0246064
0.0246346
0.0246562
0.0246486
0.0246027
0.0247648
0.0246455
0.0247624
0.024748
0.0247533
0.0247529
0.0247519
0.0247449
0.0247509
0.0245807
0.0245985
0.0245941
0.0247239
0.0246076
0.0247292
0.0247285
0.0247275
0.0247219
0.0247151
0.0246683
0.0245989
0.0246096
0.0247145
0.0246742
0.0246149
0.0246036
0.0246048
0.0246478
0.0246407
0.0246147
0.0246555
0.0246378
0.0246829
0.0246786
0.0246371
0.024699
0.0246117
0.024652
0.0246679
0.0246454
0.0246219
0.0246892
0.024691
0.0246859
0.0246483
0.0246295
0.0246511
0.0246878
0.0246274
0.0246835
0.0246744
0.0246241
0.0234266
0.0229816
0.0249587
0.0236044
0.0236319
0.0248303
0.024882
0.0240098
0.0238606
0.0238922
0.0247108
0.0246198
0.0243222
0.024308
0.0242751
0.0243327
0.0244476
0.0245435
0.0243914
0.0245743
0.024016
0.0234014
0.0233878
0.0227632
0.0236727
0.023371
0.0234828
0.0234796
0.0242178
0.0238892
0.023763
0.0248942
0.0240227
0.0239273
0.0241844
0.0242204
0.0241604
0.0242241
0.0244267
0.0243002
0.0196225
0.0190643
0.0210564
0.0211152
0.0238519
0.0218292
0.0223493
0.0237917
0.024963
0.0238289
0.0241003
0.0233544
0.0234281
0.0242811
0.0238764
0.0240149
0.0242026
0.0246535
0.024917
0.0246543
0.0245867
0.0245709
0.0248161
0.0248205
0.0246981
0.0246354
0.0247143
0.0245238
0.0245615
0.0245976
0.0247806
0.0246679
0.0246838
0.0247295
0.0245929
0.024568
0.0247651
0.0247653
0.0247495
0.0246073
0.0245724
0.0245988
0.0245928
0.0246064
0.0246091
0.0246449
0.0245902
0.0247379
0.0246702
0.0247312
0.0246545
0.0246831
0.0247266
0.024724
0.0246816
0.0245954
0.0245958
0.0246995
0.0246116
0.0246974
0.0246056
0.0246127
0.0246909
0.0247111
0.0247125
0.0246113
0.0246094
0.0246742
0.0246425
0.0246484
0.0246711
0.0246458
0.0246541
0.0246186
0.0246915
0.0246386
0.0246961
0.0246481
0.0246211
0.0246772
0.0246899
0.0246779
0.0246204
0.0246535
0.0226222
0.0233994
0.0239791
0.0236957
0.0232939
0.0236031
0.0239644
0.0240888
0.0246263
0.0245302
0.0238489
0.024552
0.0245544
0.0243111
0.0242007
0.0243274
0.0246259
0.0242444
0.0244983
0.0242727
0.0246067
0.0247011
0.0243775
0.0243451
0.0243522
0.0244056
0.024638
0.0246207
0.0245658
0.0243835
0.0243272
0.0243404
0.0242499
0.0246342
0.0243287
0.0247905
0.0243
0.0244239
0.0245024
0.0246528
0.0244632
0.0247364
0.0244168
0.0244498
0.0244801
0.0244814
0.0245314
0.0245321
0.0245124
0.024535
0.0245731
0.0246952
0.0245995
0.0237792
0.0235697
0.0233196
0.0231317
0.0234636
0.0238304
0.0235184
0.0235633
0.0248717
0.0248664
0.0244567
0.0239062
0.0246134
0.0247767
0.0241329
0.0247778
0.0242641
0.0242032
0.0242735
0.0243932
0.0242888
0.0246353
0.024336
0.0246535
0.0246346
0.0245431
0.0249049
0.0243534
0.024274
0.0247107
0.0247437
0.0245577
0.0247189
0.0244474
0.0247604
0.0244558
0.0245473
0.0247952
0.0245037
0.0244958
0.0244862
0.0245864
0.0247789
0.0245407
0.0244996
0.0245837
0.0245316
0.0245844
0.0245403
0.02458
0.0245486
0.0245425
0.0245499
0.0245406
0.024543
0.0246699
0.0245865
0.0246003
0.0245825
0.0247065
0.0246357
0.0246535
0.0245972
0.0248528
0.0223433
0.0236733
0.0216976
0.0251914
0.0240286
0.0239193
0.0240907
0.0239717
0.0224191
0.0228784
0.0228093
0.024165
0.0242396
0.0248224
0.0236481
0.0240624
0.0247602
0.0239919
0.0242984
0.024318
0.0248484
0.0240519
0.0244806
0.0241613
0.0243069
0.0248322
0.0245014
0.0239133
0.0224282
0.0212719
0.0227771
0.0228403
0.0236633
0.0230392
0.0238902
0.0234773
0.023674
0.02366
0.0247388
0.0242847
0.024601
0.0247652
0.0246535
0.0246535
0.024938
0.0247637
0.0246624
0.0247725
0.0246352
0.0247856
0.0245468
0.0246561
0.0246061
0.0247303
0.024762
0.0247403
0.0246815
0.024749
0.0247328
0.0246084
0.0247054
0.0247328
0.0246562
0.0247288
0.0247239
0.024679
0.0245961
0.0246005
0.0246063
0.0246259
0.0247206
0.0246825
0.024688
0.0247056
0.0247008
0.0246591
0.0247017
0.0246098
0.0247074
0.0246787
0.024611
0.0246381
0.0246262
0.0246498
0.0246674
0.0246988
0.024626
0.0246562
0.0246262
0.0246501
0.0246169
0.0246723
0.0246581
0.0246706
0.0246863
0.0246713
0.0246874
0.0246543
0.0246825
0.024685
0.024684
0.0246582
0.0246813
0.0246752
0.0245801
0.0209945
0.0225363
0.0242736
0.0245893
0.0237486
0.0242368
0.0236277
0.0237413
0.0238702
0.0239447
0.0244004
0.0246535
0.0251275
0.0241792
0.0240844
0.0244498
0.0241132
0.024594
0.0243664
0.0248977
0.0242644
0.0247728
0.0247077
0.0246217
0.0245584
0.024829
0.0247647
0.0247645
0.024467
0.0244375
0.0247157
0.0244308
0.0247876
0.0246945
0.0244962
0.0245731
0.0244698
0.0246706
0.0245247
0.0245039
0.0247339
0.0246183
0.02473
0.0246596
0.0247103
0.0246861
0.0247468
0.0245408
0.0245697
0.0245656
0.024689
0.0246535
0.0246476
0.0246574
0.0245046
0.0247291
0.0246847
0.0248424
0.0245223
0.0245287
0.0245539
0.0245101
0.0245283
0.0247851
0.0245308
0.0244854
0.0245084
0.0245224
0.0245311
0.0245278
0.0245411
0.0245413
0.0246989
0.0247543
0.0245933
0.0247375
0.0245634
0.024732
0.0245755
0.0247188
0.0246623
0.0247068
0.0246236
0.0245777
0.024587
0.024576
0.0246928
0.0245868
0.0246269
0.0246842
0.0245922
0.024614
0.0246288
0.0246295
0.024599
0.0246011
0.0246428
0.0246126
