0.0217218
0.0210661
0.02104
0.0248632
0.0259713
0.0254626
0.0242666
0.0247
0.0248588
0.0249853
0.0249626
0.0276291
0.026162
0.0261732
0.0262426
0.0261673
0.0261656
0.0261637
0.0261169
0.0261554
0.0261634
0.0261996
0.0262075
0.0261834
0.0261775
0.0261307
0.0261423
0.0261969
0.0261958
0.0261802
0.0261954
0.0261941
0.0261863
0.0261901
0.0261918
0.0261459
0.0261443
0.0261588
0.0261419
0.0261876
0.0261786
0.0261419
0.0261688
0.0261833
0.0261846
0.0261617
0.026178
0.0261723
0.0261827
0.0261805
0.0261729
0.0261783
0.0261809
0.0261558
0.0261674
0.0261526
0.0261779
0.0261635
0.0261548
0.0261494
0.0261777
0.0261773
0.0261773
0.0261492
0.0261495
0.0261497
0.0261756
0.0261754
0.0261665
0.0261636
0.0261528
0.026174
0.0261731
0.0261576
0.0261704
0.0261718
0.0261727
0.026162
0.0281818
0.0272664
0.0261148
0.0261405
0.0257482
0.0267691
0.0262842
0.0265042
0.0266566
0.0258959
0.0258765
0.0265829
0.0264786
0.0264333
0.0258836
0.0259065
0.0264292
0.0264514
0.0264542
0.0264443
0.0263916
0.0264046
0.0264182
0.0260817
0.025994
0.0263867
0.0263538
0.0263096
0.0260738
0.026364
0.0260016
0.0263577
0.0260135
0.0263393
0.0262581
0.0260187
0.0263155
0.0260653
0.0263037
0.0262767
0.0260564
0.0261849
0.0260538
0.026225
0.0262163
0.0260532
0.0261983
0.0262511
0.0260732
0.0262479
0.026209
0.0261728
0.0262339
0.0260766
0.026124
0.0262331
0.0261555
0.0262433
0.0261707
0.026162
0.026162
0.0254438
0.0265751
0.0260964
0.0256095
0.0262917
0.0258506
0.026435
0.0260214
0.0264569
0.0257992
0.0261323
0.026065
0.0264404
0.0263816
0.0260265
0.0261019
0.0258922
0.0261393
0.0259127
0.0263608
0.0259416
0.0263545
0.0263474
0.0259784
0.0259673
0.0259711
0.0259785
0.0262589
0.0259895
0.026311
0.0261495
0.0262832
0.0263071
0.0262661
0.0262795
0.0260901
0.0262164
0.0260567
0.0262358
0.0262704
0.0262427
0.0260493
0.0260582
0.0261343
0.026126
0.0261025
0.0261886
0.0260992
0.0262402
0.0261392
0.026162
0.026162
0.0256801
0.0264019
0.0261353
0.02586
0.0262202
0.0260172
0.0263063
0.0261003
0.0263333
0.0259372
0.0261481
0.0261166
0.0263481
0.0262802
0.0260965
0.0261309
0.0259912
0.0261501
0.0260183
0.0262994
0.0260279
0.026287
0.0262836
0.0260357
0.026037
0.0260385
0.0260393
0.0262203
0.0260438
0.026261
0.0261546
0.0262392
0.0262602
0.0262274
0.0262405
0.0261169
0.0261965
0.0260935
0.0262098
0.0262371
0.0262147
0.0260871
0.026092
0.0261443
0.0261389
0.0261234
0.0261792
0.026121
0.0262151
0.0261472
0.026162
0.0225236
0.026046
0.0263566
0.0257215
0.026236
0.0258807
0.0260716
0.0259792
0.0258555
0.0258729
0.0259137
0.0262153
0.0258877
0.0262116
0.0261656
0.0260391
0.0262592
0.0259735
0.0260234
0.0261186
0.0262117
0.0260333
0.0260023
0.0261174
0.0261977
0.0260426
0.0261236
0.0260456
0.0260968
0.0260413
0.0260473
0.0260717
0.0262258
0.0260756
0.026196
0.0260785
0.0261024
0.0262158
0.0260978
0.0261139
0.026162
0.025353
0.0263594
0.026198
0.0260799
0.0261699
0.0261809
0.0262315
0.0261853
0.0261409
0.0262554
0.0260679
0.0260545
0.0261479
0.0261065
0.0262271
0.0260582
0.0261989
0.026224
0.0261068
0.0261659
0.0262356
0.0261971
0.0261795
0.0262281
0.0261165
0.0262152
0.0260952
0.0261715
0.0261284
0.0261591
0.026145
0.0261884
0.0261509
0.0262087
0.0261142
0.026132
0.0261879
0.0262038
0.0261936
0.0261443
0.0261359
0.0261522
0.0261241
0.0261233
0.0261232
0.0261975
0.0261419
0.0261804
0.0261954
0.0261281
0.0261875
0.0261886
0.026162
0.026162
0.0261008
0.0264457
0.0262024
0.0260801
0.0257254
0.0258182
0.0257285
0.0257364
0.0259143
0.0260732
0.0262027
0.0259746
0.0259178
0.0259114
0.0263478
0.0259147
0.0258763
0.0260458
0.0263255
0.0259459
0.0259666
0.0263096
0.0262245
0.0259824
0.026298
0.0260042
0.0260346
0.0259945
0.026007
0.0262682
0.0260228
0.0262252
0.0261617
0.0260326
0.0262654
0.0260527
0.0262548
0.0260853
0.0262033
0.0260696
0.0262431
0.0262394
0.0262367
0.0260982
0.02607
0.026162
0.026162
0.0261662
0.0262132
0.0261623
0.0261635
0.026198
0.0262105
0.0261215
0.0261254
0.0261483
0.0261613
0.0262009
0.0261381
0.0261491
0.0261534
0.0261748
0.0261798
0.0261915
0.0261393
0.0261875
0.0261556
0.0261917
0.0261739
0.0261607
0.0261431
0.026158
0.0261846
0.0261782
0.0261651
0.0261537
0.0261707
0.0261736
0.0261648
0.0261763
0.0261575
0.026177
0.0261813
0.0261624
0.026176
0.0261495
0.0261572
0.026178
0.0261635
0.0261773
0.0261769
0.0261482
0.0261482
0.0261623
0.0261498
0.0261512
0.0261714
0.0261606
0.0261732
0.0261733
0.0261729
0.0261729
0.0261599
0.025943
0.0257003
0.0259272
0.0261077
0.0258454
0.0262347
0.025824
0.0259582
0.0260495
0.0259676
0.0259618
0.0262132
0.0259893
0.0260368
0.0261639
0.026152
0.0260565
0.026044
0.0261107
0.0261318
0.0261536
0.026162
0.026162
0.0259731
0.025823
0.0254252
0.0253819
0.0253477
0.0254503
0.0262759
0.0257421
0.0260274
0.0255422
0.0263943
0.0257039
0.0259548
0.0256552
0.0261429
0.0262639
0.0257713
0.0259097
0.0258691
0.0262537
0.0258584
0.0262552
0.0260902
0.0259815
0.0261413
0.0259861
0.026023
0.025961
0.0260132
0.0259756
0.0261984
0.0260466
0.0262471
0.0261073
0.026162
0.026162
0.0261245
0.0260857
0.0261667
0.0261669
0.026247
0.026235
0.0261507
0.0261634
0.0261347
0.0261338
0.0261412
0.0262193
0.0261903
0.0261319
0.0261411
0.026113
0.0261598
0.0261292
0.0261188
0.0261792
0.0261188
0.0261486
0.0262002
0.0261243
0.0261697
0.026145
0.0261757
0.0261631
0.0261314
0.0261522
0.0261934
0.0261592
0.026135
0.0261748
0.0261471
0.0261514
0.026164
0.0261423
0.0261885
0.026187
0.0261506
0.0261806
0.0261838
0.0261839
0.0261816
0.0261732
0.0261618
0.0261823
0.0261818
0.0261801
0.0261503
0.0261779
0.0261803
0.0261578
0.0261464
0.0261785
0.026162
0.0261055
0.0259798
0.0261095
0.0259477
0.0260921
0.0263438
0.0259006
0.025956
0.0262908
0.0259952
0.026159
0.0260212
0.0260349
0.0260982
0.0259961
0.0262235
0.0261741
0.0262547
0.0262321
0.026191
0.0260399
0.0261545
0.026058
0.026056
0.0260572
0.0261818
0.0260658
0.0262291
0.026151
0.0261071
0.0260776
0.0261771
0.0262194
0.0262096
0.0261719
0.0261138
0.0261932
0.0260971
0.0260978
0.0260999
0.0261581
0.0261097
0.0261999
0.026162
0.0252835
0.0247112
0.0244082
0.0244606
0.0263202
0.0248863
0.0254779
0.0246647
0.0259947
0.0254235
0.0254279
0.0260758
0.0254536
0.0263016
0.0256484
0.0258371
0.0257072
0.0257276
0.026162
0.026162
0.0261418
0.0263291
0.0261879
0.0261299
0.025912
0.0260139
0.0259168
0.0259423
0.026055
0.0261249
0.0261847
0.026081
0.0260546
0.0260103
0.0262718
0.0260417
0.0260025
0.0261076
0.0262585
0.0260523
0.0260418
0.0262505
0.026198
0.026062
0.0262472
0.0260763
0.0260944
0.026062
0.0260728
0.0262269
0.026077
0.0261998
0.026163
0.0260848
0.026227
0.0260937
0.0262199
0.0261191
0.026187
0.0261088
0.0262124
0.0262101
0.0262083
0.0261259
0.0261076
0.026162
0.026162
0.0249162
0.0249961
0.0253268
0.0253122
0.0257869
0.0254576
0.0255731
0.0258899
0.0259946
0.0259272
0.0256264
0.026429
0.026375
0.0257066
0.0262655
0.0257623
0.0261024
0.0260839
0.0259432
0.0263291
0.0259292
0.0263087
0.0262944
0.025919
0.026105
0.0259495
0.0259335
0.0259855
0.0262901
0.0259718
0.0259905
0.025969
0.0262359
0.0262263
0.0260158
0.0260529
0.0260262
0.02606
0.0261279
0.0260419
0.026162
0.0260861
0.0260332
0.0261081
0.0261902
0.0262121
0.0263149
0.0259688
0.0260181
0.0259913
0.0262046
0.0260143
0.0260403
0.0262187
0.0260183
0.0262494
0.0262031
0.0262194
0.0261469
0.026256
0.0262401
0.0261038
0.0261329
0.0260793
0.0260951
0.0260801
0.0260783
0.0262256
0.026152
0.0260897
0.0262264
0.0261896
0.0261699
0.0261844
0.0261688
0.0261435
0.0261047
0.0262074
0.0262105
0.0261102
0.0261155
0.0261207
0.0261904
0.0261846
0.0261461
0.0261461
0.0261489
0.0225632
0.023327
0.02416
0.0246804
0.0248945
0.0243547
0.0255303
0.0249093
0.0252046
0.0252419
0.0255783
0.0256129
0.0254997
0.0255554
0.0258414
0.0262445
0.026214
0.0261934
0.0263607
0.0261648
0.0260692
0.0261865
0.0260829
0.0262004
0.0261575
0.0261847
0.0262703
0.0261729
0.0262214
0.0260886
0.0261189
0.0261392
0.0262381
0.0262087
0.0261129
0.0262144
0.0261706
0.0262281
0.0261439
0.0261462
0.0262265
0.0262272
0.0261553
0.0262047
0.0261303
0.0261291
0.0262145
0.0261361
0.0261185
0.0262075
0.0261433
0.0261485
0.0261925
0.0262043
0.0261328
0.0261964
0.0262047
0.0261993
0.026201
0.0261984
0.0261661
0.026199
0.0261881
0.026196
0.0261868
0.0261951
0.0261827
0.026153
0.0261365
0.0261872
0.0261927
0.0261412
0.0261929
0.0261887
0.0261891
0.026164
0.0261875
0.0261703
0.0261449
0.0261458
0.0261849
0.0253048
0.0249892
0.0255604
0.0247101
0.0249816
0.0249406
0.0251126
0.0254556
0.0260768
0.0256182
0.0253844
0.0254395
0.0262358
0.0256592
0.026071
0.0256082
0.0258229
0.0258613
0.0258128
0.0258141
0.0258444
0.0258462
0.0259407
0.0262396
0.0223006
0.0240568
0.0242724
0.0254446
0.0248055
0.0251881
0.0251597
0.025812
0.0251761
0.0257359
0.0255064
0.0258634
0.0254355
0.0258588
0.0257152
0.0256002
0.0257795
0.0257304
0.0256528
0.025847
0.0257417
0.0257744
0.0195374
0.02271
0.0249506
0.0234405
0.0263393
0.0229653
0.0248741
0.0251322
0.0240569
0.0249479
0.0260922
0.0247975
0.0254159
0.0254805
0.0255086
0.0257431
0.0256969
0.0254482
0.0264712
0.0261834
0.0261682
0.026173
0.026385
0.0262685
0.0261728
0.0261483
0.02629
0.0262905
0.0261311
0.026076
0.0261349
0.0262718
0.0262648
0.0262661
0.0261462
0.0260981
0.0261846
0.0261365
0.0261598
0.0260934
0.0262407
0.02624
0.0261677
0.0261864
0.0262226
0.0262242
0.0261835
0.0261842
0.026206
0.0261117
0.0261762
0.0262225
0.0262203
0.0262191
0.026116
0.0261895
0.0261189
0.0262126
0.0262112
0.02616
0.0261654
0.0262042
0.0261322
0.0261569
0.0262052
0.0261695
0.0261763
0.0261412
0.0261511
0.026135
0.0261565
0.0261749
0.0261984
0.0261964
0.0261312
0.0261917
0.0261327
0.0261668
0.0261679
0.0261575
0.0261917
0.0261902
0.0261516
0.0253687
0.0246433
0.0244879
0.0243518
0.0264117
0.0250223
0.0252363
0.0250852
0.0263606
0.0254024
0.0260482
0.0258242
0.0255527
0.0257769
0.0257149
0.025733
0.0256645
0.0257121
0.025828
0.0261407
0.0261435
0.0258798
0.0259567
0.025904
0.0262819
0.0259733
0.0259553
0.0260454
0.0259248
0.0259271
0.0253092
0.0262527
0.0259
0.02573
0.0257112
0.0260312
0.0261667
0.0258488
0.0260348
0.025964
0.0259622
0.0260125
0.0260654
0.0261065
0.0260155
0.0260798
0.0260621
0.0260294
0.0250362
0.0254256
0.0252677
0.0251397
0.0252551
0.0257233
0.0263926
0.0255974
0.025259
0.0253885
0.0254998
0.025858
0.0260629
0.0261208
0.0259692
0.0259035
0.0257301
0.0258963
0.0258537
0.0259039
0.0258657
0.0258974
0.0259303
0.0253237
0.0261635
0.0260941
0.0259274
0.0260603
0.0263216
0.025923
0.0260501
0.026228
0.0261408
0.0259561
0.0262571
0.0260142
0.0260859
0.0259816
0.026135
0.0260569
0.0260429
0.0259948
0.0261103
0.0262106
0.0260416
0.0260472
0.0260471
0.0260249
0.0260731
0.026062
0.0260733
0.0260575
0.026197
0.0260986
0.0262091
0.0262186
0.0262194
0.0260891
0.0261925
0.0261258
0.0261333
0.0261303
0.0261947
0.0259733
0.022846
0.0246253
0.0256017
0.0225522
0.0260302
0.0251313
0.024033
0.025559
0.0246782
0.0252343
0.0244516
0.0256879
0.0263448
0.0257429
0.0252565
0.0251843
0.0261203
0.0256564
0.0260732
0.025415
0.0260131
0.0259043
0.0258976
0.025831
0.022879
0.0252566
0.0239304
0.0233676
0.0238386
0.024628
0.0260032
0.0243054
0.0256299
0.0257732
0.0252302
0.0251007
0.0253731
0.0263191
0.0257383
0.0257753
0.0255705
0.0263492
0.0262913
0.0262038
0.0263376
0.0261792
0.0261829
0.0261957
0.0260828
0.0261064
0.0261904
0.0262367
0.0261638
0.0261436
0.026196
0.0261222
0.0262417
0.0261676
0.0261206
0.0262337
0.0262167
0.026114
0.0261476
0.0262172
0.0261676
0.0262194
0.0262168
0.0261145
0.0261446
0.0262135
0.0262102
0.0262052
0.0261464
0.0262079
0.0261897
0.0262056
0.0261555
0.0261917
0.0261547
0.0261801
0.0261359
0.0261978
0.0261385
0.0261975
0.0261945
0.0261971
0.026157
0.0261781
0.0261924
0.0261478
0.0261657
0.0261467
0.0261901
0.0261894
0.0261551
0.0261433
0.0261858
0.026188
0.026183
0.0261859
0.0261758
0.0261625
0.0261473
0.0261521
0.0213819
0.0253167
0.0253229
0.0241443
0.0248396
0.0245735
0.0247844
0.0262271
0.0259725
0.0256938
0.0255753
0.0254013
0.0263642
0.0255704
0.0259836
0.0260079
0.0260156
0.0260331
0.0259053
0.0259276
0.0257848
0.0258062
0.025807
0.0258238
0.0258407
0.0261453
0.0263049
0.0260702
0.0259795
0.0259525
0.0262936
0.0259492
0.0260696
0.0259873
0.0262119
0.0259856
0.0260676
0.02619
0.0262261
0.0260164
0.0260415
0.0260442
0.0260355
0.0260627
0.0260676
0.0260646
0.0261471
0.0260622
0.026092
0.0260736
0.026073
0.0261009
0.0260807
0.0260827
0.0261618
0.0260497
0.0261313
0.0261388
0.0262774
0.0259603
0.026179
0.0262954
0.0261984
0.0260077
0.0260138
0.0260869
0.0260808
0.0260443
0.0262624
0.0261429
0.0260511
0.0262134
0.0262371
0.0260702
0.0262152
0.0260638
0.0260733
0.0261695
0.0262221
0.0260963
0.0261954
0.0262146
0.0261329
0.0260951
0.026168
0.0261939
0.0261018
0.0261273
0.0262009
0.026114
0.0261117
0.0261366
0.026118
0.0261142
0.0261838
0.0261831
0.0261176
0.026123
0.0261213
0.0261374
