0.0213169
0.00640042
0.00615063
0.00785537
0.00903625
0.0175949
0.0215162
0.0184221
0.0198905
0.0167164
0.0170024
0.0170024
0.0175682
0.0175217
0.0166805
0.016554
0.016979
0.0171257
0.0172623
0.0164872
0.0175089
0.017461
0.0174756
0.0174056
0.0174467
0.0165538
0.0167483
0.0169876
0.0170892
0.0173841
0.0167845
0.0166342
0.0170123
0.0168676
0.016868
0.0173158
0.0172413
0.017268
0.0168279
0.0167189
0.0167642
0.0167809
0.0167414
0.0168373
0.0171948
0.0168303
0.0169473
0.0172436
0.0169371
0.0171371
0.0169621
0.0168488
0.017142
0.0170358
0.0171936
0.0171873
0.0171488
0.0168325
0.016919
0.0171504
0.0169568
0.016977
0.0170366
0.0169514
0.0169034
0.0168803
0.0170452
0.0168525
0.0171335
0.0168892
0.016874
0.016931
0.0169109
0.017086
0.0170152
0.0170024
0.0169836
0.0105229
0.0165105
0.0138324
0.0142563
0.0132278
0.0117821
0.0219791
0.0120724
0.0119709
0.012351
0.012677
0.0123902
0.0126273
0.0131259
0.0169515
0.0211623
0.021044
0.0169569
0.0197309
0.0175609
0.0197494
0.0150823
0.014478
0.0146272
0.0163688
0.0152988
0.0147602
0.0193474
0.0191756
0.0191397
0.0172326
0.0149989
0.01874
0.0189109
0.0149809
0.0178907
0.0164947
0.017656
0.0155973
0.01544
0.0179628
0.015504
0.0184604
0.01678
0.0156945
0.0181478
0.0169299
0.0182463
0.0169313
0.0164703
0.0158458
0.0158602
0.0158851
0.0160651
0.0171892
0.0162064
0.0166255
0.0223777
0.0196342
0.02017
0.0176894
0.0169378
0.01218
0.0119406
0.0200209
0.0204775
0.0160856
0.0123491
0.0214387
0.0130779
0.0188602
0.0132859
0.0212645
0.0200625
0.0207747
0.015684
0.0192379
0.017119
0.0193306
0.0194273
0.0147539
0.0178489
0.0177025
0.0176918
0.0148929
0.0178254
0.0170893
0.0151062
0.0190145
0.0151679
0.0178899
0.0152308
0.0184365
0.0185036
0.018495
0.0159534
0.0161132
0.0163302
0.015883
0.0156862
0.0156736
0.0158109
0.0158342
0.0158332
0.01622
0.0161646
0.0163506
0.0161361
0.0163753
0.0172762
0.0196935
0.018154
0.0184367
0.0172863
0.0169757
0.0138255
0.0141094
0.0184135
0.0186845
0.0166021
0.0140415
0.019558
0.0149791
0.0178595
0.014449
0.019598
0.0185731
0.0192205
0.0162995
0.018328
0.0170674
0.0186037
0.0185842
0.0154462
0.0174892
0.0174043
0.0173993
0.015613
0.0174917
0.0170536
0.0158019
0.0183609
0.0158465
0.0175454
0.0157843
0.0179107
0.0179824
0.0179827
0.0163381
0.0164409
0.0165806
0.0162766
0.0161308
0.0160941
0.0161886
0.0162067
0.0162009
0.0164915
0.0164516
0.0165768
0.0164262
0.0165895
0.0171816
0.0129841
0.0161632
0.0169739
0.0201432
0.0183615
0.0140406
0.0146802
0.014382
0.0196863
0.0146541
0.0150057
0.0194132
0.0157324
0.0153732
0.0158971
0.0172055
0.015967
0.0185109
0.0185692
0.0181897
0.0176823
0.0170528
0.0168979
0.0177387
0.0166847
0.0181263
0.0170497
0.0173022
0.0167872
0.0179609
0.0176706
0.0177898
0.0159996
0.0164339
0.0177254
0.0173138
0.0177521
0.0168578
0.0173578
0.0165695
0.0186432
0.0176147
0.0184964
0.0162744
0.01668
0.0175744
0.0186694
0.0175991
0.015641
0.0169589
0.0185038
0.0175208
0.0182304
0.0155647
0.0182091
0.0156423
0.0157495
0.0164556
0.0177124
0.0163246
0.0178569
0.0178877
0.0173859
0.0161629
0.0161444
0.0169256
0.0167479
0.0167174
0.0163249
0.0177577
0.0172934
0.0171369
0.0175082
0.0168617
0.0172037
0.0165107
0.0171721
0.0171675
0.0165019
0.0168582
0.0167655
0.0164937
0.0171702
0.0170059
0.0174009
0.0166391
0.0174217
0.0167639
0.0173786
0.0170222
0.0165457
0.0163271
0.0190032
0.0185374
0.0154189
0.0211405
0.0193838
0.0160474
0.0167066
0.019662
0.0134196
0.0209727
0.0130428
0.0132431
0.0204665
0.0183642
0.0150572
0.0185326
0.018643
0.0153402
0.0155067
0.0192108
0.0147891
0.0149248
0.0150262
0.0176976
0.0157353
0.0187234
0.0182188
0.0154063
0.0175311
0.0155516
0.0154847
0.0156698
0.0168933
0.0156772
0.0156905
0.0181096
0.0166068
0.0158549
0.0166717
0.0181073
0.0177375
0.0169346
0.0179495
0.0163479
0.0170024
0.0167354
0.016968
0.0165228
0.0165887
0.0170633
0.0173768
0.0164623
0.0172556
0.0175154
0.0174937
0.0172329
0.0168467
0.0165358
0.016746
0.0174103
0.017219
0.0169633
0.0166584
0.0173167
0.0168425
0.0167162
0.0170367
0.017109
0.0168714
0.0168627
0.0169932
0.0170334
0.0172643
0.0168295
0.0171295
0.0167544
0.0172506
0.0169943
0.0171331
0.0171001
0.0169869
0.017114
0.01687
0.0170537
0.0171988
0.0171871
0.0168351
0.016904
0.016894
0.0171477
0.0168698
0.0171591
0.017163
0.0168961
0.0168874
0.0169029
0.0169558
0.0170987
0.017008
0.0170178
0.0181224
0.0164733
0.0145957
0.0149486
0.0151934
0.016977
0.0171218
0.0160499
0.0181684
0.0184524
0.0159822
0.0164635
0.0180698
0.0169865
0.0178955
0.0169874
0.0176819
0.0174449
0.0169224
0.0177312
0.016563
0.0164458
0.0164469
0.0167253
0.010261
0.0172223
0.0200069
0.0180017
0.0111919
0.0147489
0.0113274
0.0118654
0.0141969
0.0127462
0.0205518
0.0202372
0.0152547
0.0143423
0.0201122
0.0140513
0.0149456
0.0147832
0.0148196
0.0148217
0.0186268
0.0181624
0.0150178
0.0154266
0.0186116
0.0170029
0.0154322
0.0154728
0.0155804
0.0157079
0.0156032
0.0183506
0.0171708
0.0180879
0.0170024
0.0168594
0.016009
0.0170309
0.017065
0.0172809
0.0167036
0.0168449
0.017088
0.01733
0.0173123
0.0172391
0.0174158
0.017196
0.0176831
0.0169846
0.0176621
0.0172478
0.01666
0.0165019
0.0170291
0.017519
0.0165721
0.0167692
0.0169505
0.0174587
0.0174527
0.0171682
0.0168814
0.0174002
0.0174171
0.0174103
0.0171194
0.0167918
0.016608
0.0167209
0.0167727
0.0166634
0.0166576
0.0172466
0.0173165
0.0170677
0.0166919
0.0167004
0.0172952
0.0170831
0.0170789
0.0171183
0.0167573
0.0167601
0.016786
0.0172245
0.0169581
0.0169135
0.0169684
0.0172055
0.0172139
0.0170464
0.0172004
0.0177714
0.0178068
0.019912
0.0164282
0.0140739
0.016571
0.0150416
0.0162261
0.0174997
0.017606
0.017739
0.0191233
0.0191537
0.0190582
0.0181728
0.0176085
0.018382
0.0180851
0.0155213
0.015803
0.016759
0.0157114
0.0156346
0.0159808
0.0178013
0.0181339
0.0169382
0.0173383
0.018049
0.0176376
0.0159927
0.0179202
0.017542
0.0172588
0.0170559
0.0168679
0.0173449
0.0177165
0.0176512
0.0176965
0.0176297
0.0173231
0.0170384
0.0172826
0.0172818
0.0167084
0.0246592
0.0153782
0.0182186
0.00802519
0.0187035
0.0225115
0.0217797
0.0134699
0.0185323
0.0149267
0.0116153
0.0181086
0.0198299
0.013687
0.0204586
0.0179602
0.0141549
0.0167549
0.0173639
0.0144662
0.0151439
0.0174437
0.0170423
0.0186174
0.016813
0.0167223
0.0178769
0.0176636
0.016332
0.0196014
0.018078
0.0165982
0.0168788
0.0182362
0.0152618
0.0193185
0.014631
0.0147184
0.0191143
0.0176729
0.0160087
0.0178032
0.0178677
0.0161287
0.0162168
0.0183746
0.0157492
0.015728
0.0158044
0.0173785
0.01631
0.0180618
0.0176949
0.015999
0.0172982
0.0161484
0.0160716
0.0162237
0.0169427
0.0162064
0.0162032
0.017659
0.0167757
0.016291
0.0168131
0.0176878
0.0174379
0.0169638
0.0175827
0.0166159
0.0143185
0.0187553
0.0101096
0.0098586
0.0112651
0.0106569
0.0192965
0.0197244
0.0122597
0.0214547
0.0212179
0.0200589
0.0207815
0.0206812
0.0205041
0.0147404
0.0197922
0.0159211
0.015931
0.0138855
0.0197113
0.018136
0.0190515
0.0191414
0.0151152
0.0149635
0.0187385
0.0149054
0.0188289
0.0182164
0.0151753
0.0187857
0.0184818
0.018559
0.0181182
0.016065
0.015694
0.0177856
0.0163216
0.0172282
0.0166263
0.0141715
0.0174504
0.0160678
0.0167218
0.016809
0.0173516
0.0148886
0.015227
0.0178848
0.018982
0.0152557
0.0150737
0.0188473
0.0188107
0.0186917
0.0184102
0.0181649
0.0181664
0.0158408
0.0181562
0.0161033
0.0160481
0.0161629
0.0167264
0.017131
0.0160271
0.0160314
0.0160543
0.0178112
0.0172433
0.0165958
0.0168016
0.0176354
0.0162952
0.0165417
0.016679
0.0177301
0.0171175
0.0165798
0.0172389
0.016417
0.0164798
0.0173994
0.0165194
0.0164747
0.0166376
0.0168882
0.0171932
0.0168792
0.020954
0.0102785
0.0156926
0.0110933
0.0158084
0.0179934
0.0125533
0.0131522
0.0173185
0.0178478
0.0156453
0.0141314
0.0187784
0.0189541
0.017161
0.014996
0.0170024
0.0170024
0.0170855
0.0169903
0.0177326
0.0181062
0.0157726
0.016079
0.0158777
0.0167907
0.0181499
0.016044
0.0179107
0.0162417
0.0173121
0.0168208
0.0169727
0.0174364
0.0174355
0.0169728
0.0162719
0.0178204
0.0167781
0.0176383
0.016302
0.0166005
0.0172912
0.0176665
0.0164666
0.0176364
0.0164012
0.0175752
0.0164133
0.0175346
0.0175576
0.0171276
0.016588
0.0164929
0.0169236
0.0174957
0.0165125
0.0166333
0.0174747
0.0165434
0.017422
0.0167362
0.0168683
0.016596
0.016899
0.0169151
0.0172219
0.0172205
0.0168085
0.0173628
0.0173488
0.0168588
0.0166706
0.016918
0.0166759
0.0167054
0.0166956
0.0172417
0.0170741
0.0172845
0.0167233
0.0172675
0.0198401
0.0102047
0.0220846
0.0106754
0.0124842
0.0207856
0.0138548
0.0205124
0.0131906
0.0198659
0.0186113
0.0196083
0.014218
0.0167156
0.0149507
0.0162785
0.0150792
0.0168144
0.0156514
0.0181895
0.017455
0.0182231
0.0228429
0.0159649
0.0177965
0.0106592
0.018182
0.0213435
0.0205976
0.0145094
0.0180957
0.015538
0.0127765
0.0178241
0.0191789
0.0145072
0.0197726
0.0177225
0.0147216
0.0168114
0.0172799
0.0150077
0.0154996
0.0173487
0.0170331
0.0183014
0.0170024
0.0265853
0.00652218
0.0215884
0.0104435
0.0113106
0.0116311
0.0193202
0.0201918
0.0130384
0.0136915
0.0164793
0.0178514
0.0170024
0.0170024
0.0170476
0.0156417
0.0151684
0.0153732
0.0167816
0.0169357
0.0184564
0.0183383
0.0180097
0.0158802
0.0160842
0.0169807
0.0167554
0.0170178
0.0160401
0.0180926
0.0180512
0.0179904
0.0169803
0.0176344
0.0163595
0.0161358
0.016226
0.0177294
0.017086
0.0175584
0.0177575
0.0177749
0.0165793
0.0176789
0.0173761
0.0170134
0.0164664
0.0173545
0.0175421
0.0165621
0.0168294
0.0169661
0.0168115
0.0164464
0.0168158
0.0164674
0.0166212
0.016578
0.016521
0.017326
0.0166099
0.016552
0.0167337
0.0166128
0.0165694
0.0166011
0.0165813
0.0165987
0.0167568
0.0173094
0.0167353
0.0173183
0.0167389
0.0172164
0.0173358
0.017216
0.0166737
0.0168074
0.0170024
0.00976942
0.022428
0.011715
0.0109925
0.0199388
0.0215319
0.0123843
0.0124908
0.0132287
0.0203282
0.0202219
0.0195719
0.0198004
0.016477
0.0195267
0.0179104
0.0163729
0.0145866
0.0164397
0.0190587
0.0168335
0.0153647
0.0184538
0.0182713
0.016893
0.0165451
0.0167784
0.0172462
0.0170024
0.0154087
0.0152832
0.0167801
0.0171582
0.0152086
0.0173485
0.0178988
0.0184071
0.0155521
0.0171747
0.0157845
0.017534
0.0180607
0.0165539
0.0161811
0.0163521
0.0177001
0.0172743
0.0176824
0.0166557
0.016339
0.0169994
0.0198897
0.0221822
0.0183431
0.0161642
0.0180774
0.0146664
0.0128283
0.0186702
0.0198522
0.0194433
0.0182481
0.0140924
0.018671
0.0144071
0.0151703
0.0175002
0.0151035
0.017608
0.018631
0.015563
0.0153478
0.0168761
0.0181143
0.0170024
0.00736771
0.0171321
0.0139102
0.0186836
0.0144562
0.0177104
0.0157654
0.0168395
0.0183263
0.018011
0.0190136
0.0149778
0.0180856
0.0153649
0.0156184
0.0165594
0.0155084
0.018176
0.0183466
0.0161874
0.0157505
0.0169724
0.0181131
0.0163703
0.0159509
0.0179247
0.0164555
0.0179018
0.01668
0.0178497
0.0174996
0.017846
0.0161466
0.0175544
0.01633
0.0174527
0.0176483
0.0163561
0.0170646
0.0169183
0.0148559
0.0295144
0.000185382
0.0025458
0.00702181
0.0241621
0.0251413
0.0237257
0.0104938
0.0104251
0.0103296
0.022105
0.0139346
0.017287
0.0141874
0.0143888
0.0132866
0.0207523
0.0129684
0.0203146
0.0203017
0.0203323
0.0137834
0.0195429
0.0155304
0.0191517
0.0152605
0.0170024
0.00673851
0.0243623
0.0151788
0.00955489
0.0215544
0.011919
0.0154746
0.0130302
0.0175987
0.01457
0.0138815
0.0150614
0.0167381
0.0153968
0.0190258
0.0170024
0.0170024
0.0170051
0.0154685
0.0171405
0.018008
0.0158716
0.0171443
0.0165349
0.0169262
0.0167325
0.0177962
0.0163029
0.0162001
0.0177251
0.0178504
0.0169909
0.0162834
0.0162396
0.0177537
0.0173909
0.0173091
0.0175902
0.0176722
0.0171631
0.0175725
0.0167537
0.0173881
0.016758
0.0175059
0.0174924
0.0174208
0.0165809
0.0168984
0.0165911
0.0173731
0.0171655
0.0170984
0.0174472
0.0165618
0.0166319
0.0166824
0.0167446
0.0166547
0.0166963
0.0171369
0.0166249
0.0166979
0.0169967
0.0173059
0.0167875
0.0166638
0.0167164
0.0170205
0.0169755
0.016703
0.016816
0.0171489
0.0168147
0.0172238
0.017145
0.0171911
0.0172265
0.0168011
0.0172465
0.0212197
0.0164011
0.0164048
0.0118807
0.0129412
0.0138305
0.01502
0.0149756
0.0182701
0.017438
0.0160171
0.0168307
0.0170024
0.0148333
0.0177462
0.0201551
0.0136729
0.0201174
0.0196172
0.0142178
0.0193814
0.0193787
0.0189882
0.0148567
0.0193983
0.0183972
0.0190418
0.0188694
0.0157083
0.015167
0.0175733
0.0175681
0.0185701
0.0182758
0.0183264
0.0180092
0.0158107
0.0158044
0.0174814
0.0181404
0.0165491
0.0179509
0.0166073
0.0164334
0.0177743
0.0178414
0.0174848
0.0162769
0.0164654
0.0161863
0.0176438
0.016568
0.0181703
0.0192761
0.0170862
0.0191382
0.018453
0.0161353
0.017165
0.0186638
0.015389
0.0161759
0.0182924
0.0166808
0.0159829
0.0155295
0.016441
0.0182331
0.0161767
0.0159348
0.0161981
0.0177273
0.0180709
0.0161249
0.0162483
0.0179337
0.0169315
0.0178408
0.0161693
0.017551
0.0168963
0.0165693
0.0176122
0.0166206
0.0167191
0.0172908
0.0169896
0.0168601
0.0176181
0.0169332
0.0171033
0.016488
0.0168369
0.017464
0.0173461
0.0170422
0.0165431
