0.633751
0.050688
0.0282831
0.0308742
0.0102646
0.0146535
0.0132354
0.00658222
0.00932545
0.00968672
0.00525364
0.116036
0.118744
0.0648955
0.0288109
0.0150894
0.00596166
0.010111
0.00637822
0.00646256
0.00773546
0.0051818
0.00539054
0.00526399
0.00516203
0.00634462
0.00695571
0.00620139
0.00649755
0.00658637
0.0058733
0.00573957
0.00577349
0.00610506
0.00589374
0.00566935
0.0050167
0.00579396
0.00511208
0.00515514
0.00570916
0.00516192
0.0054234
0.00550699
0.00524326
0.00544634
0.00546355
0.00544949
0.00559076
0.00548218
0.0055697
0.00529415
0.00545209
0.00540378
0.000686913
0.00385409
0.00160278
0.00715901
0.00645871
0.0056578
0.00561112
0.00585902
0.00570104
0.0048161
0.0047013
0.00561442
0.00475848
0.00483229
0.00482483
0.00547151
0.00553726
0.00554264
0.00552107
0.00529592
0.00547757
0.00494231
0.00496538
0.00536238
0.00500596
0.00543336
0.00530263
0.00541743
0.00507319
0.00542075
0.005114
0.00523655
0.00539269
0.00507587
0.00525551
0.00514034
0.00507888
0.00537535
0.00536491
0.00535102
0.0051277
0.00514312
0.00510522
0.00534375
0.00512626
0.00531623
0.00530872
0.0051164
0.00511896
0.00512509
0.00521715
0.00513869
0.00516146
0.00521409
0.00515484
0.00529292
0.0051561
0.00530563
0.10653
0.110574
0.00798675
0.0188958
0.00617868
0.0121395
0.00606723
0.0066976
0.0050747
0.00856068
0.00507136
0.00687772
0.00699453
0.00512803
0.00658125
0.00629914
0.00642159
0.00636544
0.00534307
0.00574803
0.00592294
0.00563096
0.00585137
0.00535345
0.00569512
0.00550703
0.00560222
0.00511332
0.00561653
0.131508
0.173562
0.00500094
0.0148157
0.013282
0.00740466
0.00728951
0.00800215
0.00614507
0.00583697
0.00677455
0.0061064
0.00629432
0.00601131
0.00546478
0.00628496
0.0058766
0.0059937
0.00590781
0.00584809
0.00564029
0.00507638
0.00555962
0.00526889
0.00570907
0.00562836
0.00557504
0.00548952
0.00550814
0.320741
0.14828
0.00903388
0.0127389
0.0212884
0.0165885
0.0124574
0.00496422
0.0101378
0.00592442
0.00764721
0.00559026
0.00565153
0.00708942
0.0066191
0.00695158
0.00682694
0.00539058
0.00649913
0.00588407
0.0063066
0.00519496
0.00558689
0.00562391
0.00554514
0.00577456
0.00571678
0.228682
8.11398
0.0324676
0.0480152
0.00804566
0.00492822
0.00630107
0.0115356
0.00900523
0.00489372
0.00654037
0.00747073
0.00686531
0.00638447
0.00696915
0.0060517
0.00629488
0.00650457
0.00598872
0.00517927
0.00583625
0.00604587
0.00518551
0.00558293
0.00522361
0.0054039
0.00576193
0.00522397
0.005283
0.324345
0.057173
0.00541464
0.0418576
0.00604865
0.014795
0.0123562
0.0112467
0.00780421
0.00599444
0.00683263
0.00614881
0.00497163
0.00569087
0.00578564
0.00684248
0.00540302
0.00570811
0.00654243
0.005855
0.00576181
0.00603174
0.00569109
0.00511015
0.00590199
0.00506767
0.00570698
0.00573325
0.00565344
0.113361
0.105341
0.0442552
0.00657527
0.00613206
0.00855584
0.00519613
0.0100224
0.00820424
0.00626719
0.00683835
0.00677539
0.006154
0.00523967
0.00648189
0.00511498
0.00575607
0.00616556
0.00546805
0.00541586
0.0050741
0.00559938
0.00509455
0.0057916
0.00553633
0.00510658
0.0054108
0.00563133
0.17191
0.107984
0.00723872
0.00707179
0.0182517
0.0069933
0.00665126
0.00762847
0.00667811
0.00739258
0.00663153
0.00792311
0.00633476
0.00688679
0.00660596
0.00531055
0.00501323
0.00666025
0.00552762
0.00624563
0.0056495
0.00523898
0.00606174
0.00531321
0.00580603
0.00577466
0.00543828
0.00582032
0.00543209
0.00572158
0.295042
0.16919
0.00798093
0.0188583
0.00613729
0.0120126
0.00606619
0.00669557
0.00507285
0.00853631
0.00507067
0.00685981
0.00698336
0.00512753
0.00657181
0.00629464
0.00641408
0.00635808
0.00534179
0.00574406
0.0059186
0.00562827
0.00584779
0.00535255
0.00569224
0.00550525
0.00559992
0.00511372
0.00561453
0.0645357
0.256162
0.0124723
0.00953989
0.00623395
0.0194516
0.0166138
0.00990354
0.0104315
0.0111443
0.00941456
0.00630868
0.00797098
0.00791511
0.006318
0.543505
0.0577919
0.0453899
0.0100855
0.015187
0.00530826
0.0110306
0.00645601
0.00662098
0.00568117
0.00726887
0.00626409
0.0050393
0.00511417
0.00705584
0.00523836
0.00655886
0.00542377
0.00495749
0.00497431
0.0055255
0.00499204
0.00529102
0.00587824
0.00584146
0.00510182
0.00584952
0.00533923
0.00588292
0.0055022
0.00531571
0.00526625
0.00568646
0.00566325
0.00563873
0.00556826
0.0054737
0.00519126
0.00548102
0.00542577
0.00531481
0.00551645
0.00546692
0.00551721
0.0288226
0.0309653
0.030332
0.0156542
0.0146242
0.00764812
0.00667752
0.008883
0.00789012
0.00777578
0.00512948
0.00663771
0.00506074
0.00519373
0.0060454
0.00602325
0.00524236
0.00546559
0.00597847
0.00494911
0.00585719
0.00512762
0.00562933
0.00500202
0.00570968
0.0057144
0.00519635
0.00548008
0.00571205
0.00504852
0.00544353
0.00563633
0.00554537
0.00548638
0.00551075
0.00520445
0.00553247
0.0054957
0.00552803
0.00506841
0.00547208
0.00547785
0.00510988
0.00529762
0.00544205
0.00519512
0.00540654
0.00527625
0.00517561
0.0054157
0.00540534
0.00525279
0.00532629
0.00539029
0.00514955
0.00535784
0.00528897
0.237884
0.0552459
0.0296601
0.0455514
0.00789148
0.00492633
0.00631976
0.0114699
0.00908665
0.00489368
0.00656596
0.00751632
0.00688625
0.00640052
0.00700372
0.00606378
0.00631337
0.00653285
0.00600278
0.00517941
0.00584818
0.00606497
0.00518568
0.00559203
0.00522443
0.00540873
0.00577672
0.00522473
0.00528512
0.018443
0.00938719
0.00802574
0.0496991
0.005849
0.010102
0.00830009
0.00714169
0.00503377
0.00487433
0.00520644
0.00488135
0.00534006
0.00647447
0.0050427
0.00569659
0.00556655
0.00495365
0.00521755
0.00557187
0.00586775
0.00555195
0.00548795
0.00515041
0.00501202
0.00557638
0.00504276
0.00503564
0.00557259
0.00553094
0.00532439
0.00509048
0.00516061
0.00551158
0.00542695
0.00518942
0.00541333
0.00512122
0.00547447
0.00537754
0.00511219
0.00516505
0.00543169
0.00543056
0.00531762
0.00536376
0.0051056
0.00530119
0.00518283
0.005381
0.00538647
0.005369
0.00527966
0.00535757
0.00532687
0.0053496
0.00532625
0.00534798
0.600498
0.00726707
0.0159103
0.017112
0.00549928
0.0119851
0.00686044
0.00835147
0.00750204
0.00742558
0.00519731
0.00622208
0.29357
0.145547
0.0334232
0.019505
0.0134486
0.00581481
0.00809425
0.00993828
0.00486276
0.00914585
0.00499481
0.00579766
0.00596345
0.0053655
0.00682036
0.00638753
0.00660668
0.00589218
0.00613314
0.00537236
0.00539395
0.00576362
0.00601269
0.00563812
0.0057286
0.00584745
0.00580321
0.00578389
0.00566214
0.00524963
0.0773432
0.0250546
0.00488284
0.00761112
0.00597908
0.00881271
0.00858317
0.00540321
0.00661622
0.00500034
0.00533451
0.00574328
0.00496501
0.00524675
0.00598343
0.00533475
0.00552555
0.00582965
0.00564329
0.00573917
0.00502549
0.00502854
0.00559564
0.00556681
0.00534645
0.00557581
0.00532073
0.00551219
0.00508586
0.00510854
0.00514623
0.00544194
0.0053837
0.0052571
0.00530626
0.00517351
0.00536297
0.00523593
0.00537514
0.00535682
0.00537323
0.00529871
0.00534852
0.00532479
0.725462
0.124172
0.0260496
0.00888698
0.0203519
0.00818169
0.0166174
0.0135676
0.0106657
0.0080678
0.00936169
0.00565762
0.00586947
0.00709474
0.00719659
0.005661
0.00660767
0.00663371
0.00502291
0.00565718
0.00573732
0.00585786
0.00506658
0.00556356
0.00621701
0.00565483
0.432756
0.0516654
0.00821987
0.0178106
0.0087353
0.0107374
0.00662792
0.00846847
0.00829985
0.00766427
0.00502232
0.00696938
0.00571532
0.00605805
0.0495797
0.00885786
0.0505135
0.0184738
0.00574438
0.00515785
0.00889734
0.00882172
0.00614977
0.00631143
0.0074341
0.00562954
0.00645607
0.00493197
0.00524653
0.00618101
0.00622347
0.00502108
0.00562212
0.00580247
0.00519899
0.00579032
0.00520102
0.00567561
0.00554665
0.00532706
0.00505134
0.0054073
0.00557476
0.0054653
0.00539708
0.00556008
0.00553475
0.00534494
0.00521132
0.00549467
0.00548575
0.00547004
0.0054559
0.00534804
0.00526108
0.00542386
0.00536649
0.0521431
0.00677656
0.0505139
0.0178255
0.00565801
0.00513778
0.00889915
0.00880941
0.00608686
0.00631189
0.00740614
0.00562949
0.00643277
0.00493404
0.00524179
0.00616579
0.00621849
0.0050217
0.00561507
0.00580134
0.00519783
0.00578521
0.00520033
0.00567383
0.00554365
0.00532567
0.00505211
0.00540547
0.00557209
0.00546358
0.00539577
0.00555835
0.00553317
0.00534409
0.00521127
0.00549328
0.00548456
0.00546876
0.00545489
0.00534733
0.00526085
0.00542296
0.00536598
0.721514
0.294434
0.0802387
0.0408384
0.0103511
0.0131394
0.011629
0.0166349
0.0124306
0.00631979
0.00984582
0.00881671
0.00512187
0.00842694
0.00548133
0.0068224
0.00587275
0.00605945
0.0071635
0.00625951
0.00555868
0.00573304
0.00596021
0.00622874
0.00593463
0.00560265
0.00599986
0.00544662
1.10506
0.0967374
0.0769692
0.0374855
0.0366353
0.01365
0.0126987
0.00676338
0.00808618
0.00525967
0.00920928
0.260981
0.0318661
0.0358119
0.00715716
0.0115654
0.00708929
0.00638906
0.00834313
0.00806908
0.00771759
0.0068858
0.00648219
0.272394
0.00688579
0.0107554
0.0227189
0.00593235
0.0130487
0.0130072
0.00480115
0.00855298
0.00553944
0.00858162
0.00733318
0.0067622
0.00740412
0.00662232
0.00665846
0.0060847
0.00688829
0.00667121
0.00585843
0.00642246
0.00538308
0.00631052
0.0055548
0.00558369
0.00577845
0.00503662
0.00575102
0.00523952
0.00518612
0.00578079
0.00574712
0.005574
0.00553267
0.00570607
0.00540768
0.00569766
0.00561946
0.00542484
0.00513395
0.00553382
0.00528462
0.00551179
0.00547435
0.320703
0.150207
0.00921166
0.0130219
0.0212794
0.0167096
0.0124464
0.00496564
0.0101381
0.00592932
0.00765429
0.00559185
0.00565156
0.00709024
0.00661916
0.00695289
0.00682913
0.00539091
0.00649986
0.00588416
0.00630707
0.00519497
0.00558717
0.00562417
0.00554519
0.00577463
0.00571684
0.0537503
0.0403919
0.00494861
0.00758045
0.00597435
0.00892192
0.00854787
0.00541646
0.00660308
0.00499902
0.0053366
0.00573964
0.00496361
0.00524594
0.00597725
0.00533349
0.00552443
0.00582485
0.00564061
0.00573487
0.0050252
0.00502834
0.00559306
0.00556346
0.00534427
0.00557286
0.00531873
0.00551028
0.00508563
0.00510837
0.00514572
0.00543945
0.00538303
0.00525579
0.00530459
0.005173
0.005361
0.00523491
0.00537418
0.00535612
0.00537209
0.00529733
0.00534687
0.00532325
6.43158e-05
4.59187e-05
0.0243615
0.00448878
0.0046402
0.00473575
0.00458547
0.00471039
0.00620276
0.00473168
0.00489388
0.00486492
0.0049434
0.00570769
0.00548571
0.00575881
0.00536435
0.00520277
0.0056943
0.00558956
0.00497651
0.00504086
0.00497708
0.00554716
0.00553038
0.0051195
0.00501108
0.0050501
0.00507085
0.00504464
0.00545471
0.00518126
0.00505375
0.00542521
0.00539068
0.00506287
0.00509561
0.00507424
0.00540006
0.00512927
0.0053452
0.00536764
0.00509615
0.00531542
0.00517294
0.00532753
0.00511487
0.00527585
0.0051525
0.00533457
0.00529641
0.00532137
0.00516695
0.00519609
0.00515022
0.00513704
0.00531434
0.00514508
0.005313
0.148726
0.113122
0.0246877
0.0223314
0.00877675
0.0120556
0.0131119
0.00906772
0.00960126
0.00685641
0.00631561
0.00653933
0.00562789
0.00694294
0.00628416
0.00495344
0.00514439
0.00636081
0.00587645
0.00596686
0.00600831
0.00547793
0.00539981
0.00539635
0.00520606
0.00563323
0.00559202
0.00565218
0.00516117
0.00517858
0.00507317
0.00513226
0.00557535
0.00510072
0.00511244
0.00527085
0.00525388
0.00543586
0.00537763
0.0053704
0.00515902
0.00543412
0.0273592
0.0175303
0.0102214
0.00772438
0.00482124
0.00574416
0.00471366
0.00585282
0.00478097
0.00627979
0.00584333
0.00482959
0.0049101
0.00578448
0.00558872
0.0056855
0.00562314
0.00570357
0.0050861
0.00494489
0.00499229
0.00505032
0.00496876
0.005025
0.00499872
0.0050472
0.00545416
0.00519814
0.0053148
0.00504736
0.00504138
0.00539226
0.00505085
0.00544446
0.00537763
0.00506521
0.00540162
0.00539161
0.00536032
0.00529942
0.00510984
0.00538133
0.00532397
0.00536154
0.00534609
0.00518572
0.00514352
0.00512897
0.00511507
0.00535102
0.005347
0.00530127
0.00525878
0.0053018
0.00513614
0.00532795
0.00519771
0.00531645
0.00531102
0.00470788
0.00427907
0.00637249
0.00595153
0.00581922
0.00467877
0.00573377
0.00609117
0.00469809
0.00585388
0.00564408
0.00474062
0.00551746
0.00479335
0.0048491
0.00567181
0.00560893
0.0049607
0.00528971
0.00558175
0.00498038
0.00534201
0.00551238
0.00497151
0.00498753
0.00541222
0.00500207
0.00502358
0.00544791
0.00543653
0.00522572
0.00527446
0.00541299
0.00517089
0.00531596
0.00538352
0.00507149
0.00508197
0.00538021
0.00509871
0.00536278
0.00512828
0.00522607
0.00535657
0.00528549
0.00511297
0.00529119
0.00511901
0.00521511
0.00517597
0.00525204
0.00518092
0.00532322
0.00532088
0.00532158
0.00514702
0.00514899
0.00523023
0.00521056
0.00514742
