1.24695
0.000694779
0.000579883
0.00595367
0.0111363
0.00141257
0.00880688
0.0080648
0.011513
0.0147137
0.0136732
0.012945
0.0138539
0.0411957
0.00528143
0.0145608
0.00458895
0.0182732
0.0182124
0.0178214
0.0180382
0.0173236
0.0161079
0.0126325
0.0137678
0.01398
0.0139484
0.01716
0.0139045
0.017009
0.0169446
0.0146851
0.0167749
0.0167218
0.0167034
0.0147121
0.0147725
0.0147878
0.0165795
0.0158714
0.0165205
0.015538
0.0157454
0.0159074
0.0151438
0.0152356
0.0151419
0.0154404
0.0151977
0.0153911
0.0152653
0.0159357
0.0162699
0.0159257
0.0153493
0.0153873
0.0480313
0.0243712
0.0243618
0.0140118
0.0140495
0.0138461
0.0177151
0.0141255
0.0201643
0.0142519
0.0145248
0.0181665
0.0146827
0.0160926
0.0175748
0.0148973
0.0167836
0.0163689
0.0148984
0.016663
0.0171221
0.014956
0.0151584
0.0150293
0.0160857
0.0156338
0.0167143
0.0166808
0.0164074
0.0165713
0.0152338
0.0163916
0.016465
0.0154488
0.0158692
0.0163112
0.0155253
0.0158012
0.016237
0.0159736
0.0160418
0.0153725
0.0158024
0.0153954
0.0160076
0.0158643
0.0160158
0.0155808
0.0154506
0.0160135
0.0160932
0.0155273
0.0157194
0.0155526
0.0161294
0.0161267
0.0156499
0.0155377
0.0843408
0.0146127
0.0181473
0.00875446
0.0168434
0.00889638
0.014476
0.017238
0.0131788
0.014023
0.0170364
0.0155966
0.0142997
0.016848
0.0165278
0.0156497
0.0148517
0.0160201
0.0165692
0.0147942
0.0149096
0.0160252
0.0149925
0.0151362
0.0154903
0.0153001
0.0153029
0.0078369
0.0159979
0.018186
0.016019
0.0168976
0.010658
0.0128347
0.0172691
0.0154659
0.0164213
0.0170601
0.0138331
0.0170037
0.0168028
0.0145224
0.016761
0.0158984
0.0148264
0.0163249
0.0164885
0.0164504
0.0152206
0.0150383
0.0154443
0.0156093
0.0154278
0.0152377
0.0160025
0.0159364
0.0161315
0.0392497
0.0108663
0.0298328
0.0180908
0.00233988
0.00255575
0.00911518
0.0126221
0.0109014
0.0114518
0.0134976
0.0159427
0.0134754
0.0170797
0.0148349
0.0144464
0.0168821
0.0141648
0.0142222
0.0147983
0.0145073
0.0145743
0.0147665
0.0148194
0.0152547
0.0158526
0.016443
0.0163502
0.0152388
0.00340424
0.0150102
0.00403765
0.0181104
0.0127551
0.0165342
0.0102128
0.0115837
0.0121428
0.0134983
0.0149252
0.0161837
0.0138183
0.0142529
0.0139739
0.0146172
0.0144691
0.0143787
0.0165751
0.0147687
0.0146829
0.0165044
0.0163368
0.0148794
0.0154525
0.0159805
0.0150543
0.0150782
0.015399
0.0160776
0.019631
0.00696195
0.0200925
0.00533851
0.0180528
0.0163344
0.0121543
0.011884
0.0124147
0.0169451
0.0139293
0.0166873
0.0167208
0.0169121
0.0168542
0.01457
0.0143229
0.0166639
0.0147377
0.0146722
0.0147245
0.0148947
0.0150879
0.0151107
0.0155582
0.0164109
0.015934
0.0152342
0.0162085
0.0298005
0.0169791
0.000397291
0.00962958
0.00619092
0.0171507
0.014443
0.0173346
0.0128044
0.0158089
0.0139296
0.0151955
0.0150725
0.0145949
0.0143138
0.0164621
0.0153875
0.0160568
0.0147907
0.0158792
0.0150442
0.0149427
0.0162442
0.0151995
0.0157513
0.0152747
0.0151657
0.0160764
0.0161832
0.00784662
0.0212621
0.0101867
0.00221614
0.0167793
0.0162652
0.0132507
0.0110026
0.0121407
0.0143021
0.0152696
0.013376
0.0168134
0.0157862
0.0168779
0.0162956
0.0143801
0.0144234
0.0146043
0.0150414
0.0157164
0.0147659
0.014844
0.0158699
0.0152984
0.016139
0.0150677
0.015068
0.0158044
0.0152446
0.00389908
0.00786055
0.0184375
0.0181127
0.00699324
0.0174466
0.0173253
0.0171852
0.0171332
0.0136347
0.0136022
0.013813
0.0169662
0.0143359
0.0146945
0.0166929
0.0162812
0.0155161
0.0162583
0.0161949
0.0158472
0.0154476
0.0150936
0.0151013
0.01516
0.0162223
0.0156121
0.016222
0.0442613
0.00823538
0.014379
0.00257593
0.00129195
0.0166795
0.0106613
0.0123035
0.013748
0.0132605
0.0162727
0.0130532
0.013607
0.0156478
0.0122205
0.00217111
0.00385159
0.00995712
0.0115536
0.0180054
0.0123325
0.0173973
0.0126405
0.0137149
0.0130028
0.0173978
0.0138804
0.0133222
0.0157807
0.0149469
0.0143339
0.0167567
0.0144021
0.0146307
0.0167508
0.0145715
0.016585
0.015796
0.015363
0.0147276
0.0164201
0.0149445
0.0157381
0.0164171
0.015106
0.0164207
0.015336
0.0154554
0.0151583
0.0163517
0.0157167
0.0152604
0.0153006
0.0162854
0.0162827
0.0162393
0.0161936
0.0161161
0.0237614
0.0249437
0.00657334
0.0226056
0.0105364
0.0202859
0.0102605
0.0176411
0.0134367
0.0143925
0.0134113
0.0132874
0.0155279
0.0171723
0.0144882
0.014956
0.0166143
0.0155236
0.0171199
0.0170191
0.0146023
0.0148512
0.0147265
0.0151585
0.0160198
0.0166201
0.0168388
0.0148167
0.0166828
0.0153601
0.0156431
0.0165598
0.0164714
0.0165258
0.0159191
0.0151078
0.0164358
0.0151414
0.0164694
0.0152073
0.0157785
0.0158552
0.0153402
0.0163691
0.0153171
0.016292
0.0162916
0.0157289
0.0162207
0.0154115
0.0159959
0.0162224
0.0161537
0.0159056
0.0154963
0.0154281
0.0158117
0.0154649
0.0154649
0.0156428
0.0026763
0.0148063
0.00237322
0.0180992
0.0128344
0.01642
0.0101367
0.0116176
0.0121568
0.0134308
0.01488
0.0161615
0.0137742
0.0142493
0.0139449
0.0146113
0.0144568
0.0143536
0.0165818
0.0147454
0.0146635
0.0165123
0.0163425
0.0148625
0.0154406
0.0159801
0.0150408
0.0150613
0.0153866
0.0160816
0.16392
0.0228596
0.00733077
0.0211107
0.0131284
0.00889586
0.0119435
0.0187945
0.0128752
0.0151309
0.0136936
0.0136171
0.0137773
0.0174121
0.0139754
0.0167282
0.015232
0.0167972
0.0151727
0.0150746
0.0170409
0.0169847
0.0167642
0.0147028
0.0153894
0.0149502
0.0149386
0.0148613
0.0149519
0.0150643
0.0153479
0.015032
0.0150982
0.0164633
0.0154217
0.0151257
0.0164803
0.016447
0.0151988
0.0151842
0.0163464
0.0161496
0.0157432
0.0163547
0.0162591
0.0153359
0.0162173
0.0156432
0.0155262
0.0155132
0.0160761
0.0162107
0.0161968
0.0161091
0.0154432
0.0154695
0.0161427
0.0154912
0.0155138
0.00381728
0.0134551
0.0111733
0.00801872
0.0170055
0.00984419
0.0135161
0.0173329
0.0154627
0.0138752
0.013566
0.0161492
0.0139325
0.0164176
0.0148913
0.0165127
0.0188874
0.00554814
0.0157366
0.00257445
0.0176138
0.0131513
0.0174065
0.014002
0.0140025
0.0134356
0.0133549
0.0164221
0.0140062
0.0143468
0.0145771
0.0144664
0.0164849
0.0146566
0.0148729
0.0149507
0.0151736
0.0157828
0.0161987
0.0149943
0.0150794
0.0156312
0.0152177
0.0162208
0.00858186
0.0200365
0.0239073
0.0186823
0.0186741
0.0135578
0.0128678
0.0170876
0.0144025
0.016164
0.0141085
0.0144271
0.0162429
0.0147039
0.0153353
0.0146743
0.0147355
0.0168007
0.0167397
0.0149285
0.0166459
0.0163662
0.0162384
0.0151147
0.0153354
0.0161513
0.0164047
0.0152608
0.0161868
0.0159263
0.0162053
0.0162337
0.0155565
0.0162576
0.0153694
0.01605
0.0154055
0.0153968
0.0153993
0.0155974
0.016042
0.015485
0.016844
0.00175839
0.0421547
0.0181817
0.00535555
0.00806526
0.00556758
0.010336
0.0110152
0.0168916
0.0129335
0.0170721
0.0173838
0.0129078
0.0131214
0.0131129
0.0168244
0.0148976
0.0162223
0.0167309
0.0154642
0.0144184
0.0163134
0.0163581
0.0145823
0.0162758
0.0165236
0.0163944
0.0154012
0.148132
0.0136117
0.00330632
0.00149319
0.00870926
0.0119263
0.0173703
0.0124189
0.0168277
0.0155955
0.0137639
0.0141547
0.01469
0.0149111
0.0146195
0.0190155
0.00203489
0.0191587
0.00532006
0.00943946
0.00840421
0.0115111
0.0118571
0.0134241
0.0136702
0.0136632
0.0138703
0.0138534
0.0145098
0.0146925
0.0156017
0.0169323
0.0168102
0.0168023
0.0164105
0.0167584
0.0147917
0.0165951
0.0164282
0.0163552
0.0155081
0.016534
0.016481
0.0164486
0.0155502
0.0157818
0.0152943
0.0161108
0.0152941
0.0163104
0.0152847
0.0155418
0.0153392
0.0153663
0.0153717
0.0153521
0.0154023
0.0160584
0.016078
0.0190148
0.00316385
0.0191587
0.00607434
0.00983934
0.00882396
0.0116172
0.01196
0.0134287
0.0137019
0.01369
0.0138966
0.0138794
0.014522
0.0147016
0.0155962
0.0169289
0.0168083
0.0167992
0.0164036
0.0167551
0.0147987
0.0165931
0.0164233
0.0163507
0.0155089
0.0165301
0.0164781
0.0164462
0.0155513
0.0157814
0.0152972
0.0161088
0.0152962
0.0163086
0.0152873
0.0155431
0.0153416
0.015368
0.0153734
0.0153541
0.0154041
0.0160572
0.0160767
0.0174525
0.0673469
0.0051363
0.0175262
0.0165927
0.00509672
0.0178555
0.0177689
0.00975267
0.0130584
0.0141391
0.0134506
0.0138569
0.0132158
0.0142565
0.0153257
0.0164778
0.0151833
0.0167237
0.0146515
0.0144832
0.0148669
0.0152023
0.0162896
0.0148503
0.0159301
0.0151494
0.0203174
0.0089162
0.00292211
0.00673909
0.0180366
0.017691
0.0133854
0.0118274
0.0143414
0.0165947
0.0132517
0.0137139
0.00756662
0.0140392
0.0119999
0.0130241
0.0141696
0.0152381
0.017205
0.0144287
0.0136813
0.0151826
0.0145159
0.0165524
0.0145695
0.00636237
0.00171908
0.00886496
0.0110961
0.018246
0.0114707
0.00878548
0.0139012
0.011576
0.0156485
0.0172816
0.0174666
0.0141897
0.0171606
0.0140741
0.0151936
0.0160448
0.0161437
0.0150823
0.0167552
0.0167077
0.014791
0.0162982
0.014597
0.0147979
0.0165805
0.0149825
0.0150091
0.0164182
0.0159161
0.0160628
0.0150946
0.0163345
0.0163496
0.0153795
0.0163741
0.0152031
0.0155146
0.0154806
0.0154366
0.0162425
0.0153023
0.0404693
0.0108818
0.0303428
0.0180915
0.00258841
0.00268656
0.00910226
0.0126334
0.0108762
0.0114335
0.0134968
0.0159476
0.0134691
0.0170811
0.0148356
0.0144444
0.0168825
0.0141629
0.0142203
0.0147974
0.0145062
0.0145733
0.0147658
0.0148187
0.0152546
0.0158529
0.0164432
0.0163503
0.0152387
0.00812422
0.0200437
0.0240711
0.0186798
0.0186722
0.0135256
0.0128665
0.0170846
0.0143928
0.016202
0.0140987
0.0144372
0.0162672
0.0146986
0.0153461
0.0146725
0.0147382
0.0168009
0.0167394
0.0149278
0.016645
0.0163695
0.0162418
0.0151147
0.0153396
0.0161543
0.0164038
0.0152616
0.0161874
0.0159279
0.0162049
0.016233
0.015559
0.0162563
0.0153706
0.0160503
0.0154068
0.0153987
0.0154012
0.0155994
0.0160416
0.0154871
1.04338
0.0130173
0.0131851
0.018341
0.0131933
0.0137274
0.0178274
0.0176755
0.0143395
0.0142734
0.0182796
0.0184826
0.014625
0.0169978
0.0143853
0.0147235
0.0146886
0.0172821
0.0149711
0.0169427
0.0148734
0.0150537
0.0149552
0.0169065
0.0150134
0.0167617
0.0168031
0.0155501
0.0165432
0.015258
0.0153881
0.0151874
0.0154644
0.0152344
0.015264
0.0158042
0.0157347
0.0152895
0.0152726
0.0157366
0.0161908
0.0163018
0.0159172
0.0153404
0.0161359
0.0154371
0.01544
0.0162277
0.016043
0.0161841
0.0154645
0.0161523
0.0161314
0.0160716
0.0155149
0.016115
0.015564
0.0159887
0.0176495
0.00327005
0.0189932
0.00667169
0.0188297
0.0039372
0.01301
0.0105336
0.0174604
0.0132535
0.0142918
0.0171641
0.017236
0.0136621
0.0169925
0.0168239
0.0142057
0.016742
0.0167987
0.0148285
0.0148784
0.0150419
0.0166865
0.0164977
0.0149032
0.0152298
0.016524
0.0152393
0.0150559
0.0164281
0.0153712
0.0163774
0.0151774
0.0154326
0.0153445
0.0155837
0.0152372
0.016197
0.0159134
0.0152893
0.0154246
0.0158947
0.0153662
0.0950046
0.0313117
0.0126772
0.0131447
0.0136928
0.0204565
0.0196092
0.0167218
0.0180174
0.0177429
0.0169598
0.0177542
0.0147347
0.0156697
0.01734
0.0147318
0.0167765
0.0170322
0.0171141
0.0147558
0.0156442
0.0167514
0.0161114
0.0152598
0.0156751
0.0153216
0.0151001
0.0161159
0.015301
0.0165416
0.0165127
0.0161791
0.0151971
0.0163095
0.0154326
0.0152896
0.0163746
0.0159124
0.0153676
0.0162779
0.0162369
0.0153828
0.0162059
0.0154759
0.0161717
0.0157888
0.016105
0.0161647
0.0156357
0.0158754
0.0160271
0.0161566
0.0160236
0.0161202
0.0156904
0.0157629
0.0155199
0.0326433
0.0552378
0.0154839
0.0137341
0.014378
0.0181787
0.0137553
0.0184704
0.0140658
0.0142454
0.0157191
0.0177095
0.0145012
0.017122
0.014656
0.0147375
0.0167684
0.0157703
0.0148409
0.0149224
0.0165343
0.0168356
0.0157819
0.015081
0.0165762
0.015224
0.0165966
0.0162241
0.0152124
0.0152543
0.0164621
0.0165012
0.0154674
0.0158609
0.0163451
0.0153617
0.0153231
0.015514
0.0158695
0.0159628
0.0162847
0.0157356
0.0155416
0.0157792
0.0154587
0.0161812
0.0161832
0.0159961
0.0155034
0.0161547
0.0157139
0.0161334
0.0155251
0.0161232
0.0159299
