0.349581
0.469208
0.00776437
0.0216042
0.00750167
0.0360901
0.000551632
0.0171503
0.0152572
0.00738453
0.00205862
0.00484884
0.0013714
0.00340914
0.00324493
0.198
0.00564916
0.0427818
0.0020115
0.0042929
0.00733144
0.000332435
0.00103518
0.00390651
0.00388761
0.00362685
0.000243561
3.36311e-05
0.00259127
0.00200171
0.000532384
0.00107815
0.000178099
0.0019891
0.000714713
0.00259644
0.000377184
0.000626477
0.0029076
0.000763131
0.000846649
0.000787673
0.00232532
0.0027114
0.0020109
0.00223381
0.00085805
0.00159964
0.00102528
0.00178651
0.00221498
0.00244849
0.00243033
0.00124051
0.00156064
0.00166839
0.00175492
0.00157315
0.00338695
0.00403032
0.00374575
0.00579968
0.0128045
0.00355919
0.00351987
0.000359101
0.00141585
0.00109934
0.000417364
0.00190756
0.00345626
0.000138129
0.00288634
0.00335942
0.000831984
0.000276194
0.00273961
0.000546143
0.0030219
0.00103414
0.00303558
0.000911676
0.000967599
0.00114541
0.00280561
0.00160906
0.0018967
0.00249832
0.00244629
0.00145626
0.00277557
0.00133917
0.00155445
0.00204381
0.00144253
0.00230883
0.00161743
0.00151986
0.00263743
0.0015694
0.0016031
0.00259447
0.00210605
0.0025543
0.00185802
0.00215249
0.00168495
0.00234461
0.0017179
0.00246482
0.00249996
0.00176052
0.00244044
0.00247391
0.00209221
0.200854
0.304132
0.00372946
0.0131342
0.01846
0.00483026
0.0101004
0.000382186
0.000647522
0.00545492
0.00253569
0.00248282
0.00116391
0.00303063
0.000497112
0.00328196
0.00152626
0.000363378
0.000715936
7.41121e-05
0.00171202
0.00290267
0.00130046
0.00107239
0.0017428
0.00272093
0.00116212
0.00118426
0.00121866
0.00249624
0.276996
0.0229907
0.0399939
0.000739207
0.00541205
0.0067492
0.00781251
0.00208893
0.00148069
0.00401207
0.00316985
0.00304786
0.00299574
0.00101717
3.30424e-05
0.00227283
0.000258696
1.59815e-06
0.00083023
0.000556222
0.00198711
0.000849029
0.00129033
0.00127475
0.00157762
0.00150614
0.00171756
0.0164271
0.0151184
0.0230227
0.0046343
0.00412867
0.0150699
0.0101125
0.0117514
0.00147732
0.0034714
0.00130929
0.00279444
0.000507143
0.00231415
0.000802574
0.00143323
0.000713707
0.000955751
0.000198923
0.00291037
4.17457e-05
0.000270431
0.000546914
0.000758045
0.00082417
0.00279801
0.00141909
0.40244
0.14293
0.0601319
0.038638
0.00161064
0.00381006
0.00119858
0.00887094
0.0080718
0.00116717
0.00234489
0.000970944
0.0015911
0.00171711
0.00036856
0.000685485
0.00079286
0.000208777
0.000337777
4.99127e-05
0.0019045
0.00292977
0.00214406
0.00249346
0.000744892
0.00114985
0.00255504
0.00101085
0.0017981
0.130789
0.00628807
0.0139003
0.0177614
0.00435259
0.00323438
0.00304048
0.00871976
0.00377927
0.00394307
0.00332901
0.00278654
0.00103136
0.00137788
0.00141737
0.00203334
0.00282307
0.00313821
0.000487071
0.000175031
0.00183534
0.00208067
0.000351158
0.000823878
0.00201013
0.00123281
0.00176866
0.00109937
0.00104272
0.220039
0.011879
0.00744831
0.0292932
0.00397779
0.0142335
0.00111656
0.00152196
0.00654577
0.00313717
0.0004111
0.00325705
0.000388033
0.00120196
0.00105348
0.000505283
0.00312207
0.00151705
0.00123868
0.00197573
0.000810694
0.0018077
0.000934168
0.00262396
0.00247482
0.00101849
0.00144758
0.00115213
0.00125366
0.264751
0.0148969
0.00672888
0.0211367
0.0106154
0.0123266
0.00149479
0.00350657
0.00167764
0.00324962
0.00347922
0.00166104
0.000343133
6.02601e-05
0.000814079
0.000522255
0.00102017
0.000961361
0.00104872
0.000424585
0.000762735
0.000682489
0.000790345
0.00221434
0.00275145
0.00101373
0.00174425
0.507689
0.167907
0.00372075
0.0124845
0.0178991
0.00481918
0.00987928
0.0003797
0.000644453
0.00542524
0.00251596
0.00245179
0.00117862
0.00302924
0.000476219
0.00327801
0.00153279
0.00037619
0.000720166
8.61578e-05
0.00171566
0.00290004
0.00130599
0.00107621
0.0017456
0.00271882
0.00116632
0.00118955
0.00122356
0.00249489
0.476474
0.0745635
0.0507817
0.0298022
0.00263849
0.00345724
0.00663608
0.00731922
0.00905694
0.00216102
0.00282207
0.0019248
0.283568
0.00564061
0.0356601
0.0020053
0.00426087
0.00600716
0.000329775
0.00103062
0.00388713
0.00386165
0.00334714
0.000240253
3.00864e-05
0.00261656
0.00195523
0.0005363
0.00112002
0.00018543
0.00200623
0.000719452
0.00259746
0.000387036
0.000634763
0.00290246
0.000771387
0.000865793
0.00080603
0.00232608
0.00270749
0.00201462
0.00223478
0.000871606
0.00160738
0.0010375
0.0017917
0.00221529
0.00244645
0.00242837
0.00124881
0.00156486
0.00167381
0.00175944
0.00157766
0.048411
0.102491
0.0273191
0.058835
0.00386322
0.0193799
0.0158712
0.00439577
0.000682533
0.00331992
0.00205485
0.00361114
0.00328771
0.00346513
0.000158742
0.00229389
0.00261987
0.00140735
0.000743947
0.00206468
0.000271022
0.000947019
0.00243703
0.00272262
0.00305433
0.00100482
0.00305428
0.00175598
0.00296558
0.00179254
0.00112358
0.000933244
0.00232251
0.00231699
0.000972345
0.0010823
0.00127048
0.00196853
0.00236933
0.00203604
0.00130704
0.00142756
0.00130238
0.00250846
0.00265084
0.00140979
0.00165375
0.00160586
0.0016299
0.00234217
0.00195154
0.0015326
0.0021989
0.00155694
0.00239064
0.00226446
0.0025334
0.00169639
0.00175977
0.00165758
0.394899
0.145214
0.0591045
0.0394468
0.00165705
0.00391514
0.00130169
0.00871676
0.00807022
0.00122497
0.00241889
0.000989839
0.00165054
0.00177974
0.000352659
0.000666858
0.000773779
0.000248195
0.000311862
9.39937e-05
0.00189929
0.00293838
0.00214268
0.00249772
0.000714034
0.00112504
0.00256109
0.000984869
0.00178821
0.0770428
0.106701
0.0374487
0.00195147
0.00321051
0.0032681
0.0164991
0.00749105
0.00037081
0.00121509
0.000646415
0.00224203
0.00270563
0.00239257
0.000956608
0.00223831
7.84989e-05
0.00122516
0.000114306
0.000761532
0.000241517
0.000520193
0.00300336
0.000195934
0.00273789
0.00103499
0.00285574
0.00258891
0.000699986
0.00292157
0.0026657
0.00252806
0.0024642
0.00235282
0.0023486
0.00102671
0.00114421
0.00276324
0.00274
0.00193276
0.00185262
0.0024869
0.00205136
0.00268054
0.0019147
0.00143058
0.00152214
0.00229146
0.00190943
0.00152426
0.00152445
0.00234186
0.00237878
0.00189393
0.00175433
0.0017288
0.00170862
0.00247465
0.00177943
0.00216249
0.919706
0.154528
0.0325372
0.0281661
0.0137809
0.003381
0.00729524
0.00376869
0.0015672
0.00412975
0.00267147
0.000838486
0.00131733
0.00244731
0.00220393
0.399864
0.332261
0.0328818
0.0119309
0.00395674
0.0026164
0.00682171
0.000610348
0.00262919
0.00193373
0.00069929
0.000109834
0.00109975
0.000568842
0.000938879
0.000213139
0.000633682
0.000229494
0.00265317
0.000364877
0.00046647
0.00067668
0.00083666
0.00231884
0.00128702
0.00140937
0.0012112
0.00173905
0.249178
0.0495919
0.0377147
0.00391754
0.0067727
0.00313433
0.00355907
0.00354892
0.001158
0.00340792
0.00183373
0.00312232
0.000280928
0.00327925
0.000542945
0.00306061
0.000117616
0.000157558
0.000862392
0.00256226
0.00305995
0.00242873
0.00070609
0.000953863
0.00105901
0.00288268
0.00128097
0.00120481
0.00108244
0.00188964
0.00240787
0.00131354
0.00258099
0.00134865
0.00139782
0.0024959
0.00154596
0.00150309
0.00156755
0.00158557
0.00215518
0.00212954
0.00248107
0.00224135
0.00171173
1.32577
0.0498002
0.0307208
0.0473196
0.0143869
0.0153797
0.0116067
0.0058762
0.0106381
0.0036695
0.00162184
0.00547646
0.000438656
0.000842069
0.00357919
0.0017056
0.00175457
0.00177418
0.000847597
0.000668079
0.000817573
0.00128215
0.000480646
0.000411889
0.000409845
0.000290736
0.000481502
0.000707834
1.82175
0.0305331
0.038884
0.00450636
0.00241511
0.00361716
0.00123547
0.00207116
0.00362511
0.00139622
0.00211552
0.00129402
0.000223822
0.00104813
0.00139854
0.293564
0.0443923
0.00472159
0.0171395
0.00337268
4.68986e-06
0.00815996
0.000371769
0.0032331
0.00362219
0.00313786
0.00319351
4.83552e-05
0.00336206
0.00134497
0.00273897
0.000471271
0.00254196
0.000388847
0.00130709
4.76144e-05
0.000406262
0.00182423
0.000763084
0.00203343
0.00107232
0.00120325
0.00288331
0.00230861
0.00117147
0.00264768
0.00141651
0.00122515
0.00152108
0.00241467
0.00130536
0.00171371
0.00161685
0.00249269
0.00158753
0.00229062
0.00173576
0.00172064
0.00186175
0.0025171
0.31696
0.0444018
0.00464931
0.0165725
0.00337301
4.68852e-06
0.00783938
0.000371818
0.0032513
0.00360961
0.00308698
0.00319725
4.90029e-05
0.00335367
0.00130879
0.00274147
0.000441731
0.0025466
0.000392776
0.00132258
3.09603e-05
0.000417212
0.00183071
0.000776136
0.0020371
0.00107538
0.00120582
0.00288005
0.00230898
0.00117857
0.00264558
0.00142164
0.00123063
0.00152311
0.0024137
0.00130907
0.00171634
0.00161991
0.00249128
0.0015896
0.00229011
0.00173799
0.00172291
0.00186328
0.00251567
1.07508
0.00473242
0.0090701
0.0239601
0.00374821
0.0127312
0.00380485
0.00486845
0.00102877
0.00229312
0.00516939
1.54295e-05
0.00295034
0.00349041
0.0014907
0.00100655
0.000421263
0.000468084
8.81841e-05
0.000485851
0.000236933
3.39439e-05
0.000590582
0.00037647
0.000362112
0.00113738
0.00100941
0.147917
0.0391637
0.0107059
0.000555742
0.000858117
0.0170852
0.00971878
0.00136562
0.00266996
0.000531838
0.000397398
0.000240172
1.27763
0.0207197
0.00533923
0.00615862
0.0116504
0.0033842
0.00328554
0.00523154
0.00395868
0.00293702
0.00200568
0.00044821
0.000924763
0.000382379
0.000130978
0.479683
0.00495716
0.00480846
0.00528166
0.0220624
0.000841544
0.00477304
0.00278991
0.00355588
0.00355774
0.00310673
0.00204377
0.00466524
0.00173444
0.00138712
0.00236977
0.00020734
0.00174343
0.00301289
0.000944715
0.000366316
0.00100943
0.000326298
0.000408731
0.00220596
0.000966474
0.00172654
0.000404574
0.000874061
0.00219317
0.00259521
0.00252873
0.0013719
0.00113762
0.00099331
0.00138722
0.00266403
0.00147147
0.00244259
0.00247321
0.0026564
0.00172103
0.00136052
0.647703
0.208913
0.0146833
0.0023467
0.000879178
0.015816
0.00299611
0.00791037
0.00218957
0.0021715
0.00323887
0.00200405
0.00347224
0.00158174
0.00108524
0.00146263
6.66194e-05
0.000131863
0.00296762
5.1898e-05
0.000704253
0.0003979
0.00103652
0.00152658
0.00140255
0.000989912
0.000983161
0.0507391
0.0408095
0.00394089
0.00728681
0.00309535
0.00356265
0.00355383
0.00113766
0.00341077
0.00181796
0.00312062
0.000289014
0.00328361
0.000529647
0.00306227
0.000109793
0.00016566
0.000866521
0.00256159
0.00306164
0.00242858
0.000711814
0.000957739
0.00106273
0.00288274
0.00128335
0.00120938
0.00108718
0.00189137
0.00240796
0.00131699
0.00258049
0.0013528
0.00140144
0.00249533
0.00154876
0.00150667
0.00157133
0.00158906
0.00215599
0.0021305
0.00247999
0.00224153
0.00171406
0.0545158
0.00471584
0.00405539
0.00270612
0.00919852
0.00450265
0.00184591
0.00570132
6.89467e-05
0.00356118
0.000386458
0.00140101
0.000464756
0.00343911
0.00122797
0.000340333
0.00327205
0.000469481
0.00325531
8.09616e-05
0.00277395
0.000505589
0.00209547
0.000590813
0.00302323
0.000820629
0.000806278
0.000873963
0.00101926
0.0022339
0.00288069
0.00120621
0.00273976
0.00143008
0.00135176
0.00199503
0.0014026
0.00271692
0.00271818
0.00142718
0.00144005
0.00265161
0.00260517
0.00175208
0.00157746
0.00251369
0.00259284
0.0016414
0.00170218
0.00252909
0.00167443
0.0020588
0.00169565
0.00185531
0.00251117
0.00175117
0.00189808
0.00234838
0.0221478
0.0088217
0.010773
0.0139129
0.0165718
0.00296212
0.0109483
0.0070769
0.00724466
0.00136802
0.002589
0.00398841
0.00301129
0.00343677
0.0025329
0.00283079
0.000780568
0.000130037
5.9335e-05
0.000494032
0.00080455
0.0030938
0.00117297
0.000690715
0.00066633
0.000454811
0.000660204
0.00264095
0.000927578
0.0028548
0.00276222
0.000927844
0.00269535
0.00132571
0.00264096
0.00155944
0.00125694
0.00181716
0.00141166
0.00144264
0.00151328
0.00140484
0.00235521
0.00158694
0.078528
0.0147061
0.00902215
0.00541808
0.000467488
0.0052093
0.00230996
0.000769758
0.00267757
0.00357793
0.00193334
0.000616756
3.62509e-05
0.00124166
0.0033013
0.000997627
0.00327547
2.91441e-05
0.000409276
0.000972108
0.00308074
0.00052358
0.00100725
0.000720102
0.000877639
0.00101984
0.00108771
0.00290531
0.00253641
0.00118565
0.00138884
0.00123246
0.00130224
0.00234195
0.00273066
0.00264867
0.00243926
0.00265292
0.00265493
0.00157182
0.00259892
0.0014975
0.00162537
0.00208389
0.00254875
0.00169103
0.0016471
0.00165205
0.00222768
0.00168303
0.00170288
0.00227529
0.00239547
0.00181706
0.00243714
0.00242266
0.133264
0.00645625
0.00135694
0.00415089
0.00327237
0.00299925
0.00335528
0.00373822
0.00375418
0.00350472
0.00283216
0.000686327
0.00208852
0.00344919
0.00137544
0.000316632
0.00199339
0.00322841
0.0010941
0.00150179
0.00303117
0.00282326
0.000866063
0.000613811
0.00260376
0.00135098
0.00298129
0.00273095
0.00141651
0.00167846
0.00276082
0.00156259
0.00224191
0.00129161
0.0013706
0.00274842
0.00148696
0.00143363
0.00228356
0.00152188
0.0022443
0.00153149
0.00158269
0.00154582
0.0024991
0.00158671
0.00253764
0.00241353
0.00166158
0.00254531
0.00221072
0.00239158
0.001786
0.00211371
0.00172841
0.00195702
0.00244455
0.00229136
0.00176809
0.00232374
