1.11793
0.00243464
0.00879073
0.00142715
0.0147915
0.0153445
0.0147687
0.0119627
0.0147173
0.0138662
0.0139453
0.011875
0.0125772
0.00880815
0.015054
0.00365546
0.0156313
0.00534481
0.00865649
0.0130767
0.0121626
0.0112787
0.0129126
0.0149613
0.0126594
0.015163
0.0148195
0.0151613
0.0151447
0.0133315
0.0150961
0.014739
0.0137029
0.0136632
0.0148345
0.0150146
0.0141412
0.0148925
0.0148711
0.0138669
0.0149069
0.014722
0.014099
0.014832
0.0140845
0.0148525
0.0141426
0.0142406
0.0146068
0.0147888
0.0146908
0.0143511
0.0142784
0.0144015
0.0147027
0.0146778
0.0142789
0.0779529
0.0657898
0.0296488
0.017866
0.0192548
0.0147232
0.0145504
0.0140834
0.0151702
0.0151598
0.0149732
0.0152806
0.0140749
0.0140577
0.0143414
0.0140342
0.0141535
0.0154548
0.0154703
0.0148467
0.0144613
0.0141356
0.0149456
0.015066
0.0149441
0.0147062
0.0150919
0.0148548
0.0145613
0.0148573
0.0148763
0.0149128
0.014424
0.0145368
0.0149227
0.0148643
0.0148086
0.0142831
0.0148365
0.0143352
0.0145969
0.0148042
0.0143249
0.0146755
0.0147756
0.0147273
0.0145865
0.0145165
0.0145972
0.0143609
0.0147401
0.0144203
0.0146496
0.0146648
0.0146474
0.0144161
0.0147127
0.014694
0.0144549
0.0929979
0.0762986
0.000742501
0.0132472
0.0137605
0.00879085
0.0112924
0.0136495
0.0124057
0.0146636
0.0151094
0.0130773
0.0139106
0.0149783
0.0149121
0.0136004
0.0136834
0.0146067
0.0148581
0.0148264
0.0147855
0.0140461
0.0140453
0.014331
0.0148144
0.0147892
0.0147814
0.0142575
0.0147549
0.106872
0.0773025
0.0118168
0.00976766
0.0129776
0.0152987
0.0132785
0.0137177
0.0149406
0.0148103
0.0138051
0.0148843
0.0135204
0.013688
0.0144146
0.0144812
0.0141665
0.0141099
0.0139328
0.0140026
0.0147621
0.0146593
0.0141032
0.0142583
0.0146658
0.014208
0.0142369
4.86067e-05
3.58977
0.00632867
0.010383
0.0137867
0.00421669
0.0125582
0.00966755
0.013488
0.0144591
0.015228
0.0148733
0.0150827
0.0151481
0.0135636
0.0133836
0.013355
0.013181
0.0146893
0.0149585
0.013903
0.0136204
0.0137771
0.0140587
0.0137881
0.0141053
0.0140555
0.0148044
0.0141139
0.0140213
0.134251
0.00654635
0.00718295
0.0148043
0.0139724
0.011802
0.015287
0.0124943
0.0144628
0.0116562
0.0139444
0.0150785
0.013399
0.0137843
0.0132209
0.0138112
0.0135273
0.013847
0.0148754
0.0136956
0.0137695
0.0139524
0.014849
0.0145819
0.0146795
0.0141974
0.0140868
0.0140958
0.0141678
0.148137
0.0451365
0.00214718
0.00393071
0.0119148
0.0154415
0.0153895
0.0100566
0.0136198
0.015212
0.0130733
0.012934
0.0133302
0.0130102
0.0136204
0.0149892
0.0150305
0.0149777
0.0136066
0.0136463
0.0146709
0.0147986
0.0143323
0.0140763
0.0141611
0.0141338
0.0140977
0.014821
0.0144696
0.0141326
0.0866678
0.0119932
0.0122384
0.00814171
0.0131627
0.0112751
0.012896
0.0143201
0.0151763
0.014879
0.0133803
0.0138758
0.0150174
0.0149363
0.0137771
0.0139247
0.0139284
0.0146577
0.0144229
0.0141143
0.0141212
0.0141011
0.0141549
0.014197
0.0142859
0.153396
0.102172
0.00360686
0.0152591
0.0126604
0.0117197
0.0153938
0.0145487
0.0153144
0.0129674
0.0127654
0.0127946
0.0132865
0.0150017
0.0150754
0.0139478
0.0135293
0.0136453
0.0148869
0.0139565
0.0139181
0.0140234
0.0139572
0.0146783
0.0148247
0.0140339
0.0147363
0.0141659
0.0142193
0.0577509
0.0861085
0.000804391
0.0132634
0.013759
0.00889315
0.011338
0.0136458
0.0124214
0.0146607
0.0151078
0.0130893
0.0139132
0.0149768
0.0149106
0.0136061
0.0136883
0.0146062
0.014857
0.0148254
0.0147846
0.0140491
0.0140479
0.0143324
0.0148134
0.0147883
0.0147805
0.0142586
0.014754
1.03514
0.0177825
0.00929058
0.000600392
0.00156994
0.00993008
0.00640058
0.015364
0.0149778
0.0105703
0.01505
0.0121578
0.0136324
0.0138147
0.00830775
0.0150506
0.00167724
0.0156322
0.00558484
0.00908696
0.0130048
0.0122618
0.0114194
0.0129582
0.0149494
0.012711
0.0151617
0.0148108
0.015159
0.0151409
0.0133544
0.0150926
0.0147346
0.0137145
0.0136771
0.0148306
0.0150123
0.014146
0.0148895
0.0148681
0.0138753
0.0149047
0.0147201
0.0141045
0.0148299
0.0140898
0.0148505
0.0141462
0.0142442
0.0146062
0.0147869
0.0146896
0.0143532
0.0142812
0.0144031
0.0147014
0.0146766
0.0142814
0.00807319
0.012207
0.0173418
0.0160488
0.0113289
0.0121798
0.0132589
0.0131599
0.0162549
0.0160531
0.0136195
0.013221
0.0133673
0.0139516
0.0153328
0.0152019
0.0154079
0.01516
0.0151168
0.0137731
0.0140356
0.0152196
0.0142555
0.0150271
0.0145892
0.0139863
0.0148767
0.0147416
0.0140884
0.0144686
0.0145702
0.0141609
0.0142635
0.0147605
0.0149139
0.014235
0.0148616
0.0145589
0.0142096
0.0146926
0.0148039
0.0142734
0.0142514
0.0145181
0.0147565
0.0142855
0.0143735
0.0144487
0.0147509
0.0147542
0.0147513
0.0147457
0.0143288
0.0144781
0.0143353
0.0146716
0.0146768
0.0143411
0.0147138
0.0147115
0.167323
0.0087875
0.00768674
0.0147656
0.0138921
0.011612
0.0152827
0.0125172
0.014424
0.0116397
0.0139082
0.0150807
0.0133918
0.0137813
0.0132006
0.0138064
0.0135047
0.0138395
0.0148775
0.0136782
0.0137535
0.0139437
0.0148528
0.0145797
0.0146797
0.0141864
0.0140774
0.0140853
0.0141568
0.00384139
0.0255125
0.0129377
0.0118091
0.0124486
0.016401
0.0130636
0.013457
0.0158574
0.0134736
0.0156218
0.0157196
0.0138784
0.013845
0.0149066
0.015324
0.0152611
0.0148783
0.0151515
0.0151706
0.0151272
0.0150553
0.0145603
0.0150737
0.0140107
0.0140444
0.0149536
0.0149568
0.0149393
0.0141384
0.0148247
0.0145204
0.0149099
0.0142996
0.0144371
0.0148441
0.014806
0.0145747
0.0143035
0.0148026
0.0144812
0.0142843
0.014357
0.014595
0.0143776
0.0147454
0.0143673
0.014321
0.0144176
0.0144953
0.0147231
0.0147172
0.0146049
0.0147169
0.0143537
0.0144504
0.406159
0.022619
0.0111228
0.0142158
0.00717194
0.0125496
0.0152272
0.0118177
0.0126698
0.0139629
0.0132513
0.0131856
0.0134747
0.0171897
0.0137537
0.0116916
0.0153432
0.00875584
0.0141775
0.0138345
0.0136066
0.0137837
0.0139429
0.0132577
0.0134678
0.0139871
0.0145451
0.0137958
0.0140282
0.0146613
0.0145418
0.0140375
0.0139986
0.0144718
0.0148164
0.0141714
0.014632
0.0142858
0.0231916
0.00603844
0.0176179
0.0167147
0.0158929
0.0156316
0.0129677
0.0137547
0.0151088
0.0149286
0.0139477
0.0138267
0.0138247
0.0138327
0.0142829
0.0143873
0.0140261
0.0150382
0.0140632
0.0149214
0.0141388
0.0149421
0.0149281
0.0141317
0.0148418
0.0146461
0.0147944
0.0142773
0.0142632
0.0142462
0.0143053
0.0146517
0.0142667
0.0147656
0.0147597
0.0147032
0.0146683
0.0144463
0.014351
0.014376
0.0146952
0.277817
0.0478106
0.00281189
0.00228325
0.00613918
0.0139979
0.0145351
0.0154529
0.0120521
0.00968844
0.0153052
0.0118715
0.0123389
0.0144684
0.0123965
0.0126272
0.0144897
0.0147651
0.0131557
0.0138873
0.0137614
0.0137088
0.0138935
0.0144374
0.0148595
0.013813
0.0138444
0.0143631
0.735124
0.0103267
0.00639177
0.00725187
0.0151939
0.0151091
0.0115591
0.0149
0.0137825
0.0142491
0.0133559
0.0139684
0.0141764
0.00343902
0.289473
0.00551963
0.0157378
0.0107117
0.0123357
0.0116898
0.0154184
0.0152942
0.0130435
0.0149186
0.0151502
0.0151579
0.0151248
0.014927
0.0138517
0.0140064
0.0148117
0.0144057
0.0147768
0.0149402
0.0148999
0.0142303
0.0143278
0.0148482
0.0142913
0.0142464
0.0145466
0.014792
0.01424
0.0147849
0.0142669
0.0142841
0.0145271
0.0143018
0.0144859
0.0145777
0.0147265
0.0147146
0.0145048
0.0684389
0.0449269
0.00635981
0.0157356
0.0108745
0.0124079
0.0117356
0.0154173
0.0152937
0.0130655
0.0149052
0.0151497
0.0151555
0.0151204
0.014922
0.0138575
0.0140102
0.0148084
0.0144056
0.0147746
0.0149386
0.014898
0.0142321
0.0143288
0.0148471
0.0142926
0.0142481
0.0145463
0.0147908
0.0142416
0.0147841
0.0142681
0.0142854
0.0145271
0.0143029
0.0144861
0.0145774
0.0147257
0.0147139
0.0145048
0.212158
0.428559
0.00875728
0.000376142
0.011658
0.00932142
0.0102866
0.0144748
0.0153279
0.0130863
0.0106858
0.0145825
0.0125575
0.0140962
0.0146043
0.0148765
0.012857
0.0144915
0.0135065
0.0136153
0.0148456
0.013959
0.0140992
0.0141701
0.01393
0.0140301
0.013949
0.0140597
0.0141128
0.0142134
0.010246
0.00749895
0.00710023
7.39713e-05
0.00613712
0.00279339
0.00575495
0.0100501
0.0116127
0.0110786
0.0120148
0.0136283
0.667287
0.0540558
0.00873313
0.00148756
0.0130728
0.00951534
0.0117183
0.0116054
0.0118462
0.0125975
0.0146555
0.0135492
0.0135508
0.014056
0.172672
0.0499916
0.00271833
0.00204313
0.015592
0.0123113
0.00877643
0.0116728
0.0154459
0.0153526
0.0133608
0.0153114
0.0151142
0.0125066
0.0126523
0.015156
0.0131617
0.0151057
0.0150555
0.0150571
0.0149117
0.0149192
0.0149842
0.0139254
0.0138366
0.0138636
0.0148726
0.0141208
0.0147648
0.014095
0.0141114
0.0140405
0.0140911
0.01444
0.0141043
0.0142589
0.014166
0.014176
0.0147677
0.0147068
0.014705
0.0145477
0.0142302
0.167557
0.00228068
0.0138863
0.00478147
0.0127278
0.0139555
0.0141038
0.00966169
0.0130508
0.0111094
0.0119242
0.0136488
0.0151674
0.0133091
0.0148035
0.0129857
0.0136781
0.0150043
0.0135047
0.0146145
0.0138726
0.0140605
0.0137626
0.0148154
0.014394
0.0140938
0.0140636
0.0140178
0.0142115
0.0365655
0.0164173
0.0135531
0.0130597
0.0126253
0.0131292
0.0134182
0.0132174
0.0152603
0.0153302
0.0154519
0.0151788
0.015248
0.0137524
0.0143701
0.0148295
0.0150461
0.0140326
0.0148861
0.0149253
0.0145197
0.0145755
0.014162
0.0146118
0.0148476
0.0148143
0.0146353
0.0142907
0.0148143
0.0146944
0.0145413
0.0146389
0.0143007
0.0147048
0.0147412
0.0147372
0.014584
0.0145899
0.0146784
0.0145282
0.0272539
0.0164045
0.0424776
0.0135152
0.0204591
0.0163514
0.0137186
0.0142097
0.0166522
0.0152544
0.0138088
0.0168308
0.01619
0.0151238
0.0159948
0.0140507
0.0143594
0.0155345
0.0151788
0.0140387
0.0140657
0.0141372
0.0143392
0.0142883
0.0150996
0.0142309
0.0141995
0.0148867
0.0149967
0.0144173
0.0142632
0.0142202
0.0148368
0.0142538
0.0149172
0.0145356
0.0146218
0.0148708
0.0147801
0.014298
0.0143448
0.0143173
0.0145346
0.0147883
0.0143252
0.0145997
0.0147269
0.014349
0.0144264
0.0145737
0.0143578
0.0147124
0.0146669
0.0143943
0.0144175
0.0145781
0.0146995
0.0909985
0.0878645
0.0155887
0.0156434
0.0154947
0.0155342
0.0154551
0.0100287
0.0133894
0.0143672
0.0150428
0.0152928
0.0149703
0.0137351
0.0151523
0.0137575
0.0136973
0.0144315
0.0137554
0.0149608
0.014238
0.0148469
0.0140334
0.0139775
0.014778
0.0148229
0.0148261
0.0141929
0.0141125
0.0148462
0.0148047
0.0142224
0.0142401
0.0147039
0.014248
0.0142853
0.0143472
0.0147352
0.0143191
0.0146982
0.0142838
0.00412294
0.0285706
0.0352134
0.0136784
0.0174957
0.0202406
0.0136944
0.017141
0.013696
0.0137756
0.0137204
0.014622
0.0152674
0.0160207
0.0154267
0.0156973
0.0155602
0.0149327
0.0139797
0.0147763
0.0144348
0.0141003
0.0141113
0.0141423
0.0142702
0.0144674
0.0146971
0.0141637
0.0148058
0.0142029
0.0142171
0.0149266
0.0142115
0.0142257
0.0149178
0.0146916
0.0148019
0.0143544
0.0143587
0.0143413
0.014836
0.0147037
0.0148124
0.0143093
0.0147241
0.0146857
0.0147779
0.0144482
0.0147418
0.0143546
0.0147304
0.0147508
0.0143664
0.0143625
0.014703
0.0143716
0.0146039
0.0144083
0.0147069
0.0144741
0.0590561
0.00090331
0.0643487
0.016554
0.0204544
0.0138236
0.0179759
0.0138366
0.017301
0.0138436
0.0163269
0.0161631
0.0159734
0.0159651
0.0157547
0.0140129
0.0140344
0.0145652
0.0143746
0.0150662
0.0141358
0.0150886
0.0151749
0.0149948
0.0148896
0.014462
0.0149193
0.014213
0.0142137
0.0149924
0.0142802
0.0149231
0.0142476
0.0142517
0.0148384
0.0143459
0.0142962
0.0148231
0.014779
0.0145682
0.0148115
0.01482
0.0143478
0.0145605
0.0146968
0.0147347
0.0146073
0.0143572
0.0144738
0.014737
0.0147225
0.0143786
0.0144068
0.0147062
0.0146824
0.0144162
0.0144165
