1.80319
0.0366231
0.079264
0.016874
0.0197843
0.0100992
0.00148985
0.00131956
0.00333116
0.00690921
0.0100762
0.0080865
0.117865
0.114508
0.00699607
0.0142214
0.0145758
0.0140454
0.00543058
0.0145635
0.0148765
0.0145577
0.0119984
0.00976311
0.0141484
0.00776302
0.00816747
0.0136139
0.0134515
0.0102456
0.0131809
0.0132288
0.0105022
0.0131125
0.013016
0.0110892
0.0127338
0.0129859
0.0103722
0.0126296
0.0109508
0.0105374
0.0118985
0.0118103
0.0122794
0.0108129
0.0128019
0.0126356
0.0119161
0.0110681
0.0111272
0.0116516
0.0120749
0.0125017
0.0125969
0.170351
0.158929
0.00230864
0.0179256
0.00482099
0.019466
0.00943853
0.00922968
0.0166946
0.00920663
0.00810395
0.00888468
0.0119856
0.0134713
0.00992107
0.0141674
0.0136919
0.01361
0.0132679
0.010365
0.0127873
0.0111677
0.0108496
0.0109223
0.0132326
0.0127873
0.0109766
0.0121162
0.0108769
0.0109615
0.0128018
0.0128983
0.011072
0.0127837
0.0123457
0.011782
0.0124355
0.011877
0.0126038
0.0127002
0.0114415
0.011386
0.012139
0.0120958
0.0125804
0.0125768
0.0113645
0.0116723
0.0125207
0.0124875
0.0118643
0.0123122
0.011655
0.0114898
0.0116739
0.0124017
0.0121991
0.0120208
0.0115486
0.203922
0.0458125
0.00397898
0.00209663
0.00307732
0.000221848
0.00640097
0.0113822
0.0141784
0.00749518
0.007779
0.0137068
0.0130907
0.00950489
0.0114949
0.0125826
0.0101707
0.0131156
0.0103191
0.010454
0.0121229
0.0120118
0.012767
0.0126677
0.0110348
0.0120679
0.0116519
0.0114077
0.0110994
0.134047
0.0162866
0.0038333
0.00969241
0.013752
0.00104397
0.00682431
0.0107628
0.014107
0.0139382
0.0138895
0.0116251
0.0135343
0.00972046
0.0103897
0.0101862
0.0131695
0.0130269
0.0117075
0.0129889
0.012913
0.0109114
0.0128649
0.0111794
0.0109506
0.0120095
0.0111327
0.0112021
0.0126309
0.337761
0.122626
0.0081959
0.0151869
0.00860032
0.00850989
0.00773704
0.00411531
0.0118567
0.00882573
0.00571559
0.00705675
0.0125946
0.0136381
0.00933659
0.0104083
0.0122144
0.00966301
0.0132657
0.01324
0.0123038
0.0118328
0.0106327
0.0103939
0.0105651
0.0118645
0.0106107
0.0128226
0.0107523
0.275946
0.0849136
0.0398698
0.00425305
0.00421228
0.00237142
0.0145898
0.0055145
0.0142737
0.00654513
0.00896095
0.00857505
0.0133199
0.0134755
0.00967288
0.0131606
0.00967865
0.0100344
0.010352
0.0109727
0.0122192
0.0130092
0.0126112
0.0115538
0.0107735
0.0127323
0.0110539
0.0109712
0.277123
0.0260099
0.0161915
0.0127781
0.0151069
0.00136708
0.0147217
0.00488599
0.00573932
0.00800049
0.00722959
0.00980286
0.013729
0.0123187
0.0135511
0.012563
0.0134074
0.0132436
0.0113219
0.0114801
0.0104814
0.0116058
0.0121842
0.011469
0.0118344
0.0127166
0.0109439
0.0336069
0.0382725
0.00337259
0.0107057
0.000291176
0.0139027
0.00881087
0.0113737
0.0101147
0.00865906
0.00932537
0.0094232
0.00977681
0.00959535
0.00992153
0.00999945
0.0124986
0.0105602
0.0107959
0.0105229
0.0107118
0.0117888
0.0119568
0.01167
0.0109981
0.0127042
0.0111717
0.0284003
0.028982
0.0181581
0.0227103
0.00093632
0.00309271
0.0141145
0.00680423
0.0141334
0.00858855
0.0136878
0.009977
0.0117793
0.0133492
0.0102456
0.00996953
0.01277
0.0105745
0.0126576
0.0106097
0.0123996
0.011235
0.0125696
0.0117379
0.0110595
0.103627
0.0273857
0.0156343
0.0168754
0.0136774
0.000787356
0.00755968
0.0113511
0.00937843
0.00817843
0.0135775
0.0130647
0.0129736
0.0100546
0.01026
0.0109845
0.0105734
0.0108521
0.013023
0.0126572
0.011832
0.01225
0.0127289
0.0108617
0.0127209
0.0125411
0.0111596
0.011223
0.226705
0.0158569
0.0281453
0.00132565
0.00846534
0.00391341
0.000735961
0.0105653
0.00525531
0.00610151
0.0128704
0.153062
0.184505
0.0249315
0.00419259
0.0125993
0.0149991
0.0132792
0.0146729
0.00564747
0.00534242
0.0085801
0.00809551
0.00903943
0.00927676
0.00840268
0.00992148
0.00883355
0.00988561
0.0122115
0.00956061
0.0097668
0.0101747
0.0111015
0.0105045
0.0131587
0.0107586
0.0128067
0.0106736
0.0106667
0.0112839
0.0107926
0.0128977
0.0128477
0.010875
0.0111335
0.0111823
0.012666
0.0121903
0.0126026
0.0122258
0.0112592
0.0124844
0.0125216
0.0345095
0.0154988
0.0386517
0.0160392
0.00499736
0.0154446
0.0158898
0.0153048
0.00824977
0.00650071
0.0148604
0.0129528
0.0139938
0.0136685
0.0133398
0.00938808
0.00977817
0.0134275
0.0100915
0.0116722
0.0134891
0.0104904
0.0103986
0.0118613
0.0131101
0.010789
0.0107352
0.0107061
0.0128134
0.0119842
0.0108409
0.0129058
0.0109386
0.0109163
0.012825
0.0124507
0.0123495
0.0113013
0.0127262
0.0126993
0.0112307
0.011552
0.0112718
0.01238
0.0118473
0.0112434
0.0125573
0.0123426
0.0125341
0.012002
0.0122596
0.0113807
0.0123284
0.0120511
0.012416
0.0325868
0.00729114
0.0452687
0.00442762
0.00705555
0.0146091
0.0145819
0.00761013
0.0142042
0.011901
0.0094586
0.00855325
0.00958503
0.00950211
0.0107598
0.0098634
0.0132858
0.0102394
0.0101693
0.0130223
0.0122753
0.010503
0.0117527
0.0109375
0.011121
0.0121174
0.0118815
0.012712
0.0756159
0.0898056
0.0207373
0.0157797
0.0153856
0.0151132
0.0158884
0.0112641
0.00848926
0.00852799
0.00929305
0.0138754
0.0125851
0.0130712
0.0134388
0.0140274
0.013678
0.013864
0.0096003
0.0101785
0.0104347
0.0105012
0.0113899
0.0129076
0.0126202
0.0104789
0.0106077
0.0105304
0.0107831
0.0107663
0.0115441
0.0128869
0.0108228
0.0129097
0.0128002
0.0110207
0.0126418
0.0110942
0.0127843
0.0110898
0.0127041
0.0125852
0.0125772
0.0126463
0.0116138
0.0126126
0.0123567
0.0122152
0.0120745
0.0124421
0.0114032
0.0122887
0.0124272
0.0114009
0.0114579
0.0124459
0.0124359
0.195732
0.00712059
0.000650256
0.00574586
0.0137531
0.0146813
0.014486
0.00806963
0.00939092
0.00908186
0.0136787
0.0131214
0.0094896
0.0104623
0.379303
0.0284903
0.0323885
0.0453487
0.0147778
0.0144107
0.00998271
0.0138442
0.0134922
0.0135213
0.00866747
0.00943523
0.0133798
0.0116608
0.0119014
0.0098152
0.0105374
0.00995561
0.0106254
0.0114309
0.0104409
0.0116254
0.0127064
0.0124212
0.012338
0.0109566
0.0109249
0.0124719
0.011332
0.474087
0.0586653
0.0214917
0.0158726
0.015982
0.0144249
0.0150157
0.00692367
0.0142419
0.00953813
0.00826956
0.00831124
0.00957504
0.0135239
0.00955703
0.00994971
0.0103157
0.013266
0.011354
0.0105753
0.0103979
0.0116393
0.010609
0.01297
0.012733
0.0112745
0.0122219
0.01227
0.0128741
0.0110036
0.0112864
0.0118392
0.0120999
0.0125215
0.0125766
0.0112156
0.0113041
0.0124033
0.0123839
0.0119158
0.0122988
0.011952
0.0121187
0.0114656
0.0119005
0.116304
0.0072267
0.00413703
0.015962
0.00616185
0.0020692
0.00208134
0.00798546
0.0140426
0.00773716
0.0144669
0.00857863
0.0077787
0.0130283
0.0082337
0.00921973
0.0114952
0.0132434
0.00942974
0.0122478
0.010152
0.0099237
0.010697
0.0106714
0.0102949
0.0122705
0.0111178
0.0108851
0.185948
0.00163558
0.00574287
0.0040352
0.00827624
0.00347332
0.00625959
0.00781111
0.0139031
0.00849235
0.0132547
0.00949426
0.0100247
0.0102707
0.0122511
0.207143
0.168106
0.0398216
0.0116028
0.00428758
0.0146062
0.00640765
0.0130708
0.00676828
0.00869155
0.00833544
0.0143294
0.00922825
0.0104357
0.00938794
0.013612
0.0136703
0.0124878
0.0111309
0.0101533
0.010143
0.0131654
0.0104338
0.0131331
0.0108217
0.0110864
0.0120562
0.0120508
0.0127088
0.010978
0.0109662
0.010965
0.0110925
0.0111182
0.0113615
0.0111582
0.0126436
0.0126111
0.0112257
0.0113189
0.0114811
0.0114143
0.0113516
0.0113809
0.150093
2.76409
0.0354483
0.0115321
0.00467147
0.0145501
0.00644631
0.0129674
0.00688771
0.0087466
0.00839738
0.0143149
0.00925845
0.0104385
0.00941682
0.0136087
0.0136638
0.0124746
0.0111316
0.0101685
0.0101577
0.0131618
0.0104441
0.013128
0.0108275
0.0110916
0.0120538
0.0120487
0.0127046
0.0109827
0.0109718
0.0109702
0.0110963
0.0111227
0.0113646
0.0111622
0.0126409
0.0126089
0.011229
0.0113221
0.0114835
0.0114168
0.0113542
0.0113833
0.00845061
0.00984109
0.00296834
0.00497164
0.00130062
0.000108356
0.0109152
0.00225413
0.00419884
0.00642602
0.0110806
0.0127705
0.00806304
0.0084583
0.00891611
0.0100849
0.012973
0.00989629
0.0101362
0.0104661
0.0100769
0.0103714
0.010473
0.0128413
0.0111982
0.0122314
0.0106924
0.416704
0.0428652
0.0226886
0.00735377
0.000290436
0.00863693
0.00212435
0.00716491
0.0105685
0.00758138
0.0096303
0.126873
0.0148488
0.000406009
0.00256282
0.00774247
0.00776723
0.00782343
0.0126376
0.00962391
0.010043
0.0142578
0.254637
0.0258203
0.0178393
0.00339343
0.00570482
0.0147566
0.00830913
0.014274
0.00890722
0.0139411
0.00872757
0.0134355
0.0133517
0.0135382
0.0136507
0.00904224
0.00920336
0.0102695
0.010126
0.0131811
0.010502
0.0109939
0.0107908
0.0104702
0.0104996
0.0128571
0.0106555
0.0108427
0.0127087
0.0125181
0.0124229
0.0121355
0.0127534
0.0128022
0.0111757
0.0113826
0.0127056
0.0111672
0.0123206
0.483076
0.147044
0.016196
0.0628532
0.00100965
0.0092582
0.00320726
0.0147176
0.00406402
0.0113449
0.0142457
0.00756106
0.0100597
0.00784317
0.0131492
0.0126957
0.00913669
0.0100461
0.0134251
0.0132889
0.0109238
0.0111458
0.0102755
0.0102158
0.0119808
0.0105849
0.0128339
0.0125768
0.0128293
0.0125167
0.0823564
0.00258186
0.0234285
0.0159355
0.0159975
0.0144191
0.0150299
0.00684335
0.0142956
0.00951461
0.00823699
0.00828704
0.00957225
0.0135214
0.00955012
0.00994225
0.0103099
0.0132638
0.0113653
0.0105727
0.0103988
0.0116462
0.0106097
0.0129707
0.0127343
0.0112797
0.012225
0.0122725
0.0128724
0.0110052
0.0112905
0.0118421
0.0121017
0.012521
0.0125754
0.0112188
0.0113076
0.0124026
0.012383
0.0119175
0.0122983
0.0119533
0.0121189
0.0114688
0.0119019
0.0276858
0.00800709
0.0156747
0.0210931
0.0171712
0.00782355
0.00839081
0.00810322
0.00850653
0.00886618
0.00922318
0.00997816
0.0104383
0.00976181
0.013804
0.013994
0.0135663
0.0137134
0.0131929
0.0123909
0.0104525
0.0133186
0.0130814
0.0131664
0.0108863
0.0125716
0.0108066
0.0122459
0.0108828
0.0111642
0.0129474
0.0113955
0.0110195
0.0112308
0.0112093
0.011179
0.012792
0.0113522
0.0127209
0.0121166
0.0113287
0.011518
0.0116216
0.0117566
0.0118247
0.0113441
0.0125556
0.0124945
0.0117822
0.0114688
0.0123013
0.0114922
0.0124495
0.0114686
0.0124312
0.0115185
0.0115306
0.174322
0.222478
0.031112
0.0208668
0.0153423
0.0141838
0.00678133
0.0147229
0.0141794
0.0102753
0.00765751
0.00747499
0.0131764
0.00886428
0.00961377
0.0125177
0.0100922
0.00992353
0.0116332
0.0100341
0.0118723
0.0130364
0.0132338
0.012923
0.010671
0.0106104
0.0129793
0.01088
0.0116644
0.0122043
0.011687
0.0116307
0.0109339
0.0111052
0.011061
0.0110584
0.0121283
0.0111748
0.0114959
0.01151
0.0112823
0.0112972
0.0183327
0.0227712
0.0331851
0.0010563
0.00776079
0.00468195
0.015066
0.0160336
0.00735218
0.00960361
0.00973943
0.0136132
0.00902799
0.014186
0.0135416
0.0095523
0.0100343
0.00988142
0.0136545
0.010452
0.0104283
0.0104033
0.0132478
0.0118419
0.0123575
0.0109138
0.0106149
0.0108558
0.0130763
0.0130484
0.0129068
0.0130185
0.0129595
0.0109771
0.0128689
0.0128511
0.0112418
0.0112834
0.0111322
0.0126938
0.0126275
0.0113331
0.0126231
0.0114809
0.0117811
0.0113014
0.0115374
0.0113285
0.0124859
0.0121472
0.0113926
0.0125392
0.0119341
0.0124662
0.0118888
0.0114554
0.0114722
0.0115188
0.0122449
0.0123524
0.0187143
0.0205383
0.0019928
0.0157722
0.00780106
0.00749505
0.0141856
0.00765475
0.00777818
0.0104645
0.0142871
0.0127752
0.00946968
0.0108826
0.0141443
0.0103248
0.0135566
0.0109679
0.0136153
0.0107826
0.0128096
0.0105373
0.0106717
0.0130355
0.0107963
0.0124796
0.0130585
0.0128879
0.0114076
0.0129944
0.010918
0.0127092
0.0110808
0.0127759
0.0127994
0.0127799
0.0112904
0.0121994
0.0126627
0.0112038
0.0126991
0.0112574
0.0113684
0.0126075
0.0113928
0.0123939
0.0116121
0.0119087
0.011553
0.0116341
0.0121269
0.0115404
0.0114725
0.0115014
0.0122471
0.0115039
0.0117118
0.0118153
0.011587
