0.00573794
0.00690959
0.0111637
0.00571944
0.0100159
0.00343631
0.00371398
0.00502384
0.0105613
0.00255449
0.0108444
0.00878313
0.00996808
0.00589348
0.00744971
0.00744971
0.00748977
0.0072733
0.00746405
0.0068246
0.00695112
0.00693885
0.00709743
0.00748766
0.00756436
0.00787367
0.00743364
0.00772861
0.00744053
0.00736368
0.00756726
0.00714536
0.00713697
0.00722978
0.00762268
0.00717735
0.0077078
0.00761611
0.0076926
0.00757105
0.00721273
0.00767488
0.00764762
0.00764208
0.00723726
0.00764692
0.00730957
0.00765439
0.00760949
0.00753599
0.00729368
0.00739906
0.00754497
0.00731912
0.00730025
0.0076064
0.0073709
0.00755638
0.00749537
0.00757696
0.00756063
0.00741572
0.00757017
0.00736926
0.00743305
0.00746196
0.00744971
0.00744505
0.0137802
0.00043643
0.00681467
0.0141969
0.00218844
0.0122892
0.0123391
0.00269365
0.00427564
0.00352838
0.00313491
0.00324361
0.0109628
0.00370467
0.00433808
0.00435083
0.0057445
0.00519101
0.00975507
0.00490988
0.00507722
0.00964833
0.00518138
0.00515493
0.0052495
0.00951811
0.00640722
0.00560825
0.00564712
0.00679709
0.00872424
0.00595932
0.00753919
0.00913059
0.0060941
0.00834401
0.00889677
0.00606146
0.00825006
0.00618454
0.00873903
0.00682555
0.00625117
0.00627951
0.00750209
0.0077316
0.00686594
0.00638173
0.00646537
0.00806763
0.00841127
0.00775085
0.0080741
0.00654173
0.0204141
0.00142542
0.000875064
0.00784112
0.00168919
0.00595108
0.00332374
0.00501438
0.0107305
0.00297687
0.00538708
0.00321493
0.00374568
0.00441709
0.00459191
0.00615722
0.00943351
0.00985617
0.00721415
0.00977704
0.00963421
0.00859064
0.00965888
0.00931985
0.00924735
0.00925704
0.00568237
0.00773192
0.00670966
0.00751141
0.00686077
0.00863773
0.00782806
0.00881753
0.00757367
0.00807953
0.00700212
0.00845783
0.00639804
0.0063011
0.00635155
0.00829975
0.00686497
0.00845478
0.00732482
0.0083182
0.00804746
0.0150127
0.00337923
0.00391079
0.00760771
0.00368266
0.00681954
0.00459654
0.00635616
0.00904533
0.00491864
0.00653257
0.00484912
0.00551574
0.00549408
0.0055647
0.00678833
0.00855768
0.00905105
0.00732317
0.00892895
0.0087815
0.00808608
0.00884858
0.00858841
0.00853768
0.00870806
0.00623185
0.00761608
0.00700702
0.00748646
0.00709361
0.0081974
0.00768189
0.00836288
0.00752627
0.00784293
0.0071699
0.00810298
0.00675734
0.00667669
0.00669602
0.00800704
0.00707189
0.00813612
0.00736958
0.00803356
0.00784167
0.00759085
0.00728377
0.0107116
0.00605685
0.0052108
0.00783484
0.00473076
0.00517706
0.00694155
0.00912847
0.00923731
0.00883494
0.0056551
0.00714103
0.0082675
0.00709642
0.00692336
0.008471
0.00660385
0.00805975
0.00724867
0.00644532
0.0079431
0.00721491
0.00647321
0.00702131
0.00687239
0.00701332
0.00770044
0.0081576
0.00779371
0.00678243
0.00746432
0.00744947
0.00567409
0.00751119
0.00965677
0.0073398
0.00723518
0.00632666
0.00694328
0.00639695
0.00596402
0.00855911
0.00624529
0.00605942
0.00708772
0.00838616
0.00685625
0.0064484
0.00796466
0.00699666
0.00830995
0.00662057
0.00680839
0.00825563
0.00688426
0.00691363
0.00679198
0.0080091
0.00801464
0.00681572
0.00733347
0.00800802
0.00782835
0.00690363
0.00778552
0.00791341
0.0079206
0.00796047
0.00792236
0.00701232
0.00723387
0.00703903
0.00703528
0.00770436
0.00705887
0.00766666
0.00768024
0.00758003
0.00763433
0.00189357
0.00996468
0.00168004
0.0045374
0.00874501
0.0108271
0.00464236
0.0109403
0.00888459
0.00384323
0.00473594
0.00470413
0.00795893
0.0100573
0.0053657
0.00525159
0.00957334
0.0094251
0.00643369
0.00669974
0.00568817
0.00842527
0.00575609
0.00898879
0.00603162
0.00724342
0.0079071
0.0061784
0.00864859
0.00627162
0.0068133
0.00772723
0.00848523
0.00847558
0.00655106
0.00657714
0.00798254
0.00744971
0.00748951
0.00806418
0.00695395
0.00750928
0.00738996
0.00709951
0.00792704
0.00770524
0.00742734
0.00753158
0.00763078
0.0074345
0.00749877
0.00746154
0.00778912
0.00761082
0.00736137
0.0074751
0.00758309
0.00765234
0.0076809
0.00771293
0.00762937
0.00724017
0.00765189
0.00770696
0.00731899
0.00749559
0.00762908
0.00725742
0.00741022
0.00731712
0.00726229
0.00729243
0.00726444
0.00761628
0.00753541
0.00744442
0.00729922
0.00759524
0.00750471
0.00729004
0.00736641
0.00734
0.00760011
0.00742363
0.00758693
0.00744558
0.00738286
0.0075093
0.00757225
0.00734678
0.00736579
0.00736386
0.00755621
0.00388327
0.00866566
0.00676317
0.00810363
0.00640553
0.00878979
0.00798142
0.00634374
0.0085653
0.00636182
0.00788255
0.0064979
0.00668473
0.00671629
0.00670877
0.00731033
0.00761108
0.00698073
0.00733502
0.000788064
0.00097169
0.00743589
0.00931946
0.00736767
0.00189585
0.0115888
0.00826742
0.00735284
0.00672045
0.00641262
0.0107211
0.00532822
0.00967651
0.00467299
0.00971331
0.0072146
0.00530997
0.00671702
0.0055246
0.00865703
0.00607425
0.0083601
0.00637915
0.00664701
0.00666494
0.00873715
0.00617761
0.00654718
0.00628604
0.00646509
0.00632976
0.00744971
0.00906887
0.00769263
0.00710215
0.00726073
0.00830957
0.0074786
0.00764669
0.00667906
0.00742503
0.00694874
0.00697564
0.00712977
0.00695196
0.00675173
0.00722784
0.0075777
0.00785785
0.00791679
0.0078395
0.00715258
0.00729179
0.00700192
0.00770438
0.00782843
0.0073354
0.00785661
0.00780494
0.00713375
0.00718129
0.00770127
0.00710052
0.00741195
0.00711638
0.00737288
0.00733748
0.00776233
0.00761866
0.00766863
0.00759549
0.00724154
0.00770917
0.00720511
0.00769342
0.00767585
0.00760755
0.00760626
0.00724564
0.00762601
0.00759433
0.00727851
0.00762905
0.00736221
0.00760704
0.00763665
0.00743702
0.00732609
0.00745448
0.00890193
0.00708505
0.00474619
0.00784649
0.00693338
0.00674685
0.00744043
0.00758417
0.00953142
0.00674277
0.00625229
0.00753023
0.00584597
0.00805868
0.00600199
0.00617219
0.00698558
0.0061849
0.00624969
0.00789516
0.00763251
0.00662272
0.00809679
0.00643859
0.00821414
0.00654891
0.00666311
0.00665543
0.00795161
0.00736167
0.00677397
0.00711658
0.00686136
0.00707166
0.00681859
0.0078865
0.00685834
0.00703731
0.00747575
0.00746967
0.00730041
0.00862392
0.000146022
0.00506833
0.00176246
0.00152007
0.00148167
0.00526498
0.00621797
0.00835725
0.0106543
0.00407432
0.0048165
0.00429224
0.0089438
0.00635243
0.00625047
0.00895355
0.00752853
0.0039866
0.00856638
0.00420998
0.00614522
0.00801247
0.0091361
0.00617607
0.00964227
0.00808302
0.00561165
0.00579041
0.00600865
0.00769
0.00903121
0.00641369
0.00611943
0.00873653
0.00856975
0.00691681
0.00705601
0.00636204
0.00798209
0.00643669
0.00838525
0.00662168
0.00733781
0.00770462
0.00666609
0.00818947
0.00673622
0.00708672
0.00760898
0.00809192
0.00809324
0.00691538
0.00693025
0.0077628
0.0100869
0.000620833
0.00822846
0.0102633
0.0014488
0.00154293
0.0112659
0.010427
0.00181397
0.0118176
0.00312653
0.00352528
0.0040088
0.00439288
0.00464407
0.00807206
0.00906216
0.00999199
0.00854666
0.004957
0.00756891
0.00957904
0.00554425
0.00946836
0.00878512
0.00727259
0.00875503
0.00907261
0.00584512
0.00812992
0.00871142
0.00780173
0.00881411
0.00665965
0.00775245
0.00812615
0.007881
0.00642801
0.0124569
0.00744996
0.00955067
0.00934306
0.00937498
0.00674256
0.00827461
0.00746136
0.0067675
0.00587864
0.00732163
0.006395
0.00673558
0.00803199
0.00752065
0.00814824
0.00643867
0.0078705
0.00833563
0.00664487
0.00756082
0.00760127
0.00819539
0.00799406
0.00719641
0.00716726
0.00676939
0.00709171
0.00722769
0.00803851
0.00685425
0.00728233
0.00718081
0.00689723
0.00696988
0.00737107
0.00797939
0.00700661
0.00737628
0.0049766
0.00355171
0.0125347
0.00877489
0.00189204
0.0104297
0.00944187
0.00840353
0.00476903
0.00584268
0.00685483
0.00655149
0.00770215
0.0068184
0.0103502
0.0074496
0.00722328
0.00895366
0.0064976
0.00811758
0.00858519
0.00721214
0.00738333
0.00752225
0.00832248
0.00660467
0.00660921
0.00686438
0.00721789
0.00671234
0.00676131
0.00740477
0.00774975
0.00788951
0.00726109
0.00802612
0.00683872
0.00689259
0.00687171
0.0068846
0.00795668
0.00695644
0.00737561
0.00712276
0.00789132
0.00749122
0.00717733
0.00786611
0.00789601
0.00773557
0.00723327
0.00789662
0.00705165
0.00724751
0.00787338
0.00706475
0.00786395
0.00707516
0.00731768
0.00729457
0.00766573
0.00713713
0.00775953
0.00771849
0.00742955
0.00768989
0.00774456
0.00773034
0.00719555
0.00732111
0.00733938
0.00771044
0.00738693
0.00769958
0.00724058
0.00510862
0.00266593
0.0077612
0.01104
0.0105826
0.00316163
0.003748
0.00419401
0.00437677
0.0100324
0.00539043
0.00530605
0.00879275
0.00593982
0.0057527
0.0065536
0.00588128
0.00687727
0.00647037
0.00809538
0.0102222
0.0130275
0.0124303
0.0101627
0.00681425
0.00536515
0.00335908
0.00997933
0.00402077
0.00876218
0.00771045
0.00711813
0.0093718
0.00606487
0.00556412
0.00683545
0.00843017
0.00891555
0.00898982
0.00419933
0.00537763
0.0028391
0.00118466
0.00874176
0.00422016
0.00672355
0.0017922
0.0106607
0.00903429
0.00910469
0.00655961
0.0106953
0.00491049
0.00510446
0.00469944
0.00593947
0.00876404
0.00744973
0.0094462
0.00745015
0.00752283
0.00729626
0.00779398
0.00680187
0.00786773
0.00848877
0.00661746
0.00648644
0.00669662
0.00656307
0.00820439
0.00685678
0.00671918
0.00811693
0.00825324
0.00788028
0.00667179
0.00670203
0.00683114
0.00780327
0.00817133
0.00711105
0.00799775
0.0073315
0.00726296
0.00704041
0.00783668
0.00717277
0.00693584
0.00712616
0.00782918
0.00786731
0.00694434
0.00697222
0.00704669
0.00744071
0.00737917
0.00695641
0.00704151
0.00793261
0.00766017
0.00703837
0.00702044
0.00723795
0.00733025
0.00722341
0.00770492
0.00721999
0.00749901
0.00765209
0.00710377
0.00711819
0.00751701
0.0077705
0.007592
0.00718537
0.00747887
0.00775281
0.00718496
0.0102117
0.00382532
0.00696295
0.0124282
0.0121262
0.00696452
0.0109232
0.0101919
0.00403381
0.0102789
0.00419337
0.00394927
0.00987839
0.00947682
0.00516624
0.00512184
0.00528332
0.00688186
0.00911921
0.00633582
0.00885923
0.00622923
0.00773949
0.00612744
0.00772793
0.0062564
0.00744701
0.0071644
0.00504054
0.00675485
0.00567572
0.00690693
0.00599255
0.00599806
0.0084081
0.00836339
0.00792756
0.00654398
0.00664706
0.00708163
0.00744263
0.00732039
0.00750368
0.00727766
0.00708602
0.00765403
0.00725952
0.0105785
0.00155717
0.00498376
0.00649
0.00996607
0.0103299
0.010162
0.00769947
0.00985236
0.00942726
0.00927793
0.00546556
0.00777288
0.00804878
0.00605125
0.00833475
0.00601773
0.0074494
0.00744958
0.00773198
0.00907543
0.00497757
0.00563041
0.00795867
0.00796129
0.00902014
0.00779063
0.00719883
0.00879138
0.00597766
0.00613334
0.00624407
0.00826665
0.00628852
0.00784455
0.00833594
0.00640738
0.00684127
0.00650159
0.00717942
0.00655313
0.00656461
0.00692489
0.0073316
0.00689874
0.00678192
0.00806371
0.00685401
0.00800391
0.00688535
0.00447676
0.00397892
0.0123524
0.0111819
0.0144582
0.0138806
0.00058638
0.0116519
0.0116098
0.00748142
0.0111499
0.00503102
0.00338355
0.0090352
0.00409251
0.0104293
0.00949607
0.00601382
0.00480869
0.00848262
0.00704041
0.00548362
0.00584875
0.00746058
0.00744669
0.00443769
0.013251
0.000766269
0.00628806
0.00284697
0.00249292
0.00788185
0.00315926
0.008897
0.0100084
0.00949122
0.00475851
0.00766112
0.0051914
0.00856248
0.00890225
0.0053346
0.00851573
0.00855045
0.00741699
0.00745368
0.00765565
0.00705946
0.00797587
0.00840974
0.00829926
0.00815746
0.00791461
0.00817324
0.00793605
0.00713373
0.00713453
0.00739902
0.00783609
0.00778292
0.00727302
0.00779214
0.00780387
0.00736041
0.00780769
0.00799485
0.00793465
0.00693114
0.00726034
0.00698242
0.00761713
0.00700905
0.00789709
0.00785899
0.00768882
0.00754163
0.00776592
0.00785489
0.00782791
0.00704725
0.00772733
0.00753423
0.00784156
0.00737737
0.00712398
0.0074058
0.00728171
0.00774816
0.00747074
0.00737669
0.00773817
0.00759316
0.00763731
0.00753647
0.00751685
0.00737262
0.00720084
0.00759674
0.0076937
0.00735603
0.00763458
0.00728462
0.00757134
0.00730808
0.00937458
0.00824887
0.00730339
0.0112434
0.00748004
0.00557426
0.00471775
0.00658523
0.00529539
0.00526725
0.00721973
0.00594144
0.0111311
0.00554111
0.00358409
0.0091854
0.00423235
0.00481411
0.00797606
0.00715255
0.00554845
0.00655654
0.00899358
0.00611658
0.00884108
0.00878819
0.00598399
0.00611353
0.00873311
0.00855218
0.00861964
0.0083601
0.00853437
0.00786666
0.00651383
0.00699677
0.00656781
0.00830596
0.00670348
0.00660373
0.00823544
0.00669229
0.00718753
0.00804656
0.0107543
0.00708163
0.00750445
0.00582182
0.00665273
0.00644211
0.00670415
0.00770503
0.008073
0.00612909
0.00853124
0.00851821
0.00807139
0.00843433
0.00815188
0.00670323
0.00648228
0.00710762
0.00752154
0.00718232
0.00667965
0.00660506
0.00818804
0.00810363
0.00784964
0.00753321
0.00808309
0.00715329
0.00755507
0.0073444
0.00796681
0.00781407
0.00773138
0.00725619
0.00712565
0.00775735
0.00758349
0.0070183
