0.00773451
0.0184956
0.0148545
0.0256312
0.0171749
0.0193206
0.0191373
0.024857
0.0213298
0.0217582
0.0212778
0.0212999
0.0232426
0.0237811
0.0235699
0.0232203
0.0234676
0.0233236
0.0234722
0.0234858
0.0232265
0.0233259
0.0232336
0.0231766
0.0233843
0.0231255
0.023261
0.0230573
0.023273
0.0234053
0.0230811
0.023332
0.0231729
0.0230906
0.0233964
0.0231077
0.023182
0.0233386
0.0233736
0.0232281
0.0231599
0.0231073
0.0231261
0.0233102
0.023149
0.0233159
0.0232583
0.0231327
0.0231353
0.0231327
0.0232451
0.0233199
0.0233266
0.0231535
0.0231579
0.0231702
0.0233179
0.0232004
0.0233059
0.0233088
0.0231933
0.023303
0.023192
0.0231906
0.0232333
0.0232039
0.03221
0.021188
0.0243841
0.0270035
0.0266998
0.020888
0.0226501
0.02599
0.0250769
0.025723
0.0253228
0.0209148
0.0218301
0.0225616
0.0252923
0.0249147
0.0217123
0.024866
0.0226216
0.0217794
0.0246735
0.0229754
0.0218651
0.0222936
0.0242873
0.0243787
0.0220322
0.0232693
0.0226354
0.0232648
0.0233231
0.0222788
0.0229713
0.0241575
0.0223464
0.0241343
0.0238026
0.023258
0.0235533
0.0228828
0.022546
0.0226041
0.0229134
0.0225996
0.0235072
0.0232191
0.0228966
0.0226999
0.0232785
0.0234902
0.0227891
0.0238059
0.0230392
0.0233006
0.0230204
0.0275795
0.0230618
0.0235751
0.0200185
0.0203667
0.0229835
0.0257108
0.0244401
0.0249326
0.0208669
0.0250113
0.0215708
0.0233064
0.0223591
0.0226468
0.0246421
0.021848
0.022466
0.0220419
0.0243911
0.0230432
0.0239072
0.0241183
0.0226299
0.0241327
0.0240913
0.0223613
0.024048
0.0237928
0.0239789
0.0224944
0.0224974
0.0239475
0.0226398
0.0225479
0.0225534
0.0226824
0.0236609
0.0227176
0.0227366
0.0230231
0.0252831
0.0231675
0.0233753
0.0213752
0.021438
0.0231342
0.0247598
0.0237774
0.0240632
0.0218304
0.0241331
0.0220815
0.0232694
0.0227761
0.0229324
0.0241305
0.0223679
0.0228058
0.0224908
0.0240104
0.023129
0.0236249
0.0237728
0.0228755
0.0238113
0.0237787
0.0226416
0.023771
0.0235865
0.0237255
0.022741
0.02273
0.0237233
0.0228515
0.0227604
0.0227808
0.0228637
0.023517
0.0228758
0.0228979
0.0230985
0.0232382
0.0232124
0.0222839
0.0233223
0.0246235
0.0238814
0.0219224
0.0237233
0.0225282
0.0231914
0.0240557
0.0240956
0.0240671
0.0224224
0.0230909
0.0226364
0.0224756
0.0226735
0.0233312
0.0226541
0.0235772
0.0233526
0.0237185
0.0229319
0.0235233
0.0228855
0.0232983
0.0231487
0.0228541
0.0232674
0.0229536
0.0231625
0.0232383
0.0241718
0.0241313
0.022409
0.0229828
0.0224015
0.0240464
0.0228735
0.0225704
0.0231835
0.0225965
0.0235499
0.0234638
0.0231856
0.0236774
0.0230723
0.0235595
0.0236886
0.0229145
0.022837
0.0228382
0.0234545
0.0228401
0.0231304
0.0231492
0.0229146
0.02312
0.0228899
0.023021
0.0230203
0.0230399
0.0235327
0.0235175
0.0235005
0.0229734
0.0229821
0.0230958
0.0234493
0.0233769
0.0230484
0.023029
0.0230605
0.0231743
0.0230882
0.0230734
0.0228287
0.0193499
0.0255652
0.0258548
0.0220553
0.0251096
0.0249316
0.0251177
0.024981
0.0212636
0.0238086
0.0215879
0.0233546
0.0218358
0.0218815
0.0219461
0.0244402
0.0244541
0.0242789
0.0243148
0.0239618
0.0238056
0.0242008
0.02409
0.0224641
0.0225711
0.0234603
0.0231858
0.0239762
0.0237847
0.0239326
0.0225953
0.0225729
0.0231648
0.0234808
0.0228837
0.0226604
0.0235171
0.0227412
0.0232396
0.0232396
0.0232383
0.0232383
0.0234612
0.0235388
0.022976
0.0232459
0.0234696
0.0231603
0.0233674
0.0233504
0.023043
0.0232128
0.0232275
0.0230591
0.023118
0.0233813
0.023232
0.0233491
0.0234115
0.0234124
0.0232145
0.0230905
0.0232264
0.023142
0.0233872
0.0231328
0.0232489
0.0231464
0.0233541
0.0231976
0.0232716
0.0233338
0.023207
0.0233474
0.0232424
0.0232506
0.0232961
0.0232701
0.0233116
0.0232847
0.0231827
0.023309
0.023322
0.0232599
0.02332
0.023201
0.0231628
0.0231858
0.0231851
0.0233115
0.0232002
0.0231882
0.0233079
0.0232148
0.0231346
0.0230346
0.0241113
0.0229468
0.0230379
0.0226622
0.0223563
0.0225213
0.0236792
0.0229874
0.0236846
0.0234976
0.0229082
0.0228266
0.0228929
0.0228122
0.0230538
0.0230652
0.0229239
0.0234861
0.0232383
0.0202379
0.0217883
0.0217473
0.0198855
0.025036
0.0232979
0.0210097
0.0213248
0.0214455
0.0228596
0.0214457
0.0238384
0.02178
0.0245272
0.02283
0.0219393
0.0244469
0.0220114
0.0235431
0.0234531
0.0240954
0.0241721
0.0222905
0.0240978
0.0226595
0.0228328
0.0238866
0.0236959
0.022508
0.0232155
0.0237621
0.0226246
0.0232383
0.0232377
0.0234789
0.0232231
0.0230359
0.0232461
0.0232567
0.0236642
0.0234229
0.0232673
0.0229307
0.0234184
0.0234221
0.0229384
0.0235791
0.0235297
0.0233333
0.0235021
0.0233521
0.0234339
0.0234686
0.023497
0.0233652
0.0231376
0.0234757
0.0234098
0.02319
0.0234607
0.0232627
0.0230344
0.0233723
0.0231034
0.0234273
0.0234142
0.0231249
0.0234109
0.0234117
0.0231504
0.0233274
0.0230935
0.0233268
0.0233296
0.023374
0.0233212
0.0233653
0.0231227
0.0233091
0.0232038
0.0232875
0.0231382
0.0231247
0.0232233
0.0233522
0.0231505
0.0233135
0.0231158
0.0233583
0.021539
0.0226772
0.0233335
0.0219
0.0244035
0.0243532
0.0232862
0.022055
0.0235467
0.0232469
0.0237269
0.0230036
0.0224997
0.022448
0.0239187
0.0239526
0.023576
0.022875
0.0233536
0.023619
0.023497
0.0228649
0.0226921
0.0237326
0.0232132
0.0227678
0.0234171
0.0230757
0.0228234
0.0231983
0.0229112
0.0230653
0.0235841
0.0228965
0.0235077
0.0232051
0.0235485
0.0218286
0.0266132
0.0177944
0.0244984
0.0201895
0.0208361
0.0204119
0.0212234
0.0220208
0.0210956
0.0224396
0.0237708
0.0243359
0.0240432
0.0228857
0.0236554
0.02307
0.0215102
0.0244039
0.0246971
0.0227329
0.0241862
0.0240717
0.0244192
0.0241246
0.0220452
0.0234978
0.0224005
0.0232948
0.022387
0.0225007
0.0225491
0.0239958
0.0239863
0.0238303
0.0238925
0.0236278
0.0235441
0.0238212
0.0237312
0.0228073
0.0228727
0.0233599
0.0232117
0.0237
0.0235526
0.0236706
0.0228608
0.0228223
0.0231981
0.0233778
0.0230359
0.0228787
0.0234002
0.0229442
0.02324
0.02324
0.0232375
0.0232195
0.0243872
0.0188212
0.0194058
0.019748
0.0221569
0.0257057
0.0202672
0.0222142
0.0254019
0.0242692
0.0210356
0.0233702
0.0229035
0.0245286
0.0216679
0.0245905
0.0218726
0.0242585
0.024566
0.0222064
0.0237086
0.0220146
0.0221706
0.0220348
0.0243208
0.023542
0.0221402
0.0241081
0.0222691
0.0229271
0.0223788
0.0232284
0.023847
0.0224978
0.0239265
0.0228004
0.0239038
0.0227658
0.0226103
0.0232383
0.0232375
0.0217401
0.0224569
0.0235054
0.022585
0.0225811
0.0222858
0.0223451
0.0239569
0.0238825
0.0234182
0.0234444
0.0225807
0.0229559
0.023159
0.0232967
0.0231691
0.0232301
0.0231422
0.0227222
0.0227265
0.0236868
0.0232061
0.0228652
0.0229281
0.0229212
0.0228026
0.0235131
0.0235723
0.0228777
0.0229259
0.0235739
0.0229183
0.0232972
0.022932
0.0235249
0.0231247
0.0230477
0.0229641
0.0220428
0.0252802
0.0244165
0.0194856
0.020865
0.0213376
0.0214121
0.0245525
0.0216195
0.0236939
0.0220865
0.0240086
0.0281789
0.0232833
0.0235739
0.0238052
0.0232967
0.0232212
0.0226257
0.0236308
0.0232235
0.0232026
0.0237856
0.0232792
0.0234537
0.0235521
0.0230435
0.0236618
0.0230855
0.0228509
0.0236521
0.0230911
0.0235429
0.0228885
0.0234076
0.0233627
0.0228969
0.0231177
0.0233302
0.022933
0.0232072
0.0230059
0.0230592
0.0235231
0.0234202
0.0232096
0.0231206
0.0230079
0.0229831
0.0234878
0.0230612
0.0231004
0.0230603
0.0234581
0.0232002
0.0231219
0.0233895
0.0231786
0.0230982
0.0230506
0.0230556
0.0233479
0.0233722
0.0234112
0.0233912
0.0231508
0.023095
0.0234006
0.023095
0.0232352
0.0231191
0.0231226
0.0233707
0.0227851
0.0194965
0.0193394
0.0196734
0.0237936
0.0206837
0.0210465
0.0215757
0.023388
0.0245346
0.0232097
0.0215236
0.0219853
0.022035
0.0242267
0.0236948
0.02231
0.0226414
0.0228368
0.0225597
0.0222923
0.0258377
0.0193926
0.024147
0.0211155
0.0213211
0.0211761
0.0217739
0.0223557
0.0216686
0.0226355
0.0236477
0.0241073
0.0238806
0.022963
0.0235675
0.0132398
0.0215752
0.0152992
0.0184562
0.0210575
0.0173317
0.0254029
0.0183968
0.0201106
0.0249519
0.0201501
0.0197939
0.0215106
0.0207655
0.024145
0.0210108
0.0247949
0.0231123
0.0239853
0.0216844
0.0220682
0.0232383
0.0232787
0.0229575
0.0234102
0.0235087
0.0227195
0.0232803
0.0234722
0.0230801
0.0229904
0.0226953
0.0227479
0.023548
0.0237753
0.0233916
0.0235953
0.0233554
0.0236478
0.0227877
0.0231131
0.0236325
0.0230068
0.023299
0.0229965
0.0235937
0.0236118
0.0235509
0.0229216
0.0235957
0.0235875
0.023206
0.0233782
0.0235253
0.0229504
0.0235418
0.0231428
0.0231472
0.0229688
0.0230279
0.0231638
0.0235
0.023074
0.0232737
0.0233337
0.0230317
0.0232264
0.0230266
0.0234554
0.0232431
0.0232035
0.0234466
0.023088
0.0231595
0.0234203
0.0232004
0.0230684
0.0234146
0.0233647
0.0233491
0.0233188
0.0232659
0.0233547
0.0259218
0.0190869
0.0252181
0.0206392
0.0200904
0.0236592
0.0226138
0.0240243
0.0214854
0.0219374
0.023105
0.0235761
0.023412
0.0225596
0.0222303
0.0239258
0.0229361
0.0220671
0.0220776
0.0241865
0.0221979
0.0222037
0.0222268
0.0229725
0.0224349
0.0224748
0.0226841
0.0232581
0.0231209
0.0215869
0.0222851
0.0227369
0.0230291
0.0238132
0.0234122
0.023506
0.0235402
0.0233961
0.0231985
0.0231998
0.0231681
0.0233896
0.0233619
0.0229383
0.0200706
0.0236922
0.0192529
0.0213064
0.0204469
0.023639
0.0207515
0.0210796
0.0246424
0.023982
0.0234074
0.0218588
0.0219819
0.0219329
0.0221686
0.0227347
0.0229461
0.0224276
0.0234818
0.0238851
0.0226864
0.024565
0.0233237
0.0217979
0.0222687
0.0232056
0.0235622
0.0238881
0.0222038
0.023828
0.0230868
0.0227528
0.0224335
0.0229514
0.0229696
0.0235707
0.0226302
0.0227723
0.0226443
0.022699
0.0227974
0.0228
0.0227095
0.0227905
0.0235161
0.0228091
0.0228434
0.0229346
0.0235965
0.0228946
0.0229355
0.0229538
0.0234353
0.0247004
0.0222541
0.0253408
0.0157525
0.0179835
0.018031
0.0199647
0.0194009
0.0258014
0.0195519
0.019688
0.020028
0.0201414
0.0251586
0.0209537
0.0244577
0.021051
0.0248495
0.0246566
0.0214263
0.0222643
0.022457
0.0238119
0.0218535
0.0235396
0.0237898
0.0220482
0.0149968
0.0201617
0.0201794
0.0234496
0.0206504
0.0231527
0.0218094
0.0208102
0.0229129
0.0208639
0.0239669
0.0210993
0.0215632
0.0235954
0.0216725
0.0234047
0.0230792
0.0218986
0.0229611
0.0232383
0.0233891
0.0232558
0.0230163
0.0231913
0.0238389
0.0228846
0.0231872
0.023816
0.0227884
0.0229951
0.0230072
0.0233461
0.0228544
0.0228914
0.0231764
0.02295
0.0228949
0.0229953
0.0228924
0.023359
0.0234433
0.0229303
0.0233442
0.0235647
0.0235311
0.0231308
0.0232272
0.0229689
0.0230596
0.0229735
0.0232874
0.023087
0.0234735
0.0231519
0.0234739
0.0230322
0.023016
0.023443
0.0234458
0.0234383
0.0232814
0.0231686
0.0232378
0.0231034
0.0232566
0.0234089
0.0233995
0.0233068
0.0234007
0.0233989
0.0233645
0.0232491
0.023207
0.0233402
0.0233246
0.0231979
0.0231498
0.0231764
0.0231301
0.0232649
0.0233636
0.0194609
0.0217391
0.0240608
0.0207524
0.0203866
0.021168
0.0209966
0.021237
0.0240099
0.0219964
0.0220739
0.0219768
0.0237511
0.0210942
0.0237903
0.0210932
0.0228785
0.0234089
0.0246439
0.022773
0.021881
0.0226745
0.0219379
0.0236708
0.0222399
0.0222856
0.0241889
0.0224524
0.0237063
0.0230032
0.0227943
0.022454
0.0239418
0.0236434
0.0225327
0.0226515
0.0231878
0.0235643
0.0232343
0.0226867
0.0233049
0.0233043
0.0230247
0.0227737
0.0228458
0.0228376
0.022837
0.0234969
0.0221051
0.0235815
0.0223271
0.0221107
0.0222093
0.0235511
0.0235231
0.0238243
0.0224966
0.0227967
0.0237014
0.0238655
0.0237072
0.0228184
0.022654
0.0231691
0.0236825
0.0227034
0.0228713
0.0227612
0.0232065
0.0234119
0.0231154
0.0228196
0.0235429
0.0235463
0.0233395
0.0236252
0.0234283
0.0234946
0.023387
0.0234017
0.0230801
0.0233088
0.0231367
0.0232495
0.0234343
0.0230362
0.0232119
