0.0178394
0.0185676
0.0194629
0.0235651
0.0210236
0.0219306
0.0245331
0.0221231
0.0243259
0.0236723
0.0233117
0.0245326
0.0245297
0.0245308
0.024532
0.0245615
0.0245354
0.0245347
0.024532
0.0245307
0.02456
0.0245618
0.0245269
0.024546
0.0245552
0.0245169
0.0245555
0.0245511
0.0245405
0.024541
0.0245237
0.0245313
0.024536
0.0245469
0.0245247
0.0245214
0.024528
0.0245461
0.0245416
0.0245292
0.0245228
0.0245443
0.0245372
0.0245434
0.0245257
0.0245175
0.0245367
0.0245298
0.0245249
0.0245408
0.0245293
0.0245421
0.0245412
0.0245408
0.0245399
0.0245209
0.02454
0.0245259
0.0245284
0.0245221
0.0245381
0.0245234
0.0245377
0.0245329
0.0246924
0.0245324
0.0245364
0.025116
0.0245279
0.0249885
0.0244689
0.0243315
0.0248484
0.0248701
0.0245464
0.0247319
0.0248496
0.0248119
0.0244279
0.0247198
0.0247286
0.0243856
0.0247563
0.0247469
0.0246972
0.0246452
0.0246867
0.0244357
0.024508
0.0244165
0.0246778
0.0245057
0.0246697
0.0244218
0.0246266
0.0244268
0.0246465
0.0244302
0.0246432
0.0246011
0.0246247
0.0244826
0.0246047
0.0246153
0.0244841
0.0246188
0.0245408
0.0245125
0.0244673
0.0244701
0.0244672
0.0246003
0.0245758
0.0245947
0.0245258
0.0245205
0.0244947
0.024439
0.0244658
0.0245233
0.0248232
0.0246895
0.0241832
0.0244196
0.0245519
0.0243934
0.0246208
0.0247082
0.024332
0.0243005
0.0246682
0.0246784
0.0243367
0.0246788
0.0243373
0.0243539
0.0246249
0.024603
0.0244888
0.024641
0.0244443
0.0244086
0.0244153
0.0244075
0.0244153
0.0245125
0.0244962
0.0244384
0.0246102
0.0246135
0.0244337
0.0245599
0.0245596
0.0244419
0.0245254
0.0244765
0.0244508
0.0244958
0.0245619
0.0245042
0.0245776
0.0244943
0.0245889
0.0244929
0.0245029
0.0245272
0.0247292
0.0246118
0.024361
0.0244835
0.0245396
0.0244688
0.0245748
0.0246468
0.0243985
0.0244024
0.0246111
0.0246216
0.0244078
0.0246311
0.0244125
0.0244234
0.0245855
0.0245737
0.0245065
0.0246055
0.0244798
0.0244477
0.0244603
0.0244511
0.0244566
0.0245194
0.0245094
0.024472
0.024583
0.0245863
0.0244651
0.0245485
0.0245484
0.024473
0.024527
0.0244965
0.0244789
0.0245083
0.0245505
0.0245135
0.0245616
0.024507
0.0245704
0.0245295
0.0245297
0.0243121
0.0240761
0.0245209
0.0244251
0.0242873
0.0242872
0.0243188
0.0243118
0.0243677
0.0243636
0.0245898
0.0246143
0.0245173
0.0243617
0.0245447
0.0243724
0.0243945
0.0245437
0.0244746
0.0245707
0.0244418
0.0245685
0.0245774
0.0244989
0.0244559
0.0245104
0.0245726
0.02447
0.0245617
0.0244792
0.0245629
0.0245297
0.0244802
0.0245282
0.0244287
0.0244803
0.0245177
0.0245343
0.0245888
0.0245627
0.0245028
0.0245734
0.0245937
0.0244581
0.0245509
0.0244707
0.0245754
0.0245792
0.0245842
0.0245359
0.0244817
0.0245627
0.0244963
0.0245281
0.0244838
0.0245325
0.0245717
0.0245367
0.0245182
0.0245484
0.0245285
0.0245198
0.0244931
0.0245201
0.0245499
0.0245061
0.024497
0.0244954
0.0245348
0.0245573
0.0245552
0.0244982
0.0245023
0.0245531
0.0245168
0.0245085
0.0245499
0.0245055
0.0245495
0.0241913
0.0244245
0.0247577
0.0244909
0.0242549
0.0242107
0.0245545
0.0245296
0.0246622
0.024245
0.0243849
0.0242945
0.0243158
0.0243832
0.0246515
0.024561
0.0246269
0.0246246
0.0244672
0.024469
0.0244096
0.0245
0.0243999
0.0244399
0.0244167
0.0244105
0.0244169
0.0244335
0.0246085
0.0245613
0.0244314
0.0245026
0.0245573
0.024478
0.0245046
0.0244442
0.0244793
0.024506
0.0244463
0.024483
0.0245297
0.0246201
0.0245311
0.0245338
0.0245688
0.024535
0.0245643
0.0245642
0.0245373
0.0245228
0.0245571
0.0245464
0.0245283
0.0245311
0.0245524
0.0245522
0.0245157
0.0245498
0.0245376
0.0245286
0.0245184
0.0245136
0.0245194
0.0245168
0.0245425
0.0245311
0.0245189
0.0245349
0.0245379
0.0245432
0.0245294
0.0245177
0.0245438
0.0245367
0.0245318
0.0245377
0.0245208
0.0245376
0.0245407
0.0245231
0.0245252
0.0245407
0.0245383
0.0245407
0.0245256
0.0245215
0.0245349
0.0245361
0.0245222
0.0245289
0.0245225
0.0245286
0.0237798
0.0240922
0.0240975
0.0242601
0.0242119
0.0242635
0.0243959
0.0243763
0.0243673
0.0244082
0.0245015
0.0244623
0.0243521
0.024422
0.0243982
0.0245021
0.024417
0.0243994
0.024405
0.024467
0.0245297
0.0224553
0.0238939
0.0234925
0.0236543
0.0239522
0.0239865
0.0239194
0.0239865
0.0240072
0.0240372
0.0243151
0.024584
0.024261
0.024367
0.0242001
0.0243009
0.024357
0.0246482
0.0242584
0.0242657
0.0246238
0.024474
0.0242703
0.024571
0.0246108
0.0244656
0.0243446
0.0243967
0.0244107
0.0243572
0.0243737
0.0244009
0.0243943
0.0245297
0.0244435
0.0244878
0.0245083
0.0245346
0.0245279
0.0245715
0.0245308
0.024535
0.0245307
0.0245224
0.0245014
0.0245497
0.0245281
0.0245625
0.0245617
0.024546
0.0245199
0.0245019
0.0245529
0.0245154
0.0245437
0.0245337
0.0245561
0.0245469
0.0245077
0.0245243
0.0245334
0.0245123
0.0245314
0.0245103
0.024518
0.0245355
0.0245502
0.0245395
0.0245364
0.0245167
0.0245401
0.0245479
0.0245337
0.024541
0.0245467
0.0245148
0.0245418
0.0245414
0.0245173
0.0245433
0.0245432
0.0245178
0.0245306
0.0245362
0.0245343
0.0245297
0.0242366
0.0245272
0.0242319
0.0243455
0.0243002
0.0245136
0.0244658
0.0244991
0.0243838
0.0243548
0.0243853
0.0246104
0.0245867
0.0246024
0.0244062
0.0244095
0.0244427
0.0244381
0.0245956
0.0244464
0.0244342
0.0244379
0.0245648
0.024447
0.0244469
0.024574
0.0245328
0.0244619
0.0244932
0.0244738
0.024477
0.0244854
0.0244733
0.024483
0.0245423
0.0244779
0.0245599
0.0245245
0.0245297
0.0227745
0.0215522
0.0226026
0.0228124
0.0231404
0.0239236
0.0235122
0.0234094
0.0239248
0.024163
0.0235942
0.0244163
0.023826
0.0239444
0.0239445
0.0239378
0.0241967
0.024222
0.0244673
0.0245297
0.0234589
0.0245198
0.0244299
0.0243361
0.024641
0.0243619
0.0245066
0.0243346
0.0243604
0.0244563
0.0244501
0.0243958
0.0246194
0.024408
0.0244214
0.0244249
0.0244214
0.0244537
0.0244854
0.0245904
0.0244387
0.0245202
0.0245031
0.0244523
0.0245128
0.0245472
0.0245399
0.0244587
0.0244715
0.0244761
0.0245746
0.0244688
0.0245234
0.024477
0.0245419
0.0244866
0.0245105
0.0245032
0.0245633
0.0245142
0.0245297
0.0206816
0.0245226
0.0241327
0.0241077
0.024183
0.0243755
0.023822
0.0244216
0.0245224
0.0240171
0.0242609
0.0246893
0.0242186
0.0241808
0.0241983
0.0243821
0.0242204
0.0242414
0.0242788
0.0243067
0.0242672
0.0246414
0.0246361
0.0243565
0.0245906
0.0243835
0.0245444
0.0246003
0.024356
0.024363
0.0244327
0.0244287
0.0245023
0.0245522
0.0244828
0.0245834
0.0244042
0.0244107
0.0244094
0.0241188
0.0245192
0.02446
0.0246159
0.0244203
0.0243862
0.0245563
0.0244916
0.0244334
0.0244083
0.024587
0.0246003
0.0244948
0.0244707
0.0245052
0.0244515
0.0244575
0.0245865
0.0245084
0.0245266
0.0245203
0.0244637
0.0245663
0.0245642
0.0245358
0.0244736
0.0245187
0.0245703
0.0244793
0.0245499
0.0244898
0.0244866
0.0244884
0.0244967
0.0245337
0.024492
0.0245282
0.0245146
0.0245283
0.0242135
0.0222113
0.0225713
0.022417
0.0224905
0.0224893
0.0231977
0.0233216
0.0236975
0.0243759
0.0237478
0.0238777
0.0239972
0.0245297
0.025087
0.024566
0.0245661
0.0245736
0.0245403
0.0244564
0.0245486
0.0246183
0.0245488
0.0246155
0.0245934
0.0245898
0.0245028
0.024537
0.0245083
0.024593
0.0245821
0.0245872
0.0245151
0.0245835
0.0245087
0.0245696
0.0245533
0.0245761
0.0245703
0.0245709
0.024575
0.0245225
0.0245184
0.024498
0.0245121
0.0245382
0.0245486
0.024555
0.0245666
0.0245645
0.0245592
0.0245455
0.0245207
0.0245129
0.0245086
0.024521
0.0245549
0.0245537
0.0245124
0.0245307
0.024555
0.0245549
0.0245541
0.0245512
0.0245542
0.0245528
0.0245535
0.024552
0.0245447
0.0245122
0.0245395
0.0245459
0.0245471
0.0217617
0.0239174
0.0237726
0.0234461
0.0231634
0.0238545
0.0236691
0.0245704
0.0245718
0.023991
0.0245693
0.0241229
0.0243707
0.024074
0.0241649
0.0241793
0.0242705
0.0243161
0.0242709
0.024393
0.0245297
0.0231784
0.0224734
0.0232523
0.0234105
0.02352
0.024068
0.0237819
0.023688
0.0240704
0.0242376
0.0238201
0.0244398
0.0239855
0.0240781
0.0240774
0.0240718
0.0242644
0.0242873
0.0244795
0.0245158
0.017617
0.0204694
0.0191972
0.0200801
0.0214389
0.0216615
0.0235001
0.0222984
0.0234412
0.0226105
0.0229215
0.0244547
0.0232136
0.0240109
0.0244774
0.0235522
0.0244119
0.0245528
0.024092
0.0245297
0.0248385
0.02458
0.0247348
0.0245439
0.0245337
0.0245494
0.0245539
0.024548
0.0246197
0.024553
0.0245682
0.0245362
0.0246036
0.0246061
0.0244976
0.0245082
0.0245916
0.0245977
0.0245041
0.0245919
0.0245099
0.0244841
0.0245877
0.0245216
0.0244928
0.0245816
0.0244989
0.0245734
0.0245758
0.0245627
0.02451
0.024577
0.0245743
0.0245323
0.024505
0.024571
0.0245508
0.0245049
0.0245674
0.0245494
0.0245279
0.0245385
0.0245647
0.0245619
0.0245249
0.0245108
0.0245239
0.0245574
0.0245518
0.0245169
0.0245101
0.0245578
0.0245111
0.0245517
0.0245412
0.0245367
0.024551
0.0245541
0.024554
0.024512
0.0203001
0.0244023
0.0239093
0.0241782
0.0237436
0.0242239
0.0240247
0.0240355
0.0237925
0.0238712
0.0244112
0.0246119
0.0240244
0.0242434
0.0240863
0.0241325
0.0243035
0.0244065
0.024194
0.0242012
0.0246127
0.0245781
0.0242791
0.0242894
0.0242699
0.0245293
0.0241975
0.0241402
0.0239434
0.0241954
0.0241839
0.0242157
0.0241997
0.0244501
0.0245346
0.0245347
0.0245352
0.0243453
0.0243447
0.0243757
0.0244965
0.0244026
0.024396
0.0244144
0.0108841
0.0223214
0.0237271
0.0237182
0.0242319
0.0238329
0.0235631
0.0240388
0.0246386
0.024116
0.0242867
0.0238987
0.0243495
0.0241057
0.0244568
0.0241799
0.024466
0.0243092
0.0242117
0.0245297
0.0245294
0.0239557
0.0244527
0.0244266
0.0244541
0.0243276
0.0246057
0.0242773
0.0242954
0.0243346
0.0244276
0.0243411
0.0244462
0.0244216
0.0243862
0.0245552
0.0243995
0.0245087
0.0244146
0.024416
0.0244543
0.024424
0.0244501
0.024475
0.0245245
0.0245104
0.0244427
0.0244545
0.024455
0.0244614
0.0244628
0.0165153
0.0212356
0.0222053
0.0234598
0.0235726
0.0213472
0.0224049
0.023622
0.0228067
0.0245459
0.0245466
0.0236905
0.0244186
0.024547
0.0239752
0.0236451
0.0240541
0.0245442
0.0240748
0.0241752
0.0239696
0.0246406
0.0241061
0.0240491
0.0246335
0.0245297
0.0228556
0.0208277
0.0223878
0.0244939
0.0224266
0.0236157
0.0244173
0.0242061
0.0244479
0.0239561
0.0235952
0.0240859
0.0244734
0.0244752
0.0243556
0.0243508
0.0239193
0.0245297
0.0245297
0.0245303
0.0245478
0.0245303
0.0245512
0.0245369
0.0245517
0.0246087
0.0244994
0.0244826
0.024604
0.0244921
0.0245711
0.0244912
0.0245445
0.0245276
0.0245859
0.0244971
0.0245016
0.0245709
0.0244942
0.024578
0.0245726
0.0245435
0.0245681
0.0245692
0.0245016
0.0245665
0.0245007
0.0245426
0.0245361
0.0245636
0.0245599
0.0245249
0.0245306
0.0245416
0.0245572
0.0245463
0.0245338
0.0245305
0.0245295
0.0245183
0.0245285
0.0245554
0.0245481
0.024552
0.0245148
0.0245116
0.0245491
0.0245499
0.0245133
0.0245281
0.0245435
0.0245169
0.0245373
0.0245261
0.0245415
0.024548
0.0245462
0.0245474
0.0245479
0.0244694
0.0224566
0.023183
0.0241687
0.0233879
0.023518
0.0236198
0.0237111
0.0243267
0.0240936
0.0245297
0.0245297
0.0241958
0.0246995
0.0241026
0.0241282
0.0241383
0.0243018
0.0242165
0.0242697
0.0244137
0.0243603
0.0243065
0.0243475
0.0244279
0.0243544
0.0245723
0.0243658
0.024458
0.0244174
0.0244876
0.0243926
0.0243989
0.0244064
0.0244097
0.0244353
0.0244566
0.0245495
0.0244183
0.0244342
0.0245373
0.0244394
0.0244633
0.0244613
0.0245297
0.0242615
0.0243405
0.0242493
0.0245171
0.0244936
0.0244163
0.0243863
0.024506
0.0243991
0.0245153
0.0245992
0.0244475
0.0244417
0.0244385
0.0244476
0.0245249
0.0244552
0.0244541
0.0244975
0.0245464
0.0244594
0.0245735
0.0245297
0.0244822
0.0244803
0.0244706
0.0245556
0.0244723
0.02451
0.0245636
0.0244804
0.024486
0.024557
0.0245473
0.0245155
0.024546
0.0245093
0.0244982
0.0245316
0.0245175
0.024507
