0.000436058
0.000459483
0.0110211
0.00676886
0.0172186
0.0053412
0.00967596
0.00986166
0.00817009
0.00966185
0.0142083
0.00877681
0.013491
0.0120155
0.0120155
0.0109585
0.0126013
0.011969
0.0124241
0.0123874
0.0118491
0.01157
0.011758
0.0118583
0.0117275
0.0121462
0.011828
0.0117748
0.0120224
0.0117527
0.0119405
0.012253
0.0117482
0.0122836
0.01205
0.0119397
0.0122662
0.0118564
0.0118283
0.012239
0.0122362
0.0121396
0.0119244
0.0122188
0.0120855
0.0119702
0.0118238
0.0121806
0.0121945
0.0119112
0.0121511
0.0121762
0.0119389
0.0118555
0.0120193
0.01203
0.0121448
0.0119479
0.0121599
0.0119551
0.0121166
0.0120912
0.0121417
0.011897
0.0119051
0.0121332
0.0120943
0.0120266
0.0120155
0.00101369
0.0120155
0.0139534
0.00750953
0.0130674
0.0161178
0.00736194
0.0101527
0.0161518
0.0155337
0.00912543
0.00868873
0.0133134
0.0148569
0.00888768
0.00939471
0.0132804
0.0147167
0.0145023
0.0142859
0.00967909
0.0109577
0.010002
0.0139089
0.0100351
0.0102894
0.0129575
0.0110494
0.0137891
0.0137324
0.011774
0.0123636
0.0128014
0.0136173
0.0108316
0.0135752
0.0135342
0.010692
0.0133184
0.0107506
0.0116127
0.0108512
0.0108705
0.0109828
0.0108796
0.0115738
0.0109371
0.0114538
0.0112424
0.0123843
0.0117558
0.011102
0.0127512
0.0120155
0.0119966
0.00383801
0.0165718
0.0165469
0.0164563
0.00828891
0.0145507
0.00983971
0.0149514
0.0144966
0.0129573
0.00943023
0.0143662
0.0142687
0.0124805
0.00953219
0.00930393
0.0143533
0.0142693
0.00981988
0.00977996
0.0138587
0.0138145
0.0108119
0.0124802
0.0103759
0.0137098
0.0129838
0.0104542
0.0131395
0.0115781
0.0134368
0.0105198
0.0122685
0.0114479
0.0128351
0.0125766
0.0109881
0.0108254
0.0111036
0.0130677
0.0110356
0.0118724
0.0116271
0.0129619
0.0126236
0.0120155
0.012008
0.00820098
0.0150267
0.0148744
0.0147303
0.00943668
0.0132206
0.0109941
0.0139969
0.0133184
0.0124681
0.0106624
0.0132752
0.0132392
0.012247
0.0103295
0.0103953
0.0135453
0.0134822
0.0106637
0.0106032
0.0132308
0.0132109
0.0112982
0.0122874
0.0109905
0.013131
0.0126002
0.0109383
0.0127081
0.011753
0.0129384
0.0110171
0.0121708
0.0116638
0.0125328
0.012367
0.0113544
0.0112239
0.0114309
0.0127375
0.0113605
0.011924
0.0117658
0.0126702
0.0124145
0.0120155
0.00923558
0.0145578
0.0132186
0.00973899
0.013759
0.0140307
0.010143
0.0102504
0.0104814
0.0134595
0.0132199
0.0105047
0.0105431
0.0105997
0.0108452
0.0106219
0.0127365
0.0130761
0.0126799
0.0110079
0.0116559
0.0116671
0.0110875
0.011437
0.0113802
0.0112904
0.01237
0.0112777
0.0113789
0.012525
0.0113445
0.011364
0.0120155
0.012671
0.011983
0.0104017
0.0108476
0.010979
0.0105775
0.0114684
0.011912
0.0131073
0.0130662
0.0113167
0.0128839
0.0116285
0.0128122
0.0113523
0.0127739
0.012689
0.0126331
0.0127248
0.0125382
0.0115332
0.0113283
0.011494
0.0113535
0.0125441
0.0125239
0.0119137
0.0126344
0.0115714
0.0116352
0.0114504
0.011443
0.0118004
0.0125196
0.011515
0.0115184
0.0119638
0.0115409
0.0120096
0.0116633
0.011712
0.0118142
0.0122446
0.01238
0.0123689
0.0142851
0.0119806
0.0120155
0.0109441
0.0120373
0.0158455
0.0128499
0.00853807
0.0148576
0.0122533
0.00999689
0.00919426
0.014528
0.00930337
0.0106802
0.0141413
0.0101585
0.0139664
0.0136952
0.01299
0.0108448
0.0100431
0.0103482
0.013634
0.0128199
0.0134678
0.0105729
0.0132163
0.0106692
0.0107539
0.0107794
0.0129318
0.0112769
0.0108185
0.0108408
0.0120872
0.0112912
0.0111916
0.0117565
0.0126725
0.0119729
0.0105278
0.0120155
0.0120155
0.0119755
0.0125501
0.0121001
0.0116583
0.0122522
0.0120804
0.0115746
0.0116425
0.0121798
0.0119593
0.0118605
0.0119481
0.0121136
0.0122364
0.0116906
0.0122317
0.0118691
0.0122539
0.0119842
0.0119844
0.0118829
0.0120992
0.0119963
0.0120864
0.0121525
0.011855
0.0118131
0.0118202
0.0121958
0.0121841
0.0119545
0.0118279
0.0118243
0.0120364
0.0121837
0.0121478
0.0121811
0.0118712
0.0121718
0.0118708
0.0118736
0.0121664
0.0120625
0.0120505
0.0121256
0.0119951
0.0118986
0.0120343
0.0118941
0.011891
0.0120925
0.0119876
0.0119245
0.0115616
0.0116472
0.0122488
0.0132855
0.0133248
0.0108516
0.010807
0.0122075
0.0127694
0.0116645
0.0126498
0.0117834
0.0122411
0.0117825
0.0113788
0.011476
0.0114691
0.0115026
0.0120155
0.0120155
0.0118773
0.0120119
0.0115671
0.00812101
0.0120765
0.00775729
0.00992045
0.0155915
0.00917988
0.00859165
0.00874109
0.0136001
0.00900604
0.00954384
0.00950506
0.0142041
0.00975036
0.0136127
0.0136092
0.0131812
0.0119204
0.0132534
0.0132898
0.0135634
0.0104706
0.0133526
0.0120442
0.0132435
0.0109711
0.0126782
0.0131781
0.0130107
0.0120155
0.0120155
0.0120155
0.0120155
0.0101199
0.0120822
0.0120182
0.0117782
0.0116512
0.0117317
0.0118715
0.0113676
0.0124691
0.0123058
0.0115091
0.0121903
0.0122623
0.0115374
0.0123519
0.0118862
0.0116301
0.0116472
0.0118452
0.0116961
0.0122497
0.0121899
0.0120465
0.0118611
0.0122928
0.0117318
0.0120437
0.0117098
0.012119
0.0116951
0.0123057
0.0122256
0.0118589
0.011718
0.0117238
0.0122453
0.0121422
0.0122037
0.0118558
0.0122595
0.011937
0.0122049
0.0122334
0.0117985
0.0121936
0.0118259
0.0119369
0.011917
0.0118911
0.0121723
0.0121995
0.0118434
0.0120155
0.0120155
0.0120154
0.00572048
0.0120155
0.0108547
0.0117423
0.0128051
0.0103189
0.0132374
0.0112533
0.0105956
0.012056
0.0118848
0.0132119
0.0132669
0.0107672
0.012894
0.0130827
0.0113043
0.0109778
0.01102
0.0129711
0.0110507
0.0124891
0.0128531
0.0127774
0.0127502
0.0127748
0.0115187
0.012665
0.0126738
0.0124146
0.0114061
0.0117565
0.0123952
0.0117891
0.0114664
0.0116594
0.0120155
0.0186158
0.010954
0.00344914
0.00809409
0.00734178
0.00959851
0.011598
0.0138634
0.0102462
0.0146514
0.014716
0.00918108
0.0136375
0.00983632
0.0136332
0.0100918
0.0106891
0.00496565
0.00622377
0.0120155
0.00766419
0.00936574
0.0138793
0.0113743
0.0102323
0.0120333
0.0101525
0.0136616
0.0125518
0.0134346
0.0123688
0.0117847
0.0108276
0.0109814
0.0131281
0.0108501
0.011965
0.0111122
0.0109571
0.013021
0.0126319
0.0123469
0.0111146
0.012078
0.0113901
0.0112877
0.0114855
0.0112965
0.0112336
0.0124398
0.0115744
0.0113902
0.0124483
0.0122281
0.0125902
0.0115981
0.0117696
0.0124266
0.0120155
0.0120155
0.00458321
0.0120148
0.0122065
0.0167125
0.0108059
0.00764757
0.00722602
0.00874268
0.0158443
0.0080049
0.0083121
0.015142
0.0120896
0.00871302
0.00895471
0.0123129
0.0100615
0.00951965
0.0131114
0.00988623
0.013844
0.00980853
0.013925
0.0114539
0.0108553
0.0138465
0.013769
0.0109386
0.0107895
0.0104051
0.0104123
0.0135001
0.013478
0.0106214
0.0130004
0.0121087
0.0131275
0.0108919
0.0108837
0.0110084
0.0120155
0.0120614
0.0120155
0.0151121
0.0152339
0.0122154
0.0110223
0.0119457
0.0112174
0.0111451
0.0112692
0.012402
0.0107301
0.0108019
0.0118103
0.0110458
0.0109329
0.0127264
0.0117299
0.0111864
0.0111485
0.0118722
0.0127787
0.0114412
0.0113512
0.0112643
0.01174
0.0126713
0.0113707
0.0115633
0.0117046
0.0124315
0.0117358
0.0119094
0.0117816
0.0117431
0.0121717
0.0115963
0.0124552
0.0120155
0.00917589
0.010042
0.0102637
0.0130782
0.00648598
0.00785128
0.0148141
0.0141899
0.00905358
0.013902
0.0113383
0.0121924
0.0120155
0.0112886
0.00891623
0.0120155
0.014753
0.0134388
0.0120153
0.0120244
0.0112733
0.0128752
0.0121276
0.0120598
0.0114347
0.0116966
0.0119157
0.0113624
0.0126826
0.0112833
0.01224
0.0126947
0.0120138
0.0122525
0.0118489
0.0114234
0.0120365
0.0125944
0.0114574
0.0123157
0.0121388
0.0124336
0.0124417
0.0116534
0.0125378
0.0116724
0.0117095
0.0124293
0.0124204
0.0116064
0.0116146
0.0117228
0.0119698
0.0124029
0.0118865
0.0120006
0.0122728
0.0123569
0.0118805
0.0118939
0.0118205
0.0122764
0.0117416
0.0122609
0.0123142
0.0117404
0.0117566
0.0118699
0.0117956
0.0118735
0.0122149
0.012262
0.012257
0.0118485
0.0120155
0.0120129
0.0113147
0.00635053
0.00633463
0.0148005
0.0120339
0.0106653
0.0123103
0.0120365
0.013514
0.0128297
0.00990585
0.0105981
0.0117409
0.0124305
0.0106202
0.0130865
0.0123516
0.0120155
0.0169632
0.0113261
0.00562858
0.00933871
0.00871738
0.0103368
0.0117175
0.0134017
0.0107268
0.0140677
0.0141676
0.00985428
0.0133004
0.010287
0.0133045
0.0104899
0.0109771
0.0691415
0.0120114
0.0106342
0.00267637
0.00122777
0.0138387
0.0177104
0.00755184
0.00618057
0.00867805
0.0154561
0.00946212
0.00818103
0.012671
0.0143343
0.00907671
0.0110135
0.0127868
0.0163128
0.0155632
0.0120149
0.0120155
0.0148609
0.0118394
0.0119933
0.0135815
0.0133195
0.0129709
0.0109964
0.0119672
0.0124702
0.012285
0.0120823
0.0129336
0.0125385
0.0124489
0.0122678
0.0113272
0.0127771
0.0112637
0.0123585
0.0125394
0.0113358
0.0125385
0.0119157
0.0126608
0.0114172
0.0114176
0.0125695
0.0125854
0.0123637
0.0117014
0.0120451
0.0120432
0.0117174
0.0124893
0.0120202
0.0124778
0.0124832
0.0115525
0.0116688
0.0119526
0.0116826
0.0116619
0.0116178
0.0123527
0.0122538
0.0116283
0.0124048
0.0117984
0.0120592
0.0119288
0.012136
0.0122171
0.0121701
0.0120724
0.0122543
0.0123048
0.0122332
0.0120155
0.00907694
0.0186612
0.010015
0.00634799
0.0163189
0.0164704
0.0149086
0.0110809
0.0089785
0.00975962
0.0133538
0.00930707
0.0136356
0.0123124
0.00963189
0.0139123
0.0101507
0.0134102
0.0104599
0.0105135
0.0133756
0.0132125
0.0106461
0.013039
0.0111989
0.0120155
0.0117523
0.00978709
0.0105354
0.0115681
0.0133093
0.0106769
0.0119585
0.013028
0.0129749
0.0110856
0.0122191
0.0119707
0.0121714
0.0114062
0.0119248
0.011713
0.0114434
0.0120155
0.00923548
0.0117435
0.0132476
0.00625549
0.0129226
0.0109432
0.00836672
0.00855185
0.0132585
0.0136953
0.0107537
0.0121159
0.0107266
0.0125607
0.0132352
0.0131612
0.0104648
0.0105857
0.011264
0.0124395
0.0120155
0.0118568
0.0120152
0.014335
0.00977379
0.0140581
0.0100673
0.0101286
0.0135773
0.0120105
0.0127287
0.0113625
0.0131248
0.0109882
0.0111262
0.0129362
0.0111625
0.010947
0.0129544
0.0129169
0.0111069
0.0111533
0.0116039
0.0128236
0.0117193
0.0112396
0.0114072
0.0114534
0.0113343
0.0113703
0.0118292
0.0118674
0.0114512
0.0120155
0.0155115
0.0131412
0.0039281
0.000944134
0.00251892
0.00735815
0.017335
0.00542706
0.00525089
0.00575742
0.0117525
0.0140633
0.0111549
0.00734098
0.00791759
0.00836981
0.0102659
0.0143547
0.0143184
0.0101682
0.0104267
0.0114124
0.00964797
0.0135979
0.0110635
0.0105464
0.0120155
0.00936881
0.0118797
0.00771403
0.00219412
0.00551763
0.0106247
0.00736885
0.00841521
0.00932976
0.0131338
0.0121466
0.00841268
0.0104294
0.0127111
0.0101956
0.00969402
0.0096752
0.0100186
0.0104366
0.0120155
0.0106155
0.00937146
0.0122257
0.0120783
0.0120223
0.0108075
0.0128382
0.0117394
0.0116444
0.0128012
0.0124285
0.012082
0.011288
0.0113456
0.0126979
0.0126904
0.0124226
0.0116023
0.0114146
0.0122856
0.011901
0.0125703
0.0117608
0.0125352
0.0122277
0.0124815
0.0115297
0.0116362
0.0115755
0.0115421
0.01163
0.0117218
0.0115795
0.0121231
0.0124395
0.0117153
0.0123542
0.0116637
0.012346
0.0119311
0.0117574
0.0116979
0.0116989
0.0122534
0.0118617
0.011721
0.0117718
0.0117884
0.01185
0.0121044
0.0122176
0.0121697
0.0122138
0.0120279
0.0121586
0.0122035
0.0118016
0.0120269
0.0118337
0.0120346
0.0120155
0.00693264
0.00556103
0.0143125
0.00896568
0.0136893
0.014882
0.0101048
0.00954489
0.0130903
0.0101678
0.0106816
0.00211061
0.00043287
0.0120155
0.0120137
0.0139246
0.0109695
0.0100436
0.0125767
0.00951121
0.0100514
0.0110588
0.0100693
0.010482
0.0132131
0.0133004
0.0111158
0.0123573
0.0133303
0.0132873
0.0113208
0.0131086
0.0116973
0.0130633
0.0126612
0.0110709
0.0128295
0.0113716
0.0110675
0.0124449
0.0118412
0.0112659
0.0127797
0.0112319
0.0122889
0.0120155
0.0120124
0.012046
0.0110664
0.010793
0.0107506
0.0132607
0.0132125
0.0112481
0.0108127
0.0112906
0.0130571
0.0125604
0.0110407
0.0121734
0.0128627
0.0128443
0.0127658
0.0125814
0.0115475
0.0112615
0.0122119
0.0126186
0.0116479
0.0119554
0.0114375
0.012541
0.0114991
0.0124228
0.0116118
0.011633
0.0120388
0.011662
0.0117102
0.0116452
