0.0217667
0.0180459
0.0225406
0.0176196
0.0214763
0.019131
0.0208659
0.0215228
0.020964
0.0210399
0.0223207
0.0223739
0.0224752
0.0223281
0.0223303
0.0222729
0.0222881
0.0223877
0.0222847
0.0222685
0.0223453
0.02238
0.0223492
0.0223736
0.0222899
0.0222744
0.0222757
0.0222897
0.0222761
0.0223627
0.0223064
0.022328
0.0222863
0.0222977
0.0223181
0.0223405
0.0222864
0.022327
0.02235
0.0223253
0.0223486
0.0223427
0.0223259
0.0223472
0.0223361
0.0223327
0.0223325
0.0223428
0.0223078
0.0223222
0.0223042
0.0223301
0.0223079
0.0223043
0.0223367
0.0223119
0.0223072
0.0223407
0.022312
0.0223077
0.0223388
0.0223379
0.0223129
0.0223367
0.0223203
0.0240833
0.0223059
0.0223514
0.0222588
0.023241
0.0230594
0.0217298
0.0218019
0.0230622
0.0230428
0.0225085
0.0229393
0.0222766
0.0220691
0.0218885
0.0219626
0.0219306
0.0222827
0.0219326
0.0219504
0.0227337
0.0222914
0.0221486
0.0225581
0.0223366
0.0224923
0.0220378
0.0220531
0.022607
0.0225748
0.0225783
0.022549
0.022115
0.0222699
0.0222705
0.0225452
0.0221223
0.0222655
0.022159
0.0224919
0.0223529
0.0221643
0.0222062
0.0221671
0.0224628
0.0224863
0.022176
0.0224573
0.0222905
0.0222045
0.0224356
0.0221908
0.0222143
0.0221965
0.02232
0.0223333
0.0223178
0.0224487
0.0216863
0.0228289
0.021621
0.0225152
0.0218702
0.0228129
0.0219856
0.02272
0.0227329
0.0219238
0.0218942
0.022711
0.0219423
0.0219453
0.0226502
0.0223829
0.0225446
0.0225963
0.0226034
0.0225112
0.0225904
0.0225808
0.0220651
0.0225432
0.0224052
0.022387
0.022494
0.0225124
0.0225061
0.0221308
0.0221473
0.0221425
0.0224478
0.0221517
0.0223179
0.0223001
0.0221686
0.0224434
0.0221955
0.022305
0.022448
0.0221914
0.0224431
0.0223202
0.0223255
0.0223193
0.022374
0.0220236
0.0225942
0.0219048
0.0224076
0.022106
0.022622
0.0221632
0.0225371
0.0225936
0.0220474
0.0220847
0.0225726
0.0221168
0.022066
0.0225133
0.0223543
0.0224522
0.0224907
0.0225148
0.0224316
0.0225003
0.0224868
0.0221563
0.0224701
0.022372
0.0223613
0.0224333
0.0224531
0.0224435
0.0221898
0.0222001
0.022201
0.0224029
0.0222031
0.0223188
0.0223076
0.0222179
0.0224034
0.0222372
0.0223104
0.0224095
0.0222308
0.0224043
0.0214322
0.0219986
0.0222458
0.0217413
0.0220754
0.022053
0.022185
0.0221028
0.0224485
0.0223599
0.0223791
0.0223952
0.0220422
0.022063
0.0223758
0.0224704
0.0221029
0.0224113
0.0222734
0.0222737
0.0224204
0.0221512
0.0224399
0.0223555
0.0224387
0.0222599
0.0223604
0.0222117
0.0222766
0.0222042
0.0222298
0.0223382
0.0223599
0.0223212
0.0223218
0.0219997
0.0222879
0.0222861
0.0221005
0.0224459
0.0223151
0.0221365
0.0221974
0.0222116
0.0224696
0.0222396
0.0224708
0.0222606
0.0223543
0.0224591
0.0224428
0.0223078
0.0222793
0.0223555
0.0222095
0.0222986
0.0224017
0.0224273
0.0223106
0.0222166
0.0222582
0.0224108
0.0222542
0.0222419
0.0223792
0.0223549
0.0223027
0.0222735
0.0223867
0.0222534
0.0223745
0.0222539
0.0223822
0.0223459
0.0222717
0.0222746
0.0223697
0.0223297
0.0222722
0.0223514
0.0223189
0.022319
0.0214649
0.0222934
0.0223526
0.0227343
0.0216358
0.0226734
0.0221099
0.0218374
0.0217901
0.0226338
0.0219645
0.0219095
0.0222508
0.0226094
0.0219974
0.0220003
0.0219965
0.0225834
0.0223305
0.0221058
0.0225459
0.0223135
0.0224331
0.0225165
0.0224946
0.0221126
0.022431
0.0224743
0.0221361
0.0223825
0.0224564
0.0223852
0.022262
0.0221599
0.0224263
0.0224383
0.0221777
0.0223169
0.0223898
0.0224664
0.0223395
0.0223237
0.0224405
0.0223207
0.0223869
0.0222648
0.0223021
0.0223882
0.0223534
0.0223197
0.0223801
0.0222853
0.0223068
0.0223663
0.0223721
0.022368
0.0223017
0.0223678
0.0223465
0.0223081
0.0222793
0.0222869
0.0222828
0.0223535
0.022287
0.0223569
0.0223074
0.0222905
0.022293
0.0223507
0.022292
0.0222919
0.0223032
0.0223418
0.0223481
0.0223224
0.0223088
0.0223465
0.0223456
0.0223
0.0223431
0.0223022
0.0223133
0.0223413
0.0223372
0.0223086
0.0223412
0.0223151
0.022338
0.0223342
0.0223115
0.0223336
0.022305
0.0223296
0.0212176
0.0220138
0.0217929
0.0221886
0.0218202
0.0220545
0.0223034
0.0221665
0.0219841
0.0221346
0.0223819
0.0221717
0.0222022
0.0221381
0.0223067
0.0222034
0.0221712
0.0221699
0.0222341
0.0223624
0.0220741
0.0186434
0.0222556
0.0219756
0.021167
0.0228327
0.021921
0.0218454
0.021393
0.0218131
0.0217829
0.0219429
0.0217144
0.0217834
0.0219688
0.0219744
0.0218199
0.0225945
0.0219753
0.0220049
0.0224399
0.0219799
0.0219745
0.0221215
0.0223886
0.0223162
0.0220701
0.0224953
0.0221112
0.0223655
0.0221255
0.0223569
0.0223229
0.0222181
0.0221967
0.0222995
0.0222451
0.022257
0.0224196
0.0223377
0.0224228
0.0223036
0.0222458
0.0223054
0.0224003
0.0223664
0.0223746
0.0222475
0.0222679
0.0222509
0.0223608
0.0223218
0.0223838
0.022295
0.0223003
0.0223785
0.0223675
0.0222687
0.0222695
0.0223696
0.0222982
0.0223627
0.0223574
0.0223635
0.0222848
0.0222809
0.0222955
0.0222867
0.0223504
0.0222867
0.0223536
0.0223099
0.0223291
0.0223457
0.0223263
0.0222913
0.0223249
0.0222903
0.0223325
0.0223496
0.0223341
0.0222934
0.0223353
0.0223033
0.0223393
0.0220035
0.0223145
0.0222617
0.0218051
0.0223088
0.0221042
0.0223682
0.0222565
0.0221376
0.0220897
0.0220498
0.0222878
0.0224789
0.022199
0.0224935
0.0224295
0.022136
0.022184
0.0221341
0.0222745
0.0221316
0.0222975
0.022183
0.0222051
0.0221736
0.0223758
0.0224309
0.022194
0.0224121
0.0222884
0.0223986
0.0223513
0.0222142
0.022266
0.0222569
0.0223236
0.0223827
0.0222425
0.0223932
0.018441
0.0200039
0.022612
0.0195527
0.0211386
0.0203458
0.0215759
0.0213364
0.0210541
0.0224398
0.0219083
0.0216763
0.0213897
0.0223359
0.0214716
0.0218127
0.0215943
0.0217607
0.0224826
0.022181
0.0223197
0.0223197
0.0219524
0.0223116
0.0223381
0.0225531
0.0219796
0.022513
0.0222329
0.0220247
0.0220701
0.0224941
0.0221541
0.022075
0.0222905
0.0224971
0.0221564
0.0221286
0.022128
0.0224839
0.0223276
0.0222101
0.0224591
0.0223183
0.0223847
0.0224392
0.0224244
0.0222036
0.0223849
0.0224128
0.0222126
0.0223569
0.0224032
0.0223587
0.0222884
0.0222245
0.0223845
0.0223927
0.0222327
0.0223192
0.0223621
0.0216793
0.0219099
0.0230024
0.0220952
0.0211619
0.0226169
0.0221981
0.0222144
0.0213563
0.0222347
0.021523
0.0218104
0.0215929
0.021596
0.0225681
0.0225696
0.0217514
0.0225894
0.0218096
0.0218135
0.0225903
0.0218884
0.0225907
0.0222058
0.0219579
0.0219552
0.0223314
0.0220058
0.0222729
0.0220436
0.0223461
0.0224628
0.0224964
0.022496
0.0221025
0.0221514
0.0221618
0.0223487
0.0221212
0.0223686
0.0224342
0.0222987
0.0227692
0.0224248
0.022004
0.0220853
0.0224883
0.0223666
0.0222384
0.0224007
0.0223762
0.0224088
0.022373
0.022444
0.0222318
0.0221441
0.0222669
0.0221652
0.0222782
0.0224024
0.0224241
0.0223036
0.0222044
0.0224294
0.0222002
0.0224003
0.0223967
0.0223819
0.0224033
0.0222201
0.0222308
0.0222845
0.0222944
0.0222377
0.0223807
0.0222424
0.0222496
0.0222489
0.0222608
0.0222512
0.0223128
0.0188987
0.0189483
0.0203781
0.0208792
0.0210351
0.0221287
0.0206398
0.0221528
0.0210026
0.0224563
0.0215343
0.0214692
0.0217935
0.0217275
0.0222451
0.0223203
0.0223203
0.0224712
0.0223446
0.0224705
0.0223897
0.0222598
0.0224952
0.022343
0.0224801
0.0224533
0.0224767
0.0224455
0.0224526
0.0223547
0.0224414
0.022217
0.0224315
0.0224308
0.0222575
0.0223713
0.0224284
0.022238
0.0224183
0.0222397
0.022401
0.0222492
0.0222522
0.0223988
0.0222552
0.0223685
0.02237
0.0222586
0.0223911
0.0223685
0.022366
0.0223815
0.0223818
0.0223337
0.0222881
0.02235
0.0223655
0.0222981
0.0222797
0.0223244
0.0223573
0.0223054
0.0223317
0.0223498
0.0223356
0.022354
0.0223488
0.0222782
0.0223157
0.0223003
0.0223627
0.0223611
0.0223259
0.0223593
0.0222961
0.0223576
0.0223563
0.0187412
0.0208405
0.0213678
0.0212109
0.0212882
0.0225469
0.021725
0.0213699
0.0216982
0.0215064
0.0221391
0.0225701
0.0222725
0.0219878
0.0221588
0.0218438
0.0222843
0.0219986
0.0222062
0.0220752
0.0221518
0.0197085
0.0205314
0.0225439
0.0204028
0.0214805
0.0209053
0.0217262
0.021548
0.0214019
0.0224128
0.0220061
0.0218097
0.0216041
0.022332
0.0216654
0.0219156
0.0217578
0.0218781
0.0224507
0.0222097
0.0210124
0.0161382
0.0185718
0.0185235
0.0177189
0.0190923
0.0212775
0.0218793
0.0197809
0.0214795
0.0209159
0.0213092
0.0221701
0.0216445
0.0214834
0.0226794
0.0213608
0.0218238
0.0213752
0.0220035
0.022324
0.0225602
0.0223407
0.0227615
0.0226391
0.0223301
0.0223292
0.0223885
0.0224108
0.0222885
0.0223756
0.0224021
0.0222622
0.0224545
0.0224071
0.0223231
0.0222102
0.0223494
0.0222758
0.0224453
0.0223358
0.0222519
0.0222669
0.0224297
0.0224198
0.0224194
0.0223826
0.0223771
0.0222741
0.0224036
0.0223959
0.0223311
0.0224025
0.0223122
0.0222607
0.0223324
0.022378
0.0223641
0.022259
0.0223422
0.0222781
0.0223414
0.0222595
0.0223679
0.0223696
0.0223011
0.0223436
0.0223754
0.0223655
0.022281
0.0223724
0.022274
0.022371
0.0223336
0.0223371
0.0222788
0.0223594
0.0223501
0.0223052
0.0223042
0.0228265
0.0198497
0.0207159
0.0217268
0.0209598
0.0216415
0.0212693
0.0215083
0.0215521
0.0216235
0.0218488
0.0221001
0.0221034
0.0221783
0.0222757
0.0219231
0.0218319
0.0223194
0.0223194
0.0223953
0.0219787
0.0220047
0.022274
0.0220361
0.02208
0.0221685
0.0222029
0.0217551
0.021906
0.0223178
0.0220345
0.0219157
0.0221653
0.0222955
0.0220148
0.0222083
0.0221465
0.0222695
0.0221031
0.0223328
0.0221813
0.0222297
0.0221955
0.0221813
0.0222115
0.0197965
0.0209067
0.0209313
0.0222751
0.0210169
0.021413
0.0210537
0.0216445
0.0213272
0.0217681
0.0216026
0.0223739
0.0218906
0.0219175
0.0218651
0.0220099
0.0220948
0.0223804
0.0221817
0.0222854
0.0214872
0.0221714
0.0222762
0.0221109
0.0224883
0.0223511
0.0222141
0.0219856
0.0220895
0.022017
0.0224251
0.0221794
0.0220635
0.0222138
0.0222414
0.0221163
0.0223195
0.0221467
0.0222262
0.0223682
0.0221667
0.0222483
0.022398
0.0222873
0.0223199
0.0223064
0.0222212
0.0222223
0.022221
0.0223774
0.0222598
0.0218634
0.0218533
0.0215108
0.0191773
0.0195214
0.0190604
0.019136
0.0229753
0.0228633
0.0214206
0.0202
0.0199935
0.0208988
0.0207654
0.0204107
0.0226925
0.0210567
0.021225
0.0226968
0.0219212
0.0225188
0.0215139
0.0215721
0.0216741
0.0216223
0.0216893
0.0219478
0.0219366
0.0204202
0.0180985
0.0195014
0.0211651
0.0198997
0.020483
0.0218162
0.0205688
0.0220556
0.0219067
0.021752
0.022261
0.0211525
0.0211999
0.022179
0.0215082
0.0222221
0.0218522
0.0217723
0.0223203
0.0223203
0.0223244
0.0222428
0.0225643
0.0225308
0.0224922
0.022385
0.0223287
0.022321
0.02234
0.0222519
0.0224106
0.0223293
0.0223853
0.0223438
0.022288
0.0222328
0.0223262
0.0223543
0.0223385
0.0224112
0.0222742
0.0223136
0.0224029
0.0222947
0.0223877
0.022395
0.0222965
0.0222612
0.0223169
0.0223676
0.02226
0.0223378
0.0223736
0.0223681
0.0223195
0.0222723
0.022285
0.0223757
0.0222702
0.022353
0.0223414
0.0222956
0.0223623
0.0223355
0.0222781
0.022356
0.0223273
0.0222824
0.0223068
0.0223603
0.0223585
0.0222866
0.022332
0.0222896
0.0223389
0.0223559
0.0223284
0.0223371
0.0222891
0.0223537
0.0210898
0.0221141
0.019644
0.0200211
0.0204769
0.0204751
0.0205745
0.0205504
0.0213116
0.0223501
0.021891
0.021366
0.0218716
0.0214979
0.0222807
0.0228247
0.0214999
0.0223664
0.0216222
0.0218164
0.0219426
0.022586
0.0217968
0.0224691
0.0225906
0.0223223
0.0220342
0.022017
0.0219502
0.0222258
0.0224888
0.0220555
0.022107
0.0220804
0.0220828
0.0221151
0.0224775
0.0223172
0.0221222
0.0221722
0.0222756
0.0221496
0.0221689
0.0224297
0.0221815
0.0221904
0.0223735
0.0221928
0.0222043
0.0221977
0.0226129
0.0222905
0.0225492
0.0224703
0.0222862
0.0220429
0.0220355
0.022233
0.0220476
0.0225294
0.0221355
0.0221312
0.0222639
0.0222471
0.0224571
0.0224174
0.0224384
0.0222084
0.0224021
0.0221874
0.0224151
0.0221965
0.0224065
0.0222099
0.0222066
0.0222964
0.0223625
0.0224034
0.0223906
0.0224002
0.0222499
0.0223772
0.0222436
0.0222779
0.022381
0.0222463
0.0222603
0.0222583
0.022378
0.0222585
0.0222577
