0.0218232
0.00808251
0.00284285
0.0119447
0.0131873
0.00907344
0.00898378
0.0116066
0.00984567
0.00890338
0.00965935
0.00981602
0.0108729
0.00787317
0.0114648
0.00895754
0.0109775
0.00778724
0.0108989
0.0108099
0.00819921
0.0110797
0.0103561
0.010201
0.0108998
0.0106401
0.01084
0.00823482
0.01077
0.00833363
0.0103707
0.0106903
0.00943008
0.0085981
0.00873403
0.00853105
0.00851997
0.0105246
0.00905765
0.0103238
0.0103933
0.0099245
0.0103897
0.00999706
0.010357
0.0103292
0.00912645
0.010278
0.0100975
0.010188
0.00884101
0.0100921
0.0101127
0.00889644
0.00942934
0.0100492
0.00915977
0.00959
0.00587324
0.0041615
0.0146248
0.00642587
0.0127204
0.0118188
0.0098837
0.0114702
0.00893813
0.00901194
0.00939426
0.0090664
0.00990703
0.00910991
0.00916772
0.00960223
0.00933544
0.00966769
0.00971668
0.00962045
0.0095826
0.00956952
0.00944132
0.009639
0.00952417
0.00962268
0.00960959
0.00960251
0.00943748
0.00948245
0.00959144
0.00961024
0.00960895
0.00960931
0.00960461
0.00949622
0.00960625
0.00953426
0.009596
0.00949353
0.00953068
0.00950747
0.0094658
0.00947598
0.00958453
0.0094759
0.00954398
0.00947643
0.00959048
0.00958671
0.00953655
0.00953453
0.00955727
0.00956827
0.00958502
0.00948782
0.00954641
0.00953936
0.00953109
0.0141105
0.014155
0.0067916
0.00698861
0.00945359
0.00989055
0.00962369
0.00934177
0.00984906
0.00978326
0.00940633
0.00961754
0.00959445
0.00940318
0.009427
0.00961998
0.00942525
0.00946375
0.00943799
0.0094367
0.00955554
0.00955173
0.00945617
0.00946442
0.00946765
0.00958881
0.00954761
0.00950683
0.00953642
0.00955605
0.0141095
0.0140386
0.00758522
0.00592723
0.00855804
0.00909212
0.0096411
0.0100643
0.00938541
0.00933613
0.0100868
0.00952381
0.00955569
0.00996577
0.00988631
0.00909063
0.00990078
0.0098035
0.009866
0.00986292
0.00949756
0.00951117
0.00981358
0.00978985
0.00977962
0.00933784
0.00950449
0.00965147
0.00954373
0.00946687
0.00296278
0.0127258
0.00935905
0.0123752
0.00984805
0.00728202
0.00769012
0.0108263
0.00813436
0.00844815
0.00929
0.0105536
0.0101991
0.00853086
0.0101327
0.0103208
0.00872261
0.00967888
0.00904161
0.00978535
0.0101969
0.00975368
0.010123
0.00914749
0.00985322
0.00906144
0.00916359
0.00992521
0.0031003
0.0116334
0.00234867
0.00512819
0.0124777
0.0122312
0.0114078
0.00793821
0.0103422
0.0082524
0.0103484
0.00878642
0.00902124
0.0106824
0.0107211
0.00944888
0.0095025
0.0104874
0.0101234
0.00891007
0.0103494
0.00879883
0.00875511
0.00880374
0.0102019
0.00980394
0.00999078
0.0101158
0.00969184
0.00986753
0.00475454
0.00886567
0.00455016
0.0122859
0.00955635
0.0100558
0.00979495
0.00946814
0.00961699
0.0095825
0.00965045
0.00958479
0.00946085
0.00958728
0.00957323
0.00961149
0.0094991
0.00951223
0.00965632
0.00949981
0.00965716
0.00948487
0.00959257
0.00942399
0.00944761
0.00959819
0.00962476
0.00945587
0.00958895
0.00438936
0.00644359
0.0072176
0.00483663
0.0120071
0.0147857
0.0140885
0.0104588
0.00629869
0.00727677
0.00750377
0.00951034
0.00786282
0.011824
0.0116912
0.00859949
0.0115265
0.00752302
0.0103503
0.00886985
0.00791308
0.0099565
0.00785278
0.0105293
0.0080215
0.0109511
0.00959669
0.0085837
0.0100925
0.00992275
0.0105313
0.00866508
0.00866863
0.00837496
0.008898
0.00957752
0.0106181
0.0105881
0.0100262
0.00862729
0.00937408
0.00859796
0.00875624
0.00900402
0.0093586
0.00966711
0.00875168
0.00934384
0.0099164
0.0102703
0.00961922
0.00953073
0.00918056
0.00905555
0.00920016
0.00901847
0.00941307
0.0203321
0.000972585
0.00967475
0.0130855
0.00969153
0.0105216
0.00926768
0.00950228
0.00960662
0.009636
0.00942914
0.0093598
0.00961853
0.00969497
0.00931155
0.00950934
0.00966376
0.00959817
0.00968821
0.00940238
0.00967389
0.00959945
0.00958024
0.00963187
0.0096428
0.0094726
0.00946415
0.00958911
0.00960402
0.00269319
0.00469638
0.00853709
0.0140704
0.00836246
0.00778357
0.0143458
0.00929549
0.00606578
0.00867232
0.00981123
0.0103862
0.0067985
0.00928354
0.007929
0.00768365
0.0103592
0.0100895
0.0103642
0.00907086
0.00958627
0.010888
0.00999207
0.00928804
0.011007
0.0110104
0.00814946
0.0107245
0.0108771
0.0102377
0.00823773
0.00999776
0.00832827
0.0106208
0.00837083
0.0102836
0.0105708
0.00896775
0.0105251
0.00897729
0.0104346
0.0102611
0.00864035
0.0100706
0.00908192
0.00921607
0.0087364
0.00943801
0.00892846
0.00903821
0.00998109
0.00935201
0.00889938
0.0101076
0.00996684
0.00888412
0.0100906
0.00892571
0.0169301
0.0120301
0.0116403
0.00438355
0.00867678
0.00956857
0.00976504
0.00975756
0.00933783
0.00837769
0.00931267
0.010553
0.00958882
0.00948873
0.00867258
0.00869873
0.00875028
0.00952059
0.00930389
0.0101984
0.00980599
0.00891173
0.0091722
0.00925888
0.00938829
0.00998615
0.00956466
0.00913796
0.00418273
0.00940472
0.00807065
0.00633972
0.00981044
0.00954866
0.00749373
0.0108488
0.0081678
0.0108936
0.00968222
0.00849604
0.0095528
0.00943603
0.0100891
0.00854226
0.00872071
0.00875422
0.0090477
0.0103336
0.0097662
0.00911461
0.00979728
0.0101757
0.0094103
0.0100134
0.0089698
0.00908698
0.00970175
0.00379838
0.0153647
0.0143611
0.00909974
0.0105474
0.00884062
0.0102446
0.00965364
0.00987157
0.00967435
0.00931683
0.0093172
0.00931785
0.00968548
0.00965933
0.00952541
0.00966258
0.00957328
0.00960512
0.00959127
0.00950618
0.00959283
0.00945709
0.00961325
0.00949938
0.00962595
0.00957684
0.00950859
0.00950186
0.00025164
0.00575305
0.0131889
0.00840621
0.00950791
0.00956777
0.00884629
0.00985859
0.0102861
0.00869271
0.00920861
0.0100123
0.00986485
0.00958397
0.0103524
0.00881983
0.00937148
0.00959982
0.0091183
0.0101397
0.00936214
0.00964577
0.00906373
0.00925379
0.00916662
0.00991852
0.00990023
0.00369341
0.0069158
0.00760145
0.00861446
0.0122184
0.00897702
0.0102155
0.0101671
0.0119785
0.0107516
0.00920673
0.011542
0.0114057
0.00826892
0.00931967
0.00928453
0.00931721
0.00897114
0.00861154
0.0101314
0.0099826
0.00824251
0.0106975
0.00850743
0.0104162
0.00958073
0.00987205
0.0102079
0.00858582
0.0102893
0.00919184
0.00983431
0.00933451
0.00865869
0.00943942
0.00904473
0.00896002
0.00897703
0.00928805
0.0100235
0.00957983
0.0100442
0.0101659
0.00899666
0.00892773
0.00991186
0.00983915
0.0100089
0.00907945
0.00899759
0.00901308
0.00966011
0.00908231
0.00934866
0.00952997
0.00988748
0.00912468
0.00960652
0.009116
0.0133224
0.00666314
0.00488689
0.00895505
0.00934277
0.00669449
0.00967168
0.0105689
0.00848013
0.00947866
0.00867633
0.00999618
0.00851399
0.0102731
0.00955298
0.00880741
0.00907881
0.0101312
0.00883888
0.0101016
0.00891784
0.00897779
0.00935371
0.00904548
0.00963375
0.00911218
0.00912029
0.00985777
0.00644085
0.0166235
0.00927523
0.0182113
0.00524617
0.0124961
0.0134859
0.00670396
0.00732295
0.0069205
0.0103672
0.00954395
0.0107584
0.0100168
0.00939871
0.00785737
0.00864687
0.0101732
0.00908887
0.0108654
0.00972169
0.0104841
0.00914829
0.0104794
0.00843435
0.00843967
0.0105644
0.00854778
0.00954517
0.00892577
0.00902347
0.0104005
0.0101713
0.00912257
0.00935909
0.0102648
0.010092
0.00896598
0.00916355
0.00921014
0.00885559
0.00893047
0.0101651
0.00960822
0.00892979
0.00898325
0.00996191
0.0099449
0.00902256
0.00982063
0.0091935
0.00901777
0.00905263
0.00960737
0.00997981
0.00980319
0.00912218
0.00911305
0.00896927
0.000491915
0.000267371
0.00403021
0.00813733
0.0102809
0.00964842
0.0102263
0.0099767
0.00968899
0.00989763
0.00969353
0.00989651
0.00946549
0.0097833
0.00977463
0.00979254
0.00968968
0.00932671
0.00953453
0.00928159
0.00927051
0.00973982
0.0094146
0.00953783
0.00945584
0.00935571
0.0095226
0.0093859
0.0186464
0.00341667
0.0123689
0.0034323
0.00539223
0.00944722
0.009809
0.0102443
0.00771423
0.00945307
0.00873191
0.0102363
0.00825867
0.0106831
0.0105058
0.00992338
0.0100504
0.0085936
0.00860987
0.0101789
0.00954338
0.0102371
0.0101933
0.00894386
0.0101138
0.00897427
0.00968804
0.00905244
0.0184108
0.0181213
0.00172961
0.00419206
0.0126188
0.011592
0.00985678
0.00886768
0.00995059
0.00959803
0.0100597
0.0100175
0.0100492
0.00897411
0.00967665
0.00983103
0.00992517
0.00991091
0.00995268
0.00915363
0.00961113
0.00988578
0.00938816
0.00920937
0.00971871
0.00924441
0.00937555
0.00954026
0.00652479
0.0190651
0.00471835
0.000862087
0.0102029
0.00906489
0.0100724
0.00855432
0.00691277
0.00986589
0.0108186
0.00948101
0.0088231
0.00973534
0.0105716
0.0106589
0.00929673
0.00993894
0.00824632
0.0107788
0.0108594
0.0107389
0.0103529
0.00921748
0.00959727
0.00983619
0.00971261
0.0105417
0.010499
0.0087783
0.0094366
0.00866599
0.00933223
0.00894263
0.0101303
0.00871372
0.0087705
0.00957223
0.00983483
0.00935114
0.00922877
0.00984779
0.00944149
0.00946658
0.00922071
0.00946886
0.00912404
0.00896017
0.010037
0.00899565
0.0100238
0.00903761
0.00946462
0.00924465
0.00955633
0.00953831
0.00913899
0.00980308
0.00259611
0.00370564
0.011942
0.0142479
0.00866234
0.00957769
0.0101101
0.011302
0.0109738
0.0108156
0.00822341
0.0100955
0.00839688
0.0100734
0.0104603
0.00857282
0.0103845
0.00895633
0.00879222
0.0100043
0.00981037
0.00964131
0.00959119
0.00915865
0.00976899
0.00966812
0.00986211
0.00941844
0.00935094
0.00947238
0.0142398
0.0108252
0.0104822
0.0100567
0.00974139
0.0105898
0.0102645
0.0114682
0.00764741
0.0109243
0.00824718
0.0105348
0.00947025
0.00818603
0.00835105
0.0100227
0.00901204
0.0093593
0.00862798
0.0100759
0.00893171
0.0103611
0.0101066
0.0101766
0.0102689
0.0102139
0.010128
0.0101431
