0.0352207
0.0344823
0.0406461
0.0391922
0.036058
0.0369701
0.0370488
0.0396302
0.0375265
0.0392263
0.0376709
0.0375675
0.037633
0.0384718
0.0386884
0.0379002
0.0383874
0.0385749
0.038456
0.038464
0.0366777
0.0378675
0.0377349
0.0383304
0.0376944
0.0378355
0.0372653
0.0381968
0.0375132
0.0369281
0.037186
0.0381266
0.0370235
0.0381428
0.0379592
0.0378623
0.0370473
0.0380944
0.0380928
0.0374916
0.0373647
0.037513
0.0380169
0.037908
0.0380095
0.0379347
0.037924
0.0371981
0.0374661
0.0373066
0.037709
0.0379397
0.0379365
0.0374822
0.037348
0.0379065
0.0373921
0.0334183
0.0349689
0.0352688
0.0362442
0.0356367
0.036899
0.0383985
0.0380732
0.0369758
0.0372078
0.0379402
0.0375522
0.0373411
0.0374779
0.037727
0.037612
0.0375893
0.0376441
0.0375893
0.0375345
0.0376438
0.0376374
0.037631
0.0376187
0.0376262
0.037531
0.0376182
0.0376185
0.0376195
0.0376164
0.0376017
0.0376141
0.0375341
0.0375336
0.0376179
0.0375809
0.0375369
0.0375432
0.0375541
0.0375752
0.0375403
0.037578
0.0375963
0.037567
0.0375657
0.0375777
0.0376045
0.0376063
0.0375505
0.0376041
0.0375556
0.0375976
0.0375505
0.0375755
0.037605
0.0375631
0.0375539
0.0376013
0.0375898
0.0438842
0.0342374
0.038077
0.0365308
0.0384441
0.0369481
0.0373057
0.0373586
0.0376627
0.0376844
0.0375863
0.0376565
0.0376448
0.0375035
0.0376278
0.0375119
0.0375432
0.0375661
0.037625
0.0375627
0.0376172
0.0375373
0.0375589
0.0375539
0.0375896
0.0375484
0.0375804
0.0376083
0.0438735
0.033527
0.0375269
0.0369525
0.0382293
0.0364633
0.0376182
0.0375804
0.0376267
0.0373964
0.0372177
0.0373765
0.0374402
0.0378261
0.0374445
0.0377941
0.0377161
0.0376519
0.0373742
0.0376536
0.0374286
0.037725
0.0376612
0.0376756
0.037546
0.0376907
0.0375799
0.0374692
0.0427202
0.0252829
0.036716
0.0368353
0.0369158
0.0378927
0.0377709
0.0384379
0.0376417
0.0371048
0.0380582
0.0369353
0.0380864
0.0369865
0.0370622
0.0370754
0.0380162
0.0372073
0.0379917
0.0375549
0.0379168
0.0377537
0.0378634
0.0379041
0.0374714
0.0378266
0.0377616
0.0375306
0.0376328
0.0355113
0.0340645
0.0392
0.0381298
0.0357627
0.0371332
0.0380806
0.0365282
0.0373309
0.0384963
0.0369366
0.0382289
0.0376717
0.0370427
0.0382084
0.0379194
0.0377061
0.0374671
0.0376666
0.0380064
0.0377783
0.0377326
0.0377708
0.0375878
0.0379559
0.0377687
0.037908
0.0373745
0.0373372
0.0372919
0.0423167
0.0388875
0.0375195
0.0381147
0.0361363
0.0379497
0.0379099
0.0377249
0.0377087
0.0375538
0.0375106
0.0376403
0.0375624
0.0375051
0.0374855
0.0375837
0.0375089
0.0376167
0.0376306
0.0376204
0.0375251
0.0375723
0.0376366
0.0376154
0.0376228
0.0375824
0.0375393
0.0375308
0.0375816
0.034492
0.0366277
0.0410853
0.0374143
0.0386351
0.0371565
0.0354932
0.0370972
0.0373795
0.0384033
0.0361548
0.0375632
0.0366498
0.0363872
0.0383292
0.0373035
0.0377279
0.0386204
0.0365953
0.0369009
0.0383773
0.0367343
0.0367127
0.0383301
0.0368038
0.0372457
0.0369672
0.0370784
0.037036
0.037339
0.0380686
0.0382437
0.0370559
0.0382311
0.0382022
0.037955
0.0373436
0.0377137
0.0380449
0.0378754
0.0372785
0.0375926
0.0380499
0.0376328
0.0371454
0.0371391
0.0373052
0.037997
0.0377314
0.0376824
0.037199
0.0372027
0.0376312
0.037256
0.0372582
0.0372688
0.0372544
0.03718
0.0352439
0.0390958
0.0373572
0.0372088
0.0377629
0.0372218
0.0372956
0.0376016
0.0375617
0.0374679
0.0374216
0.0374849
0.0374473
0.0374817
0.0374903
0.0376402
0.0374907
0.037655
0.0376513
0.0375355
0.0376092
0.0375148
0.0376062
0.037595
0.0375323
0.0375222
0.0375429
9.82618e-05
0.0401182
0.0364977
0.033219
0.0401182
0.0374285
0.0356836
0.0378321
0.0356028
0.0364377
0.0360626
0.0390312
0.0364151
0.0371932
0.0372621
0.0374095
0.0365239
0.0364506
0.0384211
0.0382964
0.036555
0.0367792
0.038343
0.0384442
0.0376582
0.0369917
0.0373984
0.0378543
0.0373399
0.0373736
0.0380348
0.0375114
0.0369595
0.0373928
0.037139
0.0376866
0.0382018
0.0382012
0.0375731
0.0370085
0.0380847
0.0380724
0.0378847
0.0380817
0.0373051
0.0380579
0.037965
0.037942
0.0379894
0.038001
0.0372177
0.0373505
0.037823
0.0377712
0.0377255
0.0377892
0.037708
0.0373444
0.0375053
0.0423788
0.0332592
0.0391088
0.0357084
0.035794
0.0377714
0.0376082
0.0368319
0.0367136
0.0380536
0.037262
0.0370716
0.0370051
0.0374767
0.0370481
0.0377588
0.037124
0.0379235
0.0371598
0.0379095
0.0373018
0.0373115
0.0377812
0.0373814
0.03728
0.037828
0.0373194
0.0377688
0.0378063
0.037492
0.0421515
0.0405352
0.0386012
0.0380299
0.0352463
0.0373523
0.0386962
0.0384328
0.0375123
0.0379935
0.0369574
0.0381215
0.0372692
0.0370703
0.0370202
0.0375565
0.0371319
0.0378178
0.0379157
0.0378442
0.0372318
0.0375212
0.0379407
0.0378101
0.0378557
0.0375947
0.0373287
0.037288
0.037592
0.0423072
0.042152
0.0356555
0.0362997
0.0371946
0.0376219
0.0379379
0.0378106
0.0374476
0.0376455
0.0374666
0.0376705
0.0376105
0.0374753
0.0376534
0.0375053
0.0374984
0.0376474
0.0375802
0.0374999
0.0375148
0.0376377
0.0376356
0.0375938
0.0376155
0.0375274
0.0376162
0.0376205
0.037533
0.0375585
0.0400177
0.0365627
0.036116
0.0376576
0.0376592
0.0376894
0.0375661
0.0377429
0.0376978
0.0377186
0.0378465
0.0372358
0.0369721
0.0378322
0.0370351
0.0370944
0.0377755
0.0371377
0.0378531
0.0379729
0.0378595
0.037211
0.0376381
0.0375889
0.0376907
0.03729
0.0374359
0.0376699
0.0377443
0.0375631
0.0435607
0.036724
0.036293
0.0357939
0.0404399
0.0358934
0.0374665
0.0392378
0.0373411
0.0373531
0.0376433
0.0376294
0.0370742
0.0365525
0.0376623
0.0383755
0.0370138
0.0367935
0.0383054
0.0368274
0.0381386
0.0377612
0.0374544
0.0378926
0.0370813
0.0371687
0.0376424
0.0375399
0.0370706
0.0372511
0.0375046
0.0380353
0.0378574
0.038041
0.0380299
0.0371515
0.0371497
0.0372308
0.0379358
0.0374342
0.0372023
0.037471
0.03728
0.0373928
0.0372872
0.0378856
0.0378943
0.0378038
0.0376193
0.0378541
0.0373317
0.0376359
0.0373807
0.0377562
0.0378352
0.0378262
0.0373713
0.0376588
0.0376653
0.0423847
0.0379655
0.0369912
0.0360387
0.0361294
0.036324
0.037677
0.037558
0.0368475
0.0371879
0.0379678
0.037731
0.0373405
0.03731
0.0371372
0.037529
0.0374643
0.0372051
0.0378101
0.0377086
0.0376309
0.0373751
0.0378235
0.0373837
0.037328
0.0373374
0.0337511
0.0393446
0.0360684
0.0389678
0.0372367
0.0365813
0.0358406
0.0357783
0.0391439
0.0378562
0.0370813
0.0363479
0.0385769
0.0385889
0.0376784
0.0383774
0.0380889
0.0380892
0.0368336
0.0382716
0.0376797
0.0380877
0.036978
0.038102
0.0373367
0.0370552
0.0377617
0.0371716
0.0375823
0.0379588
0.0380571
0.0375817
0.0379854
0.0374785
0.0380204
0.0372877
0.0372006
0.0379377
0.0372578
0.0372026
0.0378388
0.0377854
0.0378316
0.0374359
0.0377709
0.0372529
0.0378811
0.0374566
0.037469
0.0372877
0.0374856
0.0377003
0.0373085
0.0373538
0.0376983
0.0377833
0.0376736
0.0373762
0.0338697
0.0435897
0.0393151
0.0384354
0.0363411
0.0375165
0.0364705
0.0379019
0.0377742
0.037656
0.0372666
0.037586
0.0373175
0.037687
0.0375444
0.0373892
0.0373917
0.0377157
0.0374211
0.0375902
0.0376858
0.03748
0.0375336
0.0375759
0.0374673
0.0376741
0.0375953
0.0374976
0.0427261
0.0249163
0.0367739
0.0368372
0.0369193
0.0378701
0.0377494
0.0385292
0.0376327
0.0370367
0.0381188
0.0368601
0.0381479
0.0369215
0.0370009
0.0370159
0.0380681
0.037161
0.0380407
0.0375508
0.0379577
0.037775
0.0378982
0.0379431
0.0374571
0.0378571
0.0377843
0.037524
0.0376393
0.0270976
0.0204187
0.0343829
0.0355101
0.0353712
0.0384822
0.0384222
0.0381175
0.038017
0.0380483
0.0379339
0.037317
0.0374373
0.0378184
0.0373769
0.037311
0.0377743
0.0378384
0.0377038
0.037625
0.0376543
0.0377993
0.0375961
0.037379
0.0377751
0.0375635
0.0374251
0.0377366
0.0374485
0.0374623
0.0401658
0.0359051
0.0391967
0.0353055
0.034465
0.0385329
0.0381216
0.0379841
0.0373066
0.0378756
0.0376444
0.0376436
0.0380159
0.0384254
0.0380184
0.0378387
0.0370711
0.0376216
0.0383595
0.038313
0.0382651
0.0379465
0.0373823
0.0381684
0.037865
0.0370946
0.0374188
0.0370151
0.0378661
0.0373194
0.0373262
0.0371244
0.0380694
0.0375303
0.0371767
0.0376367
0.0376485
0.0378726
0.0372854
0.0379828
0.0377229
0.0377085
0.0374318
0.0378796
0.037792
0.0377165
0.0374393
0.0379031
0.0378456
0.0372796
0.0373649
0.0375591
0.0377608
0.0375505
0.0374145
0.0373449
0.0377901
0.0376076
0.0321384
0.0336159
0.0359951
0.0380251
0.0351383
0.0360718
0.0365209
0.0382784
0.0382292
0.0382328
0.0378433
0.0369786
0.0378179
0.0380838
0.037104
0.0380711
0.0371522
0.0376449
0.0372645
0.0378144
0.0379147
0.0372216
0.0372517
0.0377593
0.0376847
0.0372853
0.0373051
0.0374436
0.0378021
0.0380074
0.0382513
0.0365419
0.0375857
0.0390477
0.0364139
0.0379
0.0384708
0.0366463
0.0375552
0.0384177
0.0367234
0.038182
0.0368193
0.0371284
0.0378191
0.0379626
0.037051
0.0379675
0.0379865
0.0371426
0.03787
0.0380081
0.037374
0.0379067
0.0375194
0.0377612
0.0373844
