0.0308364
0.0319484
0.0300199
0.0286598
0.0267656
0.0286658
0.0277243
0.0284986
0.0291285
0.0289536
0.0284694
0.0273843
0.0291163
0.0286153
0.0275401
0.0288545
0.028499
0.027631
0.0289691
0.0285941
0.0278137
0.0280571
0.0282349
0.0278445
0.0288506
0.0277863
0.0278514
0.0280354
0.028339
0.0287196
0.0278738
0.0278795
0.0284222
0.0283672
0.0279055
0.0283789
0.0285358
0.027942
0.0284697
0.0279659
0.0282039
0.0286463
0.028465
0.0283022
0.0283769
0.0282463
0.0282039
0.0285035
0.0284106
0.0280482
0.0282055
0.0284873
0.0284531
0.0285543
0.0283979
0.0284206
0.0281037
0.0284928
0.0265947
0.024464
0.0278441
0.0296478
0.028472
0.0278563
0.0278939
0.0288339
0.0283495
0.0282879
0.0282852
0.0283962
0.0281821
0.0282354
0.0282685
0.0282061
0.0282739
0.0283247
0.0282502
0.0282882
0.0283585
0.02828
0.0282764
0.028354
0.0282828
0.0282857
0.0283085
0.0283422
0.0282779
0.0283414
0.0283035
0.0282794
0.0283399
0.0283369
0.028307
0.0283047
0.0282835
0.0283201
0.0283199
0.0283352
0.0283377
0.0283365
0.0282998
0.0282949
0.0283344
0.0283347
0.0283067
0.0283201
0.0283291
0.0283003
0.0283101
0.0283315
0.0283049
0.0282975
0.0283136
0.0283018
0.0283092
0.0283142
0.0289215
0.0304722
0.0271197
0.0292665
0.0283076
0.0283148
0.0280916
0.0282314
0.0282707
0.028288
0.0282639
0.0282636
0.0283103
0.0282743
0.0282818
0.0282803
0.0283458
0.0282703
0.0283448
0.0283394
0.0283152
0.0282901
0.0283408
0.0283391
0.0282982
0.028317
0.0283258
0.0283049
0.0283298
0.0295657
0.0304422
0.0271541
0.029197
0.0286638
0.0280009
0.0282321
0.0285001
0.0279904
0.0285679
0.0283903
0.0285127
0.0283587
0.0284352
0.0284237
0.0284288
0.0281724
0.0284521
0.0281764
0.0282163
0.0283211
0.0284009
0.0282052
0.0282138
0.028374
0.0283065
0.0282706
0.0283494
0.0282536
0.0328899
0.0227324
0.0301565
0.0295246
0.0289856
0.0272105
0.0274534
0.0283647
0.0284029
0.0276555
0.0287216
0.0283479
0.0280575
0.0286722
0.0280987
0.028585
0.0279907
0.0280334
0.0284565
0.0282021
0.0280327
0.028109
0.028099
0.0281161
0.028147
0.0284912
0.0284917
0.0281167
0.0281705
0.0284097
0.0264126
0.0262031
0.0294505
0.0276472
0.0286209
0.0272752
0.0283441
0.0277139
0.027728
0.0283213
0.0286457
0.0288203
0.0278223
0.028777
0.0282866
0.0281342
0.0279037
0.0284469
0.0283726
0.0283064
0.0282919
0.0285877
0.0286019
0.0282947
0.0285379
0.0281628
0.0283386
0.0281157
0.0283965
0.0248839
0.0305778
0.0301199
0.0292901
0.0287899
0.0280279
0.0285154
0.0282388
0.0283165
0.0282914
0.0281653
0.0283938
0.0283864
0.0282524
0.0283578
0.0283637
0.0283531
0.0283579
0.0282573
0.028263
0.0283086
0.0283592
0.0282881
0.028278
0.0282733
0.0283016
0.0283172
0.0282841
0.0283151
0.0282818
0.0309201
0.0268017
0.0302041
0.0303043
0.0293631
0.0289587
0.0280061
0.0283101
0.0269966
0.0289992
0.0294493
0.0280123
0.0283513
0.027628
0.0291373
0.028334
0.0288428
0.0290749
0.0283548
0.028626
0.0276408
0.0289493
0.0281
0.0277036
0.0285616
0.0287002
0.0288537
0.0288367
0.0279382
0.0278268
0.0278326
0.0287723
0.028758
0.0287495
0.0287426
0.0287027
0.0286832
0.0284269
0.0283168
0.0280741
0.0286529
0.028538
0.0282884
0.0286505
0.0280415
0.0280172
0.0280188
0.0284034
0.0285923
0.0284869
0.0285521
0.0285274
0.028151
0.0280773
0.0281233
0.0282967
0.0280963
0.0228176
0.0259315
0.0258772
0.0277858
0.027777
0.028523
0.0283409
0.0279345
0.0283779
0.0281936
0.0283472
0.0282383
0.0283439
0.0283796
0.0283122
0.0282495
0.0282734
0.028363
0.028287
0.0282873
0.0283185
0.0282663
0.0283581
0.0283607
0.0283053
0.0283528
0.0283058
0.028288
0.0282745
0.0282776
0.025493
0.026821
0.0291731
0.0268666
0.0286458
0.0260654
0.0265264
0.0266564
0.0284184
0.0283153
0.0286278
0.0272343
0.0273176
0.0286129
0.0285465
0.0274697
0.0284117
0.0282146
0.0275798
0.0278289
0.0280323
0.0278968
0.0276963
0.0277175
0.0277468
0.0277653
0.0279002
0.0284996
0.0281864
0.027848
0.0287805
0.0287772
0.0281242
0.0278703
0.0287267
0.0280436
0.0282978
0.0287028
0.0286426
0.0279764
0.0279495
0.02833
0.0282847
0.0286173
0.0279948
0.0285562
0.0280258
0.0284619
0.0285085
0.0283942
0.0282596
0.0280554
0.0281722
0.0285569
0.0284177
0.0282474
0.0269351
0.0304375
0.0262096
0.0291106
0.0283076
0.027771
0.0284394
0.0277345
0.028528
0.0287166
0.0280538
0.0279226
0.0284197
0.0285822
0.0284698
0.028378
0.0284376
0.0283957
0.0280616
0.0281951
0.0280929
0.0284668
0.0284824
0.0284658
0.0283131
0.0282112
0.0284357
0.0281919
0.0249396
0.0302431
0.0307774
0.0291529
0.0286762
0.0283674
0.0281347
0.0286006
0.0287063
0.0285666
0.027741
0.0288021
0.0287697
0.0279163
0.0286261
0.0286551
0.0285842
0.0286104
0.0279784
0.0280038
0.0282662
0.0286012
0.0281419
0.0280888
0.0280668
0.0282311
0.0283325
0.0281286
0.0283206
0.0281203
0.0276911
0.0278627
0.0301806
0.0271709
0.0282673
0.0286176
0.0282336
0.0285273
0.0284047
0.0281985
0.0283739
0.0283454
0.0282723
0.0283191
0.0283603
0.0283613
0.0282458
0.0283598
0.0283539
0.0282872
0.0282913
0.0283184
0.0282786
0.0282722
0.0283226
0.0282777
0.0282917
0.0283314
0.0282928
0.0283197
0.0251679
0.0295764
0.0304785
0.0286913
0.0274686
0.0284015
0.0283376
0.028549
0.0284875
0.0287754
0.0283781
0.0282495
0.028702
0.0281717
0.0285983
0.0284779
0.028326
0.0279985
0.0280701
0.0283214
0.0284847
0.0285527
0.0282068
0.0284532
0.0284714
0.0284254
0.0284911
0.028265
0.0283404
0.0281497
0.0269407
0.0270719
0.0266847
0.0297298
0.0271475
0.0281285
0.0282207
0.0280792
0.0276914
0.0274845
0.0283656
0.0275892
0.0283434
0.0283521
0.0281731
0.0285291
0.0287574
0.0278506
0.0278901
0.0286017
0.0287111
0.0284053
0.0280546
0.0280979
0.0280376
0.0284519
0.027968
0.0281161
0.0279971
0.027974
0.0286078
0.0286262
0.0286269
0.0280247
0.0281474
0.0280365
0.0280964
0.0285125
0.0283586
0.0280861
0.0284339
0.0284605
0.0282002
0.0282332
0.0282622
0.0282939
0.0282152
0.0284181
0.0284558
0.028211
0.0281346
0.0283615
0.0281429
0.0281612
0.0281504
0.0283892
0.0281553
0.0319722
0.0275092
0.0286353
0.0262924
0.0258776
0.0289411
0.0274736
0.0284896
0.0285833
0.0275563
0.0286987
0.028658
0.0285338
0.0279386
0.0279588
0.0284544
0.0285767
0.0285792
0.028412
0.0284612
0.0281618
0.0284993
0.0282612
0.0281034
0.0281343
0.0282361
0.0281353
0.0281715
0.0281611
0.0281502
0.0298264
0.0241726
0.0303036
0.0303736
0.0273053
0.027836
0.0288429
0.0284523
0.0295102
0.0274507
0.0282574
0.0275645
0.0290351
0.0283944
0.0283373
0.0282446
0.0283257
0.028536
0.0285377
0.0284222
0.028656
0.0278722
0.0281642
0.0278919
0.0283749
0.0284844
0.0283282
0.0283413
0.028519
0.0285779
0.0284762
0.0285644
0.0286385
0.028612
0.0285917
0.0280308
0.0284108
0.0280328
0.028229
0.0282112
0.028084
0.0280722
0.0285639
0.0284095
0.0282931
0.0284372
0.0281509
0.0280987
0.0281679
0.0281714
0.0283914
0.0281283
0.0283546
0.0281302
0.0282403
0.0284626
0.0284856
0.0281645
0.0283975
0.026363
0.0229563
0.0296614
0.0265969
0.0280006
0.0282159
0.0285251
0.0283719
0.0282767
0.0283864
0.0283633
0.0284055
0.028243
0.0284128
0.0281708
0.0281741
0.0282535
0.0282481
0.0284009
0.0282068
0.0282945
0.0282196
0.0283828
0.0283708
0.0282962
0.0283702
0.0282712
0.0283486
0.013229
0.0242243
0.0275945
0.028246
0.0281602
0.0287262
0.0286421
0.028281
0.0286281
0.0282687
0.0278883
0.0284425
0.0282384
0.0281825
0.0278521
0.0286731
0.0286783
0.0279354
0.0279475
0.0280583
0.0283016
0.0280096
0.028044
0.0280387
0.0284425
0.0283994
0.0284841
0.0280934
0.0285014
0.0284581
0.0325747
0.0139064
0.0242518
0.0261541
0.028831
0.0286312
0.0287141
0.0280763
0.0285932
0.0284983
0.0284957
0.0280729
0.0283911
0.0283075
0.0284958
0.028486
0.0281992
0.0284164
0.0283396
0.0284382
0.0284544
0.0283128
0.0284448
0.0283119
0.0282937
0.0284187
0.0284032
0.0319386
0.0297859
0.0272078
0.0290833
0.0287512
0.0299052
0.0282396
0.0279967
0.0272729
0.0283887
0.0282526
0.0276316
0.0281235
0.0277786
0.028276
0.0277139
0.028812
0.0279273
0.0288527
0.0285081
0.0280321
0.0278793
0.0280506
0.0285479
0.0287548
0.028626
0.0287179
0.0283598
0.0283451
0.0279622
0.0283428
0.0280012
0.0283792
0.027977
0.0285338
0.0286223
0.0284705
0.028517
0.0282008
0.0283445
0.0284582
0.0285343
0.0284214
0.0283228
0.0282177
0.0285471
0.028165
0.0280909
0.0285277
0.0285243
0.0281785
0.0283061
0.0284775
0.0284775
0.0284864
0.0282317
0.0284819
0.0281504
0.0212273
0.029035
0.0292598
0.0277125
0.0275708
0.0277762
0.0283598
0.027639
0.0277375
0.0278238
0.0281501
0.0287188
0.0280325
0.0279532
0.0286249
0.0280058
0.0284192
0.0279948
0.0280232
0.0285463
0.0285587
0.0280639
0.0282181
0.028087
0.0281212
0.0283442
0.0283837
0.0282075
0.0283922
0.0259181
0.026271
0.0282362
0.0301424
0.0282089
0.0286854
0.0280719
0.0279652
0.0279023
0.0276692
0.0288958
0.0277748
0.0278091
0.0277761
0.0286045
0.0283054
0.0286253
0.0280478
0.0279762
0.0279215
0.0279443
0.0285641
0.0282531
0.0286032
0.0282591
0.028306
0.028425
0.0280546
0.0280712
0.0280986
