0.0269559
0.026851
0.0276162
0.0270595
0.0275697
0.0270056
0.0270203
0.0271647
0.0270832
0.0272704
0.0271465
0.0271177
0.0271817
0.0271823
0.0270915
0.0271243
0.0271261
0.0271748
0.0271729
0.0271335
0.0270705
0.0271681
0.0271663
0.0271484
0.0270768
0.0271378
0.0270893
0.0270757
0.0270779
0.0271547
0.0271391
0.0271398
0.0270821
0.0271302
0.0271451
0.0271203
0.0270999
0.0271394
0.027123
0.0271319
0.0271394
0.0271105
0.0271024
0.0271297
0.0271265
0.0271037
0.0271004
0.0271326
0.0271326
0.0270996
0.0271303
0.0271305
0.0270993
0.0271273
0.0271291
0.027096
0.0271251
0.0277835
0.0277817
0.0272074
0.0270028
0.0270049
0.0272726
0.0271564
0.0271742
0.0271593
0.0270916
0.0270902
0.0271266
0.027122
0.027101
0.0271015
0.0271074
0.0271028
0.0271027
0.027107
0.0271112
0.02711
0.0271112
0.0271053
0.027105
0.0271055
0.0271087
0.0271056
0.0271055
0.0271092
0.02711
0.0271097
0.0271059
0.0271057
0.0271093
0.0271083
0.0271099
0.0271091
0.0271074
0.0271086
0.0271093
0.0271074
0.0271092
0.0271096
0.0271064
0.0271064
0.0271091
0.0271095
0.0271066
0.0271082
0.0271067
0.0271067
0.0271086
0.0271069
0.0271067
0.0271093
0.0271072
0.0271072
0.0271075
0.0268894
0.0270607
0.0270025
0.0271053
0.0270625
0.0270851
0.0271022
0.0270961
0.0271129
0.0271071
0.0271077
0.0271116
0.0271051
0.0271099
0.0271054
0.0271097
0.0271102
0.0271068
0.0271067
0.0271065
0.0271084
0.0271076
0.0271098
0.0271097
0.0271095
0.0271066
0.0271085
0.0271095
0.0268871
0.0270598
0.0270079
0.0271294
0.0270681
0.027089
0.0271209
0.0271108
0.0270957
0.0270881
0.0271106
0.0271031
0.0271165
0.0270952
0.027117
0.0271043
0.0270984
0.0271134
0.0271137
0.027114
0.027108
0.0271107
0.0271012
0.0271018
0.0271027
0.0271135
0.027107
0.0271028
0.0225227
0.0276731
0.0265792
0.027423
0.0269961
0.0271427
0.0270594
0.0269436
0.0270887
0.0270705
0.0270777
0.0270843
0.0270908
0.0270392
0.0270593
0.0270686
0.0270826
0.027077
0.027063
0.0270727
0.0271218
0.0270933
0.0270839
0.0270911
0.0271033
0.0271144
0.0271111
0.0270885
0.0271015
0.0271704
0.0272492
0.0270645
0.0271968
0.0270094
0.0271401
0.0270959
0.0270475
0.0271143
0.0270921
0.0270937
0.0270688
0.0271258
0.0270723
0.0271245
0.0270853
0.0271172
0.0271213
0.0271219
0.0271297
0.0271033
0.0270868
0.0270983
0.0271149
0.0271223
0.0270912
0.0270976
0.027118
0.0270939
0.0270939
0.027244
0.0264991
0.0272439
0.0269511
0.0269803
0.0270737
0.0271085
0.0271308
0.0271203
0.0271028
0.0270893
0.0271092
0.0271105
0.0271074
0.027107
0.0271011
0.0271034
0.0271019
0.0271028
0.0271068
0.0271088
0.0271094
0.0271081
0.0271044
0.0271043
0.0271047
0.0271055
0.0271072
0.0271061
0.0271068
0.0271954
0.0281043
0.026953
0.0274174
0.0269846
0.0272857
0.0271738
0.0270844
0.0270864
0.0271026
0.0271323
0.0270846
0.0271892
0.0271254
0.0271884
0.0271835
0.0271582
0.0271202
0.0270658
0.0271502
0.0271319
0.027165
0.0270918
0.0271256
0.0270714
0.0271556
0.0270986
0.027115
0.0271429
0.0270761
0.0270883
0.0271233
0.0270916
0.0271025
0.0271231
0.0271026
0.0271439
0.0270928
0.0271402
0.0271406
0.0271066
0.0271223
0.0270985
0.0271367
0.0271318
0.0270917
0.0271185
0.0270924
0.0271294
0.0271156
0.0271103
0.0271031
0.0271248
0.0271265
0.0271071
0.0271246
0.027119
0.0271166
0.0270089
0.0278516
0.0276126
0.0273813
0.0271732
0.0268624
0.0272237
0.0270631
0.0270883
0.0271207
0.0271037
0.0271029
0.027109
0.0270958
0.027093
0.0271023
0.0271093
0.0271009
0.0271037
0.027102
0.0271099
0.0271065
0.0271045
0.027101
0.0271026
0.0271073
0.0271037
0.0271026
0.0287886
0.0270581
0.0270161
0.026931
0.0270967
0.0273122
0.0270537
0.0272215
0.0272235
0.0272091
0.0271219
0.0271137
0.0271143
0.0271663
0.0270809
0.027163
0.0270705
0.0271366
0.0271561
0.0271559
0.0271433
0.0271445
0.027148
0.0270945
0.0270817
0.0271467
0.0271198
0.02709
0.0271388
0.027133
0.0271001
0.0270924
0.0270819
0.0271084
0.0271182
0.0271238
0.0271249
0.0270862
0.0271304
0.0271317
0.0270897
0.0271093
0.0270952
0.0271139
0.0271292
0.0271293
0.02711
0.0270933
0.0271137
0.0271189
0.0271082
0.0270968
0.027125
0.0270933
0.0275929
0.0271874
0.0273551
0.0271603
0.0268704
0.0270958
0.0271168
0.0270585
0.0271298
0.0270981
0.0270665
0.0270965
0.0270644
0.0270753
0.0270719
0.0271199
0.0270865
0.0271087
0.0270894
0.0270815
0.0270877
0.0270909
0.0271032
0.0270864
0.0270876
0.0271048
0.0270906
0.027091
0.0271028
0.0272142
0.0265346
0.0272023
0.0269689
0.0269375
0.0271039
0.0270543
0.0270983
0.0270809
0.0270599
0.027052
0.0270886
0.0271301
0.0270906
0.027093
0.0270715
0.0270823
0.027074
0.0270777
0.0270977
0.0271121
0.0271163
0.0271072
0.0270852
0.027085
0.0270872
0.0270917
0.0271022
0.0270954
0.0270997
0.0251031
0.0256191
0.0273571
0.0269801
0.0271613
0.0272239
0.0272027
0.0270699
0.0271135
0.0271295
0.0271256
0.0271023
0.0271063
0.0271053
0.0271108
0.0271132
0.0271142
0.0271085
0.02711
0.0271117
0.0271127
0.027107
0.0271107
0.0271063
0.0271063
0.0271117
0.0271115
0.0271109
0.0271114
0.0271064
0.0253832
0.0270653
0.0268731
0.0271586
0.0269552
0.0270881
0.0270187
0.027043
0.0271006
0.0270777
0.0270883
0.0270653
0.0271224
0.0271259
0.0270756
0.027099
0.0271151
0.0271007
0.0270848
0.0270953
0.0271008
0.0271198
0.0270945
0.0271087
0.0270959
0.0270938
0.027092
0.0270957
0.0270963
0.0270963
0.0269482
0.0268123
0.0276084
0.0270821
0.0269404
0.0271219
0.0271008
0.0270805
0.0270695
0.0271033
0.0272026
0.0271867
0.0271872
0.0271337
0.0271212
0.0271205
0.0271431
0.0271308
0.0271582
0.0271537
0.0271461
0.0270926
0.0271154
0.0271465
0.0271497
0.0270878
0.0271453
0.0271151
0.0271426
0.0271269
0.0270972
0.0271415
0.0271404
0.0271122
0.027138
0.0270901
0.0270929
0.0271362
0.0271346
0.0271273
0.0271279
0.0271246
0.0271276
0.0271248
0.0271307
0.0271279
0.0271288
0.027103
0.0271259
0.027102
0.0271028
0.0270978
0.0271151
0.027109
0.0271017
0.0271241
0.027122
0.0271177
0.0284879
0.0257629
0.0263418
0.0264841
0.0269467
0.0267955
0.0270271
0.0270474
0.0270549
0.0269884
0.0270973
0.0269836
0.0270252
0.0270056
0.0270746
0.0270342
0.0271092
0.0270774
0.0270355
0.0270893
0.0270942
0.0270862
0.0270456
0.0270864
0.0270552
0.0270785
0.0270598
0.0270842
0.0273257
0.0271474
0.0269895
0.0275252
0.0272598
0.0273954
0.0272516
0.027178
0.0272038
0.0271868
0.0271584
0.027164
0.0271098
0.027141
0.0271459
0.0271101
0.0271601
0.0271644
0.0271598
0.0271482
0.0271401
0.0271391
0.0271486
0.0271439
0.0271159
0.0271192
0.0271437
0.0271106
0.0271148
0.0271384
0.0270978
0.0271301
0.0271328
0.0271063
0.0270953
0.0271092
0.0271273
0.0271333
0.0271249
0.0271324
0.0271203
0.0271113
0.0271228
0.0271104
0.0271225
0.0271109
0.0270989
0.0271134
0.0271272
0.0270996
0.0271259
0.0271105
0.027125
0.0271223
0.0271204
0.0271171
0.0271139
0.0271229
0.0164328
0.0287
0.025945
0.0271962
0.0263682
0.02708
0.0269053
0.0270598
0.0270387
0.0269998
0.0270938
0.0270974
0.027102
0.0270992
0.0270745
0.027079
0.0270778
0.027095
0.0271032
0.0270827
0.0271056
0.0270872
0.0270912
0.02709
0.0270923
0.0270907
0.0270979
0.0270966
0.0270962
0.0234656
0.0276496
0.0275496
0.0268004
0.0268951
0.0269357
0.0270306
0.0270452
0.0271122
0.0270419
0.0270778
0.0270482
0.0270664
0.0271132
0.0270468
0.0270566
0.0270629
0.0270641
0.0270926
0.0270592
0.0270915
0.0271127
0.0270642
0.0270871
0.0270798
0.0270887
0.0271115
0.0270765
0.027088
0.0270812
0.0168269
0.0271202
0.0279062
0.0274188
0.0276365
0.0272441
0.0272652
0.027246
0.0272018
0.0272328
0.0270992
0.0271555
0.0271166
0.0271715
0.027165
0.0271241
0.0271622
0.0271589
0.0271347
0.0271378
0.0271258
0.0271051
0.0271466
0.0271263
0.0271426
0.0271376
0.0271391
0.0271381
0.0271082
0.0287395
0.0276128
0.0269411
0.026923
0.0273747
0.0270639
0.0273699
0.0271085
0.027243
0.0272269
0.027234
0.0271583
0.0271198
0.0271166
0.0271555
0.0270928
0.0271328
0.0271696
0.0271166
0.0270969
0.0271597
0.0271401
0.0271174
0.0271145
0.0271376
0.0271501
0.0271413
0.027149
0.0271299
0.0271324
0.0271304
0.0271175
0.0270929
0.0271308
0.027125
0.0271411
0.027141
0.0271314
0.027137
0.0271047
0.0271132
0.0271253
0.0271149
0.027133
0.0271332
0.0271326
0.0271254
0.0270946
0.0271076
0.02713
0.0271062
0.0270963
0.0271136
0.0271058
0.0271034
0.0271257
0.0271213
0.0271088
0.0256892
0.0270029
0.0273647
0.0270521
0.0269205
0.0272206
0.0271618
0.027114
0.0270565
0.0270445
0.0270318
0.027108
0.0270601
0.0271026
0.0270561
0.0270903
0.0270929
0.0271223
0.0271233
0.0270811
0.0271199
0.0271213
0.027119
0.0270783
0.0270795
0.027096
0.0271143
0.0271127
0.0270997
0.024845
0.0273265
0.0269705
0.0267648
0.0269928
0.0269072
0.0269678
0.0271108
0.0270606
0.0270865
0.0271017
0.0270584
0.0271099
0.0270525
0.0270581
0.0270633
0.0271108
0.027076
0.0270795
0.0270829
0.0270746
0.027084
0.0270787
0.0270832
0.0270824
0.0270984
