0.000343384
0.0185031
0.0223027
0.0258098
0.0241399
0.0261523
0.0254169
0.0257794
0.0258141
0.0259028
0.0260332
0.0259199
0.0259621
0.0279484
0.0266815
0.0265523
0.0263485
0.0264436
0.028042
0.0251787
0.0270505
0.0269534
0.0249336
0.0255243
0.0259554
0.0262153
0.0251977
0.0265713
0.026258
0.0266617
0.0252659
0.0254836
0.0264716
0.0265669
0.0256556
0.0255174
0.0261359
0.0264421
0.0264076
0.0254576
0.0263381
0.0263774
0.0258353
0.0258733
0.0255885
0.0256566
0.0262626
0.0262643
0.0258879
0.0263025
0.0261217
0.0259803
0.026249
0.0258524
0.0256311
0.0259295
0.0262611
0.0256676
0.0257353
0.0261091
0.026227
0.0262161
0.0257405
0.0259453
0.0260193
0.0257783
0.0257417
0.0257914
0.027896
0.0241188
0.0276067
0.027103
0.0265484
0.025315
0.025524
0.0263726
0.0262295
0.0258449
0.0259497
0.0261046
0.0258788
0.0260108
0.0259842
0.0259438
0.0259983
0.0259839
0.0259381
0.0259736
0.0259253
0.0259311
0.0259957
0.0259345
0.0259559
0.0259319
0.0259758
0.0259328
0.0259878
0.0259854
0.025954
0.0259364
0.0259824
0.0259821
0.0259456
0.0259638
0.0259661
0.0259393
0.0259397
0.0259495
0.0259512
0.0259436
0.025943
0.0259752
0.0259732
0.0268837
0.0231148
0.0274024
0.0263264
0.0247285
0.0265676
0.0264285
0.0258871
0.0257627
0.0262017
0.0257856
0.0259987
0.0258352
0.025994
0.0259136
0.0258902
0.0259434
0.0260089
0.0259162
0.0260107
0.0259132
0.0260064
0.0259983
0.025928
0.0259457
0.0260021
0.0259833
0.025998
0.0259949
0.0259923
0.025934
0.0259758
0.0259328
0.0259697
0.0259782
0.0259353
0.0259358
0.0259636
0.0259785
0.0259585
0.0259688
0.0259389
0.0259725
0.0259801
0.0268837
0.0226288
0.0271815
0.0259444
0.0248672
0.0263211
0.0263598
0.0262147
0.0260362
0.0260484
0.025852
0.0257032
0.026022
0.0257242
0.0261395
0.0260776
0.0259293
0.0257653
0.026001
0.0257818
0.0260561
0.0258055
0.0258311
0.0260332
0.0259679
0.0258184
0.0258663
0.0258323
0.0258374
0.0258446
0.0260553
0.0258907
0.026062
0.0259128
0.0258859
0.0260501
0.026048
0.0259362
0.0258868
0.0259568
0.0259196
0.0260341
0.0259079
0.0258837
0.0266554
0.0281963
0.0248215
0.0262664
0.0265572
0.0253112
0.0250028
0.0257285
0.0254218
0.0255241
0.025793
0.0257336
0.0255262
0.0259556
0.0260051
0.0263091
0.0256152
0.026173
0.0256482
0.0258265
0.0260021
0.0261827
0.0260131
0.0259833
0.0261443
0.0260899
0.0258472
0.0257929
0.0257757
0.0260941
0.0240285
0.0225007
0.0216897
0.0255087
0.0241973
0.0264495
0.026965
0.0246133
0.0248983
0.0264019
0.025885
0.0251669
0.026333
0.0259412
0.0258106
0.026242
0.0263819
0.0255877
0.0261278
0.0254564
0.0259127
0.0263108
0.0255776
0.0257168
0.0263189
0.0259406
0.0262221
0.0261124
0.0259885
0.0261087
0.0261827
0.0261175
0.02621
0.0258163
0.0260308
0.0257044
0.0257179
0.0258764
0.0258355
0.025743
0.0261584
0.0258287
0.0257612
0.0252986
0.0282114
0.0226958
0.0251898
0.0251424
0.0264038
0.0266033
0.0250807
0.0255416
0.0257969
0.0259192
0.0258901
0.0260716
0.0259125
0.0260561
0.0258874
0.0258554
0.0259414
0.025932
0.0259726
0.0259533
0.025921
0.025936
0.0259382
0.0260159
0.0259275
0.025981
0.0260163
0.0259948
0.0259082
0.0259438
0.0259857
0.0259662
0.0259159
0.0259251
0.0259894
0.0259872
0.0259193
0.0259224
0.025957
0.0259493
0.0259248
0.0259434
0.0259717
0.0259879
0.0281941
0.0272862
0.0226265
0.0269183
0.0276109
0.0267989
0.0241211
0.0257856
0.0270923
0.0268971
0.0249182
0.0261431
0.0264275
0.0258304
0.0251785
0.0259594
0.0263067
0.0265213
0.0257959
0.0254756
0.0263496
0.0259431
0.0258205
0.0258977
0.0259946
0.0260631
0.0264673
0.0263016
0.0260948
0.0263126
0.0255485
0.0258069
0.025554
0.025778
0.0262815
0.0258663
0.0261958
0.0256901
0.0256286
0.0256134
0.0261045
0.0260916
0.0258626
0.0261167
0.0256369
0.0261263
0.0257967
0.0262211
0.026211
0.0258682
0.0258605
0.0261409
0.0257686
0.0261052
0.0261894
0.0257227
0.0261358
0.0260014
0.020967
0.0266474
0.0231307
0.0241429
0.0267484
0.0268976
0.0255896
0.0247402
0.0250438
0.0249527
0.0261982
0.0251432
0.0262711
0.0254617
0.0255502
0.0269512
0.02889
0.0259991
0.0261662
0.0252795
0.0252362
0.0255496
0.0259936
0.0258155
0.0258534
0.0259221
0.0259012
0.0259235
0.0259216
0.0259983
0.0258893
0.0259153
0.0259162
0.0259528
0.0259028
0.0260182
0.0259929
0.025911
0.0259745
0.0259194
0.0259302
0.0259194
0.0259676
0.0268916
0.0241634
0.0240636
0.0252365
0.0253326
0.0261401
0.0258649
0.0258152
0.0256312
0.0252777
0.0258623
0.0255094
0.0257752
0.0265591
0.0266209
0.0266255
0.0253183
0.0259623
0.0261397
0.0254117
0.0256298
0.0255235
0.0262469
0.0258111
0.0260724
0.026369
0.0261191
0.025949
0.0256113
0.0261205
0.0258854
0.0261306
0.0255959
0.0256359
0.0256561
0.026126
0.026264
0.0256846
0.0260329
0.0256952
0.0258911
0.0261809
0.0257854
0.0258372
0.0239392
0.0282012
0.0280424
0.0244832
0.025126
0.025068
0.0265949
0.0258282
0.0268074
0.0251567
0.025898
0.0258631
0.0259407
0.0261031
0.0257719
0.0258975
0.0263883
0.0263504
0.0262355
0.0258939
0.0260367
0.0257617
0.0262684
0.0257709
0.0257334
0.0262366
0.026003
0.0257439
0.0261288
0.0261028
0.0260475
0.025862
0.025739
0.0260764
0.0258082
0.0259948
0.0258313
0.0260269
0.0257799
0.0257812
0.0258263
0.0258019
0.0105876
0.020597
0.0258416
0.0252261
0.0254042
0.0256001
0.0257037
0.0259935
0.0258085
0.0258296
0.0260775
0.0258351
0.0258253
0.0252973
0.028047
0.0229855
0.0258792
0.0251889
0.0270107
0.0263993
0.024441
0.0258869
0.0262209
0.025396
0.0253628
0.0265094
0.0260433
0.0264638
0.025442
0.0254196
0.0258413
0.0257003
0.0261907
0.0260639
0.0256676
0.0258151
0.0258385
0.0263021
0.0257492
0.0261329
0.0262893
0.026195
0.0256247
0.0258709
0.0261382
0.0260205
0.0256825
0.0257389
0.0261517
0.0261388
0.0257043
0.0257247
0.0259515
0.0259004
0.0257457
0.0258611
0.0260417
0.0261346
0.0232924
0.0263869
0.0262565
0.025
0.0261826
0.0256464
0.0261387
0.0255554
0.0260881
0.0260643
0.0260477
0.0259839
0.0260406
0.0260376
0.0260284
0.0259337
0.0260234
0.0260183
0.0259899
0.0260074
0.0259896
0.0259426
0.0259644
0.025977
0.0259912
0.0259885
0.0259869
0.0259823
0.025935
0.0161946
0.0217076
0.0233608
0.027269
0.0267868
0.0251205
0.0258061
0.0257347
0.0265984
0.0259815
0.0253421
0.0258926
0.0256628
0.0258192
0.0256844
0.0262919
0.0259006
0.0263191
0.0263244
0.0263235
0.0256102
0.0261301
0.0256235
0.025758
0.0256435
0.0256884
0.0256742
0.0262016
0.0256874
0.0257817
0.026156
0.0260278
0.0261755
0.026152
0.0261657
0.0257564
0.0257458
0.0260429
0.0261214
0.026105
0.025778
0.026067
0.0258221
0.0260572
0.030844
0.0230152
0.0250011
0.0254286
0.0253521
0.0256802
0.025323
0.0253893
0.0262723
0.0255088
0.0255534
0.0255495
0.0255698
0.0260153
0.0201592
0.0250345
0.0233733
0.0255638
0.0250215
0.0263723
0.0249409
0.0245836
0.0263939
0.0267003
0.0259036
0.0267346
0.026239
0.0260936
0.0257441
0.0262914
0.0263122
0.0258257
0.026486
0.0254546
0.025521
0.0264116
0.0263173
0.0255347
0.025663
0.0263258
0.0259523
0.0256166
0.0263077
0.0256794
0.0262946
0.0256737
0.0258034
0.0256678
0.026255
0.0258505
0.025968
0.0261717
0.0260663
0.0257148
0.026107
0.0258036
0.0261712
0.0259331
0.0258209
0.025761
0.0260681
0.0258441
0.0258486
0.0260148
0.0260986
0.0257698
0.0259847
0.0258792
0.0261124
0.0261166
0.026106
0.0258009
0.0238649
0.0275423
0.0270011
0.025907
0.0257392
0.0260098
0.026133
0.0260328
0.0258702
0.0257426
0.0257945
0.0260835
0.0258788
0.00994088
0.020415
0.0256707
0.0247584
0.0253604
0.0251856
0.0253732
0.0260676
0.0256407
0.0256792
0.026212
0.0256903
0.025666
0.0206224
0.0213303
0.026029
0.02672
0.0267396
0.0258605
0.0256686
0.0258967
0.0257993
0.0258315
0.0262086
0.0261648
0.0261456
0.0258831
0.0260542
0.0231973
0.0274339
0.0246046
0.0238306
0.0255357
0.0251274
0.0267531
0.0261896
0.0259144
0.0250702
0.0259017
0.0251622
0.0258627
0.0265106
0.0253647
0.0259156
0.0264808
0.0264163
0.0259993
0.0258594
0.0263668
0.0255262
0.0255511
0.0256454
0.0258387
0.0256144
0.0262355
0.0262999
0.0261197
0.0256056
0.0259594
0.0261713
0.0256589
0.026076
0.0257258
0.0261017
0.0262271
0.0258557
0.0262307
0.0259905
0.0260514
0.0257305
0.026047
0.0257802
0.0259013
0.0259351
0.0260004
0.0261561
0.0257556
0.025983
0.0258455
0.0260626
0.0257905
0.0260258
0.0259925
0.026003
0.0261028
0.0258743
0.0160354
0.0203191
0.0241471
0.0252396
0.0265435
0.0264386
0.0255341
0.0256274
0.0261429
0.0260211
0.0258716
0.0259026
0.0258564
0.0258438
0.0260185
0.0258738
0.0259315
0.0259815
0.0259893
0.025865
0.0258743
0.0258747
0.0259112
0.0259858
0.0258844
0.0259526
0.0259087
0.0118969
0.0223866
0.0242221
0.0252753
0.0245871
0.0247222
0.025687
0.0255232
0.024812
0.0267481
0.0251942
0.0255299
0.025848
0.0252718
0.0243691
0.0241857
0.0255483
0.0256459
0.0257911
0.0255239
0.0255145
0.0257456
0.0256379
0.0256208
0.0260583
0.0258493
0.0246179
0.0210984
0.0239638
0.0278537
0.0248921
0.025987
0.0266679
0.0256677
0.0261718
0.0265147
0.0263968
0.0256597
0.0255873
0.0257567
0.0258004
0.0262378
0.0262533
0.0256268
0.0256375
0.0261451
0.0256648
0.0261377
0.0256976
0.0259404
0.0261082
0.0261668
0.0257721
0.0261303
0.0316556
0.0251008
0.0258006
0.0259117
0.0262257
0.0257682
0.0262162
0.0261229
0.0261725
0.025929
0.0260642
0.0259819
0.025859
0.0259699
0.0362473
0.0201815
0.0248338
0.0253199
0.0255918
0.0256118
0.026013
0.0256741
0.0258245
0.0258332
0.0258792
0.021679
0.0284534
0.0242926
0.0251625
0.0241188
0.0248648
0.0251139
0.0246745
0.0269125
0.0257068
0.0253856
0.0259491
0.025927
0.0264765
0.0253477
0.026604
0.0264603
0.0256499
0.0254806
0.0258046
0.0256817
0.0260865
0.0262834
0.0264043
0.0258383
0.0257567
0.0261513
0.0263375
0.0256449
0.0259776
0.025605
0.0256238
0.0262888
0.0259271
0.0256629
0.0259523
0.0262604
0.0261012
0.0256908
0.0260667
0.0259012
0.0259142
0.0262212
0.0261997
0.0257447
0.0261907
0.0257792
0.0260964
0.0257373
0.0261653
0.0257545
0.0257557
0.0257574
0.0261427
0.0260674
0.0261109
0.0261335
0.0258783
0.0386766
0.0285526
0.026606
0.0260408
0.0244758
0.0246674
0.0258654
0.0261835
0.0250008
0.0257587
0.0262598
0.0254125
0.02735
0.0188564
0.0271989
0.0230547
0.0249164
0.0244918
0.0260147
0.025839
0.0258768
0.0258321
0.0254824
0.0263356
0.0255062
0.0255425
0.025731
0.0262468
0.0261766
0.0256422
0.0256634
0.0262351
0.0257209
0.0257541
0.0258642
0.0257226
0.0261654
0.0259011
0.0257481
0.0258314
0.0258906
0.0287798
0.0288319
0.028338
0.0274837
0.024613
0.02731
0.02643
0.0258213
0.0260129
0.025921
0.0249059
0.0251675
0.0250912
0.0260343
0.0259268
0.0255009
0.0253528
0.025355
0.0255704
0.0258958
0.0255553
0.0262314
0.0263305
0.0262341
0.0263187
0.0259315
0.0255083
0.026185
0.0263357
0.0261327
0.025586
0.0256133
0.0260673
0.0256258
0.0258594
0.0260724
0.0261102
0.0257675
0.0260971
0.0256871
0.0259179
0.025694
0.0257267
0.0260653
0.0261627
