0.00565678
0.00581923
0.00071855
0.00159436
0.000210491
0.000649302
0.00114678
0.00108225
0.00107954
0.0010918
0.00109244
0.00106688
0.00106856
0.00284578
6.72785e-05
0.000482822
0.00183001
0.00152398
0.002144
0.000277742
0.00118321
0.00118166
0.00103483
0.00108817
0.00158383
0.00109501
0.0011454
0.00116822
0.00103332
0.00107155
0.0014029
0.000783369
0.00134725
0.000799628
0.000809369
0.00128507
0.00100487
0.00133065
0.00107183
0.000965827
0.000931398
0.00111592
0.00125083
0.000906405
0.000875429
0.00127377
0.00124036
0.00104712
0.00125842
0.000995174
0.000903534
0.000978038
0.00115302
0.00120665
0.000920705
0.00123134
0.00122664
0.000989567
0.00118939
0.00113761
0.00118737
0.00108006
0.000975428
0.00103821
0.00116253
0.00110156
0.00109264
0.00103289
0.000981308
0.00115982
0.00111227
0.00113382
0.00111036
0.00136492
0.00184305
0.000333946
0.000499601
0.00160092
0.00141881
0.00117763
0.00120458
0.000997895
0.0010105
0.00103639
0.00106333
0.00110729
0.0011117
0.00106915
0.00109423
0.00106392
0.00107562
0.00108676
0.00108588
0.00108696
0.00108578
0.00106008
0.00105861
0.00108152
0.00106003
0.00106419
0.00105839
0.00105901
0.00107764
0.0010836
0.0010662
0.00107975
0.00106839
0.00108145
0.00106296
0.00107052
0.00106344
0.00106367
0.00107624
0.00107808
0.00107959
0.00106483
0.00106599
0.00111814
0.00132058
0.000317332
0.00140885
0.000556867
0.00149989
0.0013256
0.00129981
0.00106674
0.00104968
0.00110508
0.00105652
0.00105461
0.00108659
0.00105145
0.00109217
0.00109153
0.00107328
0.00108882
0.00105954
0.00108722
0.00105604
0.00107146
0.00105918
0.00108395
0.00108638
0.0010577
0.00106493
0.00106709
0.00107038
0.0010792
0.00106808
0.00106604
0.00105968
0.00107793
0.00107328
0.0010677
0.00106619
0.00106554
0.00107634
0.00108218
0.00108157
0.00106764
0.00160864
0.00132055
0.000336795
0.00124527
0.000607892
0.00141731
0.00127127
0.00121706
0.000928161
0.00106752
0.000991088
0.00108482
0.00117484
0.000985745
0.00111906
0.00100864
0.00101326
0.00108882
0.00104337
0.00111758
0.0010035
0.00112778
0.00108756
0.00112049
0.00103406
0.00101073
0.00112404
0.00110432
0.00109742
0.00108677
0.00105285
0.00109276
0.00109912
0.00111706
0.00105452
0.00107254
0.00109247
0.00109736
0.00109938
0.00105987
0.00103661
0.00103889
0.00109158
0.000427319
0.000376682
0.000670519
0.00169326
0.00083913
0.000377721
0.00106397
0.00109855
0.00117273
0.00108772
0.000822537
0.00106032
0.000954185
0.000883884
0.00116817
0.00114008
0.000928762
0.00093884
0.00119482
0.0010071
0.00112978
0.00105049
0.00104813
0.00107528
0.00110084
0.00099032
0.000988635
0.00104844
0.0018813
0.000210619
0.000342073
0.00141037
0.000679224
0.00127104
0.000930457
0.00109727
0.00125529
0.00144683
0.0012118
0.00125157
0.00100975
0.00118538
0.00134476
0.000838901
0.00122146
0.00129624
0.000857278
0.000855183
0.00110553
0.00087447
0.00118795
0.00090254
0.000998915
0.00120799
0.000994964
0.00100868
0.000925491
0.000981313
0.00121382
0.000931544
0.00119933
0.000998448
0.00113584
0.00106831
0.00116168
0.00117682
0.0011302
0.00117087
0.00104004
0.00110134
0.00108826
0.00164402
0.00272508
0.00143537
0.00185576
0.000294322
0.00152111
0.000864374
0.001138
0.00113169
0.00116084
0.00103452
0.00113474
0.00107999
0.0010834
0.00109195
0.00108128
0.00107794
0.00107242
0.0010999
0.00110389
0.00108607
0.00109534
0.00109901
0.00109164
0.00105403
0.00104955
0.00108933
0.00108527
0.00106928
0.00104931
0.00105651
0.00107408
0.00107206
0.00108424
0.00105659
0.0010776
0.00107782
0.00105579
0.00108375
0.00108075
0.00108657
0.00105835
0.00108579
0.00105933
0.000188307
0.0022784
0.000298581
0.00189895
0.000596226
0.00151426
0.000522678
0.000901804
0.000508427
0.00103502
0.00137861
0.000756994
0.00110083
0.00121496
0.00147345
0.000723745
0.00111208
0.000908308
0.00135132
0.00092788
0.0010792
0.00118911
0.00136935
0.000876721
0.00117274
0.00131058
0.000839283
0.00130915
0.00129465
0.00129631
0.000879768
0.000933361
0.00102294
0.0011658
0.000889735
0.00126547
0.000892595
0.00105208
0.00113783
0.000907809
0.00100192
0.00118425
0.000918147
0.00102075
0.00119043
0.00119927
0.000955292
0.00119644
0.00120499
0.00120166
0.000967053
0.00100535
0.000987932
0.00101925
0.00100897
0.000964526
0.00118031
0.001124
0.00116027
0.00360672
3.47782e-05
0.00185817
0.00101028
0.00152815
0.000284789
0.000470251
0.000608785
0.000559416
0.000643274
0.000671929
0.00106051
0.00118073
0.00101622
0.0122641
0.000405825
0.000954788
0.00149788
0.00150389
0.000782612
0.0011954
0.00114107
0.0011352
0.0010848
0.00109845
0.00108532
0.00105425
0.00107284
0.00103361
0.00107688
0.00103707
0.00109136
0.00109051
0.00107494
0.00108526
0.00105047
0.00105203
0.00107126
0.00105402
0.00108562
0.00107727
0.0010609
0.00221406
0.000418699
0.00174492
0.00213396
0.00205497
0.000990394
0.0012469
0.0016544
0.00109511
0.00123216
0.00124184
0.00144836
0.000946417
0.000882339
0.00129812
0.000784964
0.000882728
0.00102139
0.0008517
0.00125893
0.00113125
0.00084087
0.00115856
0.000997771
0.00127342
0.000929526
0.00118674
0.00104132
0.000901393
0.00125184
0.000906989
0.00119349
0.00101022
0.000945308
0.00112374
0.00109171
0.0010179
0.0011545
0.00115336
0.00119774
0.00119634
0.00117175
0.00109375
9.12138e-05
0.00126194
0.000926818
0.00102996
0.000979656
0.00125739
0.00113456
0.00133653
0.00109955
0.00104561
0.00131584
0.00110737
0.00128539
0.00105893
0.00114105
0.00108402
0.00111978
0.000953318
0.000917545
0.000939443
0.00101779
0.000911395
0.00113366
0.00113381
0.000982688
0.0011562
0.00112443
0.00115913
0.00115744
0.000963236
0.000958371
0.000965032
0.000970187
0.00113686
0.000979622
0.00101415
0.00114895
0.000989767
0.000989037
0.00115006
0.00102225
0.00101406
0.0010039
0.0010629
0.0490185
0.00110548
0.00125992
0.0008612
0.000546408
0.00109076
0.000889891
0.000995782
0.00109285
0.00102117
0.00105019
0.00112476
0.00105187
0.00105345
0.00100764
0.00162284
0.00301727
0.00142207
0.00174406
4.99879e-05
0.0014265
0.000588983
0.000901407
0.0013827
0.00100293
0.00112882
0.00102424
0.00109427
0.00108653
0.0010516
0.00102456
0.00101342
0.000993093
0.00126146
0.00126972
0.00117709
0.00123349
0.00124915
0.00120803
0.000947408
0.000929254
0.00118458
0.0011551
0.00103922
0.000933131
0.00096769
0.00107625
0.00106276
0.00114736
0.000971595
0.00110288
0.00110493
0.000970674
0.00114359
0.00112421
0.00116024
0.000985439
0.00115472
0.000992042
0.00209857
0.0014296
0.00144584
0.00093107
0.00142215
0.000809966
0.00117261
0.00103253
0.00107454
0.00107613
0.00110781
0.00110429
0.00108536
0.00108867
0.00106865
0.001067
0.00106249
0.00108435
0.00107377
0.00108457
0.0010731
0.00107912
0.00107456
0.001056
0.00108739
0.00105723
0.00108584
0.00106916
0.0010796
0.00511776
0.000611367
0.00194324
0.000188677
0.00152522
0.00116194
0.000968859
0.00126413
0.00110328
0.000930197
0.00133802
0.00133152
0.00106188
0.000834799
0.00123979
0.00107534
0.000924247
0.00107307
0.00102477
0.00120656
0.00107113
0.0011153
0.00115235
0.000944882
0.0010244
0.000944512
0.000962242
0.000941724
0.00118692
0.000984113
0.000988596
0.00112735
0.00106923
0.0011578
0.00107397
0.00116424
0.000983706
0.00102945
0.000994053
0.0011494
0.00104718
0.00107704
0.00105254
0.00113902
0.0998615
0.003159
0.00126462
0.00129555
0.0010342
0.000846556
0.00062861
0.000933791
0.00123162
0.00121086
0.0008042
0.000833906
0.00108749
0.000883327
0.000982264
0.00205565
0.00153176
0.00273287
0.000811552
0.00177188
0.00162182
0.00191591
0.00128707
0.00101679
0.00121603
0.00124075
0.00146329
0.000807001
0.00106865
0.0010849
0.00105576
0.000879197
0.00119397
0.0011753
0.0010445
0.00123031
0.00100325
0.000984859
0.000922201
0.000999426
0.000921374
0.00106581
0.00121161
0.00121959
0.00122744
0.00121902
0.00116774
0.00103409
0.00095659
0.00104618
0.00119865
0.0011899
0.00100666
0.00119341
0.00115386
0.00118669
0.00112306
0.00115276
0.00105574
0.0010819
0.00107073
0.00116394
0.000986057
0.00103015
0.00115075
0.00115819
0.00115874
0.00115736
0.00112715
0.00110529
0.00114454
0.00111697
0.00111903
6.36732e-05
0.00136337
0.00129114
0.00106993
0.000952192
0.001116
0.00118538
0.0011714
0.000951154
0.00104721
0.00102725
0.00112153
0.000999515
0.0505433
0.00135156
0.00144041
0.000876917
0.000324462
0.00101166
0.000741246
0.000884827
0.00110236
0.000950006
0.00101567
0.00118504
0.00102344
0.00102832
0.000932686
0.00678124
0.000881571
0.00189681
0.00141348
0.00148402
0.00106401
0.00107902
0.00107346
0.00102858
0.00105982
0.0010201
0.00102606
0.00113471
0.00198973
0.00229281
0.00283396
0.00225641
0.00120728
0.00153861
0.00195908
0.00122832
0.00156452
0.00118487
0.00112028
0.000814212
0.00106013
0.00109964
0.000841887
0.00131968
0.00131346
0.000860073
0.000899616
0.00129086
0.00117678
0.00113165
0.0012356
0.000904437
0.00118025
0.00122189
0.00123459
0.000911889
0.00105239
0.000927342
0.00113638
0.00121962
0.00105408
0.000972528
0.000987941
0.000948982
0.00106513
0.00119451
0.00119193
0.00100131
0.00110842
0.00118118
0.0010254
0.00102911
0.00117311
0.00105997
0.00110424
0.00113855
0.00103307
0.00101995
0.00114893
0.00111238
0.00115319
0.00115028
0.00110554
0.00113517
0.00011263
0.00157877
0.000263955
0.0018717
0.00135306
0.00110588
0.00094757
0.00120416
0.00114027
0.00110993
0.00105075
0.00111965
0.00109578
0.000987673
0.00111232
0.00101099
0.00101302
0.00109767
0.00101739
0.00109518
0.0010776
0.00104136
0.00107245
0.0010357
0.00106734
0.00104047
0.00109365
0.00109226
0.0137309
0.00181245
0.000114272
0.000880749
0.000320096
0.000280294
0.000880425
0.000424765
0.00112929
0.000621109
0.00068692
0.00119983
0.000771997
0.00526682
0.0010352
0.00079985
0.00103181
0.00117074
0.00114756
0.00127992
0.000891876
0.00111944
0.000894308
0.00102508
0.000899211
0.000981991
0.00094711
0.000427427
0.000300586
0.00067308
0.00173068
0.000800263
0.000333499
0.00104967
0.00110098
0.001187
0.0010865
0.000796434
0.0010562
0.00093795
0.000861682
0.00117931
0.00114768
0.00091123
0.000922446
0.00120923
0.000998193
0.00113643
0.00104709
0.00104455
0.00107518
0.00110405
0.00097986
0.000978374
0.00104499
0.0121599
0.000530746
0.000822773
0.00114812
0.000910779
0.00102489
0.000994468
0.00100954
0.00104141
0.0011253
0.00105226
0.00113321
0.00102245
0.00109174
0.00346698
0.00269205
0.000642821
0.000843575
0.0010848
0.00108991
0.00108869
0.000999874
0.000955432
0.00106704
0.00095948
0.00103188
0.00107325
0.00109613
0.00443801
5.44325e-05
0.00330837
0.00189786
0.00139283
0.000546744
0.00118459
0.00171137
0.00147939
0.0013612
0.00142878
0.00105247
0.00120658
0.000779839
0.00108925
0.000796449
0.00122828
0.00128645
0.00125675
0.000851192
0.00113286
0.00127989
0.00122983
0.000956531
0.00125736
0.00125703
0.00111483
0.00111295
0.00109336
0.00121359
0.00111699
0.00118551
0.00120358
0.00108965
0.000962236
0.00111868
0.000978305
0.00096298
0.00101626
0.00104584
0.00118476
0.00116269
0.00106443
0.0011549
0.00116288
0.00115578
0.00117286
0.00107254
0.00102308
0.00098412
0.00116441
0.00116129
0.00100257
0.00101966
0.00115653
0.00115113
0.00100019
0.0798546
0.00350045
0.00123453
0.000940462
5.62922e-05
0.00123905
0.000464484
0.000588316
0.000694407
0.000663343
0.000812057
0.000845702
0.00078416
0.000391064
0.000495862
0.000794955
0.000865964
0.00132318
0.000878342
0.000753583
0.000947963
0.000831977
0.00108222
0.00105404
0.00123932
0.00088105
0.00089699
0.00101498
0.000943201
0.0010021
0.000996907
0.000944878
0.00103274
0.00102225
0.00110285
0.00104391
0.00112579
0.00107315
0.00100431
0.000984881
0.00102024
0.00109775
0.00274895
0.000520686
0.00167062
0.000146351
0.000572304
0.00105635
0.00110471
0.00136777
0.000763402
0.000736997
0.000897326
0.00103548
0.000776873
0.00129239
0.000960828
0.000833079
0.000943019
0.00100198
0.00108572
0.00110732
0.00122951
0.000911738
0.00113333
0.00125488
0.00113529
0.00104503
0.001232
0.000983464
0.000911594
0.00113698
0.00109419
0.00120527
0.00100251
0.00119951
0.00119294
0.00111737
0.000968667
0.000966647
0.00116977
0.00117239
