0.0204487
0.0260438
0.0236988
0.0209831
0.02176
0.0212173
0.0215435
0.0212947
0.0214086
0.0214627
0.0214328
0.0214461
0.021439
0.0214298
0.0203594
0.020784
0.0223817
0.0229912
0.0209566
0.0211318
0.02112
0.0214135
0.0214111
0.0216969
0.021458
0.0214523
0.0208775
0.0208996
0.0219265
0.0210034
0.0217042
0.0215309
0.021877
0.0218423
0.0211371
0.0217259
0.0211059
0.0212491
0.0215961
0.0216909
0.0213843
0.0216045
0.0211947
0.0214504
0.0213633
0.0217272
0.021715
0.0217133
0.0213816
0.0213925
0.0213146
0.0214247
0.0211885
0.0211899
0.0216553
0.0216416
0.0213798
0.021582
0.0213424
0.0215478
0.0215075
0.021626
0.0212374
0.0213424
0.0212448
0.0215175
0.021361
0.0213103
0.0212739
0.0215887
0.0215725
0.02134
0.0214858
0.0203616
0.0212444
0.0210337
0.0221495
0.0220033
0.0213532
0.0216125
0.021257
0.0215369
0.0213414
0.0213856
0.0214168
0.0214789
0.0214014
0.021391
0.0214423
0.0214338
0.0214032
0.021403
0.0214312
0.0214489
0.0214102
0.0214466
0.0214472
0.0214422
0.0214212
0.0214245
0.0214369
0.0214457
0.0214262
0.0214249
0.0214262
0.021419
0.0214142
0.0214395
0.0214203
0.0214301
0.0214411
0.0214397
0.0214345
0.0214167
0.0214386
0.0214224
0.0214202
0.0201912
0.0200131
0.0212704
0.0211361
0.0215704
0.0214355
0.0209387
0.021212
0.0211935
0.0213868
0.0213714
0.0213984
0.0214994
0.0213882
0.0214194
0.0214731
0.0214165
0.0213978
0.0214462
0.0214519
0.0214352
0.0214138
0.0214526
0.0214482
0.0214427
0.0214237
0.0214021
0.0214392
0.0214459
0.0214066
0.0214287
0.0214464
0.0214154
0.0214299
0.0214392
0.0214304
0.0214437
0.0214222
0.0214347
0.0214149
0.0214436
0.0214192
0.0214408
0.0214216
0.021434
0.0197786
0.0200842
0.0215817
0.0213883
0.0213142
0.0211782
0.0207024
0.0213977
0.0209638
0.0214188
0.0211726
0.0215843
0.021398
0.0214704
0.0212437
0.0214237
0.0214715
0.0215098
0.0214278
0.0213129
0.0214431
0.0214853
0.0213345
0.0213092
0.0214009
0.0214605
0.0215161
0.0214026
0.0213661
0.0215051
0.0214386
0.0213591
0.0214804
0.021431
0.0213921
0.0214278
0.0213718
0.0214568
0.0214097
0.0214795
0.0213731
0.0214656
0.0213839
0.021457
0.021411
0.0232987
0.0227368
0.0197917
0.0221313
0.0217798
0.021757
0.0209815
0.0209623
0.0217007
0.0215863
0.02159
0.0213162
0.0211792
0.0213599
0.0215718
0.0212204
0.0216502
0.0212172
0.0216212
0.0213147
0.0215629
0.0214164
0.0215771
0.0212596
0.0212715
0.0212868
0.021294
0.0212994
0.0214981
0.0215375
0.0225988
0.0209284
0.0218469
0.0219249
0.021087
0.0225213
0.0216865
0.0205613
0.0214189
0.021903
0.0214161
0.0218803
0.0218043
0.0218197
0.0215828
0.0210211
0.0211598
0.0210929
0.021671
0.0212963
0.0215837
0.021444
0.0216949
0.0212336
0.0213777
0.0215313
0.0211881
0.0212195
0.021195
0.0213651
0.0212161
0.0214085
0.0212395
0.0212399
0.0216035
0.0215449
0.0215471
0.0212594
0.0213317
0.021301
0.0212818
0.021383
0.0212943
0.0213682
0.0214997
0.0188833
0.0186528
0.0229349
0.020181
0.0209775
0.0211805
0.0212548
0.0217159
0.0215954
0.0215294
0.021286
0.0214291
0.0212786
0.0214355
0.0214974
0.0214695
0.02143
0.0213493
0.021357
0.0214194
0.0214447
0.0214702
0.021402
0.021388
0.0214585
0.0213855
0.0213993
0.0214586
0.0214101
0.0214105
0.021457
0.0214045
0.0214402
0.0214395
0.0214001
0.0214542
0.0214314
0.0214042
0.0214278
0.0214201
0.0214278
0.0214209
0.0214088
0.0214278
0.019626
0.0214491
0.024882
0.022716
0.0213751
0.0218125
0.0217697
0.0215762
0.0214693
0.0213672
0.0219346
0.0213707
0.0213848
0.0208383
0.0214929
0.0208895
0.0219514
0.0211437
0.0216679
0.0218265
0.0209877
0.0210257
0.0216431
0.0210322
0.0218211
0.0217095
0.021588
0.0213777
0.0215773
0.0214222
0.0212015
0.0212578
0.0216882
0.0216103
0.0217151
0.0216421
0.0217096
0.0211528
0.0215071
0.0213708
0.021199
0.0215653
0.0216645
0.0212048
0.0213025
0.0212973
0.0215368
0.0212973
0.0212308
0.0215226
0.0214846
0.0213278
0.0216101
0.0212715
0.0215281
0.0215996
0.0213315
0.0215627
0.0215895
0.0213098
0.0251538
0.017764
0.0220031
0.0195836
0.0218496
0.0204295
0.020414
0.0206452
0.0217437
0.0218619
0.0215621
0.0209579
0.0209813
0.021034
0.0207142
0.0191701
0.0193119
0.0220467
0.0208844
0.0217067
0.0211136
0.0215212
0.0213786
0.0213776
0.0214758
0.0213845
0.0214536
0.0214211
0.0214727
0.0214437
0.0213783
0.021435
0.0213968
0.0214476
0.0214239
0.0213927
0.0214499
0.0214001
0.0214451
0.0214154
0.0214034
0.0214039
0.0144234
0.0198423
0.0230605
0.0222113
0.0212979
0.0215239
0.0212269
0.0207048
0.0206602
0.0213964
0.0212699
0.0211296
0.021071
0.0211522
0.0210121
0.0209916
0.021434
0.0215015
0.0213671
0.0216993
0.0212351
0.0211412
0.0216508
0.0217271
0.0217037
0.021162
0.0213947
0.021184
0.0212783
0.0211959
0.0216521
0.0213297
0.0216244
0.0215885
0.0216083
0.0213889
0.0212523
0.0216105
0.0214063
0.0214813
0.0213646
0.0215521
0.0180804
0.023331
0.0206136
0.021473
0.0216999
0.0207637
0.0214648
0.0212545
0.0214743
0.0214662
0.0215187
0.0217356
0.0214751
0.0215459
0.0217055
0.021648
0.0213654
0.0214832
0.0215431
0.0216061
0.0215977
0.0214204
0.0215989
0.021583
0.0212304
0.0215904
0.0213483
0.0214195
0.0212562
0.0215831
0.0212671
0.0213136
0.021298
0.0215417
0.0212894
0.0212992
0.0212998
0.0215203
0.0213073
0.0214094
0.0213741
0.0213274
0.0215326
0.0179692
0.0249597
0.0189934
0.0216547
0.0215454
0.0214495
0.0214369
0.021203
0.0214348
0.0215308
0.0212995
0.0214239
0.021453
0.0214144
0.0188833
0.0186402
0.0224859
0.0204313
0.0210242
0.0206836
0.0215767
0.0214788
0.0215208
0.0218739
0.0209287
0.0211223
0.0209406
0.0211671
0.0217879
0.0217383
0.0212344
0.0210652
0.0211002
0.0212692
0.0215398
0.0216981
0.0212318
0.0211804
0.0216273
0.0211805
0.0212358
0.0216226
0.0212987
0.0213028
0.0216102
0.0212704
0.0214986
0.0214945
0.021257
0.0215883
0.0214419
0.0212779
0.0214195
0.0213707
0.0214199
0.0213768
0.0213053
0.0214208
0.0241333
0.0235497
0.0222911
0.0216574
0.0208765
0.0215714
0.0213322
0.0215046
0.0215237
0.021362
0.021374
0.0213745
0.0213816
0.0214649
0.0214586
0.0214605
0.0214507
0.0214032
0.0214569
0.021448
0.0214261
0.0214552
0.0214083
0.0214047
0.0214409
0.0214175
0.0214174
0.0214331
0.0187182
0.0123702
0.0236964
0.0213503
0.0220363
0.0201794
0.0218183
0.021054
0.02078
0.0214716
0.0215505
0.0214626
0.0215645
0.021715
0.0210761
0.021493
0.021313
0.0216956
0.0216854
0.0211661
0.02144
0.0211944
0.0212849
0.0215039
0.0213959
0.0214354
0.0215845
0.021264
0.0214427
0.0212523
0.0215646
0.0212695
0.0214391
0.0215694
0.0214565
0.0212987
0.0214253
0.0214721
0.0214705
0.0213154
0.0215363
0.0214205
0.0272433
0.0173767
0.0225003
0.0214836
0.0198976
0.0207748
0.0212097
0.0210718
0.0212512
0.0210267
0.0210295
0.0210921
0.0212954
0.021602
0.0211698
0.0191075
0.0206625
0.0234443
0.0222719
0.0211434
0.0218545
0.0223929
0.0220738
0.0213636
0.0214413
0.0220028
0.0210713
0.0214454
0.0218823
0.0218535
0.0213238
0.0211552
0.0216346
0.0212663
0.0214674
0.0213694
0.0211369
0.0215229
0.0215487
0.0212298
0.0215518
0.0212048
0.0212818
0.0216581
0.0212263
0.0215694
0.0213285
0.0214472
0.0213864
0.0214309
0.0213734
0.0215562
0.0215818
0.021598
0.0213194
0.0214238
0.021592
0.0212947
0.0215595
0.0213813
0.0214396
0.0215459
0.021302
0.0215524
0.021551
0.0213228
0.0214942
0.021517
0.0215408
0.0215336
0.0230349
0.0217821
0.0216578
0.021475
0.0207818
0.021427
0.0212062
0.0214484
0.0212585
0.0212315
0.0215453
0.0213817
0.0213012
0.0214197
0.0213815
0.0179547
0.0249635
0.018569
0.0219056
0.021764
0.0214484
0.0213902
0.0209864
0.0214178
0.0216517
0.0211532
0.0214135
0.0214783
0.0213942
0.0260576
0.0233912
0.0218928
0.0215021
0.0217015
0.0215845
0.0215553
0.0215581
0.0214919
0.0215316
0.0213838
0.021507
0.0227795
0.0222687
0.0200567
0.0212953
0.0222035
0.0211423
0.0222523
0.0207324
0.0213757
0.0217332
0.0217024
0.0219931
0.0218039
0.0209484
0.0217002
0.0218101
0.0216986
0.0211383
0.0213117
0.0215334
0.0217463
0.0217167
0.0216928
0.0217006
0.0217006
0.0216038
0.0216429
0.0211777
0.0212701
0.021669
0.0215777
0.021275
0.0213646
0.0214235
0.0216365
0.0216191
0.0215198
0.0213058
0.0215928
0.0216048
0.0214953
0.0213976
0.0213559
0.0214368
0.0214303
0.021276
0.0215252
0.0213225
0.0214406
0.0214352
0.0215669
0.0212963
0.0213871
0.0214023
0.0214252
0.0213727
0.0213272
0.0214004
0.0213221
0.0187312
0.00039603
0.0233198
0.0206505
0.0219246
0.0213583
0.0213089
0.0213511
0.0214438
0.021366
0.021269
0.021463
0.0214772
0.0214602
0.0212946
0.0214905
0.0213749
0.021434
0.0213774
0.0213553
0.0214688
0.0213652
0.0214014
0.0213721
0.021374
0.0213866
0.0213916
0.0213924
0.0112709
0.0239926
0.0215628
0.0212965
0.0195894
0.0206577
0.0221925
0.0215477
0.0205444
0.0209791
0.0216895
0.0209757
0.0209662
0.020952
0.00142094
0.0221478
0.0203034
0.0214159
0.0210707
0.0209707
0.0211221
0.0211196
0.0211797
0.0212872
0.0212184
0.0213432
0.0212388
0.0218543
0.0164954
0.0221466
0.0196107
0.0216769
0.0218719
0.0214497
0.0212578
0.0213688
0.0217233
0.021475
0.021357
0.021296
0.0211049
0.021671
0.0211819
0.0215568
0.021644
0.0211807
0.0214679
0.0212249
0.0213493
0.0213534
0.0212622
0.0212647
0.0215249
0.0212993
0.0212953
0.0213152
0.0250759
0.0173378
0.0225324
0.0214042
0.0216091
0.0214924
0.0215605
0.0215517
0.0213911
0.0213422
0.0214673
0.0214409
0.0161928
0.0192977
0.0188308
0.0218559
0.021603
0.021445
0.0211891
0.0213539
0.0213067
0.0212312
0.0212395
0.0213445
0.0213541
0.0212915
0.0213075
0.0207731
0.0233475
0.0210133
0.0218027
0.0207743
0.0203278
0.0212107
0.021909
0.0209418
0.0212597
0.0214508
0.0218358
0.0210318
0.0214583
0.0215258
0.021183
0.0212962
0.0211473
0.0214527
0.0218047
0.0210993
0.0214625
0.0217339
0.0215043
0.0215626
0.0211471
0.0216827
0.021692
0.0214953
0.0211715
0.0216176
0.0215096
0.0212151
0.0216486
0.0213934
0.0216397
0.0215982
0.0213491
0.021479
0.0212988
0.0213229
0.0213877
0.0212599
0.0212547
0.0215206
0.0214207
0.0213794
0.0215915
0.0215818
0.0214003
0.0212859
0.0215223
0.0214421
0.0213045
0.0213235
0.021473
0.0213753
0.0213783
0.0213823
0.00876219
0.0168698
0.0201258
0.0211559
0.019133
0.021822
0.020137
0.0204246
0.0205892
0.0208393
0.0214689
0.0208774
0.0212217
0.0230032
0.0174213
0.020462
0.0220835
0.0214593
0.0206912
0.0214818
0.0215276
0.02122
0.0214052
0.0217135
0.0215355
0.021561
0.0211557
0.0211889
0.0212326
0.0216257
0.0212346
0.0215922
0.0216146
0.0213302
0.0214117
0.0212697
0.0213862
0.0212723
0.0215013
0.0213005
0.0213128
0.0183777
0.0208675
0.0222617
0.0208484
0.0221027
0.0212494
0.0215191
0.020766
0.0219361
0.0212502
0.0209407
0.02096
0.0213709
0.0210634
0.0215189
0.0210279
0.0217897
0.0210346
0.0210811
0.0211517
0.0215225
0.0217014
0.0211214
0.0214812
0.0211575
0.0214898
0.0216323
0.0215657
0.021272
0.0211877
0.0212108
0.021215
0.0213379
0.021618
0.021596
0.0212332
0.0212927
0.0214054
0.0215327
0.0215292
0.0215612
