0.00802621
0.0124298
0.00658043
0.00782663
0.00777791
0.00744129
0.00764984
0.00769838
0.0076267
0.00765049
0.00763833
0.00764423
0.00366281
0.0106142
0.0148612
0.0109824
0.010539
0.00716049
0.00685119
0.00777033
0.0076689
0.00849297
0.00723024
0.00761879
0.00763385
0.00747991
0.0084796
0.00828511
0.00818383
0.00802983
0.00826408
0.00808416
0.00716402
0.00721423
0.00786705
0.00743218
0.00727006
0.00756115
0.00746725
0.00729143
0.00803501
0.00790561
0.00781463
0.00733365
0.00768479
0.00801939
0.00801116
0.00798413
0.00769524
0.00797942
0.0079734
0.00796324
0.0077476
0.00746466
0.00741586
0.00737305
0.00769585
0.00741468
0.00750854
0.0074257
0.00790133
0.00783682
0.00764339
0.00788058
0.00787119
0.00781766
0.00746169
0.00785381
0.00785094
0.00776318
0.00765866
0.00572303
0.0125208
0.0109091
0.00650641
0.00725007
0.00794699
0.00731459
0.00736241
0.00763954
0.00765409
0.00777242
0.007732
0.00763726
0.00765436
0.00767469
0.00762812
0.00763257
0.00764326
0.00761745
0.00767693
0.00767822
0.00762325
0.00767748
0.00762457
0.00765852
0.00763074
0.00766927
0.00765663
0.00762401
0.00764129
0.0076629
0.00762753
0.00762689
0.00763993
0.007657
0.00766196
0.00765817
0.0076565
0.00765335
0.00763811
0.00765843
0.00763607
0.00763624
0.00763482
0.00366281
0.00976968
0.0055205
0.00835989
0.00712778
0.00827858
0.00766047
0.00786409
0.00750843
0.00774956
0.00766622
0.00749779
0.00769803
0.00754873
0.00761986
0.00769526
0.00769196
0.00761031
0.00762005
0.007687
0.0076777
0.00761646
0.00764311
0.00761867
0.00761908
0.00761916
0.00762322
0.00764728
0.0076612
0.00764561
0.00763711
0.00762819
0.00762726
0.00764613
0.0076272
0.00766406
0.00762539
0.0076657
0.007664
0.00763517
0.00766407
0.00766204
0.00765175
0.00366281
0.00976968
0.00552148
0.00878817
0.00678886
0.00813847
0.00735445
0.00764167
0.00722385
0.00752907
0.00791635
0.00761216
0.00763278
0.00772446
0.00762405
0.00750721
0.00752465
0.00775471
0.00780227
0.00751757
0.00754276
0.0077677
0.00762348
0.00776894
0.00776815
0.0077668
0.00773061
0.00762525
0.00758315
0.00763695
0.00767054
0.00771125
0.00771683
0.00763828
0.0077177
0.00757987
0.00772538
0.00757526
0.0075806
0.00768493
0.00758072
0.00758753
0.00762265
0.0101806
0.00931839
0.00797838
0.00831969
0.00878631
0.00793303
0.00760552
0.00752428
0.00757963
0.00812218
0.00744605
0.00731838
0.00786888
0.00754189
0.00765352
0.00774564
0.00746425
0.0079083
0.00788216
0.0075584
0.00748456
0.00755674
0.00755291
0.00747646
0.00773371
0.00778357
0.00772213
0.00778763
0.00763791
0.0101806
0.00570047
0.0113974
0.0084747
0.00729445
0.00793996
0.0077292
0.0076357
0.00767984
0.0078835
0.00774379
0.00819949
0.00713229
0.0076708
0.00737244
0.00807083
0.00728824
0.00798859
0.00798725
0.00786323
0.00800764
0.00782727
0.0079918
0.00796888
0.00752629
0.00785735
0.00741006
0.00753901
0.0077472
0.00780001
0.00785116
0.00743521
0.00743743
0.00744665
0.00762491
0.00748959
0.00754628
0.00783414
0.00748482
0.00774067
0.00781463
0.0105808
0.0122086
0.0130673
0.00703854
0.00838344
0.00707061
0.00707863
0.00749481
0.00775628
0.00766789
0.00750237
0.0076888
0.00757348
0.00759028
0.0075646
0.00774898
0.00763262
0.00760716
0.00762642
0.00764168
0.00771634
0.00771501
0.00771166
0.00765885
0.0076439
0.00763211
0.00760767
0.00761645
0.00769164
0.0076779
0.00766038
0.0076838
0.0076838
0.00766395
0.00767785
0.00764949
0.00766234
0.00767702
0.00766354
0.00762085
0.00762256
0.00767349
0.00767005
0.00896507
0.00786511
0.00881872
0.00760548
0.0101247
0.0102814
0.00699666
0.00954848
0.00740999
0.0086816
0.00774562
0.00838279
0.0084443
0.00834599
0.00841832
0.00776083
0.00825856
0.00796194
0.00819278
0.00778218
0.00778752
0.0082198
0.00721869
0.00782956
0.00717143
0.00778374
0.00734188
0.00718701
0.00810503
0.00745582
0.00807122
0.00806847
0.00769092
0.00792263
0.00781351
0.00798249
0.00765701
0.0075831
0.00799356
0.00732489
0.00748235
0.00794481
0.00796489
0.00794542
0.00749228
0.0074418
0.00782616
0.00766517
0.00752603
0.00741037
0.00744673
0.00744191
0.00757883
0.00787
0.00786577
0.00783767
0.0074518
0.00744918
0.0078499
0.00779927
0.0020908
0.00646424
0.00555157
0.00622784
0.00673037
0.00885673
0.00687885
0.00681707
0.00773693
0.00831549
0.00704246
0.00740986
0.00721248
0.00749813
0.00762085
0.00610367
0.00944042
0.00887526
0.0083965
0.00828522
0.0082282
0.00774893
0.00774991
0.00760082
0.00753482
0.007567
0.00762882
0.00774115
0.00759497
0.00763418
0.00764831
0.00770051
0.00770962
0.00767354
0.00768726
0.00760691
0.00760072
0.00767792
0.00761145
0.00762364
0.00762273
0.00768057
0.00768231
0.00766837
0.00764603
0.0117459
0.00874976
0.00728668
0.0106321
0.00567011
0.00753836
0.00775398
0.00766199
0.00769742
0.00834824
0.00779683
0.00810109
0.00770761
0.00814142
0.00719687
0.00800886
0.00729724
0.00785327
0.00788745
0.00744505
0.00726313
0.00755523
0.00722268
0.00803659
0.00734082
0.00777959
0.00730121
0.00741164
0.0079494
0.00738353
0.00751063
0.00790522
0.00772608
0.00791851
0.00755413
0.00790259
0.00741899
0.0074159
0.00787722
0.00786065
0.00743865
0.00762463
0.00542518
0.00706144
0.0106357
0.00886442
0.00746902
0.00652666
0.00782515
0.00742904
0.00813827
0.00721754
0.00759886
0.00760349
0.00752625
0.0077595
0.00783083
0.00803548
0.0073873
0.00773967
0.00739376
0.00783055
0.00743067
0.0075681
0.00767961
0.00755928
0.00739855
0.0077372
0.00788496
0.00752726
0.00760204
0.00778648
0.00783477
0.00749012
0.00771876
0.0075899
0.00749193
0.00767979
0.00779641
0.00759847
0.00772508
0.00775185
0.00750989
0.00765939
0.00249578
0.00569944
0.00783543
0.00765067
0.00746494
0.00756887
0.00767115
0.00769161
0.00773635
0.00776583
0.00752899
0.00758435
0.00773435
0.0087623
0.00933652
0.0108742
0.00571155
0.0079575
0.00769165
0.00747229
0.00779523
0.00791033
0.00790157
0.00805838
0.00714105
0.00788005
0.00730789
0.00782763
0.00800815
0.00808714
0.00750781
0.00797453
0.00803913
0.00794205
0.0078249
0.0076396
0.00744612
0.00733065
0.00735768
0.00737431
0.00793478
0.00738285
0.00784709
0.00782974
0.00743975
0.00786086
0.00742749
0.00773754
0.00772551
0.00744601
0.00748525
0.00752785
0.00760107
0.00766162
0.00779779
0.00776277
0.00547987
0.00790517
0.00818484
0.00742625
0.00692513
0.00710651
0.00783823
0.00778468
0.00773091
0.00764826
0.00758893
0.00771329
0.00768419
0.0076936
0.00762616
0.00762321
0.00766783
0.00763123
0.00769152
0.00768914
0.00761647
0.00767251
0.00767564
0.00767122
0.00765617
0.00767352
0.00763663
0.0076614
0.00984596
0.00760898
0.00604728
0.0103127
0.0058654
0.00714506
0.00712266
0.00731653
0.00760151
0.00745366
0.00805398
0.00809223
0.00752647
0.00773657
0.00803167
0.00734399
0.00799186
0.00752365
0.00765758
0.00768856
0.00758948
0.00741751
0.0075012
0.00743047
0.00775441
0.00758351
0.00772008
0.00784572
0.0075533
0.00778308
0.00744856
0.00759067
0.00784487
0.00766838
0.00757899
0.00780444
0.00766694
0.0078057
0.00780485
0.0076947
0.00751108
0.00776183
0.00752773
0.000830464
0.00551378
0.00679086
0.00735266
0.00728122
0.00723844
0.00745572
0.00796184
0.00743845
0.00780965
0.00759322
0.00741219
0.00766299
0.00828788
0.00855203
0.00798737
0.00729825
0.00750131
0.00623606
0.00922275
0.00725359
0.00845902
0.0075871
0.00838647
0.00764131
0.00725299
0.00714088
0.00756682
0.00733916
0.00757896
0.00755671
0.00757846
0.00812492
0.0072752
0.00804192
0.00734364
0.00802247
0.00764095
0.00761675
0.00799114
0.00735636
0.00778542
0.00750319
0.00772039
0.00745555
0.00741239
0.00770571
0.00739376
0.00776776
0.00742965
0.00779087
0.00757608
0.00761329
0.00773617
0.00781031
0.00750099
0.00756845
0.00747579
0.00781439
0.00781121
0.00769931
0.00757749
0.00776678
0.00782423
0.00780107
0.00764696
0.00777771
0.00779849
0.00759932
0.00776798
0.00750923
0.00775428
0.0037415
0.00604725
0.00729431
0.00718743
0.00753675
0.00745297
0.00795931
0.00774678
0.00764172
0.00769929
0.00752781
0.00762137
0.0075522
0.00751044
0.00772944
0.00191966
0.00583102
0.0075133
0.00741869
0.00757614
0.00761539
0.00776393
0.00776419
0.00784795
0.0079033
0.00738865
0.00751196
0.0078354
0.011251
0.00895706
0.00849369
0.00787806
0.0074544
0.00735778
0.00791899
0.00749841
0.00758456
0.00750739
0.00777479
0.00774882
0.00771223
0.00758975
0.0117899
0.00825885
0.0067664
0.00903436
0.00825446
0.0100411
0.00814359
0.00642351
0.00760595
0.00815374
0.00747077
0.00841292
0.00793771
0.00730032
0.00803376
0.00820569
0.00809973
0.00746613
0.00812735
0.00802789
0.0077354
0.00789427
0.00788159
0.00797054
0.00772385
0.0073516
0.00734435
0.00795014
0.00795036
0.00794905
0.00766994
0.00757629
0.00788524
0.00765879
0.00743509
0.00775326
0.00783887
0.00776623
0.00781409
0.00782989
0.00754257
0.00777059
0.00780028
0.00755814
0.00764856
0.00768294
0.00770905
0.00783161
0.00783123
0.00782124
0.00767731
0.00780723
0.0075865
0.0075234
0.00767638
0.00777846
0.0075257
0.0044413
0.00703616
0.00848865
0.00782933
0.00870114
0.00685199
0.00745011
0.00767741
0.00788701
0.00766099
0.00767286
0.00753704
0.00758441
0.00756681
0.00770848
0.00772754
0.00772031
0.00770812
0.00771894
0.00756715
0.00759512
0.00767332
0.00771548
0.00766682
0.00770199
0.007703
0.00759237
0.007594
0.00959972
0.00779323
0.00872442
0.00852221
0.00675277
0.00660532
0.00704834
0.0068649
0.00695873
0.00744915
0.00705357
0.00717503
0.00768047
0.00853287
0.00800857
0.00814314
0.00718154
0.0082397
0.00722669
0.00725567
0.0074398
0.00795236
0.0079371
0.0076823
0.0074783
0.00780648
0.00745205
0.00709121
0.00467937
0.0081401
0.00792121
0.00909021
0.00884249
0.00715109
0.00727491
0.00748342
0.00818278
0.00724911
0.00809352
0.00802487
0.00740701
0.00773632
0.00778495
0.0074041
0.00737006
0.00744852
0.0074607
0.00742486
0.00756789
0.00786257
0.00785264
0.00745193
0.00745749
0.00781511
0.00760986
0.00606118
0.00792838
0.00794756
0.00783894
0.00744775
0.00749232
0.00777547
0.00779889
0.0077937
0.00762972
0.00770258
0.00768377
0.00767935
0.0106767
0.00571968
0.00650866
0.00807474
0.00754019
0.0075451
0.00786504
0.00744234
0.00782475
0.00749496
0.0076807
0.0075229
0.00771331
0.00753379
0.00887029
0.00593008
0.00637388
0.00709208
0.00631124
0.00818713
0.00726594
0.00913844
0.00763696
0.00785185
0.00833947
0.0074137
0.00709734
0.0072908
0.00719267
0.00777699
0.00756136
0.00730101
0.00720639
0.00733905
0.00792603
0.00755534
0.00807472
0.00767854
0.00804464
0.00746095
0.00773244
0.00798669
0.00796207
0.00739344
0.00740096
0.00789004
0.00737674
0.00793566
0.007376
0.00737958
0.00749342
0.00790307
0.00772013
0.00747041
0.00748365
0.00789196
0.00749211
0.00744975
0.00754462
0.00785709
0.00746308
0.00783074
0.00784448
0.00758175
0.0077396
0.00747988
0.00780709
0.00748196
0.00777288
0.00758182
0.0075345
0.00756723
0.00773968
0.00154
0.00960534
0.00733941
0.00659709
0.00832022
0.00734369
0.00714023
0.00807864
0.00723758
0.00729626
0.00720894
0.00783542
0.0075644
0.00896974
0.01099
0.00659618
0.00706441
0.00657481
0.00754951
0.00791608
0.00801466
0.00794204
0.00753731
0.00743161
0.00763039
0.00740276
0.00795044
0.00774485
0.00762074
0.00740595
0.00740512
0.00743081
0.00757514
0.00769521
0.00779469
0.00775867
0.00766143
0.0077567
0.00763537
0.0120518
0.00459337
0.00497977
0.00690941
0.00654798
0.00778578
0.00661845
0.0076577
0.00808981
0.00784732
0.00798801
0.00743937
0.00816551
0.0072107
0.00789983
0.00713382
0.00727447
0.00726146
0.00719295
0.00781863
0.00805711
0.0079559
0.00804316
0.00793751
0.00747417
0.00733666
0.0074648
0.00752997
0.0078933
0.00756149
0.00792146
0.00752746
0.00743409
0.00776103
0.00762668
0.00757596
0.0074025
0.00742204
0.00783685
0.0077957
0.00784393
0.00784153
