0.164497
0.0218915
0.00865341
0.00969357
0.00638956
0.00373775
0.00163874
0.0325443
0.00649284
0.0215773
0.0111043
0.0135644
0.0114811
0.00148877
0.00615829
0.00784316
0.00733864
0.000947546
0.00667341
0.00127761
0.00314532
0.00276385
0.00220569
0.00108497
0.000386159
0.000263133
0.0047894
0.000457669
0.00454898
0.00384283
0.00455591
0.00449989
0.00184355
0.00438287
0.0038265
0.00300667
0.0101473
0.0298565
0.00879766
0.0162337
0.0106655
0.00775415
0.00451548
0.00425273
0.0083513
0.00173036
0.00551385
0.00710359
0.00584819
0.00559216
0.003925
0.00357761
0.00571523
0.00542159
0.00535859
0.00240946
0.00103609
0.00515128
0.00506326
0.000797934
0.000770113
0.00152792
0.00469075
0.00101843
0.00114036
0.00320728
0.00282722
0.00422337
0.00420994
0.00409218
0.00411466
0.0017835
0.00162927
0.00397705
0.00395906
0.00365168
0.00278937
0.00206312
0.003833
0.00374434
0.00216051
0.00366253
0.00201306
0.0143436
0.000111749
0.00936672
0.0100681
0.00998973
0.00620846
0.00415276
0.00414192
0.0023765
0.00227932
0.00696241
0.00171835
0.000343317
0.00640183
0.00366046
6.18305e-05
0.0055741
0.00120979
0.00488692
0.00510725
0.00311757
0.00435739
0.0047321
0.00225703
0.00304557
0.00277422
0.00426626
0.00367524
0.0031629
0.0128887
0.000106465
0.0112223
0.0197506
0.00901132
0.00828379
0.007011
0.00146543
0.00567189
0.00120883
0.006772
0.00476842
0.000665441
0.00621883
0.00574501
0.00546756
0.0054728
0.00472716
0.00031054
0.00474366
0.0041912
0.00178361
0.000684074
0.00202787
0.00189453
0.00128306
0.00385681
0.00202062
0.00377018
0.00919855
0.00674468
0.0101932
0.0139417
0.0089014
0.00679605
0.00390788
0.00385526
0.00562023
0.000942316
0.00248541
0.00570442
0.00255865
0.00228574
0.00182797
9.80041e-05
0.000300465
0.00465053
0.00455982
0.0666353
0.0251535
0.0314338
0.0089067
0.010678
0.00835865
0.00957749
0.00760832
0.00286059
0.00637357
0.00437497
0.00662668
0.0050995
0.00647353
0.00292736
0.00592782
0.00555234
0.00511725
0.00185534
0.000182001
0.00399835
0.000410673
0.00432455
0.00383358
0.00256459
0.00431376
0.00428263
0.030906
0.0097706
0.0117637
0.00911767
0.0108347
0.019253
0.00151753
0.00903621
0.00842614
0.00577491
0.0074829
0.00244787
0.00283086
0.00641781
0.00267979
0.00350762
0.00121132
0.0011107
0.00474883
5.32955e-05
0.000332366
0.0051961
0.00428228
0.000436258
0.00139351
0.000673663
0.00258276
0.00116816
0.0019587
0.00292432
0.0214749
0.000344535
0.0326709
0.00325157
0.00930284
0.00812317
0.0087424
0.00524335
0.00381522
0.000775528
0.00131283
0.00491163
0.0022219
0.000685991
0.000419391
0.0053375
0.00521281
0.00517646
0.000579388
0.00299672
0.000516152
0.00264469
0.00445888
0.00400058
0.0025816
0.00328026
0.00305255
0.0272396
0.0576072
0.00970046
0.0179705
0.0105265
0.00885563
0.00788474
0.00205146
0.0079453
0.00706543
0.000324056
0.0068919
0.00120655
0.00237503
0.00107463
0.00560582
0.00572021
0.000539028
0.000319936
0.00362167
0.00124026
0.000571483
0.00031042
0.00476074
0.00209466
0.00303674
0.00272324
0.00424567
0.00358881
0.200014
0.0426275
0.00933896
0.0100641
0.00998152
0.00614656
0.0040968
0.00408907
0.00234637
0.00225077
0.00695345
0.00169524
0.000325848
0.00639266
0.00365275
7.1812e-05
0.00556629
0.00121847
0.0048784
0.00509932
0.00311569
0.00435064
0.00472509
0.00226011
0.00304454
0.00277471
0.00426078
0.00367142
0.652373
0.0570421
0.0433179
0.0182898
0.0112903
0.00918113
0.00758983
0.00191307
0.000302653
0.0266821
0.0065295
0.0199057
0.0111004
0.0127996
0.0109708
0.00137324
0.00594216
0.00780982
0.00730546
0.000902476
0.00663948
0.00122785
0.00312416
0.00274826
0.00220619
0.00110371
0.00040609
0.00029006
0.00477319
0.000481171
0.0045343
0.00383246
0.00454321
0.00448851
0.00185395
0.00437203
0.00381781
0.00300509
0.0185137
0.0154853
0.00686719
0.0072907
0.0106312
0.00958876
0.00737347
0.00108809
0.00407808
0.00125593
0.0071267
0.00156143
0.00012162
0.00642116
0.00086151
0.00573356
0.00563035
0.00274169
0.000361404
0.00424731
0.000865839
0.00495339
0.00232589
0.00478899
0.00421987
0.00165631
0.00112817
0.00151618
0.0020378
0.00133062
0.00418921
0.00141377
0.00361586
0.001623
0.00400579
0.00169529
0.0018788
0.00174911
0.00178572
0.054089
0.0264858
0.0292482
0.00868021
0.0107161
0.00814487
0.00965004
0.00750539
0.00269545
0.00639997
0.00432433
0.00662863
0.00508709
0.00649582
0.002972
0.00595434
0.00557772
0.00514519
0.00182848
0.000140162
0.00401418
0.000368539
0.00434705
0.00384884
0.00255438
0.00434017
0.00430885
0.0103987
0.0777824
0.0145056
0.0115425
0.0141277
0.00918555
0.00895619
0.00888645
0.00727141
0.00147124
0.00289742
0.00228585
0.00667608
0.000600051
0.0062357
0.000833075
9.38032e-05
0.00537378
0.000278118
0.00447946
0.00113273
0.00056909
0.00487241
0.00357695
0.00470889
0.00185641
0.00427809
0.00168579
0.00431872
0.00427568
0.00145414
0.00237515
0.00149197
0.00413523
0.00397395
0.0021531
0.00391329
0.00387297
0.00379297
0.0035906
0.901498
0.0125075
0.0119795
0.0221458
0.0105268
0.0232759
0.0125056
0.00774031
0.00791191
0.00670311
0.00772518
0.00333323
0.00626804
0.00146158
0.00638105
0.000252099
0.000793394
0.00563953
0.00350762
7.36927e-05
0.020793
0.159069
0.00379255
0.010267
0.0107504
0.0101112
0.00428476
0.00910687
0.00273005
0.00463368
0.000963113
0.00180975
0.00109854
0.00657553
0.00170426
0.00590889
0.00582434
0.00522756
0.00462388
0.00171952
0.00150575
8.70062e-05
0.00070799
0.000761412
0.00480444
0.00205692
0.00342671
0.00420216
0.00267808
0.046158
0.0613463
0.0145776
0.0186895
0.0100429
0.00173915
0.00200828
0.00111191
0.00347348
0.000530367
0.00401509
0.00715754
0.00675445
0.00013432
0.00630683
0.00521552
0.00451032
0.00564549
0.000260641
0.00366666
0.000774453
0.000883557
0.00494118
0.00487434
0.00117704
0.00111197
0.00446306
0.0037258
0.00130395
0.0013813
0.00421133
0.00418198
0.00160504
0.00387
0.00291926
0.00337064
0.00291131
0.00329146
0.00384826
0.136779
0.036959
0.0209625
0.0210837
0.00955709
0.00716344
0.00505681
0.00474698
0.00323616
0.0024004
0.0011297
0.00164403
0.00307677
0.000598566
0.00271981
1.38353e-05
0.00481126
0.000674623
0.461668
0.00810546
0.0235856
0.0199484
0.00949455
0.00555538
0.00609401
0.00657162
0.00551646
0.00621316
0.00694831
0.00228874
0.00241048
0.00228875
0.0057666
0.00504923
0.00441429
0.00447292
0.0115327
0.017353
0.018736
0.0107293
0.00487691
0.00891457
0.00963761
0.00845989
0.00199527
0.00632003
0.00633545
0.00434707
0.00202975
0.00167325
0.00205841
0.00574689
0.00571799
0.00562756
0.00357599
0.000835774
0.00284286
0.000353234
0.000412897
0.00494715
0.000554903
0.00411276
0.00476365
0.000973629
0.00284628
0.00124202
0.0015719
0.00135062
0.00211813
0.00409074
0.00368244
0.00163885
0.00163251
0.00393046
0.00298026
0.0115327
0.0153197
0.0174309
0.0107286
0.00523511
0.0089137
0.00959244
0.00839619
0.0019356
0.00624339
0.00633322
0.00429497
0.00197816
0.00162848
0.00204576
0.00572741
0.0057099
0.00561885
0.00356233
0.000848155
0.0028386
0.000367504
0.000428299
0.0049392
0.00056721
0.00410437
0.00475694
0.000982486
0.00284538
0.00125033
0.0015786
0.00135692
0.00212168
0.00408553
0.00367831
0.00164435
0.00163767
0.00392613
0.00297942
0.229903
0.00826251
0.00541994
0.0178443
0.016832
0.00922011
0.00526204
0.00789398
0.00726619
0.00711592
0.00614084
0.00636139
0.00103601
0.00144231
0.000653898
0.000711559
0.0043808
0.000377276
0.00319102
0.00278451
0.0172453
0.0456238
0.00690867
0.0149525
0.0074536
0.00572436
0.00015256
0.0035948
0.00182788
0.00585294
0.430762
0.0597759
0.036377
0.00642004
0.00693964
0.00832351
0.00458939
0.00820623
0.00259582
0.0013734
0.00497399
0.0019729
0.00198523
0.000893183
0.003758
0.000394147
0.000382294
0.00236525
0.0937246
0.0124133
0.0141579
0.0111718
0.0067428
0.00840009
0.00944937
0.00167918
0.00189559
0.00214678
0.00265776
0.00353937
0.0018589
0.00116034
0.000159527
0.00555245
0.000171646
7.37619e-05
0.00309143
0.00201608
0.000502717
0.00451676
0.000781631
0.00451356
0.00443601
0.0012637
0.0014724
0.00147582
0.0961102
0.0453513
0.00492295
0.00844313
0.0159393
0.00908302
0.00577704
0.00244691
0.000679868
0.00553158
0.00438616
0.00226207
0.000335984
0.000183299
0.00451072
0.000867465
0.00369021
0.065535
0.010992
0.018692
0.00450512
0.0148755
0.015012
0.00680131
0.00678233
0.00377917
0.00101413
0.00157552
0.00733874
0.00612086
0.00578254
0.00613382
0.00169383
0.00111448
0.00478873
9.25149e-05
0.000671439
0.00358057
0.00178304
0.00468604
0.00457167
0.00308074
0.00377875
0.00435946
0.00136682
0.00384443
0.00414697
0.0015615
0.00157445
0.00160289
0.00173235
0.00291623
0.00193182
0.00190966
0.0339911
0.0243635
0.00695156
0.00933409
0.00395419
0.00855509
0.00162902
0.00420604
0.0052907
0.00313528
0.000158818
0.00146579
0.00636455
0.00127744
0.000508506
0.00526884
0.00437519
8.7321e-05
0.000653992
0.00552482
0.00180589
0.000277362
0.00336758
0.00212372
0.000940103
0.00112994
0.00145247
0.00274709
0.00142441
0.00219238
0.00315178
0.00180531
0.00408902
0.0015708
0.00183187
0.00372824
0.00164015
0.00350299
0.00352393
0.00310965
0.00181298
0.00190195
0.00375913
0.00375924
0.00204671
0.00338213
0.0879285
0.0531308
0.0123698
0.0178949
0.00997905
0.00756834
0.00960457
0.0104301
0.00546656
0.00652019
0.00144057
0.000950446
0.00219574
0.00252782
0.00111491
0.00559068
0.000357793
5.27412e-06
0.00302133
0.00559959
0.000329784
0.00221291
0.00037654
0.00210077
0.0048111
0.00478382
0.00236796
0.00330161
0.00450433
0.00368121
0.00126541
0.00290709
0.00280796
0.00141792
0.00407356
0.00241794
0.00395534
0.361735
0.0224293
0.0179243
0.0162479
0.0130617
0.0133053
0.0107554
0.0067307
0.00926504
0.000647433
0.00326217
0.00792008
0.000448846
0.00406608
0.000564592
0.000532259
0.000304379
0.00585198
0.00547869
0.00548773
0.00288801
0.00484224
0.00026162
0.000714043
0.00487898
0.00214084
0.00136656
0.00455594
0.00240907
0.00124725
0.00420932
0.00386803
0.00424763
0.00417986
0.00370466
0.00333398
0.00376596
0.00153682
0.00411425
0.00162036
0.00298501
0.00315401
0.00387698
0.0018315
0.0020601
0.00378248
0.00196102
0.00354364
0.0348336
0.0226392
0.0074551
0.0143076
0.00845172
0.00818323
0.00629526
0.00814361
0.00889519
0.00259843
0.00202932
0.000540286
0.00712053
0.00644838
1.01926e-05
0.00519945
0.00428011
0.00578445
0.00171592
0.00568711
0.000143478
0.00527122
0.00246116
0.00045211
0.00516557
0.00114338
0.00470501
0.00460261
0.00295936
0.0044765
0.00347995
0.001471
0.00360277
0.00429109
0.00150857
0.00157594
0.00163105
0.00178087
0.00404864
0.0040285
0.00353722
0.00357188
0.00396446
0.00384868
0.00184237
0.00193002
0.00372256
0.00277214
0.00200067
0.0020091
