0.0142843
0.0176032
0.0157046
0.0166127
0.0177383
0.017031
0.0168236
0.0171469
0.017464
0.0180674
0.0350234
0.0187928
0.0303947
0.0184448
0.0203658
0.0181315
0.0190467
0.0185086
0.0189384
0.0181254
0.0181619
0.0185046
0.0185285
0.018257
0.0184983
0.0182474
0.018313
0.0182596
0.0183973
0.0183747
0.0183713
0.0182896
0.0182929
0.0183053
0.0182614
0.018312
0.0182186
0.0181934
0.0182692
0.0631357
0.0420625
0.0628711
0.0443948
0.0262133
0.0222482
0.0189608
0.0198172
0.019663
0.0186861
0.0201626
0.0190208
0.0184053
0.0185776
0.0184188
0.0181488
0.0184176
0.0186473
0.0188791
0.0186349
0.0188328
0.0188433
0.0188256
0.0187747
0.0183426
0.0183953
0.0186525
0.0186381
0.0184121
0.0182685
0.0184473
0.0184365
0.0182666
0.0183269
0.0183054
0.0184166
0.0183267
0.018436
0.0183862
0.0183943
0.0183392
0.0182902
0.0182454
0.0182816
0.0183825
0.0183441
0.0181829
0.0183386
0.0183616
0.00432881
0.00403051
0.0199218
0.0180989
0.018429
0.0183323
0.0188059
0.0186699
0.0187985
0.0186832
0.0182139
0.0185336
0.0184877
0.0183211
0.018416
0.0183743
0.0183704
0.0182257
0.0183583
0.0183087
0.0183255
0.0182075
0.018276
0.0182969
0.0182477
0.018263
0.0182548
0.0182028
0.0181679
0.00511369
0.0288473
0.0212
0.0214036
0.0188983
0.0180979
0.0182571
0.0186153
0.0181997
0.0181318
0.0183479
0.0184107
0.0182027
0.0185246
0.0183983
0.0183815
0.0182694
0.0181503
0.018378
0.0182367
0.0181449
0.0182886
0.018149
0.0182424
0.0182397
0.0183029
0.0181627
0.0182839
0.0182652
0.0157136
0.0172658
0.0175668
0.0180965
0.0183937
0.0179557
0.0179555
0.0183202
0.0183258
0.0183213
0.018315
0.0182651
0.0182936
0.0181896
0.018285
0.0182837
0.0181272
0.0182555
0.0182603
0.0181975
0.0282801
0.0179166
0.0183891
0.0179607
0.01799
0.018004
0.018047
0.0180496
0.0185176
0.0182955
0.0182726
0.0183732
0.0183734
0.0183819
0.0183654
0.0183483
0.018309
0.0183209
0.0181334
0.0182477
0.0181298
0.0181416
0.0181384
0.0182478
0.0182756
0.0182746
0.0181931
0.0182612
0.0182208
0.0181713
0.0183804
0.0190944
0.0189757
0.0190903
0.0188274
0.0180179
0.018075
0.0181409
0.0180594
0.0180748
0.0181568
0.0181624
0.018085
0.0183849
0.0183679
0.0181145
0.0181146
0.0182571
0.018293
0.0181276
0.0182871
0.0181362
0.0182985
0.0181695
0.018149
0.0182779
0.0182548
0.0182222
0.0182638
0.0181891
0.0048358
0.00743601
0.0201074
0.0187535
0.019647
0.0185502
0.0180731
0.0185539
0.0185487
0.0185869
0.018298
0.0185044
0.0184887
0.0183719
0.0184051
0.0183545
0.0182524
0.0183218
0.0182751
0.0181465
0.0183103
0.018231
0.0182682
0.0182265
0.0181628
0.0182927
0.0181958
0.0182698
0.0351595
0.01587
0.019181
0.0180021
0.0195474
0.0189754
0.0180574
0.0180627
0.0181776
0.0184084
0.0184697
0.0182888
0.0182024
0.0181047
0.0183364
0.0183334
0.0183092
0.0183063
0.0182041
0.0181504
0.018321
0.0182835
0.0182493
0.0182776
0.0182854
0.0182105
0.0181814
0.0181732
0.0182664
0.0182641
0.0233262
0.0380529
0.0199228
0.0180972
0.018429
0.0183268
0.0188059
0.01867
0.0187971
0.0186827
0.018214
0.0185329
0.0184874
0.018321
0.0184157
0.018374
0.0183701
0.018226
0.0183581
0.0183087
0.0183253
0.0182078
0.0182758
0.0182967
0.0182478
0.0182629
0.0182548
0.018203
0.018168
0.0125162
0.00857343
0.0165208
0.0162454
0.0173032
0.017458
0.0174752
0.0177718
0.0179642
0.0176671
0.0208977
0.0185231
0.0304308
0.0184076
0.0203705
0.0181297
0.0190372
0.0184971
0.018929
0.018126
0.018162
0.0184992
0.0185233
0.0182561
0.0184956
0.0182469
0.0183119
0.0182592
0.0183957
0.0183738
0.0183702
0.0182891
0.0182925
0.0183047
0.0182611
0.0183113
0.0182187
0.0181936
0.0182688
0.0352067
0.0398129
0.0365172
0.0187905
0.022402
0.0213558
0.0203015
0.0185656
0.0191013
0.018704
0.0191745
0.0184761
0.0188427
0.0186206
0.0183479
0.0187439
0.0184556
0.0183048
0.0185232
0.0185211
0.0183322
0.0185472
0.0183335
0.0183161
0.0182525
0.0184599
0.0183451
0.0182176
0.0184116
0.0182372
0.0182281
0.0182907
0.0182157
0.0182246
0.0181771
0.0182764
0.0182971
0.0180036
0.0178505
0.0181513
0.0179559
0.0179927
0.0179829
0.0180468
0.0180479
0.0185079
0.0182687
0.0182533
0.0183717
0.0183611
0.0183723
0.0183603
0.0183439
0.0183092
0.0183196
0.01813
0.0182418
0.0181275
0.0181389
0.0181365
0.0182441
0.0182738
0.0182746
0.0181897
0.0182605
0.0182182
0.0181691
0.0242732
0.0234864
0.0234485
0.0191759
0.0224115
0.0197533
0.0190654
0.0209561
0.0189765
0.0197886
0.0182627
0.0190914
0.019188
0.0189281
0.018759
0.018616
0.018471
0.018245
0.0185281
0.0184202
0.0186193
0.0184264
0.01835
0.0185112
0.0183704
0.0184824
0.0183082
0.0183394
0.0183378
0.0183216
0.018268
0.0183802
0.0183583
0.0183777
0.018323
0.0181896
0.0183091
0.0183091
0.0174523
0.0452333
0.0182575
0.0167279
0.0175908
0.0175045
0.016923
0.0175271
0.0178402
0.0172742
0.0183274
0.0176878
0.0177531
0.0178165
0.0179627
0.0181232
0.0180648
0.0180968
0.00508866
0.0245892
0.0241877
0.0200547
0.0188008
0.0184763
0.0180651
0.0186546
0.0185128
0.0185671
0.0181109
0.0180966
0.018416
0.0182279
0.0183089
0.0183342
0.0183611
0.0183446
0.0182863
0.0183245
0.0183297
0.0182878
0.018308
0.0182932
0.0182436
0.0181783
0.0181549
0.0182609
0.018254
0.0182598
0.0309406
0.0187908
0.0376425
0.0184018
0.0185434
0.0185023
0.0181828
0.0199237
0.0186813
0.0183934
0.0194674
0.0186463
0.0183771
0.0184977
0.0187135
0.0188936
0.018334
0.0184895
0.018179
0.0184223
0.0186174
0.0183066
0.0185477
0.0184289
0.0182382
0.0183779
0.0184497
0.0182792
0.0182455
0.0182961
0.0182831
0.0183601
0.018334
0.0183284
0.0183701
0.0182829
0.0183443
0.0181865
0.0182676
0.0105539
0.0172995
0.0169671
0.0171245
0.017353
0.0176587
0.0182452
0.0180591
0.0180594
0.0179636
0.018145
0.0180603
0.0180376
0.0180271
0.0180896
0.0180816
0.0181954
0.0181334
0.156271
0.0386582
0.0177708
0.0160875
0.0177583
0.0177241
0.0175927
0.0178539
0.0179052
0.0181902
0.0178744
0.018042
0.0182592
0.0179954
0.0180386
0.0180604
0.0181114
0.0259344
0.034362
0.0192241
0.018716
0.0215507
0.0208919
0.0182507
0.021175
0.0195308
0.0181712
0.0181275
0.0182929
0.0188097
0.0181208
0.018526
0.0183372
0.0185579
0.018409
0.0183649
0.0181719
0.0182492
0.0183894
0.0182912
0.0182955
0.0183989
0.0184369
0.0183177
0.0183901
0.0183796
0.0183317
0.0182619
0.0183697
0.0182772
0.0182918
0.0183221
0.0183332
0.0182416
0.0183074
0.0241866
0.0343619
0.019089
0.018716
0.0212852
0.0206994
0.0182438
0.0210982
0.0195255
0.0181699
0.0181278
0.0182891
0.0187952
0.0181213
0.0185259
0.0183343
0.0185573
0.0184087
0.0183647
0.0181719
0.0182485
0.0183889
0.018291
0.0182952
0.0183981
0.0184355
0.0183174
0.0183893
0.0183785
0.0183313
0.0182615
0.0183688
0.018277
0.0182915
0.0183215
0.0183326
0.0182414
0.0183069
0.00404224
0.0167515
0.0184227
0.0167961
0.0183293
0.0177223
0.0181743
0.0179514
0.0178785
0.0179537
0.0180745
0.0180266
0.0181842
0.0180625
0.0181233
0.0181088
0.018107
0.0182333
0.018253
0.205598
0.016301
0.0160369
0.0171762
0.0165409
0.0166861
0.0179205
0.000290079
0.0173336
0.0152477
0.0163854
0.0177894
0.0175539
0.0178788
0.0175566
0.0177027
0.0179086
0.0182785
0.0180771
0.0182642
0.0179591
0.0180282
0.0180102
0.0237079
0.0193252
0.0250674
0.0214448
0.0195936
0.018361
0.0181928
0.0182984
0.0183603
0.0184886
0.0181753
0.0185862
0.0183451
0.0182819
0.0183682
0.0181265
0.0184366
0.0183947
0.0183508
0.0183106
0.0183341
0.01835
0.0182653
0.0181683
0.0182705
0.018279
0.0182556
0.018203
0.018238
0.0182617
0.0174099
0.0141757
0.0184408
0.0179022
0.0183495
0.0181692
0.0179148
0.0181694
0.0181354
0.0181816
0.01809
0.0180936
0.0180984
0.0181687
0.0181381
0.0181645
0.0181589
0.0181564
0.065626
0.0201819
0.0189559
0.0227068
0.0197014
0.019226
0.0199327
0.0184388
0.0184725
0.0189718
0.0183637
0.0184232
0.0191402
0.018961
0.0187923
0.0185172
0.0186032
0.0185798
0.0186787
0.0181571
0.018521
0.0182064
0.0181625
0.0185005
0.0184573
0.0182793
0.0184148
0.0182845
0.0182336
0.0183362
0.018174
0.0182716
0.0183885
0.0183225
0.0183287
0.0182561
0.0182509
0.0182499
0.0388202
0.0212188
0.065049
0.0223014
0.018657
0.0266753
0.0189399
0.0184452
0.0190334
0.0185504
0.0183957
0.0182381
0.0194354
0.0185176
0.0183634
0.0192865
0.0188882
0.0189422
0.0184259
0.0185567
0.0183864
0.0182756
0.018468
0.0181882
0.0183108
0.0186147
0.0186153
0.0185644
0.0184221
0.0181981
0.018345
0.0184346
0.0185428
0.0183643
0.0183627
0.0183859
0.0182983
0.0181733
0.0183722
0.0184149
0.0184034
0.0183753
0.0183276
0.0182479
0.0182774
0.0182592
0.0182667
0.0195703
0.0658626
0.022871
0.0277571
0.021515
0.0223249
0.0207087
0.0208817
0.0184272
0.0189559
0.0184049
0.0183607
0.0181504
0.0186949
0.0182223
0.0182298
0.018229
0.0185633
0.0182887
0.0183579
0.0184774
0.0181883
0.0182048
0.0182699
0.0182975
0.0183716
0.0183775
0.0183565
0.0183346
0.0183567
0.0181711
0.0182795
0.0183212
0.018304
0.0182825
0.0182724
0.0182976
0.0267049
0.0196235
0.028144
0.0357215
0.0290952
0.0211658
0.0186381
0.0202537
0.0205972
0.0208617
0.0188697
0.0196334
0.0184638
0.0194757
0.0184608
0.018937
0.018843
0.0184452
0.0186662
0.0188779
0.0187471
0.0187704
0.0187393
0.0184102
0.0184065
0.0184944
0.0183449
0.0184652
0.0185667
0.0182596
0.0185659
0.018191
0.0185086
0.0181987
0.0183877
0.0184526
0.018429
0.0181805
0.018347
0.0183853
0.0183311
0.0183101
0.0181846
0.0183562
0.0183455
0.018239
0.0181867
0.116982
0.0846754
0.0232232
0.0274924
0.0235438
0.0251483
0.0196473
0.0187099
0.0188901
0.018796
0.019707
0.0201286
0.0197144
0.019316
0.0185632
0.0181431
0.018814
0.0191092
0.0187047
0.0182929
0.0182716
0.0187191
0.0185117
0.0187808
0.0183232
0.0181685
0.0186212
0.0182314
0.0181717
0.0182737
0.0183575
0.0182548
0.0183932
0.0183514
0.018513
0.018473
0.0184568
0.0182525
0.0182122
0.0182949
0.0184094
0.0183859
0.0183009
0.0182344
0.0183668
0.0182808
0.0183183
0.0183296
0.0182892
