1.49162
0.0456413
0.0211865
0.0218097
0.00975071
0.0109394
0.0140256
0.0184745
0.019306
0.0157802
0.0165742
0.0174063
0.102771
0.00706282
0.0104693
0.00181896
0.00876739
0.0194465
0.0173805
0.0173191
0.0197454
0.0189269
0.0192565
0.018799
0.0201766
0.0199585
0.0196911
0.0202784
0.0194619
0.0195703
0.0195584
0.0194405
0.0198651
0.019854
0.0199272
0.0202014
0.0202998
0.0201288
0.0200164
0.020215
0.0198873
0.0202361
0.0200643
0.0201973
0.0200318
0.0202365
0.0200689
0.0200411
0.0200545
0.0201329
0.0202319
0.020147
0.0201294
0.028622
0.020687
0.0277817
0.0214821
0.0236606
0.023777
0.0252664
0.0218726
0.0208468
0.0209289
0.0204175
0.0202503
0.0203398
0.0203682
0.0204632
0.020296
0.0207268
0.0204244
0.0203594
0.0205903
0.0205888
0.0206412
0.0204849
0.0203541
0.0204886
0.0204947
0.0204338
0.0202619
0.0202611
0.0202615
0.0202743
0.020464
0.0202754
0.0203375
0.0202752
0.0203289
0.0203849
0.0203258
0.0203511
0.0204022
0.0203576
0.0203743
0.0203076
0.020356
0.0203752
0.0203175
0.0203702
0.020332
0.0203372
0.0203577
0.0203203
0.0203514
0.0202806
0.0202778
0.0203149
0.0203024
0.020322
0.0203339
0.0203197
0.104243
0.00664036
0.00211165
0.0191741
0.0200184
0.0193011
0.019486
0.0190605
0.0184945
0.0185606
0.0196824
0.0195922
0.0200538
0.0192969
0.0194141
0.0201047
0.0196193
0.0194888
0.0195871
0.019678
0.0199272
0.0197459
0.0200481
0.020199
0.0198131
0.0200266
0.0198579
0.0200086
0.0200053
0.0199841
0.0200256
0.0202729
2.97832
0.000470272
0.0177739
0.0183047
0.00373119
0.0183494
0.0191233
0.0189707
0.019378
0.0200682
0.0197104
0.0187379
0.0189738
0.0189752
0.0193392
0.0196542
0.0202822
0.019627
0.0203257
0.0199663
0.0201684
0.0198933
0.0199148
0.0202698
0.01992
0.0202883
0.019971
0.0201485
0.0201305
0.0201934
0.0202902
0.0200446
0.00495174
0.0551116
0.0146643
0.00393335
0.014495
0.0147891
0.0193756
0.0120804
0.0161919
0.0193368
0.0174402
0.0200505
0.0183104
0.0199892
0.0190338
0.0186733
0.0201941
0.0200937
0.0194971
0.0192905
0.0200056
0.0200428
0.0196334
0.0201299
0.187661
0.0200162
0.0357213
0.00562087
0.0158196
0.0173325
0.0188177
0.0153184
0.0156022
0.0175262
0.0201377
0.0189088
0.0181541
0.0188457
0.0192305
0.019821
0.0189489
0.0190073
0.0199844
0.0196103
0.0192475
0.0194409
0.0198742
0.0199464
0.0196174
0.0197306
0.0199085
0.0199915
0.0200894
0.0199162
0.233318
0.00690873
0.000417366
0.0138638
0.0185309
0.0195701
0.0183542
0.0161909
0.0155641
0.0163399
0.019036
0.0201486
0.0197474
0.0193981
0.0189096
0.0192704
0.0184858
0.0192282
0.0192692
0.0192594
0.0192374
0.0192276
0.0200784
0.0197018
0.0202173
0.020196
0.0199904
0.019764
0.0200764
0.0200042
0.020106
0.0203076
0.0198933
0.111552
0.0082669
0.0183184
0.000500495
0.000892518
0.0159393
0.0146739
0.0190526
0.0186346
0.018587
0.0188131
0.0190897
0.0201958
0.0200401
0.0198018
0.0197183
0.0195373
0.0194751
0.0194993
0.0201949
0.0202458
0.0199298
0.0197535
0.01972
0.0202776
0.020034
0.0199772
0.0201598
0.0200909
0.0200247
0.0199628
0.0200685
0.020123
0.0101725
0.00616066
0.00917289
0.0147107
0.0203024
0.0189691
0.0147427
0.0165105
0.0173986
0.0190475
0.0199992
0.0199329
0.020234
0.0184777
0.0201893
0.0191597
0.0197481
0.0192438
0.0202872
0.0201823
0.0192655
0.0196374
0.0194785
0.0196593
0.0198501
0.0197737
0.0196692
0.0197052
0.0198174
0.0202512
0.0202464
0.0199956
0.0202167
0.224012
0.00664043
0.00301325
0.01924
0.0200189
0.0193264
0.0194874
0.0190624
0.018502
0.0185726
0.0196893
0.0195939
0.0200542
0.0193015
0.0194212
0.0201051
0.0196248
0.0194948
0.0195926
0.019681
0.0199288
0.0197489
0.0200498
0.0201996
0.0198159
0.0200283
0.0198604
0.0200101
0.0200069
0.0199861
0.0200271
0.020273
0.215812
0.00535638
0.00762591
0.0195012
0.019952
0.0140942
0.0177578
0.0188263
0.0168662
0.0189337
0.0195667
0.0196684
0.114079
0.00712332
0.0122148
0.00398034
0.0100861
0.0194497
0.0175571
0.0173461
0.0197761
0.0189293
0.0193027
0.0188449
0.0201767
0.0199683
0.0196943
0.0202796
0.0194818
0.0195768
0.0195658
0.0194546
0.0198752
0.0198576
0.01993
0.0202032
0.0203
0.0201297
0.0200209
0.0202154
0.019893
0.020237
0.0200676
0.020198
0.0200347
0.0202369
0.0200719
0.020044
0.0200572
0.0201345
0.0202327
0.0201489
0.0201315
0.0195029
0.0192357
0.0189054
0.0169064
0.0195956
0.0174667
0.0177309
0.0189724
0.0202102
0.0203448
0.0201621
0.0196821
0.0201648
0.0199813
0.0203176
0.0200157
0.0203438
0.0200011
0.0203322
0.0203447
0.0201662
0.0202343
0.0200565
0.0203278
0.0201425
0.0201043
0.0203133
0.0201402
0.0201278
0.0201394
0.0202424
0.0202813
0.0201902
0.0201872
0.0201984
0.0202199
0.0201829
0.0202003
0.0201992
0.0202164
0.020227
0.0202112
0.0202764
0.0202327
0.0202279
0.0202278
0.0202233
0.0202287
0.0202507
0.0202482
0.020231
0.0202532
0.0202708
0.020298
0.0202711
0.0202673
0.212982
0.0213318
0.0377296
0.00512592
0.0159851
0.0172337
0.0187719
0.0154057
0.0155271
0.0175237
0.0201385
0.0188722
0.0181199
0.0188365
0.0192037
0.01981
0.0189194
0.0189795
0.0199779
0.0195942
0.0192255
0.0194207
0.0198667
0.0199385
0.0196004
0.0197167
0.0198982
0.0199831
0.0200839
0.0199051
0.0197602
0.0166982
0.010738
0.0196747
0.0193914
0.0200364
0.0192932
0.0184852
0.0201635
0.0202091
0.0198335
0.0203034
0.0202891
0.0199846
0.0202902
0.0199661
0.0201896
0.0201763
0.0203207
0.0201121
0.0202451
0.0202232
0.0202756
0.020243
0.0202437
0.0201903
0.0202429
0.0202204
0.0202267
0.0202387
0.0202941
0.0201891
0.0202245
0.0203232
0.020199
0.0203226
0.0202087
0.0203229
0.0202219
0.0202866
0.0202453
0.0202566
0.0202648
0.020272
0.0202323
0.0202721
0.0202512
0.0203032
0.0202723
0.0202562
0.0202612
0.0202992
0.020299
0.0202675
0.0202645
0.00288903
0.0934323
0.0458988
0.0171515
0.0168952
0.00496064
0.0190782
0.0191516
0.016002
0.0202115
0.0168231
0.0174724
0.018235
0.0194008
0.0199575
0.0201226
0.0200072
0.0186023
0.0193404
0.0194587
0.234509
0.00501902
0.0380617
0.0114906
0.0068869
0.0157638
0.0145762
0.0176467
0.018644
0.0194556
0.0198965
0.0201786
0.0196919
0.0196673
0.0184473
0.0192445
0.0197131
0.0195414
0.0194539
0.0193769
0.0195778
0.0199021
0.0196064
0.0202383
0.0197008
0.0200673
0.0202687
0.0201051
0.0199132
0.0201649
0.0198701
0.0199626
0.0200016
0.0200765
0.0199696
0.587671
0.0178731
0.0191256
0.0193689
0.0179542
0.0201356
0.0200471
0.0197906
0.0199734
0.0197146
0.0202732
0.020216
0.0198434
0.019765
0.0200054
0.0198803
0.0200198
0.0201447
0.0201422
0.0200752
0.0202871
0.0203156
0.0202709
0.0202645
0.020238
0.0201259
0.0201653
0.0201634
0.0203232
0.0202274
0.0202451
0.0202579
0.0202132
0.0202069
0.0203128
0.0202049
0.0202127
0.0202103
0.0202152
0.0202267
0.0202926
0.0202367
0.0202322
0.0202885
0.0202354
0.020254
0.0202662
0.219952
0.0144253
0.057263
0.00665319
0.00591417
0.00634207
0.0166452
0.018403
0.0199276
0.0195978
0.0177171
0.0200459
0.0196193
0.0183824
0.0185276
0.0182352
0.020047
0.0194444
0.0202138
0.0195922
0.0194483
0.0200713
0.01966
0.0195187
0.0200752
0.0195323
0.0868035
0.0583357
0.00853653
0.0178051
0.00460549
0.0183188
0.0145592
0.0186147
0.0152271
0.0174264
0.020061
0.0200909
0.0186105
0.0189389
0.0193507
0.0188898
0.0191961
0.0195486
0.0192264
0.0201083
0.0137246
0.0122694
0.0170048
0.0139885
0.0164973
0.0195905
0.0183881
0.0194787
0.0197181
0.0203365
0.0197314
0.0199497
0.02013
0.0195307
0.0203238
0.0201649
0.0198777
0.0200997
0.019981
0.0200524
0.020259
0.0201324
0.0200729
0.0199317
0.0203263
0.0203189
0.020146
0.0200513
0.020094
0.0201407
0.0202137
0.0201132
0.0201646
0.0202682
0.0201455
0.0202566
0.0202439
0.0201294
0.0201363
0.0202175
0.0201803
0.0202015
0.0202463
0.0202892
0.0202291
0.0202571
0.020226
0.0108682
0.0175846
0.020213
0.0173617
0.0196251
0.0198003
0.0196205
0.0187436
0.0182488
0.0191475
0.020035
0.0199286
0.0200867
0.0199534
0.0202596
0.0199403
0.0200362
0.0198419
0.0201427
0.0199659
0.0200094
0.0202035
0.020314
0.0201763
0.0202068
0.020217
0.0201356
0.0202168
0.020243
0.0200945
0.0202927
0.0202561
0.0201869
0.0201336
0.0203196
0.0201938
0.0201554
0.0202344
0.0202057
0.0202406
0.0203105
0.0202971
0.0202343
0.00173745
0.0204675
0.00775355
0.0133948
0.016226
0.0200425
0.0191624
0.0200721
0.01789
0.0180385
0.0199426
0.0186521
0.0201625
0.0192155
0.0197333
0.0192841
0.0198325
0.0202381
0.0199179
0.0195223
0.0197412
0.0195139
0.0197102
0.0197824
0.0548352
0.00158195
0.00874988
0.0165586
0.0186924
0.0164007
0.0121174
0.0149343
0.0199118
0.0168847
0.0170705
0.0198925
0.125723
0.0196021
0.0275343
0.0179558
0.00422563
0.0159603
0.0100227
0.0192743
0.0162934
0.0173545
0.0167058
0.0187412
0.0171392
0.0201
0.0193101
0.0194911
0.0184903
0.0188036
0.0188428
0.0198746
0.0192538
0.0139992
0.00257661
0.0145764
0.0147198
0.0191691
0.0114432
0.0193721
0.0188397
0.0192555
0.0180922
0.0175206
0.0175124
0.0202649
0.0194083
0.0189794
0.019168
0.019722
0.0201278
0.0193847
0.019231
0.0202631
0.0203096
0.0199848
0.0201696
0.0202305
0.019792
0.0201204
0.0198439
0.0197512
0.0201419
0.0201958
0.0198833
0.0201705
0.0200703
0.0199767
0.0199799
0.020104
0.0200476
0.0202698
0.0202237
0.0728747
0.018682
0.0157824
0.013895
0.00964253
0.0133646
0.0168402
0.0160404
0.0202922
0.0178567
0.0184699
0.0189361
0.0189491
0.0203041
0.0186106
0.0201272
0.0196526
0.0195461
0.0199811
0.0193582
0.0200032
0.0196032
0.0194505
0.0195321
0.0201164
0.0195962
0.019832
0.0183996
0.0145212
0.0152378
0.0183259
0.0179184
0.0198713
0.0199632
0.0190731
0.0200369
0.0203071
0.0197474
0.0198791
0.0201727
0.0202857
0.0201139
0.0200638
0.020046
0.020086
0.0203336
0.0200903
0.0200802
0.0201279
0.0200989
0.0202138
0.0202179
0.0202464
0.0203289
0.0201715
0.0201935
0.0201782
0.0201925
0.0201849
0.020191
0.0202338
0.0202072
0.0202956
0.0202743
0.020264
0.0202486
0.0202575
0.0202647
0.0202404
0.0202885
0.0202814
0.0202311
0.020241
0.0202472
0.0180083
0.0220596
0.0239455
0.0212891
0.0206245
0.021666
0.0205386
0.0204868
0.0203753
0.0208308
0.0210928
0.0204542
0.0203898
0.0206637
0.0202871
0.0203352
0.0204072
0.0203483
0.0204138
0.020438
0.0203351
0.0205039
0.0203233
0.0204791
0.0204604
0.0202545
0.0203509
0.0204061
0.020401
0.0203799
0.0203671
0.0203676
0.0203625
0.0202643
0.0203593
0.0203497
0.0203108
0.020363
0.0203131
0.0203302
0.0203451
0.0202732
0.0202697
0.0203471
0.0203284
0.0203315
0.0203454
0.020328
0.0203219
0.0203339
0.0203327
0.0203309
0.0203195
0.0202871
0.0202826
0.0203275
0.0202812
0.0203109
0.0203279
0.0203261
0.0203203
0.0025686
0.0150038
0.0193314
0.0117109
0.0198044
0.0201647
0.0179939
0.017117
0.0182202
0.018369
0.0186335
0.0203071
0.0201829
0.0199149
0.019963
0.0200742
0.0195852
0.0198028
0.0196268
0.0197305
0.0198853
0.0198759
0.0199933
0.0203099
0.020215
0.0202364
0.0199962
0.0199589
0.0200651
0.0200143
0.0200302
0.0202423
0.0201359
0.0201
0.0201347
0.0203105
0.0201729
0.0201204
0.0201481
0.0201401
0.021069
0.0210787
0.022596
0.0205054
0.0205954
0.0211989
0.0204434
0.0206442
0.0202943
0.0203869
0.0202336
0.0203116
0.0204561
0.0205363
0.0205325
0.0205367
0.0204245
0.0204393
0.0204191
0.0203283
0.0204397
0.0203935
0.0202662
0.0203048
0.0202774
0.0203656
0.0203349
0.0202585
0.0203827
0.0202611
0.0202878
0.0203123
0.0203736
0.0203703
0.0203349
0.0202661
0.0203566
0.0203326
0.0203534
0.0203402
0.0202917
0.0202782
0.0203417
0.0202738
0.0203214
0.0203383
0.020271
0.020271
0.0203283
0.0203252
0.020327
0.0202739
0.0203237
0.0202777
0.0202759
0.020326
0.020282
0.020291
0.0203236
0.0203055
0.0203224
0.0516208
0.0244506
0.0234738
0.0210016
0.0215872
0.0214188
0.0206015
0.0214394
0.0207961
0.0206515
0.0208172
0.020979
0.0205477
0.0203726
0.0202555
0.020492
0.0206117
0.020657
0.0203714
0.0205721
0.0205073
0.0204305
0.0202818
0.0205392
0.0203581
0.0204827
0.0202876
0.0204543
0.0203361
0.0203375
0.020319
0.0203317
0.0203624
0.0202692
0.0202835
0.0202739
0.0202864
0.0203828
0.0203265
0.0202693
0.0203422
0.0203691
0.0202815
0.0203509
0.0203589
0.0203273
0.0203269
0.0202753
0.0203248
0.0202892
0.0203409
0.0202814
0.0203075
0.0203212
0.0202863
0.0203311
0.0203299
0.0203252
0.0203208
0.0203246
