0.497192
0.023985
0.0152324
0.0365707
0.00615607
0.00675406
0.0164835
0.0130849
0.0150295
0.0202764
0.0209055
0.0607415
0.0475011
0.00853666
0.000746296
0.000254803
0.0144847
0.00812241
0.0158665
0.0141986
0.0146112
0.0190255
0.0206963
0.0192442
0.0206671
0.0199783
0.0214154
0.0211989
0.0207258
0.0207449
0.0214242
0.0216418
0.022366
0.0214754
0.0215881
0.0216271
0.0219593
0.0220822
0.0218519
0.0218563
0.0222114
0.0224392
0.0221597
0.0225019
0.022213
0.0221447
0.0221162
0.0221199
0.0222463
0.0222974
0.0134707
0.0210752
0.0205408
0.0180962
0.0188556
0.0186878
0.0212659
0.021189
0.0215693
0.0224019
0.0223229
0.0224022
0.0220727
0.0222001
0.0219695
0.0225045
0.0221434
0.0224596
0.0223235
0.0221424
0.0224912
0.0223769
0.0222119
0.0223176
0.0223092
0.0223023
0.0224632
0.022315
0.0223355
0.0223617
0.0224437
0.0225099
0.0224779
0.0225099
0.022382
0.0224244
0.0225153
0.0224369
0.0224692
0.0224378
0.0225173
0.0224717
0.0224941
0.0224499
0.0225035
0.0224773
0.0224654
0.0224759
0.0225176
0.0224495
0.0224455
0.0224757
0.0225136
0.0224826
0.0224878
0.0224792
0.022505
0.0224693
0.0224707
0.0224838
0.0225007
0.0649265
0.075633
0.033588
0.000455884
0.020599
0.0208617
0.0195337
0.0166191
0.0212175
0.0204391
0.020016
0.0219202
0.0217109
0.0200656
0.0211078
0.0215981
0.0210104
0.0217897
0.0213036
0.0218909
0.0221926
0.0212174
0.0215892
0.0219028
0.021777
0.0217228
0.0219449
0.0221718
0.0224948
0.0223666
0.0221715
0.0224971
0.0473068
0.0240828
0.0109252
0.0121883
0.00227763
0.00753225
0.0152944
0.0211986
0.0199698
0.0222411
0.019288
0.0191966
0.0223291
0.0213616
0.0212357
0.0205178
0.0213991
0.0213861
0.0213245
0.0210253
0.0214187
0.021804
0.0221629
0.0221192
0.0220403
0.0216339
0.0221666
0.0218759
0.0221112
0.022444
0.0219343
0.0221048
0.0223869
0.0224388
0.0222399
0.0833471
0.0165316
0.0059804
0.00381237
0.0105743
0.0215362
0.0219691
0.0188892
0.0190567
0.0156703
0.0196897
0.0190334
0.0212979
0.0203712
0.0222018
0.0205487
0.0217267
0.0207845
0.0207149
0.022375
0.0209916
0.0223959
0.0218214
0.0219783
0.0216143
0.0218105
0.151206
0.00980446
0.00313189
0.0155045
0.0110147
0.000282145
0.0220593
0.0220778
0.0197514
0.0156836
0.0173199
0.0183829
0.0224236
0.0201615
0.0199758
0.0210922
0.0222131
0.0214028
0.0214087
0.022397
0.0220237
0.0222023
0.0215189
0.0224689
0.0219998
0.0216503
0.0213658
0.0224741
0.0217681
0.022092
0.0224823
0.0223714
0.0222304
0.0220421
0.0801204
0.123548
0.0172109
0.00148
0.00368786
0.0218949
0.0211591
0.0152613
0.0213245
0.0214281
0.0152205
0.0194176
0.0221995
0.0219641
0.0184705
0.0192297
0.0212278
0.0214434
0.0216762
0.0207797
0.0224072
0.0221847
0.0214204
0.0212631
0.022219
0.0222828
0.0215554
0.0217841
0.0216422
0.022117
0.0220917
0.0221997
0.0222001
0.0040649
0.014393
0.00223771
0.00686669
0.0214118
0.0183095
0.0173767
0.0167648
0.0125543
0.0217315
0.0209725
0.0205894
0.0214478
0.0194449
0.0207225
0.0222243
0.0223031
0.0224225
0.0208369
0.0222263
0.0218445
0.0223187
0.0223639
0.0219074
0.0218081
0.0223449
0.0222856
0.0218228
0.0222874
0.0223557
0.0222015
0.0050285
0.00480697
0.0199955
0.0384579
0.010924
0.0175931
0.017526
0.0223445
0.0195221
0.0155962
0.0217076
0.0202009
0.0204229
0.0205795
0.0200393
0.0203536
0.0219366
0.0211264
0.0215746
0.0223602
0.0218919
0.0224745
0.0213979
0.0215376
0.0224794
0.0216702
0.0217649
0.022344
0.0217652
0.0218267
0.073832
0.0744285
0.0332203
0.000684888
0.0206038
0.0208652
0.0196061
0.0167491
0.0212411
0.0204412
0.0200505
0.0219204
0.0217204
0.0200769
0.0211211
0.0216058
0.0210175
0.0217952
0.0213087
0.0218929
0.0221947
0.0212256
0.0215952
0.0219054
0.0217816
0.0217271
0.0219477
0.0221734
0.0224949
0.0223672
0.0221734
0.0224972
0.460413
0.0178802
0.0131238
0.0157232
0.0215424
0.00282181
0.0217882
0.0130028
0.0140754
0.0186276
0.0189847
0.09085
0.0398371
0.00859023
0.000801474
0.000823227
0.0145047
0.00884872
0.0163541
0.0144305
0.0148285
0.0190249
0.0206971
0.019317
0.0207207
0.0200221
0.0214176
0.0212054
0.0207442
0.0207737
0.0214452
0.0216491
0.0223683
0.0214907
0.0215994
0.0216381
0.0219636
0.0220855
0.0218589
0.0218645
0.0222138
0.02244
0.022163
0.0225021
0.0222164
0.0221484
0.0221203
0.0221245
0.0222493
0.0122027
0.000519893
0.0201561
0.0122214
0.0165489
0.0128868
0.0211398
0.0176909
0.0195086
0.0215261
0.0203153
0.0191074
0.0197375
0.0204933
0.0219067
0.0220055
0.0220816
0.0212254
0.0211104
0.0215775
0.0218603
0.0223989
0.0225075
0.0219954
0.0221848
0.0221167
0.022203
0.0220339
0.0221358
0.0222573
0.0220066
0.0220767
0.0220867
0.022418
0.022095
0.022149
0.022215
0.0222703
0.0222516
0.0222621
0.0222543
0.0223959
0.0222486
0.0223897
0.0222887
0.022322
0.0224694
0.0224639
0.0223203
0.0223909
0.0223473
0.022448
0.0223418
0.022388
0.169731
0.00942481
9.49877e-05
0.0152972
0.0119321
7.8102e-05
0.0220465
0.0220655
0.0198436
0.0157921
0.0173794
0.0183864
0.0224212
0.0201052
0.0199208
0.0210845
0.0222067
0.0213786
0.0213847
0.0223947
0.0220136
0.0221961
0.0214967
0.0224684
0.0219922
0.0216305
0.0213387
0.0224732
0.0217505
0.0220834
0.0224816
0.0223686
0.0222235
0.0220301
0.020286
0.0214798
0.0216134
0.0205375
0.0210514
0.0157317
0.0221262
0.018491
0.0192193
0.0224867
0.0223972
0.0222097
0.0206952
0.0223161
0.0211116
0.022419
0.0217868
0.021498
0.0219627
0.0224698
0.0224846
0.0218438
0.021913
0.0223843
0.0224048
0.0221812
0.0222856
0.0220344
0.0220729
0.0222342
0.0223321
0.0223094
0.022235
0.0222144
0.0222142
0.0222169
0.0222162
0.0224688
0.0224791
0.0224418
0.0223943
0.0224874
0.0223744
0.0224236
0.0224562
0.0223546
0.0224278
0.0223936
0.022351
0.0224943
0.0224551
0.0225058
0.171728
0.0974213
0.0421102
0.00648817
0.00349095
0.0203319
0.0199773
0.017734
0.0210627
0.0143938
0.0149827
0.0159399
0.0174913
0.0184607
0.0218112
0.0221313
0.0203048
0.0199187
0.0200613
0.0212476
0.0223794
0.0140457
0.00136445
0.019406
0.00582395
0.00427726
0.0186746
0.0197317
0.0112146
0.0176405
0.020176
0.0190981
0.0182699
0.0220554
0.0196218
0.0197083
0.0214921
0.022193
0.020995
0.0221416
0.0213129
0.0223651
0.021999
0.0221802
0.0212778
0.021548
0.022214
0.0221786
0.0216171
0.022115
0.0224554
0.0224572
0.0221547
0.0220892
0.021874
0.0138148
0.0184815
0.0199127
0.0153968
0.0206225
0.0175193
0.0219692
0.0215943
0.0216511
0.0200211
0.0224223
0.0204464
0.0221467
0.0221056
0.0213233
0.0222516
0.0215721
0.0218829
0.0222755
0.0220022
0.0224005
0.0223375
0.0223199
0.022443
0.0221549
0.0221271
0.0221201
0.0225107
0.0223184
0.0222239
0.0223883
0.0221978
0.0222393
0.0223727
0.0223994
0.0222876
0.0222284
0.0224605
0.0223083
0.0224824
0.0223153
0.0223303
0.0223166
0.0224583
0.0223277
0.00761278
0.210981
0.0345589
0.0132613
0.0107813
0.0160907
0.0214188
0.00976078
0.0172055
0.0197823
0.0169516
0.0196229
0.0180757
0.0193228
0.0207068
0.0202293
0.0209546
0.0199192
0.0213987
0.0209544
0.0213783
0.0224197
0.0211616
0.0220767
0.0217149
0.0224451
0.0216362
0.0253081
0.00663683
0.00912402
0.0184726
0.0112697
0.00653367
0.013817
0.0164448
0.0185679
0.0201488
0.0203782
0.0199888
0.0201735
0.0204442
0.021686
0.0222261
0.0220989
0.021028
0.0219011
0.0232755
0.0169597
0.0178169
0.0173769
0.0133116
0.0110256
0.0129585
0.0224394
0.020658
0.0223965
0.0219602
0.0199343
0.0203975
0.0221395
0.0219522
0.0208896
0.0215593
0.0214557
0.0222467
0.0212803
0.0216069
0.0222355
0.021903
0.0224459
0.0223929
0.0220953
0.0218489
0.0220314
0.0223901
0.0221474
0.0223779
0.0224484
0.0224244
0.0224814
0.0220724
0.0222966
0.0222238
0.0222553
0.0225086
0.02223
0.0224406
0.0222809
0.0224617
0.0222964
0.0222511
0.0222926
0.0223718
0.0232829
0.0169597
0.0152213
0.0173768
0.0133102
0.0118367
0.0129333
0.0224394
0.020656
0.0224018
0.0219835
0.0199275
0.0204825
0.0221383
0.0219506
0.0209028
0.02156
0.0214745
0.0222461
0.0212889
0.0216181
0.022239
0.0219047
0.0224458
0.0223942
0.0220963
0.0218551
0.0220333
0.0223902
0.0221486
0.022379
0.0224485
0.022425
0.0224817
0.0220755
0.0222974
0.022225
0.022257
0.0225087
0.0222314
0.022441
0.0222822
0.0224619
0.0222974
0.0222526
0.0222938
0.0223723
0.15167
0.0353907
0.00164712
0.0206883
0.0175918
0.00657222
0.0210074
0.0197941
0.0220394
0.0168344
0.0193888
0.0149892
0.02124
0.0223894
0.0217612
0.0205895
0.0196546
0.020363
0.0203485
0.0218569
0.0219229
0.022245
0.0216247
0.0211102
0.0219862
0.0218492
0.022057
0.602681
0.017081
0.0151825
0.0363833
0.00666971
0.00705772
0.0165857
0.013216
0.0150718
0.0202801
0.02091
0.0864236
0.0837231
0.0057008
0.0121231
0.00951837
0.0205957
0.0195175
0.0221454
0.0188131
0.0219401
0.0199397
0.022313
0.018873
0.0215688
0.019769
0.0210572
0.0214094
0.0414724
0.0161083
0.00877292
0.00817344
0.00906454
0.0178455
0.0139455
0.0200948
0.0202335
0.0158524
0.0188951
0.018236
0.0214073
0.0224653
0.022288
0.0202766
0.0207322
0.0212608
0.0220904
0.0221125
0.0211576
0.0218255
0.0214889
0.0224534
0.0219869
0.0224243
0.0223163
0.0220171
0.0223694
0.0222411
0.0221906
0.0223299
0.0221237
0.0220484
0.0221838
0.0219114
0.0220534
0.0219747
0.0219783
0.0220099
0.0224257
0.0831965
0.018278
0.00594202
0.00441086
0.0104044
0.0215378
0.02197
0.0188971
0.0190254
0.0156715
0.0196945
0.0190108
0.0212995
0.0203638
0.0222022
0.0205443
0.021727
0.0207836
0.0207138
0.0223751
0.0209902
0.0223959
0.0218209
0.0219779
0.0216141
0.0218104
0.0139472
0.0185417
0.0196787
0.0148003
0.0205091
0.0172447
0.0219772
0.0216087
0.0216271
0.0200567
0.0224237
0.0204582
0.0221525
0.0221018
0.0213252
0.0222556
0.021576
0.021882
0.0222786
0.0220075
0.022402
0.0223376
0.0223221
0.0224431
0.0221587
0.0221294
0.0221239
0.0225108
0.0223194
0.0222269
0.0223891
0.022201
0.0222422
0.0223737
0.0224006
0.0222896
0.0222313
0.0224609
0.0223106
0.0224828
0.0223175
0.0223323
0.0223188
0.022459
0.0223297
0.0476922
0.0221679
0.0476945
0.247982
0.0211886
0.0158995
0.0214256
0.019733
0.0223106
0.022169
0.0222079
0.0220147
0.0218773
0.0218688
0.0221632
0.0219246
0.0224589
0.0218065
0.0221634
0.0220308
0.0222654
0.0223601
0.0221347
0.0223305
0.0222809
0.0221564
0.0221698
0.0224411
0.0222689
0.0223972
0.02246
0.0224998
0.0223572
0.0223627
0.0224634
0.0223782
0.0224016
0.0223762
0.0224357
0.0223704
0.0224594
0.0225089
0.0223663
0.022428
0.0225137
0.0224629
0.0225015
0.0223992
0.0225166
0.0224974
0.0224167
0.0224962
0.0225044
0.0224908
0.0224726
0.0224865
0.0225109
0.0225008
0.0224988
0.0224476
0.0225152
0.0224853
0.251751
0.252464
0.0182329
0.0215337
0.0214062
0.0211014
0.0153961
0.0143519
0.0167399
0.0185814
0.0189202
0.0193177
0.0213516
0.0208932
0.02237
0.0224612
0.0219121
0.0216595
0.0221194
0.021932
0.0219613
0.0215439
0.0223099
0.0224599
0.0225013
0.0218609
0.022385
0.0221418
0.0220833
0.0221885
0.0224419
0.022408
0.0222334
0.0220757
0.0224029
0.0221378
0.0222654
0.0224375
0.0225067
0.0221335
0.0992453
0.000549794
0.0180248
0.0183039
0.0215027
0.0207073
0.0223351
0.0220985
0.0222838
0.0206637
0.0220456
0.0212695
0.0221797
0.022154
0.0223956
0.0215995
0.0224149
0.022214
0.0225137
0.022326
0.0224668
0.0225022
0.0221167
0.0222897
0.0224653
0.0223348
0.022366
0.0223446
0.0223187
0.0224314
0.0224242
0.0223559
0.0222815
0.0224884
0.0224206
0.0224594
0.0222983
0.0225038
0.0224873
0.022369
0.0224249
0.0223662
0.0224005
0.0224287
0.0223656
0.0223698
0.0223741
0.0224836
0.0224667
0.0224838
0.022406
0.0225066
0.0224811
0.0224226
0.0225003
0.0224324
0.0224452
0.0224851
0.0224881
0.0224786
0.0728526
0.243593
0.00587532
0.0173788
0.0212065
0.0175716
0.0220991
0.0201195
0.0202899
0.0210239
0.0212706
0.0223274
0.0220592
0.0217021
0.0222964
0.021889
0.0223483
0.0220674
0.0221702
0.0224926
0.0222783
0.0224816
0.0224623
0.0224645
0.0224334
0.022434
0.0224519
0.0224539
0.0224032
0.0223198
0.0223739
0.0223573
0.0225044
0.0223382
0.0224221
0.0224945
0.0224384
0.0224917
0.0224515
0.0224184
0.0224179
0.022511
0.0224115
0.0224757
0.0224165
0.0224657
0.0224589
0.0224843
0.022472
0.0224303
0.0224725
0.0224434
0.0224352
0.0224556
0.0224567
0.0224806
0.0224771
0.0224838
0.0225161
0.0224756
0.0224746
0.0225176
