0.522672
0.278781
0.0594461
0.0220588
0.0247208
0.00218223
0.0104115
0.00759964
0.00846456
0.00575491
0.00316652
0.00511982
0.00237302
0.00490114
0.0309838
0.0636649
0.0230121
0.00921611
0.00294322
0.0128639
0.00181754
0.00527836
0.00136818
0.00206121
0.00157497
0.00218029
0.00190377
0.00185753
0.00121079
0.00151104
0.00155685
0.00212677
0.00146339
0.00198625
0.00140018
0.00182591
0.00150084
0.00152883
0.00147741
0.00137411
0.00142602
0.00146272
0.00144901
0.00119027
0.00133512
0.00146558
0.00121957
0.00120857
0.00141905
0.00138906
0.00140197
0.00132289
0.00121879
0.00118547
0.0352867
0.00456786
0.00340437
0.000702991
0.00118944
0.00116272
2.58957e-05
0.00112271
0.000785359
9.18936e-05
0.000294865
0.000380213
0.000708674
0.000693464
0.000948091
0.000774493
0.00108017
0.000902814
0.000748365
0.00100151
0.0009088
0.00114567
0.000885803
0.00115923
0.00117792
0.00110227
0.00107075
0.00111342
0.00099629
0.00101961
0.00102815
0.00108129
0.00101602
0.00106341
0.00104873
0.00106568
0.00106368
0.00109143
0.00105973
0.00106873
0.00109784
0.00106757
0.00108018
0.00110934
0.00109164
0.00113134
0.00115834
0.00111277
0.00110911
0.00110156
0.00114918
0.00115707
0.00113568
0.00116249
0.00116476
0.00113618
0.00111215
0.00114621
0.00114335
0.00114356
0.00115214
0.0850289
0.012141
0.0121776
0.00125358
0.00691902
0.00172891
0.00177329
0.002731
0.00524059
0.00342758
0.00240209
0.00205883
0.00242002
0.00265406
0.00208936
0.00249004
0.00192266
0.00139404
0.00167574
0.00206208
0.00176433
0.0011784
0.00120889
0.00147819
0.00173844
0.00139688
0.00125058
0.00121566
0.00160087
0.00124193
0.00129087
0.00144876
0.00119001
0.00128373
0.000244109
0.00143994
0.020407
0.00458182
0.00457472
0.00150797
0.00402936
0.001401
0.00461915
0.00173893
0.00230288
0.00173114
0.00165847
0.0023219
0.001853
0.00169279
0.00199823
0.00201603
0.00146125
0.00188096
0.00119335
0.00175159
0.0014459
0.00160758
0.00139351
0.00144398
0.00138792
0.00156672
0.00140562
0.00128533
0.00118145
0.00142712
0.00144925
0.00143269
0.265607
0.00384575
0.0226063
0.0181902
0.00125178
0.00415584
0.00279835
0.00561412
0.00411187
0.00306339
0.00396048
0.00167362
0.00187523
0.00227277
0.00264552
0.00208984
0.0012924
0.00173734
0.0020193
0.00218119
0.00117679
0.00117632
0.00126034
0.00177839
0.0018534
0.00166495
0.00179634
0.766065
0.0129904
0.00728974
0.0122923
0.00131126
0.00399595
0.00641041
0.00269876
0.00462963
0.00133663
0.004022
0.00230791
0.00130807
0.002098
0.00288674
0.00142824
0.0025305
0.00129628
0.00160429
0.001425
0.00206526
0.00206819
0.00196635
0.00122675
0.00173618
0.00131241
0.00160624
0.00168882
0.00170306
0.00159342
0.00125247
0.00159147
0.285328
0.00743571
0.0251798
0.00181767
0.00306695
0.00169418
0.00426654
0.00291451
0.00176681
0.00169404
0.0051072
0.00515477
0.00236065
0.00250805
0.00136301
0.00123768
0.00213515
0.00131534
0.00165917
0.00127702
0.00162371
0.0022133
0.00157565
0.00180586
0.00187504
0.00124653
0.00181807
0.0013602
0.00157123
0.00139829
0.00120093
0.00157278
0.00159543
0.00206631
0.00537476
0.00158426
0.0126743
0.00947336
0.00305861
0.0029874
0.00269184
0.00250688
0.00468144
0.00384536
0.00290072
0.00169785
0.00253674
0.00235131
0.00151515
0.00217726
0.0012128
0.00148913
0.00140073
0.00135929
0.00152642
0.0011575
0.00154339
0.00117726
0.00163607
0.00149954
0.00123268
0.00144718
0.00158018
0.00118935
0.00133624
0.00117229
0.129579
0.0023496
0.0258422
0.00201609
0.0073638
0.00645429
0.00468837
0.00415352
0.00620522
0.00263374
0.00284332
0.00304095
0.00308994
0.00136312
0.00160271
0.00186801
0.00233836
0.00170571
0.00119583
0.00122156
0.00185902
0.00192591
0.00170158
0.00162549
0.00153192
0.00179129
0.00134299
0.00161049
0.00135177
0.00159841
0.00156569
0.00145169
0.213056
0.0121048
0.0121466
0.00125314
0.0067237
0.00171801
0.00177212
0.0027288
0.00519304
0.00342084
0.00240027
0.00205771
0.00240451
0.00263894
0.00207969
0.00247737
0.00191579
0.00139365
0.00167382
0.00205635
0.00176126
0.00117838
0.00120867
0.00147677
0.00173462
0.00139548
0.00125023
0.0012154
0.00159804
0.00124153
0.00129027
0.00144714
0.00118988
0.00128311
1.25675
0.0108658
0.00487596
0.0218468
0.00339641
0.00337416
0.00679299
0.00457741
0.00146417
0.00414417
0.00201745
0.00441222
0.00210144
0.0963949
0.0057325
0.00137224
0.0043429
0.0107248
0.00596367
0.00233131
0.00147704
0.00271618
0.00289091
0.00180826
0.00124783
0.00166596
0.00176546
0.00281388
0.00227517
0.00253437
0.00173892
0.00151589
0.00147656
0.00136809
0.00131029
0.00146751
0.00160869
0.00168376
0.00122616
0.00119167
0.00144615
0.00143883
0.00151864
0.00144973
0.00126543
0.00149752
0.00147059
0.0013727
0.00118154
0.00140933
0.001354
0.00139537
0.00117984
0.00129126
0.00136222
0.0148302
0.00280356
0.00118627
0.00234695
0.0040392
0.00276389
0.00203295
0.00298035
0.00137141
0.00172067
0.00178139
0.00128306
0.00130854
0.00150016
0.00142962
0.00150444
0.00133071
0.00124852
0.00151768
0.00116636
0.00126394
0.00114744
0.00125574
0.00139864
0.0013382
0.00131542
0.00124808
0.0012317
0.00114141
0.0011951
0.00124892
0.00123142
0.00124326
0.00116416
0.001188
0.0012838
0.00127531
0.0012185
0.00120734
0.00114802
0.00116336
0.00117844
0.00120677
0.0011804
0.00120209
0.00123466
0.00122574
0.00122779
0.00116453
0.0012198
0.00119523
0.00120998
0.0011692
0.00117075
0.00115938
0.0288419
0.0134031
0.00669921
0.0127111
0.00131739
0.00393115
0.00635727
0.00266829
0.00460666
0.00134334
0.00407724
0.00231043
0.00130794
0.0021237
0.00292274
0.00143559
0.00255784
0.00129996
0.00161548
0.00143163
0.00208804
0.00209106
0.00198711
0.00122849
0.00175163
0.00131622
0.00161629
0.00170285
0.00171838
0.00160481
0.00125495
0.00160411
0.132329
0.00150523
0.00394893
0.0017806
0.00166038
0.00190036
0.00161856
0.00154206
0.00165573
0.00132015
0.00120844
0.00179944
0.00114391
0.00157234
0.00113933
0.00140482
0.00117216
0.00125325
0.00140839
0.00120496
0.00134785
0.0012908
0.00134772
0.00126373
0.00128635
0.00130104
0.00123763
0.00114264
0.00126658
0.00124873
0.00122979
0.00123299
0.00119394
0.00120705
0.00116845
0.00122961
0.00122213
0.00119809
0.00123197
0.00116474
0.00122727
0.00122732
0.00121862
0.00120385
0.00115178
0.0011781
0.00120942
0.00118217
0.00120626
0.00120233
0.00117624
0.00118213
0.00119336
0.00118125
0.017091
0.00962261
0.0124017
0.0140382
0.00384305
0.00639909
0.00691736
0.00202595
0.00171517
0.00157859
0.00446384
0.00128002
0.00157585
0.00319496
0.00176062
0.00216566
0.0023776
0.00131808
0.221974
0.00466562
0.00543449
0.00261305
0.0105571
0.00551849
0.00250521
0.00276308
0.00381334
0.00177536
0.00391053
0.00142006
0.0019649
0.00195481
0.00123549
0.00197665
0.00243298
0.00202802
0.00226317
0.00207037
0.00189694
0.00184135
0.00135883
0.00120951
0.00118457
0.00123372
0.00169995
0.00167185
0.00139461
0.00163648
0.00128132
0.00158609
0.00137301
0.00145475
0.00452207
0.00124565
0.0033514
0.00148331
0.0025193
0.00203448
0.0011571
0.00152356
0.00115836
0.00118175
0.00122542
0.00166885
0.00125801
0.00119487
0.00132934
0.00114005
0.00122167
0.00140415
0.00126077
0.00115618
0.00126031
0.00126587
0.00128313
0.00123476
0.00131687
0.00124385
0.00125055
0.00120649
0.00122677
0.00115133
0.00121181
0.00117774
0.00124916
0.00125027
0.00124384
0.00116978
0.001239
0.00115327
0.00122545
0.00119333
0.00118068
0.00115815
0.00119904
0.00118454
0.00120712
0.00119355
0.0179387
0.0209963
0.00822703
0.0316727
0.0126174
0.00365558
0.00265173
0.00280089
0.00374299
0.00587167
0.00310586
0.00479704
0.00372869
0.00178785
0.00316689
0.0023178
0.00194586
0.0025031
0.00174134
0.00227602
0.00134094
0.00141819
0.00206722
0.00216814
0.00124742
0.00186902
0.00199801
0.00187427
0.811688
0.0128324
0.0144201
0.0124977
0.00376279
0.00584222
0.00539254
0.00352984
0.00469072
0.00302969
0.00215188
0.00193194
0.00142391
0.00122876
0.00294503
0.00233218
0.00196702
0.00125706
0.0128721
0.00417569
0.00602874
0.00136912
0.00400019
0.00150063
0.00329301
0.00287795
0.00183336
0.00145815
0.00144794
0.0014653
0.00182533
0.00174825
0.00195782
0.0012087
0.00134701
0.00139573
0.00155668
0.00157037
0.0012977
0.00139253
0.00132846
0.00147677
0.00126695
0.00148504
0.00126846
0.00139907
0.00128691
0.00133952
0.00142293
0.00119686
0.00133239
0.00118775
0.00133872
0.00133202
0.00126814
0.00122637
0.0012518
0.00119504
0.00125584
0.00125772
0.00127612
0.00117271
0.00124803
0.0060039
0.00417612
0.00559061
0.00135826
0.00401141
0.00148322
0.00317035
0.00282877
0.00183555
0.00144955
0.00143991
0.00146656
0.00180764
0.0017343
0.00195285
0.00120906
0.00134773
0.00139212
0.00155533
0.00156833
0.00129795
0.00139225
0.00132642
0.00147531
0.00126587
0.00148304
0.00126746
0.00139781
0.00128667
0.00133888
0.001421
0.00119687
0.00133158
0.00118761
0.00133761
0.00133101
0.00126772
0.00122601
0.00125128
0.00119487
0.00125531
0.00125718
0.00127551
0.00117268
0.00124758
0.517777
0.012796
0.00470229
0.010219
0.00449835
0.00636684
0.00385319
0.0014286
0.00464232
0.00484858
0.0022085
0.00442908
0.00129826
0.00257654
0.00250876
0.00198847
0.00132064
0.0020727
0.00158283
0.00150699
0.00156541
0.00184375
0.00166769
0.00161587
0.00154996
0.0598305
0.0518018
0.0310881
0.019097
0.0106859
0.00220042
0.00573229
0.00528238
0.00543201
0.00251962
0.0041926
0.0213102
0.012234
0.0415031
0.00333351
0.0138848
0.0116181
0.00806512
0.00245816
0.00394967
0.00171245
0.00323004
0.0018074
0.00221949
0.00279407
0.00144462
0.00219814
0.199544
0.014772
0.015045
0.00725888
0.00645377
0.00342975
0.00228938
0.00406497
0.00274358
0.00215629
0.00388233
0.00128749
0.00269228
0.00236171
0.00127339
0.00292502
0.00257475
0.00217246
0.00138725
0.00221055
0.00198909
0.00120765
0.00140569
0.00169417
0.00160701
0.00120963
0.0017019
0.00136399
0.00126348
0.00124991
0.00129476
0.00160382
0.00115426
0.0012858
0.00120286
0.00139709
0.00141718
0.00139174
0.00124062
0.00140993
0.00132089
0.26556
0.00393217
0.0225507
0.0181509
0.00125152
0.00419109
0.00279458
0.00560879
0.0041284
0.00306103
0.00396336
0.00167258
0.00187827
0.0022774
0.00264908
0.00208974
0.00129226
0.00173718
0.00201939
0.00218224
0.00117676
0.0011763
0.00126042
0.00177849
0.00185367
0.00166499
0.00179654
0.00132577
0.0047038
0.00124864
0.00345538
0.001471
0.00246823
0.00205942
0.00115584
0.00152496
0.00115728
0.00117982
0.00122193
0.00165716
0.00125349
0.00119256
0.00132306
0.00113984
0.00122139
0.00140053
0.00125701
0.00115555
0.00125929
0.00126474
0.00127923
0.001234
0.0013127
0.00124103
0.00124774
0.00120603
0.0012245
0.00115108
0.00120997
0.00117681
0.00124734
0.00124815
0.00124162
0.00116914
0.00123684
0.00115309
0.00122357
0.00119283
0.00118048
0.00115792
0.00119835
0.00118421
0.00120578
0.00119293
0.00942556
0.000684046
0.000306368
0.000953935
0.000930335
0.00104941
0.000744398
0.000202001
0.000706812
0.000379536
0.00106093
0.000491684
0.00116833
0.00113772
0.000863695
0.0011843
0.00116288
0.00109813
0.00117623
0.00106754
0.0011238
0.00102455
0.00115137
0.00117993
0.00110249
0.00117592
0.00106177
0.00117541
0.00105772
0.00107183
0.00112994
0.00107115
0.00116475
0.00117711
0.00110941
0.00112172
0.00113031
0.0011266
0.00112249
0.00114814
0.00114028
0.00113585
0.00112383
0.00113522
0.00113849
0.001131
0.00112032
0.00112659
0.00113102
0.00112686
0.00116879
0.00116393
0.00113805
0.00113062
0.00113326
0.0011331
0.00113432
0.00114557
0.00115968
0.001145
0.0152035
0.00248003
0.0104037
0.0100687
0.00276411
0.00182829
0.00230289
0.00122877
0.00125332
0.00175556
0.00176906
0.00118569
0.00189601
0.00185083
0.0021501
0.00173877
0.00227768
0.0019535
0.00157494
0.0017497
0.00166479
0.00140851
0.00142413
0.00146998
0.00147071
0.00151591
0.00122098
0.00152633
0.00117459
0.00121354
0.00139464
0.00130094
0.00132191
0.00136332
0.00116423
0.00116389
0.00128079
0.00125102
0.0012879
0.00133495
0.00120165
0.020196
0.00102447
0.000565346
0.000934083
0.00117786
0.000410849
0.000720174
0.000531802
0.00109047
0.00118686
0.000870817
0.00102129
0.000886162
0.00118877
0.00118658
0.000978412
0.00108003
0.00105293
0.00101978
0.00114589
0.00113489
0.00104078
0.00106256
0.00117352
0.00113781
0.00107812
0.00109454
0.00114905
0.00114694
0.00112309
0.00117459
0.00114106
0.00114227
0.00111015
0.00116495
0.00113847
0.00111521
0.00116123
0.00113937
0.00115461
0.00114854
0.00117201
0.00115474
0.00114307
0.00113981
0.00117033
0.00114122
0.00113492
0.00113982
0.00116206
0.00114458
0.00116808
0.00114566
0.00113894
0.00115815
0.00114406
0.0011427
0.00114825
0.00116567
0.0281594
0.000221754
0.00119128
0.00106356
0.000784327
0.000596434
3.95454e-05
0.000462256
0.000380975
0.000526953
0.00118012
0.00114486
0.00078508
0.000756413
0.00113424
0.00104905
0.00117244
0.000924797
0.00106729
0.00112806
0.000987698
0.00102646
0.00111961
0.00117155
0.00110347
0.00111419
0.00106898
0.00105426
0.00113075
0.00106217
0.00114387
0.00106587
0.00107576
0.00107912
0.00110206
0.00108407
0.00113177
0.00108215
0.00109381
0.00112133
0.00114165
0.00114577
0.00116516
0.00110579
0.00111116
0.00110783
0.00112798
0.00116384
0.0011134
0.00115029
0.00112278
0.00116128
0.00115243
0.00113567
0.00115059
0.00113258
0.00112726
0.00116918
0.00114768
