0.786053
0.0589252
0.00888715
0.00516375
0.00120394
0.000154913
0.0077739
0.0105794
0.00691294
0.0080689
0.00948518
0.0084968
0.00832849
0.0304687
0.0804483
0.0309001
0.0127807
0.00345454
0.0126171
0.00806793
0.0126375
0.00720529
0.00775662
0.00926512
0.00920426
0.0109953
0.00946558
0.00924792
0.0110302
0.0120341
0.0117896
0.010125
0.0101723
0.0113738
0.010193
0.0102724
0.0110928
0.0117533
0.0104672
0.0108796
0.0111521
0.0104801
0.0105939
0.0105259
0.011419
0.0115222
0.0114701
0.0111755
0.0114937
0.0109865
0.0109296
0.0106827
0.010702
0.0914592
0.0141097
0.0261293
0.0145403
0.018583
0.0125278
0.0126625
0.0123349
0.0123935
0.00999991
0.0126719
0.0104048
0.0101159
0.0102486
0.0103287
0.010228
0.0127048
0.0118519
0.0103471
0.0120731
0.0121126
0.0119788
0.0117648
0.0105239
0.0119821
0.0119168
0.0118599
0.0105968
0.0106469
0.01184
0.0109111
0.011623
0.011574
0.0117047
0.0115953
0.0116093
0.0107162
0.0116424
0.0108119
0.0107232
0.0107538
0.0114112
0.0109852
0.011526
0.0110432
0.0114246
0.0115119
0.0108357
0.0113038
0.0112113
0.0108546
0.0108545
0.0113989
0.0114457
0.0113646
0.0112265
0.0113086
0.0109805
0.011362
0.0113913
0.0109036
0.17602
0.35613
0.0125848
0.00703393
0.0126961
0.00110484
0.00403188
0.00651581
0.00525451
0.00949797
0.00883752
0.00989475
0.0120553
0.0120664
0.010235
0.0119336
0.0114704
0.00981761
0.0115001
0.0114842
0.0116096
0.0115707
0.0102293
0.0104121
0.0110648
0.0110141
0.0108766
0.0113659
0.010995
0.0105104
0.0112707
0.0106866
0.0106931
0.0107145
0.044933
0.0429108
0.0127993
0.00383873
0.00497153
0.00843907
0.0124711
0.00645151
0.00664996
0.00826378
0.00863432
0.0121572
0.0120089
0.00966407
0.0101836
0.0104749
0.0102414
0.0108731
0.0118242
0.0101103
0.0117946
0.0115632
0.0102886
0.0104705
0.0114261
0.0112495
0.010419
0.0109649
0.0105294
0.0113479
0.0115139
0.0114771
0.01148
0.0106758
0.0107152
0.133426
0.2303
0.00664437
0.000821178
0.00167743
0.00726159
0.00967824
0.0120818
0.0116276
0.00694789
0.0116227
0.0107739
0.0086499
0.00896976
0.00911513
0.00982343
0.0101175
0.00987624
0.010388
0.0108948
0.0117066
0.0101362
0.0101272
0.0101919
0.0102302
0.0102077
0.0109286
0.011112
0.129967
0.0495679
0.00706101
0.00109149
0.00713091
2.57152e-07
0.000705301
0.00932725
0.00878918
0.00704834
0.0122762
0.011023
0.00841373
0.00869756
0.00843385
0.0112393
0.0101419
0.00944808
0.00999119
0.0118175
0.011198
0.0103596
0.0116103
0.0101701
0.0101994
0.0115925
0.0103674
0.0107358
0.0109575
0.011542
0.0108272
0.0111634
0.0114933
0.154812
0.012519
0.0115832
0.00439374
0.0119925
0.00861233
0.00321089
0.0124295
0.0119399
0.00775038
0.0106803
0.0121268
0.0111792
0.00949776
0.0116441
0.0113914
0.0117566
0.0118294
0.0117621
0.0103904
0.0100312
0.0102911
0.010208
0.0107118
0.0108182
0.0104006
0.0115934
0.0114178
0.0115341
0.0105651
0.66633
0.0783847
0.0116101
0.00864816
0.0127546
0.0117582
0.00897888
0.0121363
0.0091461
0.00779971
0.0118923
0.0104087
0.0104555
0.00907438
0.00943964
0.0104844
0.0104991
0.00996575
0.00985663
0.00992286
0.0117773
0.0101002
0.0102237
0.0116174
0.0116499
0.0115509
0.0104831
0.0106854
0.0105976
0.0113996
0.0111375
0.010532
0.0106258
0.0113855
0.0112571
0.00559741
0.0642143
0.00509512
0.0126536
0.0119425
0.0105382
0.0124778
0.00339088
0.00700075
0.00864742
0.012222
0.0122026
0.012036
0.00948683
0.00937984
0.0102104
0.0107632
0.0118447
0.0102647
0.0118065
0.0101848
0.010812
0.0112683
0.0102629
0.0103356
0.0105265
0.0111866
0.0114622
0.01161
0.0104534
0.0105989
0.0110525
0.0106176
0.0534725
0.14451
0.0125991
0.00704136
0.0126878
0.00119961
0.00405108
0.00652552
0.00534999
0.0094998
0.00884285
0.00989632
0.0120534
0.0120625
0.0102367
0.0119307
0.0114704
0.00982339
0.0114996
0.0114836
0.011608
0.0115693
0.0102337
0.0104165
0.0110661
0.0110155
0.0108786
0.0113651
0.0109962
0.0105134
0.0112704
0.0106883
0.0106948
0.0107168
0.0563563
0.0126678
0.0106667
0.00852904
0.0127664
0.00196627
0.007026
0.0116714
0.00928937
0.00824633
0.0109169
0.0920672
0.0334583
0.0283496
0.0127746
0.00407052
0.0126218
0.00807494
0.0126242
0.00723495
0.00788601
0.00926939
0.00920922
0.0110279
0.00947413
0.00926733
0.0110515
0.0120247
0.011784
0.0101327
0.0101849
0.0113741
0.0102008
0.0102782
0.0110965
0.0117481
0.0104767
0.0108846
0.0111535
0.0104868
0.0105971
0.0105318
0.0114168
0.011519
0.0114674
0.0111758
0.0114908
0.0109887
0.0109324
0.010687
0.0107058
0.0162118
0.023668
0.052091
0.014657
0.0141337
0.0138678
0.00911779
0.00989197
0.0129302
0.0129839
0.0118254
0.00919571
0.0097073
0.0101444
0.0100682
0.012027
0.0120609
0.0120321
0.0104262
0.0118448
0.0108507
0.0103193
0.0118451
0.0119298
0.0118695
0.0111423
0.0106297
0.0108984
0.011225
0.0115524
0.0116116
0.0116077
0.0116055
0.0106491
0.0109245
0.0106848
0.0109359
0.0108491
0.0115378
0.0107057
0.011521
0.0109346
0.0113046
0.0107976
0.0114797
0.0113032
0.0108983
0.0108656
0.010982
0.0114111
0.011412
0.0108464
0.0111905
0.0735363
0.063054
0.00759098
0.000828634
0.00705754
0.000278873
0.000937968
0.0094911
0.00875681
0.0070998
0.0122714
0.011033
0.00838906
0.00865706
0.0083873
0.0112389
0.0101259
0.00941683
0.00997757
0.0118211
0.0111958
0.0103411
0.0116144
0.0101488
0.0101809
0.0115974
0.0103533
0.0107241
0.0109508
0.0115473
0.0108175
0.0111619
0.0114988
0.00364707
0.0158652
0.0137935
0.00844065
0.00889436
0.0138035
0.00949464
0.00897229
0.0138508
0.00959082
0.0131438
0.0123269
0.0129643
0.00935453
0.0120764
0.0102168
0.0101473
0.0120934
0.0119353
0.0120657
0.0113216
0.0104614
0.0114421
0.0116619
0.0111472
0.0103548
0.0107528
0.010473
0.0117042
0.0115904
0.0105379
0.0114531
0.0105865
0.0116815
0.0112481
0.0116351
0.0106463
0.0106974
0.0112495
0.0111622
0.0115117
0.0115077
0.0112803
0.01073
0.0112801
0.0112868
0.0113488
0.0109672
0.010886
0.010996
0.0108299
0.0108508
0.0108507
0.0113419
0.0108792
0.803899
0.009385
0.0167567
0.00168431
0.00168348
0.000611608
0.00266182
0.0121021
0.00590219
0.00722259
0.00966769
0.011635
0.00842034
0.00956252
0.0115116
0.00991669
0.0115262
0.00975789
0.0112884
0.231696
0.0508831
0.000781966
0.0125792
0.00367409
0.00658442
0.0118973
0.00863107
0.012102
0.0118077
0.0116783
0.00871987
0.0119745
0.0115291
0.00960932
0.00966834
0.0100483
0.0108044
0.0114636
0.0101981
0.0111149
0.0103445
0.0103034
0.0116494
0.0110125
0.0112559
0.0106876
0.0111194
0.0115035
0.0112901
0.0114787
0.0052534
0.0158984
0.00306018
0.0127215
0.0143127
0.00773283
0.0138337
0.00834989
0.0127051
0.00962656
0.00953839
0.0124725
0.00932201
0.0114849
0.0102277
0.0103546
0.0103336
0.012093
0.0118827
0.010343
0.0119593
0.0108829
0.0110259
0.010757
0.0116837
0.0105489
0.0110094
0.0112405
0.0115289
0.0116338
0.0114628
0.0114963
0.0109673
0.0107126
0.0110855
0.0107496
0.0107048
0.011296
0.0115345
0.0115097
0.0114833
0.0110017
0.0114312
0.0114178
0.0114453
0.01094
0.0109651
0.01109
0.18968
0.460526
0.000880615
0.00384825
0.00465689
0.0117402
0.0062433
0.0123954
0.00395336
0.0120751
0.00952226
0.0108211
0.0119849
0.00886106
0.00976012
0.00914886
0.0100108
0.0118522
0.0116251
0.00988889
0.0101782
0.00996525
0.0116944
0.0116928
0.0113338
0.0102035
0.679235
0.0327475
0.0235698
0.00423841
0.0087279
0.00162111
0.00532597
0.0059187
0.012415
0.00794329
0.00811708
0.0121448
0.00850826
0.00997259
0.00982174
0.0106991
0.0118531
0.0103864
0.0102808
0.0100137
0.0665062
0.00411829
0.0064226
0.013097
0.0132101
0.0126386
0.00985998
0.0113963
0.00783805
0.0101342
0.0122017
0.00998793
0.0121267
0.0119503
0.00977332
0.0120586
0.0120616
0.00996338
0.0119465
0.010926
0.0104193
0.0103259
0.0114409
0.0115959
0.0112815
0.0104849
0.0114429
0.0108825
0.0104863
0.0114837
0.0115884
0.0106155
0.0107227
0.0106396
0.0113826
0.0106413
0.0115475
0.0106575
0.0110636
0.0113074
0.0114838
0.0107564
0.0107577
0.0113919
0.0107932
0.0114081
0.0108123
0.00944947
0.00874336
0.00815495
0.00258595
0.00659273
0.0132173
0.00666419
0.00869617
0.00982856
0.00941635
0.00890512
0.00853963
0.00958751
0.0101385
0.00989237
0.0122494
0.0117932
0.0100111
0.0101911
0.011352
0.0111029
0.0103762
0.0104738
0.0117982
0.0111728
0.0117081
0.0117351
0.0105558
0.0113363
0.010556
0.0108451
0.0105791
0.0107837
0.0114242
0.0106187
0.0115546
0.011319
0.0115188
0.011195
0.0107236
0.011487
0.0107417
0.011293
0.0114701
0.0109978
0.0111812
0.0109044
0.0978479
0.158556
0.00321133
0.0128367
0.0127242
0.00891124
0.00574482
0.0123686
0.00672437
0.00796664
0.0102876
0.0118746
0.0116004
0.0111253
0.0090178
0.00911742
0.00992879
0.0112682
0.0118096
0.0110205
0.00985506
0.0110325
0.0111302
0.0102448
0.0110571
0.0103119
0.0108667
0.079729
0.0528865
0.00762522
0.00181635
0.00798244
0.00284898
0.00991117
0.00875353
0.00747517
0.00939386
0.0119095
0.498297
0.043703
0.00424255
0.00741975
0.0043833
0.0058351
0.00865543
0.011376
0.0086815
0.0120073
0.00817518
0.0120938
0.010088
0.00902952
0.0105415
0.0118067
0.00997254
0.00602976
0.0703689
0.035579
0.0260778
0.00379241
4.08652e-06
0.00862283
0.00674995
0.00932365
0.0115584
0.0108323
0.00906462
0.011139
0.012027
0.00961883
0.00952826
0.0113117
0.0118376
0.0119737
0.0118623
0.010192
0.00984928
0.0118417
0.010564
0.010938
0.0106073
0.0116811
0.0110818
0.0109691
0.0104753
0.0105327
0.0106292
0.0115419
0.0107413
0.0115383
0.0112318
0.0106223
0.0114539
0.0107288
0.010938
0.514304
0.0738265
0.162977
0.00195807
0.00157917
0.00181727
0.00867714
0.0124375
0.0123848
0.0112331
0.00887432
0.00879551
0.0112393
0.0118926
0.00954965
0.0117418
0.00985247
0.0117901
0.0117315
0.011018
0.0115807
0.0116182
0.0111104
0.0104283
0.0113146
0.0079974
0.0178165
0.0157624
0.0142429
0.0140518
0.00900953
0.00942465
0.0097104
0.00856755
0.00922438
0.012434
0.0122381
0.0125478
0.0124633
0.00981466
0.011995
0.0101871
0.00996186
0.0119747
0.0120337
0.011969
0.0118972
0.0117027
0.0104593
0.0104968
0.0108599
0.01106
0.0117398
0.010566
0.0108216
0.0105948
0.0111816
0.0115841
0.0108891
0.0115531
0.0107272
0.0112974
0.010924
0.0113768
0.0110951
0.0114677
0.0113886
0.010783
0.0107986
0.0114386
0.0108863
0.0114091
0.0114238
0.0108788
0.0045242
0.029022
0.0159783
0.0107463
0.0014754
0.0131061
0.00971738
0.00988601
0.00987634
0.00979612
0.0142016
0.0138645
0.0100539
0.0129527
0.0102412
0.0130859
0.0126199
0.0120536
0.0123192
0.0118182
0.0121507
0.01177
0.0119636
0.0104356
0.0120226
0.0109132
0.0107982
0.0118275
0.0106748
0.0105752
0.0106713
0.0113684
0.0106494
0.0107428
0.0115767
0.0115566
0.0106869
0.0116501
0.0107158
0.0115234
0.0115441
0.0107592
0.0107683
0.0115572
0.01097
0.0111094
0.0114209
0.0113793
0.0114493
0.0108307
0.0111644
0.0109447
0.0108285
0.0108431
0.0108522
0.0108555
0.0113577
0.0114122
0.0114234
0.0109301
0.0108822
0.00184298
0.00262433
0.0252187
0.0129761
0.00920555
0.00804235
0.0113699
0.00878969
0.00981827
0.0123166
0.0089019
0.00914826
0.0099447
0.012056
0.0100434
0.0109844
0.0114732
0.01194
0.00996856
0.0119189
0.0103475
0.0106286
0.0105077
0.011655
0.0103998
0.0104903
0.0107817
0.0105101
0.0112762
0.0114359
0.010625
0.0106185
0.0115209
0.0111315
0.0107248
0.0114803
0.0107124
0.0107577
0.0107849
0.0177107
0.0105361
0.0198084
0.0120282
0.0310021
0.0104333
0.0202875
0.015983
0.00951863
0.0137723
0.0106471
0.0129324
0.00979688
0.00992004
0.010018
0.0104858
0.0119523
0.0107271
0.011722
0.0103661
0.0103821
0.0114915
0.0108233
0.0119397
0.010437
0.0111978
0.0105898
0.0105434
0.0114546
0.0117933
0.0117303
0.011683
0.0106376
0.0116555
0.0110305
0.0107377
0.0110392
0.0109318
0.011073
0.0113472
0.0107709
0.0107475
0.0114302
0.0108473
0.010777
0.0110064
0.0111295
0.0108699
0.0114912
0.0108632
0.0111835
0.0109252
0.0113115
0.0114349
0.0113706
0.0108483
0.0114379
0.010963
0.0111572
0.0111841
0.0113942
0.0110153
0.0450426
0.027967
0.0138125
0.0162069
0.0211851
0.0128539
0.0184177
0.0100407
0.01005
0.0108277
0.0123684
0.0124165
0.0132543
0.0133325
0.010252
0.0115649
0.0102163
0.0103318
0.0104431
0.0120803
0.0124743
0.0103685
0.0119734
0.0114593
0.0118406
0.0120464
0.0120137
0.0110856
0.0106014
0.0116773
0.0118242
0.0107544
0.0117079
0.0111296
0.0116214
0.0113822
0.0116714
0.0116203
0.0115398
0.0107297
0.0107496
0.0115899
0.0107646
0.0109086
0.0115216
0.0114735
0.0114954
0.0114451
0.0109852
0.011448
0.0110953
0.0110442
0.0108582
0.0108856
0.0114008
0.0114074
0.0108706
0.0113594
0.0113882
0.0112847
