0.0108889
0.00331855
0.00295442
0.00300689
0.00196638
0.00124604
0.000269645
0.00028655
0.00109378
0.00125205
0.00109215
0.00109233
0.00109184
0.00109208
0.00112216
0.00111305
0.00114018
0.00105362
0.00109384
0.00106219
0.00109778
0.00113567
0.00113189
0.00113314
0.0010901
0.00111152
0.00106429
0.00112672
0.00110715
0.00112565
0.00106855
0.00108362
0.00109713
0.00109265
0.00106386
0.00110103
0.00106865
0.00107595
0.00107608
0.00110506
0.00111038
0.00106859
0.00110946
0.00109172
0.00107545
0.00109029
0.00107408
0.00111212
0.00107932
0.00108573
0.0011113
0.00109763
0.00109181
0.00108678
0.00109364
0.00108222
0.00110727
0.00108267
0.00108222
0.00110214
0.00110117
0.00110533
0.0010843
0.00109472
0.00108835
0.00109639
0.00109221
0.000883822
0.00108814
0.000360618
0.00174531
0.00147261
0.00154139
0.00141873
0.000615389
0.00152707
0.00079531
0.00145336
0.00145284
0.00141368
0.00131343
0.00109451
0.00117112
0.00125063
0.000727555
0.00139047
0.00100431
0.000797348
0.0013397
0.000860083
0.000963801
0.000878686
0.00130501
0.000999968
0.000865067
0.000888516
0.00115673
0.000891814
0.00102372
0.00100466
0.000919493
0.000996628
0.0009294
0.00102281
0.00110703
0.000957025
0.00106688
0.00120659
0.00103016
0.00120874
0.00102717
0.00104631
0.0009798
0.000983454
0.00111214
0.000983622
0.00109221
0.00106363
0.00106988
0.000679055
0.00138406
0.00121706
0.000556501
0.00139564
0.000742106
0.00146545
0.000590297
0.0013153
0.000578012
0.000745555
0.00066354
0.000741486
0.00071612
0.000678878
0.00129661
0.00131959
0.00128385
0.00108541
0.00122283
0.00116004
0.000812538
0.000807459
0.0012112
0.00127654
0.000993968
0.000866743
0.000946213
0.00126276
0.00103664
0.000905137
0.000903839
0.00123584
0.00120704
0.00114878
0.00120805
0.00119036
0.00099347
0.00120441
0.00104348
0.000962894
0.000966885
0.00103342
0.00103902
0.000973344
0.00109221
0.00108078
0.00108328
0.000919911
0.00126555
0.00115637
0.000741313
0.00127486
0.000937761
0.00134852
0.000765504
0.00122305
0.000818264
0.000921269
0.000875293
0.000854311
0.000845268
0.000832957
0.00121741
0.00124324
0.00121397
0.0010883
0.00117304
0.00113299
0.000924121
0.000916427
0.00116665
0.00121665
0.00103388
0.000952858
0.00100426
0.00121109
0.00105798
0.000974232
0.000965583
0.00119125
0.00116979
0.00112902
0.00117146
0.00115827
0.00102869
0.00116983
0.00106087
0.00100419
0.00100639
0.00105401
0.00105764
0.00101317
3.7056e-06
0.000369491
0.00109131
0.000609223
0.000891226
0.00107399
0.000856232
0.000715816
0.000953642
0.0010645
0.000837904
0.000944831
0.00106816
0.000830648
0.000832452
0.000858497
0.00119588
0.000919259
0.000890625
0.000917209
0.000925797
0.00118132
0.000944858
0.000947956
0.0010439
0.00116332
0.00100739
0.000979782
0.00109221
0.000733293
0.00108674
0.00109988
0.00108251
0.00109868
0.000895082
0.00106438
0.000992943
0.000920004
0.00112024
0.000946751
0.00112625
0.00104114
0.00120659
0.00095862
0.000957132
0.000971685
0.000965595
0.00107664
0.001087
0.00118232
0.00111921
0.000991951
0.00117115
0.00107039
0.00107489
0.00101264
0.00100381
0.00100951
0.00104569
0.00101765
0.00114932
0.00114341
0.00106472
0.00111786
0.00102558
0.00105846
0.00106855
0.00114195
0.00106788
0.0010412
0.00110352
0.00113281
0.00107956
0.00104936
0.0011114
0.00104885
0.00105957
0.00109221
0.00106262
0.000223498
0.00075129
0.000875554
0.000637801
0.00118797
0.000420944
0.00117958
0.000562144
0.00123883
0.00133565
0.000627575
0.00105668
0.000879446
0.00130523
0.0012224
0.000702013
0.000710449
0.000766833
0.00121476
0.0010139
0.000827592
0.00102119
0.0011812
0.000838231
0.00111419
0.00111249
0.000901831
0.00117917
0.0010605
0.000904418
0.00121799
0.00120647
0.000936044
0.00103088
0.00104769
0.00117229
0.00106612
0.00116424
0.00109221
0.00109316
0.00109221
0.00119157
0.00109167
0.00112488
0.00112944
0.00113734
0.00108021
0.00114187
0.00109328
0.00111126
0.0011279
0.00105799
0.0010718
0.00112986
0.00110123
0.00111067
0.00106407
0.00112359
0.0011186
0.00106745
0.00111148
0.00111021
0.00107072
0.00110379
0.00109007
0.00107629
0.00109737
0.00109469
0.00111243
0.0010998
0.00108664
0.00107263
0.00107275
0.00107361
0.001081
0.00107435
0.0010753
0.00109574
0.00108486
0.00109973
0.00108268
0.00110054
0.00107821
0.00109461
0.00107934
0.0011058
0.00109221
0.00115411
0.0003068
0.000868053
0.000744702
0.000768808
0.00116631
0.000875429
0.000997778
0.00088768
0.00109057
0.00109077
0.000937536
0.000912348
0.00102516
0.00110397
0.000529319
0.00108983
0.00107129
6.62461e-05
0.0014715
0.000227616
0.00040985
0.000675232
0.00141057
0.00081782
0.00138816
0.00108248
0.00102174
0.000588284
0.000994099
0.00109054
0.000578183
0.000744608
0.00111474
0.00120294
0.00124852
0.00124522
0.000963619
0.000792154
0.000804974
0.00107916
0.000931385
0.00109221
0.00109221
0.00109221
0.00109214
0.00109509
0.00117571
0.00117121
0.00105782
0.0011151
0.00102923
0.00105955
0.00106438
0.00103856
0.0010742
0.00114315
0.00110136
0.00103236
0.00113253
0.00107785
0.00106757
0.00104078
0.00105162
0.00111853
0.00108426
0.00105164
0.00110754
0.00105281
0.00105012
0.00110788
0.00106487
0.0011136
0.00109628
0.00109739
0.00111131
0.00109696
0.0011085
0.00109425
0.00109536
0.00106525
0.00106548
0.00106943
0.00110816
0.00108619
0.00108664
0.00110696
0.00111288
0.00110745
0.00109221
0.000923027
0.000974433
0.000970342
0.000998696
0.000677095
0.000720327
0.000790201
0.000795204
0.00123421
0.00112248
0.000825347
0.00125665
0.00119328
0.00119835
0.000971533
0.00112472
0.000907091
0.000948103
0.000960223
0.000931973
0.00100307
0.000960627
0.00104557
0.00108118
0.000965803
0.00096889
0.00104645
0.00103025
0.00108871
0.00101833
0.00100355
0.00101789
0.00101896
0.00100982
0.00101478
0.00109221
0.0101185
0.000753293
0.000137657
0.0013213
0.00114803
0.000452207
0.000473566
0.000578591
0.000346162
0.000296506
0.000343336
7.19829e-05
9.09849e-05
0.000601689
0.000628443
0.000602705
0.000632031
0.000471357
0.00109221
0.00107978
0.000546365
0.000954483
0.00100232
0.000810914
0.00114706
0.000722766
0.001141
0.000839543
0.00117479
0.00123803
0.000832252
0.00107668
0.000989723
0.0012207
0.00116709
0.000892894
0.000882785
0.000903065
0.00116488
0.00105164
0.000947881
0.00105494
0.00114502
0.000949613
0.00110584
0.00110487
0.00097637
0.0011447
0.00107532
0.000979969
0.00117117
0.00116346
0.00100102
0.00105781
0.0010673
0.0011415
0.00107766
0.0011366
0.00109221
0.00374523
0.000553372
0.00155198
0.000166656
0.000260335
0.00135686
0.00102735
0.000584068
0.000302079
0.00078591
0.000899265
0.000839933
0.000617548
0.0012981
0.000753468
0.00060005
0.000573005
0.000726936
0.00120294
0.000744136
0.000741508
0.00074022
0.000721593
0.000807669
0.000918805
0.000852147
0.00114498
0.00114353
0.000881364
0.000903574
0.0010995
0.000920342
0.000904451
0.000931333
0.000888007
0.00111596
0.000927716
0.00042411
0.000744651
0.00108169
0.00133515
0.000987858
0.0009925
0.0011313
0.000829179
0.000831258
0.000924214
0.00109585
0.00123308
0.000903478
0.00109623
0.000912676
0.00113429
0.00120441
0.000938368
0.00108406
0.00109139
0.00105905
0.00115282
0.000983948
0.00097833
0.0011127
0.00103436
0.00115248
0.000994951
0.00115996
0.000999664
0.00100276
0.0011311
0.00113956
0.00113299
0.00101957
0.00103226
0.00102568
0.00113436
0.00581779
0.00100093
0.000351042
0.00130968
0.000109505
0.000308877
4.81937e-05
0.000364302
0.000825746
0.00109222
0.00109224
0.00128137
0.00109088
0.001154
0.0012543
0.00113634
0.00111072
0.00111349
0.00106439
0.00110444
0.00120871
0.00112921
0.00105556
0.00101117
0.00116868
0.00112121
0.00103602
0.00108765
0.00109073
0.00101825
0.00116356
0.00114227
0.00113387
0.00111206
0.00113286
0.00115997
0.00115783
0.00103619
0.0010452
0.00108052
0.00113769
0.00107696
0.00107352
0.00114386
0.00113866
0.00105416
0.00112122
0.00105384
0.00106164
0.0010586
0.00106128
0.00111976
0.00113403
0.00113297
0.00106634
0.0011181
0.0011106
0.00112592
0.00112561
0.00111254
0.00106064
0.00106465
0.00106417
0.00110935
0.00112099
0.00107705
0.0128627
0.00305612
0.000281922
0.000288779
0.00144106
0.000264931
0.000121498
0.000439122
0.000341341
0.000763982
0.000519027
0.000566966
0.000781875
0.00085126
0.00111345
0.00101117
0.0010777
0.000723116
0.000722651
0.00109221
0.000794621
0.000701607
0.000470671
0.000181575
0.00139185
0.000814858
0.00062581
0.000661102
0.000702506
0.00121856
0.000639162
0.00019499
0.000805182
0.000304501
0.000722596
0.000652422
0.000607927
0.000640633
0.00105238
0.010823
0.00510356
0.00271623
0.00314022
0.000774897
0.000182734
0.000477516
0.00199159
0.000958022
5.37358e-05
0.00032512
0.000597598
0.000492713
9.25532e-05
8.2865e-05
0.000566145
0.000171022
0.00109221
0.00110842
0.00113636
0.00108647
0.000954744
0.00126928
0.00120053
0.00103366
0.0012128
0.00102128
0.00099846
0.00098447
0.00098912
0.00107131
0.00119885
0.00107886
0.00101767
0.00102536
0.00102202
0.00118348
0.0010796
0.0010549
0.00110903
0.00117757
0.00103603
0.0010626
0.0011712
0.00109415
0.0011705
0.00116807
0.00106187
0.0010312
0.00106847
0.00103313
0.00114968
0.00115552
0.00110755
0.00112979
0.00115149
0.0010446
0.00107146
0.00104394
0.00113967
0.00107661
0.0010735
0.00104942
0.00107386
0.0011395
0.0011146
0.00113522
0.0011192
0.0010992
0.00105477
0.00106815
0.00113016
0.00105711
0.00112973
0.00112704
0.00109302
0.00105824
0.00109221
0.00466334
0.00152576
4.55679e-05
0.000231796
0.00120079
8.09789e-05
1.85701e-05
0.000274506
7.57644e-05
0.000657442
0.00127151
0.000710654
0.00052658
0.000396955
0.000445242
0.000699493
0.00121632
0.00124532
0.000637767
0.000665506
0.000821452
0.000694003
0.000852547
0.00105884
0.00073756
0.00076737
0.00114711
0.00388121
1.37575e-05
0.000440766
0.000666108
0.000579706
0.000845074
0.000698
0.000627521
0.00117244
0.00104238
0.000871823
0.00110711
0.000899966
0.000859438
0.00095301
0.00107033
0.000940336
0.000928907
0.00090764
0.000695306
0.000445725
0.000285417
0.000346703
6.23476e-05
0.00040029
0.00059324
0.000234156
9.39019e-05
0.000934572
0.000404545
0.000560052
0.000314282
0.0010401
0.000585467
0.000895373
0.000862012
0.00109221
0.000557596
0.000684918
0.000544331
0.000637753
0.000977643
0.000981556
0.000700227
0.000713692
0.000899017
0.00081593
0.000863394
0.000845441
0.0012216
0.000935304
0.000889121
0.0011096
0.0011679
0.000945067
0.000912628
0.000948091
0.00101122
0.000983014
0.000997734
0.00112154
0.00106645
0.00100684
0.00103374
0.005593
0.00090086
0.00274225
0.00168333
0.00178351
0.00221315
0.0011736
0.00117322
0.00036621
0.000437839
0.000238697
0.000224183
0.000151721
4.01335e-05
0.000803392
0.000549517
0.000399428
0.000821189
0.0397158
0.00451302
0.00224213
0.000590388
0.00124798
0.00011288
0.00187402
0.000517579
5.38565e-05
0.000517116
0.0008353
6.81168e-05
0.000142332
0.00052023
0.000761326
0.000112698
0.000416104
0.000224121
0.000371321
0.000446191
0.00109221
0.00109222
0.00109229
0.000966703
0.00104709
0.000990439
0.00115556
0.00098732
0.00103982
0.00109417
0.00102939
0.00111766
0.0010663
0.00118516
0.00118134
0.0010398
0.00110373
0.0011717
0.00116543
0.00109264
0.00102311
0.00113915
0.00108236
0.0010782
0.00112379
0.0010545
0.00114717
0.00103599
0.00103831
0.0010819
0.00114644
0.00114372
0.00104298
0.00114326
0.00108888
0.00105496
0.00105217
0.00112417
0.00113767
0.00105099
0.00109394
0.00113293
0.00106304
0.00113073
0.00109377
0.0011215
0.00108844
0.00112842
0.00112514
0.00109122
0.00111518
0.00109902
0.00106827
0.00106443
0.00108726
0.0011213
0.00106747
0.00106572
0.00111467
0.00108597
0.000582892
0.00129256
0.00131629
0.00089928
0.00107667
0.000558488
0.000241304
0.000104061
0.00024569
0.00080476
3.77015e-05
0.00108632
0.00029836
0.00122433
0.00128113
0.000670519
0.000958298
0.000773846
0.00134547
0.000681608
0.000709361
0.000752502
0.000814064
0.000838426
0.000774532
0.00101697
0.000926451
0.00084476
0.000898187
0.000913555
0.00117248
0.000898498
0.000925752
0.000919648
0.000926424
0.00105976
0.0011658
0.00101414
0.00109454
0.00108026
0.00109221
0.000637668
0.0012918
0.000962122
0.00101387
0.00100929
0.00123292
0.000859404
0.000907444
0.000870958
0.000932095
0.000911126
0.00100484
0.000955385
0.00103888
0.000993402
0.000943378
0.000955822
0.00118433
0.00102018
0.00101706
0.000984029
0.00098329
0.000994904
0.00111296
0.00107327
0.00111449
0.00104559
0.00109283
0.00103281
0.00111133
0.0010343
0.00112487
0.00102629
0.00112724
0.00109837
0.00104159
