0.0171592
0.0168283
0.0187453
0.0185785
0.0204611
0.0212276
0.0198511
0.0205442
0.0204121
0.0215947
0.0215017
0.0215021
0.0215122
0.0214648
0.0214762
0.021493
0.0215277
0.0215094
0.0215012
0.0215546
0.0215025
0.0215457
0.0214986
0.0214908
0.0214678
0.0214985
0.0215099
0.0215023
0.021485
0.0215361
0.0215326
0.0215358
0.0215348
0.0215096
0.0215323
0.021518
0.0215285
0.0215285
0.0215293
0.0215293
0.0215272
0.0215267
0.0215265
0.021485
0.0215251
0.0214853
0.0215211
0.0215123
0.0215134
0.0214886
0.021522
0.0215107
0.0215162
0.0214928
0.0214877
0.0214887
0.021508
0.0215136
0.0215042
0.0214906
0.02151
0.021505
0.0215164
0.0215029
0.0214887
0.0214983
0.0215017
0.020475
0.0215063
0.0214785
0.0214108
0.0210121
0.0220806
0.0216448
0.0217136
0.0210755
0.022038
0.0211687
0.0212365
0.0219189
0.021674
0.0213019
0.0218325
0.0218455
0.0217802
0.0212315
0.0218089
0.0217965
0.02133
0.0213071
0.0217442
0.0216285
0.0215953
0.0213351
0.0213063
0.0217083
0.0216999
0.0216835
0.0213242
0.0213521
0.0216331
0.021356
0.0213876
0.0216405
0.0213878
0.0216355
0.0216355
0.0216041
0.0215385
0.0216203
0.0214612
0.0215692
0.0216118
0.0214795
0.0215014
0.0202716
0.0223087
0.0214777
0.020768
0.0208639
0.0210431
0.0217147
0.0210078
0.0211033
0.0212277
0.021869
0.0210843
0.0211196
0.0218305
0.0216928
0.0217182
0.0215899
0.0211952
0.0215835
0.0217583
0.021755
0.0215252
0.0212531
0.0215918
0.021702
0.0216809
0.0214804
0.0216987
0.0212981
0.0215055
0.0216347
0.0216206
0.0215334
0.0213345
0.0215136
0.0213438
0.0213536
0.0216378
0.0213604
0.021482
0.0213832
0.0213717
0.0215711
0.0215474
0.0216128
0.0213847
0.0215947
0.0215138
0.0215015
0.0209424
0.0219681
0.0214921
0.0211101
0.0210997
0.0211945
0.0216016
0.0211909
0.0213096
0.0213729
0.0217284
0.0212375
0.0212953
0.0217184
0.0216062
0.0216257
0.0215494
0.021301
0.0215468
0.0216719
0.0216722
0.0215148
0.0213434
0.0215544
0.0216288
0.0216146
0.0214891
0.0216332
0.0213634
0.021504
0.0215856
0.0215761
0.0215212
0.021387
0.0215091
0.0213958
0.021401
0.0215938
0.0214042
0.0214893
0.0214238
0.0214145
0.0215468
0.0215312
0.0215781
0.0214214
0.0215643
0.0215096
0.0213808
0.021062
0.0210664
0.0212832
0.0212358
0.0213466
0.0217023
0.0212342
0.0212946
0.0214036
0.0213491
0.0213121
0.0214867
0.0213444
0.0215951
0.0216259
0.0213503
0.0213998
0.0213714
0.0213703
0.0215
0.0214042
0.0215181
0.0214025
0.021531
0.0215594
0.0211119
0.0212596
0.0215016
0.0213729
0.0213108
0.0216607
0.0213352
0.0215323
0.0216532
0.0214169
0.0216227
0.0213817
0.0215232
0.0215798
0.0215165
0.021546
0.0215589
0.0215356
0.0215883
0.0214337
0.0214904
0.0215949
0.0215866
0.021415
0.0215086
0.0214809
0.0215654
0.021458
0.0214264
0.0215705
0.0215681
0.0215384
0.0214916
0.0214379
0.0215007
0.0214447
0.0214808
0.021534
0.0215108
0.0214936
0.0214986
0.021534
0.0214526
0.0214726
0.0215455
0.0214572
0.0215389
0.0214934
0.0214836
0.0214928
0.0197928
0.0213416
0.0209723
0.0209338
0.0216999
0.0218645
0.0212321
0.0210028
0.0218155
0.0213647
0.0216557
0.0211684
0.0212966
0.0216295
0.0216196
0.0216642
0.021662
0.0213483
0.0212762
0.0212544
0.0213181
0.0213313
0.0214242
0.0215081
0.0214571
0.0213403
0.0215763
0.0215248
0.0213559
0.0213603
0.0213704
0.0215662
0.0214555
0.0213922
0.021494
0.0215055
0.0215112
0.0215017
0.0215846
0.0214974
0.0214999
0.0214526
0.0215543
0.0215523
0.0215198
0.0214581
0.0215195
0.0215456
0.0214812
0.021539
0.0215174
0.0214742
0.0215105
0.0215282
0.0214707
0.0215349
0.0214933
0.021534
0.0214738
0.0215297
0.021485
0.021529
0.0214904
0.0214922
0.0215188
0.0214929
0.021523
0.0215221
0.0215063
0.0214819
0.02152
0.021512
0.0215152
0.0214963
0.0215098
0.0214979
0.0214946
0.0215137
0.0214916
0.021508
0.0214882
0.0215006
0.0214977
0.0213177
0.02094
0.0211204
0.0213225
0.0211856
0.021207
0.0212705
0.0213093
0.0214073
0.0212645
0.0214425
0.0213736
0.0213501
0.0213647
0.0214101
0.0213667
0.021399
0.0214412
0.0200312
0.020273
0.0210139
0.0211495
0.0210128
0.0212956
0.0218355
0.0217937
0.0211523
0.0212134
0.0212909
0.0210539
0.0209738
0.0211206
0.0215648
0.0216878
0.0217067
0.0217245
0.021288
0.0212043
0.0212057
0.0212445
0.0213094
0.0215596
0.021632
0.0213173
0.0215076
0.0216148
0.0213641
0.0215063
0.0217089
0.021499
0.0216495
0.0213984
0.0215216
0.021454
0.0214932
0.0215164
0.0215196
0.0214895
0.0214438
0.0214619
0.0215682
0.0214731
0.0215062
0.0214448
0.0214601
0.0215303
0.02154
0.0214628
0.0215525
0.0215514
0.0215313
0.0214637
0.0215138
0.0215404
0.0214653
0.0214685
0.0214647
0.0215314
0.021482
0.021469
0.021508
0.021533
0.0215327
0.0214956
0.0215319
0.0215307
0.0215194
0.0215106
0.0215268
0.0214867
0.0215213
0.0214921
0.0214938
0.0215108
0.0214817
0.0214619
0.0215003
0.0208742
0.0214785
0.0211803
0.0213641
0.0214052
0.0211944
0.0217085
0.0216268
0.0214486
0.0216431
0.0216087
0.0214534
0.0214455
0.0215347
0.0215666
0.021507
0.0213681
0.0215377
0.0214102
0.0215883
0.0213662
0.021565
0.021391
0.0214648
0.0215588
0.0214844
0.0214597
0.0214998
0.0214102
0.0214205
0.0215128
0.0215408
0.0214804
0.0214278
0.0214286
0.0215604
0.0124196
0.0175643
0.0214763
0.0197359
0.0195063
0.0217809
0.0199
0.0199493
0.0207714
0.0204187
0.0208522
0.0204929
0.0209166
0.0213968
0.0215977
0.0208609
0.021141
0.021021
0.0213955
0.0215015
0.0214983
0.0214711
0.0211815
0.0212075
0.0212133
0.0213543
0.0212367
0.0215063
0.0212981
0.0215782
0.0214889
0.0215586
0.0216219
0.0213466
0.0216366
0.0216378
0.0213552
0.0213791
0.0216044
0.0214123
0.0215335
0.0215808
0.0213928
0.0214562
0.0213999
0.0214109
0.0215799
0.0214146
0.0215528
0.0214887
0.0214812
0.0215421
0.0214293
0.0214376
0.021432
0.0215631
0.021483
0.0179439
0.0205331
0.0200965
0.0210988
0.0214858
0.0213761
0.0212854
0.0207632
0.0206673
0.0210378
0.0211686
0.0217941
0.0218308
0.0211564
0.0210595
0.0217409
0.0212054
0.0211982
0.0215764
0.021124
0.0213341
0.0215616
0.02128
0.0212099
0.0212899
0.0214161
0.0212824
0.0214675
0.0216507
0.0216617
0.0216526
0.0213727
0.0215706
0.0213792
0.0213485
0.0216142
0.0208206
0.0215926
0.0214561
0.0212432
0.0212205
0.0212663
0.0216134
0.0215899
0.02167
0.0216158
0.0214143
0.0215854
0.0216055
0.0214726
0.021447
0.0215933
0.0216108
0.021483
0.0214191
0.0215943
0.0214127
0.0214087
0.0214723
0.021418
0.0215781
0.0214318
0.0215634
0.021447
0.0214288
0.0215559
0.021552
0.0215225
0.0214984
0.0214757
0.0215041
0.0214474
0.0214827
0.0202157
0.0214865
0.0208544
0.0216052
0.0201546
0.020514
0.0208388
0.020845
0.0209877
0.0215032
0.0215253
0.0215018
0.021695
0.0213262
0.0214751
0.0214924
0.0214638
0.0214108
0.0214962
0.0214048
0.0216165
0.0215582
0.0214921
0.0214793
0.0214917
0.0215984
0.0214395
0.0214249
0.0214939
0.0215234
0.0215233
0.0215749
0.0215669
0.0215772
0.0215051
0.0214762
0.0215556
0.0215625
0.0215517
0.0215479
0.0215132
0.0214779
0.0215256
0.0215487
0.0214924
0.0215521
0.0214633
0.0215257
0.0215377
0.0214897
0.0215274
0.0214734
0.0215257
0.0215052
0.0214723
0.0214676
0.0214776
0.0215062
0.02154
0.0215389
0.0214708
0.021522
0.0215231
0.0215347
0.0215263
0.0215328
0.0215325
0.0215268
0.0211028
0.0208958
0.0217411
0.0208123
0.0206606
0.0203835
0.0210493
0.0208588
0.0213172
0.0208943
0.0211131
0.0209776
0.0209933
0.021126
0.0215658
0.0211166
0.0213114
0.0211427
0.0212137
0.0213579
0.0153318
0.0188822
0.021474
0.0202987
0.0201605
0.0217194
0.0203598
0.02039
0.0209586
0.0206694
0.0209894
0.0207455
0.0210388
0.0214188
0.0215781
0.0210053
0.0212197
0.0211214
0.0214169
0.0056367
0.0181493
0.0176165
0.0179261
0.0213194
0.0191506
0.0218334
0.019771
0.0206972
0.0210175
0.0209196
0.0206017
0.0208968
0.0205171
0.0205615
0.0208176
0.0212513
0.0215017
0.0214286
0.0215635
0.0215768
0.0213062
0.0215052
0.0215308
0.0214957
0.0214859
0.0215321
0.0215514
0.0214765
0.0214829
0.0214225
0.0216048
0.0215202
0.0215196
0.0216037
0.0215076
0.0214282
0.0215934
0.0215741
0.0215102
0.0215233
0.0214912
0.0214914
0.0214342
0.0215802
0.0214758
0.0214645
0.0215488
0.0215539
0.0215312
0.0214678
0.021563
0.0214682
0.0215617
0.0215518
0.02145
0.0215532
0.0215508
0.021539
0.0214883
0.0214671
0.021489
0.0214745
0.0214784
0.0215214
0.0215405
0.0215103
0.0214917
0.0214812
0.0215052
0.0215312
0.0215337
0.0215364
0.0215302
0.0172025
0.0175058
0.0205065
0.0208223
0.0208351
0.020849
0.0204044
0.0206289
0.0208193
0.0207595
0.0213237
0.0209754
0.0213541
0.0209807
0.021532
0.0213816
0.0212252
0.0214379
0.021683
0.0216822
0.0210966
0.021288
0.0216701
0.0214778
0.0213052
0.0212278
0.0212276
0.0215326
0.0212579
0.0190478
0.0205059
0.020804
0.0210003
0.0214702
0.0211759
0.0214337
0.0212864
0.0216193
0.0213756
0.0213451
0.021536
0.0213437
0.0213184
0.0215303
0.0213379
0.0213972
0.0214318
0.0214798
0.0202741
0.0189875
0.0206413
0.0198586
0.0201976
0.0209012
0.0212712
0.0217107
0.0216669
0.0208221
0.0208984
0.0216005
0.0215114
0.0210246
0.021324
0.0216394
0.0212547
0.0212972
0.0215643
0.0215016
0.0209285
0.0214056
0.0211468
0.0214198
0.0212034
0.0216771
0.0214999
0.0215907
0.0214192
0.0212955
0.021626
0.0215499
0.021314
0.0213629
0.0216204
0.0213543
0.0214521
0.0215936
0.0214404
0.0213998
0.0215548
0.0215298
0.0214067
0.0214147
0.0215001
0.0214197
0.0214375
0.0181127
0.0150973
0.0176549
0.0218132
0.0210705
0.0202064
0.0206409
0.0205601
0.0200914
0.0196452
0.0205142
0.0209555
0.0215372
0.0214752
0.0207546
0.0207363
0.0210583
0.021047
0.0210185
0.0137419
0.0181392
0.0173608
0.0217117
0.019914
0.0197283
0.0207032
0.0200013
0.0214774
0.0210311
0.0217853
0.0205729
0.0216528
0.0206541
0.0213535
0.0216914
0.0209342
0.0210703
0.0215025
0.0215751
0.0215021
0.0216062
0.0215139
0.0215066
0.0216461
0.0216348
0.0214132
0.0215407
0.021614
0.0216092
0.0216044
0.0215111
0.0215594
0.0215431
0.0215606
0.021584
0.0214741
0.021438
0.0215682
0.0215743
0.0215657
0.0215112
0.0215681
0.0214929
0.0215633
0.0214889
0.0215324
0.0215369
0.0215294
0.0214614
0.0215514
0.0215183
0.0214634
0.0214744
0.0215475
0.0214651
0.0214638
0.0214921
0.0215283
0.0215404
0.0214849
0.0215297
0.0215388
0.021473
0.0215276
0.0214934
0.021535
0.0215261
0.0215344
0.0214801
0.0214859
0.0215284
0.02153
0.0214838
0.0214932
0.0214792
0.0181676
0.0189002
0.01911
0.0208336
0.0203757
0.0203625
0.0206453
0.0205944
0.0212629
0.0194074
0.0214194
0.0214491
0.0208582
0.0213773
0.0211073
0.0212088
0.0211647
0.0211404
0.0212897
0.0215813
0.0212055
0.021492
0.0215071
0.0215706
0.0216568
0.021519
0.0213409
0.021594
0.021412
0.0215956
0.0214577
0.0214831
0.0214061
0.0213847
0.0214186
0.02151
0.0215717
0.0215011
0.0215016
0.0214985
0.0211493
0.0212236
0.0215886
0.021286
0.0216025
0.0213113
0.0215888
0.0214218
0.0213944
0.0213741
0.0214437
0.0213768
0.0214863
0.0213877
0.0213905
0.0214022
0.0215536
0.0215669
0.0215781
0.0214478
0.0214251
0.0214216
0.0214823
0.0214381
0.021545
0.0215073
0.0214851
0.0214411
0.0214447
0.0215248
0.0214796
0.0215232
0.0214631
