0.0235495
0.0235425
0.0243492
0.0249871
0.0272306
0.0262758
0.0264635
0.0275355
0.0278246
0.0278788
0.0278257
0.0278279
0.0278339
0.0278302
0.0278412
0.0278375
0.0278123
0.0278326
0.0278092
0.0278516
0.0278507
0.0278381
0.0278375
0.0278242
0.0278199
0.0278167
0.0278327
0.0278231
0.0278404
0.0278414
0.0278433
0.027831
0.0278108
0.0278181
0.0278271
0.0278311
0.0278296
0.0278212
0.0278376
0.0278184
0.0278387
0.0278272
0.0278385
0.0278371
0.0278159
0.027818
0.0278278
0.0278179
0.0278183
0.0278255
0.0278174
0.0278345
0.0278339
0.0278349
0.0278326
0.0278309
0.0278324
0.027825
0.0278275
0.0278191
0.0278328
0.0278319
0.027832
0.0278306
0.0278213
0.0278317
0.0278425
0.0276946
0.0283714
0.0282638
0.0276207
0.0276204
0.0281483
0.0276406
0.0281406
0.0280742
0.0280939
0.0280288
0.0280186
0.0278708
0.0277586
0.0277056
0.0279651
0.0277
0.0277042
0.02795
0.0279754
0.0279339
0.0279115
0.0279591
0.0278204
0.0277746
0.0279087
0.0279151
0.0277494
0.0277589
0.0279252
0.0279183
0.0277479
0.0279082
0.02781
0.0278103
0.0278793
0.0278438
0.0277675
0.0278733
0.0277828
0.0278903
0.0278096
0.0278642
0.0278809
0.027802
0.0277795
0.0278342
0.0281147
0.0272484
0.0278157
0.0273913
0.0280746
0.0280506
0.0278745
0.0275527
0.0275969
0.0276938
0.0278299
0.0277235
0.0279755
0.0276595
0.0276255
0.0279645
0.0279567
0.0276686
0.027699
0.027669
0.0276866
0.0276985
0.0278364
0.0279276
0.0277047
0.0279009
0.0279105
0.0279019
0.0278957
0.0279059
0.0278763
0.0277348
0.0278324
0.027823
0.0277637
0.0277854
0.0277515
0.0278782
0.0278728
0.027763
0.0278481
0.0277615
0.0278776
0.0277893
0.0278555
0.0278714
0.027872
0.0277747
0.028002
0.0274499
0.027821
0.0275587
0.0279824
0.0279698
0.0278478
0.0276783
0.0277145
0.0277655
0.0278271
0.027777
0.027914
0.0277128
0.0277157
0.0279154
0.0279138
0.0277226
0.0277372
0.0277283
0.0277381
0.02775
0.0278314
0.0278959
0.0277518
0.0278726
0.027881
0.0278753
0.0278708
0.0278802
0.0278573
0.0277674
0.0278294
0.0278236
0.0277864
0.0278002
0.0277773
0.02786
0.0278567
0.0277841
0.0278398
0.0277817
0.0278611
0.0278017
0.0278451
0.0278565
0.0278572
0.0277907
0.0274347
0.0277704
0.0272629
0.0275204
0.0275047
0.0275194
0.027887
0.027767
0.027608
0.0277197
0.0277026
0.0277062
0.0277416
0.0277304
0.0276722
0.0277525
0.0276936
0.0277047
0.0277144
0.0278029
0.0277762
0.0277445
0.0277637
0.0277398
0.0278515
0.0277543
0.0277606
0.0277563
0.0278422
0.0277607
0.0278283
0.0278215
0.027681
0.0279238
0.0278333
0.027727
0.0278569
0.027797
0.027866
0.0277459
0.0278555
0.0277741
0.0278291
0.0277745
0.0278806
0.0277999
0.027875
0.0277809
0.0277707
0.0278634
0.0278674
0.0277779
0.0277826
0.0278343
0.0278262
0.0278637
0.0277839
0.0277855
0.0278573
0.0277891
0.027821
0.0278531
0.0278407
0.0278049
0.0278168
0.0277973
0.027799
0.0278093
0.0278218
0.0278352
0.0278349
0.027806
0.027801
0.0278458
0.027839
0.0278041
0.0278358
0.0278045
0.0278148
0.0273236
0.0276771
0.0276366
0.0276729
0.0273954
0.0274232
0.0274663
0.0276086
0.0275324
0.0278194
0.0275876
0.027574
0.0278535
0.0276779
0.0278931
0.0279186
0.0276788
0.0277144
0.0279052
0.0278693
0.0277139
0.0278993
0.0278867
0.0277183
0.0277237
0.027727
0.0278014
0.0278015
0.0278576
0.0277483
0.0277293
0.0277871
0.0277545
0.0277479
0.0277604
0.0277599
0.0277563
0.0277582
0.0277688
0.0279081
0.0278267
0.0278087
0.0278665
0.0278709
0.0278289
0.0278279
0.0278177
0.0278378
0.0278345
0.0278505
0.027846
0.0278465
0.0278149
0.0278279
0.0278311
0.0278333
0.0278418
0.0278423
0.0278311
0.0278406
0.0278139
0.0278373
0.0278333
0.0278138
0.0278348
0.0278134
0.0278374
0.0278326
0.0278363
0.0278316
0.0278303
0.0278364
0.0278366
0.02783
0.0278351
0.0278232
0.0278206
0.0278332
0.0278301
0.0278336
0.0278247
0.0278266
0.0278293
0.0278247
0.0278182
0.0278241
0.0278236
0.0278319
0.0278261
0.0277567
0.0276246
0.0276627
0.027416
0.0275723
0.0278758
0.0278033
0.0276942
0.0275925
0.0278105
0.0278607
0.0276815
0.0276429
0.0277583
0.0276911
0.0277035
0.0277076
0.0278435
0.0277398
0.0256093
0.0261064
0.0263413
0.0273663
0.0268591
0.0279365
0.0272651
0.0273086
0.0275181
0.0278814
0.0274157
0.0274047
0.0274846
0.027773
0.0276123
0.0278134
0.0276057
0.0278617
0.0275967
0.0277226
0.0276922
0.0276566
0.027827
0.0278425
0.0277403
0.0276902
0.0278312
0.0278246
0.027824
0.0278578
0.0278139
0.027812
0.0277875
0.0278097
0.0278643
0.0277921
0.0278588
0.0278147
0.0277954
0.0278307
0.0278412
0.0278424
0.0278454
0.0278053
0.0278508
0.0278406
0.0278286
0.0278221
0.0278116
0.0278465
0.0278073
0.0278314
0.0278096
0.0278247
0.0278376
0.0278362
0.0278254
0.0278379
0.0278156
0.0278416
0.0278133
0.0278388
0.0278296
0.0278315
0.0278353
0.0278175
0.0278127
0.0278309
0.0278315
0.0278168
0.0278148
0.027817
0.0278157
0.0278181
0.0278173
0.0274268
0.027676
0.0277532
0.0277917
0.0277583
0.0276288
0.0277997
0.0278425
0.0277908
0.02775
0.0277271
0.0277569
0.0277357
0.0277118
0.0278488
0.0277153
0.0277261
0.0278282
0.027869
0.0277862
0.0277529
0.0277807
0.0278589
0.0278083
0.0278554
0.0278031
0.0277721
0.0277605
0.0278366
0.0278084
0.027788
0.0278121
0.0277778
0.0277719
0.0278027
0.0278042
0.027845
0.0277912
0.0277833
0.0278037
0.0271874
0.0259644
0.0259821
0.0258189
0.0262259
0.0262747
0.0271636
0.0267586
0.0267706
0.0268344
0.0270179
0.0270416
0.0270733
0.0278408
0.0274328
0.027411
0.0273627
0.027629
0.0276044
0.0277669
0.027746
0.0277634
0.0275908
0.0276425
0.0276449
0.0277338
0.0276825
0.0278247
0.0276953
0.0276973
0.0278421
0.0277341
0.0278647
0.0278813
0.0277518
0.0277558
0.0278738
0.0278514
0.0277663
0.0278708
0.0278624
0.0277619
0.02777
0.0277668
0.0278128
0.0278128
0.0278448
0.0277773
0.0277692
0.0278042
0.0277817
0.0277801
0.0277886
0.0277878
0.0277837
0.0277846
0.0277902
0.0270614
0.0271338
0.0265761
0.0276679
0.0274582
0.0274039
0.0271422
0.0274473
0.027889
0.0274834
0.0275789
0.027622
0.027592
0.027934
0.0276057
0.0274657
0.0276388
0.0279498
0.0275592
0.0275517
0.0275889
0.027681
0.0276123
0.0278291
0.027636
0.0276648
0.0276905
0.0278201
0.0278586
0.0278509
0.0276613
0.0276951
0.0277424
0.0277139
0.0277133
0.0277698
0.0277818
0.0277454
0.0276958
0.0276668
0.0278108
0.027766
0.027762
0.0276987
0.0277046
0.027713
0.0278873
0.0278787
0.0278655
0.0278775
0.0277429
0.0278619
0.0277893
0.0278444
0.0277613
0.0278675
0.0277665
0.0277706
0.027778
0.0277689
0.0278132
0.0278098
0.0278541
0.0278016
0.0277807
0.0278351
0.0277833
0.0278522
0.0278314
0.0278006
0.0278022
0.0278234
0.0278464
0.0277948
0.0274003
0.0268082
0.0261935
0.0261704
0.0272152
0.0266708
0.0272429
0.0270416
0.027178
0.0278248
0.0278294
0.0278384
0.027829
0.0279382
0.0278441
0.0279124
0.0278181
0.0278487
0.0278929
0.0278459
0.0278414
0.0278459
0.0278444
0.027823
0.0278849
0.0278801
0.0278718
0.0278278
0.0278719
0.0278715
0.027872
0.0278227
0.0278081
0.0278661
0.0278582
0.0278119
0.0278409
0.0278094
0.0278142
0.0278191
0.0278606
0.0278301
0.0278591
0.0278287
0.0278512
0.0278567
0.0278379
0.0278549
0.0278161
0.0278292
0.0278163
0.0278503
0.0278498
0.0278344
0.0278481
0.0278257
0.0278443
0.0278436
0.0278449
0.0278121
0.0278436
0.0278437
0.0278156
0.0278323
0.0278406
0.0278422
0.0278403
0.0278121
0.0277201
0.0265365
0.0277145
0.0273833
0.0267542
0.0276342
0.0270342
0.0278885
0.0276142
0.0275562
0.0273548
0.0274682
0.0274271
0.0276664
0.0275127
0.0276564
0.0275654
0.0277294
0.0278119
0.0274244
0.0265292
0.026587
0.0263885
0.0266387
0.0267115
0.0273233
0.0270357
0.0270404
0.0270814
0.0272072
0.0272283
0.0272482
0.0278374
0.0275141
0.0275004
0.0274625
0.0276671
0.0276423
0.0254282
0.0251615
0.0275121
0.0242725
0.0258408
0.0251658
0.0259558
0.0273172
0.027039
0.0262338
0.0272771
0.0268004
0.0267242
0.026906
0.0270471
0.0273142
0.0271019
0.0275329
0.0278246
0.0278249
0.0279185
0.0278533
0.027844
0.0278139
0.027916
0.0278413
0.0278924
0.0278323
0.0278248
0.0278734
0.0279009
0.0278829
0.0278986
0.0278217
0.0278847
0.0278804
0.0278406
0.0278705
0.0278791
0.0277877
0.0278195
0.0278748
0.0278056
0.0278671
0.0278606
0.0278498
0.0278676
0.0278625
0.0278
0.027861
0.0277979
0.0277967
0.02783
0.0278409
0.0278333
0.0278553
0.0278048
0.0278573
0.0278298
0.0278496
0.0278166
0.0278534
0.0278503
0.0278389
0.0278499
0.0278398
0.0278421
0.0278455
0.0278261
0.0278458
0.0278222
0.0278457
0.0278454
0.0278415
0.0278107
0.0270779
0.0264171
0.0271406
0.0270295
0.0270503
0.0269458
0.0269615
0.0276449
0.0276415
0.0278265
0.0275481
0.0277181
0.0272482
0.0275978
0.027714
0.0273565
0.0278084
0.0275473
0.027603
0.0275152
0.0276927
0.0275293
0.0275353
0.0275616
0.0278153
0.0275928
0.0277548
0.0277047
0.0260182
0.0268449
0.0273805
0.0276027
0.0276511
0.0277117
0.0275625
0.0275355
0.0276654
0.0278243
0.0276246
0.0276493
0.0278559
0.027726
0.0277179
0.0276896
0.0277547
0.0276952
0.0278055
0.0277882
0.026885
0.0275126
0.0266433
0.0268224
0.0272448
0.0268941
0.0274555
0.0274174
0.0274781
0.0271916
0.0273097
0.02748
0.0274967
0.0277028
0.0274377
0.0276467
0.0275414
0.0276668
0.0274958
0.0277799
0.0273365
0.0275536
0.0275508
0.0275587
0.0278792
0.0277729
0.027635
0.0277327
0.0277158
0.0277208
0.0277512
0.0277415
0.0276906
0.02776
0.0277087
0.027718
0.0277264
0.0278048
0.027781
0.0277528
0.0277699
0.0277486
0.0278486
0.0277614
0.027767
0.0277632
0.0278403
0.027767
0.0275088
0.0263195
0.0244048
0.0242734
0.0245542
0.0271981
0.0274891
0.0265382
0.0273398
0.0270536
0.0279151
0.0274806
0.0274053
0.0271842
0.0274161
0.0276185
0.0274581
0.027403
0.0258298
0.0219231
0.0271232
0.025614
0.0253188
0.0256471
0.0259781
0.0266941
0.0274575
0.0275202
0.0275414
0.0271706
0.0274092
0.0268458
0.0269458
0.0274541
0.0276438
0.0272845
0.0278239
0.027316
0.0286969
0.0278246
0.0279987
0.0279888
0.0278285
0.0278193
0.0278418
0.0278979
0.027888
0.0278723
0.0278659
0.0278364
0.0278486
0.0278649
0.0278384
0.0278018
0.0278755
0.027793
0.0278161
0.0278602
0.0278636
0.027858
0.0278239
0.0278213
0.0278601
0.0278588
0.0278201
0.0278616
0.0278065
0.0278293
0.027845
0.0278133
0.0278248
0.0278287
0.0278492
0.0278201
0.027852
0.027807
0.0278503
0.0278496
0.0278457
0.0278427
0.0278488
0.0278379
0.0278389
0.0278414
0.0278414
0.0278106
0.0278388
0.0278121
0.0278373
0.0278423
0.027833
0.0278192
0.0278241
0.0278221
0.0278279
0.0278391
0.0266495
0.0268757
0.0271247
0.0276458
0.027566
0.0269887
0.0272208
0.0271269
0.0278234
0.0278246
0.0276666
0.0273247
0.0276864
0.0274905
0.0275726
0.0276075
0.0277823
0.0276304
0.0278124
0.0277668
0.0278381
0.0278989
0.0277499
0.0277443
0.0276809
0.0277269
0.0277018
0.0278472
0.0277292
0.027855
0.0277269
0.0278232
0.0277332
0.0277678
0.0277651
0.0277948
0.0278417
0.0278246
0.0278231
0.0277046
0.0277887
0.0276871
0.0278716
0.0277148
0.0278275
0.0277275
0.0278292
0.0277346
0.0278531
0.0278161
0.0277549
0.0277521
0.0277962
0.02785
0.0277718
0.0278456
0.0278246
0.0278481
0.0277835
0.0278522
0.0278113
0.0277809
0.0278507
0.0278339
0.0278431
0.0277884
0.0277916
0.0278464
0.0278293
0.027806
0.0277961
0.0277996
