0.00170837
0.0114931
0.00222525
0.00131215
0.0042944
0.00245515
0.00653858
0.00602201
0.00674983
0.00748364
0.00620877
0.00610669
0.00601501
0.00610939
0.00610836
0.00592319
0.00605859
0.00610903
0.00614668
0.0063854
0.00609175
0.00591857
0.00635033
0.00617256
0.00591089
0.00604884
0.00627573
0.00594989
0.00607089
0.00592843
0.00629213
0.00616344
0.00619342
0.00606143
0.00599597
0.00622317
0.00626918
0.00616173
0.00602317
0.00605579
0.00612548
0.00623336
0.00597701
0.0062389
0.00617675
0.00598976
0.00602798
0.00616421
0.00599387
0.00599796
0.00608183
0.00600429
0.00602966
0.00620953
0.0061743
0.00618349
0.00620004
0.00613269
0.00615078
0.00604021
0.00617328
0.00613213
0.00612819
0.00618636
0.00607637
0.00607404
0.00611403
0.00614576
0.00609041
0.00603848
0.0186269
0.000875069
0.00598033
0.00578525
0.00562046
0.00587565
0.00572092
0.00781064
0.00395094
0.00683888
0.0083353
0.00797643
0.00423267
0.00419558
0.0067699
0.00795585
0.00455479
0.00449993
0.00468793
0.00759221
0.00519014
0.00612273
0.00720684
0.00550237
0.00503022
0.00725893
0.00625454
0.00666401
0.00513453
0.00664894
0.0054048
0.00521567
0.00527849
0.00633349
0.00527649
0.0057837
0.00558952
0.00683448
0.00632233
0.00614745
0.00673893
0.00639832
0.00553958
0.0065506
0.00554961
0.00554881
0.00610696
0.0117892
0.00866632
0.00974484
0.0038902
0.00635328
0.00309409
0.0046181
0.00692499
0.00366963
0.00525072
0.00787599
0.00602387
0.00429739
0.00783085
0.00500347
0.00484819
0.00537079
0.00457499
0.00701536
0.00686145
0.00485608
0.00690163
0.00675342
0.00636677
0.00509562
0.00512756
0.00715867
0.00717332
0.00517024
0.00668476
0.00517867
0.00656283
0.00526239
0.00694657
0.00557147
0.00534393
0.00536106
0.00679117
0.00539499
0.00564631
0.00546281
0.00576276
0.00669174
0.00623907
0.00662304
0.00563152
0.00558439
0.00610696
0.00977132
0.00725974
0.00856904
0.00512038
0.00620843
0.00451642
0.00545258
0.00645739
0.00458672
0.00570864
0.00701672
0.00606782
0.00488157
0.00710927
0.00551804
0.00542132
0.00571306
0.00507901
0.006628
0.00653558
0.00536251
0.00656458
0.00648479
0.00625827
0.00548689
0.00550408
0.00677518
0.00680321
0.00549995
0.00646658
0.0054979
0.00639123
0.0055442
0.00667619
0.00576816
0.00558408
0.00559377
0.00656475
0.00561347
0.00580933
0.00567962
0.0058846
0.00651074
0.00619268
0.00645369
0.00579062
0.0057556
0.00610696
0.00879408
0.00362554
0.00739389
0.00739449
0.00492842
0.00502029
0.00674171
0.00667143
0.00716468
0.00621828
0.00703667
0.00626492
0.00522371
0.00587335
0.00662676
0.00542594
0.00544219
0.00671303
0.00640388
0.00655251
0.00586342
0.00658104
0.00656639
0.00566929
0.00580835
0.00647635
0.00610696
0.0042827
0.00610943
0.00559262
0.00740399
0.00695139
0.00551666
0.00685553
0.00582352
0.00549773
0.0068315
0.00683003
0.00665582
0.0061356
0.00550166
0.00657055
0.0056924
0.00637126
0.00660831
0.00659911
0.00625541
0.00648675
0.00575392
0.00573213
0.00653037
0.00568176
0.00631239
0.00600443
0.00615685
0.00577191
0.00612192
0.00621085
0.00642852
0.00640233
0.00623622
0.0059903
0.00600535
0.00585138
0.00610607
0.00583701
0.00588074
0.00592343
0.0061761
0.00630964
0.00588693
0.0102287
0.00610864
0.00948501
0.00586986
0.00756305
0.00462927
0.00805535
0.00517813
0.00625969
0.00531604
0.006746
0.00753819
0.00458586
0.00486022
0.00566582
0.00477061
0.00566665
0.00531284
0.00485303
0.00713962
0.00561981
0.00658237
0.00617845
0.00656109
0.00514393
0.00588525
0.00552442
0.00587429
0.00544225
0.00629259
0.00649431
0.00679261
0.00585753
0.00643576
0.00653518
0.00551764
0.00599558
0.00591684
0.00610696
0.0061068
0.00605679
0.00638114
0.00653831
0.00602227
0.00629464
0.00609301
0.00592198
0.00605568
0.00612631
0.00626793
0.00588994
0.00606773
0.00601021
0.00594266
0.00600864
0.00593376
0.00626922
0.00592742
0.00594755
0.00627565
0.00594676
0.00613544
0.00625995
0.00622299
0.00625247
0.00619399
0.00618421
0.00619731
0.00620397
0.0059968
0.00603955
0.00603168
0.00620909
0.00608591
0.00600048
0.00620836
0.00601231
0.00615287
0.00608562
0.00617924
0.0060895
0.00601764
0.0060998
0.00604814
0.00604522
0.00618211
0.0061698
0.00603353
0.00610694
0.00449203
0.00558918
0.0050152
0.00657963
0.00693701
0.00571442
0.00551578
0.0057739
0.0056111
0.00570978
0.00606657
0.00562772
0.00614471
0.00636265
0.00616919
0.00599739
0.0043707
0.00610559
0.00524138
0.00829251
0.00460218
0.00859406
0.00584146
0.00375278
0.00324195
0.00406043
0.00791973
0.00438827
0.00442947
0.00710396
0.00441333
0.00702399
0.00736351
0.00729332
0.00626912
0.00722786
0.00533349
0.00527183
0.00510207
0.00622253
0.00526714
0.00633128
0.00666926
0.00609661
0.00539772
0.00656447
0.00630816
0.00610696
0.00522889
0.00545373
0.00621463
0.00557879
0.00594601
0.00649885
0.00596023
0.00650714
0.00639723
0.00640652
0.00641053
0.00586781
0.00597518
0.00591307
0.00641984
0.00625307
0.00585706
0.00629925
0.00618786
0.0062563
0.00609117
0.00634963
0.00623602
0.00620285
0.00626085
0.00619083
0.0062904
0.00629977
0.00605103
0.00611075
0.00611067
0.0061105
0.0059567
0.0060098
0.00602867
0.0062528
0.00601784
0.00622982
0.0060206
0.0060081
0.00605803
0.00605884
0.00600436
0.00618206
0.00622448
0.00600705
0.00610696
0.00610681
0.00609378
0.0052792
0.00740282
0.0069758
0.00565666
0.00689234
0.00708507
0.00683771
0.00578988
0.00627134
0.0060722
0.00657053
0.00648235
0.00593624
0.00576277
0.00545491
0.00664465
0.00662143
0.00639551
0.00552517
0.00643669
0.00638802
0.0065643
0.00649798
0.00564223
0.00652155
0.00592306
0.0057192
0.00647591
0.00611297
0.00609474
0.00583705
0.00602091
0.004279
0.00190791
0.000474571
0.00527106
0.00850283
0.00396775
0.00749552
0.00530268
0.00532806
0.0036056
0.00622091
0.00415917
0.00672795
0.00462079
0.00737009
0.00714994
0.00492968
0.00651533
0.00603824
0.00610696
0.00610696
0.00611143
0.00557315
0.00666008
0.00499293
0.00731985
0.00477869
0.00701051
0.00526404
0.00536485
0.00516083
0.00699853
0.00572971
0.0066071
0.00682748
0.00684592
0.00554268
0.00671672
0.00568647
0.00670391
0.00552699
0.00583459
0.00554857
0.0057123
0.00603144
0.00577132
0.00568688
0.00641227
0.00584008
0.00638242
0.00577005
0.00643996
0.00624071
0.0063099
0.00604445
0.00610696
0.0080465
0.00610671
0.00864469
0.00591827
0.00696588
0.00447503
0.00882583
0.00374256
0.0037528
0.00822246
0.00751217
0.00697816
0.00421962
0.00395185
0.00564404
0.00625491
0.00449658
0.00756726
0.00766263
0.00469411
0.00470336
0.00523587
0.00701457
0.00619045
0.00719783
0.00531795
0.00661505
0.005852
0.0058614
0.00545616
0.0052593
0.00557977
0.00687133
0.00569174
0.00535314
0.00567044
0.00665117
0.00673176
0.00610692
0.00611299
0.00318536
0.00612222
0.00731135
0.006838
0.00634995
0.00551768
0.00582864
0.00516611
0.00525877
0.00528866
0.00686333
0.00685115
0.00574371
0.00587501
0.00631863
0.00544503
0.00665733
0.00547998
0.00553786
0.00632979
0.00663488
0.00661923
0.00569409
0.00586562
0.0063309
0.00595011
0.00620611
0.00649177
0.00612201
0.00584858
0.00589755
0.00581007
0.00597769
0.00584147
0.00589751
0.00626179
0.00618282
0.00600265
0.00608926
0.00509502
0.00111837
0.00313866
0.00412509
0.00516712
0.00474705
0.00473674
0.00709007
0.00530353
0.00610696
0.00610696
0.0047346
0.0061211
0.00575533
0.00701504
0.00619111
0.00621139
0.00551288
0.00633659
0.00573882
0.00657821
0.00646399
0.00557553
0.00598787
0.00663608
0.0065567
0.0058683
0.00592935
0.00652477
0.00643605
0.00632024
0.00652654
0.00609148
0.00605071
0.00634987
0.00575105
0.00583908
0.0058479
0.00620562
0.00635917
0.00640431
0.00640006
0.00593599
0.00627031
0.00638925
0.00631981
0.00590996
0.00613459
0.00590718
0.00631922
0.00596903
0.00624371
0.00588493
0.00597662
0.00625306
0.00630919
0.00623975
0.00629206
0.00594338
0.00627715
0.00607177
0.00623119
0.0059963
0.00615056
0.00612822
0.00599498
0.0161102
0.0114424
0.00812758
0.00731838
0.0071183
0.00402407
0.00436253
0.00631561
0.0070022
0.00735529
0.00648892
0.00613521
0.00494581
0.00708296
0.00693688
0.00568971
0.00657875
0.00605425
0.00494246
0.000359147
0.00218668
0.00553617
0.00792989
0.00457946
0.00714754
0.00551485
0.00553169
0.00420761
0.00619104
0.00458082
0.00658758
0.00491064
0.00711455
0.00693784
0.00519186
0.00642866
0.00605241
0.003436
0.0110558
0.00574212
0.00261203
0.00943101
0.00889946
0.00882335
0.00392992
0.0036501
0.00494674
0.00783631
0.00426971
0.00447655
0.00743683
0.00610696
0.00610696
0.0060215
0.00610968
0.00593916
0.00615171
0.00574176
0.0069057
0.00682374
0.00626413
0.00581051
0.00544837
0.00547064
0.00548859
0.00613224
0.00631922
0.00652515
0.00662979
0.00603088
0.00657113
0.00601389
0.00630006
0.00562822
0.00573554
0.00653752
0.00627636
0.00569221
0.00592164
0.00583664
0.00648857
0.00601347
0.00635399
0.00580029
0.00644679
0.00631694
0.00641453
0.00626399
0.00642507
0.00582318
0.0063899
0.00584617
0.00621268
0.00588864
0.00591813
0.00588741
0.00630424
0.00633822
0.0062134
0.00626493
0.00612457
0.00630928
0.00621766
0.00627392
0.00628887
0.00629502
0.0059702
0.00618617
0.00628248
0.00594415
0.00610696
0.00363288
0.00594566
0.00362173
0.00408284
0.00877621
0.00338882
0.00527556
0.00575828
0.00356728
0.00378326
0.00387127
0.0076243
0.00620653
0.00663781
0.00490113
0.00458352
0.00730111
0.00692472
0.00661843
0.00479144
0.0055125
0.00703526
0.00708094
0.00536212
0.00515782
0.00521105
0.00682524
0.0058288
0.0057911
0.00610695
0.0013689
0.00417009
0.00702359
0.00493675
0.00670509
0.0052079
0.00538209
0.00601602
0.00614212
0.00603546
0.006572
0.00568007
0.00583575
0.00616835
0.00567416
0.00618847
0.00580781
0.00604102
0.0032753
0.00656549
0.00896927
0.00398374
0.00332235
0.00408009
0.00665754
0.00447681
0.00435579
0.00733423
0.00657347
0.00483011
0.00500839
0.00694741
0.00595265
0.00639152
0.00526861
0.00610696
0.00609935
0.00587979
0.00446583
0.00742629
0.00521869
0.00500041
0.00633122
0.00512871
0.00705167
0.00663914
0.00563672
0.00581977
0.00681884
0.00679488
0.00678638
0.00635032
0.00582728
0.00657401
0.00568978
0.00623203
0.00578328
0.00571136
0.00655938
0.00631638
0.00568115
0.00631398
0.00645206
0.00634412
0.0061067
0.00503144
0.00557878
0.00210769
0.000528882
0.000932142
0.00780501
0.00884276
0.00847711
0.00704817
0.00774461
0.0037285
0.00800721
0.0054221
0.00724734
0.00409241
0.00655483
0.00607615
0.00469754
0.00632742
0.0408149
0.00610568
0.000628284
0.00912646
0.0021456
0.00139736
0.00873006
0.00820429
0.00790758
0.00587489
0.00796274
0.00807529
0.00781315
0.00415731
0.00418558
0.00636011
0.00494726
0.00516986
0.0053162
0.00610696
0.00615944
0.00610668
0.00610726
0.00608337
0.00597883
0.00659555
0.00590085
0.00589775
0.00559152
0.00661921
0.0057065
0.00627076
0.00615672
0.00604276
0.00655872
0.00567303
0.00650998
0.00611423
0.00630091
0.00632306
0.00610033
0.0060071
0.00632139
0.00607682
0.00610107
0.0063684
0.00591867
0.00587416
0.00596144
0.00634481
0.0058468
0.00636331
0.00620413
0.00634253
0.00619866
0.00602445
0.00590446
0.00622867
0.00596994
0.00629167
0.00591011
0.00597
0.00629959
0.00602824
0.00610379
0.00605344
0.00594986
0.00606945
0.00621094
0.00626698
0.00626127
0.00626197
0.00596279
0.00602608
0.00596982
0.00616641
0.00619243
0.00611886
0.0110192
0.00298628
0.00351372
0.00726263
0.00641821
0.00692498
0.00456828
0.00503802
0.00547121
0.00298253
0.00610694
0.00111379
0.00616478
0.0041949
0.00540467
0.00703929
0.00558395
0.00701579
0.00499535
0.00503675
0.00524855
0.00611453
0.0059911
0.00668137
0.00672632
0.0056178
0.00555354
0.00548055
0.00665972
0.00556322
0.00562411
0.00599166
0.00637132
0.00631633
0.00638408
0.00610696
0.00614823
0.00462847
0.00607908
0.00508967
0.00580052
0.0052889
0.00543706
0.00598262
0.00622234
0.0067997
0.00679122
0.00541779
0.00624955
0.00671536
0.00549144
0.00587485
0.00607123
0.00553265
0.00646003
0.00651146
0.0056536
0.00582166
0.00594687
0.00650758
0.00627717
0.00647041
0.00636506
0.00577828
0.00576532
0.00635223
0.00583358
0.00580376
0.00626255
0.00583191
0.00582887
0.00584547
0.00586058
