0.0119842
0.0132157
0.0124333
0.0117031
0.0114825
0.0117816
0.0110699
0.0101376
0.00998361
0.0101751
0.0100883
0.0100716
0.0100906
0.0102388
0.0101791
0.0102349
0.0101855
0.0102102
0.0101613
0.0101283
0.0101352
0.0101478
0.0101336
0.0101339
0.0102327
0.0101954
0.010215
0.0101767
0.0101537
0.0101462
0.0102056
0.0101532
0.0101963
0.010202
0.0101743
0.0102175
0.0102094
0.0101532
0.0102055
0.0101745
0.0101654
0.0102039
0.0101575
0.0102041
0.0101614
0.0102016
0.0101993
0.0101701
0.010169
0.0102082
0.0102059
0.0101773
0.0101909
0.0102063
0.0101731
0.0102004
0.0101742
0.0102033
0.0101752
0.0101973
0.0101694
0.0101841
0.0102025
0.0101826
0.0102002
0.00549803
0.00946628
0.0107329
0.00998085
0.00948833
0.0107696
0.0103538
0.00991025
0.0101211
0.0104094
0.00975782
0.00999255
0.00975903
0.00995326
0.0105215
0.0097306
0.00975438
0.00990103
0.0101332
0.0104451
0.010348
0.0102758
0.0100416
0.00997197
0.0104038
0.00994244
0.0103304
0.0102069
0.00994132
0.0099815
0.00995567
0.0102265
0.00998868
0.0100645
0.0100227
0.0102621
0.0101503
0.0102201
0.0100309
0.010301
0.0102505
0.0100747
0.0100614
0.010279
0.0102783
0.0101222
0.0102889
0.0101871
0.0102008
0.0109984
0.00942364
0.00983892
0.00950426
0.0105357
0.0101768
0.0106531
0.0102437
0.00977638
0.0106292
0.0105431
0.00980578
0.0100747
0.0105239
0.0104896
0.00983833
0.0100036
0.0104809
0.0104506
0.0104522
0.0100487
0.00992273
0.0103456
0.010272
0.0104291
0.00996116
0.00995736
0.0100732
0.00997027
0.00997835
0.0101354
0.0101506
0.0100528
0.010247
0.0102383
0.0103158
0.0100293
0.0100788
0.0100891
0.0100534
0.0103213
0.0103198
0.0101851
0.0102805
0.0101245
0.0103076
0.0101793
0.0101871
0.0101926
0.0106321
0.00975221
0.0100334
0.00980506
0.0103487
0.0101826
0.0104357
0.0102131
0.00990214
0.0104792
0.0103762
0.00992453
0.0101285
0.0103836
0.0103589
0.00998095
0.0100865
0.0103667
0.0103694
0.0103529
0.0101067
0.01002
0.0102815
0.0102372
0.0103455
0.010032
0.0100352
0.0101177
0.0100403
0.0100469
0.0101557
0.0101647
0.0101014
0.0102249
0.0102193
0.0102704
0.0100809
0.0101168
0.0101234
0.0100972
0.0102796
0.0102795
0.0101858
0.0102489
0.0101463
0.0102694
0.010182
0.0105076
0.0103245
0.010653
0.0102784
0.0105888
0.0101762
0.0104712
0.0104936
0.0103987
0.0104337
0.0102679
0.0102051
0.0102571
0.010135
0.0100672
0.0101676
0.0101054
0.0102668
0.0102154
0.0103237
0.0101048
0.0103119
0.0101239
0.0102377
0.0102868
0.0101448
0.010216
0.0102769
0.010187
0.00990909
0.010263
0.0102628
0.0102528
0.00998778
0.00996001
0.0101004
0.0102617
0.01015
0.0101759
0.0100236
0.0103196
0.010169
0.0100594
0.0102206
0.0101893
0.0100598
0.0101893
0.0100777
0.010278
0.0100879
0.01027
0.0101185
0.0102148
0.0102732
0.0101802
0.0102315
0.0102518
0.0102559
0.0102566
0.0102649
0.0102567
0.0102522
0.0101254
0.010197
0.0102413
0.0101288
0.0101696
0.0101409
0.0101953
0.0102342
0.0102183
0.0102181
0.010235
0.0102006
0.010202
0.0101875
0.010152
0.0106454
0.0100141
0.0103431
0.0107388
0.00976789
0.0100577
0.0103387
0.00979059
0.0106113
0.0105732
0.0104056
0.0098846
0.00992785
0.0104596
0.0104487
0.0100985
0.0103431
0.0104091
0.00997315
0.010258
0.0104092
0.0103795
0.010384
0.0103848
0.0100153
0.0101184
0.0100424
0.010036
0.0100586
0.0102058
0.0103234
0.0101433
0.0101011
0.0100978
0.0100843
0.0100768
0.0100973
0.0101871
0.0101845
0.0100858
0.0101494
0.0101387
0.0101406
0.0101946
0.0101373
0.0102268
0.0101271
0.010133
0.0101301
0.010152
0.0101375
0.0101421
0.0101438
0.0101677
0.0101751
0.0101918
0.0102106
0.0101808
0.0101951
0.0101612
0.0101604
0.010198
0.010177
0.0101997
0.0101764
0.010198
0.0101651
0.0101935
0.0101952
0.010212
0.0101614
0.0101658
0.0101913
0.0102067
0.0102058
0.0101684
0.0101667
0.0101765
0.0101683
0.0102034
0.0101761
0.0101725
0.0102015
0.0101704
0.0101709
0.0101732
0.0102803
0.0103343
0.0104647
0.0103384
0.0105109
0.0104746
0.0104163
0.010438
0.0103051
0.0103535
0.0103286
0.0101608
0.0103412
0.0102909
0.0103228
0.0102936
0.0102909
0.0102693
0.0103575
0.0103779
0.00978908
0.0108145
0.0108447
0.0110643
0.0102778
0.00979859
0.00979905
0.0105789
0.0103142
0.0102097
0.0104318
0.0105886
0.0105195
0.00997052
0.0104499
0.0104882
0.0104425
0.0101001
0.010082
0.0104151
0.0101966
0.0102877
0.0102859
0.0103811
0.0103741
0.0103521
0.0101871
0.0101986
0.0101434
0.01019
0.0100439
0.0101379
0.0101784
0.0100974
0.0102321
0.0100923
0.010268
0.0102411
0.0102432
0.0101204
0.0101721
0.0101524
0.0102498
0.0101652
0.0101601
0.0101544
0.0101265
0.0101478
0.0101325
0.0101343
0.0101374
0.0102169
0.0102308
0.0102226
0.0102252
0.0102275
0.0101662
0.0102288
0.0101474
0.0101454
0.0102019
0.0101536
0.01022
0.0101799
0.0101623
0.0102171
0.0101565
0.0101647
0.0102154
0.0101609
0.0101591
0.0102014
0.0101827
0.0102118
0.0101612
0.0101635
0.0102669
0.0106191
0.0100664
0.010007
0.0105207
0.0102954
0.0100987
0.00994817
0.0104593
0.0100598
0.0104188
0.0103786
0.0104036
0.0101221
0.0101224
0.0100395
0.0100758
0.0100292
0.0100762
0.0101221
0.0101882
0.0100861
0.0102036
0.0101477
0.0101946
0.0103089
0.0102204
0.0101579
0.0102997
0.0100875
0.0102439
0.0102644
0.010178
0.0102763
0.010128
0.0101265
0.0102626
0.0102383
0.0102594
0.014932
0.013759
0.0096282
0.0108973
0.0114106
0.0114676
0.0099141
0.0100247
0.0106137
0.0113988
0.0109226
0.0103188
0.0108129
0.0109073
0.0108498
0.00993416
0.010057
0.0107455
0.0106188
0.0101873
0.0101682
0.0103793
0.0101045
0.0102506
0.0105047
0.00992593
0.0101246
0.010251
0.00993982
0.0104257
0.0103993
0.0102907
0.00999928
0.0100435
0.0103316
0.0103518
0.0101388
0.0102665
0.0103067
0.0100553
0.0102236
0.0103233
0.0102964
0.0103027
0.0103059
0.0100824
0.010147
0.0101006
0.0100956
0.0101107
0.0101966
0.0102668
0.0101609
0.0101356
0.0101333
0.0101242
0.0101189
0.0101325
0.0101871
0.0119203
0.0102852
0.0103212
0.00953225
0.0108641
0.00994096
0.011056
0.00969527
0.0104759
0.0109327
0.0108278
0.0107078
0.0107168
0.010396
0.0105336
0.00987985
0.0105858
0.00989394
0.0104559
0.0105201
0.0104662
0.0104719
0.0104469
0.00997495
0.0100614
0.0100304
0.0102261
0.00998168
0.0103359
0.0101516
0.010292
0.0102048
0.0101115
0.0102123
0.0101078
0.0103396
0.0102754
0.0102903
0.0101854
0.0102902
0.0104972
0.0102338
0.0104356
0.0101868
0.0100677
0.0103205
0.00998463
0.0100112
0.0103039
0.010257
0.0100443
0.0102379
0.0101043
0.010123
0.010179
0.0100637
0.0101606
0.0101209
0.0101981
0.010285
0.010096
0.0102251
0.0100974
0.0101325
0.0102551
0.0101036
0.0102126
0.0102646
0.0101941
0.0101833
0.010141
0.0101326
0.0102476
0.0101414
0.0102431
0.0132002
0.0115767
0.011573
0.0120777
0.0102881
0.0110069
0.0109594
0.0105306
0.0102337
0.0103008
0.010024
0.0101871
0.010171
0.0101804
0.010145
0.00999854
0.0101744
0.0101512
0.0101625
0.0101334
0.0100893
0.01016
0.0101418
0.0102297
0.0101566
0.010179
0.0100841
0.0100827
0.0101207
0.010275
0.0102618
0.0101609
0.0101811
0.010099
0.0101479
0.0101054
0.0102108
0.0101404
0.0101172
0.0101113
0.0102503
0.0102308
0.010122
0.010195
0.010136
0.0101536
0.01014
0.0101283
0.0102057
0.0101379
0.010143
0.0101353
0.0101552
0.010191
0.0101728
0.010213
0.0101747
0.0102011
0.0101562
0.0101861
0.0102205
0.0101847
0.0101481
0.0101888
0.010218
0.0101545
0.0105205
0.0105165
0.0116819
0.0108095
0.0109108
0.0107799
0.0110384
0.0106193
0.010791
0.00997915
0.0106773
0.0100035
0.0104622
0.0106304
0.010526
0.010559
0.0104526
0.0100606
0.0101708
0.0104418
0.0176362
0.0109047
0.010921
0.0113883
0.0108137
0.0109144
0.0107417
0.0106873
0.011078
0.0100691
0.0106754
0.0100807
0.0108343
0.0108103
0.0104824
0.0105373
0.0104475
0.0104974
0.010198
0.0174386
0.0136481
0.00966762
0.0127445
0.0117814
0.0114203
0.0119127
0.0108773
0.0118637
0.0100539
0.0101588
0.00986749
0.0110232
0.0106406
0.010916
0.0108755
0.0106478
0.0101597
0.0103151
0.0100618
0.00992929
0.0101747
0.0102028
0.00999566
0.0101181
0.0101198
0.0100842
0.0100048
0.0100717
0.0101444
0.0100642
0.0101223
0.0102637
0.0103018
0.0100537
0.01019
0.010063
0.0101554
0.0101773
0.0100768
0.010143
0.0102484
0.0102678
0.0101053
0.0102599
0.0101588
0.0101239
0.0102028
0.0101019
0.0101398
0.0101808
0.010118
0.010116
0.0101111
0.0102486
0.0101596
0.0101942
0.0102438
0.0101892
0.0101457
0.0101935
0.0101846
0.0101912
0.0101305
0.0101338
0.0102217
0.0101678
0.010139
0.0101665
0.0101687
0.0101998
0.0102071
0.0101869
0.0102025
0.0101711
0.0102153
0.0117206
0.0123461
0.00991119
0.0104646
0.0110757
0.00984048
0.0108195
0.0111555
0.0106428
0.0102805
0.00991416
0.0106751
0.00991198
0.00994537
0.0100924
0.0104923
0.00998884
0.0101108
0.0100911
0.0105119
0.0105451
0.0101297
0.0103295
0.0104501
0.0103962
0.0103818
0.0102377
0.0103743
0.0104881
0.0108559
0.0104231
0.0105731
0.0102672
0.0102392
0.0101843
0.0101165
0.0104125
0.0102428
0.0103944
0.0103837
0.0102109
0.0103364
0.0102655
0.0101718
0.0102271
0.0101746
0.012216
0.0099654
0.0112668
0.0104079
0.0110582
0.010581
0.0102225
0.0103983
0.0107178
0.0106678
0.0105992
0.0103947
0.0105653
0.0104526
0.0104198
0.0103954
0.0103915
0.00994728
0.0100967
0.0102672
0.00999154
0.0103401
0.0104099
0.0100273
0.00998997
0.0103624
0.0102744
0.0102145
0.0103559
0.0102099
0.0103452
0.0103236
0.0101816
0.0102354
0.0101897
0.0101081
0.0103016
0.0101891
0.010283
0.0101679
0.0102749
0.0102652
0.0121392
0.0136661
0.0128618
0.00981211
0.0115939
0.0101775
0.010948
0.0113871
0.0100252
0.0110935
0.010581
0.0105575
0.0100441
0.010761
0.0102606
0.0104075
0.0100884
0.0102526
0.0118127
0.0137875
0.0124813
0.0112571
0.0100866
0.0117144
0.00973622
0.0117086
0.0100873
0.0104312
0.0106906
0.010764
0.0100532
0.0101915
0.0105084
0.0107092
0.010154
0.0101866
0.0101791
0.0101822
0.0100058
0.0100098
0.0101564
0.0101646
0.0101584
0.0100712
0.0101322
0.0100907
0.0101841
0.0101748
0.0101089
0.0100874
0.0102682
0.0100914
0.0101047
0.0101266
0.0102287
0.0101041
0.0101138
0.0101063
0.0102389
0.010113
0.0101655
0.0101412
0.0101715
0.0101269
0.010213
0.0101249
0.010128
0.0101778
0.0101579
0.0101864
0.0102305
0.0101615
0.0101376
0.010137
0.01014
0.0101814
0.0101452
0.0101659
0.0101944
0.0101896
0.0102233
0.0101452
0.0102017
0.0102218
0.0101503
0.0102043
0.010212
0.0101951
0.0101521
0.0101537
0.0102161
0.0101836
0.0121004
0.0122168
0.0106676
0.0116446
0.0101325
0.0108361
0.0108681
0.0103455
0.0108526
0.0101871
0.0101878
0.0102534
0.0100087
0.0105803
0.0102226
0.0104779
0.0101853
0.0105495
0.0104743
0.0104632
0.0104506
0.0100198
0.0103349
0.0102813
0.0101024
0.0101133
0.0103255
0.010303
0.010354
0.010347
0.0103473
0.0103415
0.0100893
0.0101624
0.0101905
0.010184
0.0102413
0.0101204
0.0103135
0.0101978
0.0101024
0.010226
0.0103561
0.0103915
0.0102612
0.0100837
0.0103747
0.0102061
0.010038
0.0103407
0.0103362
0.0103129
0.0101121
0.0100688
0.0101313
0.0102681
0.0100786
0.0103021
0.0100812
0.0102989
0.0102524
0.0101783
0.0102246
0.010122
0.0102264
0.0102577
0.0102511
0.0102665
0.0102609
0.0101985
0.0102433
0.0101843
0.0101779
0.0102312
0.0102457
0.0102414
