0.0228721
0.0226781
0.0216793
0.0202964
0.0216108
0.0213445
0.0223379
0.0225157
0.0229793
0.0240897
0.0240897
0.0244738
0.0240603
0.024115
0.0241381
0.0242753
0.0240092
0.0239938
0.0240867
0.0239523
0.024158
0.0239836
0.0239674
0.0242036
0.0242025
0.0240108
0.0242001
0.0240361
0.0239952
0.0241294
0.0241
0.0241706
0.0240767
0.0241798
0.0241787
0.0241087
0.0241356
0.0241634
0.0240955
0.024143
0.0240168
0.0241605
0.0241608
0.0241509
0.0240295
0.0240298
0.0240554
0.0240543
0.0241179
0.0241387
0.0240362
0.0241293
0.0241402
0.0241404
0.0240444
0.0241369
0.0240706
0.024054
0.0240444
0.0241004
0.0241233
0.0241309
0.0241287
0.0241285
0.0241252
0.0240897
0.0240897
0.0248769
0.0249666
0.0240876
0.0247045
0.0252831
0.025467
0.0232866
0.0253968
0.0227773
0.0232633
0.0252715
0.0242245
0.0231787
0.0232769
0.0234297
0.0248713
0.0249418
0.0236213
0.0238176
0.0248348
0.0234121
0.0247726
0.0234729
0.0246339
0.0234727
0.024688
0.0246297
0.024426
0.0246183
0.0245045
0.0236008
0.0245185
0.0238057
0.0240882
0.0241897
0.0244879
0.0243052
0.0244586
0.0237381
0.0239276
0.0238876
0.0239891
0.0242531
0.0241304
0.0243789
0.0238126
0.00882842
0.0299649
0.0240897
0.0249513
0.0265681
0.0222978
0.0238646
0.0244402
0.0252495
0.0246754
0.0229762
0.0251449
0.0245118
0.0241072
0.0246998
0.0235149
0.0249106
0.0237649
0.0239321
0.0248719
0.0239969
0.0233531
0.0247815
0.0234144
0.0234107
0.0246132
0.0246949
0.0235162
0.0246314
0.023969
0.0235667
0.0244369
0.0245458
0.0245153
0.0245017
0.0242066
0.0236787
0.0237265
0.0244706
0.0244004
0.0242408
0.0240021
0.0240027
0.023775
0.0242569
0.0238746
0.0243254
0.0243761
0.014495
0.0279917
0.0240897
0.0244587
0.0255946
0.0231148
0.0239922
0.0242468
0.0248857
0.0243597
0.0233248
0.0246585
0.0242924
0.0240984
0.0244218
0.0237777
0.0246195
0.0239125
0.0240041
0.0245791
0.0240384
0.0236093
0.024554
0.0236558
0.0236445
0.0244132
0.0244835
0.0236941
0.0244469
0.0240168
0.0237269
0.0243053
0.0243848
0.0243696
0.0243761
0.0241635
0.023809
0.0238503
0.0243546
0.0242947
0.024187
0.0240335
0.0240338
0.0238717
0.0241993
0.0239476
0.0242474
0.0242872
0.0240897
0.0225828
0.024809
0.024815
0.0234834
0.0234346
0.0246572
0.0244778
0.0242772
0.0234517
0.0235602
0.0245065
0.0236176
0.0236522
0.0242705
0.0241583
0.0244024
0.0243993
0.0242227
0.0243448
0.024302
0.0239824
0.0238873
0.0239631
0.0238321
0.024281
0.0242569
0.0238796
0.0240449
0.0240829
0.0258404
0.0240895
0.0233698
0.0238227
0.0236157
0.0237129
0.0237279
0.0239854
0.0244977
0.0244689
0.0244242
0.0241012
0.0242672
0.0243785
0.0237965
0.0240119
0.0237989
0.023812
0.0238452
0.0239749
0.0238407
0.0240258
0.024282
0.023938
0.0243121
0.0239488
0.0242723
0.0238859
0.0239219
0.0242043
0.0239904
0.0242239
0.0239842
0.0240725
0.0241819
0.0239445
0.0242376
0.0240205
0.0241876
0.0242209
0.0241867
0.0242097
0.0240516
0.0241922
0.0241082
0.0240897
0.0240666
0.0240897
0.0246024
0.023277
0.0228443
0.0252418
0.0251834
0.0245215
0.0230217
0.0249852
0.0233981
0.0231484
0.0236729
0.0247506
0.0248152
0.02341
0.0235418
0.0246466
0.0234212
0.024099
0.0243407
0.0235506
0.023772
0.0236283
0.0245797
0.0244918
0.0236412
0.0239348
0.0243999
0.0237047
0.0240952
0.02416
0.0243087
0.0243218
0.0238642
0.0239073
0.0239251
0.0238188
0.0240931
0.0240897
0.0240897
0.0240906
0.0244114
0.0240899
0.0239655
0.0240689
0.0240437
0.0242377
0.0241038
0.0240854
0.0240252
0.0240373
0.0239957
0.0240772
0.0240662
0.0241368
0.0241245
0.0240575
0.0240005
0.0241102
0.0240723
0.0241508
0.0240924
0.0241136
0.0240832
0.0241132
0.0240127
0.024042
0.0240175
0.0240278
0.0240719
0.0241438
0.0241115
0.0240429
0.0240501
0.0240395
0.0241174
0.0241201
0.0240396
0.0240562
0.0240538
0.024076
0.024058
0.0240978
0.0240575
0.0240532
0.0240537
0.0241227
0.0241217
0.0240897
0.0240897
0.0240948
0.0243798
0.0238574
0.0244074
0.0237988
0.0243088
0.0236932
0.0242984
0.0241367
0.0237904
0.0241288
0.0241955
0.0240109
0.0242523
0.0239184
0.0239691
0.0240897
0.0231216
0.0240258
0.0237733
0.0244453
0.0242414
0.0228342
0.0250059
0.0251433
0.0227499
0.0249684
0.024993
0.02476
0.0244998
0.0232039
0.0242037
0.0243849
0.0236647
0.0243499
0.0245353
0.0235838
0.0245892
0.0236735
0.0237093
0.0244001
0.024399
0.0238354
0.0236578
0.0244242
0.0244003
0.0241505
0.0240897
0.0247575
0.0242346
0.0241092
0.0240734
0.0240846
0.0241581
0.0241235
0.0240161
0.0238697
0.0239309
0.0241617
0.0242961
0.0240373
0.0242495
0.0240781
0.0239421
0.0241786
0.0242273
0.0242112
0.024124
0.0241125
0.02396
0.0239812
0.0242138
0.0240703
0.0241293
0.0240281
0.0241998
0.024197
0.0241285
0.0241953
0.0241893
0.0240292
0.0240061
0.0240196
0.024143
0.0240808
0.024017
0.0241381
0.0241528
0.02413
0.0241257
0.0240634
0.0240313
0.0240971
0.024148
0.0240897
0.0240897
0.0237998
0.0244359
0.0232991
0.0247275
0.0245703
0.023527
0.0247104
0.0243997
0.0236475
0.0243706
0.0244067
0.0243736
0.0236891
0.024116
0.0244579
0.0241153
0.024228
0.0237454
0.024346
0.0241455
0.0240388
0.0242673
0.0240755
0.0240607
0.0238327
0.0243373
0.0242358
0.0239904
0.0240288
0.024079
0.0242976
0.0239976
0.0239118
0.0241003
0.0240895
0.0240808
0.0184866
0.0250301
0.0219543
0.0212811
0.0222652
0.0242648
0.0249171
0.0251529
0.0225057
0.023947
0.023029
0.0239753
0.024292
0.0246057
0.0246018
0.0234547
0.0234652
0.0240897
0.0240805
0.0240897
0.0243243
0.0237361
0.0233276
0.0247621
0.0246837
0.024289
0.0234256
0.02455
0.0237597
0.0235764
0.0238906
0.0244401
0.0245067
0.0236678
0.0237942
0.0244079
0.0237042
0.0240965
0.0242281
0.0237505
0.0239178
0.0238282
0.024398
0.0243236
0.0238311
0.0240049
0.0242694
0.0238683
0.024094
0.0241308
0.0242178
0.0242259
0.0239597
0.0239846
0.0239943
0.0239272
0.0240925
0.0240897
0.0240895
0.0240897
0.0258469
0.0256612
0.0232878
0.0245992
0.025509
0.0242729
0.0253626
0.0247092
0.0238141
0.0233496
0.025105
0.0251181
0.0229905
0.0237017
0.0237397
0.0233194
0.0231934
0.0237531
0.0247633
0.0233391
0.0246966
0.0246448
0.0242072
0.0246733
0.0234978
0.0238088
0.0244612
0.0245692
0.023634
0.0236031
0.0237733
0.0236566
0.0239082
0.0240354
0.0244211
0.0243481
0.0223254
0.0240894
0.0240897
0.0240973
0.0235637
0.0240683
0.023951
0.0235122
0.0246254
0.0243953
0.023774
0.0241616
0.0237305
0.0245002
0.0241125
0.0240065
0.0237418
0.0237635
0.0243649
0.0237771
0.0243823
0.0238951
0.0243581
0.0242799
0.0241693
0.0240898
0.02433
0.0238709
0.0241016
0.0242915
0.0241012
0.0241921
0.0241192
0.024181
0.0242681
0.0241492
0.0239617
0.0240529
0.0240085
0.0242279
0.0240897
0.0225139
0.0232346
0.0246739
0.0227695
0.0230852
0.0232698
0.0235468
0.0240897
0.0241009
0.0239976
0.0240691
0.024764
0.0236868
0.0243086
0.0241201
0.0243784
0.0242392
0.0239369
0.0242836
0.0243804
0.0243737
0.024379
0.0238546
0.0239661
0.0238663
0.0242423
0.0239756
0.0239387
0.0240552
0.0240103
0.0241594
0.0240489
0.0242078
0.0239351
0.0240433
0.0242861
0.0242172
0.0239436
0.0242387
0.0239414
0.0242608
0.0239801
0.0242153
0.0242368
0.0241655
0.0240356
0.0239611
0.0240095
0.0239867
0.024066
0.0242018
0.0241648
0.0241978
0.0242024
0.0240768
0.0241359
0.0241907
0.0240532
0.0241836
0.0240351
0.0241839
0.0240033
0.0241614
0.0241757
0.0240111
0.0241739
0.0240897
0.0240897
0.0236176
0.0240194
0.0226148
0.0251385
0.0249562
0.0250108
0.0228744
0.023079
0.0234951
0.023058
0.0233905
0.024668
0.0235035
0.0244004
0.0237054
0.02399
0.0243185
0.0240896
0.0240843
0.020058
0.0247871
0.0224056
0.022044
0.0227877
0.0242174
0.024728
0.0249407
0.0229048
0.0239798
0.0232483
0.0240004
0.024247
0.0245049
0.0245019
0.0235909
0.0235972
0.0240897
0.0240881
0.0195119
0.0197104
0.0248021
0.0205502
0.022375
0.0227494
0.0253806
0.0222533
0.0227384
0.0234765
0.022583
0.0229747
0.0244674
0.0233051
0.0232307
0.0314144
0.0240897
0.0241803
0.024092
0.0240894
0.0240631
0.0246153
0.0242715
0.0236632
0.0242713
0.0240985
0.0244731
0.0243003
0.0243875
0.0240989
0.0243773
0.0243868
0.0241535
0.0240365
0.0243453
0.0238429
0.0238532
0.0238553
0.0241262
0.023933
0.0238654
0.024088
0.0241308
0.0241284
0.024225
0.0241725
0.0242235
0.0240305
0.0241957
0.0239621
0.0241008
0.0239381
0.0241124
0.0239512
0.0239562
0.0239477
0.0242323
0.0239629
0.0242252
0.0239755
0.0241227
0.0242097
0.0239703
0.0239858
0.0240127
0.0240139
0.0239815
0.0241985
0.0239908
0.0240324
0.0240927
0.0241001
0.0241883
0.0197573
0.0239224
0.0238788
0.0231611
0.0224249
0.0227015
0.0250228
0.0244514
0.0235876
0.0237689
0.0233988
0.0245294
0.022971
0.0231982
0.0248386
0.023129
0.0237181
0.023343
0.0238063
0.0234179
0.0236651
0.023462
0.0235192
0.0235578
0.024099
0.0236436
0.0243792
0.0237091
0.0233824
0.0232945
0.024038
0.0241192
0.0235491
0.0237471
0.0236401
0.0237254
0.0237258
0.0237912
0.0237859
0.0242382
0.0242933
0.0239261
0.0239643
0.023914
0.0241746
0.0196838
0.0232708
0.0235008
0.0215248
0.0248626
0.0250821
0.0228774
0.0229072
0.0232279
0.0232722
0.0242492
0.0233267
0.0233458
0.0234565
0.0238558
0.0240411
0.0240906
0.0240781
0.0249314
0.0240477
0.0247254
0.0235805
0.024253
0.0244289
0.0241154
0.0242157
0.0238667
0.0237845
0.0238948
0.0237477
0.023703
0.0237924
0.023773
0.02403
0.0239282
0.0243365
0.0238234
0.0242608
0.0238593
0.0240342
0.0241863
0.0238956
0.024007
0.024253
0.0167777
0.0164263
0.0258517
0.02052
0.0238841
0.0233222
0.0213626
0.0213337
0.0228475
0.0252746
0.0235624
0.0234514
0.0239005
0.0247403
0.0246766
0.0247524
0.0247025
0.0245064
0.0221131
0.0179253
0.0234948
0.0222914
0.023609
0.0208244
0.0221702
0.0219197
0.0222254
0.0246196
0.0221965
0.0228137
0.022742
0.0229488
0.0228454
0.0231011
0.0234457
0.0232633
0.0233736
0.0240897
0.0240897
0.0245311
0.0240853
0.0241547
0.0237281
0.0238455
0.0243268
0.0244131
0.0241041
0.0239572
0.0238798
0.0239924
0.0239019
0.024077
0.0242024
0.0239708
0.024015
0.0240178
0.0242935
0.0242714
0.0240851
0.0239566
0.0242429
0.0239175
0.0239215
0.023925
0.024239
0.0242292
0.024056
0.0239532
0.0242449
0.024238
0.0242372
0.0239536
0.024221
0.024204
0.0241543
0.0242113
0.0241441
0.0240092
0.0240416
0.0240025
0.0241969
0.0241093
0.0240039
0.0240124
0.0240737
0.0240029
0.024183
0.0240019
0.0240817
0.0240096
0.024035
0.0241691
0.0241674
0.0241669
0.0241329
0.0213069
0.021565
0.0240387
0.0245092
0.0228434
0.0235847
0.0243456
0.0234821
0.0240529
0.0224292
0.0242723
0.0243431
0.0241112
0.0240963
0.0242466
0.0234061
0.0237696
0.0235051
0.0234317
0.0236424
0.0245934
0.0236674
0.0240401
0.0235977
0.023854
0.0237413
0.0237365
0.0237238
0.0241397
0.0241181
0.0239912
0.0242643
0.0238125
0.0240495
0.0238625
0.0242143
0.0240897
0.0239682
0.0242033
0.0240982
0.0240357
0.0238205
0.0235276
0.024004
0.0243573
0.0236296
0.0245508
0.0244854
0.0237181
0.0243277
0.0237365
0.0237201
0.0237736
0.0242198
0.0242493
0.0237868
0.0239284
0.0242652
0.0242141
0.0242941
0.0242988
0.0241665
0.0242541
0.0241618
0.0238837
0.0239119
0.0239897
0.0239417
0.0242264
0.0241673
0.0239457
0.0239968
0.0239672
0.0242215
0.0242204
