0.0320604
0.0304293
0.0312847
0.0313259
0.033284
0.0332697
0.0332067
0.0329586
0.033094
0.0330679
0.0330765
0.0330755
0.0330926
0.0341758
0.0332129
0.0329459
0.0330181
0.0331282
0.0331032
0.0330209
0.0330834
0.033026
0.0330147
0.0331431
0.0330563
0.0331484
0.0330367
0.0330478
0.0330624
0.0330408
0.0331355
0.0331322
0.0331226
0.0331244
0.0330866
0.0330701
0.0331259
0.03306
0.0330563
0.0331224
0.0330936
0.0331098
0.0331136
0.0330778
0.0331158
0.0330764
0.0330645
0.0330814
0.0331141
0.0330897
0.0330981
0.033086
0.0331092
0.03307
0.0330905
0.033073
0.03311
0.0330968
0.0330833
0.0331043
0.0331076
0.0330777
0.0330729
0.0331054
0.0331051
0.0330743
0.0330801
0.0330855
0.0331007
0.0330831
0.0330757
0.0332708
0.0331343
0.0328612
0.0332572
0.0330247
0.0331698
0.0329754
0.03312
0.0331446
0.0331124
0.0330342
0.0330552
0.0330942
0.0331145
0.033072
0.0330854
0.0330771
0.0330752
0.0330848
0.0330888
0.0330933
0.0330903
0.0330855
0.033093
0.0330861
0.033092
0.0330915
0.0330916
0.0330915
0.0330893
0.0330893
0.0330916
0.0330873
0.0330917
0.0330873
0.033089
0.0330907
0.0330912
0.033088
0.033089
0.03309
0.0330887
0.0330906
0.033089
0.0330876
0.0330889
0.0330909
0.0330901
0.0330883
0.0330878
0.0330905
0.0330907
0.0330895
0.0330879
0.0330882
0.0330902
0.0330904
0.0330904
0.0330902
0.033088
0.0328218
0.0325962
0.033463
0.032747
0.0331558
0.0332655
0.0332273
0.0332042
0.033193
0.033046
0.0330668
0.0331073
0.0330636
0.0331149
0.0330957
0.0331049
0.0330912
0.0330993
0.0330835
0.0330915
0.0330852
0.0330951
0.0330869
0.0330887
0.0330898
0.0330936
0.0330923
0.0330933
0.0330877
0.0330928
0.0330914
0.0330918
0.0330904
0.0330889
0.0330919
0.0330877
0.0330883
0.0330897
0.0330917
0.0330916
0.0330913
0.0330914
0.0328218
0.032487
0.0334618
0.0326872
0.0331181
0.03325
0.033207
0.0331869
0.0331687
0.0330117
0.0330415
0.0330742
0.0330727
0.0330853
0.0330775
0.0330792
0.0330669
0.0330725
0.0330789
0.0330761
0.0330861
0.0330731
0.0330976
0.0330826
0.0330804
0.0330745
0.0330791
0.0330761
0.0330926
0.0330771
0.0330814
0.0330801
0.0330824
0.0330882
0.0330787
0.0330944
0.0330914
0.0330861
0.03308
0.0330799
0.0330814
0.0330808
0.0356173
0.0342475
0.0322326
0.0324339
0.0332496
0.0329138
0.032831
0.0330591
0.0330411
0.0329567
0.0329982
0.0330012
0.0330882
0.0330547
0.0330623
0.0330833
0.0330138
0.033102
0.0330368
0.0330684
0.0330424
0.0330332
0.0330785
0.0330731
0.0330415
0.033047
0.0330438
0.0330556
0.0330519
0.0341369
0.0333128
0.0320082
0.0333025
0.0330313
0.0331766
0.0328947
0.0330261
0.0329736
0.0330147
0.033023
0.0330176
0.0330109
0.0330039
0.0330211
0.0330858
0.0330232
0.0330553
0.0330482
0.0330338
0.0330868
0.0330467
0.0330361
0.0330593
0.0330743
0.0330603
0.0330467
0.0331043
0.0330507
0.0330607
0.0330563
0.0330773
0.0330759
0.0330878
0.0330621
0.0330624
0.033063
0.0330807
0.0330858
0.0330803
0.0330776
0.0331028
0.0330692
0.0330682
0.033094
0.033937
0.0300184
0.0323235
0.0324739
0.0332468
0.0328801
0.0330952
0.0328525
0.0329373
0.0329838
0.0330251
0.0331281
0.0330408
0.0330899
0.0330733
0.0330877
0.0330716
0.0330749
0.0330891
0.0330799
0.0330906
0.0330906
0.0330831
0.0330817
0.0330816
0.0330823
0.0330826
0.0330857
0.0330828
0.033092
0.033085
0.0330842
0.0330838
0.033083
0.0330837
0.0330878
0.0330847
0.0330838
0.0330867
0.0330841
0.0330893
0.0330854
0.0330876
0.0322034
0.0333822
0.0327081
0.0332021
0.0330988
0.0330842
0.0331063
0.0329654
0.0330695
0.0330984
0.0330456
0.0330223
0.0331121
0.0330852
0.0330345
0.033077
0.0330391
0.0330582
0.0330725
0.0331099
0.0331184
0.0331211
0.0331277
0.0330957
0.0330925
0.0330523
0.0331223
0.0330618
0.0331049
0.0331179
0.0330653
0.0330569
0.033083
0.0330596
0.033068
0.0330992
0.033095
0.0330637
0.0331035
0.0331116
0.0330914
0.0330765
0.0330655
0.0330849
0.033109
0.0330773
0.0330965
0.0330992
0.0330701
0.0330731
0.0330744
0.0330732
0.03309
0.0330783
0.0330723
0.0330778
0.0283494
0.0305887
0.0311116
0.0323957
0.0323973
0.0327372
0.0324818
0.0327032
0.0327194
0.0330783
0.0328484
0.0330201
0.03287
0.0328054
0.0328478
0.0325489
0.0343891
0.0324979
0.0336705
0.0329544
0.0328052
0.032913
0.0329502
0.0330796
0.033115
0.0330428
0.0330885
0.0330761
0.0330705
0.0330711
0.0330725
0.0330926
0.0330733
0.0330837
0.0330848
0.0330768
0.0330764
0.0330772
0.033079
0.0330852
0.0330794
0.0330842
0.0330798
0.0333053
0.0332865
0.0327525
0.03311
0.0330385
0.0328951
0.0329648
0.0329785
0.0330688
0.0329793
0.0329913
0.033073
0.0331306
0.0330774
0.0331019
0.0330425
0.0330376
0.0330352
0.0330347
0.0331209
0.0330422
0.0330426
0.0330415
0.0330468
0.0330958
0.0330714
0.0330539
0.033046
0.0330509
0.0330551
0.0330549
0.0331017
0.0330769
0.0330545
0.0330598
0.0330666
0.0330581
0.0331065
0.033093
0.0330929
0.0330929
0.0331099
0.0330678
0.0330766
0.0330709
0.0330647
0.0330702
0.0331028
0.0330869
0.0330718
0.0330778
0.0330687
0.033091
0.0330736
0.0330963
0.0319103
0.0336362
0.0336007
0.0321919
0.0333292
0.0333431
0.033138
0.0329204
0.0329203
0.0330321
0.0330781
0.0330141
0.0330389
0.0330532
0.0330382
0.03303
0.0331078
0.0330572
0.03304
0.0330399
0.0330799
0.0330476
0.0330582
0.0330371
0.0330382
0.0330913
0.0330407
0.0330962
0.0330554
0.0330638
0.0330476
0.0330569
0.0330842
0.033052
0.0330637
0.0330728
0.033093
0.0330569
0.0330747
0.0330955
0.0330733
0.0330654
0.0330614
0.0330731
0.0328225
0.0347636
0.0335319
0.0324859
0.0330979
0.0330552
0.033036
0.0329897
0.033006
0.0330756
0.033057
0.0330383
0.0330248
0.0330455
0.0290298
0.0337003
0.0322231
0.0326875
0.0330865
0.0333758
0.0331413
0.0330032
0.0329638
0.0331301
0.0330252
0.0330659
0.0331163
0.0330285
0.033031
0.0330529
0.033058
0.0330762
0.033036
0.0330486
0.0330244
0.0330566
0.0330547
0.0330436
0.0330444
0.0330482
0.0330815
0.0331068
0.033051
0.0330698
0.0330473
0.0330517
0.0330802
0.0331014
0.0330577
0.03307
0.033054
0.033091
0.0330611
0.033061
0.033067
0.0330794
0.0335929
0.029065
0.0331523
0.0327745
0.032405
0.0333235
0.0334368
0.0330805
0.0329714
0.0331309
0.0329691
0.0331273
0.0330246
0.0330802
0.0330852
0.033094
0.0330731
0.0330944
0.0330809
0.0330788
0.0330832
0.0330844
0.0330977
0.0331026
0.0331021
0.0330864
0.0331016
0.0330869
0.033099
0.0330994
0.0330936
0.0330884
0.0330912
0.0330896
0.0330927
0.0330878
0.0330956
0.0330907
0.033091
0.0330915
0.0330949
0.0330936
0.0330933
0.0330947
0.0293334
0.0302866
0.0327108
0.0323702
0.0324537
0.0328066
0.0330597
0.0331592
0.0329973
0.0330737
0.0331127
0.0330271
0.0330352
0.0330425
0.0330281
0.0330292
0.0330818
0.0330381
0.0330438
0.0330391
0.0331082
0.0330749
0.0330544
0.033048
0.0330438
0.0330443
0.0330488
0.0331061
0.0330597
0.03305
0.0330566
0.0330642
0.0330946
0.0330607
0.0330598
0.0330605
0.0331004
0.0330611
0.0330829
0.0330832
0.0330662
0.0330707
0.0330674
0.0373752
0.0286873
0.0312379
0.0320957
0.0328793
0.0328211
0.0327489
0.0326934
0.0330194
0.0330346
0.0329331
0.032855
0.0330085
0.0336519
0.0332626
0.0335365
0.0331139
0.0330217
0.0332191
0.0330997
0.0331171
0.0330736
0.0330737
0.0330802
0.0330879
0.0330871
0.0331292
0.0330674
0.0330572
0.0331008
0.0331046
0.0331137
0.0330833
0.033105
0.0330693
0.033063
0.0331178
0.0331166
0.0330753
0.0330976
0.0331151
0.0331144
0.0331126
0.0331146
0.0331124
0.0331044
0.0331098
0.03311
0.0330835
0.0331005
0.0330908
0.0331079
0.0331082
0.0330933
0.0330887
0.0331052
0.0330973
0.033105
0.0330883
0.0331042
0.0330974
0.0330994
0.0330962
0.0331031
0.0330944
0.0330939
0.0331018
0.0330999
0.033086
0.0330914
0.0330974
0.0330844
0.0330816
0.0142082
0.0345255
0.0338024
0.0332848
0.0329284
0.0328859
0.0329377
0.0330103
0.0330053
0.0330875
0.033045
0.0330265
0.0330648
0.0327226
0.0346466
0.0333411
0.0323396
0.0328949
0.0330593
0.0329695
0.0328249
0.0329353
0.0330671
0.0330143
0.032986
0.0329512
0.0329962
0.0215314
0.030851
0.0327841
0.0327845
0.0330454
0.033226
0.0332133
0.0331258
0.0331109
0.0331073
0.0331609
0.0331103
0.0329708
0.0331419
0.0329572
0.0329709
0.0331539
0.0330955
0.0331208
0.0330016
0.0331588
0.0330326
0.0330778
0.0331004
0.0330902
0.0330561
0.033077
0.0330574
0.0330845
0.0331183
0.0330617
0.0330591
0.0330582
0.0330708
0.0331129
0.0331176
0.0330753
0.033089
0.0330645
0.0330991
0.0330725
0.0330873
0.0330754
0.03307
0.0331101
0.0330868
0.0330803
0.033106
0.0331028
0.0331067
0.0330824
0.0330718
0.0330771
0.033106
0.0331032
0.0330764
0.0330937
0.0330987
0.0330964
0.0330758
0.0330751
0.0330887
0.0331012
0.0330868
0.0331022
0.0331016
0.0330861
0.0330933
0.0330916
0.0330783
0.0330814
0.0275906
0.0350292
0.0321641
0.0305881
0.0326167
0.033585
0.0331804
0.0332015
0.0329937
0.033012
0.0330761
0.0330787
0.0330617
0.0330424
0.0330557
0.0330554
0.0330594
0.033069
0.0330666
0.033067
0.0330736
0.0330591
0.0330879
0.033063
0.0330796
0.033081
0.0330727
0.033085
0.0330918
0.0321769
0.0332465
0.0326252
0.0328722
0.0323177
0.0324464
0.0325176
0.0326765
0.0326499
0.0327378
0.0328645
0.0328712
0.0331035
0.0330676
0.0351075
0.0315742
0.0331101
0.0329704
0.0328334
0.032899
0.0328682
0.0328954
0.0329465
0.0330531
0.0329262
0.0329796
0.0330575
0.0329853
0.0267267
0.0298532
0.0336987
0.0318345
0.0332995
0.033113
0.0331653
0.0329519
0.032949
0.0329767
0.0329897
0.0330012
0.0329922
0.0330169
0.0330158
0.0329979
0.0330423
0.0330187
0.0330092
0.0330206
0.0330616
0.0330514
0.0331006
0.0330527
0.033048
0.0330397
0.0330434
0.0330552
0.0330602
0.0330477
0.0283145
0.0300201
0.0306354
0.0336736
0.0332463
0.0331226
0.0330525
0.0331155
0.0332488
0.0330623
0.0331941
0.0331939
0.0331834
0.0330967
0.0331152
0.0331278
0.033151
0.0331394
0.0331116
0.0331391
0.0331268
0.03314
0.0331234
0.0331298
0.0331338
0.0331099
0.0331302
0.0321078
0.0341377
0.0325413
0.0327904
0.0328375
0.032959
0.0329293
0.0330305
0.0330053
0.0330066
0.0330294
0.0330054
0.0332207
0.0331531
0.0331267
0.0329611
0.0330949
0.0331699
0.0330753
0.0331645
0.0330944
0.0330938
0.0331472
0.0330741
0.0330794
0.0330881
0.0330747
0.0330567
0.0330929
0.033093
0.033086
0.0330891
0.0330691
0.0331191
0.0330691
0.0330964
0.0331104
0.0331161
0.0330893
0.0331167
0.0330777
0.0330843
0.0331076
0.0330731
0.0331061
0.0331109
0.0331104
0.0330722
0.033099
0.0331002
0.0331067
0.0330939
0.0330725
0.0330808
0.033087
0.0331052
0.0331042
0.0330973
0.0330981
0.0331026
0.0331034
0.0330994
0.0330793
0.0330831
0.0330889
0.0331013
0.0330832
0.033083
0.0406284
0.0301778
0.0319146
0.0330688
0.0325005
0.0324287
0.0322969
0.032426
0.0327676
0.032955
0.0327616
0.0326681
0.0329229
0.0296968
0.032673
0.0327959
0.0333424
0.032797
0.032818
0.0329117
0.0329646
0.0329912
0.0329925
0.0330194
0.0330688
0.033005
0.0330167
0.0330107
0.0331064
0.0330176
0.0330421
0.0330472
0.0330263
0.0330355
0.0330708
0.0330404
0.0330528
0.0330688
0.0330492
0.0330715
0.0330704
0.0326515
0.0337302
0.0318229
0.0335343
0.0328769
0.0328102
0.0326418
0.0327908
0.0331475
0.03301
0.0329837
0.0329563
0.0329883
0.0329613
0.0329752
0.0330543
0.0330135
0.0330699
0.0330977
0.0330288
0.0330144
0.0330841
0.0330197
0.033013
0.0330218
0.0330185
0.0330305
0.0330737
0.0330425
0.0330403
0.0330517
0.0330439
0.0330612
0.0330435
0.0330799
0.033068
0.0330472
0.0330484
0.0330489
0.0330562
