0.022095
0.0277697
0.0311627
0.0300714
0.028927
0.0294629
0.0292979
0.0294018
0.02927
0.0292825
0.0293183
0.0293104
0.0293168
0.0290881
0.0293755
0.0292163
0.0294359
0.0291452
0.029564
0.0292246
0.0293011
0.0294019
0.0293592
0.0293371
0.0294443
0.0292645
0.0292462
0.0293134
0.0293431
0.0294052
0.0293406
0.0293868
0.0292975
0.029363
0.0292697
0.0293776
0.0293535
0.0293186
0.0292857
0.0292817
0.0293668
0.0293204
0.0292958
0.0293405
0.0293513
0.0293656
0.0292925
0.0293614
0.0293634
0.029283
0.029337
0.0293142
0.0293538
0.0293525
0.0293435
0.0293512
0.0293407
0.0293435
0.029351
0.029321
0.0293299
0.0293474
0.0293186
0.0293031
0.0293146
0.0293024
0.0293443
0.0293215
0.0293415
0.0292993
0.0293195
0.0293388
0.0290009
0.0290492
0.0296538
0.0294648
0.0292361
0.0292254
0.029389
0.0293011
0.0292624
0.0293496
0.0293266
0.0293459
0.0293101
0.0293366
0.0293353
0.0293059
0.0293287
0.0293248
0.0293245
0.0293203
0.0293139
0.0293206
0.0293214
0.0293223
0.0293151
0.0293155
0.0293155
0.029316
0.0293186
0.0293208
0.0293186
0.0293165
0.0293168
0.0293216
0.0293199
0.029316
0.0293173
0.0293161
0.0293184
0.0293163
0.0293179
0.0293167
0.0293194
0.0293166
0.0293205
0.0293203
0.0293193
0.0293181
0.0293184
0.0293202
0.0293204
0.0293204
0.0293195
0.02932
0.0293195
0.029317
0.0293196
0.0293171
0.028963
0.0291468
0.0292371
0.0294421
0.0291558
0.0292409
0.0293609
0.029347
0.0292914
0.0292814
0.0293399
0.0293218
0.0293172
0.0293299
0.0293059
0.029324
0.0293124
0.0293234
0.0293235
0.0293235
0.029321
0.0293151
0.0293165
0.0293177
0.0293172
0.0293208
0.0293172
0.0293171
0.0293223
0.0293171
0.0293159
0.0293219
0.0293217
0.0293175
0.0293204
0.0293207
0.0293212
0.0293171
0.0293188
0.029321
0.0293177
0.0293192
0.0293174
0.0293206
0.029003
0.0291464
0.0291799
0.0294751
0.0291149
0.0291971
0.0293359
0.029319
0.0292575
0.0292979
0.0293192
0.0292921
0.0293415
0.0293084
0.0293153
0.0292989
0.0293255
0.0293002
0.029301
0.0293021
0.0293096
0.0293276
0.0293217
0.029318
0.0293199
0.0293099
0.0293211
0.0293221
0.0293062
0.0293229
0.0293291
0.0293074
0.0293081
0.0293216
0.0293115
0.0293108
0.0293093
0.0293239
0.0293171
0.0293101
0.0293216
0.029316
0.0293229
0.0293112
0.0303701
0.0250709
0.0284288
0.0289134
0.0290643
0.0290735
0.0292147
0.0292852
0.0292347
0.0293201
0.0292486
0.029268
0.0292532
0.0292926
0.0292912
0.029319
0.0292961
0.029269
0.0292763
0.0292788
0.0292852
0.0293223
0.0292966
0.0292969
0.0292834
0.0293141
0.0292928
0.0292929
0.0278968
0.0288826
0.0292284
0.0291952
0.0291669
0.0293941
0.0292583
0.0293693
0.0293162
0.0293102
0.0292376
0.0293293
0.0292957
0.0293583
0.0293128
0.0292653
0.0293245
0.0293624
0.0292761
0.0293188
0.0292747
0.0293131
0.0293304
0.0292792
0.0292962
0.0292869
0.0292821
0.0292833
0.0292988
0.0293383
0.0293053
0.0292916
0.0293344
0.0293288
0.0293308
0.0293401
0.0293087
0.0292951
0.0293096
0.0292966
0.0293269
0.0293369
0.0293129
0.0293207
0.0296759
0.0291795
0.0288893
0.0289639
0.0290619
0.029438
0.0292247
0.029287
0.0292918
0.0292663
0.029286
0.0293243
0.0292992
0.0293157
0.0293306
0.0293143
0.029313
0.0293147
0.0293146
0.0293144
0.0293114
0.0293144
0.0293145
0.0293203
0.0293218
0.0293124
0.0293224
0.0293129
0.029313
0.0293132
0.0293204
0.0293168
0.0293142
0.0293152
0.0293139
0.029322
0.0293181
0.0293146
0.0293145
0.029317
0.0293182
0.0293166
0.0293162
0.0296708
0.0293453
0.0291494
0.0291618
0.0293691
0.0295996
0.0292483
0.0292602
0.0294645
0.0292419
0.0293276
0.0293266
0.0293231
0.0292643
0.0294261
0.0293305
0.0292609
0.0293567
0.0292612
0.0292597
0.0293233
0.0293545
0.029262
0.0293849
0.0293345
0.0292833
0.0293751
0.029296
0.0293724
0.0293556
0.02937
0.0293323
0.0293578
0.0293453
0.02934
0.0293065
0.0293168
0.029349
0.0292845
0.0293248
0.0293217
0.0293566
0.0293157
0.0293499
0.0293345
0.0293212
0.0292902
0.0293262
0.0293493
0.0293271
0.0292978
0.0293454
0.0293467
0.0293458
0.0293413
0.029344
0.0293429
0.0293414
0.0293423
0.0206487
0.0275872
0.0283648
0.0289824
0.0289107
0.0291049
0.0288783
0.0289828
0.0293213
0.0289884
0.0291698
0.0290401
0.0291057
0.0291246
0.0293513
0.0283783
0.0269781
0.028824
0.0284431
0.028887
0.0293103
0.0291919
0.0292041
0.0292782
0.0293367
0.0293186
0.0293147
0.0293071
0.0293165
0.0293078
0.0293071
0.0293072
0.0293074
0.0293078
0.0293094
0.0293123
0.0293127
0.0293094
0.0293199
0.0293107
0.029311
0.0293141
0.029312
0.0293127
0.0293146
0.0290749
0.0294102
0.0293348
0.0294144
0.0292393
0.0292527
0.0291631
0.0293322
0.0294441
0.0293156
0.0293548
0.02924
0.0293183
0.0293349
0.0293155
0.0293029
0.0293613
0.0293906
0.0293794
0.0292598
0.0292669
0.0293173
0.0293802
0.0292664
0.0293084
0.0292961
0.0292855
0.0293456
0.0292809
0.0292861
0.0292744
0.0293297
0.0293625
0.0293603
0.0293552
0.0293597
0.0292793
0.0292884
0.029352
0.0292831
0.0292858
0.0293199
0.0293522
0.0292902
0.0293032
0.0293146
0.0292939
0.0292994
0.029316
0.0293305
0.0293163
0.0293446
0.0293206
0.0292994
0.0293006
0.0293086
0.0293301
0.0293314
0.0297153
0.0290058
0.0290014
0.029446
0.0292164
0.029307
0.0291405
0.0291991
0.029182
0.029294
0.0293174
0.029234
0.0292512
0.0293014
0.0292491
0.0292631
0.0293006
0.0292787
0.029315
0.0292822
0.0292742
0.029276
0.0292843
0.0292813
0.0293357
0.0292932
0.0293212
0.0292935
0.029294
0.0293121
0.0293239
0.0292898
0.029321
0.0292916
0.0293299
0.0293089
0.0292968
0.0293283
0.0292969
0.0293002
0.0293252
0.0213892
0.0302447
0.0293077
0.0296035
0.0292199
0.0291548
0.029189
0.0292203
0.0292529
0.0292585
0.029301
0.0292734
0.0293246
0.0296717
0.0291643
0.0287195
0.0289751
0.0291054
0.029403
0.0291441
0.0292068
0.0292789
0.0292745
0.0292878
0.0292691
0.0293074
0.0292565
0.0293692
0.0293378
0.0293272
0.0292936
0.0292959
0.0292848
0.0292685
0.0292903
0.0292927
0.029335
0.0293412
0.029276
0.0293432
0.0292799
0.0292819
0.0292828
0.0293321
0.0293088
0.02929
0.0292976
0.0292886
0.0293395
0.0293167
0.0292934
0.0292927
0.0293097
0.029317
0.0293069
0.0293039
0.026829
0.0284215
0.0294997
0.0296248
0.0289187
0.029437
0.0295272
0.0292746
0.0292436
0.0292132
0.0292855
0.0293001
0.0292857
0.0293517
0.0293336
0.0293111
0.0293175
0.0293356
0.0293226
0.0293313
0.0293123
0.0293256
0.0293254
0.0293285
0.0293276
0.0293278
0.0293273
0.0293223
0.029324
0.0293255
0.0293234
0.0293252
0.0293158
0.0293163
0.0293241
0.0293156
0.0293222
0.0293215
0.0293181
0.0293198
0.0293216
0.0293174
0.0293228
0.0293162
0.0296871
0.028361
0.0286466
0.0293428
0.0290483
0.029062
0.0292362
0.029314
0.029267
0.0292896
0.0293068
0.029293
0.0293688
0.0292676
0.0292955
0.0293102
0.0292653
0.0292674
0.0292728
0.0293186
0.029279
0.0292802
0.0293145
0.0292896
0.0293055
0.0293222
0.0293285
0.0293422
0.0293101
0.0293397
0.0292892
0.0293043
0.0293011
0.0293263
0.0292945
0.0293041
0.0293024
0.0292963
0.0293111
0.0293121
0.0293002
0.0293338
0.0293201
0.0293277
0.0261543
0.0282715
0.0288518
0.0291175
0.0289074
0.0289136
0.029144
0.0290469
0.0291783
0.0291385
0.029241
0.0293245
0.0293549
0.0297053
0.0290754
0.0294313
0.0295947
0.02934
0.0293429
0.0292693
0.0292633
0.0294727
0.0293328
0.0292657
0.0293256
0.0293252
0.0293849
0.0293287
0.0293923
0.0293164
0.0293809
0.0293097
0.029327
0.0293212
0.0293196
0.0292995
0.0293639
0.0293646
0.0293636
0.0293017
0.0293573
0.0293562
0.0293555
0.0293485
0.0293462
0.0292948
0.0293318
0.0293477
0.0293211
0.0293231
0.029305
0.0293091
0.0292962
0.0293426
0.0293457
0.0293345
0.0293443
0.0293039
0.0293038
0.0293012
0.0293401
0.0293405
0.0293401
0.0293023
0.029335
0.0293283
0.0293168
0.0293372
0.0293372
0.0293365
0.029576
0.0271668
0.0298734
0.0294097
0.0292562
0.029216
0.0292592
0.0292395
0.0292559
0.0293017
0.0292822
0.0292644
0.0293293
0.0208113
0.0301429
0.0291508
0.0294382
0.0290766
0.0290351
0.0291263
0.0291082
0.0291971
0.0291919
0.02928
0.0292217
0.0293316
0.0323989
0.0308947
0.0282886
0.0294627
0.0294156
0.0292752
0.0294986
0.0294135
0.0293784
0.0293619
0.0293902
0.0293794
0.029373
0.0293653
0.0293665
0.0290013
0.0298939
0.029784
0.0292167
0.0294398
0.0293103
0.0293307
0.0292215
0.0293216
0.0294196
0.0294542
0.02929
0.0293619
0.0294025
0.0293236
0.029328
0.0293124
0.0293314
0.0293345
0.0293737
0.0292794
0.029357
0.0293729
0.0293666
0.0293027
0.0293415
0.029321
0.0293618
0.0293153
0.0293346
0.0293577
0.0293566
0.0292955
0.0293519
0.0293341
0.0293524
0.0292954
0.029309
0.0293299
0.0293477
0.0292983
0.0292959
0.0293446
0.0293447
0.0293438
0.0293289
0.0293236
0.0293412
0.0293125
0.0292985
0.0293183
0.0293325
0.029325
0.0293048
0.0293135
0.0293088
0.0293369
0.0293099
0.0293368
0.0273396
0.0247901
0.0281373
0.0299231
0.0296975
0.0289051
0.0291769
0.0293887
0.0292866
0.029198
0.0292886
0.0293297
0.0292759
0.0293004
0.02929
0.0292875
0.0293029
0.0292919
0.0292925
0.0293068
0.0293032
0.0293025
0.0293012
0.0293049
0.0293
0.0293
0.0293013
0.0293024
0.0254085
0.0297583
0.0293708
0.0283902
0.0288506
0.0291957
0.0288916
0.0291397
0.0288778
0.0290337
0.0293185
0.0289905
0.0290366
0.0290791
0.0291486
0.030537
0.0295626
0.0290401
0.0292006
0.0291295
0.0291508
0.0292547
0.0291978
0.0292493
0.0292475
0.0292562
0.0292363
0.0272068
0.0268165
0.028519
0.0290627
0.0289996
0.0290512
0.029334
0.0293101
0.02924
0.0292544
0.0292555
0.0292539
0.0292398
0.0292437
0.029251
0.0293547
0.0292776
0.0293224
0.0292832
0.0293165
0.0293198
0.0292706
0.0292791
0.0292814
0.0292998
0.0293349
0.0293051
0.0293094
0.029289
0.0293286
0.0311919
0.0308575
0.027174
0.0294926
0.0289829
0.0293122
0.0294545
0.0292705
0.0292321
0.0292925
0.029425
0.0293714
0.0292991
0.0293748
0.0293255
0.0293171
0.0293747
0.0293641
0.0293421
0.0293104
0.0293633
0.0293206
0.0293393
0.0293512
0.0293425
0.0293234
0.0293472
0.0293476
0.0215261
0.0314622
0.0300636
0.0295301
0.029345
0.0291655
0.0292157
0.029185
0.0292252
0.0293044
0.0292302
0.0292513
0.0292806
0.0292608
0.0293606
0.0290474
0.0291114
0.0299081
0.02943
0.0291575
0.0292353
0.0296024
0.0292539
0.0292939
0.0292956
0.0293608
0.0292743
0.0293265
0.0293629
0.0293872
0.0293382
0.0293409
0.0293892
0.0293709
0.0293758
0.0293171
0.0293726
0.0293365
0.0293422
0.0293531
0.0293325
0.0293352
0.0293536
0.0293571
0.0293589
0.0293547
0.0293576
0.0293532
0.0293326
0.0292922
0.0293174
0.0293525
0.0292955
0.0293455
0.0293028
0.0293436
0.0293459
0.0293463
0.02933
0.0293159
0.0293186
0.0293214
0.0293426
0.0293399
0.0293419
0.0293393
0.0293383
0.029315
0.0293319
0.0293269
0.0293381
0.00938113
0.0312922
0.0276448
0.0288946
0.028863
0.0288176
0.0288369
0.0289167
0.0288761
0.0290416
0.0289705
0.0293148
0.0300115
0.0300429
0.0298633
0.0286274
0.0291832
0.0291038
0.0292295
0.0292494
0.029257
0.0292265
0.0292491
0.0292835
0.0292782
0.0292536
0.0292793
0.0292822
0.0292913
0.0293207
0.0292687
0.0292802
0.0292919
0.0292843
0.0292836
0.0292797
0.0292838
0.0292867
0.0292847
0.0292904
0.0293015
0.0292992
0.0273144
0.0295973
0.0296474
0.0290619
0.0293005
0.0290569
0.0291937
0.0292036
0.0293235
0.0292876
0.0292102
0.0293549
0.0292104
0.0292133
0.0292672
0.0292459
0.0292477
0.029365
0.0293176
0.0292563
0.0292696
0.0292952
0.0292533
0.0292809
0.0292721
0.0292989
0.029294
0.0292885
0.0292742
0.0293509
0.029305
0.0292757
0.0292809
0.0292886
0.0293127
0.0292793
0.0292809
0.0292871
0.0293186
0.0293278
0.0293186
0.0293156
0.0292915
