0.0244759
0.0167491
0.0195828
0.023392
0.0237367
0.0238875
0.0235132
0.023815
0.0237123
0.0237255
0.0237647
0.0237444
0.0237329
0.023729
0.0240624
0.0233331
0.0235249
0.0235886
0.023403
0.023638
0.0237274
0.0237174
0.0237324
0.023883
0.0239536
0.0237744
0.0236935
0.0239441
0.0236285
0.0239158
0.0239022
0.0238859
0.0237528
0.023719
0.0238574
0.0237283
0.023849
0.0238675
0.0238607
0.023655
0.0237293
0.0238205
0.0238414
0.0238296
0.0236533
0.0238229
0.0238314
0.0238311
0.0237093
0.0238031
0.0236703
0.0236987
0.0236887
0.0238153
0.0236884
0.0237919
0.023694
0.0237957
0.0237964
0.0238002
0.0237318
0.0237778
0.0237184
0.0237858
0.0237839
0.0237322
0.0236917
0.0237705
0.0237714
0.0237362
0.023738
0.0236895
0.025919
0.0232993
0.0237359
0.0234669
0.0239079
0.0236327
0.0239414
0.0236147
0.0237866
0.0236259
0.0238045
0.0237061
0.0237789
0.0237736
0.0237307
0.0237458
0.0237112
0.023753
0.0237174
0.0237557
0.0237216
0.0237294
0.0237271
0.0237246
0.0237299
0.0237263
0.0237304
0.0237396
0.0237404
0.0237282
0.0237335
0.023736
0.0237286
0.0237375
0.0237364
0.0237291
0.0237327
0.0237294
0.0237396
0.0237331
0.0237389
0.0237372
0.0237291
0.0237337
0.0237392
0.023738
0.023738
0.0237333
0.0237305
0.0237336
0.02373
0.0237381
0.0237303
0.0237328
0.0237361
0.0237312
0.0237319
0.0237356
0.0231657
0.0238445
0.0236501
0.0239514
0.0239239
0.0238428
0.0236315
0.0238169
0.0237371
0.0237782
0.0237171
0.0236991
0.0237441
0.023721
0.0237409
0.023748
0.0237236
0.0237466
0.0237451
0.0237245
0.0237275
0.0237268
0.0237302
0.0237268
0.0237367
0.0237404
0.0237354
0.02373
0.0237276
0.023742
0.0237331
0.0237411
0.0237392
0.0237343
0.0237353
0.0237387
0.0237295
0.02373
0.023729
0.0237306
0.0237352
0.023735
0.023732
0.0237348
0.0231657
0.0238445
0.0236501
0.0240265
0.0238882
0.0238351
0.023679
0.0237755
0.0238014
0.0237478
0.023651
0.0237154
0.0238035
0.0237696
0.0236825
0.0237088
0.0237685
0.0237115
0.0236986
0.0237478
0.0237709
0.0237639
0.0237369
0.0237614
0.0237207
0.0237113
0.0237254
0.0237457
0.0237618
0.0237079
0.0237351
0.0237103
0.0237151
0.0237312
0.0237275
0.0237169
0.0237513
0.0237494
0.0237534
0.0237466
0.0237292
0.0237299
0.0237413
0.0237309
0.0140395
0.0243589
0.0240557
0.0233406
0.0236352
0.0238295
0.0237642
0.0236235
0.0238619
0.0237695
0.0236327
0.02363
0.0236263
0.0237778
0.0236456
0.0236807
0.0236519
0.0236963
0.0236702
0.023757
0.0237098
0.0236815
0.0236819
0.0237466
0.0236836
0.0236878
0.0236966
0.0236895
0.0237639
0.0219328
0.0219422
0.0238799
0.0238765
0.0237788
0.0238229
0.0235436
0.023706
0.023637
0.0235959
0.0237516
0.0237337
0.0236056
0.0238579
0.0236144
0.0236233
0.0236807
0.0236373
0.0237004
0.0237625
0.023715
0.0237194
0.0238159
0.02379
0.0237742
0.0238026
0.0238072
0.0237432
0.0236775
0.0236705
0.0237922
0.023714
0.0236807
0.0236776
0.0237185
0.023765
0.0237539
0.0236941
0.0237255
0.023759
0.0237277
0.023772
0.0237212
0.0231897
0.0242927
0.0237779
0.0236376
0.0234131
0.0236898
0.0237346
0.0237227
0.0237706
0.0237001
0.0236962
0.0236905
0.0237115
0.0237054
0.0237298
0.0237466
0.0237148
0.0237138
0.0237302
0.0237304
0.0237237
0.0237221
0.023723
0.0237437
0.023724
0.023724
0.0237303
0.0237397
0.0237424
0.0237427
0.0237405
0.0237337
0.0237394
0.0237248
0.0237262
0.023729
0.0237324
0.0237392
0.023735
0.0237289
0.023735
0.023733
0.0237316
0.0237397
0.0238207
0.0232087
0.023853
0.0231029
0.0234136
0.0238955
0.0237744
0.0238191
0.0237743
0.0237246
0.0236915
0.0237338
0.0237394
0.0238637
0.0239481
0.0237552
0.0239275
0.0239171
0.0239188
0.0237865
0.0236165
0.0238275
0.023655
0.0238757
0.0236157
0.0238275
0.023855
0.0238526
0.0237884
0.0238411
0.0237554
0.0237595
0.0236479
0.023833
0.0237096
0.0236439
0.0238282
0.0238036
0.0238192
0.0237675
0.0237726
0.0236775
0.0236658
0.0236709
0.0238067
0.0236858
0.0236929
0.0237783
0.0237947
0.0237264
0.0236864
0.0237825
0.0236877
0.023787
0.0237584
0.0237855
0.023688
0.0237301
0.0247148
0.0217443
0.0227859
0.0229671
0.0234116
0.0239727
0.0232753
0.0232957
0.0236425
0.0238936
0.0238526
0.0235733
0.0235075
0.0235041
0.0235398
0.0232206
0.0158118
0.0243266
0.0230786
0.0238143
0.023888
0.0236159
0.0236843
0.0237051
0.0237689
0.0237381
0.023726
0.0237176
0.0237215
0.0237237
0.0237213
0.0237187
0.023719
0.0237241
0.0237241
0.0237214
0.0237271
0.0237399
0.0237241
0.0237339
0.0237323
0.0242029
0.0248056
0.0239682
0.0241303
0.0235609
0.0242623
0.0236481
0.0237707
0.023607
0.0238738
0.023961
0.0236694
0.0238203
0.023555
0.0236826
0.0239179
0.0235883
0.0238526
0.0235956
0.0238841
0.0237619
0.0238547
0.02367
0.0236687
0.0237181
0.0236321
0.0238448
0.0236445
0.0236461
0.0236569
0.0236365
0.0236399
0.0238331
0.0236502
0.0238247
0.0236996
0.0236883
0.0238011
0.0236577
0.0236582
0.0237059
0.0237187
0.0237781
0.0236927
0.0238061
0.0237721
0.0236712
0.0236758
0.0237878
0.0237606
0.0237889
0.0237031
0.0237905
0.0236821
0.0237887
0.0237849
0.0237414
0.0236863
0.0237086
0.0241688
0.0232879
0.0238754
0.0240913
0.0239461
0.02333
0.0238374
0.0239479
0.0237586
0.0238937
0.0235927
0.0237122
0.023794
0.0236181
0.0237173
0.0238061
0.0236531
0.023786
0.0236558
0.023805
0.0236551
0.023684
0.0237683
0.0237432
0.0236677
0.0237594
0.0237301
0.0237691
0.0236803
0.0237338
0.0236826
0.0237033
0.023714
0.0236953
0.0237196
0.0236901
0.0237531
0.023758
0.0237407
0.0237422
0.0237212
0.0237647
0.0236973
0.0236983
0.0237025
0.0260735
0.0232159
0.0235299
0.0236384
0.0236528
0.023664
0.0237476
0.0236877
0.0237056
0.0236863
0.0237465
0.0237453
0.0237039
0.0236263
0.0243456
0.0228509
0.0240013
0.0241309
0.0238475
0.0238818
0.0237592
0.0237475
0.0237167
0.023882
0.0235743
0.0238017
0.0235987
0.0236212
0.0238039
0.023848
0.0238177
0.0238222
0.0238134
0.0238146
0.023808
0.0236478
0.0236544
0.0237006
0.0236601
0.0237965
0.0237039
0.0236981
0.0236711
0.0237535
0.0237034
0.0236755
0.0236762
0.0237555
0.0236837
0.0237015
0.0236983
0.0237006
0.0237136
0.0236891
0.0237076
0.0236921
0.0237573
0.0226915
0.0231042
0.0228008
0.0235768
0.0241735
0.0237862
0.0238483
0.0235311
0.0236538
0.0236398
0.0237362
0.0237509
0.0236891
0.0236954
0.0237434
0.0237077
0.0237536
0.0237427
0.0237172
0.023722
0.0237334
0.0237509
0.0237508
0.0237238
0.0237403
0.0237483
0.0237456
0.0237431
0.0237343
0.0237392
0.0237412
0.0237449
0.0237414
0.0237264
0.0237317
0.0237297
0.0237366
0.0237423
0.0237412
0.0237274
0.0237287
0.0237411
0.0237408
0.0237328
0.0242014
0.0243891
0.0238755
0.0240438
0.023706
0.0237455
0.0236623
0.0237039
0.02375
0.0236721
0.0237026
0.0237324
0.0237254
0.0237416
0.0237212
0.023636
0.0236387
0.0236948
0.0237959
0.0237319
0.023797
0.0237548
0.0236598
0.0236619
0.0237208
0.0237885
0.0237435
0.023691
0.0237863
0.0237458
0.0237043
0.0236987
0.023697
0.0236918
0.0236882
0.0237524
0.0237055
0.0237668
0.0237611
0.0237436
0.0237674
0.0237511
0.0237313
0.0237608
0.0241884
0.0248019
0.023765
0.0234729
0.0236185
0.0235313
0.0237495
0.0235971
0.0236069
0.0235716
0.0235881
0.0235718
0.0236514
0.0242392
0.0246838
0.0235729
0.0250993
0.0242972
0.0240229
0.0236127
0.0237867
0.0238125
0.0237678
0.0237153
0.0237275
0.0237315
0.0236835
0.0237391
0.0237358
0.0238819
0.023763
0.0237128
0.0237268
0.0237593
0.0238408
0.0236576
0.0238411
0.0238016
0.0236692
0.023684
0.0237078
0.0238148
0.0236985
0.0238071
0.0236974
0.0238036
0.0237999
0.0238016
0.0237602
0.0237948
0.0237291
0.0236936
0.0236892
0.0237915
0.0237858
0.0236868
0.0237826
0.0237746
0.0237548
0.0237219
0.0237475
0.0237782
0.0237245
0.0237488
0.0237207
0.0237085
0.0237381
0.0237725
0.0237379
0.0237715
0.0237692
0.00139807
0.023772
0.023627
0.0235368
0.0236345
0.0236831
0.0237871
0.0237097
0.0236494
0.0237305
0.0237037
0.0236686
0.0236759
0.0236963
0.0288425
0.0231034
0.0235443
0.0234902
0.0235549
0.0236198
0.0237698
0.023629
0.0236819
0.0236328
0.0237619
0.023759
0.0236683
0.0264339
0.0226454
0.0232815
0.0231562
0.0238846
0.0236521
0.0236915
0.0237206
0.023827
0.0237083
0.0237879
0.0237584
0.0237927
0.0237752
0.0242039
0.0239992
0.0233714
0.0243604
0.0238548
0.0236134
0.0235035
0.0237369
0.0236707
0.0237103
0.0237564
0.0237485
0.0237917
0.023738
0.0238396
0.0236407
0.0236256
0.0238374
0.0238508
0.0237074
0.0236467
0.0237528
0.0237922
0.0237063
0.0236951
0.0237592
0.0236772
0.023783
0.0237871
0.0237633
0.0237256
0.0237263
0.0238023
0.0238037
0.0238035
0.0237367
0.0237367
0.0237232
0.0237087
0.0237894
0.0237922
0.0237261
0.0237908
0.023689
0.0237844
0.0236909
0.0237326
0.0237013
0.0236961
0.0237791
0.0237054
0.0237344
0.023698
0.023719
0.0237572
0.0237024
0.0237465
0.023737
0.0227893
0.00829308
0.0246205
0.0226039
0.0232971
0.0233304
0.0238899
0.0237588
0.0236631
0.0237318
0.0236995
0.023705
0.0237689
0.0237043
0.0237321
0.0237086
0.0237157
0.023723
0.0237302
0.023743
0.0237074
0.0237325
0.0237112
0.0237133
0.0237127
0.0237379
0.0237175
0.00799954
0.0234324
0.0226871
0.0232127
0.0233559
0.0232029
0.0236614
0.0234418
0.023354
0.023429
0.0235172
0.0236647
0.0235212
0.0233506
0.0258985
0.0230849
0.0233737
0.023599
0.0235306
0.0237115
0.0235694
0.0236172
0.023605
0.0237554
0.0236247
0.0237613
0.0236565
0.0244544
0.0244694
0.023147
0.024083
0.0238829
0.0236343
0.0236481
0.0236433
0.0236795
0.0236305
0.023614
0.0237318
0.023764
0.0236642
0.0236464
0.0236402
0.0237992
0.0236485
0.0237163
0.0236617
0.0237134
0.023715
0.0236679
0.0237249
0.0236767
0.0236927
0.0236902
0.0236922
0.0248383
0.022867
0.023472
0.0237866
0.0231661
0.0234807
0.0234298
0.0238729
0.0237247
0.0237488
0.0238439
0.023829
0.0237995
0.0237705
0.0237438
0.023808
0.023794
0.0237132
0.023791
0.0237728
0.0237792
0.0237511
0.0237506
0.023777
0.023763
0.0237516
0.0237225
0.0237675
0.0237691
0.021786
0.0268087
0.0237726
0.0234238
0.0237147
0.023626
0.0236459
0.023644
0.0236831
0.0236737
0.0314279
0.0232985
0.0258739
0.023132
0.0236592
0.023491
0.0239323
0.0240404
0.0237548
0.0237204
0.0236472
0.0239175
0.0237776
0.0238908
0.0236976
0.0236538
0.0236614
0.0236495
0.0238592
0.0237354
0.0236687
0.0238455
0.0237623
0.0237219
0.0236785
0.0238312
0.0237166
0.0236626
0.0237804
0.0236755
0.0237351
0.0236803
0.0238046
0.0237782
0.0237137
0.0237656
0.0236787
0.0237101
0.023794
0.023683
0.0237328
0.0237307
0.0237858
0.0236846
0.0237881
0.0237709
0.0237167
0.0237604
0.0237227
0.0237641
0.0237747
0.0237495
0.0237149
0.0237582
0.0237693
0.023762
0.0237746
0.0237123
0.0287659
0.0101284
0.0206328
0.0228931
0.0225088
0.0231221
0.0234778
0.0236899
0.0233206
0.0237326
0.023501
0.0235417
0.0237849
0.0235291
0.0168818
0.0197237
0.0231419
0.0233992
0.0233938
0.0237529
0.0235405
0.0235083
0.0237787
0.0236829
0.0236066
0.0236953
0.0237943
0.023712
0.0236473
0.0237545
0.0237005
0.0237757
0.0236784
0.0236719
0.0236993
0.0236844
0.0236886
0.0237077
0.0237448
0.0237609
0.0236918
0.0237298
0.0243899
0.0230166
0.0218967
0.0235429
0.0233085
0.0234253
0.0234287
0.0234744
0.0234748
0.0236652
0.0237486
0.0237751
0.0236377
0.0237163
0.0236834
0.0235965
0.0238298
0.0237802
0.0237323
0.0237734
0.0236208
0.0236695
0.0237557
0.0236368
0.0236451
0.0237051
0.0237298
0.0237525
0.0237122
0.0236778
0.0238077
0.0237424
0.0237457
0.0237421
0.0236692
0.0236844
0.0236719
0.0236823
0.023729
0.0236788
0.0237697
0.0237833
0.0237793
0.0237634
