0.0151261
0.0181024
0.0184422
0.0177948
0.018255
0.0180175
0.0181386
0.0181868
0.0182006
0.0181956
0.0181872
0.0143183
0.019114
0.0162534
0.0179481
0.0209861
0.0180888
0.0194063
0.0166505
0.019973
0.0178818
0.0182277
0.0186548
0.017412
0.0175405
0.0188926
0.0173185
0.0187327
0.0176571
0.0188452
0.0178836
0.0183451
0.0181857
0.0176309
0.0188241
0.018817
0.0176921
0.0180311
0.0187337
0.0187428
0.0185415
0.0186962
0.018502
0.0184588
0.0179538
0.0177316
0.0183529
0.0184328
0.0183314
0.0179331
0.0179311
0.017807
0.0185652
0.0185424
0.0183742
0.0178883
0.0178674
0.018463
0.018003
0.0183628
0.0183606
0.0180257
0.0183791
0.0178984
0.0184129
0.017914
0.0184217
0.0183895
0.0184175
0.0166497
0.0198269
0.0178157
0.0183966
0.0186868
0.0187081
0.0186433
0.017802
0.0184633
0.0185
0.018095
0.0184072
0.0182151
0.0180453
0.0183322
0.018228
0.0181025
0.0182583
0.0182014
0.0182375
0.0182337
0.0181571
0.0181551
0.0182327
0.0182067
0.0181575
0.0181575
0.018173
0.0181821
0.0181583
0.0182158
0.018197
0.0182119
0.0182107
0.0181668
0.0182193
0.0181705
0.0181612
0.0182231
0.0182176
0.0182223
0.0182085
0.0181921
0.0182186
0.0181714
0.0181895
0.0181776
0.0182134
0.0182082
0.018169
0.0181733
0.01819
0.0181704
0.0182103
0.0181745
0.0229906
0.0209377
0.0169332
0.0179991
0.0186701
0.0188125
0.017655
0.0184815
0.0184738
0.0182752
0.0183631
0.0182603
0.0182412
0.0182358
0.0181336
0.0182561
0.0181618
0.0181584
0.0182096
0.0182367
0.0181563
0.0181527
0.0182379
0.0181964
0.0182297
0.0182218
0.0182021
0.0181723
0.0182207
0.0182108
0.018214
0.0181724
0.018162
0.018163
0.0182189
0.0182129
0.0182185
0.0181662
0.0181767
0.0182162
0.0236425
0.0214015
0.0163243
0.0180005
0.0186109
0.018672
0.01776
0.0181789
0.0188501
0.0186372
0.0181635
0.0181465
0.0185693
0.018126
0.0183861
0.0179909
0.0184297
0.0184136
0.0181088
0.0180394
0.0182927
0.0183546
0.0180364
0.0181472
0.0180567
0.0180782
0.0181382
0.018254
0.0180849
0.0181149
0.0181053
0.018259
0.0183041
0.0183001
0.0180926
0.018111
0.0180946
0.0182852
0.0182445
0.0181027
0.0156015
0.0205167
0.0200976
0.0177596
0.0180459
0.0182266
0.0172542
0.0181037
0.0175302
0.0184503
0.0181736
0.0182912
0.0186039
0.0185123
0.0178196
0.0184324
0.0178457
0.0178512
0.0179271
0.0180011
0.0183554
0.0182192
0.0182191
0.0179346
0.0183123
0.0180949
0.0179767
0.0180594
0.0209742
0.016701
0.0183428
0.0168818
0.0185963
0.0181811
0.0196291
0.0175028
0.0181507
0.0175616
0.0174762
0.0190006
0.0180202
0.0174954
0.0178082
0.0175717
0.0176435
0.0186805
0.0185004
0.0186461
0.0178534
0.0186627
0.0186145
0.0179178
0.0186197
0.0179007
0.0180227
0.0184466
0.0185113
0.0180689
0.017845
0.018392
0.0184192
0.0181899
0.0185017
0.0184745
0.0179052
0.0179271
0.0183578
0.0184425
0.0184334
0.0183657
0.0232877
0.0163022
0.0192388
0.0187127
0.0169967
0.0182405
0.0181541
0.0182464
0.0179137
0.0181727
0.0180527
0.0181221
0.0181245
0.0184225
0.0182452
0.0181256
0.0182452
0.0181381
0.0183077
0.0182812
0.0181678
0.0181217
0.0182522
0.0181545
0.0182143
0.0181431
0.0181445
0.0182499
0.0182347
0.0181462
0.0181436
0.0182485
0.0182351
0.0181949
0.0181616
0.0181883
0.0181971
0.0182373
0.0181668
0.0182195
0.0181686
0.018193
0.0182157
0.0182243
0.0158515
0.0188571
0.0217911
0.0191968
0.0209432
0.0186141
0.0174434
0.0176169
0.0178775
0.017292
0.019398
0.0183504
0.0178626
0.0191819
0.0172546
0.0191173
0.0182135
0.0176128
0.0175378
0.0189282
0.0175065
0.0175005
0.018896
0.0186814
0.0185834
0.0175645
0.0184002
0.018733
0.0180289
0.018077
0.0176578
0.0187362
0.0185558
0.0184991
0.0185911
0.018476
0.0177238
0.0178061
0.017762
0.018127
0.0178186
0.0177834
0.0183233
0.0185697
0.0178464
0.0185642
0.0185255
0.0183072
0.0182926
0.0179182
0.0178775
0.0179423
0.0182454
0.0179131
0.0179654
0.0184749
0.0180744
0.0183903
0.0175233
0.0183852
0.0170115
0.017
0.0164315
0.0165068
0.0182285
0.0182382
0.0171155
0.0187268
0.0176847
0.0188277
0.0174603
0.0182909
0.0176224
0.0173899
0.0182931
0.0167641
0.0174946
0.0189336
0.0179853
0.0183123
0.0182256
0.0180481
0.0181474
0.0181551
0.018131
0.0180948
0.018282
0.0181101
0.0182728
0.0181158
0.0181598
0.0181331
0.0181325
0.0181302
0.0181415
0.0182508
0.0181797
0.0181691
0.0181933
0.0181425
0.0182148
0.0181599
0.0159096
0.0146788
0.0168153
0.0183318
0.0171033
0.0183392
0.0162482
0.0165067
0.01949
0.0182221
0.0171252
0.0192994
0.0182337
0.0193469
0.0183958
0.0191599
0.0180834
0.0173056
0.0175903
0.0174595
0.0183466
0.0184091
0.018933
0.0188799
0.0189196
0.0175266
0.0177505
0.0188608
0.017725
0.017829
0.0187379
0.0176718
0.0187431
0.0180748
0.0177782
0.0184194
0.0177011
0.0185931
0.0186234
0.018258
0.0180053
0.0181773
0.0183727
0.0178488
0.0185927
0.0179463
0.0185805
0.0179484
0.0185574
0.0178535
0.0178415
0.0183773
0.0184889
0.0179922
0.0179162
0.0182716
0.0181335
0.0184889
0.0179558
0.0183043
0.0123391
0.0185261
0.0164382
0.016422
0.017177
0.0183506
0.0187226
0.0182813
0.0190653
0.0185329
0.0179419
0.0178974
0.0178961
0.0187966
0.0183904
0.017819
0.0187012
0.0179115
0.0185343
0.0181044
0.0178561
0.0178311
0.0180082
0.0185456
0.0178632
0.0185411
0.018018
0.0184946
0.0178926
0.0182988
0.0182985
0.0184276
0.0184409
0.0180294
0.0179564
0.018436
0.0180721
0.0183059
0.0179931
0.0181131
0.0179874
0.0183267
0.0183321
0.0182756
0.00178437
0.0183055
0.0174828
0.0182092
0.0181932
0.0180854
0.0182232
0.0182148
0.0179783
0.0179999
0.0180094
0.0182354
0.0180394
0.0183126
0.0244156
0.0163536
0.0203673
0.0196878
0.0174397
0.019015
0.017423
0.0182008
0.018443
0.0175507
0.0174279
0.0185974
0.0184528
0.0189636
0.018706
0.0176579
0.0186503
0.0177367
0.018758
0.0186966
0.0180551
0.0177352
0.0185871
0.0179493
0.0183787
0.0178683
0.0178805
0.0185511
0.0184772
0.0178971
0.0178806
0.0185319
0.0184668
0.0182257
0.0180024
0.0181806
0.0182367
0.0184662
0.0180371
0.0183719
0.018049
0.018206
0.018347
0.0183954
0.0170488
0.0212493
0.0169724
0.0202393
0.0188198
0.0171285
0.018256
0.0182312
0.0180011
0.0180795
0.018431
0.0180253
0.0181502
0.0182776
0.0180982
0.0182785
0.0181921
0.018268
0.0181491
0.0181768
0.018253
0.0182508
0.0181713
0.0181527
0.0182578
0.0181412
0.0181722
0.0182363
0.0182424
0.0181783
0.0181457
0.0182363
0.018191
0.0181978
0.0181829
0.0182094
0.0182159
0.0182214
0.0182286
0.018178
0.0150375
0.0219958
0.0200541
0.0167545
0.0178589
0.0194112
0.0178054
0.0183425
0.0192691
0.0180775
0.0186479
0.0179917
0.0183989
0.0186452
0.0178052
0.0179428
0.0184327
0.0177331
0.0183616
0.0179318
0.0178154
0.0182761
0.0178166
0.0180607
0.0179503
0.0180498
0.0185084
0.01795
0.0180117
0.0184947
0.0181002
0.018468
0.0184526
0.0183821
0.0179678
0.0184381
0.018059
0.0183604
0.0181053
0.0180649
0.0183768
0.018281
0.0181807
0.0181545
0.0132055
0.019498
0.01751
0.0192419
0.0190439
0.0176796
0.0186771
0.0185393
0.0176858
0.0183672
0.0181304
0.0181409
0.0178272
0.0182355
0.0164248
0.0191562
0.0213262
0.0190695
0.0170178
0.0205319
0.0174598
0.0182151
0.0191708
0.0183904
0.0186946
0.0180345
0.0185358
0.0182206
0.0179103
0.0182141
0.0181656
0.0177148
0.0185172
0.0179712
0.0177465
0.0186318
0.0181759
0.0177565
0.0177833
0.01849
0.0178271
0.018577
0.0180977
0.0178371
0.018399
0.0181312
0.0179483
0.0180061
0.0178858
0.0180768
0.0179131
0.0184765
0.017923
0.018196
0.018444
0.0179558
0.0180001
0.0183648
0.0184248
0.0181695
0.0184201
0.0184058
0.0179964
0.0179882
0.0181295
0.0183942
0.0180618
0.0183725
0.015787
0.0191854
0.0193883
0.018149
0.0181471
0.018773
0.0178456
0.0178406
0.0184901
0.017889
0.0179263
0.0179404
0.0183101
0.018326
0.0181172
6.88371e-05
0.0182272
0.0169522
0.0184525
0.0183937
0.0180075
0.018325
0.0182719
0.0177113
0.0177667
0.0177934
0.018293
0.0178604
0.0184509
0.00882819
0.015844
0.0185391
0.0185965
0.0185855
0.0180289
0.0179799
0.0182489
0.0180341
0.018165
0.0182076
0.0181749
0.0181788
0.0180661
0.0158135
0.018291
0.0195976
0.0163695
0.017359
0.0186562
0.0190233
0.0168922
0.0187035
0.0183489
0.019251
0.0192454
0.0184117
0.0174699
0.0177873
0.0185754
0.0188665
0.0182795
0.0184855
0.0179367
0.0186417
0.0187078
0.0176981
0.017737
0.0181631
0.0186632
0.0180814
0.0182687
0.0177898
0.0183271
0.0178863
0.0178506
0.0179368
0.0180754
0.0178408
0.0184633
0.018136
0.0185348
0.0185063
0.0184863
0.0178879
0.0180505
0.0184536
0.0184704
0.018475
0.0184203
0.0179322
0.0179405
0.0183863
0.0181617
0.0179511
0.0183887
0.0181387
0.0180187
0.0181501
0.0180798
0.0183652
0.0182578
0.0182526
0.00354653
0.0216725
0.0206207
0.0174867
0.0174654
0.0173657
0.0178965
0.0183403
0.0181621
0.0180901
0.0181182
0.0180133
0.0182702
0.0181402
0.0181416
0.0183192
0.0180593
0.0180911
0.0182242
0.0183364
0.01825
0.0180908
0.0181856
0.0182709
0.0181516
0.0181643
0.0182199
0.0181205
0.0182278
0.0182601
0.0237505
0.0127096
0.0205702
0.0200071
0.0184826
0.0184831
0.0177423
0.0188673
0.0188449
0.0171748
0.0172528
0.0173532
0.0188634
0.0183235
0.00851597
0.019909
0.0168923
0.0180281
0.0181351
0.0179302
0.0184267
0.0180542
0.0181291
0.0177309
0.0177853
0.0182928
0.0178897
0.0180728
0.0180059
0.00576892
0.018361
0.0177539
0.0194081
0.0181438
0.0182292
0.0190626
0.0178762
0.0190401
0.0187534
0.0175754
0.0177697
0.0176868
0.0186657
0.0177981
0.0180958
0.0178256
0.0181795
0.0179787
0.0184692
0.0182254
0.0178665
0.0178685
0.0183822
0.0179348
0.0180144
0.0180847
0.0179594
0.0184136
0.0230257
0.0108846
0.0190836
0.0185375
0.017722
0.0179152
0.0181128
0.0179791
0.018393
0.0184974
0.018421
0.0181371
0.0183379
0.018033
0.0183781
0.0180292
0.0180444
0.0180521
0.0183088
0.0180501
0.0183242
0.0183077
0.0180809
0.0182868
0.106013
0.0153837
0.0176133
0.0180298
0.0180206
0.0183069
0.017975
0.0179506
0.0182569
0.0180539
0.0182031
0.0182478
0.018285
0.0183465
0.0153257
0.0148006
0.0170505
0.0166038
0.0190994
0.0174607
0.0176895
0.0165356
0.0169833
0.0181221
0.0179175
0.0181772
0.017319
0.0173814
0.0184874
0.0190524
0.018942
0.0180054
0.0185651
0.0183452
0.0184928
0.0185303
0.0182595
0.0186871
0.0176724
0.0182983
0.0178891
0.0181001
0.0178128
0.0185706
0.0177622
0.0184258
0.0180361
0.0185882
0.0180015
0.0185955
0.0180786
0.0181909
0.0185445
0.0180409
0.0185265
0.0185085
0.017911
0.0184913
0.0183609
0.0184691
0.0179018
0.0179126
0.018399
0.018362
0.0179366
0.0184533
0.0181125
0.0179474
0.0179638
0.0179985
0.0182481
0.0183615
0.0183943
0.0179999
0.0293153
0.0113197
0.0173261
0.0162332
0.0167757
0.0170349
0.0185788
0.0171762
0.0178718
0.0189907
0.0174334
0.0175166
0.0179324
0.0181968
0.0114188
0.0174667
0.0150015
0.0190535
0.0169553
0.0186346
0.0181186
0.0179879
0.0189079
0.0183105
0.0176374
0.0181285
0.0180345
0.0186373
0.017811
0.0182148
0.0181474
0.0178014
0.017908
0.0178399
0.0179135
0.0182312
0.0184006
0.0184457
0.018329
0.0184109
0.018398
0.0184227
0.0180014
0.0179881
0.0130333
0.0179172
0.0146679
0.01732
0.0206287
0.0178643
0.0167613
0.0171268
0.0170535
0.0170806
0.0177357
0.0173404
0.0190783
0.0174147
0.0187292
0.0174325
0.018899
0.0176337
0.0188156
0.0187954
0.0177691
0.0186128
0.0176914
0.0181084
0.0186773
0.017924
0.0179955
0.0184834
0.0185414
0.0181268
0.0177991
0.0179606
0.0184494
0.0181922
0.018048
0.0179801
0.0185233
0.0182733
0.0180468
0.0181926
0.0184827
0.0184712
0.0179314
