0.0292479
0.0396913
0.0323171
0.033339
0.0331971
0.0332944
0.0329215
0.0326325
0.0327346
0.0334985
0.0342461
0.0341997
0.0345128
0.0323962
0.032527
0.0325515
0.0325382
0.0339874
0.0332968
0.0328746
0.0329025
0.034115
0.0339231
0.0338978
0.0339221
0.0336766
0.0329443
0.033482
0.0330428
0.0336632
0.038809
0.0289168
0.0327182
0.0342062
0.0342971
0.0339942
0.0334014
0.0335612
0.0332297
0.0333572
0.0335058
0.0334984
0.0333456
0.0333569
0.0334787
0.0334289
0.0334282
0.0334612
0.0334612
0.0334675
0.0334634
0.0333812
0.0334067
0.0333951
0.0334512
0.0334373
0.0334388
0.0333784
0.0399038
0.0328539
0.0346317
0.0337479
0.0335492
0.0329689
0.0336717
0.0335956
0.0336249
0.033538
0.0333689
0.0333127
0.0334003
0.0333426
0.0334207
0.0333863
0.0333707
0.03348
0.0334395
0.0334472
0.0333528
0.0333765
0.0334124
0.0334674
0.0334704
0.0334658
0.033418
0.0333786
0.033416
0.0334569
0.0394315
0.0339608
0.0346013
0.032962
0.0335044
0.0322373
0.0343134
0.0330451
0.0332268
0.0330266
0.0333609
0.0336865
0.0333526
0.0335098
0.0333199
0.0334159
0.0335103
0.0331771
0.0332882
0.0332701
0.0336584
0.0335346
0.0333955
0.033219
0.033212
0.0332253
0.0333852
0.0335395
0.0333944
0.0332562
0.0279014
0.0391323
0.0307169
0.0314474
0.0328339
0.0338141
0.0318551
0.0345702
0.0326984
0.033309
0.0340447
0.0325135
0.0326764
0.0338673
0.0334998
0.034157
0.0333397
0.0333066
0.0339119
0.0330491
0.0333615
0.0334911
0.0337499
0.0332104
0.0338738
0.0337279
0.0336049
0.0330412
0.0337238
0.0324619
0.0378692
0.031078
0.0360107
0.0335353
0.0311616
0.034565
0.0323234
0.0321947
0.0327823
0.0344435
0.0332982
0.0334445
0.0338027
0.0332785
0.0330076
0.0326624
0.033048
0.0340946
0.0340599
0.0331779
0.0333851
0.03392
0.0329211
0.0335302
0.0338761
0.0331193
0.0338358
0.0335228
0.0417293
0.0299848
0.032664
0.0343428
0.0330711
0.0342
0.033382
0.0333163
0.0334705
0.0333689
0.0333977
0.0335644
0.0335722
0.033317
0.0333387
0.0335252
0.0334492
0.0333
0.0333171
0.033341
0.0333233
0.0333577
0.0333475
0.0333587
0.0333864
0.0334812
0.0334035
0.0334849
0.0334415
0.0333853
0.0386005
0.0311084
0.0334376
0.0332233
0.0360059
0.0332444
0.0320138
0.0351569
0.0335236
0.0324445
0.0320994
0.0345419
0.0345744
0.0335401
0.0324988
0.03244
0.0330206
0.0325953
0.0332982
0.0336329
0.0340794
0.0336191
0.0332169
0.0338591
0.0327842
0.0328215
0.0332198
0.0334095
0.033885
0.0338793
0.0226773
0.0306367
0.0347883
0.0357185
0.0345374
0.0339322
0.0329332
0.0331498
0.0334825
0.0331671
0.0333348
0.0333871
0.0332632
0.0333045
0.0333818
0.0333962
0.0335633
0.0335427
0.0334828
0.0333243
0.0333744
0.033402
0.0333469
0.0334494
0.0333786
0.0334673
0.0334818
0.0333364
0.0333383
0.0368957
0.030499
0.0334385
0.0321932
0.0331533
0.0354951
0.034836
0.0320808
0.031862
0.0344894
0.0320467
0.0322316
0.0325615
0.0345307
0.0341694
0.0325095
0.0325382
0.0340776
0.0333055
0.0326483
0.0327515
0.0327854
0.0327509
0.0333038
0.0336159
0.0329162
0.0336997
0.0338994
0.0332747
0.0344933
0.0288786
0.0348035
0.0314159
0.0328014
0.0355989
0.033319
0.032231
0.0323881
0.0326722
0.0332854
0.0342983
0.0328085
0.0336401
0.0327331
0.0329574
0.032819
0.0333384
0.0338302
0.0332197
0.0336804
0.0335846
0.0329644
0.0330108
0.0329858
0.033092
0.0331109
0.0335039
0.0332168
0.0337098
0.0415153
0.0315969
0.0326821
0.0342219
0.0317866
0.0334694
0.0323349
0.0333582
0.0330942
0.0326095
0.0330076
0.0343346
0.034321
0.0326854
0.0328644
0.034138
0.0337305
0.0326884
0.0327781
0.0329431
0.0328316
0.0330605
0.0329922
0.0330673
0.0332527
0.0338401
0.0333616
0.0338505
0.0336008
0.0332414
0.0344202
0.0384041
0.0296197
0.0346601
0.0327677
0.0342283
0.0327825
0.0330118
0.0331303
0.0331705
0.0332385
0.0334657
0.0332974
0.0333092
0.0335376
0.0334724
0.0334236
0.0333383
0.033453
0.0333235
0.0334412
0.0334307
0.0334969
0.0334787
0.0333385
0.0333556
0.0333869
0.0333612
0.0334555
0.0273092
0.0377599
0.0307464
0.034409
0.0356893
0.0346707
0.0332734
0.0325477
0.0345474
0.0327453
0.0332293
0.0335352
0.0338367
0.0326439
0.0329182
0.0327091
0.0327726
0.0327969
0.0330417
0.0332802
0.0338001
0.0333383
0.0330691
0.0331502
0.0337504
0.0335727
0.0333976
0.0330958
0.0337635
0.0330783
0.0274035
0.041371
0.0334893
0.0366211
0.032521
0.033205
0.0332968
0.0331973
0.0324738
0.0332546
0.0343422
0.033926
0.0328163
0.0341434
0.0328053
0.0340643
0.0335717
0.0330157
0.0334023
0.0335871
0.033099
0.0336132
0.0338901
0.0337688
0.0338156
0.0338324
0.0337807
0.0333133
0.0331145
0.0334451
0.0210384
0.0366601
0.0322491
0.0339307
0.0336631
0.0335517
0.0337961
0.0341805
0.0343637
0.0327623
0.0344271
0.0330372
0.0337382
0.0334056
0.0336106
0.0334367
0.0330095
0.0331075
0.0328302
0.0336813
0.0329162
0.0333527
0.0331101
0.033804
0.032983
0.0337796
0.0336546
0.0330515
0.0333268
0.0278932
0.0391402
0.0304709
0.0314904
0.0328935
0.033787
0.0317009
0.0346949
0.0325977
0.0333049
0.0341274
0.0324074
0.0325846
0.0339262
0.0335141
0.034242
0.0333318
0.0332941
0.0339724
0.0330034
0.0333553
0.0335014
0.0337917
0.0331847
0.033929
0.033767
0.0336291
0.0329951
0.0337624
0.0398146
0.0369856
0.0344649
0.0333252
0.0335418
0.0335279
0.0334445
0.0322172
0.0322602
0.0337649
0.0325212
0.0326923
0.0329729
0.0325749
0.0333814
0.0330645
0.0336317
0.033519
0.0334399
0.0328128
0.0339772
0.033396
0.0328803
0.0329424
0.0330816
0.0331867
0.0334608
0.0337486
0.0336625
0.0177971
0.0230568
0.0309186
0.0311653
0.0338655
0.0319163
0.0320391
0.0332657
0.0323951
0.0344269
0.0324985
0.0333437
0.0332181
0.0333976
0.0336452
0.0337157
0.0328046
0.0339917
0.0339707
0.0328478
0.0339127
0.0329613
0.0329628
0.0336151
0.0330984
0.0335285
0.0337257
0.0337596
0.0335127
0.0416721
0.0314191
0.039176
0.0314853
0.0338342
0.0308464
0.0330536
0.031711
0.0326379
0.0346196
0.032312
0.0345976
0.0344768
0.0336576
0.032396
0.0327021
0.0334812
0.0325574
0.0342406
0.0340627
0.0338434
0.0328416
0.0329361
0.0333974
0.0338592
0.0338848
0.033163
0.0339195
0.033402
