0.0175799
0.0072323
0.0156316
0.0160847
0.0149187
0.0160748
0.0170984
0.0153011
0.0167698
0.0142148
0.0144424
0.0140957
0.0151705
0.0144053
0.0143298
0.0143928
0.0144124
0.015993
0.0151998
0.0151154
0.016046
0.0152724
0.015913
0.0148878
0.0155223
0.015851
0.0147867
0.0158009
0.0152153
0.0152854
0.0219323
0.0163067
0.0131361
0.0162885
0.0152136
0.015709
0.015068
0.0151235
0.0153978
0.0151758
0.0153034
0.0154016
0.0152301
0.0153425
0.015329
0.0153667
0.0152561
0.0152809
0.0152894
0.0153246
0.0152974
0.0153495
0.0152654
0.0152694
0.0153089
0.0153238
0.0152826
0.0152929
0.0219896
0.012613
0.0156751
0.0164273
0.0161158
0.0151962
0.0148861
0.0151322
0.0152102
0.0154718
0.0153908
0.015255
0.0152151
0.0153364
0.0153035
0.0153247
0.0153142
0.0152361
0.0152792
0.0152518
0.0152607
0.0153686
0.0153577
0.0153636
0.0152701
0.015357
0.0153565
0.0153547
0.0152994
0.0211335
0.0168236
0.0147082
0.0171492
0.0142157
0.0159582
0.0141381
0.0153393
0.015759
0.0149903
0.0151646
0.0152838
0.0156685
0.0153249
0.0151992
0.0150254
0.0150553
0.0155502
0.0152572
0.0152602
0.0151906
0.0152636
0.0154055
0.0155028
0.0151889
0.0151485
0.0154622
0.0231949
0.011612
0.0107002
0.0120438
0.0150532
0.0134234
0.0156425
0.0142952
0.0155663
0.0149656
0.0143065
0.0144378
0.0160659
0.0148784
0.0160015
0.0153561
0.0158169
0.014804
0.0152359
0.0157433
0.0155694
0.0149983
0.0157603
0.0150574
0.0157455
0.015687
0.0152574
0.0149381
0.0153231
0.0199451
0.020374
0.0162088
0.015985
0.0131407
0.0154052
0.015756
0.0167934
0.0157979
0.0161912
0.0149961
0.0147728
0.0162498
0.0152772
0.0144419
0.0149332
0.0152403
0.0159886
0.0158474
0.0147074
0.0150814
0.0154742
0.0150857
0.0151828
0.015228
0.014892
0.0155293
0.00597632
0.0199853
0.016481
0.0165393
0.0141031
0.0143582
0.0157445
0.0153838
0.0156052
0.0155556
0.0150568
0.0153658
0.0154494
0.0152724
0.0151448
0.0152346
0.0152535
0.0153784
0.0153636
0.0151966
0.0154026
0.0152698
0.0153907
0.0153844
0.0153862
0.0153008
0.0152422
0.0153485
0.0153727
0.0152608
0.0135247
0.0170119
0.0121282
0.0129237
0.0127584
0.0174713
0.0155524
0.0144827
0.0138114
0.0152718
0.0162191
0.0157155
0.0154644
0.0141752
0.0156226
0.0161456
0.0144551
0.01592
0.016085
0.0160166
0.0159573
0.0159701
0.0159725
0.0148779
0.0150986
0.0156334
0.0158133
0.0155328
0.0157771
0.0209921
0.0172164
0.0133825
0.0157455
0.0162368
0.0144237
0.0152391
0.014803
0.0155519
0.0155684
0.0149882
0.0151265
0.0153751
0.0154306
0.0153389
0.0153533
0.0151882
0.0151489
0.0151672
0.015421
0.0154258
0.0152149
0.0152724
0.0152509
0.0153141
0.0152397
0.0152258
0.0152484
0.0152526
0.0315032
0.011846
0.017669
0.0164298
0.0156369
0.0153116
0.0154148
0.016461
0.0145834
0.0139635
0.0150029
0.0157589
0.0147019
0.0155823
0.016329
0.0160067
0.0162789
0.0153586
0.0151216
0.0160959
0.0145137
0.0157516
0.0146144
0.0152257
0.0155629
0.0150191
0.0148284
0.0151766
0.0134654
0.0170992
0.0167813
0.0118369
0.017393
0.0156935
0.0156269
0.0143595
0.0152798
0.0143892
0.0150493
0.0150462
0.0160168
0.01512
0.0150263
0.0146404
0.0146801
0.0157933
0.0150786
0.0157878
0.01575
0.0155757
0.0155707
0.015053
0.0151359
0.0155281
0.015547
0.00152725
0.0192116
0.0149666
0.0164043
0.0145592
0.0131473
0.0148935
0.0163633
0.0166057
0.0164669
0.0141924
0.0158815
0.0162353
0.0148264
0.014421
0.0147433
0.014853
0.0157552
0.0156414
0.0146454
0.0159041
0.0150204
0.0158197
0.0157789
0.0157825
0.0152312
0.0148844
0.0155443
0.0156931
0.0149944
0.0151456
0.0163452
0.0119432
0.0141656
0.0162152
0.0144775
0.0159446
0.0151699
0.0156768
0.0154094
0.0152257
0.0154326
0.0154032
0.0153996
0.01533
0.015313
0.0151869
0.0153956
0.0152193
0.0152738
0.0153244
0.0153047
0.0152868
0.0153457
0.0152375
0.0153783
0.0153283
0.0152464
0.0153493
0.0123487
0.011292
0.0100575
0.0170235
0.0125359
0.0164748
0.0168422
0.0158872
0.0157079
0.0143478
0.0157089
0.0158313
0.0148213
0.015453
0.0145641
0.0159777
0.0148188
0.0152341
0.0158823
0.0151059
0.0157718
0.0148853
0.0149643
0.0157501
0.0156548
0.0152368
0.0153702
0.0151759
0.0151851
0.0150792
0.0110012
0.0110871
0.0149117
0.01572
0.0154979
0.0168107
0.0140081
0.0146368
0.0143292
0.0160435
0.0153203
0.0151118
0.0155849
0.0157628
0.0157854
0.015567
0.0147585
0.0154338
0.0147776
0.0156028
0.0156403
0.0151899
0.0154578
0.0154549
0.0152109
0.0150843
0.0151002
0.0150449
0.0170623
0.0146931
0.0111847
0.0182855
0.0151067
0.0134589
0.0139421
0.015351
0.0157741
0.0143861
0.0152052
0.0161947
0.0160717
0.0147605
0.0145622
0.0146363
0.015449
0.015649
0.0148714
0.015739
0.0150871
0.015703
0.0157716
0.015486
0.0148929
0.0156501
0.0156638
0.0154756
0.0156698
0.0153727
0.0231954
0.0116173
0.0104831
0.0118392
0.0150733
0.0132585
0.0157078
0.0141732
0.0155958
0.0149113
0.0142015
0.0143365
0.0161565
0.014821
0.0160836
0.0153588
0.0158784
0.0147409
0.0152246
0.0157961
0.015601
0.0149583
0.0158148
0.0150247
0.0157977
0.0157331
0.0152499
0.0148923
0.0153241
0.0221969
0.0156759
0.0144548
0.0181128
0.0153868
0.0137248
0.0165591
0.0152039
0.0146465
0.0154665
0.0158736
0.0154955
0.0149419
0.015577
0.0148644
0.0156245
0.0154044
0.0152155
0.0159628
0.0155414
0.0159023
0.0158523
0.0152394
0.0157713
0.0149439
0.0148677
0.015477
0.0157067
0.0152331
0.015276
0.00501182
0.00930724
0.012243
0.0188736
0.0149451
0.0151672
0.0143954
0.0161479
0.0152776
0.0155219
0.016148
0.0158532
0.014614
0.0157063
0.0145876
0.0158921
0.0146681
0.015634
0.0149027
0.015169
0.0148116
0.0155505
0.0148655
0.0155456
0.0156276
0.0149284
0.0155396
0.0152562
0.0107982
0.0186932
0.0144702
0.0162233
0.0176151
0.0169616
0.0161651
0.01358
0.0144523
0.0140396
0.0144912
0.0151261
0.0163289
0.0159531
0.0150367
0.0152944
0.0151022
0.0157608
0.0145409
0.0160506
0.0151457
0.0146372
0.0146564
0.0153266
0.0154164
0.0156572
0.0158354
0.0157884
0.0150377
