0.0184407
0.021303
0.0212176
0.020676
0.0209854
0.0204685
0.0212833
0.020586
0.0208967
0.0207892
0.0206415
0.0201866
0.0208966
0.0204533
0.0204388
0.0209211
0.0207787
0.0202655
0.020372
0.0208416
0.0205814
0.020663
0.0207245
0.0206009
0.0203023
0.0207098
0.0203365
0.0205189
0.0204283
0.0203502
0.0269546
0.0224177
0.0215572
0.0202119
0.020163
0.0207088
0.0204737
0.0205191
0.0205233
0.0205445
0.0205175
0.0205029
0.0205182
0.0205351
0.0205575
0.0205569
0.0205351
0.0205126
0.020548
0.02054
0.0205495
0.0205147
0.0205517
0.0205338
0.0205226
0.0205374
0.0205468
0.020523
0.0205342
0.0186475
0.0192084
0.0208284
0.0204412
0.020936
0.0207059
0.0204176
0.0206107
0.0206115
0.0204949
0.0204907
0.0204928
0.0205431
0.0205585
0.0205064
0.0205608
0.0205071
0.0205011
0.0205223
0.0205325
0.0205169
0.0205506
0.0205509
0.0205229
0.0205139
0.0205157
0.0205411
0.0205312
0.0205488
0.0180656
0.0188145
0.0211613
0.0207283
0.0207891
0.0205169
0.0205677
0.0205567
0.0205043
0.0207138
0.020693
0.0206509
0.0205465
0.0203821
0.0206301
0.0204039
0.0206289
0.0206423
0.0205861
0.0205513
0.0206001
0.0204732
0.0204712
0.0205785
0.0206061
0.0206008
0.02051
0.0205476
0.0204792
0.0188122
0.0174004
0.0197354
0.0200681
0.0204368
0.0203503
0.0205962
0.0198855
0.0199624
0.0206777
0.0200484
0.0208893
0.0208698
0.0207625
0.0204422
0.0202314
0.0205804
0.0207891
0.0207729
0.0202867
0.0203075
0.0204803
0.0205942
0.0203454
0.0207039
0.0206603
0.0204667
0.0204299
0.0206362
0.018697
0.0162298
0.021507
0.0215783
0.0194361
0.0204899
0.021212
0.0205154
0.0210725
0.0200669
0.0207885
0.0208086
0.0201366
0.0209161
0.0208963
0.0202926
0.0208625
0.020259
0.0202325
0.0206505
0.0204732
0.0202774
0.0206925
0.0207547
0.0203998
0.0205795
0.020516
0.0206343
0.0205421
0.0204811
0.0205849
0.0190213
0.0211241
0.0202939
0.0209808
0.0206995
0.0205588
0.0203602
0.02055
0.0205452
0.0205234
0.0205913
0.0205686
0.0204641
0.0204987
0.020549
0.0205148
0.0205631
0.020548
0.0205355
0.0205529
0.0205653
0.0205605
0.0205646
0.0205411
0.0205154
0.0205602
0.0232524
0.020942
0.0227759
0.019196
0.0215729
0.0208201
0.0197607
0.0202464
0.019905
0.0202073
0.020852
0.0210253
0.0203589
0.0209056
0.0209116
0.0203356
0.0202599
0.0202459
0.0207976
0.020279
0.0205794
0.0207965
0.0207241
0.0204116
0.0207058
0.0204312
0.020327
0.0207319
0.0223908
0.0170871
0.0223813
0.0195864
0.0210037
0.0201823
0.0201188
0.020445
0.0203202
0.0205814
0.0205476
0.0204147
0.0204379
0.0204654
0.0205202
0.0205605
0.0204636
0.0204835
0.0205807
0.0204802
0.0204851
0.0205714
0.0205614
0.0205156
0.0205297
0.0204961
0.0205626
0.0205223
0.0205094
0.0205283
0.0199009
0.0224854
0.019714
0.0213517
0.0203499
0.0198923
0.0197367
0.0200015
0.0209354
0.0203603
0.0205429
0.0205381
0.02003
0.0205352
0.0209435
0.0201176
0.0208006
0.0208988
0.0202817
0.0204311
0.0207616
0.0202318
0.020275
0.0204435
0.0204586
0.0204444
0.0206862
0.0203411
0.020497
0.0207371
0.0163543
0.0240488
0.0204606
0.0214647
0.020902
0.0212364
0.0205493
0.0205552
0.0201102
0.0207143
0.0204104
0.0208485
0.0201803
0.0207688
0.0203613
0.0207951
0.0204767
0.0207582
0.0202936
0.0205509
0.0206983
0.0207068
0.0207082
0.0206096
0.0204517
0.0204966
0.0204013
0.0206405
0.0219083
0.019024
0.0205498
0.0197065
0.0206096
0.0205438
0.0209459
0.0199683
0.0205703
0.0203187
0.0203196
0.020912
0.0207954
0.0201708
0.0202828
0.0206218
0.0203952
0.0207224
0.0206189
0.0205361
0.0206536
0.02073
0.0207009
0.0207225
0.0205769
0.0204147
0.0206948
0.017337
0.0206655
0.0208197
0.0206652
0.021078
0.0202096
0.020479
0.0207169
0.0205475
0.0204583
0.0206075
0.0204655
0.0205902
0.0205736
0.0205026
0.0205742
0.0205733
0.0204849
0.0205493
0.0205692
0.020567
0.0205158
0.0205124
0.0205371
0.0205634
0.0205115
0.0205127
0.020545
0.0182867
0.0185948
0.0216876
0.0208536
0.0212691
0.020592
0.0199779
0.0204399
0.0201933
0.0202343
0.0208724
0.0204515
0.0207921
0.0202613
0.0206666
0.0207635
0.0202809
0.0202878
0.0206201
0.0207267
0.0205607
0.0205415
0.0205656
0.0205015
0.0203798
0.0205326
0.0204275
0.0206489
0.02282
0.019484
0.0214437
0.0205655
0.0213296
0.0202172
0.0206139
0.0206363
0.0200768
0.0209479
0.0202086
0.0208771
0.0206558
0.0206794
0.0207224
0.0205535
0.0204323
0.0202877
0.0204019
0.0207617
0.0204851
0.0204957
0.0203699
0.0203871
0.0204628
0.0204739
0.0206801
0.0204194
0.0205944
0.0219665
0.0220522
0.0215439
0.0206161
0.0204199
0.0205627
0.020923
0.0201815
0.0207976
0.0209158
0.0201968
0.0202285
0.0204141
0.0203502
0.0205992
0.0202655
0.0204531
0.0207243
0.0205058
0.0207625
0.0204632
0.020734
0.0204168
0.0206061
0.0206779
0.020462
0.0206469
0.0205937
0.0204241
0.0233378
0.0195159
0.0204917
0.0209896
0.0191503
0.0207699
0.0206738
0.0210399
0.0203109
0.0203732
0.0203371
0.0205168
0.0201973
0.0201952
0.0207752
0.0202212
0.0207969
0.020376
0.0207908
0.020742
0.0203153
0.0206935
0.0206442
0.0206413
0.0207132
0.0203767
0.0195748
0.0173646
0.0199728
0.0198471
0.0204162
0.0207955
0.0210788
0.0202431
0.0208734
0.0201135
0.0206332
0.0204338
0.0203537
0.0208026
0.0206613
0.0204927
0.0204138
0.0207961
0.0204056
0.0203931
0.0205183
0.0207138
0.0207163
0.0207142
0.0203587
0.0206672
0.0203737
0.0205826
0.0204914
0.0134185
0.0226373
0.0181824
0.0210771
0.0204515
0.0204346
0.0204651
0.0205683
0.0209874
0.0205501
0.0205543
0.0201375
0.0203243
0.0202184
0.0207819
0.0202521
0.020317
0.0203278
0.0205217
0.0204561
0.0205465
0.0205694
0.0203411
0.0203764
0.0204097
0.0206645
0.0205062
0.0206116
0.0203856
0.0163043
0.0180784
0.0196722
0.0205728
0.0204156
0.0209326
0.0205639
0.020029
0.020287
0.0202531
0.0202435
0.0201104
0.020701
0.0209685
0.0209409
0.020226
0.020166
0.0202134
0.0205492
0.02036
0.0203004
0.0203454
0.0203172
0.0207873
0.0203537
0.0203056
0.0204662
0.0203464
0.0203653
