0.019995
0.0233705
0.0209385
0.021547
0.0216331
0.0212597
0.0218583
0.0212514
0.0215216
0.0215745
0.0211715
0.0209184
0.0212872
0.0212419
0.0213999
0.0214777
0.0214809
0.0213021
0.0213716
0.0210043
0.0210252
0.0210023
0.0210193
0.0210306
0.0210453
0.0210528
0.0213319
0.0210802
0.0213612
0.0195018
0.0199711
0.0216797
0.0207746
0.0215741
0.0214338
0.02119
0.0213052
0.0211811
0.0212281
0.0212257
0.021191
0.0211932
0.0212383
0.0212319
0.0212244
0.0211958
0.0212354
0.0212104
0.0212363
0.0212341
0.0212129
0.021205
0.0212253
0.0212066
0.0212316
0.0212305
0.021223
0.0212074
0.0212244
0.0159206
0.0221383
0.0202044
0.0212436
0.0216138
0.0214791
0.0210788
0.0213273
0.0212023
0.0211867
0.0211878
0.0211888
0.0211932
0.0212052
0.0212029
0.0212289
0.0211965
0.0212392
0.0212378
0.0212085
0.0212085
0.0212369
0.0212025
0.0212253
0.0212069
0.0212342
0.0212314
0.0212327
0.0212251
0.0159309
0.0221288
0.0202722
0.0214954
0.0214876
0.0213874
0.0212137
0.0212351
0.0213864
0.0213525
0.0212949
0.0212986
0.0212993
0.0212735
0.0212804
0.0212074
0.0212966
0.0211319
0.0211431
0.021263
0.0212613
0.021148
0.0212784
0.0211985
0.0212645
0.0211612
0.0211725
0.0211678
0.0211974
0.0181525
0.0204205
0.0203725
0.0209393
0.0216324
0.0209281
0.0206003
0.0207392
0.0213379
0.0209225
0.0209321
0.0208872
0.0210518
0.0214006
0.0213833
0.021271
0.0210976
0.0213588
0.0210156
0.0213401
0.0210324
0.0213726
0.0211002
0.0213279
0.0213578
0.0213463
0.0212375
0.0213003
0.0212796
0.021104
0.01998
0.0208979
0.0215526
0.0208968
0.0217956
0.0217512
0.0217568
0.0213935
0.0212275
0.0216188
0.0215132
0.0210982
0.0210509
0.0214919
0.0214255
0.0214376
0.0209716
0.0209873
0.0210403
0.0213457
0.0212779
0.0214031
0.0210507
0.0213224
0.0210541
0.0213696
0.0211013
0.0212469
0.0213237
0.00776774
0.0193461
0.0220874
0.0210687
0.0216428
0.0214594
0.0212071
0.0212178
0.0212581
0.02128
0.0212574
0.0212359
0.0211948
0.0212301
0.0212117
0.0212004
0.0211949
0.0212347
0.0212452
0.0212314
0.0212335
0.0212202
0.0211951
0.0212296
0.0212139
0.0212141
0.0199181
0.0204264
0.0210727
0.0205975
0.0210837
0.0215829
0.0212367
0.0217546
0.0213739
0.0216862
0.0210957
0.0216244
0.0212428
0.0209204
0.0213373
0.0209342
0.0215269
0.0209478
0.0212554
0.0211891
0.021312
0.0214015
0.0210461
0.021024
0.0210577
0.0213283
0.0212275
0.0213854
0.0213598
0.0213396
0.0189595
0.022367
0.0203982
0.020546
0.0215614
0.0211749
0.0211524
0.0212607
0.0212793
0.0211065
0.0212334
0.0212081
0.0212336
0.0211639
0.0211592
0.0212618
0.0212539
0.021173
0.0212539
0.0211825
0.0211973
0.0212074
0.0212399
0.0212192
0.0212085
0.02119
0.0212429
0.0212172
0.0211945
0.00739593
0.0201736
0.0210545
0.021344
0.0205619
0.0208451
0.0207842
0.0216837
0.0212971
0.0216377
0.0214069
0.0208398
0.0213901
0.02128
0.0214882
0.0215299
0.0209677
0.0211235
0.0214866
0.0212278
0.0214421
0.0212795
0.0213758
0.0210504
0.0213036
0.0210696
0.0210811
0.018834
0.0203426
0.0220647
0.0211182
0.0215924
0.0212264
0.0211656
0.0214908
0.0208818
0.0209257
0.0213257
0.0212934
0.0209626
0.0212863
0.0214081
0.0214046
0.021394
0.0213697
0.0213532
0.0213633
0.0210684
0.0213321
0.0213119
0.0210893
0.0212634
0.02125
0.0213045
0.0213054
0.00878724
0.0189716
0.0220467
0.0206057
0.021452
0.0218245
0.0215292
0.0209541
0.021149
0.0215524
0.0215031
0.0213854
0.0210145
0.021279
0.0211394
0.0210822
0.0210575
0.0213178
0.0213898
0.0212964
0.0213107
0.021223
0.0210735
0.0212856
0.0211846
0.0211865
0.0231705
0.019552
0.0224669
0.0205457
0.020888
0.0209369
0.0214094
0.0211325
0.0213248
0.0211644
0.021227
0.0211696
0.0212432
0.0212082
0.0211844
0.0212504
0.0212437
0.0212022
0.0212475
0.0212286
0.0212464
0.0211971
0.0212449
0.0212435
0.0212318
0.0212351
0.021201
0.0212276
0.0212383
0.0231705
0.020085
0.0222624
0.0213381
0.0213467
0.0213271
0.021068
0.0215941
0.0215527
0.0212601
0.0209059
0.0210236
0.0210377
0.0213275
0.0211821
0.0210095
0.0212976
0.0213867
0.0210844
0.0211042
0.0211612
0.0213687
0.0211997
0.0212591
0.0213459
0.0213254
0.0213346
0.0213266
0.0211764
0.0231705
0.0210075
0.0219666
0.0207133
0.0218651
0.0206761
0.0216663
0.0209973
0.0215729
0.021405
0.0210507
0.0214347
0.021017
0.0209912
0.0214381
0.0214036
0.0210696
0.0210505
0.0212195
0.0210645
0.021098
0.0211664
0.0213204
0.0213534
0.021341
0.0211335
0.02133
0.0211167
0.0200893
0.0210473
0.0205689
0.0203371
0.0206101
0.0212632
0.0211371
0.0208232
0.0215872
0.0208685
0.0210284
0.0211639
0.0210118
0.0214725
0.0212761
0.0211951
0.0212956
0.021026
0.0210293
0.0213722
0.0213674
0.0213008
0.0212193
0.0213668
0.0212503
0.021355
0.0212004
0.021317
0.0213338
0.0211127
0.0181525
0.0203314
0.0202845
0.020938
0.0216247
0.0208817
0.0205444
0.0206905
0.0213557
0.0208844
0.0208969
0.0208503
0.0210283
0.0214224
0.0214029
0.0212763
0.0210811
0.0213754
0.0209924
0.0213546
0.0210097
0.0213909
0.0210848
0.0213411
0.0213745
0.0213617
0.0212395
0.0213103
0.021287
0.0210898
0.0273414
0.0228554
0.0220756
0.0212017
0.0219442
0.0212418
0.0214659
0.0213129
0.0215138
0.0212128
0.0210134
0.0212067
0.0214356
0.0210064
0.0212156
0.0210629
0.0210115
0.0213798
0.0211498
0.0213448
0.021052
0.0211241
0.0213794
0.0212746
0.0212865
0.0212119
0.0213218
0.0212371
0.0157057
0.0208874
0.0203122
0.0207013
0.0208672
0.021076
0.0211873
0.0212491
0.0208013
0.0212323
0.0213095
0.0213195
0.0209905
0.0209827
0.02135
0.021408
0.0213049
0.0210324
0.0210544
0.021282
0.021107
0.0212273
0.0212735
0.0212189
0.0211057
0.0211449
0.0211312
0.0236872
0.0226664
0.022065
0.0196489
0.0212239
0.0211527
0.0206394
0.0211545
0.0211583
0.0210832
0.0216018
0.0215546
0.0211901
0.0212631
0.0209902
0.0212754
0.0211605
0.020987
0.020946
0.0210724
0.0211713
0.0209832
0.0210453
0.0213755
0.0213646
0.0213209
0.0213111
0.0211791
0.0211741
