0.0178664
0.0273939
0.0269431
0.0268409
0.0250973
0.026893
0.0265996
0.0279932
0.0259936
0.0273594
0.0270409
0.0259164
0.027387
0.027434
0.026709
0.0267967
0.0271656
0.026418
0.0264988
0.026375
0.0262899
0.0272915
0.0267192
0.0271576
0.0263683
0.027067
0.0271824
0.0268894
0.0267564
0.0271152
0.0361784
0.0267752
0.0275385
0.0273635
0.0271298
0.0263437
0.0267904
0.0268522
0.0266886
0.0269011
0.0268748
0.0268514
0.0268305
0.0267414
0.0268288
0.0267985
0.026838
0.0268361
0.0267661
0.0268086
0.0268343
0.0267601
0.0268172
0.0267633
0.0268295
0.0268281
0.0268261
0.0267746
0.0268102
0.0267885
0.0329053
0.0290815
0.0285995
0.0272667
0.0274396
0.0274623
0.0270023
0.026646
0.0268083
0.02675
0.0268691
0.0268399
0.0267809
0.0267447
0.0268423
0.0268286
0.0268391
0.0268433
0.0268116
0.026837
0.0268282
0.0267848
0.0268395
0.02682
0.0268363
0.0267755
0.0267648
0.0268027
0.0267714
0.0267746
0.0343151
0.0290807
0.0284614
0.0267914
0.0279637
0.0272842
0.0269383
0.0267706
0.0264089
0.0268689
0.0267928
0.0268121
0.0268845
0.0269594
0.0265354
0.0267548
0.0266719
0.0266118
0.0267813
0.0266442
0.0266892
0.0268597
0.0266307
0.0267199
0.0266473
0.0268841
0.0269163
0.0267844
0.0268943
0.0268836
0.0338832
0.0270702
0.0296302
0.0240213
0.026649
0.024903
0.0269416
0.0258175
0.0266676
0.0267784
0.026085
0.0270305
0.0273751
0.0271386
0.0262526
0.0272169
0.027239
0.0271814
0.026897
0.0271635
0.0268035
0.0270354
0.0264521
0.0271062
0.0267658
0.0266882
0.0268147
0.0268577
0.0298099
0.0191049
0.0253304
0.0267194
0.027743
0.0282071
0.0278559
0.0271914
0.0277728
0.0273049
0.0275792
0.0266692
0.0260569
0.0272267
0.0267062
0.0271366
0.0262115
0.0271018
0.0265723
0.0266378
0.0269842
0.0264351
0.02717
0.0266327
0.0271677
0.0268119
0.0270141
0.0266016
0.0268361
0.0265007
0.026927
0.02519
0.0247929
0.0278228
0.0262503
0.0273917
0.0266464
0.0267276
0.0265196
0.026672
0.026821
0.0268921
0.0266968
0.0266776
0.0268898
0.026828
0.0267278
0.0268603
0.0267649
0.0267219
0.0267728
0.0268161
0.0268198
0.0268375
0.0267971
0.0267783
0.0267646
0.0267947
0.039864
0.0264816
0.0243508
0.0264208
0.0289155
0.025373
0.0269811
0.0262315
0.0279471
0.0268888
0.0265466
0.0271366
0.0265548
0.026037
0.0266075
0.0261777
0.026136
0.0261536
0.0262098
0.0272288
0.0262461
0.0272746
0.0267772
0.0265294
0.0264157
0.0272254
0.0268604
0.0271058
0.0264798
0.0265201
0.0317051
0.0212466
0.0286062
0.0283952
0.0266297
0.0266223
0.0270552
0.026985
0.026791
0.0269025
0.0268561
0.0267538
0.0268329
0.0266561
0.0267308
0.0268385
0.0267518
0.0267408
0.0268622
0.0268418
0.0268325
0.0268408
0.0267344
0.0268623
0.0268464
0.0267398
0.0268389
0.0267421
0.029189
0.0303236
0.0269733
0.0265613
0.0268741
0.0268753
0.0264632
0.0263159
0.0270245
0.0274918
0.0276091
0.0259067
0.026773
0.0261124
0.0260889
0.0266478
0.0261405
0.0273902
0.0272378
0.027127
0.0269355
0.0272656
0.0272637
0.0269676
0.0265277
0.0263907
0.0268298
0.0264595
0.0270134
0.0207883
0.0271128
0.0283271
0.0271193
0.0269443
0.0268973
0.0268947
0.0274703
0.0265611
0.0261724
0.027292
0.0269332
0.026651
0.0271872
0.0263503
0.0264535
0.0270046
0.0269794
0.0265353
0.0267248
0.0264928
0.0264923
0.0265046
0.0266108
0.0268873
0.0267932
0.0313968
0.022841
0.0225914
0.0259498
0.0274942
0.0251039
0.0268602
0.0257235
0.0258907
0.0274322
0.0267073
0.0268952
0.0263388
0.0274199
0.0261618
0.0269549
0.0266165
0.0272532
0.0272884
0.0265531
0.0272523
0.0268902
0.0268858
0.0268991
0.0270194
0.0270468
0.0267551
0.0264938
0.026692
0.0268022
0.0275679
0.029732
0.0265515
0.0274006
0.0281307
0.0270179
0.0266919
0.0265639
0.026716
0.0268248
0.026831
0.026829
0.0267294
0.0267768
0.0268736
0.0267235
0.0268603
0.0268669
0.0268266
0.0267552
0.0268336
0.0267698
0.0268395
0.0268532
0.0268074
0.0268231
0.0267543
0.0267567
0.0267699
0.0209504
0.0236053
0.0286248
0.0276432
0.027555
0.0275194
0.025751
0.0268835
0.0270086
0.0267761
0.0262425
0.0261057
0.0270237
0.0272281
0.0265731
0.0271161
0.0265312
0.0263917
0.0265229
0.0267234
0.0269024
0.0269588
0.0270807
0.0268716
0.0265005
0.0265615
0.0265834
0.0269072
0.0297476
0.0248115
0.0295245
0.0278256
0.0265373
0.0267761
0.0258152
0.0260458
0.0273039
0.0260497
0.0266871
0.0261355
0.0267669
0.0272402
0.0273051
0.0268768
0.0268931
0.0271597
0.0270187
0.0267847
0.0269429
0.0267452
0.0271143
0.0269966
0.0266344
0.0270741
0.0266009
0.0270409
0.0267978
0.0166415
0.0320503
0.0282852
0.0259371
0.0266302
0.027223
0.0277945
0.0259906
0.0273994
0.0263147
0.0275102
0.027016
0.0265076
0.0268109
0.026958
0.0272461
0.0264169
0.0264119
0.0267733
0.0267056
0.0269334
0.0265299
0.0264923
0.0271039
0.0267907
0.0265336
0.0270437
0.0267375
0.0373417
0.0254652
0.0247793
0.0238522
0.0259924
0.026673
0.0255487
0.0256015
0.0277378
0.0258731
0.0271534
0.0274445
0.0268745
0.0261729
0.0261487
0.0262998
0.0273112
0.0269349
0.0272267
0.0271536
0.0271209
0.0272115
0.0271141
0.0270972
0.0270032
0.0270104
0.0265305
0.0266439
0.0264979
0.0268491
0.0284735
0.0255265
0.0259715
0.0263149
0.0280232
0.0276744
0.0267782
0.0264131
0.0270272
0.0269176
0.0274131
0.0261767
0.0263867
0.0273696
0.0272523
0.0271042
0.0272762
0.0263265
0.0270565
0.0264825
0.0264045
0.0271732
0.0269912
0.0267672
0.0270417
0.027093
0.026523
0.0265336
0.0265477
0.031433
0.0295588
0.0281202
0.0266125
0.0272567
0.0277151
0.0270778
0.0271866
0.0259016
0.0268804
0.0260619
0.0266493
0.0273537
0.0268628
0.02657
0.0271275
0.0265848
0.02721
0.026867
0.0271959
0.0264768
0.0267096
0.0269938
0.0270369
0.0270377
0.0265439
0.0269962
0.027009
0.0253152
0.030855
0.0222878
0.0259646
0.0271624
0.0285157
0.0269382
0.0279674
0.0277442
0.0262125
0.0270375
0.0258578
0.0266932
0.0270518
0.0261129
0.0265916
0.0261035
0.0261594
0.0261707
0.0264831
0.0268922
0.0268304
0.0271773
0.0271962
0.0263607
0.0268232
0.0263969
0.0264235
0.0264432
0.0264891
