0.00474131
0.0231107
0.020393
0.020441
0.0221698
0.0239696
0.0234514
0.0236358
0.0233014
0.0246529
0.0240675
0.0234366
0.0246601
0.0245367
0.0246447
0.0246432
0.0244666
0.0245788
0.0245313
0.0245813
0.0245769
0.0245576
0.0245712
0.0245752
0.0245114
0.0245123
0.0245357
0.0245717
0.0245668
0.0245254
0.0245135
0.0245611
0.0245147
0.0245592
0.0245585
0.0245138
0.0245101
0.0245078
0.0245059
0.0245092
0.0245529
0.0245147
0.0245491
0.0245193
0.0245449
0.0245511
0.0245492
0.0245504
0.0245353
0.0245303
0.0245289
0.0245255
0.0245483
0.024539
0.0245122
0.0245474
0.024535
0.0245307
0.0245261
0.0245185
0.0245242
0.024543
0.0245264
0.0245394
0.0245407
0.0245351
0.0245179
0.0245232
0.0245273
0.0245374
0.0245323
0.0245293
0.0243116
0.0245301
0.0244666
0.0253613
0.0245303
0.024973
0.0247249
0.0250516
0.0241413
0.0245549
0.0249559
0.0244442
0.0245535
0.0242421
0.0249487
0.0248852
0.0246948
0.0248518
0.0242821
0.0244912
0.0248139
0.0244087
0.0243253
0.0243223
0.0247096
0.024716
0.0247108
0.0245054
0.0243759
0.0245822
0.024631
0.0246047
0.0246801
0.0244636
0.0246447
0.0246781
0.0244987
0.0245997
0.024669
0.024663
0.0244097
0.024656
0.0244191
0.0245734
0.0245448
0.0245226
0.0246444
0.0245543
0.0244934
0.024632
0.0246262
0.0245283
0.0246174
0.0245291
0.0248115
0.0245281
0.0245288
0.0239797
0.0243992
0.0240221
0.0240274
0.0242806
0.0240846
0.0242361
0.024874
0.0244784
0.0248615
0.0247952
0.0243872
0.0247848
0.0247291
0.0243107
0.0246366
0.0242778
0.0247449
0.024331
0.0243419
0.0244123
0.0244966
0.0246093
0.0243691
0.024367
0.0243812
0.0245376
0.0245825
0.0246228
0.0246509
0.024557
0.0244162
0.024572
0.0244296
0.0244937
0.0244355
0.0246261
0.0244392
0.0246047
0.0245294
0.0246219
0.0246148
0.0245292
0.0246618
0.0245288
0.0245291
0.0241504
0.0244744
0.0242289
0.0242411
0.0244179
0.0242604
0.0243895
0.0247455
0.0245058
0.024736
0.0246955
0.0244557
0.0246989
0.0246444
0.024409
0.02459
0.0243686
0.0246682
0.0243913
0.0244021
0.0244594
0.0245099
0.0245788
0.0244196
0.0244229
0.0244342
0.0245344
0.0245627
0.0245894
0.0246105
0.0245468
0.0244556
0.0245566
0.0244644
0.0245066
0.024468
0.0245945
0.0244703
0.0245794
0.0245294
0.0245938
0.0245881
0.0245292
0.0241875
0.0234378
0.0243055
0.0243033
0.0247387
0.0245908
0.0246776
0.0241878
0.0242556
0.0242814
0.0242765
0.0242751
0.0246071
0.024595
0.0245351
0.0243629
0.024536
0.0245161
0.0245853
0.024591
0.0244648
0.0244231
0.0245342
0.0245475
0.0244724
0.0244213
0.0245276
0.0244499
0.0245003
0.0245626
0.0244412
0.0244866
0.0244554
0.0241319
0.0245288
0.0245404
0.0245438
0.0245234
0.0246073
0.0244123
0.0244129
0.0244928
0.0243979
0.0243961
0.0244286
0.0244001
0.0244532
0.0246119
0.0244345
0.0244401
0.0244299
0.0245402
0.0244421
0.0246074
0.0244829
0.0244502
0.0244658
0.0244609
0.0244593
0.0245801
0.0245273
0.0244684
0.0245701
0.024498
0.0245357
0.0245452
0.024493
0.0245778
0.024553
0.0244904
0.0244818
0.0244976
0.024568
0.0245052
0.0244884
0.0245653
0.0245392
0.0244924
0.0245281
0.0244929
0.0245235
0.024364
0.0231423
0.0244419
0.0244867
0.0237294
0.024889
0.0240632
0.0239713
0.0245007
0.0248364
0.024093
0.0248274
0.0244275
0.0241126
0.024193
0.0247631
0.0242497
0.0242264
0.0245422
0.0242506
0.0247132
0.0246225
0.024467
0.0243506
0.024656
0.0246612
0.0246463
0.0245373
0.0243507
0.0245083
0.024662
0.0245799
0.0243766
0.0243866
0.0243804
0.0246232
0.0244919
0.0244177
0.0244157
0.0244046
0.0246309
0.024615
0.0244746
0.0244238
0.0244551
0.0244343
0.0246083
0.0245308
0.0245401
0.0246418
0.024529
0.0245296
0.0245092
0.0245148
0.0244971
0.0245323
0.0244879
0.0244879
0.0244868
0.0245756
0.0245743
0.0245009
0.024516
0.0245473
0.0244956
0.0245626
0.0245065
0.0245601
0.0245301
0.0245043
0.0245532
0.0245517
0.0245042
0.0245513
0.0245539
0.0245514
0.0245527
0.0245516
0.0245529
0.0245404
0.024551
0.0245496
0.0245161
0.024549
0.0245187
0.0245276
0.0245366
0.0245449
0.0245382
0.0245473
0.0245467
0.0245392
0.0245196
0.0245454
0.0245252
0.0245433
0.0245206
0.0245373
0.0245199
0.0245193
0.0245281
0.0245427
0.0245186
0.024541
0.024541
0.0242798
0.024502
0.0240758
0.0245991
0.0241909
0.0244882
0.0242635
0.0242085
0.0242195
0.0242293
0.0244623
0.0242911
0.0244475
0.0243351
0.0244029
0.0243279
0.0245674
0.0243929
0.0244873
0.0244188
0.0244869
0.0244102
0.0244275
0.0242303
0.0238877
0.024514
0.0242407
0.0234459
0.0236029
0.0240693
0.0239431
0.0238871
0.0242346
0.0241618
0.0241713
0.0243638
0.0243363
0.024192
0.0240243
0.0245135
0.0241315
0.0245803
0.0242527
0.0242792
0.0246956
0.0246889
0.0242912
0.0242742
0.0243214
0.0244187
0.0243164
0.0243303
0.0245453
0.0246333
0.0243586
0.024561
0.0245924
0.0245293
0.0245293
0.024721
0.0245294
0.0245302
0.0245879
0.0245941
0.0245317
0.0245973
0.0244941
0.0244817
0.0245852
0.02459
0.0245155
0.0245824
0.0245823
0.0245798
0.0244957
0.0245785
0.0245619
0.0245629
0.0245748
0.0245749
0.0245719
0.0245029
0.0245575
0.0245344
0.0245648
0.0245002
0.024563
0.0245551
0.0245561
0.0245101
0.0245554
0.0245578
0.0245069
0.0245384
0.0245566
0.0245559
0.0245296
0.024552
0.0245277
0.024553
0.0245383
0.024537
0.0245107
0.0245095
0.0245476
0.0245273
0.0245125
0.0245113
0.0245475
0.0231176
0.0245293
0.0245282
0.0243168
0.0244128
0.02468
0.0242265
0.024539
0.0246955
0.0245088
0.0243871
0.0243216
0.024464
0.0243354
0.0245928
0.0244026
0.0243788
0.0246518
0.0246441
0.0244099
0.0246374
0.0243954
0.0244089
0.024413
0.0244103
0.0244154
0.0246073
0.0244482
0.0244367
0.024591
0.024541
0.0245966
0.0245958
0.0245949
0.0245167
0.0244589
0.024584
0.0244629
0.0245246
0.0245552
0.0244672
0.0245293
0.0216123
0.0134067
0.0246522
0.0229107
0.0240421
0.023805
0.0246302
0.0240909
0.0241511
0.0234942
0.0245366
0.0242663
0.0240812
0.0243669
0.0241364
0.0240504
0.0241738
0.0241362
0.0242858
0.0245292
0.024399
0.024514
0.0247378
0.0247311
0.0243982
0.0246838
0.0245694
0.0246515
0.0243039
0.0243887
0.0243973
0.0243406
0.0246464
0.024493
0.0246424
0.0245621
0.0244583
0.0246248
0.024384
0.0245013
0.0244036
0.0244593
0.0246051
0.0244732
0.024559
0.0244565
0.0244304
0.0245847
0.0244817
0.024454
0.0244657
0.0244411
0.0245915
0.0244521
0.0245376
0.0244842
0.0244625
0.0244605
0.0244972
0.0245494
0.0244696
0.0245801
0.0245407
0.0245379
0.0179311
0.0244958
0.0242698
0.0245225
0.0226125
0.024829
0.0247366
0.0242943
0.0238957
0.0239418
0.0239686
0.0241054
0.0239782
0.0247029
0.0241016
0.0241134
0.0241225
0.024131
0.0242425
0.0246802
0.0246815
0.0246202
0.0246605
0.0242462
0.0243126
0.024653
0.0245829
0.0242895
0.0243153
0.0246448
0.0245641
0.0246153
0.0246189
0.0243714
0.0244323
0.024452
0.0243866
0.0243801
0.0244544
0.0246163
0.0243954
0.0244113
0.0245159
0.0244198
0.0245258
0.0245211
0.0244513
0.0245508
0.0243208
0.0244336
0.0246788
0.0243651
0.0243783
0.0246656
0.0243764
0.0246216
0.0244573
0.0244784
0.0246181
0.0246169
0.0244128
0.0245301
0.0244291
0.024598
0.0244318
0.0245445
0.0245925
0.0244361
0.0246008
0.0245897
0.024579
0.024452
0.0244684
0.024591
0.0244601
0.0245888
0.0244647
0.0245742
0.0244763
0.0245715
0.0245755
0.0244807
0.024486
0.0245296
0.0244969
0.00407243
0.0141553
0.0169396
0.0221046
0.0243465
0.0225309
0.0227827
0.023292
0.0236015
0.0247121
0.0241248
0.0235303
0.0239613
0.0246604
0.0239586
0.0238808
0.024025
0.0245293
0.0245838
0.0248707
0.0245491
0.0245325
0.0246704
0.0246028
0.0245138
0.0245062
0.0245707
0.0244479
0.0245493
0.0245062
0.0244647
0.0246247
0.02462
0.0244691
0.0246015
0.0246126
0.024572
0.0245604
0.0246055
0.0244704
0.0245418
0.0245233
0.0246014
0.0244821
0.0245865
0.0244933
0.0245898
0.024587
0.024503
0.0245776
0.0245816
0.0245804
0.024546
0.0245772
0.0245763
0.0245603
0.02455
0.0245316
0.0245645
0.0245091
0.0245153
0.0245553
0.0245618
0.0245147
0.0245098
0.0245181
0.0245627
0.0245613
0.0245377
0.0245516
0.0245235
0.0245496
0.0245527
0.0245065
0.0245119
0.0245293
0.0245277
0.0245284
0.0237234
0.0236976
0.0237267
0.0234852
0.0236923
0.0241987
0.0244466
0.024636
0.024462
0.023989
0.0245098
0.0245721
0.0244239
0.0241809
0.0243572
0.0242108
0.0242016
0.0243986
0.0245782
0.0245293
0.0226755
0.0170129
0.0246214
0.0233377
0.0241603
0.0239589
0.0246082
0.0241949
0.0242385
0.0237532
0.0245347
0.0243235
0.0241729
0.0244007
0.0242219
0.0241509
0.0242453
0.0231499
0.0109192
0.0244722
0.0218635
0.0236563
0.0220787
0.0231525
0.0244869
0.022329
0.0227692
0.0232935
0.0239682
0.0245117
0.0237948
0.0236449
0.0236961
0.0246455
0.0245776
0.0245307
0.0247151
0.0245361
0.0249085
0.0247933
0.0245172
0.0246946
0.0246544
0.0246767
0.0246583
0.0244788
0.0244819
0.0246484
0.0245703
0.0246105
0.0245739
0.0245228
0.0246178
0.0245783
0.0245287
0.024501
0.0245963
0.0245981
0.0246057
0.0244991
0.0245734
0.0245435
0.0245937
0.0245992
0.0244678
0.0245964
0.0245943
0.0245332
0.0244781
0.0245412
0.0244945
0.0245676
0.0245822
0.024577
0.0245584
0.0245754
0.0245734
0.0245198
0.0245712
0.0245461
0.0245697
0.0245432
0.0245665
0.024498
0.024542
0.0244966
0.0245525
0.0245409
0.0245625
0.0245542
0.0245534
0.0245029
0.0244646
0.0238203
0.0245282
0.0237921
0.0235799
0.0234483
0.0247189
0.0239549
0.0236006
0.0237858
0.0240181
0.0239748
0.0239621
0.024675
0.0243675
0.0246756
0.0240526
0.0240663
0.024061
0.0242726
0.0244514
0.024214
0.0244557
0.0241999
0.0245833
0.0244554
0.0242651
0.0242686
0.0245145
0.0244384
0.0245265
0.022039
0.0242162
0.0240498
0.0245263
0.0241474
0.0243586
0.0242247
0.0245072
0.0242429
0.0242503
0.0243306
0.0244158
0.0244771
0.0243364
0.0244288
0.0245481
0.0243633
0.0243887
0.0244608
0.0244119
0.0244779
0.0170582
0.0236904
0.0232599
0.0240052
0.023695
0.0244646
0.0239017
0.0245679
0.0242278
0.0240971
0.0239002
0.0239169
0.0239573
0.0244676
0.0240577
0.0240998
0.0244016
0.0243083
0.0246427
0.024148
0.0246372
0.0245758
0.0244161
0.0225881
0.0245288
0.0241951
0.0242547
0.0242591
0.0243275
0.0245012
0.0246202
0.0243303
0.0243459
0.0246127
0.0243982
0.0243652
0.0243674
0.0246072
0.0245755
0.0246252
0.0245658
0.024397
0.0243914
0.0243968
0.0244805
0.0244301
0.0244227
0.0244468
0.0244455
0.0244332
0.0244877
0.0245461
0.0245546
0.0245839
0.0245518
0.0245781
0.0245285
0.00898041
0.0187118
0.0210058
0.0237351
0.0219745
0.0249967
0.0249678
0.0227053
0.023288
0.0243258
0.0234538
0.0236966
0.024806
0.0241843
0.024569
0.024269
0.0244353
0.0245236
0.0243554
0.0239736
0.0241275
0.0123198
0.0245276
0.0233547
0.0223548
0.0235928
0.0228614
0.0226992
0.0232622
0.0235222
0.0242577
0.0244877
0.0238989
0.0237493
0.0237506
0.023829
0.0246676
0.0243476
0.0245293
0.0245771
0.0244488
0.0245553
0.0245348
0.0247329
0.0245582
0.0244801
0.0246492
0.0246386
0.024586
0.0246213
0.0244689
0.024514
0.0244863
0.024466
0.0246155
0.024611
0.0245758
0.0245912
0.0245095
0.0246003
0.0245701
0.0245573
0.024555
0.0244744
0.0245065
0.0245944
0.0245642
0.0245214
0.0244816
0.0245375
0.024583
0.0245674
0.0245573
0.0245149
0.0245365
0.0245728
0.0245055
0.024492
0.0245151
0.0245716
0.0245326
0.0245671
0.024557
0.0245663
0.0245208
0.0245527
0.0245599
0.0245329
0.0245079
0.0245064
0.0245058
0.0245221
0.0245497
0.0245199
0.0245571
0.0245548
0.0245447
0.0245312
0.0245235
0.0245235
0.0245447
0.0245445
0.0245293
0.0150326
0.0223957
0.023889
0.0235162
0.0241312
0.0237248
0.0238536
0.0239226
0.0242834
0.0238553
0.0238438
0.0245188
0.0245277
0.0240504
0.0243667
0.0242044
0.0243529
0.0246151
0.0243201
0.0245868
0.0242581
0.0242828
0.0243182
0.0243124
0.024344
0.0245104
0.0244874
0.0244353
0.0243461
0.024533
0.0244043
0.0246101
0.0244989
0.0244134
0.0244933
0.0245921
0.0244655
0.0245958
0.0245492
0.0245597
0.0245863
0.0245947
0.0245791
0.0244171
0.0241571
0.024529
0.0240425
0.0245217
0.0243435
0.0243885
0.0243592
0.024491
0.0243863
0.0244417
0.0243891
0.024526
0.0244168
0.0246106
0.0244262
0.0245274
0.0244187
0.0246063
0.0244569
0.0244339
0.0246004
0.0244367
0.0244745
0.0245808
0.0244518
0.0245105
0.0245391
0.0244655
0.0245889
0.0245099
0.0244706
0.024567
0.0245169
0.0244858
0.0245234
0.0245337
0.0245481
0.0245336
0.0245068
