0.00644401
0.0218451
0.00581789
0.00711715
0.00812767
0.00880957
0.0104806
0.0188887
0.0183627
0.018861
0.0124914
0.0154207
0.0164502
0.0151008
0.0152942
0.0156416
0.0156794
0.0158052
0.0152202
0.0160915
0.0158637
0.0152986
0.0155233
0.0159982
0.0152385
0.0159726
0.0153596
0.0160083
0.0153957
0.0157307
0.0159313
0.0154752
0.0158029
0.0153667
0.0158386
0.0153883
0.0158778
0.0155582
0.0158681
0.0158499
0.0154115
0.0155201
0.0154363
0.0154145
0.015492
0.0156997
0.0154704
0.015621
0.0155739
0.0156772
0.0156807
0.015785
0.0155262
0.0157886
0.0154961
0.0157607
0.0155117
0.0157448
0.0155778
0.0157545
0.0157395
0.0156691
0.0155391
0.015752
0.0156791
0.01569
0.0156894
0.0228634
0.00911271
0.016966
0.0120009
0.0131936
0.0152319
0.0112712
0.0119295
0.0111957
0.012185
0.0195867
0.0170065
0.0189592
0.0117745
0.0189931
0.0143952
0.0127418
0.0185876
0.0182223
0.0132203
0.0132232
0.017232
0.0143517
0.0157529
0.0140586
0.0168363
0.014933
0.0169528
0.0158485
0.0174023
0.016219
0.0142644
0.016203
0.0153892
0.0145167
0.0158466
0.0160507
0.0153068
0.0145643
0.0168655
0.0148729
0.0163702
0.0156289
0.0157241
0.0164754
0.0147178
0.0152994
0.0164436
0.0155891
0.0162705
0.0198148
0.00939219
0.0167347
0.0210904
0.0204346
0.0193165
0.0191397
0.0192228
0.0188725
0.0192214
0.0191774
0.0167591
0.0120268
0.018802
0.0161934
0.0183891
0.0134782
0.0146402
0.017924
0.0179351
0.0159067
0.0133434
0.0135622
0.0136528
0.0157108
0.0138751
0.0141901
0.0155936
0.0141321
0.0140916
0.0170815
0.0168635
0.0149942
0.014452
0.0169908
0.0147146
0.0168955
0.0166425
0.0160037
0.01666
0.0160643
0.0152382
0.0160404
0.0160355
0.0152818
0.0160284
0.0176119
0.0118923
0.0160914
0.0188897
0.0187153
0.0174318
0.0173802
0.0174977
0.0172958
0.0176141
0.0175983
0.0161542
0.0133424
0.017604
0.0159161
0.0174712
0.014435
0.0151096
0.0169501
0.0172236
0.015782
0.0141603
0.0142275
0.0142794
0.0156789
0.0144283
0.0147487
0.0156107
0.0146693
0.014604
0.0166037
0.0164302
0.015237
0.0148752
0.0165576
0.0150482
0.0164978
0.0162886
0.0158713
0.0163302
0.015913
0.0153776
0.0158986
0.0158956
0.015404
0.0158934
0.0187994
0.0155101
0.0156479
0.0164562
0.0135482
0.0156712
0.0177226
0.0177338
0.0176982
0.0136577
0.0160474
0.0145217
0.0139807
0.0140231
0.0168491
0.0141027
0.0145765
0.0159345
0.0168498
0.014397
0.0168331
0.0160076
0.0165117
0.0146203
0.0151714
0.0155456
0.0147704
0.0148532
0.0163615
0.0158765
0.0163081
0.0160205
0.0150351
0.0151766
0.016143
0.015756
0.0159212
0.0158542
0.01384
0.0146081
0.0172352
0.0149291
0.0155619
0.0145386
0.0143168
0.0157364
0.0144001
0.0144091
0.0168151
0.0147183
0.0166067
0.0157323
0.0154565
0.0153673
0.0165273
0.0159725
0.0148208
0.0154113
0.0156016
0.016338
0.0150866
0.0150547
0.0149818
0.0151642
0.0161681
0.0160106
0.0152577
0.0151036
0.0154422
0.0158933
0.0158805
0.0158549
0.0161058
0.0152122
0.0158203
0.0157989
0.0152521
0.0156202
0.0157032
0.0159969
0.0159678
0.0159541
0.0192183
0.0155769
0.0158343
0.0203978
0.0109636
0.0187084
0.018887
0.0192969
0.0123628
0.0163881
0.0188475
0.0135032
0.0184968
0.0126258
0.0135102
0.0175619
0.0140721
0.0133276
0.0171578
0.0133963
0.0177723
0.0136144
0.0176189
0.0175474
0.0154649
0.0151481
0.0139188
0.0142934
0.0170784
0.0167411
0.0163274
0.0168942
0.0169361
0.0168312
0.0164566
0.014435
0.0146045
0.0167687
0.0154808
0.0165153
0.0160014
0.0165114
0.0160076
0.0147929
0.0148695
0.014819
0.0150584
0.0156353
0.0165076
0.0159893
0.015424
0.0155247
0.0160249
0.0151113
0.0156304
0.0154844
0.0154868
0.0153516
0.0159122
0.0159116
0.0153424
0.0159854
0.0157988
0.0157418
0.0153488
0.0156376
0.0153527
0.015348
0.0154352
0.0157061
0.0154269
0.0156834
0.0155136
0.0154044
0.0153975
0.0154236
0.0158299
0.0158612
0.0158327
0.0157335
0.0157751
0.0158425
0.015801
0.0158319
0.0155074
0.0154597
0.0156108
0.0157288
0.015558
0.0155174
0.0157236
0.0156641
0.0154857
0.0154917
0.0157195
0.0157701
0.0157622
0.0156732
0.015627
0.0155107
0.0156091
0.0155161
0.0155817
0.0157366
0.0156161
0.0157023
0.0155307
0.0173192
0.0142668
0.0145743
0.0140461
0.0167254
0.0154527
0.0146564
0.0167713
0.016817
0.0149063
0.0160219
0.0158515
0.0153086
0.015123
0.0148658
0.0163002
0.0148885
0.0157903
0.0153149
0.0153956
0.0151644
0.0151549
0.0208776
0.0156087
0.0158209
0.00966268
0.0207476
0.0200161
0.0110808
0.0123693
0.0193645
0.0191159
0.0133776
0.0126358
0.0150182
0.01831
0.017792
0.0149583
0.0174505
0.0175807
0.0152156
0.0152162
0.0175062
0.0137174
0.0146659
0.0168225
0.0140309
0.0160941
0.0142858
0.0162363
0.0166175
0.0164874
0.0143721
0.015616
0.0161586
0.0156396
0.0161561
0.0155964
0.0154518
0.0157171
0.0155445
0.0162872
0.0160782
0.0149625
0.0160561
0.0149843
0.0162008
0.0152911
0.0161193
0.0156825
0.0156614
0.0151147
0.0159777
0.0160018
0.0160755
0.0151765
0.0160457
0.0152525
0.0157043
0.0155441
0.0152606
0.0152861
0.0159929
0.0156394
0.0159589
0.0154103
0.0159608
0.0157271
0.0158986
0.0153665
0.0155291
0.0157463
0.0159068
0.0155204
0.015881
0.0158865
0.0154268
0.0156378
0.0157975
0.01553
0.0155725
0.0157747
0.0154777
0.0157669
0.0154668
0.0157767
0.0156301
0.0156508
0.0122852
0.0156331
0.0170271
0.0184007
0.0139251
0.0161304
0.014693
0.0146948
0.0136607
0.0142496
0.0159038
0.0152462
0.0140747
0.0164472
0.0141945
0.0167814
0.0162785
0.0170043
0.0160948
0.0160683
0.0165267
0.0156925
0.0164456
0.0152832
0.014942
0.0165107
0.0148777
0.015008
0.0150496
0.0148115
0.0151065
0.0149156
0.01534
0.0155595
0.0156997
0.0151446
0.0161442
0.0155699
0.0152454
0.0160945
0.0161517
0.0153531
0.00518502
0.00850609
0.0180577
0.0168293
0.02001
0.0131915
0.0116759
0.0187149
0.0123569
0.0147429
0.0134673
0.0155818
0.0136631
0.0136726
0.013754
0.0161202
0.017312
0.0156113
0.0157196
0.0182435
0.0131964
0.0170905
0.0172421
0.0177567
0.013602
0.0159687
0.0175876
0.0146577
0.0170954
0.0139824
0.0145809
0.0166088
0.0148611
0.0141934
0.0164079
0.0144333
0.0168388
0.0143715
0.0168223
0.0167984
0.015548
0.0153779
0.0145816
0.014871
0.0165093
0.0162672
0.0160233
0.0163843
0.0164528
0.0163401
0.0161039
0.0149231
0.0150364
0.0163162
0.0155489
0.016159
0.015847
0.0161637
0.0158525
0.0151307
0.0151808
0.0151387
0.0152949
0.0183562
0.0148587
0.0212977
0.0164989
0.0184054
0.0205588
0.0195584
0.0198439
0.0144044
0.0118216
0.0185919
0.0122777
0.0122958
0.0139724
0.0180821
0.0182642
0.0179502
0.016759
0.0141061
0.0176396
0.0172074
0.0142198
0.0161067
0.0165628
0.0167611
0.0172773
0.0145442
0.0152713
0.0170451
0.0142603
0.0168517
0.0143626
0.0162731
0.0145686
0.0144788
0.0165489
0.0145604
0.0155283
0.013026
0.0166747
0.0169195
0.0152892
0.0151332
0.0160499
0.0145301
0.0172836
0.0172315
0.0140159
0.0161369
0.0162767
0.0169217
0.0162991
0.0153227
0.0144475
0.016811
0.0167682
0.0158859
0.0150087
0.0161971
0.0146707
0.015222
0.0160757
0.0147774
0.0164609
0.0156024
0.0148933
0.0157941
0.0149732
0.0150581
0.0162835
0.0162125
0.0161352
0.0160846
0.0151971
0.0161373
0.0160909
0.0157924
0.0160017
0.0159002
0.0157543
0.0151723
0.0154017
0.0152179
0.0152524
0.0138985
0.0148998
0.0106561
0.00998002
0.0191913
0.0150829
0.0162967
0.015719
0.0157142
0.0161665
0.0126349
0.0163744
0.0143361
0.0135615
0.0137049
0.0137855
0.0140921
0.0156353
0.0156353
0.015511
0.0141394
0.0156863
0.0156994
0.0150736
0.0154324
0.0151694
0.0165727
0.0151132
0.0162592
0.0152753
0.0150978
0.0149258
0.0152486
0.0149104
0.0149337
0.0156405
0.0157685
0.0158116
0.0150285
0.0161136
0.0162243
0.0160878
0.0152222
0.0161505
0.0155017
0.0154122
0.0156982
0.0152825
0.0155663
0.0153671
0.0159725
0.0153602
0.0152042
0.0152485
0.0152708
0.0156679
0.0158205
0.0152689
0.01586
0.0152996
0.0154824
0.0156992
0.0159018
0.0157531
0.015557
0.0158219
0.0153911
0.0157205
0.0156584
0.0153943
0.0155876
0.0158782
0.0158817
0.0158731
0.0157424
0.0156118
0.015527
0.0156353
0.0111066
0.0215627
0.0141829
0.0119713
0.0139492
0.0120252
0.017442
0.0120474
0.0151224
0.0151833
0.0128778
0.0132432
0.0176177
0.0170263
0.0155519
0.0170375
0.0150867
0.0167726
0.0162234
0.0142635
0.0166478
0.0150265
0.0152975
0.0156353
0.00323009
0.0151411
0.0140297
0.0150613
0.0190816
0.0185613
0.012643
0.0162017
0.0131525
0.013313
0.0163637
0.0163628
0.0140632
0.0142287
0.0146109
0.0163753
0.0214601
0.0225125
0.00733287
0.0135393
0.00881965
0.0166423
0.0108273
0.0144289
0.0110225
0.0186968
0.0171828
0.017468
0.0167231
0.0147465
0.0177966
0.0159725
0.0156353
0.0156354
0.0154938
0.0174108
0.0165177
0.0156624
0.0145532
0.0159667
0.0164831
0.015331
0.0157699
0.0148555
0.0155905
0.0165274
0.0147205
0.0147484
0.0147495
0.0157808
0.014845
0.0151094
0.0151324
0.0163944
0.015504
0.0163341
0.0162761
0.0160857
0.0150412
0.0154579
0.0157432
0.0162345
0.0162024
0.0154315
0.0150785
0.0151908
0.0151618
0.0151518
0.0151678
0.0153695
0.0158356
0.0153125
0.0151989
0.0153628
0.0153488
0.0160341
0.015263
0.0159135
0.0152567
0.0152787
0.0155727
0.0158328
0.0154298
0.0153907
0.0159343
0.0153301
0.0157965
0.015787
0.0155899
0.0159027
0.0156108
0.0155498
0.0156144
0.00783477
0.0152579
0.0191798
0.0100685
0.0118702
0.0119715
0.0162687
0.018122
0.0142292
0.0130455
0.0171336
0.0127472
0.0158195
0.0170309
0.0155898
0.0135273
0.0136528
0.0139813
0.0172857
0.0153359
0.0141706
0.0165978
0.0141743
0.0150472
0.0153344
0.016371
0.0166254
0.00293132
0.0118226
0.0121237
0.0162299
0.0170458
0.0160086
0.0142931
0.0141912
0.0168813
0.0159919
0.0162681
0.0151959
0.0158187
0.0147416
0.0156299
0.0152577
0.0151474
0.0162024
0.0151047
0.0154595
0.015227
0.0159206
0.0156764
0.0160112
0.0156353
0.00642398
0.0138382
0.0137978
0.0118685
0.0123082
0.0120447
0.0176702
0.0133804
0.0182154
0.0159201
0.0179122
0.0133663
0.0146614
0.0138424
0.0167142
0.0145737
0.0143434
0.0170175
0.0164259
0.0160132
0.0144856
0.0149717
0.015425
0.0156264
0.0122397
0.0130482
0.0174052
0.0176775
0.0168561
0.0146619
0.0152594
0.017118
0.0139758
0.0141612
0.0167072
0.0161717
0.0165365
0.0148689
0.015368
0.0166499
0.0166145
0.0146451
0.01642
0.0153334
0.0150085
0.0164419
0.0161827
0.016179
0.0149523
0.0158115
0.0153884
0.0152039
0.01565
0.0162198
0.0150743
0.0150752
0.0166831
0.0149008
0.0159229
0.003628
0.0146003
0.0135974
0.0206721
0.0087361
0.0209648
0.0182463
0.0199133
0.0182784
0.012326
0.014809
0.0121171
0.0131577
0.0126253
0.0139313
0.0159056
0.013243
0.0142736
0.0138248
0.0170588
0.0156353
0.0154312
0.00722864
0.0210229
0.0095846
0.00963406
0.00975013
0.0118005
0.0118811
0.0187615
0.0155273
0.012385
0.0178064
0.013823
0.0172162
0.0153131
0.016482
0.0138107
0.0156353
0.0156353
0.0154788
0.0157146
0.0156761
0.0167221
0.0165237
0.0147246
0.0158667
0.0147864
0.0160217
0.0162728
0.01596
0.0148643
0.0162843
0.0150127
0.0162853
0.0162336
0.0159869
0.0162714
0.0162449
0.0162163
0.0159331
0.0154656
0.0161916
0.0158955
0.0153721
0.0161014
0.0152518
0.0158311
0.0155796
0.0156135
0.0159275
0.0153296
0.0160553
0.0160538
0.0159913
0.0160508
0.0157883
0.0159713
0.0154028
0.0158992
0.0158015
0.0159528
0.015906
0.0153131
0.0157148
0.0153331
0.0153643
0.0158692
0.0157588
0.0153476
0.0159046
0.0158713
0.0153551
0.015518
0.0157392
0.0155305
0.0154735
0.0154338
0.0156257
0.0158218
0.015441
0.0158447
0.0155897
0.0154407
0.0156353
0.0144939
0.00959989
0.0105838
0.0121354
0.0129807
0.0141711
0.0134072
0.0135707
0.0171673
0.015917
0.0156341
0.0156766
0.012847
0.0185187
0.0154132
0.0136315
0.0181619
0.0138766
0.0159143
0.017663
0.0137807
0.0137542
0.013918
0.014029
0.0170295
0.0141288
0.0157308
0.014349
0.0169937
0.0168885
0.0160506
0.0146166
0.0167222
0.0164435
0.0146172
0.0163527
0.016473
0.0163183
0.0164806
0.0155843
0.0148474
0.0159942
0.0151083
0.0149205
0.0158981
0.0156353
0.0179034
0.0153221
0.0156503
0.0146073
0.0173278
0.013907
0.0140651
0.0141749
0.0165916
0.0143981
0.0165751
0.0146475
0.0149401
0.0165275
0.0145737
0.0165104
0.0146855
0.0162848
0.0163134
0.0150669
0.0159116
0.0148926
0.0154325
0.0159771
0.0155141
0.0159141
0.0150398
0.0151767
0.0162074
0.0153413
0.0161699
0.0160301
0.0157973
0.0152141
0.0151694
0.0154595
0.0159544
0.0152629
0.015248
0.0156638
