0.0138554
0.0158982
0.012055
0.0139001
0.0254885
0.018728
0.0238319
0.0231942
0.0200651
0.020862
0.0226731
0.0226731
0.0226731
0.023071
0.022915
0.0232946
0.0231906
0.0225981
0.0228702
0.0230579
0.022809
0.0223695
0.0224679
0.022948
0.0224745
0.0224445
0.0224749
0.0227213
0.0226395
0.0225779
0.0225221
0.022896
0.0229218
0.0226933
0.0228517
0.0224464
0.02258
0.0225482
0.022728
0.02248
0.0224804
0.0224846
0.0226955
0.0226685
0.022637
0.0227045
0.0226985
0.022538
0.0225473
0.0225262
0.0225896
0.0227798
0.0225839
0.0225443
0.0226745
0.0225426
0.0225488
0.0227535
0.0225789
0.0225626
0.0226743
0.022726
0.0226321
0.0227759
0.0225955
0.022767
0.0227706
0.0227715
0.0227676
0.0226138
0.0226731
0.0226731
0.0226732
0.0148477
0.0150948
0.0274136
0.0185701
0.0243384
0.021981
0.0192245
0.0259914
0.019794
0.0222424
0.024378
0.0212498
0.0205408
0.0220032
0.0230441
0.0250294
0.022994
0.0214097
0.0245691
0.0245025
0.0209159
0.0242354
0.0233013
0.0211188
0.024233
0.0210746
0.0215253
0.0241157
0.0238572
0.0240589
0.0215869
0.0214573
0.0216343
0.0237142
0.0236685
0.0225732
0.0231804
0.0216628
0.0236956
0.0228296
0.0235571
0.0219293
0.0217872
0.0218094
0.0235266
0.021838
0.021919
0.0234519
0.023451
0.0223089
0.0226731
0.0226731
0.0281419
0.0226758
0.0226572
0.0268429
0.0199145
0.0193104
0.0258434
0.0256911
0.0258678
0.0211752
0.0254301
0.0236379
0.0203451
0.0204564
0.0210922
0.023818
0.0207454
0.021537
0.021883
0.0243643
0.0227548
0.0235439
0.0243031
0.0213771
0.0211361
0.0212577
0.0212691
0.0213266
0.0233923
0.0237529
0.0230569
0.0236016
0.0237396
0.0236741
0.0229125
0.0224688
0.0220661
0.0227064
0.0219105
0.0219551
0.023462
0.0233849
0.0219212
0.0226751
0.0180023
0.0235652
0.0226384
0.0216172
0.0210096
0.0229761
0.0234831
0.0226499
0.0244216
0.0218235
0.0209717
0.0241902
0.0243079
0.0210989
0.0211731
0.0241354
0.0236103
0.0214244
0.022867
0.0229361
0.0223352
0.0232016
0.0215801
0.0236935
0.0234201
0.0217049
0.0216972
0.0225551
0.0217426
0.0219631
0.0234935
0.0227884
0.0227423
0.0220893
0.0226983
0.0233254
0.0233234
0.0220728
0.0221401
0.0224628
0.0231676
0.0226095
0.0223857
0.0221503
0.0228966
0.0237322
0.0226729
0.0227021
0.0257714
0.0226622
0.0240868
0.0244033
0.0242382
0.0210784
0.0217274
0.0211366
0.0240788
0.0239729
0.0237487
0.0225403
0.0238392
0.0228628
0.0224976
0.0235304
0.0232307
0.0233402
0.0222786
0.0218886
0.0231029
0.0223686
0.0220085
0.0233003
0.0233392
0.0220712
0.0222392
0.0221816
0.0231998
0.0222662
0.0231627
0.0226731
0.022729
0.0226729
0.0221821
0.0215833
0.0242934
0.0215714
0.0221753
0.0234058
0.0221874
0.0217688
0.0225554
0.0230434
0.0234917
0.0222219
0.0233221
0.0229242
0.0226809
0.0228156
0.0221951
0.0230824
0.0228745
0.0230668
0.0228129
0.0226263
0.0230536
0.0226277
0.0231398
0.0227231
0.0223664
0.0225332
0.0226778
0.0223919
0.0223662
0.0229525
0.0230389
0.0223817
0.0228849
0.0230126
0.0229446
0.0225736
0.0223693
0.0226628
0.0229397
0.0226731
0.0279028
0.0272605
0.0171756
0.0228086
0.0176403
0.0201786
0.0248818
0.0206768
0.0201185
0.0226107
0.0202732
0.0204199
0.0249011
0.0206244
0.0247603
0.0206917
0.0241904
0.021115
0.0210847
0.023448
0.0238147
0.0242575
0.023503
0.0211536
0.024083
0.024058
0.0229926
0.0236445
0.0236704
0.0227275
0.0216807
0.0234942
0.0237028
0.0234023
0.0220106
0.0233287
0.023456
0.0217666
0.0217708
0.0217943
0.0234354
0.0234933
0.0230883
0.0218825
0.0233782
0.0232576
0.0226777
0.0226728
0.0226732
0.0224962
0.0225127
0.0229349
0.0232031
0.0228385
0.022764
0.0225877
0.022349
0.0223558
0.0225787
0.0226283
0.0225302
0.0226581
0.0228435
0.0228245
0.0223986
0.0225823
0.0224128
0.0226227
0.0224408
0.0227647
0.0229035
0.0228473
0.022889
0.0228105
0.022893
0.0225924
0.0225497
0.0225029
0.0225459
0.0228117
0.0226234
0.0227944
0.0228462
0.0227238
0.0225292
0.0226643
0.0227213
0.022548
0.0228208
0.0226076
0.022751
0.02254
0.0225376
0.0225415
0.0227837
0.0227956
0.0226036
0.0225837
0.0227759
0.0225684
0.0227824
0.0225795
0.022705
0.0225933
0.0226858
0.0225967
0.0248247
0.0226517
0.0249707
0.020391
0.023421
0.0234319
0.0214686
0.0213637
0.0232359
0.0217445
0.0217768
0.0219185
0.0219209
0.0231183
0.0232815
0.0224568
0.0220713
0.0231634
0.0221463
0.0222221
0.02294
0.0226468
0.0222636
0.0221663
0.0226666
0.0209249
0.0174371
0.0228481
0.0228009
0.0222957
0.0236984
0.0193833
0.0200598
0.025323
0.0213481
0.0200203
0.0230227
0.0247667
0.0247362
0.0246834
0.0204476
0.0208039
0.0244482
0.0210072
0.0226309
0.0210841
0.0238
0.0216385
0.0216899
0.0238505
0.0214199
0.0224508
0.0228258
0.0227975
0.0236162
0.0218626
0.0234229
0.0232114
0.0219305
0.0226731
0.0226709
0.0227051
0.0223513
0.0226869
0.0233604
0.0218785
0.0233527
0.0232128
0.0232518
0.0227881
0.0229085
0.022771
0.0224905
0.0223516
0.0225961
0.0222722
0.0225232
0.0230064
0.0230464
0.0226962
0.0225328
0.0230151
0.02301
0.0227058
0.0224011
0.0224823
0.0229122
0.0228276
0.0225496
0.0227765
0.0227699
0.0224776
0.0229025
0.0227831
0.022913
0.0228125
0.0225739
0.0228111
0.0224708
0.0226016
0.0226414
0.0225259
0.0225009
0.0225222
0.0225444
0.0226189
0.0227211
0.0226238
0.0228011
0.0226732
0.0226732
0.02266
0.0198436
0.0223969
0.0214626
0.0216255
0.0220365
0.0213111
0.0240444
0.0238819
0.0227442
0.0221362
0.0216418
0.0234055
0.0221242
0.0216914
0.0216405
0.0216671
0.0219211
0.0220142
0.0217713
0.0223726
0.0234198
0.0234691
0.0234955
0.0224404
0.0226695
0.0219878
0.0220673
0.0228722
0.0220469
0.0231128
0.0229848
0.0222416
0.0222428
0.0231185
0.0222157
0.0229556
0.0222325
0.0311176
0.0125855
0.0143965
0.0223401
0.0260117
0.0224559
0.0190143
0.0233384
0.0206124
0.0207776
0.0217258
0.0203447
0.0242628
0.0235895
0.0213928
0.0218449
0.0226731
0.0252108
0.0248456
0.0192558
0.022731
0.0200568
0.0215804
0.023678
0.0217643
0.021214
0.0226471
0.0213946
0.0212803
0.0239455
0.0213824
0.023932
0.0214655
0.0234853
0.021845
0.0218082
0.0230766
0.0232914
0.0236104
0.0231205
0.0217654
0.0235397
0.0235347
0.0228471
0.0232167
0.0232356
0.0227042
0.0221055
0.0231444
0.0232839
0.0230922
0.0222941
0.0230556
0.0231361
0.0221272
0.0221116
0.0221263
0.0231309
0.0231783
0.0229156
0.0221847
0.0231038
0.0230245
0.0225465
0.0226738
0.0226764
0.0208908
0.0220872
0.0163267
0.0185761
0.0261362
0.0253665
0.0193478
0.0202966
0.0247464
0.0255085
0.0199336
0.0252641
0.0207757
0.0220582
0.0242193
0.0205974
0.0221184
0.0246239
0.021153
0.0236759
0.0242869
0.0243539
0.0243317
0.0232237
0.0212726
0.0236499
0.0237699
0.0223098
0.0219443
0.0222014
0.0237745
0.0235918
0.0236861
0.0232531
0.0236221
0.0230254
0.0221597
0.025852
0.0199449
0.0226802
0.0226606
0.0203915
0.0223479
0.0240031
0.021127
0.0241393
0.0212888
0.0213162
0.0213375
0.0238701
0.0233679
0.0236855
0.0230666
0.0236743
0.0223637
0.0217713
0.0225392
0.0233704
0.0234184
0.0230475
0.0232151
0.0220325
0.022092
0.0232543
0.0232915
0.0220517
0.0225864
0.0226216
0.022197
0.0221178
0.0221339
0.0221609
0.0227302
0.0227748
0.0231105
0.0223994
0.0222593
0.0222413
0.0229079
0.022888
0.0224936
0.0230378
0.0177482
0.0214471
0.0214148
0.0242608
0.0236706
0.0243465
0.0258176
0.0253551
0.024541
0.0245047
0.0222506
0.0226567
0.0215191
0.0206576
0.0224333
0.0224439
0.0238796
0.0224336
0.0213097
0.0227794
0.0226768
0.0213882
0.0234112
0.0217875
0.0229309
0.0222149
0.0233529
0.0232244
0.0226219
0.0225558
0.0219394
0.0227089
0.0222761
0.022988
0.0223907
0.0229297
0.0224702
0.0223696
0.0231567
0.0229789
0.0221874
0.0227216
0.0224142
0.0222455
0.0223071
0.0224122
0.0231019
0.022277
0.0223137
0.0223671
0.0224189
0.0227977
0.022306
0.0225745
0.0223435
0.0223721
0.022356
0.022431
0.0228396
0.0224494
0.0223717
0.0225054
0.0227014
0.0224602
0.022515
0.0227198
0.022459
0.0227943
0.0225185
0.0224318
0.0226963
0.0227034
0.0227441
0.0227071
0.0224737
0.0227833
0.0251696
0.0226609
0.0241815
0.0196702
0.0210273
0.0189193
0.0254575
0.0195825
0.0221623
0.0201458
0.0203627
0.0241001
0.02384
0.0243882
0.021116
0.0211615
0.0213066
0.0239145
0.0221817
0.0216659
0.0222421
0.0218383
0.0226697
0.0206162
0.0173988
0.0180795
0.0184176
0.024418
0.0204642
0.0211621
0.0211951
0.020446
0.0233906
0.0208493
0.0237661
0.0217157
0.02136
0.0213965
0.0225071
0.0225667
0.0144084
0.0157925
0.01512
0.026408
0.0177566
0.0227186
0.0238829
0.0184385
0.0192732
0.0251937
0.0243556
0.0196093
0.0204837
0.0207017
0.0225046
0.0225033
0.022527
0.021891
0.0225758
0.0226472
0.0225898
0.0220999
0.0236158
0.0227168
0.0219504
0.0223513
0.0220119
0.0218139
0.0233732
0.0235131
0.0234583
0.0228883
0.0226165
0.0233207
0.0226949
0.023259
0.0223403
0.02323
0.0229795
0.0228005
0.0221504
0.0231926
0.0229074
0.0225212
0.0230337
0.0230601
0.0225978
0.0223537
0.0222423
0.0226062
0.0227346
0.0222767
0.0222761
0.0223294
0.0229345
0.0226858
0.0225348
0.0230422
0.0229881
0.0229941
0.0229955
0.0229827
0.0225913
0.0229739
0.0229158
0.0224741
0.0223829
0.0227628
0.0227025
0.0224186
0.0228951
0.0225951
0.0224563
0.022652
0.0131787
0.0225317
0.0177566
0.022825
0.0185269
0.0184679
0.0232114
0.0193832
0.0225618
0.0213798
0.0196412
0.0233732
0.0199103
0.0244304
0.0246921
0.0246081
0.0238236
0.0208875
0.0232852
0.0212357
0.0231816
0.0234094
0.0229199
0.0217601
0.0218482
0.0222552
0.0229559
0.0175079
0.0225601
0.0229784
0.0227995
0.0236393
0.0240685
0.024021
0.0213909
0.0214485
0.0220156
0.0217288
0.0229737
0.0218471
0.0219225
0.021984
0.0219996
0.0227202
0.0228238
0.0232151
0.022205
0.0229449
0.0223273
0.022351
0.0225489
0.0212545
0.0177674
0.0254169
0.0221505
0.0258286
0.020498
0.0248911
0.0235539
0.0213688
0.0204364
0.0223671
0.0230523
0.0206732
0.0241243
0.0238036
0.0212212
0.023502
0.0233265
0.0233595
0.0230637
0.0216237
0.0226731
0.022839
0.0256096
0.0214671
0.0229106
0.0207651
0.0208542
0.0209858
0.0237164
0.0234903
0.0238465
0.023813
0.0235574
0.0214579
0.0215116
0.0216917
0.0228289
0.0219102
0.0219973
0.0218452
0.0218535
0.0223325
0.0226404
0.0221386
0.0221046
0.022502
0.0230931
0.0222417
0.02324
0.0224026
0.0221774
0.023156
0.0225437
0.0230969
0.0226644
0.0318613
0.0212949
0.0276495
0.0255412
0.0255337
0.0192145
0.0261387
0.0180225
0.0175468
0.0221413
0.0255638
0.0242121
0.0193951
0.0241318
0.0251335
0.0242961
0.0228806
0.0245
0.0208447
0.0219909
0.0223394
0.0193553
0.0160078
0.0251316
0.0158262
0.0222195
0.0222631
0.0262967
0.0257551
0.0250919
0.0192077
0.0200129
0.0247554
0.0205206
0.0202289
0.0214854
0.0230063
0.0212457
0.0226731
0.0217241
0.0226718
0.0226224
0.0226725
0.0236959
0.0227304
0.0232461
0.0232212
0.023324
0.023326
0.0233309
0.023367
0.0220134
0.0224646
0.0233339
0.0224032
0.0228325
0.0221717
0.0222177
0.0228952
0.0227784
0.0230762
0.022776
0.0222321
0.0224876
0.023042
0.0225826
0.0230781
0.0228744
0.0228471
0.0230455
0.023043
0.0228883
0.0228185
0.0228508
0.0226873
0.0227991
0.0223546
0.022722
0.0228147
0.0225343
0.0225763
0.0224938
0.0225996
0.0223947
0.0224293
0.022387
0.0228298
0.0229212
0.0225603
0.0229365
0.0224783
0.0225428
0.0228955
0.0224516
0.0225316
0.0225265
0.0224939
0.0228134
0.0225955
0.0226345
0.0224918
0.0228339
0.0179795
0.0164874
0.01812
0.02018
0.0246045
0.0192302
0.0199364
0.0203602
0.02084
0.021104
0.0240186
0.0222716
0.0227536
0.0217217
0.0178896
0.0260284
0.0250415
0.0202152
0.0246697
0.0222857
0.0209202
0.0231192
0.0209969
0.0240565
0.0210715
0.0232829
0.021178
0.0241152
0.0217094
0.0235129
0.0219284
0.022114
0.0215933
0.0237003
0.0217977
0.0234717
0.0218215
0.0234332
0.0219187
0.0232253
0.0233913
0.0225022
0.0220022
0.0232666
0.0221278
0.0223707
0.022672
0.0247433
0.0225547
0.0226717
0.0236709
0.0212765
0.0220891
0.0230408
0.0237836
0.021716
0.0238104
0.0230084
0.0217132
0.0231837
0.0234137
0.0232049
0.0233108
0.0228917
0.0220415
0.0219155
0.0231732
0.0231938
0.0220327
0.0222797
0.0229112
0.0232499
0.0222223
0.0223111
0.0226332
0.0222198
0.0227544
0.0224848
0.0230737
0.023102
0.0230425
0.022875
0.0228393
0.0223294
0.0223134
0.0224042
0.022598
