0.00355134
0.000913841
0.00520006
0.00383999
0.00326475
0.000931449
0.00213895
0.00172626
0.00108626
0.000218324
0.000189989
0.000219773
0.000297652
0.000193881
0.000244965
0.000250871
0.000212408
0.000222268
0.000195266
0.000239914
0.000181544
0.000201789
0.00019326
0.00019183
0.000186227
0.000236008
0.000224498
0.000245977
0.000229256
0.000208335
0.000216257
0.000229476
0.000224951
0.000238609
0.000223649
0.000205639
0.000201103
0.00023558
0.000204768
0.000203526
0.000227352
0.000212378
0.000212559
0.000208291
0.000202251
0.000232955
0.000231663
0.000204285
0.000198409
0.000212917
0.000211281
0.000230991
0.000216879
0.000221905
0.000229252
0.000217771
0.000227727
0.000227992
0.000216604
0.000203184
0.000227108
0.000223415
0.000226587
0.000226609
0.000210576
0.000224784
0.000222288
0.000215214
0.000215188
0.000152409
0.000216338
0.000715216
0.000242173
0.000460533
0.000671273
0.000145433
0.000151167
0.000223254
0.000430598
0.000137824
0.000181181
1.59235e-06
0.000515614
9.13162e-05
0.000473926
7.31877e-05
0.000475468
0.000463078
0.000435688
0.000172216
0.000414906
0.000431936
0.000114243
1.30923e-05
0.000244949
0.000376137
0.000373511
6.85877e-05
4.90194e-05
6.82949e-05
0.000310447
0.000104146
8.40134e-05
0.000204328
0.000269397
0.000212114
8.98035e-05
0.000137124
0.000304554
0.000168481
0.000207559
0.000167425
0.000312317
0.000208568
0.000129638
0.000303878
0.000213371
0.000126018
0.000267169
0.000178192
0.000293649
0.00270961
0.000301128
0.000211861
6.90499e-05
0.000112995
0.000130748
0.000294208
0.00020747
0.000248983
0.000230935
0.000468616
0.000175126
0.000308529
0.000129081
0.00030552
0.000219284
0.000163492
0.000201448
0.000417326
2.15279e-06
0.000261837
0.000341569
0.000354123
0.000169268
8.18097e-06
0.000364162
4.16529e-05
0.000319759
0.000312911
0.000226926
4.73851e-05
7.05898e-05
0.00013859
0.000332325
0.000100816
0.000307104
9.62053e-05
0.00018682
0.000170689
0.000252104
0.000306261
0.000118922
0.000298405
0.000277092
0.000170403
0.00136365
0.000263655
0.000213857
0.000155552
0.000173337
0.000180087
0.000254593
2.50672e-05
7.39036e-05
2.55491e-05
0.000391194
0.000194965
0.000265916
3.36405e-05
0.000265121
0.000217366
0.000187894
0.00020784
0.000346195
6.40391e-05
0.000242143
0.000293278
0.000303534
0.000188613
7.67374e-05
0.000313752
9.61166e-05
0.00028265
0.00027856
0.000222446
0.000106947
0.000116034
0.000168035
0.000295241
0.000143131
0.000277013
0.000133564
0.000197171
0.000186858
0.000239398
0.000278573
0.00015218
0.000273135
0.000257215
0.000185967
0.000411449
5.91432e-05
6.53809e-05
9.84392e-06
0.000399231
2.75428e-05
1.45429e-05
0.00021096
3.09067e-05
7.73441e-05
0.000140822
0.000129373
0.000296489
0.000337541
2.30528e-05
5.0931e-05
1.01083e-05
8.18897e-05
1.96929e-05
9.70597e-05
3.24707e-05
6.2779e-05
0.000100018
5.83288e-05
0.000190411
0.000273461
8.47909e-05
8.78422e-05
0.000267169
9.89752e-05
0.000256675
0.000124388
0.000200074
0.000122527
0.00012764
0.000394461
0.000178673
0.000157657
0.000187232
0.000367703
0.000220404
1.3496e-05
0.000140366
0.000183952
9.13556e-05
0.000168327
0.000217163
0.000282545
0.000102684
0.000262017
0.00011108
0.000271448
0.000190846
0.000239282
0.000241162
0.000286069
0.000262763
0.000138943
0.000182804
0.000187018
0.000140397
0.000226858
0.000161831
0.000152831
0.000157481
0.000222328
0.000161417
0.00018482
0.000190256
0.000253451
0.00019531
0.000216612
0.000185904
0.000172885
0.000181253
0.000209155
0.000197219
0.000239813
0.000199768
0.000179677
0.000180455
0.000235366
0.00185739
5.65657e-05
2.54601e-05
0.000334767
0.000344955
5.01701e-05
0.000493175
0.000177777
2.11033e-05
0.00038377
0.000210181
0.000188693
0.00032873
0.000102862
0.000118356
0.000180018
0.000349239
0.000413775
6.26674e-05
1.06137e-05
0.000322592
2.85072e-05
0.000248092
0.000100217
0.000316356
0.000346821
2.86806e-05
0.000321764
0.000351259
4.86249e-05
8.77594e-05
5.11276e-05
3.27727e-05
4.66795e-05
0.000287773
6.44435e-05
0.000184395
0.000212585
8.07478e-05
9.9048e-05
0.000271895
0.000102345
0.000213074
0.000111863
0.000286924
0.000129263
0.000215195
0.000253605
0.000139645
0.000175655
0.000218872
0.000222454
0.000266492
0.000207207
0.000179195
0.00018483
0.000174681
0.000219047
0.000221875
0.000194686
0.000191272
0.000232529
0.00018384
0.00024552
0.000234776
0.000220569
0.000244742
0.000237363
0.00020034
0.000189853
0.000236968
0.000216156
0.000191969
0.000219843
0.000235005
0.000192851
0.000206346
0.000236207
0.00022651
0.000195187
0.000229522
0.00021857
0.000201616
0.000231888
0.000197454
0.000228573
0.000199989
0.000209792
0.000201642
0.000204497
0.000230086
0.000212397
0.000230222
0.000228649
0.000207164
0.000227978
0.000228197
0.000202825
0.000212549
0.000210552
0.00022621
0.000220488
0.000225217
0.000218231
0.000125786
8.71565e-05
0.000289045
0.000193677
9.44523e-05
5.67217e-05
0.000217704
2.6949e-05
9.69289e-05
5.51301e-05
3.58585e-05
0.000277831
0.000240895
0.000256844
0.00011198
0.000104623
9.90223e-05
0.000101503
7.92586e-05
8.56123e-05
0.0001885
0.0021248
0.00099728
0.000604175
0.000551133
0.000478156
2.36747e-05
0.000552352
0.000524998
6.03586e-06
0.000539061
0.000171635
0.000322312
0.000405769
0.00031129
0.000229102
0.000349806
0.000187735
0.000310277
0.000139464
0.000357
0.000239857
4.56064e-05
8.69233e-05
7.8255e-05
0.00016273
7.06848e-05
0.000310067
0.000292235
9.05588e-05
6.44242e-05
2.57391e-05
0.000217315
3.34664e-05
3.6953e-05
0.000164013
2.56399e-05
0.000215507
0.000342589
0.000127769
0.000270427
0.000216194
0.000220784
0.000210733
0.000234215
0.00017511
0.000158383
0.000268138
0.000256127
0.000223075
0.000260181
0.000170319
0.000170235
0.000211456
0.000226061
0.000211566
0.000169521
0.000192755
0.000234034
0.000222755
0.000194382
0.000195948
0.000181673
0.000188042
0.000189353
0.00018585
0.000210589
0.000239651
0.000228245
0.000233573
0.000201416
0.000220554
0.000193866
0.000211176
0.000205534
0.00019205
0.000234842
0.000194829
0.000231731
0.000219145
0.000222794
0.000202217
0.000223026
0.000200247
0.000196875
0.000197796
0.000202558
0.000224319
0.000289838
9.27819e-05
8.68677e-05
0.000105299
0.00015017
0.000342651
0.000330457
5.07623e-05
0.000301046
0.000282305
0.000273123
0.000153918
0.000127169
5.20671e-05
5.33696e-05
0.000185067
6.41413e-05
9.93037e-05
0.000318806
6.20465e-05
0.000121207
6.80195e-05
6.67747e-05
0.000299163
0.000144635
0.000191435
0.000140453
0.000116439
0.000251594
0.000125581
0.000227388
0.000201588
0.000268405
0.000143364
0.000135384
0.00022588
0.000140466
0.000240953
0.000159623
0.000148351
0.00307456
0.00329843
0.00283407
0.00143022
0.00120759
0.00180346
0.000834212
0.00126917
0.000992698
0.00073201
0.000114776
0.000297982
3.1004e-05
9.30513e-05
5.60155e-05
0.000310669
0.000676858
0.000151608
0.000137852
1.68246e-05
0.00029312
0.000148675
0.000174394
4.95345e-05
0.000132998
0.000313149
1.67182e-05
8.53225e-06
0.000279618
6.82041e-05
0.000170552
0.000200047
0.000292832
0.000337653
8.17173e-05
0.000106807
0.000277853
0.000121866
0.000234867
0.000156768
0.000275174
0.000295423
0.000100254
0.000279298
0.000300445
0.000113577
0.000146844
0.000125629
0.000110889
0.00012173
0.000259274
0.000126751
0.000198555
0.000214578
0.000134633
0.00014367
0.000249899
0.000150274
0.000214687
0.000152223
0.000259911
0.000165733
0.00202911
0.000149437
0.000147502
0.000900801
0.000317983
0.00024339
0.000123123
9.27911e-05
0.000372421
0.000168424
0.000133007
0.00010447
0.000415864
0.000412683
0.000270462
7.6631e-05
0.000156295
0.000163896
0.00022905
0.000337642
4.32422e-05
0.000109803
0.000363206
0.000140954
8.33363e-05
4.82818e-05
0.000228526
1.90318e-05
2.8482e-05
1.14357e-05
2.42966e-05
9.58482e-06
6.76836e-05
0.000214677
0.000122756
7.5726e-05
9.23635e-05
0.000240842
7.16593e-05
8.58498e-05
0.000213885
7.3096e-05
0.000211586
6.08042e-05
0.000224472
0.00027601
0.000167517
0.0003401
0.000277242
0.000240591
0.000339608
7.41313e-05
0.000117532
8.57532e-05
6.00155e-05
9.41287e-05
0.000308839
0.000219076
0.000292355
0.000195063
0.000109506
0.000280181
0.000110638
0.000296236
0.000248075
0.000119847
0.000118127
0.000128389
0.000168778
0.000241929
0.000136975
0.000133092
0.000133695
0.000145479
0.00019345
0.000250138
0.000199138
0.00025047
0.000191143
0.000233191
0.000222713
0.000162198
0.000227191
0.000235581
0.000169159
0.000270336
0.00301774
0.00249771
0.00254065
0.00166499
0.00169752
0.00119271
0.00143808
0.000287257
0.000482454
0.000754013
0.000343381
0.000634266
0.000320094
0.000145466
0.000388421
0.000215187
0.000238423
0.000202155
0.00022003
0.000345765
0.000342909
0.000325531
0.000211558
0.000283858
0.000240162
0.000280781
0.000296747
0.000171179
0.000146806
0.000289872
0.000282019
0.000246852
0.000286752
0.000261775
0.00027482
0.000193736
0.000280193
0.00018155
0.000209757
0.000230321
0.000270396
0.000269614
0.000266811
0.000266784
0.000218232
0.000210881
0.000171544
0.000183049
0.000243507
0.000182029
0.00021909
0.000255117
0.000242907
0.000253959
0.000251727
0.000182924
0.000182169
0.00024963
0.000247863
0.000232034
0.000233501
0.000244981
0.000244438
0.000196279
0.00019247
0.00023789
0.000223809
0.000208639
0.000194481
0.000202978
0.000212436
0.000225849
0.00132029
0.00158153
0.00116738
0.000673561
0.000831572
0.000992724
0.000746537
0.000147426
0.000650895
0.000264117
0.000165075
0.000317095
0.000123473
0.000302565
0.000150396
9.62758e-05
0.000240294
0.000200021
5.77775e-05
0.00010038
0.000136841
2.17519e-06
0.00497525
0.00137776
0.00165334
0.00128804
0.000247895
0.00018123
0.000904226
0.000733262
0.000193319
0.000399522
0.000445086
0.000339055
0.000417988
4.70348e-05
2.65075e-05
0.00010327
0.00251917
0.00219244
0.00427766
0.00215726
0.00187226
0.00409281
1.54943e-05
0.00105893
0.00191321
0.00163337
8.04046e-05
0.00135566
0.000751902
0.000133165
0.000115139
0.00047696
0.000215804
4.658e-05
0.00034081
0.000215903
0.000396475
0.000383867
0.000337534
0.000325105
0.000185226
0.00031941
0.000246823
0.000313625
0.000139626
0.000135665
0.000303721
0.000291679
0.000293782
0.000185009
0.000196246
0.000293301
0.000292703
0.000205215
0.000183322
0.000253637
0.000274451
0.000280819
0.000241933
0.000253352
0.000176389
0.000197628
0.000268541
0.000226318
0.000237133
0.000234493
0.000258386
0.000195985
0.000178392
0.000172356
0.000259118
0.00021929
0.000175056
0.000191814
0.000242865
0.000176495
0.000177245
0.000235191
0.000251263
0.000250293
0.000187411
0.000204096
0.000246692
0.000186227
0.000207719
0.000245868
0.000243477
0.000191474
0.000202067
0.000228024
0.000897422
9.61208e-05
0.000703161
0.00109769
0.000468266
0.000676278
0.000998988
0.000338109
0.000585033
4.61496e-05
0.000226564
0.000428502
0.000387524
0.000415491
0.000316022
0.000315764
0.000117473
0.000245947
0.00011911
0.000325065
0.000159642
0.000143422
2.82961e-05
0.000191519
6.54538e-05
2.68005e-05
0.000200073
0.000121764
2.63596e-06
0.000281573
0.000320367
5.88163e-05
1.90355e-05
0.000203572
0.000126972
3.94767e-05
0.000111536
3.55595e-05
3.98154e-05
7.09221e-05
0.000110687
0.000268139
1.72915e-05
0.000100991
0.000170863
3.81943e-05
0.000166478
7.35443e-05
0.000147472
0.000899863
0.00182313
0.00214565
0.00158351
0.000533382
0.000532264
0.00112276
0.000595368
0.000281623
0.000369702
0.000717572
0.000122136
0.000647471
0.000671586
0.000124994
0.000422391
0.000196403
0.000251038
2.99622e-05
0.000197558
4.63929e-05
4.27793e-05
0.000203106
0.000351771
0.00097901
0.000210937
0.000123518
0.000311809
0.000134033
3.47484e-05
0.000356343
5.02256e-05
0.000159487
4.75452e-05
1.64738e-05
6.73536e-05
1.55606e-05
9.12861e-05
2.20426e-05
0.00010579
0.000186291
0.00010922
8.68724e-05
0.000123487
7.89639e-05
7.33979e-05
0.000249624
8.4383e-05
0.000234282
0.000107202
0.000169036
0.000160962
0.000172352
0.000199071
0.000130385
0.00013861
0.000144108
0.00499327
7.07772e-05
0.00171152
0.00418618
0.00315863
0.00079919
0.000815595
0.000267722
0.00133698
0.000315702
0.000860036
0.000374411
0.00105245
0.000346164
6.52344e-05
4.92831e-05
0.00012793
0.00022398
0.000329513
3.01537e-05
0.00450471
0.00621897
0.00222144
0.00237496
0.0025262
0.00279575
0.00161179
0.00165199
0.000936841
0.000812887
0.000193528
0.000947986
0.000429678
0.000650357
0.000736392
0.000510516
9.39231e-06
0.000215534
0.000227627
0.000216766
0.000219494
0.000346926
0.000171728
0.000250078
0.000222883
0.000302063
0.000299977
0.000220591
0.000299562
0.000246875
0.000194988
0.000238232
0.000265799
0.00017373
0.000282314
0.000173992
0.000239278
0.000235113
0.000234806
0.000228434
0.000222068
0.000258281
0.000173669
0.000168862
0.000173688
0.000267106
0.000263855
0.000185123
0.000212523
0.000179206
0.00023041
0.000242998
0.000179873
0.000255022
0.000229117
0.000205278
0.000196621
0.000250423
0.000236693
0.000198091
0.000247989
0.000238362
0.000198872
0.00023151
0.000211035
0.000199416
0.000240004
0.00024355
0.000242611
0.000215483
0.000206425
0.000201715
0.000191787
0.000210222
0.000209369
0.000226224
0.000218015
0.000230772
0.000231271
0.000216267
0.00023843
0.0038085
0.00247687
0.00146449
0.00148114
0.00202337
7.22669e-05
0.00109694
0.000315584
0.000145724
0.000555036
0.000146534
0.000650032
0.000178085
0.000501114
0.00031304
0.000451229
1.2532e-05
1.99084e-05
0.00016663
0.000144099
0.00015265
0.000380831
9.84468e-05
8.06423e-05
0.000131826
2.11368e-05
0.000133523
0.000192289
1.21752e-05
2.47214e-05
6.86745e-05
1.29033e-05
2.72788e-05
0.000200908
0.000247932
0.0001065
6.49285e-05
6.98719e-05
6.85689e-05
0.000235205
8.84679e-05
0.000103269
0.000259965
0.000172659
0.00011568
0.000138432
0.000348436
0.000214734
0.00021319
7.98086e-05
0.000178774
8.86563e-05
0.000159104
4.77725e-05
3.38808e-05
3.6732e-05
0.000140483
7.97834e-05
0.00022971
0.000289044
0.000304454
0.000181019
0.00011166
0.000107403
0.000248809
0.000155876
0.000130001
0.000127199
0.000123988
0.000127275
0.000174061
0.000137734
0.000230196
0.0002618
0.000137206
0.000155811
0.000152727
0.000217865
0.000163493
0.000152999
0.000243414
0.000255991
0.000222194
0.000180045
0.000165567
0.00020314
0.000194627
