0.0247761
0.0189436
0.022709
0.0207051
0.0229895
0.0228702
0.0240047
0.0241222
0.0248793
0.0248786
0.024956
0.024888
0.0248791
0.024892
0.0248855
0.0249303
0.0249163
0.0248805
0.024853
0.0248966
0.0249055
0.0249025
0.0248616
0.0248618
0.0248986
0.0249023
0.0248608
0.0248754
0.0248669
0.0248747
0.0248616
0.0248993
0.0248968
0.0248945
0.0248978
0.0248977
0.0248652
0.0248955
0.0248911
0.024895
0.0248712
0.0248929
0.024888
0.0248931
0.024892
0.0248784
0.0248803
0.0248798
0.0248712
0.0248714
0.0248907
0.0248882
0.0248889
0.0248691
0.0248731
0.0248889
0.0248881
0.0248697
0.024888
0.0248841
0.0248885
0.0248878
0.0248715
0.0248713
0.0248759
0.0248786
0.024904
0.0248998
0.0243037
0.0249107
0.0246344
0.0246001
0.0251551
0.0248345
0.0247367
0.0246678
0.0246748
0.0246957
0.0247638
0.025136
0.0251133
0.0247021
0.0248173
0.0247244
0.0249023
0.025031
0.0250739
0.0250734
0.0249898
0.0250224
0.0247867
0.0247702
0.0248057
0.0249911
0.0248714
0.0249307
0.024855
0.0249011
0.0249767
0.0249819
0.0249536
0.0248159
0.0248961
0.0249532
0.0249247
0.0249368
0.024832
0.0248638
0.0248886
0.024885
0.0249174
0.0248813
0.0249489
0.0248169
0.0248668
0.0248838
0.024168
0.0245809
0.0248785
0.02415
0.0248734
0.024913
0.0245009
0.0246306
0.0251193
0.0247365
0.0245882
0.0246682
0.024633
0.0246137
0.0246785
0.0247038
0.0249809
0.0249524
0.0247508
0.0250222
0.0250223
0.0248364
0.0247217
0.0247454
0.0249334
0.024752
0.0248036
0.0248896
0.0247686
0.0247644
0.0247667
0.0247933
0.0249122
0.0248871
0.0249649
0.0248956
0.024815
0.0247946
0.0248855
0.0248993
0.024826
0.024925
0.0248505
0.0248263
0.0248147
0.0248135
0.0249378
0.0245313
0.0247583
0.0248786
0.0245182
0.0248765
0.0248933
0.0246429
0.0247679
0.0250274
0.0248158
0.0247126
0.024775
0.0247195
0.0247286
0.0247703
0.0247597
0.0249369
0.0249198
0.0248072
0.024976
0.0249741
0.0248548
0.0247768
0.0247956
0.0249118
0.0247953
0.0248334
0.0248853
0.0248037
0.0248037
0.0248038
0.0248245
0.0248997
0.0248839
0.0249388
0.0248894
0.0248378
0.0248226
0.024883
0.024892
0.0248444
0.0249095
0.0248604
0.0248444
0.0248359
0.0248345
0.0249195
0.0248786
0.0248786
0.0243778
0.0242047
0.0250077
0.0248663
0.0247712
0.024566
0.0246063
0.0247443
0.024697
0.0247083
0.0247099
0.0248393
0.0247153
0.0248168
0.0247303
0.0247554
0.0247445
0.024857
0.0247902
0.0249329
0.0247733
0.0249214
0.024837
0.0247836
0.0248185
0.0247972
0.0248541
0.0248116
0.0248107
0.0248824
0.0248337
0.0248786
0.0248717
0.024549
0.0250298
0.0248716
0.0248532
0.0247678
0.0248454
0.0249093
0.0249539
0.0248259
0.0248639
0.0249497
0.0248952
0.024904
0.0248245
0.0249199
0.0249342
0.024931
0.0249137
0.0248314
0.0248327
0.024886
0.0248713
0.0248434
0.0248404
0.0248825
0.0248373
0.0248371
0.0248668
0.0248599
0.0248415
0.0249128
0.0248784
0.0249102
0.0248712
0.0249068
0.0248611
0.0248579
0.0248522
0.0248565
0.0248544
0.0248589
0.0248644
0.024863
0.024887
0.0248786
0.0251119
0.0248185
0.0242294
0.0244138
0.0246473
0.0251142
0.0248431
0.0246557
0.0249471
0.0248987
0.0245927
0.0245627
0.0250257
0.0249912
0.0246806
0.024677
0.0246734
0.0246749
0.0249868
0.0247077
0.0248664
0.0247546
0.0249506
0.0249447
0.0249479
0.0247594
0.0247454
0.0247545
0.0247672
0.0249235
0.0248819
0.0247853
0.0248142
0.0247942
0.0247902
0.024895
0.0248426
0.0249002
0.0248007
0.0248009
0.0248
0.0249145
0.0248121
0.0248236
0.0248786
0.0248815
0.0248786
0.024871
0.0248791
0.0248749
0.0248843
0.0249101
0.0248996
0.0249201
0.0248935
0.0249086
0.0248648
0.0249071
0.0248717
0.0248665
0.0249053
0.024864
0.024901
0.0249036
0.0248756
0.0249012
0.0248879
0.0248623
0.024863
0.0248993
0.0248859
0.0248857
0.0248617
0.0248814
0.0248726
0.0248799
0.0248946
0.0248925
0.0248935
0.0248917
0.0248843
0.0248818
0.0248918
0.0248892
0.0248908
0.0248686
0.024891
0.0248686
0.0248718
0.0248901
0.0248856
0.0248824
0.0248896
0.0248753
0.0248801
0.0248747
0.024888
0.0248883
0.0248736
0.0248708
0.0248872
0.0248783
0.0248867
0.0248786
0.023855
0.0248461
0.0243989
0.0245588
0.0244982
0.0248347
0.0247408
0.0245855
0.0246124
0.0248967
0.0246744
0.0248298
0.0247495
0.0247009
0.0247491
0.0248227
0.0247355
0.0247387
0.0247711
0.0248198
0.0247952
0.0247824
0.0248786
0.0245285
0.0246756
0.0245024
0.023858
0.0240564
0.0242374
0.0241764
0.024809
0.0241681
0.024601
0.0249868
0.0245313
0.0244793
0.0244871
0.024976
0.0248025
0.0245395
0.0246438
0.0249367
0.0245887
0.024619
0.02469
0.0246587
0.024702
0.024703
0.0247385
0.024847
0.024914
0.0248611
0.024895
0.0249448
0.0247406
0.0248325
0.0248786
0.0248786
0.0248786
0.0250284
0.0248799
0.0249
0.0248759
0.0249382
0.024885
0.0248989
0.0248589
0.0248435
0.0249212
0.0249202
0.0249195
0.0249165
0.0248912
0.0248493
0.0248998
0.02488
0.0248469
0.0249091
0.0249037
0.0248551
0.0248997
0.0248613
0.0248796
0.0248561
0.0248832
0.0248621
0.024858
0.0248958
0.0248906
0.0248728
0.0248686
0.0248808
0.0248962
0.0248956
0.0248707
0.0248845
0.0248899
0.0248937
0.0248675
0.0248815
0.0248932
0.0248889
0.0248888
0.0248834
0.0248892
0.0248756
0.0248717
0.0224328
0.0247917
0.0243345
0.0248421
0.02486
0.0246187
0.0248925
0.0246539
0.0246691
0.024726
0.0248704
0.0247124
0.0247671
0.0247574
0.0247697
0.0247525
0.0247811
0.0248723
0.0247657
0.0248113
0.0248287
0.0248115
0.0248008
0.0247887
0.0249365
0.0248384
0.0249158
0.0248138
0.0248202
0.0248466
0.0248281
0.0249157
0.0248337
0.0249014
0.024892
0.0248477
0.0248736
0.0249056
0.0248389
0.0248326
0.0248323
0.0219346
0.0228477
0.0234283
0.0241931
0.0230739
0.0231002
0.0242113
0.0248411
0.0250235
0.0245207
0.0240411
0.0242057
0.0244622
0.0243765
0.024603
0.0245
0.0248319
0.0248786
0.0250297
0.0248542
0.0246033
0.0246858
0.0247835
0.0250254
0.0248663
0.0247853
0.0249169
0.0248916
0.0247479
0.024719
0.0249701
0.0249447
0.024762
0.0247765
0.0247696
0.0247713
0.0249441
0.0247786
0.0248736
0.0248017
0.0249218
0.0249182
0.0249202
0.0248064
0.0248024
0.0248048
0.0248165
0.0249057
0.0248816
0.0248272
0.0248436
0.0248265
0.0248287
0.024889
0.0248589
0.024892
0.0248316
0.0248334
0.0248323
0.0249007
0.0248404
0.0248474
0.0248786
0.0248786
0.024784
0.0244839
0.0248062
0.0245698
0.0248073
0.0246561
0.0244997
0.0242345
0.0250927
0.0243426
0.0246588
0.0244197
0.024631
0.0245755
0.024983
0.02454
0.0245285
0.0249851
0.0250114
0.024702
0.0247301
0.0248025
0.0247309
0.0247714
0.0247307
0.0249482
0.0247414
0.0248832
0.0248206
0.0249349
0.0249341
0.0247496
0.0247587
0.0247596
0.0248762
0.0247761
0.0247768
0.0248786
0.0248786
0.0248786
0.024854
0.0248487
0.0248326
0.0250028
0.0248798
0.0248587
0.0247222
0.0249431
0.0247484
0.0249547
0.0247709
0.02495
0.0247913
0.0247867
0.0249095
0.0248967
0.0247948
0.0247928
0.0248749
0.0248513
0.0247988
0.0248106
0.0248106
0.0248145
0.0248541
0.0248169
0.0248216
0.0249079
0.024827
0.0248274
0.0248369
0.0248644
0.0248303
0.0248341
0.0248895
0.0248345
0.0248381
0.0249107
0.0248514
0.0248908
0.0248953
0.0248536
0.0248556
0.0248436
0.0248786
0.0223054
0.0233425
0.0222638
0.0236294
0.0229958
0.0236584
0.0233767
0.0239555
0.0241667
0.0240074
0.0243088
0.0246815
0.0242486
0.0246483
0.0247261
0.0248786
0.0248786
0.0250348
0.0249209
0.0250138
0.0249021
0.0249026
0.0249646
0.0249083
0.0249017
0.0249359
0.0248808
0.0248961
0.0249504
0.0249451
0.0249386
0.0248596
0.0249376
0.0248708
0.0248743
0.0249331
0.0248368
0.0248438
0.0249277
0.0248899
0.0248469
0.024881
0.0248874
0.0249098
0.0249101
0.0249044
0.0249149
0.0249149
0.0249062
0.0249133
0.0249135
0.0249125
0.0249102
0.0249055
0.0248934
0.0248921
0.0249075
0.0249045
0.0248761
0.0249003
0.0249065
0.0248985
0.0248827
0.0249023
0.0248658
0.0249012
0.0249013
0.0248789
0.0248826
0.0248817
0.0248653
0.0248855
0.0248786
0.0246846
0.0238166
0.0232381
0.0247087
0.0238969
0.0242608
0.0240906
0.0239919
0.0241267
0.0244331
0.0249632
0.0243988
0.0243609
0.024523
0.0245736
0.0248667
0.0247236
0.024608
0.0245631
0.0246085
0.0247802
0.0246806
0.00784542
0.0235754
0.0239475
0.0243318
0.0236525
0.0236064
0.0243541
0.024848
0.0249945
0.0246011
0.0242482
0.0243574
0.0245485
0.0244837
0.0246609
0.024581
0.0248409
0.0192128
0.0162809
0.0208884
0.0206229
0.0216767
0.0215785
0.0222056
0.0239102
0.0237861
0.0232197
0.0232008
0.0237638
0.0248474
0.0249252
0.0240879
0.0241577
0.0248858
0.0253064
0.0249073
0.0248193
0.024879
0.0248832
0.0250033
0.0249971
0.0249731
0.0248948
0.0248139
0.0249567
0.024959
0.0249364
0.0248316
0.0248671
0.0249045
0.0249526
0.0249411
0.0248287
0.0248306
0.0249366
0.0249076
0.0249312
0.0248402
0.0249089
0.0248376
0.024861
0.0248505
0.0249053
0.0248492
0.0248755
0.0248444
0.0249189
0.0249186
0.0249185
0.0248508
0.0248585
0.0249096
0.0248913
0.0249053
0.0248585
0.0249106
0.0248987
0.0249101
0.0249079
0.0248821
0.0248765
0.0249075
0.0248981
0.0249027
0.0248554
0.0248655
0.0248995
0.0248688
0.0248728
0.0248589
0.0249005
0.0248683
0.0243573
0.0246284
0.0237556
0.0243207
0.0239881
0.0239051
0.0250987
0.0242469
0.0243365
0.0250314
0.0249584
0.0241368
0.0243463
0.0242585
0.0244668
0.0249472
0.0249933
0.0243975
0.0244614
0.0246143
0.0245889
0.0247122
0.0248876
0.024633
0.0247089
0.0249435
0.0247506
0.0248319
0.0240081
0.0244358
0.0246781
0.0245903
0.0245612
0.024531
0.0246801
0.0245529
0.0245822
0.0246939
0.0246036
0.0246932
0.0246307
0.0246491
0.02479
0.0248412
0.0248743
0.0246899
0.0249034
0.0248151
0.0247859
0.0247569
0.0248002
0.0248102
0.0245869
0.0232282
0.0235669
0.0236799
0.0242575
0.0238428
0.0247256
0.0241349
0.02405
0.0245794
0.0249506
0.0241857
0.0244932
0.0247018
0.0247998
0.0248892
0.0243877
0.0247709
0.0246646
0.0245509
0.0245873
0.0247855
0.0248362
0.0248286
0.02473
0.0245162
0.0247682
0.0249273
0.0249705
0.0249945
0.0247104
0.0247587
0.0246902
0.0247369
0.0247534
0.0248646
0.0247601
0.0247302
0.024793
0.02494
0.024788
0.0249343
0.0248215
0.0248899
0.0248005
0.0247857
0.0248031
0.0247987
0.0248183
0.0249066
0.0248412
0.0249016
0.0248583
0.0248056
0.0248094
0.0248853
0.0248432
0.0200984
0.0224238
0.0212935
0.021666
0.0223167
0.0231956
0.0230734
0.023666
0.0237328
0.0234259
0.0245102
0.0243617
0.0236427
0.0244632
0.0240667
0.0243604
0.024506
0.0242312
0.0243008
0.0247055
0.0244742
0.024874
0.0187523
0.0230152
0.0226396
0.0248264
0.0229563
0.0226289
0.0233105
0.0232869
0.0240634
0.0238105
0.0239101
0.0241673
0.0241647
0.0243114
0.0242229
0.024745
0.0248789
0.0248807
0.0248999
0.0249
0.0248987
0.0248879
0.0248967
0.0248882
0.0248934
0.0248932
0.0248555
0.0248918
0.0248928
0.0249428
0.0248889
0.0248317
0.024921
0.0249037
0.0248329
0.0249355
0.024845
0.0248784
0.0248574
0.0249126
0.0249183
0.0249259
0.0248655
0.0248991
0.0249149
0.0248479
0.0249105
0.0248608
0.0248572
0.0248905
0.0249129
0.0249161
0.0249133
0.0249121
0.0248903
0.0248537
0.0248956
0.0249
0.0248997
0.0249004
0.0248561
0.0248663
0.0248778
0.0249048
0.0248913
0.0249024
0.0248925
0.0248595
0.0249003
0.0248934
0.0249004
0.0248874
0.0248623
0.0248854
0.0248961
0.0248666
0.0248774
0.0248976
0.0248973
0.0248806
0.0248768
0.0204534
0.0230414
0.0233627
0.0239635
0.0235993
0.0233626
0.0239801
0.0247605
0.0246375
0.024897
0.0243968
0.025013
0.0248129
0.024789
0.0246699
0.0245807
0.024732
0.0247883
0.0248072
0.025027
0.0247202
0.0245859
0.0248409
0.0248918
0.0249249
0.024728
0.0246712
0.0246855
0.0247838
0.0247286
0.0248661
0.0249456
0.0247886
0.0249404
0.0247725
0.0247997
0.0249226
0.0247982
0.0248043
0.0247836
0.0247803
0.0249219
0.0248088
0.0248868
0.0248081
0.0248002
0.0248528
0.0248658
0.0246091
0.024854
0.0248315
0.0247006
0.0248485
0.0248458
0.0248232
0.0247946
0.0249135
0.0247439
0.0248333
0.0247708
0.0248823
0.0249126
0.0247842
0.0249001
0.0247952
0.0248526
0.0248145
0.0248575
0.0248143
0.0248114
0.0248242
0.0248269
0.0248706
0.0248706
0.0248527
0.0248556
0.0248246
0.0248891
0.0248323
0.0248598
0.024838
0.0248543
0.0248395
0.0248413
0.0248451
0.0248719
0.0248514
0.0248473
