0.0250798
0.0105459
0.0203007
0.0231258
0.0238405
0.0238585
0.0241161
0.0236784
0.0242944
0.024972
0.0251592
0.0250799
0.0250799
0.0250809
0.0250865
0.0250864
0.0250966
0.0250907
0.0250883
0.0250743
0.0250932
0.0250885
0.0250871
0.0250939
0.0250878
0.0250928
0.0250914
0.0250935
0.0250915
0.02509
0.0250883
0.0250884
0.0250783
0.0250889
0.0250806
0.0250881
0.02509
0.0250905
0.0250856
0.0250876
0.0250803
0.0250857
0.0250883
0.0250881
0.0250816
0.0250823
0.0250837
0.0250866
0.0250846
0.0250856
0.0250854
0.0250827
0.0250854
0.0250841
0.025084
0.0250847
0.0250818
0.0250844
0.0250808
0.0250811
0.0250796
0.0250806
0.0250845
0.0250787
0.0250844
0.0250831
0.0250831
0.0254325
0.0250798
0.0251083
0.0252641
0.0252837
0.0253219
0.0252647
0.025025
0.0251214
0.0252163
0.0250419
0.025233
0.0251663
0.0251119
0.0251969
0.025057
0.0250387
0.0250423
0.0251816
0.0251361
0.0251588
0.0251029
0.0250451
0.0250945
0.0251376
0.0251585
0.025089
0.0251373
0.0250581
0.0251369
0.0251197
0.0250563
0.0251303
0.0251299
0.0251274
0.0251265
0.0250816
0.0251188
0.0251182
0.025086
0.0251186
0.0251093
0.0251079
0.0251126
0.0251115
0.0251108
0.0250655
0.0251048
0.0251038
0.0250694
0.0251015
0.0250718
0.025072
0.0250977
0.0250798
0.0246336
0.0250498
0.0250796
0.0249016
0.0249295
0.024954
0.0250013
0.0249672
0.0251232
0.0250558
0.025037
0.0250459
0.0251036
0.0251078
0.025113
0.0250024
0.0250224
0.0250212
0.0250378
0.0250166
0.0250197
0.0250384
0.0250674
0.0250284
0.0250563
0.0250354
0.0251032
0.0250487
0.0250669
0.0250535
0.0250827
0.0250479
0.0250533
0.0250993
0.0250663
0.0250742
0.0250972
0.0250968
0.0250637
0.0250935
0.0250733
0.0250611
0.0250589
0.0250645
0.0250884
0.0250643
0.0250798
0.0248396
0.0250678
0.0250798
0.0249641
0.0250111
0.0250039
0.0250461
0.0250266
0.0251083
0.0250678
0.025059
0.0250631
0.0250944
0.0250975
0.0251013
0.025037
0.0250488
0.0250479
0.0250512
0.0250431
0.0250451
0.0250561
0.0250725
0.0250486
0.025066
0.0250509
0.0250956
0.0250613
0.0250719
0.0250615
0.0250817
0.0250585
0.0250616
0.0250932
0.0250714
0.0250763
0.0250918
0.0250915
0.0250695
0.0250892
0.0250756
0.0250676
0.0250657
0.0250699
0.0250857
0.025069
0.024927
0.0233086
0.0250793
0.024878
0.0250383
0.0249234
0.0249035
0.0249035
0.024973
0.0249194
0.0250615
0.0249948
0.0249301
0.0249496
0.0249756
0.0250171
0.0249995
0.025043
0.0249993
0.0249829
0.0250288
0.0250116
0.024991
0.0250794
0.0250122
0.0250909
0.0250052
0.0250512
0.025013
0.0250316
0.0250371
0.0250665
0.0250418
0.0250649
0.0249013
0.0249986
0.0250798
0.0250282
0.0250727
0.0250696
0.0250459
0.0250803
0.025049
0.025085
0.0250557
0.0250936
0.0250888
0.0250749
0.0250734
0.0250789
0.025089
0.0250581
0.025093
0.0250585
0.0250579
0.0250719
0.0250666
0.0250827
0.0250918
0.0250668
0.0250703
0.025079
0.0250896
0.0250722
0.0250672
0.0250848
0.0250672
0.0250706
0.0250685
0.0250694
0.0250694
0.0250725
0.025072
0.0250727
0.0250781
0.025073
0.0250822
0.0250732
0.025072
0.0250735
0.0250853
0.0249658
0.0239001
0.0249933
0.0244981
0.0249656
0.0247956
0.0250726
0.0249262
0.024892
0.024867
0.0250845
0.0248992
0.0248729
0.0249006
0.0250391
0.0249595
0.025061
0.0251029
0.0251144
0.0250507
0.0250135
0.0250587
0.0250977
0.0250934
0.0249885
0.0250283
0.0250075
0.0250586
0.0250503
0.0250946
0.0250444
0.0250699
0.0250167
0.0250378
0.0250978
0.0250393
0.0250253
0.0250962
0.0250541
0.0250312
0.0250918
0.0250356
0.0250373
0.0250577
0.0250611
0.0250404
0.0250799
0.0250842
0.0251178
0.0250827
0.0251261
0.0250875
0.0250957
0.0250829
0.0250872
0.0250874
0.0250739
0.0250753
0.0250909
0.0250872
0.0250936
0.0250749
0.0250741
0.0250741
0.0250912
0.0250872
0.0250755
0.025089
0.0250875
0.0250763
0.0250874
0.0250848
0.0250845
0.0250807
0.0250804
0.0250869
0.025077
0.0250803
0.0250834
0.0250861
0.0250818
0.0250805
0.025086
0.025086
0.025078
0.0250855
0.0250837
0.02508
0.025084
0.0250826
0.0250829
0.0250779
0.0250841
0.0250844
0.0250832
0.0250839
0.025084
0.0250823
0.025083
0.0250806
0.0250829
0.0250802
0.0250821
0.0249872
0.0249348
0.02507
0.0248097
0.0247774
0.0248682
0.0248781
0.0250514
0.0248178
0.0248804
0.0248294
0.0248832
0.0248852
0.0250647
0.024972
0.0248986
0.0249605
0.0249405
0.0250145
0.0249723
0.0250802
0.025042
0.0249734
0.023701
0.0249098
0.025074
0.0246306
0.0245984
0.0244565
0.0245689
0.0246546
0.0250737
0.0249666
0.0245966
0.0250127
0.0246688
0.0248404
0.0249271
0.0247308
0.0248443
0.0249914
0.025105
0.0248824
0.024884
0.0250931
0.0248273
0.0248775
0.0249826
0.0249117
0.0249386
0.0249217
0.024959
0.0249343
0.0250679
0.0249687
0.0249585
0.0250507
0.0249656
0.0250799
0.0251418
0.025089
0.0250805
0.02508
0.0250837
0.0250728
0.0251
0.0250768
0.025097
0.0250912
0.0250928
0.0250863
0.0250944
0.0250739
0.0250749
0.025092
0.0250798
0.0250912
0.0250887
0.0250907
0.0250859
0.0250824
0.0250897
0.0250862
0.025081
0.0250881
0.0250825
0.0250881
0.0250767
0.0250767
0.0250873
0.025086
0.0250748
0.0250784
0.0250763
0.025086
0.0250832
0.0250816
0.0250847
0.0250847
0.0250845
0.025085
0.0250769
0.0250809
0.025083
0.0250821
0.0250808
0.0250778
0.0250796
0.0250778
0.0250813
0.0250802
0.0249276
0.0249828
0.0246971
0.0249185
0.0249866
0.0249186
0.0250188
0.0249967
0.0249826
0.0249611
0.0250049
0.0249856
0.0250069
0.0250124
0.0250028
0.0250202
0.0250351
0.0250247
0.0250983
0.0250531
0.0250961
0.025038
0.0250855
0.0250398
0.0250245
0.0250596
0.0250305
0.0250389
0.0250652
0.0250485
0.0250464
0.0250434
0.0250699
0.0250612
0.0250521
0.025048
0.0250615
0.0250604
0.0250549
0.0250507
0.0226139
0.0221805
0.0246043
0.0231272
0.0231745
0.0232663
0.0247138
0.0245827
0.0244972
0.0242731
0.0241294
0.0247836
0.0243769
0.0249848
0.0247509
0.0246164
0.0247369
0.0250342
0.0245795
0.0250451
0.0247617
0.025034
0.0249413
0.0250777
0.0250169
0.0250013
0.0249841
0.025084
0.025003
0.0249881
0.0250011
0.0250596
0.0250149
0.0250706
0.0250945
0.0251017
0.0250651
0.025047
0.0250692
0.0250912
0.0250886
0.0250338
0.0250491
0.0250395
0.0250685
0.0250615
0.0250892
0.0250583
0.0250746
0.0250454
0.0250549
0.0250911
0.0250559
0.0250498
0.0250902
0.0250641
0.0250524
0.0250874
0.0250551
0.0250559
0.0250663
0.0250683
0.0250576
0.0250798
0.0249869
0.0247502
0.0250776
0.0248464
0.0244484
0.0246758
0.0246628
0.0248868
0.024725
0.0249564
0.0250081
0.0249244
0.0251006
0.0247392
0.024755
0.0248676
0.0248465
0.0249449
0.0250987
0.0248565
0.024864
0.0248998
0.0251088
0.0249122
0.0249726
0.0249257
0.0249993
0.025053
0.0249534
0.0249956
0.0250723
0.0249811
0.0250062
0.0250816
0.0250887
0.0250919
0.0250028
0.0250631
0.0250035
0.0250563
0.0250785
0.0249181
0.0248351
0.0249033
0.0250283
0.0250011
0.0250372
0.0249902
0.0250368
0.0250531
0.0250389
0.0250214
0.0250347
0.0250554
0.0250757
0.0250246
0.0250438
0.0250393
0.0250484
0.0250606
0.0250513
0.025033
0.0250342
0.0250401
0.0250503
0.0250483
0.0250485
0.0250597
0.025059
0.0250866
0.0250549
0.0250547
0.0250557
0.0250884
0.0250661
0.0250592
0.0250577
0.0250825
0.0250815
0.0250623
0.0250844
0.0250639
0.0250626
0.0250632
0.0250712
0.0153634
0.0237283
0.0223866
0.0229846
0.0239877
0.0242875
0.0248447
0.0236518
0.0247315
0.0241382
0.0246244
0.0243347
0.0243954
0.0244794
0.0251629
0.0250848
0.025095
0.0250818
0.0251232
0.0251402
0.0251357
0.0251264
0.0251345
0.0251038
0.0251206
0.0250724
0.025076
0.0250754
0.0250721
0.0251147
0.0251175
0.0250955
0.0250973
0.0251116
0.0250968
0.0251001
0.0250978
0.0251022
0.0250862
0.0250916
0.025092
0.0250802
0.0250921
0.0250893
0.0250884
0.0250992
0.025086
0.0250872
0.0250932
0.0250967
0.0250909
0.0250806
0.0250901
0.0250937
0.0250954
0.025095
0.0250949
0.0250853
0.0250852
0.0250921
0.0250766
0.0250843
0.0250933
0.0250929
0.0250825
0.0250873
0.0250913
0.0250907
0.0250869
0.0192184
0.0250668
0.0250663
0.0238271
0.0241309
0.0241563
0.0242759
0.0243384
0.0242913
0.0245747
0.0243866
0.0244671
0.0246318
0.0245483
0.024636
0.0250221
0.0246728
0.0247409
0.024843
0.0248596
0.0247854
0.0248476
0.024798
0.0231267
0.0227876
0.0246995
0.0236709
0.0238179
0.0238239
0.0247934
0.0246951
0.0246318
0.0244695
0.0243651
0.0248448
0.024541
0.0250032
0.0248195
0.0247176
0.024809
0.0165164
0.0111551
0.0219101
0.0213213
0.0220195
0.0225093
0.0244576
0.0246367
0.0238632
0.0238904
0.024485
0.0241459
0.0241478
0.0243019
0.0244378
0.0243814
0.0250809
0.0252242
0.0250822
0.0251794
0.0250831
0.0251142
0.0251098
0.025117
0.0251074
0.0251253
0.0251339
0.0251113
0.0251162
0.0251167
0.0251001
0.0251043
0.025087
0.0251194
0.0250793
0.0250908
0.0250988
0.0250708
0.0250938
0.0250982
0.0251052
0.0251142
0.0251022
0.0251095
0.0251086
0.0250836
0.0250959
0.0251003
0.0251032
0.0251036
0.0250851
0.0250981
0.0250946
0.0251009
0.0250819
0.0250754
0.0250901
0.0250956
0.0250877
0.0250968
0.0250964
0.0250783
0.0250927
0.0250959
0.0250907
0.0250957
0.0250947
0.0250912
0.0250922
0.0250857
0.0250799
0.0250924
0.0250916
0.0250778
0.0238062
0.0248782
0.0245464
0.0240704
0.02482
0.0244713
0.0247012
0.0243359
0.0245402
0.0248915
0.0248169
0.0249085
0.0250471
0.0249012
0.0247251
0.0248068
0.024996
0.0247339
0.0247635
0.0248014
0.0248341
0.0248315
0.0249616
0.0248885
0.0250539
0.0250681
0.0250168
0.025073
0.0247844
0.0248963
0.0248031
0.024782
0.0250038
0.0248562
0.0250376
0.0248624
0.0248587
0.0249029
0.0250108
0.0248801
0.0250095
0.0249965
0.0250291
0.0249296
0.0249448
0.0250795
0.0249486
0.0250493
0.0198825
0.0242855
0.0239227
0.0241031
0.0245275
0.0242039
0.0248016
0.0242585
0.0245269
0.0247651
0.0244995
0.0247948
0.0245541
0.0247192
0.0247191
0.0249166
0.0250461
0.0247507
0.0247586
0.0249343
0.0250797
0.0250798
0.0245895
0.0249112
0.0248611
0.0250741
0.0249104
0.0249241
0.0249529
0.0249947
0.0249504
0.0249283
0.0250027
0.0250772
0.0249603
0.0249453
0.0250778
0.025041
0.0250936
0.0250465
0.0250741
0.0250413
0.0250183
0.0250207
0.0250146
0.0250825
0.0250429
0.0250615
0.025057
0.0250505
0.0250567
0.0250463
0.0250687
0.022446
0.0117764
0.0146512
0.0215158
0.0226434
0.0244922
0.0241602
0.0234604
0.0238979
0.025021
0.0239242
0.0238814
0.024926
0.025093
0.023953
0.0242063
0.0242847
0.0250905
0.0246199
0.0244162
0.0245987
0.024846
0.0245721
0.0247953
0.0165625
0.022366
0.0226186
0.0225281
0.0241951
0.0235367
0.0237255
0.0243112
0.0242439
0.0248614
0.0243022
0.0245812
0.0245113
0.0245906
0.0248956
0.0248583
0.0250894
0.0253331
0.0250799
0.0250803
0.0250817
0.0251523
0.0251036
0.0251261
0.025084
0.0251067
0.0251253
0.0251051
0.0250991
0.0251059
0.0251215
0.0251085
0.0250881
0.0251087
0.0251096
0.0250993
0.0251083
0.0251127
0.0250831
0.0250914
0.0250984
0.0250843
0.0251022
0.0250953
0.025081
0.0250958
0.0250911
0.0251031
0.0251021
0.0250978
0.0250808
0.0250961
0.0250942
0.0250977
0.0250909
0.0250849
0.0250863
0.0250981
0.0250926
0.0250899
0.025091
0.025096
0.0250941
0.0250921
0.0250804
0.0250933
0.0250787
0.0250932
0.0250858
0.0250922
0.0250857
0.0250875
0.0250883
0.0250822
0.0250873
0.0250892
0.0250902
0.025086
0.0250907
0.0250873
0.0250847
0.0250388
0.0226323
0.0236563
0.0231901
0.0241308
0.0239953
0.0245019
0.0247086
0.0250798
0.0250775
0.0243166
0.0243907
0.0249541
0.0248944
0.0248832
0.0248797
0.0248636
0.0248714
0.024919
0.0248828
0.0250948
0.0249594
0.0250868
0.0249278
0.0250477
0.0249846
0.0250864
0.0249685
0.0249572
0.0250207
0.0250284
0.0249917
0.0250512
0.025076
0.0250074
0.0250042
0.0250182
0.0250058
0.0250162
0.0250157
0.0250505
0.0250374
0.0250798
0.0250509
0.024955
0.0249969
0.0250154
0.0249879
0.0250425
0.0250042
0.0250991
0.025024
0.0250101
0.0250174
0.0250213
0.0250584
0.0250219
0.0250545
0.0250949
0.0250811
0.0250919
0.0250339
0.0250714
0.0250407
0.0250813
0.0250739
0.0250587
0.0250433
0.0250569
0.0250723
0.0250515
0.0250517
0.0250532
0.0250535
0.0250572
0.0250576
0.0250853
0.0250631
0.0250606
0.0250622
