0.0169063
0.0224845
0.0243402
0.0246627
0.0238023
0.0230361
0.0244103
0.0242485
0.0251128
0.0251691
0.0251201
0.0251124
0.0251149
0.0251232
0.0251376
0.0251241
0.0251204
0.0251316
0.0251209
0.0251247
0.0251292
0.0251295
0.0251275
0.0251199
0.0251269
0.0251252
0.0251252
0.025123
0.0251164
0.0251245
0.0251229
0.0251105
0.0251187
0.0251206
0.0251176
0.0251192
0.0251219
0.0251178
0.0251176
0.0251149
0.0251157
0.0251205
0.0251197
0.0251189
0.0251181
0.0251145
0.0251165
0.0251129
0.0251094
0.0251152
0.0251105
0.0251189
0.0251166
0.0251172
0.0251178
0.0251139
0.0251165
0.0251167
0.0251129
0.0251155
0.025117
0.0251149
0.0251167
0.0251133
0.0251126
0.0255798
0.0251138
0.0252034
0.0251705
0.0251646
0.0253126
0.0252343
0.0253407
0.0250877
0.0253206
0.0252381
0.0251439
0.0250514
0.0250537
0.0252658
0.0252331
0.0251743
0.0252493
0.0252084
0.025206
0.025075
0.0252079
0.0251678
0.0252083
0.025143
0.0252092
0.0251756
0.0251979
0.0250741
0.0250734
0.0251806
0.0251479
0.0250861
0.0250775
0.0251718
0.0251251
0.0251698
0.0251322
0.0251271
0.0251537
0.0251306
0.0250924
0.0251584
0.0251023
0.0251583
0.025118
0.0251547
0.0251501
0.0251458
0.0251484
0.0251044
0.0251193
0.0251177
0.0250961
0.0251413
0.025125
0.0251069
0.0251004
0.0251023
0.0250855
0.0252065
0.025084
0.0248582
0.0249069
0.0250272
0.0249865
0.0250091
0.0250589
0.0250123
0.0251242
0.0249873
0.0251624
0.0250096
0.0250846
0.025074
0.0251274
0.0250241
0.0250376
0.0251115
0.025042
0.0250718
0.0251005
0.0251015
0.0250499
0.0251497
0.0251119
0.0251327
0.0250607
0.025064
0.0250654
0.025114
0.0250685
0.025132
0.02507
0.0251327
0.0250764
0.0251354
0.025121
0.0250994
0.0250785
0.025098
0.0250882
0.0251051
0.0251107
0.0250863
0.0251157
0.025112
0.0250871
0.0251081
0.0251014
0.0251743
0.0250976
0.0249744
0.0250029
0.0250758
0.0250331
0.0250437
0.0250883
0.025047
0.0251186
0.0250436
0.0251436
0.0250599
0.0250978
0.0250925
0.0251207
0.0250613
0.0250644
0.0251117
0.025073
0.0250899
0.0251055
0.0251059
0.0250745
0.0251375
0.025112
0.0251252
0.0250787
0.0250818
0.0250826
0.0251133
0.0250839
0.0251252
0.0250849
0.0251259
0.0250886
0.0251281
0.0251179
0.025104
0.0250902
0.0251031
0.0250968
0.0251076
0.0251112
0.0250944
0.0251144
0.025112
0.0250955
0.0251117
0.0251087
0.0250561
0.0250358
0.0249476
0.0248343
0.0250745
0.025094
0.0249401
0.0250093
0.0249751
0.0249334
0.0250148
0.0249442
0.0249419
0.0250163
0.0250166
0.0250559
0.0250618
0.0250093
0.0250068
0.0250563
0.0250438
0.0250227
0.0250578
0.025084
0.0250292
0.0251233
0.0250516
0.0251061
0.0250633
0.0250508
0.0250627
0.0250583
0.0251151
0.0251045
0.0251112
0.0250009
0.0250839
0.0250999
0.0250957
0.0250911
0.0251371
0.0250751
0.0250758
0.0250961
0.0251242
0.0250816
0.0250792
0.0250903
0.0250849
0.0251094
0.0251248
0.0250869
0.0251041
0.0250929
0.0250883
0.0250912
0.0251231
0.0251163
0.025092
0.0250942
0.0251011
0.0251036
0.0250993
0.0251219
0.025114
0.0251212
0.0251145
0.0250985
0.0251131
0.0250993
0.0251214
0.0251136
0.0251051
0.0251182
0.0251024
0.0251011
0.0251028
0.0251186
0.0251072
0.0251039
0.025112
0.0248894
0.0244941
0.0248448
0.0248371
0.0250195
0.0249872
0.0249467
0.0249356
0.0249845
0.0249281
0.0249351
0.025085
0.0249669
0.0250485
0.0249184
0.025024
0.0250054
0.0250677
0.0250588
0.0249793
0.0250771
0.0250588
0.0249952
0.0249952
0.0250423
0.0250137
0.0250041
0.0251043
0.0251162
0.0250428
0.0250572
0.0251158
0.0251304
0.0250535
0.025067
0.025066
0.0250747
0.0250534
0.0250822
0.025124
0.025056
0.0251055
0.0250845
0.0250677
0.025063
0.0250688
0.0250668
0.025082
0.0250699
0.025112
0.025112
0.025127
0.0251403
0.0251346
0.0251206
0.0251213
0.025127
0.025104
0.0251194
0.0251058
0.0251243
0.0251165
0.0251168
0.0251236
0.0251117
0.0251084
0.0251053
0.0251183
0.0251056
0.0251212
0.0251202
0.0251122
0.0251075
0.02512
0.0251214
0.0251185
0.0251114
0.0251211
0.0251186
0.0251094
0.0251197
0.0251111
0.0251184
0.0251193
0.025119
0.0251081
0.0251153
0.0251122
0.0251158
0.0251145
0.0251185
0.0251178
0.025117
0.0251171
0.0251178
0.0251097
0.0251169
0.0251172
0.0251133
0.0251145
0.025117
0.0251163
0.0251104
0.0251166
0.0251163
0.0251137
0.0251163
0.0251149
0.0251096
0.0217169
0.0245443
0.024843
0.0248131
0.0247947
0.0250885
0.0248475
0.0248468
0.0249965
0.0249724
0.0249148
0.0250211
0.0249794
0.0250165
0.0250431
0.0250145
0.0250144
0.0250248
0.0217446
0.0250427
0.0247259
0.0244613
0.0242307
0.0248506
0.0245787
0.0250357
0.024553
0.0251636
0.0248843
0.0249906
0.0247181
0.0247599
0.0248988
0.0249445
0.0247821
0.0248855
0.0249961
0.024926
0.0248566
0.0248594
0.0248925
0.0250168
0.0248998
0.02514
0.0249551
0.0250347
0.0249394
0.0250338
0.024971
0.025039
0.0250995
0.0249925
0.0250804
0.0250598
0.0251127
0.025112
0.0251077
0.0251167
0.0251442
0.0251373
0.0251149
0.0251004
0.0250987
0.0251273
0.0251196
0.0251224
0.0251303
0.025129
0.0251198
0.0251173
0.0251168
0.0251043
0.025126
0.0251214
0.0251056
0.0251024
0.0251223
0.0251097
0.0251224
0.0251236
0.0251046
0.0251157
0.0251193
0.0251218
0.0251205
0.0251207
0.0251213
0.0251047
0.0251096
0.0251068
0.0251207
0.0251201
0.0251129
0.0251189
0.0251194
0.02511
0.0251192
0.0251101
0.0251099
0.0251177
0.0251102
0.0251105
0.0251178
0.0251093
0.0251142
0.0251178
0.025112
0.0251109
0.0251172
0.0251172
0.0251085
0.0251168
0.0251162
0.0234631
0.024827
0.0247149
0.025087
0.0250392
0.0250061
0.0249993
0.0250289
0.0250137
0.0250349
0.0250107
0.0250956
0.0250416
0.0250284
0.0251308
0.025008
0.025111
0.02506
0.0250754
0.0250332
0.0250761
0.0251324
0.0250293
0.0250336
0.0250357
0.0250577
0.0250666
0.0250889
0.0251232
0.0251018
0.0250522
0.0250692
0.0251263
0.0250845
0.0250712
0.0250686
0.0250807
0.0251199
0.0250772
0.0250835
0.025079
0.0250809
0.0250741
0.0250759
0.025077
0.0250805
0.0250784
0.0251024
0.0250826
0.0250886
0.0214559
0.0229923
0.0231488
0.0241101
0.0244643
0.0247797
0.0245562
0.0248358
0.0248117
0.0242843
0.0247273
0.0250498
0.0244506
0.0248117
0.0247518
0.0250681
0.0248606
0.024828
0.0250224
0.0248661
0.0250051
0.0249996
0.0250753
0.0250368
0.0250439
0.0250385
0.025037
0.0250349
0.0250164
0.0250996
0.0250483
0.025082
0.0250232
0.0250593
0.0250613
0.0250901
0.0250786
0.0250419
0.0250946
0.0250856
0.0250489
0.0250545
0.0250705
0.0250579
0.0250558
0.0251085
0.0251152
0.0250717
0.0250791
0.0251149
0.0251236
0.025081
0.025088
0.0250874
0.0250918
0.0250787
0.0250935
0.0251197
0.0250805
0.0251087
0.0250969
0.025086
0.025084
0.0250867
0.0250868
0.0250938
0.0250883
0.0248685
0.0250762
0.0246686
0.0241888
0.0249537
0.0249648
0.0246182
0.0245931
0.024652
0.0246805
0.0247873
0.0247804
0.0247108
0.0248215
0.0251186
0.0247888
0.0250032
0.024917
0.0251507
0.0249855
0.0249519
0.0251045
0.0250392
0.0249497
0.0249469
0.0251244
0.0250734
0.0249884
0.0250949
0.0250294
0.0250615
0.0251299
0.0250701
0.0250125
0.0250368
0.0250868
0.0251338
0.0250344
0.0250859
0.0248905
0.025112
0.0250832
0.0249649
0.0250376
0.0250146
0.0250862
0.0250826
0.0250456
0.0250331
0.0250535
0.0250682
0.0250823
0.0250528
0.0250952
0.0251365
0.0251105
0.0251343
0.0250598
0.0250773
0.0250913
0.02509
0.0250695
0.0250753
0.0250768
0.0250714
0.0250864
0.0250786
0.0250792
0.0250807
0.0250839
0.0250795
0.0250809
0.0250959
0.0251027
0.0251176
0.0250984
0.0250891
0.0250876
0.0251242
0.0251046
0.0251088
0.0250971
0.0250998
0.0251009
0.0250976
0.0250937
0.0250932
0.0250939
0.00896821
0.0222336
0.0244411
0.0229342
0.023672
0.023844
0.0233785
0.023488
0.0242725
0.0237269
0.0249311
0.0246744
0.0240834
0.0241834
0.0242011
0.024539
0.0248616
0.024787
0.0253514
0.0255087
0.0250869
0.0251912
0.0251248
0.0251465
0.0251957
0.0251551
0.0251436
0.0251603
0.025171
0.0251407
0.025165
0.025137
0.025136
0.025156
0.025145
0.0251383
0.0251458
0.0251315
0.0251432
0.0251407
0.0251313
0.0251491
0.0251217
0.0251353
0.0251462
0.0251378
0.0251366
0.0251174
0.0251429
0.0251418
0.0251355
0.0251258
0.0251391
0.0251381
0.0251369
0.0251379
0.0251203
0.0251158
0.0251105
0.0251351
0.0251232
0.0251309
0.0251339
0.0251322
0.0251298
0.0251314
0.0251145
0.0251132
0.0251204
0.0251114
0.0251114
0.0251294
0.0251269
0.0251278
0.0251268
0.0251248
0.0251268
0.0251272
0.0251269
0.0251251
0.0251137
0.025121
0.0251244
0.0251202
0.02512
0.0251205
0.025112
0.024276
0.0235542
0.0240825
0.0244252
0.024363
0.0249646
0.024219
0.0244966
0.024283
0.0242966
0.0244742
0.0245543
0.0245355
0.025132
0.0249635
0.02486
0.0246959
0.0247298
0.0250487
0.0247216
0.0248156
0.0248918
0.0248976
0.0249085
0.0248869
0.0250978
0.0226165
0.0236721
0.0237426
0.0243513
0.0246104
0.0248517
0.0246793
0.0248948
0.0248737
0.0244822
0.0248087
0.025062
0.0246018
0.0248753
0.0248284
0.0250766
0.0249111
0.0248857
0.00450414
0.0178203
0.0207181
0.0245496
0.0214224
0.024043
0.0230973
0.0250897
0.0242598
0.0239647
0.0239018
0.0244216
0.0240263
0.0248176
0.0247348
0.0251038
0.0245509
0.0243037
0.0245475
0.0244494
0.025112
0.0252292
0.0252025
0.0251626
0.0252203
0.0251999
0.0251604
0.0251432
0.0251405
0.0251546
0.0251734
0.0251278
0.0251213
0.0251025
0.0251266
0.0251571
0.0251072
0.0251292
0.0251433
0.0251459
0.0251378
0.025124
0.0251485
0.0251362
0.025099
0.0251375
0.0251328
0.0251097
0.0251183
0.0251314
0.0251203
0.0251371
0.0251185
0.0251116
0.0251397
0.0251349
0.0251326
0.0251351
0.0251132
0.0251343
0.0251362
0.0251344
0.0251068
0.0251329
0.0251281
0.0251326
0.0251303
0.0251222
0.0251185
0.0251129
0.0251253
0.0251077
0.0251294
0.0251233
0.0251288
0.0251205
0.0251107
0.0251269
0.0251211
0.0251265
0.0251256
0.0251188
0.02512
0.0251249
0.0251187
0.0251039
0.0244665
0.0232175
0.0242855
0.0246335
0.0244664
0.0244659
0.0248428
0.0243776
0.0249586
0.0248372
0.0244043
0.0246583
0.0245424
0.0246881
0.0246482
0.0251408
0.0250966
0.0249524
0.0248739
0.0251179
0.024853
0.0247834
0.0250099
0.0249706
0.0248494
0.0249579
0.0248926
0.0250781
0.024986
0.0251119
0.0244842
0.0247435
0.0248056
0.025026
0.0249965
0.0250454
0.0248699
0.0250074
0.0249014
0.024996
0.0249253
0.0251161
0.0249565
0.0250815
0.025052
0.0249845
0.0250054
0.0250056
0.025112
0.0234671
0.0236746
0.0242021
0.0239814
0.0240367
0.0243299
0.0247763
0.0243831
0.024864
0.0245893
0.0248132
0.024647
0.0249677
0.0247963
0.0248461
0.025112
0.0250445
0.0248901
0.0247061
0.0248457
0.0249632
0.0249653
0.0249653
0.0249515
0.0249452
0.0249709
0.0249456
0.0250891
0.02502
0.0250395
0.0250359
0.0251282
0.0250049
0.0250028
0.0250563
0.0250788
0.0250879
0.0250351
0.0250512
0.0250589
0.0250599
0.0250812
0.0250782
0.0250411
0.025071
0.0250934
0.0250814
0.0250858
0.0251008
0.0250959
0.0250595
0.025082
0.0251123
0.025112
0.0161362
0.0212743
0.024203
0.0222064
0.0249478
0.0228376
0.0248842
0.0242636
0.0240219
0.0243017
0.0245367
0.0238276
0.0250282
0.0247516
0.0249914
0.0243992
0.0248692
0.0246272
0.0245262
0.0243743
0.0248547
0.0245508
0.0245443
0.0250397
0.0251035
0.0248209
0.0249679
0.0234499
0.0223996
0.0224882
0.0247185
0.0238297
0.0238685
0.024662
0.0244782
0.023833
0.0248458
0.0245385
0.0245631
0.0244039
0.0247223
0.0245553
0.0249104
0.0247116
0.025112
0.0253285
0.0251989
0.0251633
0.025162
0.0251882
0.025143
0.0251335
0.0251343
0.0251641
0.0251059
0.0251373
0.0251143
0.025145
0.025141
0.0251271
0.0251338
0.0251459
0.0251313
0.0250982
0.0251346
0.0251455
0.0251388
0.0251437
0.0251362
0.025132
0.0251399
0.0251294
0.025114
0.0251122
0.0251318
0.0251014
0.0251374
0.0251278
0.0251358
0.0251328
0.0251344
0.0251293
0.0251314
0.0251291
0.0251094
0.0251047
0.0251077
0.025105
0.025128
0.025129
0.0251251
0.0251272
0.0251253
0.025106
0.0251055
0.0251243
0.0251248
0.0251197
0.0251105
0.0251262
0.0251249
0.0251069
0.0251141
0.025122
0.0251246
0.0251228
0.0251241
0.0251236
0.0251212
0.0251231
0.025122
0.0251218
0.0251216
0.0243452
0.0238954
0.0246604
0.0236772
0.0239374
0.0239134
0.024549
0.0247452
0.0244794
0.0245095
0.0239633
0.0249606
0.0246267
0.0247039
0.0249847
0.0250156
0.024891
0.0250078
0.0250114
0.0248903
0.0249572
0.0249468
0.024913
0.0251455
0.0250559
0.0249821
0.0249599
0.0250648
0.0249646
0.0249714
0.0250618
0.0249927
0.0249924
0.0250128
0.0250707
0.0250842
0.0250255
0.0250955
0.0251228
0.02503
0.0250413
0.0251063
0.0250434
0.0250436
0.0250555
0.0250834
0.0250469
0.025066
0.0250737
0.025112
0.0245333
0.0251073
0.0249346
0.0251113
0.0250124
0.0250591
0.0251251
0.0250229
0.0250804
0.0250406
0.0250418
0.025075
0.0250792
0.0250904
0.0250664
0.0250537
0.02506
0.0250904
0.0250558
0.0250556
0.0250854
0.0250662
0.0251245
0.0251038
0.0250688
0.0251228
0.0251068
0.0250862
0.0250911
0.0251011
0.0250925
0.0250882
0.0251216
0.0250844
0.0250873
0.0250977
0.0250883
0.0250852
0.0250892
0.0251064
0.0250875
0.0251204
0.0250988
0.0251004
0.025116
0.0251132
