0.00681565
0.00150101
0.00280137
8.31018e-05
7.99766e-05
0.000901297
0.00207435
0.00202638
0.00277251
0.00277248
0.00277265
0.00270384
0.00273057
0.00288711
0.00278714
0.00287345
0.00277771
0.00276676
0.00279096
0.0028463
0.00272818
0.00276828
0.00272101
0.00272515
0.00282637
0.00283508
0.00273255
0.00283053
0.00282576
0.00282699
0.00275567
0.00280679
0.00279248
0.00276489
0.00280166
0.00279517
0.00277509
0.00275394
0.00273248
0.00281227
0.00273498
0.00273725
0.0028087
0.002808
0.00273959
0.0027969
0.00274599
0.00278987
0.00276626
0.00274424
0.00278737
0.00274419
0.00280181
0.00275113
0.0028005
0.00279893
0.00276665
0.00275124
0.00279025
0.00275008
0.00275426
0.00277139
0.00277221
0.00275426
0.00279041
0.0027576
0.00277247
0.00277248
0.0027728
0.00315723
0.00187613
0.0039757
0.00378691
0.00202375
0.00204724
0.00364628
0.00224516
0.0032787
0.00227717
0.00340731
0.00331498
0.00316568
0.00289611
0.00332844
0.00323695
0.00228211
0.00237008
0.00326396
0.00319557
0.00323347
0.00321649
0.00239833
0.00318756
0.00317772
0.0024027
0.0026362
0.00282374
0.00302944
0.0024904
0.00248577
0.00251943
0.00308247
0.0030563
0.00254641
0.00282909
0.00285363
0.00302684
0.00297369
0.00302332
0.00298342
0.00279468
0.00256953
0.00256626
0.00292977
0.00277261
0.00275307
0.00272543
0.00296597
0.00283478
0.00262801
0.0029334
0.00264005
0.00278026
0.00261433
0.00262909
0.00277245
0.00278317
0.00169658
0.0017221
0.00288117
0.0024372
0.00219956
0.00311225
0.00295682
0.00246027
0.00269943
0.00236211
0.00327135
0.00250405
0.0030695
0.00274965
0.00314304
0.00253972
0.00261509
0.00275243
0.00311069
0.00309095
0.0031078
0.00244727
0.0024882
0.00306105
0.00274611
0.00301711
0.00251995
0.00251936
0.00270599
0.0029828
0.00266939
0.00264952
0.00256559
0.00290781
0.00287124
0.00259963
0.00258572
0.00293055
0.00259028
0.00264017
0.00290915
0.00291202
0.00277246
0.00277676
0.00210334
0.00221001
0.00281831
0.00262357
0.00249832
0.00293407
0.00285786
0.00261791
0.00273696
0.00256402
0.00306751
0.00263201
0.00294195
0.00276014
0.00299639
0.00264213
0.00268515
0.00276131
0.00297943
0.00297454
0.0029968
0.00254952
0.00259823
0.00295573
0.00275633
0.00293958
0.00260517
0.00260401
0.00273138
0.00291032
0.00270742
0.00269453
0.00263583
0.00285997
0.00283573
0.00265769
0.00264569
0.00287819
0.00264792
0.0026856
0.00286334
0.00286662
0.00214599
0.00320677
0.00294578
0.00305088
0.00269938
0.00211016
0.00214069
0.0027572
0.00265058
0.00234458
0.00234677
0.00236321
0.00290323
0.00294913
0.00284753
0.00245334
0.00289163
0.00249059
0.00289376
0.00299337
0.00254464
0.00259467
0.00256235
0.00251932
0.00283701
0.00267375
0.00267424
0.0025617
0.00265739
0.00259129
0.00261902
0.00264526
0.00264502
0.00263583
0.0028447
0.00264135
0.00269336
0.00280021
0.00265268
0.00277249
0.00216138
0.00281294
0.00286628
0.00248148
0.00246486
0.00273826
0.00252578
0.00265169
0.00277808
0.00271481
0.00265575
0.00264804
0.00291701
0.00271854
0.00275397
0.00289067
0.00273171
0.00290412
0.00270553
0.00291449
0.0026724
0.0029011
0.00274493
0.00269462
0.00265512
0.00289234
0.00287002
0.00270603
0.00279743
0.00281384
0.00267752
0.00268689
0.00268673
0.00268801
0.00276341
0.00281698
0.00277486
0.00283187
0.00273702
0.00275848
0.00271902
0.00278068
0.00279249
0.00270507
0.00272347
0.00272756
0.000152945
0.00263396
0.00171946
0.00265122
0.00189453
0.00296163
0.00310916
0.00335736
0.00306162
0.00329901
0.00325145
0.00302808
0.0022721
0.00230771
0.00270858
0.00231546
0.00297277
0.00290213
0.00237454
0.0031193
0.00284415
0.0024048
0.00276968
0.00303984
0.00290376
0.00284909
0.00250374
0.00253241
0.00298735
0.00251458
0.00271239
0.00291839
0.00292948
0.00260174
0.00281879
0.00271152
0.00289661
0.00276087
0.00264853
0.00276116
0.00282641
0.0029368
0.0028642
0.00270534
0.00277278
0.00277247
0.00277247
0.00268432
0.00277278
0.00268089
0.00284021
0.00274282
0.00285586
0.002827
0.00281714
0.00272964
0.00282678
0.00279508
0.00283402
0.00282948
0.00283186
0.00271537
0.0027803
0.00281075
0.0027328
0.00279591
0.0027398
0.00281554
0.00282096
0.00280724
0.00282028
0.00281518
0.00280261
0.00277771
0.00280302
0.00278831
0.00280895
0.0027389
0.0028081
0.002749
0.00276132
0.00275912
0.00274737
0.00276523
0.00279597
0.00280328
0.00280094
0.0027814
0.00276719
0.00274587
0.0027886
0.00274716
0.00275173
0.00278781
0.00279579
0.00277479
0.00275712
0.00278683
0.00275137
0.00276769
0.00277687
0.00271255
0.00277842
0.00270439
0.00227624
0.00289604
0.0028155
0.00287335
0.0028822
0.00247384
0.00283355
0.00286675
0.00256302
0.00262838
0.00269131
0.00261132
0.00263635
0.00285938
0.00271063
0.00264192
0.00114442
0.00257823
0.00246768
0.00166808
0.00229182
0.00214659
0.0019563
0.00192603
0.00163748
0.00186617
0.00284296
0.00289977
0.00223371
0.00203474
0.0027126
0.0022528
0.00316677
0.00232133
0.00226565
0.00287008
0.00289702
0.00230771
0.00236024
0.00236616
0.00238974
0.0024574
0.00293396
0.00242408
0.0024494
0.00255821
0.00275331
0.00250749
0.00251066
0.00252767
0.00254656
0.00278453
0.00263149
0.00274211
0.00277268
0.00261475
0.00278558
0.00284
0.00284908
0.00284919
0.00275256
0.0027748
0.00264505
0.00289302
0.0028481
0.00271331
0.00287097
0.00267505
0.00279826
0.00279087
0.00278346
0.00268723
0.00269791
0.00283588
0.00268768
0.00275099
0.00272824
0.00285564
0.00269423
0.00282017
0.00284377
0.00270618
0.00270647
0.00284662
0.00272248
0.00273365
0.00274725
0.00272594
0.00271701
0.00271934
0.00277942
0.00277237
0.00281883
0.00274295
0.00279235
0.00278433
0.00274964
0.00280597
0.00272853
0.00281672
0.0027292
0.00278769
0.00276239
0.00275945
0.00273454
0.00273295
0.0027802
0.00277241
0.00280837
0.00279592
0.00273888
0.0027816
0.00274295
0.0027428
0.00276691
0.00153926
0.00272845
0.00276448
0.00219208
0.00272735
0.00313558
0.00240306
0.00238488
0.00239048
0.00239461
0.0027922
0.00275834
0.00245703
0.002977
0.00272743
0.0025018
0.00258174
0.00253302
0.00273258
0.00255032
0.00299367
0.00252529
0.00296204
0.00293314
0.00276401
0.00294416
0.00270821
0.00270854
0.0026969
0.00289965
0.00280818
0.00278344
0.00263433
0.00289557
0.00263048
0.00263465
0.00264998
0.00276044
0.00289449
0.00287934
0.00284525
0.00268674
0.00284307
0.00273985
0.00286672
0.00282713
0.00270287
0.00260329
0.000430291
0.000159212
0.00186319
0.00255535
0.000782275
0.00216597
0.00134056
0.00137521
0.00140832
0.00193156
0.00180248
0.00195596
0.00222779
0.00212603
0.0029565
0.00250504
0.00237282
0.00227917
0.0014551
0.00272083
0.00228453
0.00272322
0.00223334
0.00286166
0.00293865
0.00312795
0.00291403
0.00307445
0.00306302
0.00290167
0.00246669
0.00248779
0.00274329
0.00250669
0.00287983
0.00284152
0.00252969
0.00299105
0.00281175
0.00255726
0.00277288
0.0029299
0.00284583
0.00281551
0.00261538
0.00262243
0.00290276
0.00261714
0.00274048
0.00285796
0.00286588
0.00267587
0.00279995
0.0027391
0.00284596
0.00276679
0.00270169
0.00276692
0.00280472
0.00287546
0.00282759
0.00273423
0.00277113
0.000825748
0.00283263
0.00370503
0.00256953
0.00129487
0.00135575
0.00342262
0.00326604
0.00335456
0.00193057
0.00287581
0.00244098
0.00291009
0.00286842
0.00286242
0.00317185
0.00313306
0.00316771
0.00306731
0.00275029
0.00299917
0.00230807
0.00235299
0.00239188
0.00275603
0.00304027
0.0024512
0.00262259
0.00277831
0.0029021
0.00297776
0.00258613
0.00269299
0.00253116
0.002829
0.0025662
0.00266899
0.0029245
0.00278606
0.00278023
0.00238655
0.00231137
0.00235446
0.00286302
0.00289712
0.00245665
0.00273369
0.00268194
0.00268068
0.00286948
0.00260873
0.00299849
0.00253496
0.0029496
0.00283604
0.00259901
0.00278223
0.00256591
0.00294231
0.00261551
0.00292029
0.00261544
0.00288835
0.00260813
0.00264467
0.00278848
0.00261154
0.00276518
0.0026765
0.00264639
0.00287359
0.00266601
0.00266422
0.00284202
0.0028088
0.0028389
0.00266974
0.00280795
0.0028573
0.00269508
0.00279401
0.00277645
0.00278069
0.00272667
0.00276817
0.00280564
0.00162894
0.000494366
0.000167453
0.00181049
0.000805749
0.00170311
0.00137139
0.00125873
0.00129202
0.00214423
0.00238067
0.00170597
0.00188355
0.00256527
0.00202651
0.00239956
0.00211259
0.00277247
0.00277274
0.00277247
0.00283519
0.00277871
0.00265609
0.00275433
0.00281908
0.00280225
0.00281581
0.00271317
0.00277854
0.00295126
0.00263824
0.00264313
0.00264713
0.00286624
0.00268846
0.00290315
0.00277286
0.00291026
0.00290811
0.00275871
0.002801
0.00268197
0.00265899
0.00269471
0.0027643
0.002765
0.00279413
0.00282436
0.0026918
0.00280432
0.00277949
0.00276297
0.00273909
0.0027223
0.00284339
0.00274061
0.00271218
0.00277543
0.00282533
0.00283904
0.00284415
0.00272458
0.00270981
0.0027098
0.00283611
0.00271657
0.00278868
0.00274856
0.0027467
0.0028277
0.00282756
0.00273641
0.00282305
0.00281033
0.00272144
0.00281576
0.00279214
0.00273139
0.00281242
0.00281596
0.00280291
0.002774
0.00017021
0.00198547
0.000517077
0.000652614
0.00134804
0.00148151
0.00198712
0.00233453
0.00287538
0.00177841
0.00247467
0.0021009
0.00230095
0.0021351
0.00212596
0.0029394
0.0025601
0.00233472
0.00287611
0.00299955
0.00236807
0.00272956
0.0024857
0.0026491
0.000681541
0.00100096
0.00098945
0.00211598
0.00260266
0.00135552
0.00232356
0.0017189
0.00173124
0.00175382
0.00210933
0.00202995
0.00214949
0.0023521
0.00226097
0.00291989
0.0025623
0.00245921
0.00237959
0.0018059
0.00379133
0.00193931
0.00201294
0.00135356
0.00291306
0.00142796
0.000991015
0.000774006
0.00140656
0.00155795
0.00185976
0.00184217
0.00176679
0.00212124
0.00268721
0.00227866
0.00224231
0.00202012
0.00277247
0.00276974
0.00277645
0.00273919
0.00309106
0.00285258
0.00304539
0.00265558
0.00255481
0.0029934
0.00276784
0.00265355
0.00263633
0.00297443
0.00293456
0.00279451
0.00288052
0.00286822
0.00262464
0.00293788
0.00262938
0.00262655
0.00293264
0.00285384
0.00263195
0.00292164
0.00276493
0.00268984
0.00265458
0.00274689
0.0027156
0.00288677
0.00286981
0.00288554
0.00285646
0.00267513
0.00277505
0.00287073
0.00272137
0.00269541
0.00286449
0.00268316
0.00286717
0.00286562
0.00275851
0.00285701
0.00285554
0.00269252
0.00269788
0.00285316
0.00270344
0.00284964
0.00283499
0.00283263
0.00270692
0.00280819
0.00284045
0.00272335
0.00282449
0.00283626
0.00281732
0.00281169
0.00277622
0.00281365
0.00282853
0.00282207
0.00280584
0.00276808
0.00272349
0.00276446
0.00113847
0.00325607
0.00101879
0.00212866
0.00222786
0.0020094
0.00214468
0.00154902
0.00175506
0.00214893
0.00292934
0.00205899
0.00309608
0.00226885
0.00312984
0.00301571
0.00224559
0.0022418
0.0022631
0.00276881
0.00289271
0.00268283
0.00244322
0.00247354
0.0028786
0.00247465
0.00260627
0.0017318
0.00231806
0.0023467
0.00241798
0.0026735
0.00285539
0.0024556
0.00249994
0.00277582
0.00261215
0.00282519
0.00260573
0.00281325
0.00216596
0.00198018
0.00186965
0.00123038
0.00180916
0.00124676
0.00184976
0.00324267
0.00300622
0.00186916
0.00209847
0.0027329
0.00217182
0.00286931
0.00240714
0.00234364
0.00250852
0.00225041
0.00315327
0.00291601
0.00301033
0.00271041
0.00220019
0.00222819
0.00275661
0.00266827
0.00240002
0.00240186
0.00241414
0.00288525
0.00292637
0.00283641
0.00249298
0.00287579
0.00252326
0.00287836
0.00297009
0.0025723
0.00261613
0.00258767
0.00254744
0.00282863
0.0026847
0.00268513
0.00258444
0.00267001
0.00261047
0.00263451
0.0026589
0.0026582
0.00264958
0.00283682
0.00265444
0.00270129
0.00279685
0.0026646
0.0122956
0.000373788
0.000566225
0.000111638
0.000567257
0.00102145
0.00218381
0.000494605
0.0025066
0.00169102
0.00151473
0.00252547
0.00142393
0.00190917
0.00204602
0.00154325
0.00301278
0.00242929
0.00314603
0.00184289
0.00185505
0.00187684
0.00218733
0.0020455
0.00283491
0.00214252
0.00259291
0.00217499
0.0027714
0.000308593
0.00168634
4.5119e-05
0.00135502
0.000500708
0.000665792
0.00195752
0.0031127
0.00194043
0.00157444
0.00192546
0.00201917
0.00274189
0.00190268
0.00217015
0.00232392
0.00260554
0.00285287
0.00277412
0.00309409
0.00277468
0.0027756
0.00300058
0.00302906
0.00297914
0.00260432
0.00294213
0.00277371
0.00281209
0.00285436
0.00264463
0.00292114
0.00274461
0.00265348
0.00281206
0.00277145
0.00289811
0.00275895
0.00267083
0.00288285
0.00267409
0.00284688
0.00267281
0.00286072
0.0028778
0.00268899
0.00270295
0.00277807
0.00286538
0.00273489
0.00285859
0.00279608
0.00275295
0.00278306
0.00270944
0.00272361
0.00284642
0.00271065
0.00279492
0.00274008
0.00274022
0.00272214
0.0028023
0.00274685
0.00271542
0.00278281
0.00280355
0.00279921
0.00280139
0.00279762
0.00282225
0.00273666
0.0027588
0.00272822
0.00282476
0.00282311
0.00276137
0.00282025
0.00282167
0.00274486
0.00276096
0.00280932
0.00273971
0.00281248
0.00278489
0.00277481
0.00273896
0.00129918
0.000914671
0.00152494
0.00293121
0.00145847
0.00191126
0.00216344
0.00222067
0.00277217
0.00319963
0.00231602
0.00221847
0.00242497
0.00223995
0.00303671
0.00243685
0.00230313
0.00236741
0.00248344
0.00301981
0.00294113
0.00301799
0.0024146
0.00292264
0.0027504
0.00249154
0.00299479
0.00298203
0.00268461
0.00264608
0.00293081
0.00256749
0.00256857
0.00258535
0.00259822
0.00274788
0.00267237
0.00262254
0.00262473
0.00274461
0.00276169
0.00282221
0.00277794
0.00149135
0.00277237
0.00284988
0.00227165
0.00294355
0.00281172
0.00288285
0.00287551
0.00248981
0.00292411
0.00301072
0.00273854
0.00253991
0.00255492
0.00288696
0.00295041
0.00264395
0.00257484
0.00258337
0.00292881
0.00280955
0.00260686
0.00260334
0.00260748
0.00274042
0.00266414
0.0028976
0.0027737
0.0026422
0.00264481
0.00269105
0.00266236
0.00267383
0.00279539
0.00266428
0.00282559
0.00268786
0.00283681
0.00285163
0.00282502
0.00273924
0.00278984
0.00283942
0.00284582
0.00272424
0.00270096
0.0027101
