0.017776
0.0163503
0.0231359
0.0219816
0.0211706
0.0238657
0.0232427
0.0219024
0.0231634
0.0225393
0.0235306
0.0237649
0.0237502
0.0235324
0.023645
0.0235502
0.0235038
0.0235149
0.0234701
0.0234768
0.0234543
0.0234596
0.0235719
0.0235395
0.0235716
0.0235039
0.0234925
0.0234985
0.023475
0.0235921
0.0235268
0.0235852
0.0234911
0.023584
0.0235531
0.0235164
0.0235799
0.023578
0.0235099
0.0235325
0.0235698
0.0235116
0.0235157
0.0235133
0.0235322
0.0235426
0.0235648
0.023555
0.0234978
0.0235645
0.0234992
0.0235023
0.0235086
0.0235535
0.0235115
0.0235572
0.0235572
0.0235123
0.0235567
0.0235497
0.0235205
0.0235481
0.0235533
0.0235495
0.0235113
0.023526
0.0235474
0.0235397
0.0235236
0.0235313
0.0235307
0.0222169
0.024973
0.0225898
0.0238748
0.0244938
0.0242934
0.024421
0.0228132
0.0242745
0.0241898
0.0238847
0.0242922
0.0240138
0.023868
0.0241496
0.0230049
0.0240496
0.0234439
0.0239808
0.0232562
0.0230766
0.0230813
0.0231156
0.0232126
0.0231434
0.0236728
0.0236802
0.0232323
0.0232155
0.0235268
0.0232735
0.0232436
0.0238383
0.023782
0.0232594
0.0234699
0.0233384
0.0233127
0.0236587
0.0236559
0.023653
0.0237668
0.0235172
0.0236522
0.0237395
0.0233301
0.023704
0.0234111
0.0233506
0.0237101
0.0236501
0.0234016
0.0236068
0.021487
0.0235305
0.0229943
0.0219422
0.0230736
0.0225768
0.0229577
0.022703
0.0242141
0.0233578
0.0227955
0.0239394
0.0234544
0.0235489
0.0235486
0.0231532
0.0229711
0.0235853
0.023022
0.0230688
0.0239407
0.0238096
0.0237793
0.0233906
0.0232627
0.0239014
0.0238307
0.0238821
0.0232708
0.0238516
0.023427
0.0238246
0.0233661
0.0234004
0.0232555
0.0233387
0.023481
0.0235626
0.0235612
0.0234628
0.0233078
0.0233562
0.023557
0.0235863
0.0233755
0.0233704
0.0236238
0.0235257
0.0235757
0.0221798
0.0235306
0.0233084
0.0225864
0.0233372
0.0229164
0.0232747
0.0230834
0.0239846
0.0234536
0.0231346
0.0237315
0.0234955
0.0235397
0.0235396
0.0233294
0.0231946
0.023559
0.0231903
0.0232203
0.0238159
0.0236913
0.0236767
0.0234503
0.0233736
0.0237753
0.0237149
0.0237618
0.0233733
0.0237465
0.0234683
0.0237346
0.0234288
0.02345
0.0233476
0.0234082
0.0234997
0.0235507
0.0235499
0.0234877
0.0233777
0.023417
0.0235475
0.0235665
0.0234284
0.0234235
0.0235919
0.0235274
0.0235601
0.0235303
0.0234341
0.0222128
0.0227709
0.0235396
0.0235937
0.0238016
0.0230634
0.0234182
0.0236334
0.0235183
0.0232052
0.0236738
0.0234266
0.0237408
0.0237092
0.0232206
0.0235046
0.0233073
0.0232651
0.0236647
0.0236487
0.0233027
0.023584
0.0233651
0.0233103
0.023553
0.0235754
0.0233527
0.0236786
0.0236783
0.0236684
0.0236428
0.0235718
0.0234032
0.0233948
0.0235284
0.0234057
0.0235671
0.023691
0.0235306
0.0235347
0.0239074
0.02359
0.0237072
0.0234262
0.0234126
0.0233625
0.0236249
0.0236254
0.0235776
0.0236995
0.0233955
0.023338
0.023625
0.0237154
0.0237116
0.0233641
0.0234013
0.0234042
0.0236553
0.0236304
0.0236302
0.0233938
0.02339
0.0236034
0.0234257
0.0234399
0.0236052
0.0235602
0.0236273
0.0236199
0.0235118
0.0235945
0.0235749
0.023616
0.023546
0.0234549
0.0236107
0.0235146
0.0235373
0.02353
0.0234569
0.0235971
0.0235037
0.023536
0.0235185
0.0233271
0.023508
0.0235168
0.0243276
0.023527
0.024118
0.0241792
0.0232635
0.0236507
0.0233759
0.023799
0.0240996
0.0227906
0.023463
0.0239041
0.0232211
0.0238406
0.0239061
0.0232943
0.0239308
0.02351
0.0235645
0.0231351
0.023786
0.0232483
0.0232057
0.0232344
0.0231687
0.0231944
0.0232062
0.023462
0.0233875
0.0237228
0.0234257
0.0232875
0.0232763
0.0237492
0.023408
0.0233139
0.0234158
0.0233087
0.0233971
0.0235113
0.0233849
0.0237097
0.0233857
0.0236329
0.0236731
0.0234633
0.0235362
0.0235435
0.0235392
0.0235243
0.023531
0.0235152
0.0234374
0.0234392
0.0236018
0.0234541
0.0235212
0.0235901
0.0235494
0.0235542
0.023606
0.0235954
0.0235585
0.0235901
0.0235494
0.0235766
0.0235835
0.0235359
0.0234796
0.0235315
0.0235294
0.0234777
0.0235722
0.0235046
0.0235789
0.023519
0.0235
0.0235619
0.0234894
0.0235358
0.0234936
0.0235657
0.0235586
0.0235574
0.0235156
0.0235196
0.0235603
0.0235023
0.0235239
0.0235465
0.0235421
0.0235051
0.0235607
0.0235374
0.0235369
0.023545
0.0235397
0.0235052
0.0235062
0.0235198
0.0235327
0.0235109
0.023536
0.0235476
0.023552
0.0225917
0.023334
0.0236092
0.0230689
0.0235179
0.0232189
0.0233174
0.023692
0.0232329
0.0233374
0.0234147
0.0234814
0.0233253
0.0235016
0.0234655
0.0234073
0.023601
0.0235306
0.0235306
0.023154
0.0232273
0.0234432
0.0223026
0.0221312
0.0224425
0.0232598
0.0227902
0.0227347
0.0226542
0.0234944
0.0227433
0.0240347
0.0239607
0.0228945
0.0234092
0.0228249
0.0230407
0.0230803
0.0234809
0.0234828
0.0231868
0.023141
0.0233029
0.0235956
0.0234676
0.0232038
0.0234953
0.0231951
0.0232092
0.0235952
0.0232326
0.0232438
0.0235067
0.0232826
0.0232805
0.0236238
0.0235306
0.0235652
0.0235245
0.0233106
0.0234962
0.0237136
0.0234102
0.0235302
0.0234477
0.0234858
0.0233945
0.0235774
0.023618
0.0234504
0.0235459
0.0235996
0.0236116
0.0234373
0.0236302
0.0235453
0.0235146
0.0236219
0.0235547
0.0234472
0.0236133
0.0235093
0.0235367
0.0235175
0.0235059
0.0234748
0.0235749
0.023581
0.0234807
0.0234696
0.0235653
0.0234815
0.0234748
0.0235165
0.0234763
0.0235437
0.0234793
0.0235757
0.0234826
0.0235362
0.0234885
0.0235436
0.0235302
0.0234952
0.023564
0.0235143
0.023567
0.0235016
0.0235029
0.0235249
0.0235645
0.0235357
0.0234976
0.0235306
0.0235287
0.0237395
0.0234493
0.0235542
0.0239238
0.0229995
0.0230715
0.0239575
0.0231388
0.0232676
0.0233962
0.0238075
0.0236924
0.0232
0.0235617
0.0235617
0.0237399
0.0237283
0.0237567
0.0236821
0.0236429
0.0234616
0.0233825
0.0234273
0.0233065
0.0233833
0.0236478
0.0234274
0.0236708
0.0235768
0.0234808
0.0235736
0.0235942
0.0235537
0.0235767
0.0235052
0.023394
0.0235912
0.023578
0.0234681
0.0234127
0.023542
0.0234726
0.0234216
0.0234283
0.0236157
0.0221191
0.0217125
0.0214586
0.0222882
0.02113
0.0225342
0.0221587
0.0216905
0.0222801
0.022555
0.0224349
0.0224832
0.0228098
0.0230771
0.023592
0.023767
0.0230124
0.0230498
0.0235306
0.0237852
0.0235261
0.0235271
0.0228619
0.0235208
0.0235783
0.0238409
0.0235002
0.0230208
0.0231531
0.0234819
0.0234086
0.0234831
0.0232058
0.0233652
0.0237902
0.0232421
0.0232368
0.0232778
0.023507
0.0235225
0.023273
0.0237419
0.0233023
0.0233842
0.0234874
0.0236361
0.0237049
0.0233466
0.0236977
0.02358
0.0235933
0.0234218
0.0233935
0.0234162
0.0233807
0.0235188
0.0235056
0.0234728
0.0236475
0.0234022
0.0235207
0.023429
0.0236256
0.0235063
0.0234255
0.0235306
0.0230356
0.0222875
0.0234325
0.0241174
0.0219413
0.0234545
0.0232348
0.022502
0.0226873
0.0226044
0.0226552
0.022792
0.023465
0.02289
0.0240461
0.0228867
0.0228649
0.0240128
0.023903
0.0233536
0.02378
0.0230851
0.0237344
0.0234426
0.0238695
0.0238457
0.0235519
0.023183
0.0237619
0.0231932
0.0234917
0.0232518
0.0232619
0.0232703
0.0232604
0.023487
0.0233401
0.0237295
0.0233324
0.0235306
0.0235305
0.0228631
0.0228958
0.0231762
0.0238017
0.0236087
0.0232902
0.0232686
0.0238281
0.023817
0.023602
0.0233718
0.0232845
0.0237542
0.0232696
0.0234944
0.0233501
0.0232983
0.0235682
0.0233177
0.0233614
0.0235135
0.0236578
0.0233526
0.0236978
0.0235075
0.0236734
0.0236249
0.0233802
0.0235328
0.0235182
0.0236077
0.0236322
0.02352
0.0234678
0.0234122
0.0235985
0.023421
0.0236207
0.0236247
0.0235008
0.0234283
0.0234544
0.0236071
0.0235408
0.0236018
0.0234563
0.0227446
0.0200608
0.0215719
0.0222725
0.0223238
0.0227537
0.0219095
0.0218147
0.0231093
0.022706
0.0238225
0.0223985
0.023559
0.0235586
0.0227607
0.0229899
0.0230842
0.0229723
0.0235306
0.0235466
0.0235306
0.0235321
0.023891
0.0235354
0.0235334
0.023796
0.0237864
0.0234471
0.0236824
0.023683
0.023717
0.0233896
0.0233864
0.0235593
0.0236338
0.0235698
0.023428
0.0233925
0.0236796
0.0236483
0.023668
0.0234885
0.0235576
0.0236161
0.0235186
0.0234292
0.0234211
0.0235724
0.0234211
0.0234267
0.0234437
0.0234409
0.0234335
0.0235098
0.0235069
0.0236262
0.0234434
0.0235928
0.023502
0.0235655
0.0235839
0.0234622
0.0236133
0.0236121
0.0236125
0.02358
0.0235317
0.0235926
0.023574
0.0234881
0.0235041
0.0235979
0.023548
0.0235818
0.0235405
0.0235145
0.0234756
0.0234768
0.0235434
0.0234781
0.023498
0.0235536
0.0235816
0.023582
0.0235493
0.0235277
0.0235791
0.0234361
0.0244031
0.0231736
0.0223937
0.0221375
0.0222225
0.0231149
0.0231606
0.0237541
0.0235399
0.0225671
0.0232463
0.0238676
0.023761
0.023546
0.0238195
0.0229294
0.0229869
0.0229996
0.0238068
0.0234619
0.023357
0.0231256
0.0232498
0.0232197
0.0231693
0.023539
0.0226383
0.0223396
0.0221106
0.0227305
0.021776
0.0228234
0.0225644
0.0221483
0.0225609
0.0227968
0.0226921
0.0227327
0.0229748
0.0231651
0.0235787
0.0237196
0.0231256
0.0231455
0.0212337
0.0198671
0.0240997
0.0246488
0.0223163
0.0202092
0.0235236
0.0208608
0.0211802
0.0241984
0.0218463
0.0220489
0.0233084
0.0228963
0.0233658
0.0224395
0.0225927
0.0227432
0.0237621
0.0235306
0.0238443
0.0240146
0.0237399
0.0238629
0.0238152
0.0233202
0.0237333
0.02378
0.0233206
0.0233407
0.0233621
0.0233511
0.0233753
0.0233799
0.0233904
0.0233906
0.0233958
0.0235438
0.0236958
0.0235435
0.023638
0.023397
0.0236167
0.0234143
0.0236676
0.0236223
0.0235685
0.0234222
0.0236593
0.023414
0.0234268
0.0236393
0.0236377
0.0234291
0.0236295
0.0236274
0.0234839
0.0236388
0.0235016
0.0234822
0.0234957
0.023623
0.0235272
0.0236193
0.0235974
0.0235533
0.0234566
0.0236159
0.023614
0.0234557
0.0236052
0.0234754
0.0235417
0.0236017
0.0235433
0.0234962
0.0235026
0.0234677
0.0235915
0.0235104
0.0235941
0.0235174
0.0235909
0.0235
0.0234759
0.0235292
0.0226171
0.0234215
0.0234752
0.0232191
0.0235859
0.0227504
0.0225149
0.022585
0.0231191
0.022593
0.0239139
0.0227833
0.0239281
0.0229602
0.0229424
0.0229365
0.023064
0.0235168
0.0231008
0.0231575
0.0231612
0.0236619
0.0232075
0.0232551
0.0237233
0.0232803
0.0224849
0.0233791
0.0236345
0.0234672
0.0231099
0.023197
0.023109
0.0231641
0.0235492
0.0235717
0.023432
0.0235912
0.0234809
0.0236498
0.0235602
0.0234782
0.0233425
0.0233877
0.0234358
0.0210565
0.0224001
0.0208226
0.0221305
0.023232
0.0236688
0.0223796
0.0236753
0.0227812
0.0228733
0.0230625
0.0230116
0.0230242
0.0234353
0.0232724
0.0231519
0.0232212
0.0235306
0.023462
0.023804
0.0229114
0.0229867
0.0239322
0.0230834
0.0231902
0.0231775
0.0235188
0.0235982
0.0234413
0.0234099
0.0232268
0.0236804
0.0233009
0.0233267
0.023289
0.0232924
0.023711
0.0233914
0.0233399
0.0236927
0.0236434
0.0233617
0.0234644
0.0233566
0.0236707
0.0234492
0.02346
0.0234574
0.0235595
0.0235358
0.0234384
0.0235351
0.0234526
0.0234199
0.0235306
0.0119916
0.0210967
0.0210329
0.0211001
0.0203564
0.0194517
0.0246977
0.0199718
0.0225338
0.0222632
0.0216667
0.0226074
0.0219985
0.0221558
0.0222547
0.0221806
0.0223674
0.0237619
0.0240015
0.0229631
0.0238691
0.0228962
0.0228464
0.0237968
0.023622
0.0234713
0.0237055
0.0139826
0.0198304
0.021795
0.020554
0.0222843
0.0220131
0.0217725
0.0241006
0.0221485
0.0237701
0.0224402
0.0233013
0.0239197
0.0234501
0.0230299
0.0238917
0.0228331
0.0230141
0.0237873
0.0235312
0.0242446
0.0235344
0.0238269
0.0233417
0.0234624
0.0236592
0.0235175
0.0233606
0.0237242
0.0234728
0.0233693
0.023507
0.0233985
0.0234284
0.0236683
0.0235141
0.0235398
0.0236359
0.023407
0.0234577
0.0235093
0.0234155
0.0236502
0.0236425
0.0234425
0.0235386
0.0235114
0.023504
0.0236097
0.0235231
0.0236299
0.0235785
0.0236202
0.0234529
0.023454
0.0235915
0.0236063
0.0236113
0.0234864
0.0235854
0.0235278
0.023495
0.0235201
0.0236037
0.0234894
0.0235997
0.0235453
0.0234728
0.0235145
0.0235854
0.0235085
0.0234768
0.0235707
0.0235428
0.0235076
0.0235382
0.0235233
0.023579
0.0235816
0.0235806
0.0235477
0.0234867
0.0235356
0.0234853
0.0235048
0.0235753
0.0235508
0.0235367
0.0205564
0.0213222
0.0216669
0.0218175
0.0224202
0.022546
0.0237616
0.0236338
0.0235306
0.0233186
0.023526
0.0224758
0.0234531
0.0234052
0.0227613
0.0228965
0.0230545
0.0229623
0.0235879
0.0230926
0.0230635
0.023134
0.0231389
0.023463
0.0237216
0.0234204
0.0231481
0.0236853
0.0237615
0.0235738
0.023264
0.0232595
0.0236141
0.0237129
0.0233128
0.0237014
0.023336
0.0236234
0.023338
0.0235465
0.023365
0.0236602
0.0235841
0.0236762
0.0236287
0.0234817
0.0233856
0.0234915
0.0235306
0.0237657
0.0229358
0.0233004
0.02384
0.0235649
0.023803
0.0231428
0.0238376
0.0233264
0.0235377
0.0232872
0.0233954
0.0233273
0.0236176
0.0233226
0.0234318
0.0236967
0.0233372
0.0235868
0.0236691
0.0235178
0.0235977
0.0236316
0.0233636
0.0234367
0.0235592
0.0236198
0.0234039
0.0234007
0.0235418
0.0235889
0.0236162
0.0234885
0.0234225
0.0235001
0.0234845
0.0234277
0.0234839
0.023539
0.0235989
0.0234363
0.0235291
0.0235694
0.023606
0.0234742
0.0235824
