0.0176683
0.0211991
0.0210114
0.0221506
0.0226634
0.0230722
0.0246628
0.0239641
0.0243762
0.024999
0.0249994
0.0250241
0.0250003
0.0250022
0.0250135
0.0250247
0.0250096
0.0250039
0.0250078
0.025008
0.0249994
0.025005
0.0250132
0.0249995
0.0249971
0.0250127
0.0250126
0.024993
0.0250094
0.0250021
0.0250012
0.0250067
0.0250109
0.0250076
0.0250054
0.0250049
0.0250098
0.0250098
0.025
0.025
0.024995
0.0249987
0.0250045
0.0250041
0.0250038
0.0250053
0.0250058
0.0250015
0.0250052
0.0249955
0.0250011
0.0250033
0.024996
0.0250053
0.025003
0.0250004
0.0250043
0.0250037
0.0250049
0.0249969
0.0250045
0.0249978
0.0250031
0.0250036
0.0250033
0.0250034
0.025001
0.024999
0.0256291
0.0250311
0.0250714
0.0252
0.0250806
0.0250872
0.0250653
0.0251749
0.0250467
0.025184
0.0251405
0.0249472
0.0251505
0.0251498
0.0251111
0.0251324
0.0249578
0.0250541
0.0249567
0.0250912
0.0250808
0.0250616
0.0250878
0.0249856
0.0249911
0.0250815
0.0250713
0.0249724
0.0250301
0.0249742
0.0249748
0.025056
0.0250573
0.0249696
0.0250448
0.0250476
0.0250477
0.025019
0.0249978
0.0250185
0.0250011
0.0250368
0.0250208
0.0249952
0.0249764
0.0249893
0.0250237
0.0250296
0.0249885
0.0250259
0.0250217
0.0250059
0.0249822
0.0250252
0.0250255
0.0232173
0.0249981
0.025044
0.0247561
0.0249457
0.0248026
0.0249382
0.0248254
0.0250499
0.0250604
0.0250389
0.0250168
0.0248872
0.025051
0.0249008
0.0249237
0.0250029
0.0249328
0.0249224
0.0250193
0.0250268
0.0250275
0.0249359
0.0250176
0.0250023
0.0249475
0.0250328
0.024944
0.0250121
0.0250276
0.0249973
0.024989
0.024957
0.0249703
0.0249754
0.0249644
0.0249648
0.0249695
0.0249815
0.0249681
0.0249767
0.0249877
0.0250018
0.0249778
0.0250049
0.0250145
0.024993
0.0238442
0.0249987
0.0250273
0.0248761
0.0249749
0.0248828
0.0249736
0.0249011
0.0250308
0.0250398
0.0250231
0.025009
0.0249407
0.0250336
0.0249473
0.0249504
0.0250012
0.0249638
0.0249575
0.0250115
0.0250167
0.0250174
0.0249609
0.0250106
0.025001
0.0249685
0.025022
0.0249646
0.0250073
0.0250184
0.024998
0.0249929
0.0249717
0.0249813
0.0249845
0.0249758
0.0249771
0.0249802
0.0249879
0.0249791
0.0249835
0.0249918
0.0250009
0.0249853
0.0250029
0.0250097
0.0249951
0.024999
0.0249984
0.0245607
0.0247756
0.024742
0.0247383
0.0248908
0.0248153
0.0248903
0.024937
0.0249893
0.024841
0.0249522
0.0249429
0.024873
0.0248643
0.024971
0.0249163
0.0249064
0.0248931
0.0249608
0.0248983
0.0249024
0.0249208
0.0249674
0.024926
0.0249942
0.0249502
0.0249651
0.0250087
0.0249951
0.0249699
0.0249396
0.0249812
0.0249448
0.0249574
0.024999
0.0249623
0.0249889
0.0249332
0.0249933
0.0249447
0.0249839
0.0249506
0.024992
0.0249599
0.0249778
0.0250025
0.0250108
0.0249865
0.025021
0.0249751
0.0249908
0.0249755
0.0250139
0.0249748
0.0250087
0.0249981
0.0249875
0.0249854
0.0250066
0.0249974
0.0249803
0.0249809
0.0249806
0.0250039
0.0250064
0.0250004
0.0249899
0.0249879
0.0249849
0.0250066
0.0250075
0.0249917
0.0250022
0.0249882
0.0250001
0.0249898
0.0250013
0.0249894
0.0249893
0.0250055
0.0249896
0.0250058
0.0250016
0.0249989
0.0244428
0.0248475
0.0247805
0.0247729
0.0248404
0.0248548
0.0248474
0.0249008
0.0249631
0.0249929
0.024833
0.0249026
0.0248175
0.0248576
0.0250282
0.0248443
0.024942
0.0248956
0.0248732
0.0249146
0.0248998
0.0249628
0.024885
0.0249471
0.0249925
0.0249368
0.0249123
0.0249101
0.0249155
0.0249238
0.0249257
0.0249428
0.0249788
0.0249521
0.0249576
0.024939
0.0249786
0.0249408
0.0250092
0.0249587
0.0249651
0.0249533
0.0249697
0.0249535
0.0249582
0.0249744
0.0249772
0.0249578
0.024999
0.0250023
0.0250041
0.0249998
0.0250255
0.0250078
0.0250148
0.0250028
0.0250171
0.0250003
0.025012
0.0250024
0.0249976
0.0250029
0.0250117
0.0249996
0.024998
0.0250051
0.0250035
0.025001
0.025008
0.0250036
0.0250065
0.0250082
0.0249951
0.0250083
0.0250055
0.0250023
0.0250066
0.0250056
0.0250048
0.0250016
0.0250038
0.0250054
0.0250002
0.0250049
0.025003
0.0250008
0.0250054
0.0250031
0.0249974
0.0250029
0.025001
0.025003
0.0250043
0.0249978
0.025004
0.025004
0.0250037
0.0249983
0.0249987
0.0250011
0.0249999
0.0250026
0.0250031
0.0250029
0.0249976
0.0201152
0.0243865
0.0245275
0.0247513
0.0246895
0.0247792
0.0248745
0.0247919
0.0248201
0.0249336
0.0249192
0.0249495
0.0248208
0.0248839
0.0248598
0.0249723
0.0249107
0.0249372
0.0249401
0.024999
0.0236936
0.0246692
0.023821
0.0243598
0.0245657
0.0244803
0.0244056
0.0248851
0.0244378
0.0245472
0.0249588
0.024501
0.024555
0.0248054
0.0245714
0.0245875
0.0249643
0.0249821
0.0246566
0.0248151
0.0249364
0.0249477
0.0247582
0.0249431
0.0250177
0.0248045
0.0249696
0.0249577
0.024876
0.0248644
0.0248683
0.0249604
0.0248545
0.0248631
0.0250115
0.0250045
0.024885
0.024999
0.0250162
0.0250048
0.0250249
0.0250107
0.0250039
0.0249851
0.0250027
0.0250219
0.025005
0.0250126
0.0249869
0.024994
0.0250137
0.0250139
0.0250116
0.0250098
0.0250035
0.0250022
0.0250115
0.024991
0.0250092
0.0250094
0.0250078
0.0249924
0.02501
0.0249946
0.0250056
0.0249974
0.024996
0.0249971
0.0250082
0.024992
0.0249937
0.0250052
0.0249961
0.0250066
0.0250056
0.0250043
0.0250062
0.0250031
0.0249992
0.0249997
0.0250021
0.025002
0.025005
0.0250049
0.0250048
0.0250014
0.0249972
0.0250005
0.0249948
0.0249961
0.0250023
0.0250031
0.0249955
0.0250036
0.0249347
0.024322
0.0249119
0.0248642
0.0249909
0.0249166
0.0249819
0.0249092
0.0248858
0.0249922
0.0248919
0.0248946
0.0249576
0.0250152
0.0250274
0.0248993
0.0248985
0.0250038
0.0249145
0.0249577
0.0249276
0.0249461
0.0249757
0.0249217
0.0250122
0.02497
0.0249603
0.0250137
0.0249522
0.0249469
0.024996
0.0249487
0.0249735
0.0249506
0.0249493
0.0249584
0.0249616
0.0249854
0.0249691
0.0250021
0.024983
0.0249666
0.0249888
0.0249725
0.0249666
0.0249827
0.0249656
0.0249708
0.0235957
0.0213199
0.023968
0.0231902
0.0235265
0.0244406
0.0235466
0.0244716
0.0245172
0.0247204
0.024546
0.0240244
0.0242154
0.0249296
0.0242741
0.0243548
0.0247478
0.0247973
0.0246017
0.0249952
0.0249961
0.024857
0.0248139
0.0249941
0.0248384
0.0249315
0.0249168
0.0249885
0.0249063
0.0248982
0.0249897
0.024906
0.0249627
0.0249996
0.0250047
0.0249767
0.0249157
0.0249623
0.0249276
0.0249397
0.0249299
0.024934
0.024952
0.0249741
0.024996
0.0249462
0.0249674
0.024954
0.0249511
0.0249582
0.0249603
0.0249745
0.0249639
0.024979
0.0249666
0.0249988
0.0250106
0.0250091
0.0250091
0.0249722
0.0249769
0.024975
0.0250097
0.0249953
0.0249752
0.0249768
0.0249816
0.0232026
0.0240467
0.0247702
0.0245893
0.0246757
0.0246523
0.0247828
0.0245208
0.0245492
0.0246903
0.0247434
0.0246207
0.0248387
0.0247768
0.0250458
0.0250029
0.0249117
0.0248373
0.024885
0.0248833
0.0250104
0.0250096
0.0249472
0.024862
0.0248829
0.0248761
0.0248957
0.0248824
0.0249553
0.0249041
0.0249023
0.024909
0.0249544
0.0250049
0.0249284
0.0249236
0.0249616
0.0249906
0.0249744
0.0250124
0.0250135
0.0249058
0.0250041
0.0249141
0.0250179
0.0249409
0.0249303
0.0249916
0.0249566
0.0249596
0.0249386
0.024944
0.0249393
0.0249754
0.0249783
0.0249492
0.0249814
0.0249644
0.0250025
0.0249689
0.0250131
0.0250102
0.0249587
0.0250022
0.0250076
0.0249834
0.0249675
0.0250065
0.0250115
0.0249758
0.0249741
0.0250081
0.0249937
0.0249768
0.0249751
0.0249755
0.0249763
0.0249991
0.0249861
0.02498
0.0250071
0.0250008
0.0249795
0.0249999
0.0211889
0.0214247
0.0229748
0.0246272
0.0231815
0.0236746
0.0237812
0.0236281
0.0243102
0.0245761
0.0239233
0.0241355
0.0241012
0.0244915
0.0243431
0.0249667
0.0244452
0.0249991
0.0250082
0.0250003
0.0250091
0.0250094
0.0250609
0.0250057
0.0250396
0.0250055
0.0250356
0.0250281
0.0250284
0.0250174
0.0250194
0.0250257
0.02502
0.0250224
0.0250332
0.0250368
0.0250306
0.0250138
0.0250367
0.0250365
0.0249967
0.0250216
0.0250318
0.0250013
0.0249884
0.0250261
0.0249904
0.0250272
0.0250079
0.0250115
0.0249982
0.0250099
0.0250122
0.0250193
0.0250217
0.0250212
0.0250218
0.0250167
0.0250061
0.0250165
0.0250099
0.0250195
0.0250149
0.0250115
0.0250138
0.0250164
0.025012
0.0249951
0.0249973
0.0250065
0.0250125
0.025004
0.0250139
0.0250131
0.0250136
0.0250109
0.0250055
0.0250094
0.0250111
0.0250088
0.0250122
0.0250095
0.0250109
0.0250074
0.0250066
0.0230982
0.0246473
0.0245005
0.02475
0.024007
0.024548
0.0240578
0.0246666
0.0242562
0.0248705
0.0243762
0.0246746
0.0248185
0.0244897
0.0245825
0.0250129
0.0248197
0.0246666
0.0249103
0.0248799
0.0249093
0.0249656
0.0247634
0.0247345
0.0247828
0.0238981
0.0223064
0.0241869
0.0238161
0.0239173
0.0245605
0.0239579
0.0245869
0.0246217
0.0247798
0.0246439
0.0242675
0.0244009
0.0249433
0.0244442
0.0245032
0.0247985
0.0248374
0.0246853
0.0210193
0.0217979
0.0201567
0.0220411
0.0249594
0.0240434
0.0245036
0.0240769
0.0248057
0.0246431
0.0243098
0.0237062
0.0239304
0.0239657
0.0247639
0.0249893
0.024644
0.0249991
0.0250002
0.0250911
0.0251554
0.0250252
0.0250575
0.0250118
0.0250411
0.0250224
0.025023
0.0250469
0.0250291
0.0250284
0.0250562
0.0250361
0.0250396
0.0250335
0.0250191
0.02499
0.0250429
0.0250371
0.0250283
0.0250244
0.0250379
0.0250313
0.0250182
0.0250346
0.0250044
0.0250319
0.0250284
0.0250152
0.025018
0.0250054
0.025021
0.0250109
0.0250153
0.0250253
0.0250245
0.0250059
0.0250128
0.0250151
0.0249942
0.0250217
0.0250227
0.0250179
0.0249994
0.0250208
0.0250092
0.0250162
0.0250142
0.0250188
0.0250031
0.0250159
0.0250086
0.0250095
0.0250146
0.02501
0.0249925
0.025015
0.0250087
0.0249953
0.0250107
0.0250118
0.0250061
0.0250025
0.0250095
0.0250127
0.0250121
0.0250036
0.024384
0.0244962
0.0248466
0.0247925
0.0246664
0.0241332
0.0244755
0.0241931
0.0248849
0.0248171
0.0249308
0.0247088
0.0246623
0.0246308
0.0245055
0.0245798
0.0250227
0.0249419
0.0250019
0.0246994
0.0247723
0.0247376
0.0248679
0.024791
0.0247806
0.0247922
0.0249468
0.0248288
0.02468
0.0245734
0.0246729
0.024919
0.0248042
0.0249749
0.0248996
0.0247226
0.0248104
0.0248364
0.0249018
0.0248752
0.0248171
0.0249297
0.0248364
0.0248576
0.0248851
0.0249304
0.0249009
0.0243276
0.0246748
0.0248466
0.0245778
0.0244409
0.0240553
0.0248477
0.0246599
0.0242457
0.0249043
0.0245339
0.0244511
0.0246713
0.0248885
0.0250006
0.0246755
0.024917
0.0249468
0.0248116
0.0249988
0.0249964
0.0249531
0.024924
0.024859
0.0247597
0.0249608
0.0249784
0.0248511
0.0249101
0.0248781
0.0248454
0.0249111
0.0248537
0.0248521
0.0249159
0.0249159
0.0249473
0.0249558
0.024909
0.0249061
0.0249479
0.0249392
0.0249196
0.0249495
0.0249751
0.0249256
0.0250079
0.0249455
0.0249925
0.024956
0.024944
0.0249553
0.0249506
0.0250009
0.0249913
0.0207409
0.0199218
0.0207329
0.023428
0.0216776
0.024026
0.0238165
0.0246965
0.0241945
0.0247433
0.0230895
0.024966
0.0234624
0.0237651
0.0249789
0.0249809
0.0245264
0.0245547
0.0247316
0.024408
0.0245104
0.0246263
0.0247508
0.0249005
0.0213143
0.0213392
0.022403
0.0231841
0.0231749
0.0235013
0.0237945
0.0240169
0.024623
0.0245661
0.0237998
0.0240669
0.0246883
0.0242251
0.0245318
0.024424
0.0243881
0.0247982
0.0244975
0.0251331
0.0250659
0.0250933
0.0250853
0.0250077
0.0250576
0.0249931
0.0250225
0.0250202
0.0250488
0.0250409
0.0250233
0.025024
0.0250247
0.0250012
0.0250355
0.0250166
0.0250349
0.0250228
0.0250333
0.0250231
0.0250303
0.0250283
0.0250184
0.0250127
0.0249903
0.0250224
0.0250097
0.0250212
0.0250231
0.0250106
0.0250232
0.0250154
0.0250174
0.0250224
0.0249982
0.0250199
0.0250087
0.024997
0.0250154
0.0249918
0.0249941
0.0250172
0.0250168
0.0249977
0.0250145
0.0250116
0.0250142
0.025012
0.0250016
0.0250042
0.0250151
0.0250106
0.0249944
0.0250018
0.0249998
0.0250114
0.0250044
0.0250036
0.0250102
0.0250113
0.0250067
0.0250107
0.0250024
0.0250082
0.0250046
0.0250076
0.0250089
0.02501
0.0208456
0.0235795
0.0245522
0.0247394
0.0242734
0.023899
0.024594
0.0245061
0.0248469
0.0240751
0.0245938
0.0247053
0.0249604
0.0248051
0.0247963
0.0248273
0.0249094
0.0247922
0.0247984
0.0249735
0.0248339
0.024939
0.0249322
0.0248645
0.0248916
0.0248719
0.0249503
0.0249068
0.0248647
0.0248977
0.0248982
0.0249661
0.0249519
0.024951
0.0249716
0.0249361
0.0249313
0.0249263
0.0249456
0.0249392
0.0249475
0.0249431
0.024973
0.0249675
0.0249412
0.0247133
0.0249229
0.0248622
0.024855
0.0248897
0.024893
0.0249528
0.0249466
0.0249229
0.0249301
0.0249585
0.0249868
0.0250004
0.0249676
0.0250123
0.0249573
0.0250151
0.0249945
0.0250093
0.0249891
0.0249423
0.0249527
0.0249464
0.0249674
0.0249692
0.0250147
0.0249696
0.0250076
0.0249625
0.0249928
0.024963
0.0249627
0.0249722
0.0250028
0.0249728
0.024969
0.0249732
0.0249712
0.0249998
0.0249911
0.0250021
0.0249736
0.0249825
0.0249864
0.0249796
0.0249846
0.0249789
0.024977
0.0249896
