0.013457
0.0366134
0.0370101
0.0365926
0.0365576
0.0365586
0.0359863
0.0369863
0.0365941
0.0366835
0.0359083
0.0363528
0.0364225
0.0365989
0.0359717
0.0361369
0.0365248
0.0367036
0.0362871
0.0366766
0.0369048
0.0367582
0.0362347
0.0363479
0.0367164
0.036839
0.0368345
0.0364033
0.0367111
0.0367229
0.036562
0.0366259
0.0363424
0.036478
0.0363672
0.0364291
0.0365033
0.0366126
0.0366879
0.0367194
0.0367165
0.0365916
0.0364196
0.0364806
0.0366738
0.0364441
0.0366476
0.0364831
0.0364571
0.0366741
0.0364448
0.0364462
0.036825
0.0363467
0.0361092
0.0367587
0.036397
0.0368544
0.036406
0.0367382
0.0365998
0.0365116
0.0365751
0.0365507
0.0365384
0.0365154
0.0365985
0.0365127
0.0365847
0.0365542
0.036543
0.0365458
0.0365661
0.0365486
0.0365471
0.0365747
0.0365592
0.0365686
0.0365577
0.0365716
0.0365732
0.0365601
0.0365577
0.0365683
0.036562
0.0365624
0.0365554
0.0365607
0.0365659
0.0365687
0.0365587
0.0365512
0.0365546
0.0375111
0.0362363
0.036031
0.0362771
0.0363183
0.036699
0.0361416
0.0362796
0.036559
0.0365448
0.0365818
0.0364565
0.0365711
0.0365746
0.0365616
0.0365658
0.0365888
0.0365618
0.036553
0.036541
0.0365766
0.0365444
0.0365746
0.0365827
0.0365747
0.0365782
0.0365776
0.0365456
0.0365694
0.0365776
0.0365624
0.0365712
0.0365465
0.0365686
0.0365726
0.0365699
0.0365677
0.0365537
0.0365721
0.0365681
0.0365497
0.0365718
0.0375099
0.0359785
0.0360446
0.0362794
0.0361007
0.0365407
0.0362329
0.0363424
0.0364012
0.036389
0.0364352
0.0365323
0.0364304
0.036437
0.0364262
0.0364268
0.0364739
0.0365383
0.0365496
0.0366183
0.0365079
0.0366322
0.0365097
0.0364869
0.0365076
0.0364989
0.0365005
0.0366231
0.036522
0.0365011
0.0365441
0.0365175
0.0366155
0.0365262
0.0365148
0.0365229
0.03653
0.0365826
0.0365176
0.0365294
0.0365989
0.0365184
0.0360131
0.0342418
0.0352749
0.0356993
0.0357839
0.0362926
0.0361162
0.0366094
0.0363221
0.0367682
0.0363847
0.0367769
0.0366741
0.0363804
0.0364051
0.0364962
0.0366625
0.0363807
0.0364559
0.0366176
0.0366764
0.0366509
0.0364305
0.0364368
0.0366537
0.0364504
0.0364614
0.0383971
0.0356268
0.0360023
0.0357124
0.0358219
0.0367516
0.0358614
0.036567
0.0360861
0.0366276
0.0361672
0.0362019
0.0365757
0.036446
0.0366861
0.0365675
0.0362861
0.036768
0.0366246
0.0367739
0.0363757
0.0364942
0.0363468
0.0363828
0.0367145
0.0366198
0.0366115
0.0363959
0.0364127
0.0364306
0.0364009
0.0364458
0.0364354
0.0366604
0.0366665
0.0364657
0.0364518
0.0364755
0.0366583
0.0366598
0.0366437
0.0365333
0.036255
0.0354089
0.0362835
0.0367931
0.0359125
0.036235
0.0366687
0.0364587
0.0366127
0.0365542
0.0365607
0.0365064
0.0365094
0.0366023
0.0365572
0.0365573
0.0365385
0.0365272
0.0365721
0.0365477
0.0365579
0.0365338
0.0365334
0.0365831
0.0365499
0.0365385
0.0365612
0.0365435
0.0365442
0.0365787
0.0365789
0.0365408
0.0365595
0.0365524
0.0365429
0.0366257
0.0374843
0.0362229
0.0370918
0.0368014
0.0357959
0.0368291
0.0359519
0.0367432
0.0361782
0.0369483
0.0363755
0.0365253
0.0361934
0.036468
0.0368581
0.0364408
0.0368672
0.0368455
0.0367528
0.0365147
0.0364512
0.0363168
0.0363917
0.0364006
0.0365104
0.0363594
0.0363846
0.0363419
0.0363453
0.0366178
0.0364758
0.0366364
0.0364937
0.0364368
0.0364145
0.0364019
0.0366323
0.0364887
0.0366811
0.0365298
0.0365061
0.036551
0.0366797
0.0364424
0.0366748
0.0412486
0.0362055
0.0365325
0.0358883
0.0361619
0.0352012
0.0353977
0.0355723
0.0359251
0.0370883
0.0369148
0.0369943
0.0365388
0.036075
0.0360556
0.0365528
0.0364544
0.0360679
0.0361192
0.0361517
0.0362024
0.0385388
0.0381944
0.0368744
0.0375836
0.0359553
0.0361979
0.0363414
0.0364074
0.0365495
0.0364923
0.0365478
0.0365332
0.0365229
0.0365995
0.0365284
0.0365278
0.0365299
0.0365289
0.0365797
0.0365321
0.0365845
0.0365819
0.0365784
0.0365373
0.036548
0.0365386
0.0373206
0.0371082
0.0355438
0.0363377
0.0372412
0.0370015
0.0366386
0.0359674
0.036521
0.0363469
0.0365181
0.0367339
0.0364942
0.0367376
0.0362561
0.0367608
0.0362592
0.0363253
0.03638
0.0363292
0.0363894
0.0363157
0.0363334
0.0363456
0.0363605
0.0363582
0.036752
0.0365529
0.0367432
0.0367261
0.036418
0.0363816
0.0367194
0.0365219
0.0366346
0.0366923
0.0366374
0.0365134
0.0365345
0.0366175
0.036466
0.0333143
0.0373212
0.0360164
0.0368106
0.0366387
0.0366154
0.0363783
0.036348
0.0364665
0.0365295
0.0364011
0.0364503
0.0365004
0.036549
0.0363332
0.0363621
0.0364978
0.0363804
0.0364053
0.0364043
0.036657
0.0365178
0.036413
0.0366255
0.0366579
0.0365822
0.0364442
0.0365477
0.0364787
0.0364566
0.0365647
0.0366179
0.0364632
0.0365126
0.0333119
0.0316465
0.0354375
0.0358762
0.0364606
0.0364111
0.0364029
0.0364828
0.0364628
0.0364652
0.0364521
0.0365875
0.0364828
0.0362479
0.0353975
0.036579
0.0367556
0.0355497
0.0363403
0.0369092
0.0361695
0.036527
0.0365184
0.0365134
0.036253
0.0366314
0.0367867
0.0364708
0.0366487
0.0363662
0.0363402
0.0366696
0.0364823
0.0365684
0.0363791
0.0363864
0.0367005
0.0364993
0.0364198
0.0365742
0.0364519
0.0364572
0.0366727
0.0366731
0.036436
0.0365609
0.0365131
0.0364526
0.0346538
0.0377475
0.0362685
0.0357693
0.0368749
0.0361069
0.0363414
0.0364229
0.0366967
0.0366695
0.036584
0.0364494
0.0365722
0.0365046
0.0366033
0.0365499
0.0365985
0.0365713
0.0365897
0.0365963
0.0365435
0.0365598
0.0365921
0.0365749
0.0365841
0.0365843
0.0365827
0.0365722
0.0365418
0.0365746
0.0365723
0.0365694
0.0365766
0.036578
0.0342017
0.0346477
0.0357996
0.0360699
0.036412
0.0369546
0.036885
0.0368647
0.0364752
0.0362909
0.0368236
0.0367017
0.036549
0.0367117
0.0367438
0.0367107
0.0364131
0.0364158
0.0364038
0.0366749
0.0364155
0.0364636
0.0364322
0.0364416
0.0364492
0.0364481
0.0365895
0.0364862
0.0366403
0.0365687
0.0366402
0.0258769
0.0273599
0.0347767
0.0361474
0.0360579
0.0361692
0.0361232
0.0365425
0.0361683
0.0361782
0.0362881
0.0363808
0.0363497
0.0374067
0.0367712
0.0361822
0.0365093
0.0364734
0.0371518
0.0360119
0.0366259
0.0361965
0.0368479
0.0368626
0.0368954
0.0363841
0.0368507
0.0364926
0.0366865
0.036815
0.0367464
0.0366608
0.0363921
0.0366984
0.0367318
0.0364811
0.0363922
0.0365468
0.0364424
0.0364538
0.0365719
0.036449
0.0366319
0.0364337
0.0364672
0.0365316
0.036462
0.0365002
0.0366696
0.0365107
0.0364664
0.0364865
0.0364786
0.0366306
0.0366499
0.0364737
0.0364835
0.0366109
0.0366413
0.0369185
0.0300754
0.0338199
0.036626
0.0363953
0.0364645
0.0362916
0.0363969
0.0363984
0.036406
0.0363664
0.0364197
0.0366922
0.036403
0.0364015
0.0364869
0.0364242
0.036438
0.0364402
0.0364467
0.0334304
0.0315262
0.0350861
0.0355217
0.0362105
0.0361693
0.0361669
0.0364131
0.0363408
0.0363469
0.0363226
0.036622
0.0363903
0.0317713
0.0356734
0.0374012
0.0369019
0.036763
0.0364764
0.0368077
0.0366411
0.0365959
0.0366914
0.0365568
0.0366678
0.0359786
0.0366651
0.0354763
0.0358777
0.0372749
0.0362784
0.036686
0.0366788
0.0363391
0.0365169
0.036552
0.0362463
0.0363153
0.0364242
0.0365077
0.0366082
0.0368199
0.0364424
0.0366189
0.036572
0.0363767
0.0364432
0.0366984
0.0363895
0.036731
0.0364792
0.0365855
0.0364788
0.0364274
0.0366589
0.0364158
0.0366031
0.0365608
0.036426
0.0365558
0.0365845
0.0366577
0.0366664
0.0364979
0.0366291
0.0364702
0.0364762
0.036595
0.0364674
0.0365506
0.0365381
0.0364814
0.036619
0.0326186
0.0341676
0.0347582
0.0362383
0.0362951
0.0363669
0.0364463
0.0364476
0.0365698
0.0365068
0.0365021
0.0364991
0.0365435
0.0365034
0.0365063
0.0365099
0.03651
0.0365577
0.0365732
0.0365289
0.0403651
0.02927
0.035534
0.0363568
0.0356903
0.0354664
0.036451
0.036972
0.0357111
0.0360756
0.0364385
0.0360566
0.0363582
0.0359456
0.0359519
0.0362552
0.0362466
0.0361141
0.0399716
0.0386661
0.035383
0.0360612
0.0368244
0.0364255
0.0362098
0.0363629
0.0363114
0.0366623
0.0363589
0.0364774
0.0364987
0.0357589
0.0364412
0.0359295
0.0364966
0.0363818
0.0364953
0.0363271
0.0362589
0.0362755
0.0365701
0.0364864
0.0363584
0.036448
0.0366269
0.0366161
0.0365538
0.0366656
0.0364774
0.0366527
0.0366616
0.0366774
0.0365872
0.0364517
0.0364842
0.0364455
0.0358026
0.0371726
0.0349125
0.0363497
0.036646
0.036596
0.0366804
0.0365676
0.0367307
0.0364675
0.0364815
0.0364938
0.0366553
0.0366429
0.0366176
0.0365805
0.0365174
0.0366074
0.0366021
0.0240805
0.0348775
0.0369857
0.0359171
0.0362771
0.0365576
0.0363621
0.0364472
0.0363783
0.03637
0.036425
0.0366181
0.0364318
0.0374125
0.0356235
0.0362675
0.0362147
0.0365536
0.0361345
0.0366974
0.036494
0.0370273
0.0366005
0.0365578
0.0361135
0.0361802
0.0366802
0.0365279
0.0364184
0.0365916
0.036731
0.036426
0.0365858
0.0363606
0.036391
0.0364936
0.036607
0.0363769
0.0367012
0.0364346
0.0364057
0.036397
0.0367129
0.0366896
0.0366502
0.0364991
0.036564
0.0366722
0.036564
0.0365222
0.0364907
0.0365283
0.036446
0.03646
0.0364646
0.0366205
0.0364711
0.0364657
0.0365858
0.0366467
0.0366484
0.0366338
0.0466748
0.0351151
0.0358178
0.036055
0.0357994
0.0360875
0.036415
0.0379339
0.0344527
0.0352025
0.0359147
0.0357851
0.0362722
0.0365797
0.0364025
0.0366081
0.0362359
0.0364694
0.0363767
0.0364619
0.0367339
0.0363525
0.0363975
0.0365342
0.036405
0.0366479
0.0366346
0.0365696
0.0364454
0.036498
0.0365498
0.0366255
0.0365567
0.0364641
0.0341414
0.0373413
0.0366934
0.0359924
0.0367591
0.0359815
0.0362843
0.0358804
0.0365526
0.0365424
0.0364652
0.0361946
0.0362176
0.0365452
0.0363511
0.0364856
0.0363183
0.0363002
0.0363238
0.0363986
0.0363468
0.0363653
0.036649
0.0365101
0.0366656
0.0366059
0.0364031
0.0364522
0.036521
0.0364338
0.0364321
0.0366176
