0.0181703
0.02191
0.022117
0.0221488
0.0221034
0.022119
0.0245994
0.0253641
0.0217773
0.0255668
0.0219825
0.0233066
0.0221898
0.0221547
0.0210574
0.0224401
0.0212004
0.0221593
0.0223644
0.0224235
0.0218365
0.0215866
0.0221717
0.0215968
0.0216748
0.0216144
0.0219533
0.0219395
0.0221254
0.021812
0.0223655
0.0224663
0.0217452
0.0222291
0.0218019
0.0219463
0.0222303
0.0220268
0.0224346
0.0224485
0.0218269
0.0220161
0.0220544
0.0223268
0.022337
0.0223804
0.0223809
0.0219053
0.0218843
0.0221491
0.022252
0.0221672
0.0223546
0.0220722
0.0240218
0.0257189
0.0231772
0.0226235
0.0213753
0.0226584
0.022576
0.0219089
0.0224694
0.0223073
0.0221479
0.0221735
0.0221884
0.0221052
0.0221467
0.0220909
0.0221025
0.0221435
0.0220905
0.0221496
0.0221467
0.0221499
0.0220991
0.0220993
0.0221467
0.0221456
0.0221439
0.0221108
0.0221128
0.0221235
0.0221252
0.0221057
0.0221266
0.0221343
0.0221239
0.0221252
0.0221301
0.0221401
0.022114
0.0221213
0.0221078
0.0200154
0.0244963
0.0211873
0.0206018
0.0216471
0.0219524
0.0223996
0.0217871
0.0223802
0.0219652
0.022209
0.0221141
0.0222002
0.0221312
0.0220776
0.0221307
0.022162
0.0220796
0.0221022
0.0220945
0.0221209
0.0221248
0.0221478
0.0221278
0.0221498
0.0221492
0.0220931
0.0220899
0.0221425
0.0221389
0.0221446
0.0220956
0.0221484
0.0221036
0.0221011
0.0221273
0.0221246
0.0221043
0.0221277
0.0221362
0.0200154
0.0244963
0.0215632
0.0202731
0.0217628
0.0219846
0.0227058
0.0219754
0.022236
0.021698
0.0220681
0.0218809
0.0220967
0.0221518
0.022255
0.0221505
0.0220713
0.0222618
0.0221952
0.0222179
0.022163
0.0221486
0.0220547
0.0221365
0.0220168
0.0220226
0.0222283
0.0222351
0.0220585
0.0220752
0.0220446
0.0222196
0.0220262
0.0221981
0.0222045
0.0221155
0.0221258
0.0221941
0.022113
0.0220791
0.0281899
0.0116425
0.0185529
0.0203884
0.0221832
0.0212347
0.0213697
0.0218546
0.0221789
0.0215173
0.0215259
0.0225141
0.02178
0.0217518
0.0218453
0.022191
0.0221874
0.0223178
0.0218285
0.022178
0.022074
0.0219668
0.0222709
0.0222385
0.0219209
0.0223018
0.0219643
0.0222639
0.020174
0.018961
0.0224199
0.0197799
0.0233968
0.0224906
0.0221491
0.0220136
0.0222408
0.0225496
0.0222728
0.0228158
0.0215763
0.0222299
0.0226159
0.0223067
0.0223211
0.0225663
0.0224514
0.0217574
0.0217361
0.0222011
0.0218176
0.0217843
0.022427
0.0223201
0.0223331
0.0219803
0.022309
0.022051
0.0218644
0.0219645
0.0219215
0.0218634
0.0221109
0.0219009
0.0221697
0.0219989
0.02193
0.0220017
0.0221896
0.0256824
0.00946857
0.0238502
0.0233771
0.0202164
0.0225143
0.0222112
0.0220535
0.0221848
0.0221142
0.0219234
0.0220864
0.0221414
0.0219836
0.0220285
0.0221323
0.0220612
0.0221325
0.0221646
0.0221452
0.0220878
0.0221167
0.0220694
0.022125
0.0221466
0.0221625
0.022114
0.0221594
0.0221596
0.0221181
0.0221328
0.0220948
0.0221362
0.0221086
0.0220961
0.0267617
0.0235979
0.0183015
0.021282
0.0224352
0.0205228
0.0221913
0.0223703
0.0221612
0.0222271
0.0221427
0.0222301
0.021312
0.0225286
0.0223196
0.0222779
0.0226666
0.0226075
0.0227192
0.0223607
0.0226448
0.0216292
0.0226213
0.0216589
0.0221028
0.0218253
0.022486
0.022325
0.0224093
0.0224962
0.0217555
0.0220909
0.0219109
0.02218
0.0217839
0.021945
0.022249
0.0220361
0.022228
0.0221214
0.0218554
0.0218619
0.0218707
0.0220812
0.0223766
0.0223718
0.0223651
0.022158
0.016947
0.0180748
0.010207
0.019527
0.0200777
0.0204477
0.0208354
0.0219352
0.0229819
0.0207913
0.0229661
0.0213064
0.0218705
0.0227402
0.0213859
0.0226694
0.0226457
0.0217042
0.02217
0.0215373
0.0229404
0.0256305
0.0239139
0.0222374
0.0218092
0.0220622
0.0222331
0.0221051
0.0219689
0.0221372
0.0220246
0.0221794
0.0221374
0.0221675
0.0220501
0.0220707
0.0221114
0.0221331
0.0220699
0.022111
0.0221055
0.0220791
0.0220921
0.0220839
0.0221567
0.0221237
0.0210669
0.0239657
0.0229302
0.0216953
0.0221841
0.0222779
0.022204
0.0225199
0.0220049
0.0222258
0.0222395
0.0222
0.0226276
0.022057
0.0225424
0.0226554
0.0225207
0.0215892
0.0216562
0.0225932
0.0221995
0.0219112
0.0224974
0.022409
0.0218701
0.0224483
0.0224683
0.0217869
0.0224337
0.0224383
0.0221311
0.0219139
0.0223292
0.0218595
0.0219458
0.0223466
0.0222793
0.0222389
0.0221747
0.0183872
0.0240353
0.023504
0.0232483
0.0218766
0.0211445
0.0213867
0.0221659
0.0226618
0.0220395
0.0223385
0.0222814
0.0216595
0.0224741
0.0223848
0.0220928
0.0219667
0.0219381
0.0222216
0.0218355
0.0218495
0.0220791
0.022187
0.0220924
0.0222665
0.0222577
0.0219222
0.0223141
0.0222997
0.0221603
0.021976
0.022264
0.0246087
0.0235795
0.0214301
0.0214106
0.022163
0.0220106
0.0219347
0.0218878
0.0219146
0.0222375
0.0219568
0.0219825
0.0221919
0.010144
0.0254392
0.02059
0.0236355
0.0228687
0.0219532
0.0220574
0.0213407
0.0215511
0.0225828
0.0215004
0.0223088
0.0219424
0.0221206
0.0217104
0.0222041
0.022167
0.0220378
0.0223732
0.0224334
0.0218264
0.0219626
0.0218406
0.0221247
0.0218757
0.0221712
0.0223516
0.0223122
0.0221031
0.0221745
0.0221441
0.0223158
0.0221933
0.0231242
0.0191983
0.0236874
0.0224852
0.0207386
0.0217829
0.0226344
0.0222288
0.0221616
0.0223712
0.0220842
0.022066
0.0220597
0.022115
0.022133
0.022152
0.0221079
0.0221277
0.0221013
0.022169
0.0221653
0.0220861
0.0220756
0.0221125
0.0221622
0.0220958
0.0221597
0.0221193
0.0220894
0.0221415
0.0221357
0.022146
0.0220947
0.022099
0.0223639
0.0217817
0.0237287
0.0229779
0.0220908
0.0216475
0.0223408
0.021395
0.0217635
0.022185
0.02158
0.0219981
0.0221284
0.0219216
0.0218893
0.0217693
0.0224389
0.0222166
0.0218665
0.0218292
0.0218411
0.022015
0.0218768
0.021989
0.0222525
0.0223267
0.0219273
0.0219383
0.0219322
0.0222615
0.0219559
0.0219456
0.0222566
0.0221863
0.0338519
0.0305371
0.0220183
0.0233087
0.0221518
0.0210765
0.0214979
0.0213947
0.0215291
0.0219595
0.0220236
0.0217049
0.0223208
0.0244347
0.0221871
0.0219828
0.0241237
0.0227987
0.0234284
0.022191
0.0221018
0.0228564
0.0221489
0.0224585
0.0226154
0.0219932
0.0220963
0.0224385
0.0219343
0.0216719
0.0224202
0.022101
0.0217868
0.0224605
0.0217726
0.0218439
0.0220372
0.0221991
0.0219486
0.0223742
0.022228
0.0222633
0.0221879
0.0222286
0.022026
0.0219407
0.0219676
0.0219076
0.0222825
0.0223426
0.0220938
0.0219894
0.0220756
0.0219802
0.021952
0.0220982
0.0223085
0.0221316
0.0219784
0.0221069
0.022282
0.0268976
0.0230835
0.0212469
0.0219524
0.0221734
0.0222322
0.0216042
0.0222598
0.0223568
0.0217874
0.0218388
0.0218237
0.022183
0.0223102
0.0222939
0.0220134
0.0219273
0.0221112
0.0222321
0.0246093
0.0234645
0.0215963
0.0209965
0.0221941
0.0218258
0.021698
0.0216386
0.0216851
0.0223702
0.0217679
0.021826
0.0222689
0.0159169
0.0230007
0.0211554
0.02271
0.0219575
0.0222649
0.0219016
0.0222898
0.0222872
0.0222719
0.0220591
0.0221929
0.0222292
0.0203122
0.0178045
0.0177434
0.0213972
0.021199
0.0228012
0.0220866
0.022121
0.02213
0.0218976
0.0222701
0.0215783
0.0222749
0.0221428
0.021917
0.0225816
0.0225589
0.0224999
0.0220172
0.0224797
0.022473
0.0218022
0.0220951
0.021877
0.0219439
0.0218223
0.0224017
0.0219963
0.0218772
0.022268
0.0220895
0.0220374
0.02195
0.022119
0.0222575
0.0223389
0.0221938
0.0222619
0.0219319
0.0220115
0.0219544
0.0220704
0.0222389
0.02201
0.0222519
0.0219521
0.022292
0.0253272
0.0205285
0.0230882
0.022177
0.0220495
0.0221602
0.0221694
0.0222129
0.0221916
0.0221252
0.0221679
0.0222084
0.0221362
0.0221345
0.0220888
0.0221951
0.0220731
0.0220967
0.0221382
0.02205
0.00979865
0.0213444
0.0197127
0.0221498
0.0224133
0.0206006
0.0221719
0.0208021
0.0210029
0.0227069
0.0229976
0.0228095
0.0222213
0.021321
0.0226759
0.0214413
0.0223256
0.0171148
0.0227073
0.0210836
0.0215844
0.022488
0.0217189
0.0222207
0.0217548
0.0218279
0.0223397
0.0218396
0.022056
0.0161819
0.0205296
0.016785
0.0234684
0.0230546
0.0211704
0.0218581
0.0217792
0.0220569
0.0224557
0.0223554
0.0225027
0.0220121
0.022011
0.0221003
0.022158
0.0217836
0.0221346
0.0222814
0.0220984
0.0219169
0.0223382
0.0220735
0.0221902
0.0219124
0.0221836
0.0219347
0.017748
0.0213363
0.0234558
0.0227683
0.021874
0.021939
0.022259
0.0222998
0.0222944
0.0222595
0.0222917
0.022288
0.0221884
0.0219969
0.022204
0.0221139
0.022187
0.0222053
0.0221045
0.0181291
0.0150381
0.023817
0.0201464
0.0219483
0.0221636
0.0217719
0.0219639
0.021851
0.0221956
0.0220737
0.0222648
0.0219401
0.0197588
0.0235168
0.022676
0.0234558
0.0211665
0.021508
0.0208307
0.022295
0.0222127
0.0222072
0.0226203
0.0221454
0.0222325
0.022175
0.021973
0.0221654
0.0220807
0.0221437
0.0219022
0.0218732
0.0225516
0.0224479
0.0219761
0.0223769
0.0222422
0.0218063
0.0221887
0.0221554
0.0224139
0.0219148
0.0223956
0.0223288
0.022374
0.0218861
0.0219239
0.022184
0.0221481
0.0219279
0.022213
0.0222893
0.0220922
0.022291
0.0222276
0.0223019
0.0223026
0.0222961
0.0219554
0.0138469
0.0222928
0.0218414
0.0212172
0.0225078
0.0221937
0.0248868
0.0176919
0.0243666
0.0239696
0.0222899
0.0220862
0.0224688
0.0225667
0.0225313
0.0223389
0.0216657
0.0219008
0.0217224
0.0224431
0.0224032
0.0223567
0.021844
0.0220194
0.0218833
0.0222369
0.0222605
0.0221226
0.0221126
0.0220852
0.0248473
0.0182533
0.0226131
0.0229162
0.0224829
0.0209864
0.0217064
0.0221682
0.0212652
0.0227
0.0221979
0.022138
0.0215313
0.0221516
0.0216129
0.0216442
0.0216665
0.021704
0.021939
0.0221387
0.0223058
0.0217779
0.0219588
0.0219831
0.021975
0.0221045
0.0222281
0.0218674
0.0222952
0.0223257
0.0223078
0.0219306
