0.0114953
0.0147909
0.0146274
0.013526
0.013772
0.0139727
0.0138627
0.0133077
0.0196797
0.0160516
0.00823553
0.0160202
0.0111915
0.0110936
0.0133591
0.0145738
0.0125656
0.0124128
0.0147927
0.0150542
0.0136643
0.0134643
0.0126244
0.0129275
0.0152805
0.0131897
0.0138155
0.0144482
0.0144398
0.0141368
0.0139613
0.0149133
0.0128975
0.0148552
0.0138447
0.0146281
0.0147754
0.014198
0.0142242
0.0146776
0.0139193
0.0141677
0.0132029
0.0132277
0.0137517
0.0145416
0.0141113
0.0145009
0.0144726
0.0144565
0.0139975
0.0139336
0.0133717
0.0143861
0.0162357
0.00911013
0.0174323
0.0162837
0.0167931
0.0133892
0.0132844
0.0137233
0.0133981
0.0137335
0.0141473
0.013783
0.0139239
0.013936
0.0139586
0.0138795
0.0138525
0.0138071
0.013818
0.0139722
0.013885
0.0139732
0.0138394
0.0139337
0.0139376
0.013912
0.0138573
0.0139502
0.0138575
0.013899
0.0138574
0.013903
0.013883
0.0138805
0.0138769
0.0139406
0.0139347
0.0138606
0.0138717
0.0139366
0.0180881
0.0167962
0.00886141
0.0114431
0.0140777
0.0145838
0.0131111
0.0135603
0.014184
0.0138368
0.0140965
0.0140633
0.0140201
0.013737
0.0138068
0.014003
0.0139365
0.0138781
0.0139862
0.013828
0.0139833
0.0139836
0.0138332
0.0138304
0.013854
0.0139842
0.0139849
0.0139746
0.0139307
0.0139685
0.0138389
0.0139181
0.0139127
0.0139577
0.0138624
0.0138777
0.0138764
0.0138915
0.0139387
0.0139471
0.0179703
0.0167744
0.00915976
0.0114658
0.0140486
0.0141644
0.0134954
0.0136263
0.0136593
0.0131839
0.013549
0.0137271
0.0137513
0.0139177
0.0142657
0.0134887
0.0137669
0.0138351
0.0136477
0.0139469
0.0136312
0.0136111
0.0140871
0.0141572
0.0139837
0.0136071
0.0136096
0.0136315
0.0137487
0.0136544
0.0141228
0.013798
0.0138168
0.0136846
0.0140159
0.0139523
0.013959
0.0139008
0.013739
0.0137162
0.0178039
0.0145933
0.0160466
0.0117747
0.0139842
0.0120453
0.0137961
0.0148731
0.0138956
0.0128303
0.0149253
0.0145246
0.0146598
0.0133027
0.013683
0.0134519
0.0131856
0.0139552
0.0138371
0.0135013
0.0144005
0.0134158
0.0137707
0.0143074
0.0134308
0.014287
0.0134943
0.0141699
0.0164145
0.00994256
0.0174402
0.0137467
0.0162993
0.0134208
0.0117604
0.0122826
0.0137916
0.0126664
0.0136005
0.012292
0.0126224
0.0138298
0.012978
0.0149426
0.0127196
0.014078
0.0144796
0.0143472
0.0128822
0.0139407
0.0147602
0.0145052
0.0143771
0.0140551
0.013316
0.0131094
0.0143676
0.0143832
0.0145361
0.0140928
0.0136356
0.0143292
0.014257
0.014049
0.0143673
0.0138083
0.0143193
0.0134245
0.0142273
0.0184736
0.00805275
0.0123799
0.0100759
0.0147406
0.0133422
0.0135787
0.0132303
0.0137037
0.0138167
0.0137964
0.0138941
0.0138975
0.0141456
0.0138583
0.0137341
0.0137658
0.0137477
0.0139007
0.0139187
0.0139629
0.0139907
0.0137811
0.013991
0.0138458
0.013829
0.0137979
0.0138167
0.0139942
0.0138154
0.013822
0.0139669
0.0138252
0.0139702
0.0168171
0.0140672
0.0126874
0.0112811
0.00826549
0.0161985
0.012806
0.0139819
0.0148375
0.0138631
0.0137908
0.0157323
0.014247
0.0126758
0.0154156
0.0126348
0.0147945
0.0147748
0.0144798
0.0129555
0.0127082
0.0150011
0.0127931
0.0149286
0.0128922
0.0137728
0.0129355
0.0129453
0.0148001
0.0143949
0.0133689
0.0142991
0.0146463
0.013126
0.0132815
0.0137523
0.013202
0.0132541
0.0134463
0.0145105
0.0136209
0.0134512
0.0141379
0.0142406
0.0138993
0.0135592
0.00296459
0.00354105
0.0169611
0.0166405
0.0134419
0.0154672
0.0132048
0.0132232
0.014046
0.012129
0.0124405
0.0115247
0.0153649
0.0130189
0.0137597
0.0150053
0.0123274
0.0125112
0.0124584
0.0150233
0.0150002
0.00826981
0.00543599
0.0110463
0.0136888
0.0145661
0.0133315
0.0133832
0.0139189
0.0136343
0.0136678
0.0141016
0.0138029
0.0139025
0.0137434
0.0139513
0.0138784
0.014011
0.0137927
0.0140167
0.013779
0.0139926
0.013874
0.0137974
0.0138722
0.0138583
0.013859
0.0138489
0.0118892
0.0169131
0.0124285
0.0158083
0.0158683
0.0135236
0.0143081
0.0138137
0.0160304
0.0121827
0.0154068
0.015621
0.0123846
0.0134394
0.014212
0.0125159
0.0130454
0.014617
0.0127615
0.0145028
0.0143039
0.0127242
0.0128459
0.0128886
0.0131675
0.0130207
0.0129436
0.014624
0.0130068
0.0141576
0.0142235
0.0138721
0.0145617
0.0143858
0.0131957
0.0145422
0.0132547
0.0133054
0.0143831
0.0135919
0.0133288
0.0139502
0.00838994
0.00545963
0.0119795
0.0163932
0.0150133
0.0157939
0.0154273
0.0125695
0.01259
0.01369
0.0129518
0.0136552
0.0139098
0.0138465
0.0141645
0.0132942
0.0138361
0.0145149
0.0141531
0.0136923
0.0136114
0.0144975
0.013777
0.0144175
0.0134133
0.0142746
0.0138724
0.013618
0.0143296
0.0135978
0.0141143
0.0137138
0.0135743
0.0141697
0.000818191
0.0018592
0.013793
0.0149632
0.0133366
0.0134037
0.0134665
0.0134765
0.0135054
0.0142099
0.0137462
0.0137017
0.0179651
0.00870528
0.0123898
0.0102264
0.0145592
0.014241
0.0136827
0.0138488
0.0145754
0.0127882
0.014147
0.0136004
0.0135121
0.0149882
0.0132893
0.0129063
0.0129864
0.0129641
0.0140935
0.0141636
0.0143993
0.014513
0.0131514
0.0144902
0.0135789
0.0134578
0.0132691
0.013376
0.0144748
0.0133751
0.0134225
0.0143331
0.0134477
0.0143415
0.0187185
0.00802243
0.0107119
0.0102819
0.0145726
0.013482
0.0136326
0.013653
0.0143545
0.0133753
0.013645
0.014048
0.0140971
0.0138092
0.0138187
0.0138475
0.0140327
0.0137895
0.0140415
0.0139635
0.014019
0.0140177
0.0140181
0.0138204
0.0138903
0.0138186
0.0139954
0.0138329
0.0139879
0.0139463
0.0138876
0.0139587
0.0139717
0.0139617
0.0118385
0.00884105
0.0138779
0.0137283
0.0127398
0.0140469
0.0127121
0.0137573
0.0139338
0.0139322
0.0148773
0.0131739
0.0141627
0.0145645
0.013527
0.0137378
0.0136386
0.0132537
0.0136986
0.0138974
0.0142881
0.0132667
0.0133034
0.0133448
0.0137726
0.0133931
0.013444
0.0141368
0.0140592
0.0140254
0.0134958
0.0139044
0.0138668
0.0140132
0.0117793
0.00946009
0.0130061
0.0130861
0.0131224
0.0135744
0.0133094
0.012917
0.0145614
0.0137952
0.0131586
0.0131859
0.0135028
0.00810746
0.012829
0.0176258
0.0153401
0.0168794
0.0131163
0.01383
0.0154113
0.0154964
0.0128675
0.0131913
0.0139568
0.0138091
0.0127795
0.0134732
0.0146813
0.0148078
0.013031
0.013416
0.0147403
0.0145818
0.0136289
0.013884
0.0131671
0.0143982
0.0139406
0.0135338
0.0145316
0.0133357
0.0135935
0.0133308
0.0136342
0.0138051
0.0141437
0.0134132
0.0133803
0.013406
0.013505
0.0137251
0.0135577
0.0141849
0.014312
0.0135062
0.0142761
0.0136115
0.0138435
0.0142551
0.00107893
0.00554024
0.0028709
0.0138349
0.0136711
0.0133724
0.0133578
0.0141182
0.0137583
0.0132356
0.0144128
0.0133115
0.0133208
0.0133339
0.013416
0.0138203
0.0134584
0.0138323
0.0138344
0.0137714
0.000578315
0.00357855
0.0136177
0.0157755
0.0126592
0.0127413
0.0128922
0.0129376
0.0130132
0.0145595
0.0135815
0.0134735
0.00735808
0.00491549
0.0167267
0.0143274
0.0136719
0.0133883
0.0134944
0.0144581
0.0143723
0.0142768
0.0142005
0.0136429
0.00738544
0.0165683
0.0140141
0.0138952
0.0101486
0.0144204
0.0134135
0.0134489
0.0137971
0.0147516
0.015095
0.0126719
0.0145416
0.014972
0.0128376
0.0129546
0.0148433
0.0129463
0.0139558
0.0130243
0.0130604
0.0146573
0.0142945
0.0133842
0.0136814
0.0131955
0.0132101
0.0145069
0.0134173
0.0145018
0.0135528
0.0143275
0.0138194
0.0143697
0.0135683
0.0143603
0.0138102
0.0143228
0.0135593
0.0134547
0.013854
0.0142385
0.0136381
0.0140306
0.0135169
0.0140721
0.0230831
0.018083
0.0162309
0.0130637
0.0131842
0.0144241
0.0137621
0.013582
0.0136852
0.0137044
0.0136914
0.0141593
0.0136905
0.0137589
0.0137391
0.0137862
0.0137314
0.0139827
0.0137506
0.0128161
0.00741335
0.00843685
0.0100974
0.00972522
0.0160308
0.0148173
0.011309
0.0116693
0.0111678
0.0114308
0.011951
0.0117994
0.0150631
0.0153616
0.0150243
0.0141744
0.0150014
0.0125197
0.0261136
0.00448166
0.0130685
0.013269
0.0125592
0.0150183
0.0141985
0.0135818
0.0132086
0.0143271
0.0137461
0.013271
0.0132929
0.0199298
0.0183827
0.0109497
0.0106462
0.0111735
0.015415
0.0136784
0.0139726
0.0127599
0.0127165
0.0129547
0.0127928
0.0129967
0.0137903
0.01295
0.0146822
0.0142793
0.0144436
0.0131961
0.0141536
0.0132943
0.0143616
0.0136542
0.0143682
0.013772
0.0137477
0.0142964
0.0239895
0.0161869
0.0126789
0.0124386
0.0146204
0.0141638
0.0136343
0.0144464
0.014436
0.0144412
0.0135213
0.0143318
0.014101
0.0143275
0.0140989
0.0142637
0.0136511
0.013824
0.0140424
0.0137552
0.0736023
0.0121973
0.0138362
0.0128658
0.0136194
0.0146179
0.0133121
0.0134543
0.0135799
0.0142695
0.0142151
0.0135044
0.0141169
0.000466249
0.0142914
0.0132953
0.0104103
0.0132782
0.01376
0.0159994
0.013186
0.0129161
0.014359
0.013971
0.0156033
0.0154407
0.0153503
0.0127052
0.0134832
0.0134248
0.0147665
0.0139636
0.0131609
0.0129649
0.0133054
0.013198
0.0138091
0.0138724
0.0146154
0.0140856
0.0133128
0.0132901
0.0138044
0.0144691
0.0132325
0.0132895
0.0137204
0.0135649
0.0133183
0.0144329
0.0136034
0.0142627
0.0144032
0.0138864
0.0134267
0.0139219
0.0137013
0.0134995
0.0134656
0.014222
0.0140423
0.0139036
0.0156728
0.0158683
0.0119764
0.0124525
0.0128003
0.015695
0.0185545
0.0143032
0.0163623
0.0136743
0.013652
0.0146496
0.0132223
0.0141742
0.0138084
0.0129093
0.0143712
0.0130396
0.013048
0.0133026
0.0135247
0.0140116
0.0136981
0.014405
0.0133385
0.0139061
0.0133744
0.0135788
0.0134557
0.0141034
0.0135712
0.013696
0.00531572
0.00709172
0.0113845
0.0117689
0.0149383
0.0160057
0.011649
0.0131987
0.0137241
0.0120973
0.013686
0.0128643
0.0146181
0.0135004
0.012624
0.0150752
0.0150224
0.0128947
0.0134253
0.0131078
0.0129436
0.013833
0.0147084
0.013557
0.0146296
0.0145742
0.013159
0.0142455
0.0145645
0.0144555
0.0133045
0.0143988
0.0143353
0.0143464
