0.0249817
0.0162114
0.0168604
0.0167166
0.0166259
0.016647
0.0166204
0.0240837
0.0162697
0.021314
0.0183814
0.0172907
0.0160003
0.0164629
0.0158607
0.0176504
0.0166423
0.0157298
0.0157801
0.0161385
0.0167548
0.0159929
0.0160902
0.0165787
0.0171679
0.0162085
0.0167405
0.0165207
0.0160996
0.0170516
0.0171145
0.0162869
0.0167846
0.0165194
0.0165249
0.0170633
0.0166491
0.0168999
0.0169878
0.0169744
0.016343
0.0169392
0.0166801
0.0168122
0.0169206
0.0166308
0.0168961
0.0164475
0.0164093
0.0163667
0.0168315
0.0128184
0.0214546
0.0151668
0.0139115
0.0178954
0.0172516
0.0164725
0.0166423
0.0165352
0.0165985
0.0165119
0.0167092
0.0165539
0.0165648
0.0166091
0.0166521
0.0166683
0.016611
0.0166558
0.016659
0.016633
0.01666
0.0166251
0.0165992
0.0165986
0.0165968
0.0166516
0.016618
0.0166247
0.016652
0.0166477
0.016615
0.0166427
0.0166098
0.0166242
0.0166066
0.0166064
0.0166335
0.0166119
0.0166194
0.0166065
0.0148434
0.0165793
0.0135729
0.0167724
0.0151523
0.0161069
0.0169736
0.0167664
0.0166597
0.0164792
0.0165874
0.0167807
0.0166962
0.0165402
0.0166818
0.0165841
0.0166786
0.0165643
0.0165829
0.0165905
0.0165951
0.0166686
0.0166641
0.0165974
0.0166297
0.0166569
0.0166372
0.0166444
0.0166618
0.0165938
0.0166115
0.0165997
0.0166469
0.016648
0.0166203
0.0166382
0.0166037
0.0166002
0.0166097
0.0166261
0.0166045
0.0140159
0.0165793
0.0129422
0.0167724
0.0153103
0.0161478
0.0167759
0.0170837
0.0163498
0.0165331
0.0165836
0.0166023
0.0164906
0.0166761
0.0164451
0.016613
0.0164885
0.0167008
0.0167674
0.0167893
0.0166566
0.0164796
0.0164911
0.0166904
0.0165782
0.0165079
0.0165596
0.0165413
0.0164985
0.0167492
0.0166552
0.0167133
0.0165387
0.0165357
0.0166291
0.0165661
0.0166993
0.0167129
0.0166744
0.0166102
0.0166959
0.0183098
0.0195314
0.0143953
0.0147331
0.0163712
0.0164582
0.016448
0.0159875
0.016091
0.0168116
0.016361
0.0170773
0.0167094
0.0162535
0.0169399
0.0162982
0.0169469
0.0163177
0.0163195
0.016395
0.016431
0.0168284
0.016561
0.0163995
0.0167074
0.0164222
0.0167054
0.0180211
0.0140149
0.0145267
0.0163561
0.0172993
0.0181106
0.0159686
0.0165257
0.0166214
0.0175512
0.0172583
0.0158697
0.0164238
0.0172933
0.0173021
0.0162826
0.0161594
0.016294
0.0166836
0.016525
0.0170869
0.016156
0.0164934
0.0170573
0.0163038
0.016744
0.0163586
0.016284
0.0164863
0.0163285
0.0163561
0.0167615
0.0163334
0.0168578
0.0167318
0.0168757
0.0166346
0.0167449
0.0164196
0.0164079
0.0166903
0.0147331
0.0161616
0.0166406
0.0161211
0.0171552
0.0172751
0.0169744
0.0164704
0.0168717
0.0167016
0.0166572
0.0166515
0.0165817
0.0166039
0.0165748
0.0166706
0.0166465
0.0165706
0.0166017
0.0165687
0.0166718
0.0166505
0.0165871
0.0165928
0.0166667
0.0166653
0.0166627
0.0166032
0.016601
0.0166058
0.0174568
0.0166922
0.0186132
0.0154946
0.0186288
0.01487
0.015239
0.0153652
0.0166121
0.0179093
0.0165926
0.0162945
0.0176113
0.0157896
0.0164001
0.0170887
0.0162226
0.0168116
0.0160529
0.0166598
0.0172362
0.0169329
0.0163467
0.0170156
0.017113
0.0161077
0.0161392
0.0171099
0.0169635
0.0161937
0.0167586
0.0162854
0.0167904
0.0163229
0.0167654
0.0168363
0.0163949
0.0163718
0.01693
0.016352
0.016479
0.0163221
0.0168838
0.0164512
0.0169122
0.0168509
0.0164538
0.0167722
0.0190723
0.0170351
0.0165855
0.0184801
0.0161009
0.0163779
0.0172832
0.0152313
0.0159653
0.0176119
0.0163395
0.0159959
0.016821
0.0172299
0.0160012
0.0160381
0.0168194
0.0159976
0.0137757
0.0155918
0.0149497
0.0152441
0.0169881
0.0164763
0.0165074
0.0166314
0.0166896
0.0165268
0.016554
0.016622
0.0165657
0.0166209
0.0166826
0.01669
0.016565
0.01664
0.0166838
0.0165755
0.0166461
0.0166484
0.0165937
0.0166575
0.016643
0.0140601
0.0156166
0.017155
0.0160758
0.0168112
0.0180238
0.0167434
0.0155844
0.0166457
0.0157124
0.0164844
0.0174276
0.0167188
0.0174102
0.0166792
0.0161424
0.0160792
0.017204
0.0166812
0.0169025
0.016437
0.0161009
0.0161235
0.0164553
0.0161875
0.0164807
0.0165443
0.0165978
0.0169064
0.0169714
0.0166005
0.0165699
0.0168621
0.01696
0.0164996
0.0168512
0.0169055
0.0163479
0.0166191
0.0168811
0.0164497
0.0175151
0.0165862
0.0154641
0.0170056
0.0159564
0.0161634
0.0164818
0.0164096
0.0165511
0.0170044
0.0166404
0.0170561
0.0169701
0.0169158
0.0166963
0.0169973
0.0166357
0.016291
0.016506
0.0163329
0.0163164
0.0163546
0.0163463
0.0164439
0.0168485
0.0163907
0.0164847
0.0164141
0.0165335
0.0166266
0.0164295
0.0168098
0.0165993
0.0166353
0.0121789
0.0171734
0.0173142
0.0167395
0.0164792
0.0168231
0.0167526
0.0164175
0.016834
0.0167513
0.0164955
0.0165437
0.0166854
0.0151286
0.0161702
0.0166274
0.0161577
0.0170274
0.0178549
0.0167896
0.0158936
0.0165931
0.0165803
0.0164205
0.0164617
0.0161966
0.0163798
0.0162333
0.0169509
0.0168407
0.0162557
0.0164898
0.0162602
0.0169328
0.0168202
0.016386
0.016424
0.0168794
0.0168744
0.0168586
0.0164945
0.01648
0.0165115
0.0147057
0.0181255
0.0173564
0.0170317
0.0171582
0.016317
0.0163552
0.0164477
0.0167534
0.0165653
0.0166662
0.0164691
0.0165279
0.0165449
0.0166448
0.0165765
0.0165738
0.0166473
0.0165826
0.0166382
0.0165767
0.0165775
0.016577
0.0166554
0.0166068
0.0166015
0.016667
0.0166438
0.0166662
0.0165907
0.0166059
0.0165998
0.0165906
0.0176238
0.0173604
0.0183074
0.0164112
0.0170909
0.0162359
0.0165073
0.0174852
0.016648
0.0159328
0.0166996
0.0167916
0.0171845
0.016514
0.0166011
0.0162451
0.0164823
0.0163529
0.0165469
0.0169321
0.0165833
0.0165701
0.0163595
0.0168125
0.0166175
0.0164161
0.0168636
0.0165472
0.0167885
0.0166004
0.0165289
0.0168085
0.0167919
0.0165271
0.0189705
0.0123775
0.0168584
0.0177703
0.0160127
0.0160522
0.0160568
0.0163552
0.0170885
0.0164957
0.0162338
0.0162858
0.0169331
0.0172305
0.0146991
0.015882
0.0150079
0.018315
0.0159234
0.016874
0.0177054
0.0168826
0.016666
0.016697
0.0167783
0.017279
0.0161153
0.016775
0.0167784
0.0170973
0.0167165
0.0167784
0.0162377
0.0167884
0.0170268
0.0163767
0.0165766
0.0169958
0.016289
0.0167333
0.0163987
0.0169001
0.0165537
0.0163626
0.0167754
0.0165162
0.0166886
0.0165776
0.0164314
0.016811
0.0165434
0.0168389
0.0165617
0.016424
0.0166469
0.0165142
0.0168032
0.0164856
0.0165049
0.0167933
0.0137179
0.0160011
0.0163398
0.0165079
0.0165162
0.0161378
0.0164751
0.0163309
0.0163043
0.0164627
0.0163398
0.0163332
0.0163668
0.0167314
0.0164903
0.016726
0.0167777
0.0167768
0.0167877
0.0124286
0.0169075
0.0176963
0.0169959
0.016267
0.0170624
0.0169316
0.0161503
0.017055
0.0168979
0.0163414
0.0164515
0.0167617
0.0194762
0.0162181
0.016763
0.0163934
0.0168337
0.0167254
0.0165474
0.016865
0.0168597
0.0166599
0.0167955
0.0167841
0.0166287
0.0193932
0.0144797
0.0175996
0.0183147
0.0166944
0.0160056
0.0164335
0.0167971
0.0176893
0.0176995
0.0166063
0.0166423
0.0173982
0.0160229
0.0170416
0.0169185
0.0165
0.0167252
0.0162155
0.0161804
0.0162613
0.0164257
0.0162921
0.0163059
0.0168789
0.0163265
0.0162864
0.0168369
0.0167553
0.0165345
0.0163697
0.0166467
0.0163842
0.0168837
0.0163833
0.0164955
0.0167899
0.0164901
0.0168285
0.0164051
0.016809
0.0167479
0.0167603
0.0167011
0.0165278
0.0166323
0.0128038
0.013991
0.0167541
0.0162522
0.0166436
0.0164678
0.0166057
0.0166344
0.0164558
0.0165403
0.0166343
0.0165224
0.0167579
0.0167375
0.0167077
0.0165369
0.0165525
0.0165491
0.0165495
0.0165552
0.0194483
0.0180006
0.0183181
0.0162629
0.0142235
0.0181306
0.0156977
0.0146746
0.0170772
0.0155375
0.0174292
0.01575
0.0171134
0.0166884
0.0168327
0.0157836
0.0165246
0.0172809
0.0159073
0.0171279
0.0148688
0.0183506
0.0165618
0.0173333
0.0169073
0.016126
0.0170286
0.0168886
0.0166382
0.0163742
0.0163499
0.0186806
0.0179453
0.0181842
0.0155125
0.0171355
0.0166171
0.0157861
0.016683
0.0164051
0.0162553
0.0163029
0.0167122
0.0163357
0.01672
0.0161595
0.0170401
0.0162601
0.0169419
0.0164139
0.0163331
0.0168596
0.0164478
0.0163731
0.0163784
0.0168497
0.0165934
0.0164115
0.0129651
0.0183007
0.0136094
0.0167858
0.0162786
0.0163134
0.0169434
0.0168952
0.0168759
0.0168719
0.0164542
0.0164873
0.016842
0.0164985
0.0166419
0.0167768
0.0167032
0.0165894
0.0167635
0.0167454
0.0167968
0.0174304
0.0166933
0.0161843
0.0164076
0.0164585
0.0166163
0.0169079
0.0167601
0.0165388
0.0165268
0.0167837
0.0164507
0.0178593
0.0158042
0.0153399
0.0149509
0.0151182
0.0151461
0.0163361
0.0167455
0.0167755
0.016279
0.0161082
0.01663
0.0165619
0.0165938
0.0171269
0.0162918
0.016208
0.0168839
0.0164373
0.0166261
0.0167521
0.0166276
0.0166279
0.0162286
0.0163238
0.0163923
0.0163927
0.0163354
0.0168801
0.0169473
0.0168768
0.016629
0.0168018
0.0164751
0.0164047
0.0166766
0.0168809
0.016426
0.0164029
0.0166455
0.0164567
0.0165862
0.0167105
0.0165276
0.0168088
0.0164567
0.0164995
0.00665851
0.0154176
0.01546
0.016189
0.015891
0.0159436
0.0161148
0.0175507
0.0159552
0.0165645
0.0169005
0.0155676
0.0160224
0.0159261
0.0161516
0.0164288
0.01648
0.0164542
0.0161722
0.0164689
0.0167855
0.0170269
0.0166796
0.0167886
0.0168713
0.0168762
0.0163445
0.0163689
0.0168448
0.0163662
0.0165156
0.016819
0.0164332
0.0164357
0.0186275
0.0179123
0.0196011
0.0149659
0.0166861
0.0166109
0.017646
0.016204
0.0157605
0.0159309
0.0165212
0.0164936
0.0167809
0.0162262
0.017128
0.0161768
0.0171647
0.0161214
0.0170213
0.016498
0.0169712
0.0163294
0.0163824
0.0165822
0.0164364
0.0162613
0.0167645
0.0164517
0.0163042
0.0165489
0.016906
0.0164467
0.0165181
