0.00237066
0.00236814
0.00237066
0.00258208
0.00268189
0.00245587
0.00263898
0.00230661
0.00220559
0.00233219
0.00247958
0.00240103
0.00256725
0.00241904
0.00251244
0.00249815
0.00225626
0.00235336
0.00252989
0.00234828
0.0022384
0.00239522
0.0024801
0.00242362
0.00236507
0.0022456
0.00241028
0.00225909
0.00229807
0.00247733
0.00225902
0.00229464
0.00237
0.00246744
0.00227339
0.00231917
0.00236293
0.00235248
0.00231163
0.00245408
0.00244864
0.00229932
0.00229642
0.00236442
0.00233243
0.00239187
0.00241882
0.00231827
0.00243455
0.00243156
0.00241843
0.00236562
0.00240548
0.00233532
0.00231737
0.00239289
0.00231732
0.00241675
0.00242239
0.00233174
0.00237066
0.0077629
0.00766566
0.000117113
0.00582088
0.00249372
0.00288898
0.00475393
0.00355458
0.000398186
0.00374155
0.000372632
0.00443764
0.00128651
0.00252852
0.00338302
0.00319492
0.000833478
0.000986163
0.0023905
0.00114081
0.00367313
0.00366816
0.00109568
0.00277491
0.00349323
0.00265941
0.00281862
0.00334551
0.00244247
0.00337446
0.00313165
0.00268757
0.00286668
0.00186807
0.00156035
0.0016245
0.00241937
0.00202674
0.00189555
0.00169716
0.00266812
0.00281438
0.00179037
0.00296408
0.00295702
0.00277983
0.00274577
0.00289762
0.00237522
0.00200226
0.00195799
0.00285148
0.00284135
0.00209373
0.0028173
0.00233395
0.00195366
0.00237066
0.00128356
0.0010388
0.00228937
0.000160668
0.00067085
0.00143886
0.000657759
0.00388345
0.00318567
0.00191387
0.00114722
0.00338208
0.00181616
0.0019301
0.00328857
0.00324426
0.00319794
0.00315451
0.00202673
0.00253191
0.00302833
0.00276059
0.00177977
0.00243649
0.00287261
0.0028695
0.00284953
0.00272717
0.00239577
0.00237066
6.8259e-05
0.0018018
0.00233686
0.000956542
0.00150809
0.00192532
0.00137839
0.00326976
0.00281056
0.0021304
0.00159972
0.00307449
0.00205702
0.00211724
0.00300293
0.0029468
0.00291467
0.00290935
0.00216057
0.00247049
0.00282574
0.00261919
0.00197624
0.0024124
0.00271006
0.00271679
0.00269919
0.00260784
0.00238701
0.00279371
0.000153707
0.00116809
0.00107839
0.00319468
0.00298317
0.0031438
0.00164968
0.0031339
0.00288909
0.00267795
0.0023107
0.00168474
0.0023182
0.00268058
0.00263669
0.00182064
0.00197952
0.00281403
0.00264694
0.00198835
0.00195468
0.00215963
0.00202408
0.00212122
0.00259653
0.00210107
0.00229565
0.00237066
0.00215333
0.00244513
0.00306009
0.0016191
0.00226438
0.00230994
0.00223369
0.00282909
0.00215586
0.00260425
0.00195762
0.00196502
0.00198071
0.00265161
0.00205542
0.00262738
0.00207867
0.00214731
0.00223183
0.00258567
0.00260645
0.00226695
0.00214003
0.00245561
0.00233923
0.00256394
0.00247206
0.00225761
0.00238283
0.00709045
0.00530978
0.00280168
0.00317606
0.000213423
0.00397927
0.000921278
0.00103295
0.000873755
0.00358198
0.00133423
0.00345178
0.00148173
0.0033485
0.00142534
0.00146943
0.00160327
0.00273989
0.00304402
0.00304544
0.00298558
0.0029915
0.00231946
0.00277193
0.00290368
0.00185655
0.00281244
0.00246343
0.00197305
0.00200409
0.00237066
0.00241284
0.00237049
0.00237631
0.00241451
0.00244727
0.00263735
0.00243221
0.00245938
0.00224595
0.00223878
0.00235311
0.00222306
0.00219576
0.00255768
0.00255558
0.0025343
0.00253415
0.00250813
0.00221292
0.00222417
0.00224877
0.00251013
0.00247156
0.00242442
0.00230947
0.00249911
0.00235615
0.00237444
0.00225463
0.00247641
0.00228681
0.00240211
0.00229766
0.00238518
0.00231368
0.00230317
0.00229528
0.00245201
0.00228563
0.00242886
0.00239133
0.00244917
0.00235902
0.0023172
0.00230028
0.00243761
0.00233948
0.00230589
0.00243692
0.00234581
0.00231046
0.00231424
0.00236394
0.00233567
0.00237444
0.00195504
0.00234632
0.00311961
0.00274861
0.00392351
0.000251728
0.00282114
0.0010432
0.000846974
0.00137262
0.00379476
0.00366201
0.00355995
0.0035786
0.00334639
0.00207638
0.00330582
0.00323856
0.00185036
0.00148694
0.00255006
0.0015151
0.00156106
0.00220771
0.00164275
0.00295526
0.00174121
0.00276011
0.00255104
0.00197918
0.00237066
0.00237175
0.00237069
0.00237859
0.00236322
0.00230143
0.0021346
0.002389
0.00263306
0.00202655
0.00204473
0.00268227
0.00218155
0.00216504
0.00245894
0.00219857
0.00217592
0.00256946
0.00213977
0.00214226
0.00230917
0.00234719
0.00215409
0.00251334
0.00233183
0.00254842
0.00224393
0.0025659
0.00248525
0.00218378
0.00248713
0.00220344
0.00223859
0.00251708
0.00253284
0.00222182
0.00226209
0.00227713
0.00246258
0.00223313
0.0022664
0.00224853
0.00235226
0.0024641
0.002383
0.00228011
0.00234445
0.00233195
0.00230539
0.00238535
0.00247692
0.00235596
0.00233179
0.00239567
0.00246647
0.00237998
0.00243419
0.0024609
0.00235141
0.00404209
0.00245152
0.00114439
0.00347438
0.00320874
0.00140168
0.00322136
0.00185611
0.00292422
0.00285749
0.00208562
0.00285242
0.0022568
0.00248871
0.00218486
0.00213055
0.00195557
0.00245419
0.00196612
0.00199947
0.00251657
0.00243871
0.00208989
0.00230055
0.00209797
0.00212743
0.0023246
0.00498342
0.00412534
0.00255825
0.00273062
0.00125702
0.00324517
0.0014586
0.00172084
0.00157714
0.00306579
0.00184474
0.00301485
0.0018992
0.0029825
0.00178348
0.00181064
0.00194131
0.00257447
0.00276443
0.00277068
0.00273897
0.00274832
0.0023432
0.00260507
0.00269737
0.00205203
0.00263819
0.00242518
0.00213385
0.00215256
0.00195507
0.00296651
0.00352259
0.00011553
0.0011172
0.00114818
0.00119396
0.00372786
0.00182774
0.000660674
0.000951772
0.0035923
0.00166011
0.00104987
0.00112439
0.00170446
0.00142575
0.00324662
0.00285095
0.00308932
0.00306806
0.00192379
0.00172128
0.00295488
0.00293411
0.00186693
0.00190807
0.00237066
0.00242834
0.0023018
0.00277872
0.00150519
0.00154842
0.00259251
0.00302155
0.00169371
0.00174476
0.00247736
0.00290625
0.00272621
0.00194963
0.00283958
0.00252111
0.00200384
0.00200983
0.00204927
0.0026683
0.0027026
0.00227546
0.00266783
0.00246305
0.00249704
0.00217853
0.00220196
0.00239607
0.00257733
0.00237136
0.00237066
0.00270191
0.00296911
0.00179361
0.00217489
0.00262543
0.00181242
0.00191155
0.00281431
0.00193982
0.00271911
0.00279921
0.00252459
0.00203324
0.00200917
0.00228241
0.00224745
0.00260924
0.00243648
0.00264887
0.00258565
0.00268004
0.00263882
0.00212383
0.0026118
0.00214735
0.00238421
0.00258075
0.00253385
0.00225633
0.00248696
0.00235577
0.002246
0.00254179
0.00258721
0.00246883
0.0023441
0.00255671
0.00219009
0.00238643
0.00226774
0.00238555
0.00253975
0.00224937
0.00229381
0.00245417
0.00225042
0.00224999
0.00228604
0.0022319
0.00250909
0.00234827
0.00236762
0.00228696
0.00224768
0.00225973
0.00227437
0.00237067
0.00221022
0.00206336
0.00237408
0.0019553
0.00240376
0.00308803
0.00240356
0.00290094
0.00216932
0.00182574
0.00204353
0.00217022
0.00239523
0.0022319
0.00199747
0.00279459
0.00223485
0.00199077
0.00276901
0.00252488
0.00254978
0.00202623
0.00271333
0.00225779
0.00225886
0.00261357
0.00206651
0.00231586
0.00241212
0.00230684
0.00247756
0.00233226
0.00231147
0.00229446
0.00260357
0.00248049
0.00223859
0.00225986
0.00242755
0.00252621
0.00257358
0.00220605
0.00231899
0.00239763
0.00248101
0.00252201
0.00256099
0.00241547
0.0023807
0.00252315
0.00220409
0.00253767
0.00243249
0.00241406
0.00224666
0.00251922
0.00249506
0.00249591
0.00245304
0.00237066
0.0032005
0.0022164
0.00261352
0.001239
0.00185143
0.00017081
0.000517241
0.000232326
0.000357794
0.00276321
0.00168542
0.00331861
0.0010801
0.000925696
0.00327074
0.00109917
0.00147972
0.00297097
0.00208697
0.00147134
0.00316537
0.00164961
0.0023422
0.00179995
0.00191826
0.00212556
0.00210682
0.00237066
9.54046e-05
0.00067836
0.00103453
0.00191536
0.00199816
0.00265516
0.00224901
0.00154317
0.00294629
0.00245208
0.00163877
0.00289392
0.00251768
0.00177219
0.002911
0.00216277
0.00236148
0.00260831
0.00211893
0.00196963
0.00271451
0.00210364
0.00227347
0.00267349
0.00253115
0.0023469
0.00241968
0.00210898
0.0178959
0.00747223
0.00128079
0.00430434
0.00609181
0.0022827
0.00403053
0.00118762
0.00218199
0.00168489
0.000318655
0.000650322
0.00117876
0.00440506
0.00136232
0.000382857
0.00409581
9.86424e-05
0.00051866
0.00363001
0.0012364
0.00346765
0.000901599
0.00342828
0.00308127
0.00129948
0.00131127
0.00237066
0.00244654
0.00211007
0.00288746
0.00200084
0.0024845
0.00188799
0.00196003
0.00277538
0.00270867
0.00279237
0.00199316
0.00270319
0.00242674
0.00242686
0.002107
0.00251453
0.00229221
0.00215507
0.00258724
0.00260406
0.00265427
0.00264852
0.00229369
0.00259677
0.00212447
0.00228136
0.00223234
0.00214676
0.00214926
0.00246531
0.00258211
0.00257266
0.00257033
0.00256976
0.00255524
0.0024812
0.00248205
0.00246634
0.00251132
0.00221805
0.00230692
0.00253177
0.00246383
0.00222115
0.00250625
0.00224236
0.00248902
0.00235067
0.00223855
0.00227155
0.00229458
0.00248076
0.00232059
0.00233135
0.00230102
0.00245387
0.00241334
0.00100781
0.000508854
0.00224801
0.00320376
0.00344915
0.000962429
0.00105004
0.00310718
0.0031186
0.00321792
0.00238977
0.00308949
0.00172763
0.00173042
0.00263883
0.00279291
0.00190612
0.00187276
0.00188229
0.00206246
0.00252371
0.00192916
0.00195557
0.00217239
0.00230828
0.00201732
0.00203123
0.0023706
0.00259556
0.0034757
0.00273523
0.00171671
0.00184299
0.00280409
0.00274385
0.00261956
0.00192009
0.00249573
0.00286937
0.00283925
0.00191324
0.0027619
0.00196654
0.00198761
0.00241681
0.00220189
0.00267628
0.00219353
0.00207673
0.0020985
0.00209538
0.00245154
0.00232573
0.00235115
0.00218892
0.00220165
0.00249262
