0.0179716
0.0179716
0.017973
0.0179752
0.0180631
0.0180637
0.0180488
0.0180435
0.0179622
0.0180367
0.017917
0.018009
0.0179408
0.0179188
0.0179283
0.0179635
0.0179843
0.0179768
0.0179965
0.0179377
0.0180037
0.0179395
0.0180099
0.0180107
0.0180085
0.017957
0.0179531
0.0179745
0.0179732
0.0179857
0.0179925
0.017996
0.0179849
0.0179439
0.0179885
0.0179771
0.017996
0.0179589
0.0179982
0.0179554
0.0179797
0.0179894
0.0179502
0.0179933
0.0179641
0.017993
0.0179711
0.0179755
0.0179915
0.01799
0.0179581
0.0179904
0.017975
0.0179624
0.0179887
0.0179671
0.0179764
0.017969
0.0179587
0.0179588
0.0179716
0.0179716
0.0186116
0.0174699
0.0172693
0.0189788
0.0173986
0.0176069
0.0174257
0.017516
0.0179278
0.0175238
0.0175526
0.0185999
0.0175822
0.0185254
0.017558
0.0184226
0.0182455
0.0176366
0.0183098
0.0176272
0.0180655
0.0179067
0.0182262
0.0182937
0.0179485
0.0179013
0.0181669
0.0177402
0.0177777
0.017772
0.0177885
0.0181868
0.0182067
0.018171
0.0179461
0.0177802
0.0177884
0.0177902
0.017827
0.0178449
0.0181555
0.0180314
0.0178365
0.0181316
0.0178225
0.0181287
0.0178545
0.0180728
0.0179439
0.0181103
0.0178634
0.0179581
0.0178767
0.0180958
0.018063
0.0178714
0.0179708
0.0182655
0.0171097
0.0172331
0.0185032
0.0175772
0.0180922
0.0183143
0.0183365
0.0183076
0.0176297
0.0176344
0.0182656
0.0176854
0.0178768
0.0180939
0.0178609
0.0179127
0.018182
0.0177692
0.0180022
0.0181011
0.0178385
0.0178086
0.0180475
0.0179769
0.0178548
0.0179209
0.018077
0.0179713
0.0181015
0.0175375
0.017529
0.0183222
0.0177849
0.0180286
0.0181582
0.0181877
0.0182051
0.0177761
0.0177502
0.0181538
0.0177749
0.0179175
0.0180438
0.0179065
0.0179365
0.0181148
0.0178335
0.0179904
0.0180548
0.017887
0.0178631
0.0180209
0.017975
0.0178942
0.0179386
0.0180434
0.0162311
0.0179697
0.0173013
0.0181523
0.0174515
0.0175265
0.0177347
0.018109
0.0177913
0.0176617
0.01815
0.0181223
0.0180911
0.0179709
0.0179173
0.0180086
0.0180914
0.0178164
0.0178058
0.0180874
0.0180488
0.0178312
0.0178399
0.0179432
0.0178537
0.0180199
0.0178671
0.018028
0.0178963
0.0171106
0.017714
0.0179726
0.018184
0.0177779
0.0181449
0.0179857
0.0179515
0.0179004
0.0180743
0.0180949
0.0180272
0.0180604
0.0180741
0.0179771
0.0178724
0.0179357
0.0179875
0.017928
0.0180404
0.0180164
0.0179531
0.0179945
0.0179252
0.0179275
0.0180104
0.0179257
0.0180088
0.0179758
0.0179716
0.0179056
0.018485
0.0181339
0.0182578
0.017838
0.017607
0.0175409
0.0178747
0.0182628
0.017627
0.0177488
0.0182033
0.0179016
0.0178038
0.0178451
0.0178694
0.0177499
0.01776
0.0178255
0.0177762
0.0178427
0.0180762
0.0178188
0.0178331
0.018088
0.0178599
0.0179716
0.0179716
0.0179717
0.0179721
0.0179525
0.0180614
0.0179028
0.0180293
0.0179499
0.0180368
0.0179248
0.0179452
0.018029
0.0179183
0.0180222
0.0179862
0.0179425
0.0179314
0.0179796
0.0179316
0.0179414
0.017995
0.0179549
0.0180051
0.0179372
0.0179631
0.0179903
0.0179646
0.0179717
0.0179584
0.0179946
0.0179451
0.0179509
0.0179938
0.0179858
0.0179508
0.0179932
0.017995
0.0179577
0.0179947
0.0179783
0.017993
0.0179567
0.0179805
0.017968
0.0179639
0.0179882
0.0179568
0.0179566
0.017971
0.017986
0.0179831
0.0179883
0.0179873
0.0179855
0.0179851
0.0179716
0.0178586
0.0169895
0.0168507
0.0170783
0.0180141
0.01727
0.0172453
0.0172331
0.0174059
0.0173674
0.0173739
0.0174497
0.0176755
0.017574
0.0180644
0.0176726
0.017607
0.0177095
0.017639
0.0181606
0.0177888
0.0178207
0.0177782
0.0179396
0.0177505
0.0179558
0.0179328
0.0178718
0.0179716
0.018094
0.0179715
0.0178935
0.0179616
0.0179629
0.0179589
0.0179667
0.0179077
0.0179085
0.0180215
0.0179515
0.0179373
0.0179845
0.0179931
0.0180329
0.0180009
0.0180233
0.0179093
0.0180383
0.0179357
0.0179121
0.0180214
0.0180196
0.0179152
0.017993
0.0179372
0.0180201
0.0179989
0.0180071
0.0179707
0.0180195
0.0179535
0.0179312
0.0180097
0.0180121
0.0180022
0.0179315
0.0179471
0.0179694
0.0180093
0.0179947
0.0180069
0.0180053
0.0179377
0.0180041
0.0180034
0.0179673
0.0180026
0.0180017
0.0179758
0.0179906
0.0179798
0.0179976
0.0179961
0.0179477
0.0179469
0.0179749
0.0179561
0.0145282
0.0179093
0.0176009
0.017746
0.0176334
0.0181967
0.0181065
0.018165
0.0177418
0.01776
0.0181273
0.0177633
0.0179991
0.0179587
0.018022
0.0179601
0.0178781
0.0178958
0.0179151
0.0180703
0.0180691
0.0180478
0.0178644
0.0180049
0.0180272
0.0179132
0.0180002
0.0178971
0.0180305
0.0179716
0.0179447
0.0182675
0.018053
0.0181205
0.0179166
0.0178093
0.0177677
0.017929
0.0181375
0.0177623
0.0178622
0.0181036
0.0179382
0.0178865
0.0179073
0.0179193
0.0178468
0.0178489
0.0178915
0.0178558
0.0179001
0.0180345
0.0178798
0.0178902
0.0180445
0.0179018
0.0123042
0.0172198
0.0167803
0.0172359
0.0168154
0.0174596
0.0171794
0.0184172
0.0174399
0.0183712
0.0174399
0.018314
0.0182967
0.0182694
0.0178432
0.018252
0.0182408
0.0180603
0.0181796
0.0179631
0.017808
0.0177131
0.0178684
0.0179654
0.0181221
0.0177861
0.0178061
0.0177982
0.017931
0.0173599
0.017969
0.0179168
0.0177032
0.0180164
0.0180191
0.0178315
0.0177586
0.0177815
0.0178123
0.017808
0.0180527
0.0179615
0.017832
0.0179832
0.0178912
0.0180636
0.0180027
0.0178967
0.0178713
0.0178799
0.0180544
0.0178875
0.0179126
0.0178971
0.018026
0.0179804
0.018
0.0179566
0.0184846
0.0179887
0.0179828
0.0180373
0.0180934
0.0181692
0.0178598
0.0181202
0.0178499
0.0180315
0.0180846
0.0178821
0.0179054
0.0180536
0.0179913
0.0179167
0.0180813
0.018078
0.0179976
0.0180665
0.0180632
0.0179283
0.0180576
0.0179196
0.0180435
0.0180357
0.0180428
0.0179063
0.0179205
0.0180449
0.018019
0.0179409
0.0179578
0.0180213
0.018035
0.0179717
0.01803
0.0180237
0.0180262
0.0180258
0.0179244
0.0179277
0.0179682
0.0179631
0.0179399
0.0180167
0.0180117
0.0180146
0.0180094
0.0179731
0.017983
0.0180051
0.0179958
0.0179394
0.0179704
0.0180048
0.0179963
0.0179717
0.0184521
0.0179743
0.0180569
0.0181302
0.0182064
0.0179571
0.0180373
0.0179382
0.0178581
0.0181225
0.0181189
0.0179791
0.0181001
0.0178665
0.0179652
0.0179123
0.0180839
0.01793
0.0179859
0.0180098
0.0179421
0.0180469
0.0179512
0.0180373
0.0180583
0.0180633
0.0180093
0.0179015
0.0179794
0.0179883
0.0179356
0.018041
0.0179146
0.0179371
0.0180322
0.0180349
0.0179264
0.0179634
0.0179184
0.0179788
0.018024
0.0180273
0.0179307
0.0180225
0.0180077
0.0179829
0.0180198
0.0179825
0.0180007
0.018001
0.0179997
0.018013
0.0179483
0.0180041
0.0179358
0.0169641
0.0179159
0.0172445
0.0159872
0.0171535
0.0175668
0.0169196
0.0172298
0.0172823
0.0171607
0.0172859
0.0172427
0.0172682
0.0182393
0.0173476
0.017892
0.0175075
0.0182273
0.0180014
0.0180483
0.0177258
0.0177002
0.0180586
0.0176731
0.017674
0.0176923
0.0177225
0.0177536
0.0179291
0.0176579
0.0177914
0.0179817
0.017611
0.0176519
0.017708
0.0177653
0.0181466
0.0177379
0.0180186
0.0181112
0.0181039
0.0179214
0.0178127
0.0178506
0.0178534
0.0179635
0.0179637
0.0179503
0.017857
0.0179947
0.0178731
0.0178792
0.0179348
0.0179291
0.0179662
0.0160014
0.0106464
0.0155154
0.0146741
0.0158024
0.0154796
0.0169661
0.016066
0.0166274
0.0163752
0.0173675
0.0173106
0.0169801
0.0170158
0.0171063
0.0174603
0.0183194
0.0175628
0.017569
0.017238
0.0180855
0.0180757
0.0175682
0.0174337
0.017432
0.0181409
0.0179716
0.0179768
0.0179892
0.0179727
0.0181948
0.018178
0.0180112
0.017975
0.0178897
0.017989
0.017964
0.0178682
0.0180209
0.0180769
0.0178947
0.0180711
0.0178904
0.0179742
0.0180632
0.0179738
0.0180237
0.0179218
0.0179024
0.0179169
0.018043
0.0179859
0.0180403
0.0180358
0.0180276
0.0179616
0.0180253
0.0180222
0.0180288
0.0180288
0.0179254
0.0179298
0.0180222
0.0179746
0.0180018
0.0179959
0.0180198
0.0180176
0.0179324
0.0179472
0.0179802
0.0179451
0.0179836
0.0180047
0.0180016
0.0180066
0.0179894
0.0180075
0.0180062
0.0179879
0.0180047
0.018004
0.0179591
0.0179978
0.0185109
0.0179568
0.0178307
0.0178727
0.017491
0.0174306
0.0182714
0.0176879
0.0181368
0.017612
0.0176947
0.0177475
0.0177158
0.0176932
0.0177107
0.0181462
0.0180414
0.0178214
0.0180143
0.0179796
0.0177927
0.0179591
0.0180776
0.0178685
0.0178324
0.0179618
0.0180104
0.0180695
0.0180445
0.0179221
0.0179003
0.0181345
0.0180785
0.0181047
0.0181755
0.017972
0.0177864
0.018089
0.0178134
0.0181061
0.0178434
0.0178449
0.0178448
0.0178476
0.0178619
0.017873
0.0180423
0.0179563
0.0179483
0.018011
0.0180396
0.0179907
0.0179239
0.0179097
0.0179993
0.0179159
