0.00893941
0.0167286
0.0110654
0.0142599
0.0123656
0.0131642
0.0154299
0.0142191
0.0151608
0.0151608
0.0151608
0.0151584
0.0150299
0.0151258
0.015103
0.0150133
0.0150534
0.0151678
0.0150582
0.0152407
0.0151558
0.0150496
0.0152788
0.0150883
0.0151796
0.0152542
0.0151231
0.0151392
0.0150773
0.015247
0.0152423
0.0152469
0.0151661
0.015082
0.0152384
0.0151938
0.015089
0.0152094
0.01515
0.0151912
0.0152232
0.015224
0.015106
0.0151645
0.0151052
0.0151166
0.0151298
0.0152142
0.0151769
0.0151693
0.015162
0.0152048
0.0152062
0.0151668
0.0151183
0.015203
0.0151214
0.0125679
0.0197096
0.0151608
0.0169565
0.0141459
0.0132186
0.0155976
0.0171494
0.0168789
0.016697
0.0139899
0.0138627
0.0156249
0.0164159
0.0150507
0.0140646
0.0145441
0.0140813
0.0141994
0.016111
0.0157595
0.0143552
0.0149416
0.015146
0.015663
0.014479
0.0157961
0.0145845
0.0148548
0.0157827
0.0145807
0.0149908
0.0156585
0.0156465
0.0156241
0.0150865
0.0148603
0.0148705
0.0155836
0.0154789
0.0148363
0.0147944
0.0148001
0.0151729
0.0155163
0.0148178
0.0154118
0.0154723
0.0124123
0.0152866
0.0119069
0.0164965
0.0132713
0.0153731
0.0168119
0.0165161
0.0164715
0.0138944
0.0140003
0.0142091
0.0161994
0.016143
0.0141301
0.0142511
0.0159428
0.0153475
0.0144587
0.0145019
0.0152554
0.0144928
0.0145959
0.0145086
0.0145661
0.0145712
0.0148833
0.0149166
0.0155361
0.0156189
0.0155408
0.0155639
0.0155097
0.0155515
0.0155273
0.0147906
0.0152166
0.0150504
0.0148783
0.0148507
0.013927
0.0152115
0.0135418
0.0157972
0.014122
0.0152494
0.0162267
0.0158683
0.015913
0.0144516
0.0144867
0.0144996
0.0158151
0.0157496
0.0145143
0.0145986
0.0157048
0.0152633
0.0147502
0.0147663
0.0152159
0.0147285
0.0148118
0.0147158
0.0147661
0.0147714
0.0149882
0.0150086
0.0154022
0.015478
0.0154109
0.0154292
0.0153904
0.0154264
0.0154121
0.0149039
0.0151969
0.0150888
0.0149715
0.0149448
0.0150066
0.0142802
0.0160626
0.0139788
0.0153634
0.0159051
0.0156181
0.0146569
0.0156794
0.0157008
0.0145826
0.0155724
0.0156542
0.0148298
0.0146778
0.0148986
0.014783
0.0151603
0.0152369
0.0148198
0.0154284
0.0150815
0.0148985
0.0152057
0.0153814
0.0153778
0.0153675
0.0151607
0.0150638
0.0155598
0.0158199
0.0150753
0.0152259
0.0150507
0.0152836
0.0152652
0.0155366
0.0149266
0.0155113
0.0154699
0.0148356
0.0153759
0.0152894
0.0154503
0.0148782
0.0148823
0.0149606
0.0149482
0.0153866
0.0151565
0.0152573
0.0153596
0.0149624
0.0150689
0.0150087
0.0151752
0.0150976
0.0151271
0.0150301
0.0152762
0.0150453
0.015302
0.0151583
0.0152706
0.0150285
0.0150603
0.0115598
0.0153397
0.0131991
0.0160589
0.0141185
0.0147906
0.016039
0.0154772
0.0144911
0.0154084
0.0147962
0.0161527
0.0160096
0.0159506
0.0153557
0.0143007
0.0158897
0.0143639
0.0152738
0.0150281
0.0157749
0.015497
0.0148529
0.0153467
0.0156519
0.0151376
0.0146825
0.0146669
0.0155621
0.0149696
0.0148606
0.0154423
0.014963
0.0152125
0.0150999
0.0149739
0.0154615
0.0148412
0.0154874
0.0157657
0.0151608
0.0152105
0.0151663
0.0151645
0.0153072
0.0149875
0.0152363
0.0152963
0.0151633
0.0151633
0.0152888
0.0152743
0.0151144
0.0151034
0.0150716
0.0151788
0.0151278
0.0150679
0.0150741
0.0150842
0.0152121
0.0151973
0.0151987
0.0151903
0.0151975
0.0152112
0.0152086
0.0151706
0.0151227
0.0150959
0.0151074
0.0151104
0.0152039
0.0151052
0.0152099
0.0151158
0.0152015
0.0152
0.0151132
0.015153
0.0151548
0.0151665
0.015195
0.0151201
0.0151452
0.0152011
0.0129353
0.0138958
0.0146126
0.014759
0.0147883
0.0150177
0.0154985
0.0149642
0.01526
0.0147872
0.0151018
0.0149017
0.0152281
0.0149119
0.0152199
0.0149737
0.0149697
0.0168085
0.0165053
0.0128862
0.0150302
0.0164078
0.0136967
0.0162008
0.0154438
0.0161338
0.0153248
0.0147823
0.0159896
0.0148784
0.0142572
0.0154597
0.0144565
0.0155899
0.0156317
0.0146079
0.0155179
0.0153764
0.0155957
0.0155933
0.0155791
0.0147206
0.015189
0.0147588
0.0160575
0.015135
0.0155305
0.015163
0.0151222
0.0154092
0.0150464
0.0150958
0.0151675
0.0149637
0.014994
0.0152797
0.0152916
0.0149609
0.0153529
0.0150888
0.0151895
0.0150722
0.0149948
0.0152994
0.0152902
0.0150169
0.0152854
0.0150346
0.0152254
0.0152654
0.0150875
0.0152646
0.0152079
0.0152779
0.0151233
0.0152728
0.0152084
0.015062
0.0150821
0.0151082
0.0150946
0.0150897
0.0152287
0.0152454
0.0150847
0.0152036
0.0152322
0.015228
0.0152296
0.0151115
0.0152279
0.0150943
0.0151547
0.0148624
0.0151589
0.0157972
0.0149606
0.0151049
0.0144799
0.0143681
0.0154378
0.014724
0.0151675
0.015686
0.0154625
0.0146313
0.0154902
0.01482
0.0155857
0.0155584
0.0150395
0.0149315
0.0154414
0.0152056
0.0149218
0.015328
0.0148417
0.0148561
0.0154562
0.0152621
0.0148658
0.0152965
0.0150155
0.0151772
0.015394
0.0153781
0.0149426
0.0149905
0.0153284
0.0149663
0.0150015
0.0144047
0.0153159
0.0151765
0.0126676
0.0136095
0.0159646
0.0162334
0.0155461
0.0137828
0.01401
0.0138826
0.0156807
0.0146495
0.0154614
0.0143449
0.0144374
0.0134282
0.015239
0.014208
0.0155804
0.0147083
0.0150078
0.0155773
0.0153036
0.0148551
0.0152777
0.014996
0.0157501
0.0156958
0.0155928
0.0152603
0.0146981
0.0155737
0.0146779
0.0152212
0.0150942
0.0155335
0.0153472
0.0149945
0.015264
0.0154695
0.0151494
0.0148829
0.0148535
0.015397
0.0150554
0.0149889
0.0153258
0.0150489
0.0151913
0.0151271
0.0150536
0.0153426
0.0149696
0.0153641
0.0150837
0.0121987
0.0157555
0.012548
0.0125025
0.0132511
0.013484
0.0142176
0.0155768
0.0138175
0.013894
0.0140595
0.0149186
0.0160029
0.0159676
0.0143182
0.0156554
0.0145801
0.0145677
0.0144886
0.0156986
0.0154058
0.0155271
0.0146881
0.0155832
0.0152883
0.01554
0.014765
0.0147937
0.0153566
0.0148987
0.0153139
0.0157559
0.0158631
0.0158867
0.0144594
0.0147674
0.014626
0.0153174
0.0146433
0.0147627
0.0155996
0.0155636
0.0155699
0.0148272
0.0153218
0.0154222
0.0148099
0.0149701
0.0153666
0.015415
0.0154125
0.0152866
0.0151089
0.0150846
0.0149114
0.015337
0.0152896
0.0149616
0.01496
0.0153311
0.0150925
0.0149944
0.0149901
0.0150102
0.00921242
0.0124565
0.0122011
0.0130707
0.0133109
0.01336
0.014761
0.0140562
0.015576
0.0144216
0.0151608
0.0157516
0.0151663
0.0154616
0.0148
0.0151478
0.015474
0.0155474
0.0149315
0.0154274
0.0148955
0.014902
0.0153448
0.0154363
0.0154233
0.0149745
0.0153686
0.0153909
0.0149478
0.0150277
0.0152176
0.0153312
0.0149838
0.0151856
0.0152267
0.0151508
0.0152407
0.0150055
0.0150165
0.0152223
0.0150158
0.0152183
0.0152792
0.0150249
0.015124
0.015036
0.0150694
0.0150364
0.0152249
0.0152713
0.0151625
0.0152643
0.0152599
0.0152206
0.0151754
0.0150803
0.015235
0.015084
0.015159
0.0124009
0.0161283
0.0138886
0.0133176
0.0146241
0.0157553
0.0159596
0.016022
0.0157067
0.0149725
0.0154153
0.014462
0.014842
0.0154812
0.0147816
0.0145648
0.0146638
0.0146808
0.0150622
0.0146821
0.0152601
0.0151627
0.0131974
0.0140646
0.0157732
0.0160056
0.0154527
0.014069
0.0142376
0.0141666
0.0155716
0.014766
0.0153971
0.0145068
0.0145796
0.0151472
0.0137761
0.0147975
0.0128187
0.016395
0.0139827
0.0136463
0.0152529
0.0142828
0.0154871
0.0151609
0.0155797
0.0150503
0.0151165
0.0147778
0.0156121
0.0148327
0.0147813
0.0152765
0.014851
0.0148798
0.0148502
0.0152747
0.0153998
0.0148733
0.0154558
0.0149286
0.0153514
0.0150807
0.0151465
0.0153888
0.0151562
0.0149825
0.0149951
0.0153575
0.0153516
0.0152226
0.0149773
0.0153051
0.0150515
0.0149873
0.0150973
0.0150438
0.0150841
0.0151225
0.0150262
0.0150113
0.0152948
0.0150964
0.0152906
0.0151065
0.0151032
0.0151238
0.0151587
0.0152247
0.0151858
0.0152618
0.0147195
0.0119675
0.0144596
0.0163025
0.0164374
0.0146815
0.0143735
0.0160789
0.0143598
0.0141268
0.0141613
0.0144264
0.0147395
0.0157124
0.0156733
0.0151363
0.0148708
0.0146883
0.0119609
0.0150533
0.0150982
0.0149528
0.0143722
0.0143501
0.0155708
0.015172
0.0153017
0.0146786
0.0148273
0.0148939
0.0153138
0.0149191
0.0151173
0.0148877
0.0149069
0.0150319
0.0149469
0.00686431
0.015332
0.0138351
0.0152841
0.0132881
0.0135365
0.0134575
0.0157058
0.0147904
0.0139576
0.0142202
0.0154774
0.0143203
0.0151827
0.0156694
0.0151087
0.0154247
0.0155779
0.014978
0.0151446
0.0151472
0.014944
0.0152579
0.0145344
0.0153053
0.0157714
0.0147523
0.0155926
0.0146101
0.0147588
0.0147159
0.0147012
0.0151044
0.0151591
0.0150356
0.0151594
0.0150377
0.0149708
0.015022
0.0149311
0.0153821
0.0149286
0.0152614
0.0151244
0.0152055
0.0151546
0.0172204
0.0174525
0.0168664
0.0156077
0.0148019
0.0161277
0.013598
0.013313
0.0135542
0.0138723
0.0140755
0.013991
0.0157846
0.0153019
0.0154906
0.0143331
0.0108537
0.0107515
0.0130312
0.0162656
0.0126206
0.0132
0.0139783
0.01518
0.0145134
0.0155198
0.0159436
0.0153227
0.0151973
0.0151144
0.0155489
0.014952
0.0155075
0.0148841
0.0154596
0.0149412
0.0153197
0.0154167
0.0153663
0.0150778
0.0150032
0.0153871
0.0152802
0.0152208
0.0150086
0.0151873
0.0153369
0.0150317
0.0150575
0.0150064
0.0150143
0.0151981
0.0150993
0.0150689
0.015049
0.0151151
0.0150995
0.015269
0.0152856
0.0152805
0.0152811
0.0150847
0.0152735
0.0151722
0.0150607
0.0152078
0.0151574
0.0150902
0.0152527
0.0151607
0.0151152
0.0150822
0.0151439
0.0152385
0.0150815
0.0130984
0.0145287
0.0151622
0.0141714
0.0154365
0.0154824
0.0157891
0.0151275
0.0135772
0.0151318
0.0137651
0.0140754
0.0144197
0.0148635
0.0144235
0.0145646
0.0152321
0.0153416
0.0153304
0.0146017
0.0156143
0.0156288
0.0147049
0.0152806
0.0147476
0.0148029
0.0154465
0.0154148
0.0148576
0.0148638
0.0153959
0.0151193
0.0149871
0.014918
0.0155395
0.0140895
0.0150284
0.0142175
0.0152503
0.0155669
0.0149659
0.0155567
0.0155461
0.01551
0.0146942
0.0147985
0.0147878
0.0155653
0.0147693
0.0152418
0.014801
0.0151587
0.0152502
0.0154426
0.0154498
0.0154471
0.0150473
0.0152551
0.0150785
0.0151968
0.0153694
0.0149674
0.0152212
0.0150698
0.01502
0.0149734
0.0150808
0.0150377
0.0149983
0.0150073
0.0150836
0.0150728
