0.00204721
0.00619572
0.00267819
0.00282804
0.0011029
0.00312697
0.00184214
0.0023848
0.00418067
0.00349648
0.00360668
0.0037571
0.00343225
0.00339831
0.00340986
0.00333556
0.00344417
0.00345158
0.00344885
0.00337919
0.00328176
0.0035171
0.00339234
0.00330606
0.00330922
0.00349903
0.00339624
0.00334516
0.00330755
0.00330514
0.00344914
0.00336804
0.00343992
0.00343395
0.00335105
0.00345618
0.00334951
0.00344901
0.00333342
0.00339929
0.00335791
0.00345144
0.00343754
0.00333819
0.00342696
0.00342481
0.00334432
0.00335266
0.00334862
0.0033484
0.00344776
0.0034024
0.00343458
0.00342323
0.0034368
0.00337559
0.00343427
0.00343513
0.00340902
0.00342224
0.00339828
0.00332949
0.00282649
0.00524022
0.00250063
0.00317919
0.00188843
0.00430985
0.00202921
0.00457429
0.00225535
0.00228842
0.00408914
0.00260252
0.00248362
0.00420643
0.00386152
0.00403583
0.0026788
0.00295468
0.00260899
0.00296917
0.00274069
0.00274152
0.00333044
0.0038881
0.00294927
0.00350612
0.00312073
0.00320002
0.00309787
0.00320735
0.003618
0.00387267
0.0038206
0.00355797
0.00297249
0.00381002
0.00378101
0.0033244
0.00365842
0.00303397
0.00371811
0.00360997
0.00315294
0.00326924
0.00311115
0.0034536
0.00365965
0.00231117
0.00346984
0.00358939
0.00477926
0.00164969
0.00181308
0.00471206
0.00204901
0.0043865
0.00439007
0.0039649
0.00238341
0.00321926
0.00317096
0.00258353
0.00420906
0.00405779
0.00259427
0.00264805
0.00264201
0.00313882
0.0039593
0.00279538
0.00283358
0.00338037
0.00329475
0.00303488
0.0033009
0.00346171
0.00294903
0.00330936
0.00326005
0.00362169
0.00361015
0.00356295
0.00347631
0.00307244
0.0036715
0.00325382
0.00368088
0.00293613
0.00342712
0.00347638
0.00409549
0.00232835
0.00255182
0.00427653
0.00270847
0.00391419
0.00400454
0.0036948
0.00281646
0.00330703
0.00327896
0.00284349
0.00393397
0.00379035
0.00288907
0.00290261
0.00291282
0.00324667
0.00375666
0.0029977
0.00303469
0.00338751
0.00333508
0.00317006
0.00333838
0.00343762
0.00310268
0.003343
0.00331072
0.00354209
0.00353627
0.00350494
0.00344858
0.00317801
0.00358239
0.00330411
0.00359263
0.00253104
0.00405597
0.00346006
0.0033978
0.00355033
0.00266679
0.00358931
0.00347487
0.00271609
0.00272723
0.00287007
0.00365933
0.00329439
0.00376208
0.00305333
0.0031455
0.00374102
0.00375918
0.00303293
0.00369175
0.00320715
0.0033235
0.00339832
0.00339832
0.00347863
0.0031879
0.00350797
0.0031689
0.00319695
0.00331655
0.00338183
0.00268622
0.00330802
0.00273528
0.00328683
0.00357355
0.00361879
0.00292352
0.00364646
0.00306524
0.00315155
0.00318239
0.00345865
0.00357834
0.00366496
0.00320156
0.00361899
0.00359277
0.0031994
0.00323844
0.00360466
0.00357493
0.00321748
0.00335793
0.00356423
0.00343242
0.00324987
0.00339737
0.0032319
0.00356285
0.00342561
0.00347681
0.00327374
0.00352186
0.0033916
0.0034683
0.00351704
0.00337616
0.0034554
0.0039834
0.00198347
0.00346261
0.00475225
0.004742
0.00181162
0.00196442
0.00442229
0.0023853
0.00235973
0.00241577
0.00404409
0.0024942
0.00253288
0.00270692
0.00406998
0.00372232
0.0038832
0.00386332
0.00359691
0.00304026
0.00283144
0.00337878
0.00386084
0.00315932
0.00298712
0.00370466
0.00303974
0.00379734
0.00315721
0.00300674
0.00304243
0.00372752
0.00342425
0.00349199
0.00309369
0.00320554
0.00366924
0.00352037
0.00352601
0.00364475
0.00338956
0.00344144
0.00324413
0.00335643
0.00340802
0.00347073
0.00351459
0.00344177
0.00327873
0.0033711
0.00330402
0.00337134
0.00328767
0.00350404
0.00336932
0.00349769
0.00344089
0.00345022
0.0033341
0.00331912
0.00347984
0.00343034
0.0034467
0.00344943
0.00346415
0.00346778
0.00341885
0.00346563
0.00345999
0.00337291
0.00338798
0.00345293
0.0034237
0.00336323
0.00337498
0.00344565
0.00335253
0.0034056
0.00340718
0.00342664
0.00338121
0.00343187
0.00338624
0.0034146
0.00343636
0.00293516
0.00327854
0.00285402
0.00300257
0.00380673
0.00307313
0.00377643
0.00301926
0.00296806
0.00299475
0.00307291
0.00345254
0.00311464
0.00310997
0.00358901
0.00337542
0.00349335
0.00318993
0.00338043
0.00333921
0.00324413
0.00108057
0.00414726
0.00433026
0.00419376
0.00202081
0.00412845
0.00232099
0.00256205
0.00340102
0.00303885
0.0025711
0.00378815
0.00387981
0.00267528
0.00396084
0.00282383
0.00386309
0.00291823
0.00379047
0.00292522
0.00293967
0.00296248
0.00342467
0.00319113
0.00357826
0.00339747
0.0034566
0.00364978
0.00310316
0.00367976
0.00336348
0.00365282
0.00361956
0.00341455
0.00338755
0.00356017
0.00344367
0.00321077
0.00357992
0.00326905
0.00340111
0.00351413
0.00350384
0.00355429
0.00325139
0.00337119
0.00350968
0.00331011
0.00329175
0.00327383
0.00328989
0.00341411
0.00333731
0.00328968
0.00345021
0.00349944
0.00330267
0.00348405
0.0033244
0.00346538
0.00331492
0.00331575
0.00333513
0.00346161
0.00332576
0.00345093
0.00333112
0.00339948
0.00346043
0.00343077
0.00339455
0.00344125
0.00341545
0.0033952
0.0038839
0.00305641
0.00253867
0.00418754
0.00313918
0.00301236
0.00394049
0.00402857
0.00288163
0.00376681
0.00302021
0.0029254
0.00325987
0.00320944
0.00348963
0.00340666
0.00353225
0.0029639
0.00359012
0.00303687
0.00326065
0.00304521
0.00362128
0.00307129
0.00309308
0.0031111
0.00319542
0.00320792
0.00342841
0.0034533
0.00319427
0.00333389
0.00319119
0.00349263
0.00339145
0.00341141
0.00321806
0.00321785
0.00553398
0.000917532
0.00371111
0.00465809
0.000311049
0.000719825
0.000908776
0.00161011
0.00327431
0.00165498
0.00314351
0.00206764
0.00256154
0.00224236
0.00239573
0.00240648
0.00315555
0.00382452
0.00280239
0.00367284
0.00279195
0.00342787
0.0041283
0.00419306
0.0025227
0.00256155
0.00396735
0.00287246
0.00283116
0.00282183
0.0037382
0.00287488
0.00289557
0.00303586
0.00382156
0.00357154
0.00366548
0.00366208
0.00350718
0.00320567
0.00305438
0.00338928
0.00368199
0.00326719
0.00316415
0.00357663
0.00319488
0.00364017
0.00326151
0.00316304
0.00318037
0.00360261
0.00341417
0.00345355
0.00321402
0.00328641
0.00356597
0.00336556
0.00220354
0.00400068
0.00103765
0.00187388
0.00310524
0.00417581
0.00455479
0.00447725
0.00347392
0.00431195
0.00229334
0.00232245
0.00239112
0.00381059
0.00254095
0.00359876
0.00273441
0.00302328
0.00368844
0.00277744
0.00335387
0.00348913
0.0029403
0.00361902
0.00314999
0.00316323
0.00298527
0.00334843
0.00322916
0.00274468
0.00231837
0.00289488
0.00332403
0.00266869
0.003348
0.00277112
0.0039451
0.00335509
0.00366644
0.00349646
0.00375455
0.00381572
0.00376405
0.00299678
0.00307528
0.00303647
0.00318072
0.0034205
0.00358895
0.0035916
0.00346344
0.00351537
0.00334342
0.00313326
0.00363494
0.00325035
0.00362495
0.0035613
0.00317304
0.00331225
0.00320117
0.0035887
0.00336498
0.00356741
0.00324142
0.00333637
0.00351642
0.00354625
0.00332504
0.00256109
0.0021334
0.00111019
0.00145896
0.00404722
0.00397318
0.00213817
0.00382246
0.00296875
0.00314031
0.00340626
0.00395355
0.00352585
0.00377996
0.00371384
0.00309227
0.00353502
0.00316947
0.00350838
0.00332886
0.0033908
0.00315516
0.00315766
0.00324714
0.00344438
0.00361424
0.00335755
0.00344167
0.00323419
0.00358627
0.003281
0.00354239
0.00355212
0.0035752
0.00355591
0.00355746
0.00324641
0.00355073
0.00331161
0.00351741
0.0032574
0.00345115
0.00353009
0.00352707
0.00344367
0.00344858
0.00351488
0.00339478
0.00333584
0.0033913
0.00330849
0.00350039
0.00337366
0.00331364
0.00334462
0.00332789
0.00347176
0.00345138
0.0034574
0.00294624
0.00284678
0.001391
0.00273843
0.00151194
0.0017559
0.00225416
0.00225846
0.00249422
0.00228538
0.00244485
0.00391429
0.0025786
0.00327304
0.00301617
0.00360163
0.00310829
0.00294535
0.0029868
0.00171277
0.00507892
0.000389699
0.00361547
0.00437427
0.00115904
0.0014287
0.001589
0.00206669
0.00330342
0.00209726
0.00320373
0.0023659
0.00276168
0.00250606
0.0026061
0.00262393
0.00320838
0.00374039
0.00293094
0.000530822
0.00168561
0.00249442
0.00269449
0.00419688
0.00355597
0.00419834
0.00349758
0.00267382
0.00411897
0.00314997
0.00282498
0.00395465
0.00342974
0.00296356
0.00362665
0.00376743
0.00332675
0.0033787
0.00336731
0.00327936
0.00343364
0.00332362
0.00368252
0.00360251
0.00365037
0.00365737
0.00337037
0.00326908
0.0036324
0.0032488
0.00320619
0.00335887
0.00328359
0.00352494
0.00346188
0.00342014
0.00351118
0.00353712
0.00343232
0.00329864
0.00324417
0.00325695
0.00327415
0.00330275
0.00335858
0.00353157
0.00350233
0.00349414
0.00329299
0.00350015
0.00329816
0.00346998
0.00344907
0.00346489
0.00330421
0.00125002
0.00291848
0.0011155
0.00160798
0.00140505
0.0043191
0.00305366
0.00188494
0.00245575
0.00231749
0.00387495
0.00313339
0.0025752
0.00259882
0.00393383
0.00294937
0.00287194
0.00374287
0.00326274
0.00298014
0.00179587
0.00328067
0.00315342
0.00250325
0.00296321
0.00314547
0.00277463
0.0037186
0.00293615
0.0031797
0.00302816
0.00330792
0.00365981
0.00307447
0.00347995
0.00319103
0.00314301
0.00320361
0.00320371
0.00152711
0.000930011
0.00389768
0.00459029
0.00207514
0.00204927
0.00407868
0.00437658
0.00354656
0.00406103
0.00374475
0.00313644
0.00334243
0.00334471
0.00297189
0.00361181
0.00275496
0.00336456
0.00300169
0.00267137
0.00395869
0.00344363
0.00339537
0.00352289
0.00277348
0.00355819
0.00346124
0.00279695
0.00281143
0.00292691
0.0036244
0.00330701
0.00371853
0.0030967
0.00317676
0.00370269
0.00372129
0.00307111
0.00365917
0.00322913
0.00333135
0.00339755
0.00339757
0.00346909
0.00321028
0.00349572
0.00319165
0.00321742
0.00332471
0.00681852
0.00689494
0.00151493
0.00289738
0.00503593
0.00102321
0.00494692
0.00501432
0.00426933
0.00199853
0.00466929
0.00411557
0.00203374
0.00203451
0.00274952
0.00411012
0.00277872
0.0026177
0.00267677
0.00339828
0.001111
0.00443146
0.00454451
0.00199766
0.00376542
0.0039381
0.00339828
0.00422974
0.00327728
0.00296512
0.00349375
0.00377224
0.00349492
0.00360045
0.00367981
0.00316162
0.0036681
0.00329772
0.00344192
0.00361481
0.00361019
0.00327618
0.0032128
0.0032658
0.00327277
0.00346228
0.00357427
0.00325483
0.00353717
0.00355031
0.00352926
0.00348576
0.00352982
0.00352
0.00353322
0.00351132
0.00338789
0.003488
0.00339266
0.00344238
0.00343152
0.00330012
0.00330473
0.00337864
0.00331582
0.00340054
0.00333939
0.00342509
0.00335073
0.00340335
0.00346583
0.00333819
0.00347705
0.00346441
0.00336365
0.00339828
0.000339043
0.00223864
0.00182992
0.00117065
0.00175562
0.00306649
0.00213966
0.00261316
0.0032
0.00339828
0.00251822
0.00351052
0.00392294
0.00281351
0.0032371
0.0025602
0.00369455
0.003872
0.00264764
0.00378827
0.00275907
0.00317893
0.00393466
0.00328647
0.00380633
0.00363087
0.00299831
0.00302292
0.00300665
0.00371214
0.00308634
0.00306755
0.0030836
0.00311668
0.00312051
0.00314974
0.00359612
0.00316554
0.00339828
0.00339464
0.00334167
0.00332964
0.00335771
0.00329171
0.00367225
0.00305072
0.00339729
0.00311789
0.00339805
0.00354222
0.00298792
0.00299005
0.00341906
0.00362565
0.00369066
0.0031284
0.0031112
0.00336642
0.00366054
0.00364589
0.00331697
0.00361796
0.00322291
0.00334148
0.00331969
0.00349417
0.00319055
0.00336887
0.00321615
0.00342683
0.00342412
0.0032397
0.00330522
0.00352283
0.00353145
0.00351511
0.00333353
