0.0147431
0.0102183
0.0108574
0.010935
0.0116164
0.0129775
0.0132385
0.0129567
0.0134395
0.0138777
0.0147431
0.0147431
0.0147436
0.014765
0.0147585
0.0147684
0.0147554
0.0147603
0.0147546
0.0147527
0.0147498
0.014755
0.0147494
0.014753
0.0147399
0.0147529
0.0147484
0.0147528
0.0147467
0.0147485
0.0147419
0.0147513
0.0147443
0.0147432
0.0147489
0.014749
0.0147492
0.0147472
0.0147445
0.0147401
0.0147489
0.0147479
0.014746
0.0147419
0.0147495
0.0147484
0.0147493
0.0147488
0.0147482
0.014743
0.0147446
0.0147462
0.0147482
0.0147471
0.0147477
0.0147443
0.0147422
0.0147473
0.0204674
0.0147431
0.0151787
0.0149415
0.0148026
0.0148557
0.0149781
0.0147132
0.0148061
0.0146916
0.0148154
0.0149119
0.0149055
0.0148565
0.0147987
0.0147717
0.0147729
0.0148232
0.0147063
0.0147477
0.0147171
0.0147127
0.0147692
0.0147111
0.0147434
0.0147846
0.0147995
0.0147678
0.0147935
0.0147982
0.014749
0.0147907
0.0147251
0.0147865
0.0147196
0.0147522
0.0147703
0.0147311
0.0147313
0.0147582
0.0147407
0.0147655
0.0147552
0.0147616
0.0147381
0.0147571
0.0147657
0.0147378
0.0072144
0.0144287
0.0144684
0.0145778
0.0146988
0.0147301
0.0146954
0.0146746
0.0147899
0.014652
0.014759
0.014676
0.0147318
0.0147031
0.0146984
0.014691
0.0147728
0.0147613
0.014773
0.0147644
0.0147113
0.0147115
0.0147112
0.0147651
0.0147539
0.0147245
0.0147467
0.0147415
0.0147192
0.0147187
0.0147333
0.0147281
0.0147527
0.01472
0.0147555
0.0147329
0.011346
0.0145575
0.0146071
0.0146699
0.0147246
0.014736
0.0147228
0.0147116
0.0147746
0.0146889
0.0147525
0.0146996
0.0147369
0.0147224
0.014712
0.0147092
0.0147633
0.0147547
0.0147639
0.0147574
0.014724
0.0147217
0.0147235
0.0147583
0.0147502
0.0147314
0.0147455
0.014742
0.0147278
0.0147275
0.0147368
0.0147335
0.0147496
0.0147277
0.0147516
0.0147365
0.0147431
0.0143582
0.0144409
0.014473
0.0145722
0.0145566
0.0145336
0.0145798
0.0146659
0.0146159
0.0146095
0.014581
0.0146967
0.0146741
0.0146013
0.0146514
0.0146271
0.0146979
0.0147383
0.0146581
0.0146822
0.014666
0.0146854
0.0146851
0.0147069
0.0146806
0.0147219
0.0146997
0.0147025
0.0141436
0.0147598
0.0146801
0.0146857
0.0147617
0.0147052
0.0146945
0.0147275
0.0147396
0.0147186
0.0147344
0.0147167
0.0147182
0.0147349
0.0147479
0.014739
0.0147256
0.0147242
0.0147295
0.0147556
0.014726
0.0147274
0.0147455
0.0147422
0.0147342
0.0147353
0.0147306
0.0147359
0.0147353
0.0147475
0.0147434
0.0147348
0.0147344
0.0147342
0.0147491
0.0147337
0.0147411
0.0147426
0.0147351
0.0147365
0.0147431
0.0146356
0.0145974
0.0144644
0.0146139
0.0145387
0.0146292
0.0145485
0.0147022
0.0146157
0.014678
0.0147672
0.0146636
0.0145768
0.0146181
0.0147061
0.014625
0.0146465
0.0146775
0.0147116
0.01469
0.0146502
0.0146511
0.0146934
0.0147417
0.0147551
0.0146836
0.0146982
0.0147419
0.0147443
0.0146951
0.0146896
0.0147217
0.0146956
0.0146936
0.0147107
0.0147241
0.014744
0.0147058
0.0147431
0.0147431
0.0147779
0.0147473
0.0147476
0.0147658
0.0147508
0.0147433
0.0147582
0.0147406
0.0147515
0.0147487
0.0147498
0.0147523
0.0147524
0.0147378
0.0147526
0.0147524
0.0147484
0.0147415
0.0147454
0.0147517
0.014751
0.0147494
0.0147426
0.0147503
0.0147482
0.0147494
0.0147494
0.014747
0.0147475
0.0147473
0.0147426
0.0147479
0.0147479
0.0147485
0.0147456
0.0147431
0.0147475
0.0147476
0.0147445
0.0147466
0.0147468
0.0147465
0.0147472
0.0147455
0.0147468
0.0172416
0.0146424
0.0143892
0.0144254
0.0144359
0.0144447
0.0146924
0.0145778
0.0145529
0.0146131
0.0145881
0.0145823
0.0146944
0.0146957
0.0146687
0.0147118
0.0146568
0.0147431
0.0135645
0.0145211
0.0140928
0.014179
0.0142005
0.0141341
0.0146492
0.0142284
0.0147382
0.0147767
0.0143356
0.014387
0.0144404
0.0147116
0.0146543
0.0144962
0.0146117
0.0146481
0.0145772
0.0147539
0.0147073
0.0146368
0.0146951
0.0146665
0.0147156
0.0147442
0.0147136
0.0146901
0.0154828
0.0147431
0.0147457
0.0147512
0.0147699
0.0147598
0.014765
0.0147472
0.0147597
0.014733
0.0147411
0.0147505
0.0147441
0.0147432
0.0147466
0.014746
0.0147534
0.0147529
0.0147523
0.0147527
0.0147533
0.0147447
0.0147407
0.0147408
0.0147521
0.0147475
0.0147435
0.0147507
0.0147389
0.0147503
0.0147497
0.0147421
0.0147496
0.0147401
0.0147406
0.0147397
0.0147418
0.0147487
0.0147477
0.0147474
0.0147418
0.0147443
0.0147471
0.014745
0.014746
0.0147465
0.0147398
0.01474
0.01474
0.0147431
0.0147213
0.0146034
0.0147115
0.0146007
0.0146668
0.0146659
0.0147074
0.0146853
0.0146365
0.0146432
0.0147004
0.014655
0.0146941
0.0146666
0.0146433
0.0146644
0.0147141
0.0146981
0.0146902
0.0147056
0.0147067
0.0147166
0.0146845
0.0147124
0.0146979
0.0147113
0.0147159
0.0147165
0.0147189
0.014701
0.0147302
0.0147256
0.0147274
0.0147107
0.014749
0.0147165
0.0147136
0.00975695
0.0138258
0.0128683
0.0134141
0.0142907
0.0143604
0.0130358
0.0137941
0.0138418
0.0143169
0.014121
0.0141712
0.0142011
0.0141562
0.0145692
0.0143788
0.0147312
0.014301
0.0145714
0.0146343
0.0146298
0.0147327
0.014631
0.0146276
0.0146671
0.014679
0.0147358
0.0146822
0.014695
0.0146561
0.0146916
0.014704
0.0146662
0.0147346
0.014675
0.0146964
0.0147269
0.0146909
0.0146921
0.0147312
0.0146913
0.014695
0.0146963
0.0147136
0.014706
0.0147169
0.0147183
0.0147216
0.0147499
0.014716
0.0147241
0.0147147
0.0147284
0.0147137
0.0147395
0.0147491
0.0147273
0.0147212
0.0146839
0.0144514
0.0141412
0.0142771
0.014205
0.0144721
0.0143111
0.01429
0.0146721
0.0144308
0.0144178
0.0146526
0.0145969
0.0146077
0.0144938
0.0146454
0.0147731
0.0145728
0.0147683
0.0147624
0.0146195
0.0147082
0.0146305
0.0146347
0.0146749
0.0146826
0.0146997
0.0146828
0.0146744
0.0146279
0.0146594
0.0146896
0.0146858
0.0146709
0.0146931
0.0146977
0.0146914
0.0147488
0.0147169
0.014692
0.0147087
0.0147038
0.0147035
0.0147037
0.0147045
0.0146998
0.0147036
0.0147108
0.0147459
0.0147429
0.0147106
0.0147096
0.0147108
0.0147259
0.01473
0.0147272
0.0147181
0.0147212
0.014747
0.01474
0.0147373
0.0147458
0.0147467
0.0147294
0.0147262
0.0147359
0.0147493
0.0135207
0.0126174
0.0146354
0.0143659
0.014437
0.0140931
0.0146918
0.014701
0.0145811
0.0147822
0.0148583
0.0147947
0.014756
0.0148179
0.0147593
0.0148035
0.0147788
0.0147895
0.014729
0.0147872
0.0147724
0.0147441
0.0147714
0.0147818
0.0147755
0.0147786
0.0147771
0.0147359
0.0147633
0.0147548
0.0147732
0.0147724
0.0147711
0.0147613
0.014753
0.0147627
0.0147397
0.0147629
0.014761
0.0147406
0.0147626
0.0147635
0.0147633
0.0147446
0.0147562
0.0147395
0.0147573
0.0147575
0.0147497
0.014752
0.0147442
0.0147437
0.0147541
0.0147537
0.0147531
0.0147479
0.0147551
0.0139356
0.0131659
0.0146972
0.0140277
0.014068
0.0143087
0.0140061
0.0143256
0.0141773
0.0142178
0.0143637
0.0146016
0.0143657
0.0145102
0.0145707
0.0146394
0.0145348
0.0146305
0.0111503
0.0141633
0.0135068
0.0137229
0.0143843
0.0144394
0.0135366
0.0140326
0.0140662
0.0144084
0.0142621
0.0143021
0.014324
0.0142893
0.0146044
0.0144551
0.0147335
0.0143958
0.0146051
0.0130334
0.0140011
0.0126268
0.0146842
0.0130199
0.0136291
0.0135601
0.0137024
0.0141686
0.0147615
0.0147481
0.0147715
0.014809
0.0147777
0.0147655
0.0147862
0.0148022
0.0147891
0.0147464
0.0147545
0.0147862
0.0147837
0.0147808
0.0147499
0.0147799
0.0147792
0.014777
0.0147704
0.0147656
0.0147744
0.0147622
0.0147433
0.0147701
0.0147377
0.0147586
0.0147394
0.0147581
0.0147356
0.0147626
0.0147569
0.0147397
0.0147642
0.0147543
0.0147558
0.0147617
0.0147612
0.0147548
0.0147531
0.0147597
0.0147421
0.0147533
0.0147515
0.0147561
0.0147555
0.0147396
0.0147497
0.0147548
0.0145288
0.0144152
0.0137438
0.0138351
0.0139818
0.0144612
0.0140338
0.0142639
0.0146722
0.0145228
0.0145355
0.0143904
0.0145058
0.0145358
0.0145319
0.0146624
0.0145837
0.0146025
0.014306
0.0143669
0.0144529
0.0143982
0.0144079
0.0144161
0.0146066
0.0145133
0.0145757
0.0146271
0.0145887
0.0146702
0.0146386
0.0146044
0.0146128
0.0146373
0.0146414
0.0146695
0.0145696
0.0139444
0.0135078
0.0137487
0.013855
0.0146194
0.0142779
0.0139486
0.014048
0.0145595
0.0145161
0.014218
0.0143199
0.0143667
0.014738
0.0143611
0.0144236
0.0146735
0.014556
0.01439
0.0143585
0.0146412
0.0145483
0.0145572
0.0145925
0.0146463
0.0145761
0.0146853
0.0146323
0.0146983
0.0146881
0.0146343
0.0146362
0.0146582
0.0147327
0.0147209
0.014658
0.0147031
0.014667
0.0146739
0.014698
0.0146798
0.014699
0.0146986
0.0147164
0.0147271
0.00926885
0.00973782
0.0144026
0.0119374
0.0139773
0.0145282
0.0122856
0.0138136
0.013415
0.0146318
0.0144494
0.01458
0.0143628
0.0139712
0.0140701
0.0146797
0.0142422
0.0145173
0.0145372
0.0103864
0.0129348
0.0126559
0.0137295
0.0135939
0.0147068
0.0136726
0.0145747
0.0146518
0.0143015
0.0148474
0.0148444
0.014813
0.0148335
0.0147603
0.0147797
0.0147953
0.0147733
0.0147896
0.0147758
0.0147725
0.0147701
0.0147753
0.0147596
0.0147712
0.0147738
0.014763
0.0147663
0.0147584
0.0147707
0.0147653
0.0147697
0.014738
0.0147389
0.0147369
0.0147644
0.0147369
0.0147645
0.0147634
0.0147586
0.014754
0.0147537
0.0147427
0.0147517
0.0147592
0.0147422
0.014758
0.0147562
0.0147456
0.0147518
0.0147488
0.0147508
0.0147554
0.0147514
0.0147537
0.0147483
0.014745
0.0147395
0.0147399
0.0134023
0.0130133
0.0129387
0.0135252
0.013722
0.0145913
0.0146181
0.0142331
0.0146479
0.0142955
0.0145206
0.0145336
0.0146884
0.0145228
0.0146178
0.0145406
0.0145814
0.0147501
0.0146447
0.0147577
0.0146404
0.0146366
0.014649
0.014617
0.0146703
0.0146778
0.0146433
0.014656
0.0146602
0.0147437
0.0146767
0.0146901
0.014679
0.0147105
0.0146879
0.0145963
0.0145696
0.014607
0.0147219
0.0147647
0.0146877
0.0146968
0.0146921
0.0147008
0.0147114
0.014679
0.0146782
0.0146812
0.0147211
0.0146914
0.0146853
0.0147015
0.0147381
0.0146933
0.014703
0.0147204
0.0147132
0.0147175
0.0147512
0.0147478
0.0147055
0.0147302
0.0147112
0.014724
0.0147296
0.0147145
0.014733
0.0147253
0.0147325
0.0147325
0.0147183
0.0147489
0.0147391
0.0147344
0.014743
