0.019033
0.0197888
0.0215058
0.0230949
0.0240716
0.024625
0.0237352
0.0237665
0.0250658
0.0250647
0.0250673
0.0250717
0.025058
0.0250486
0.0250631
0.0250573
0.0250537
0.0250536
0.0250607
0.0250578
0.0250523
0.0250591
0.0250591
0.025057
0.0250514
0.0250535
0.0250537
0.0250529
0.0250541
0.0250563
0.0250563
0.0250567
0.0250564
0.0250561
0.0250553
0.0250507
0.0250559
0.025048
0.0250491
0.025054
0.0250546
0.0250549
0.0250489
0.0250542
0.025053
0.0250499
0.0250528
0.0250521
0.0250533
0.0250531
0.02505
0.0250529
0.0250525
0.0250512
0.0258145
0.0250768
0.0252883
0.0251507
0.0250969
0.025041
0.0252025
0.0251267
0.0250556
0.0251202
0.0251692
0.0251688
0.0250988
0.0251361
0.0251196
0.0251425
0.0251317
0.0250853
0.0251178
0.0250945
0.0250799
0.0250706
0.0250731
0.025104
0.0250891
0.0250955
0.0250464
0.0250857
0.0250643
0.0250921
0.0250406
0.0250759
0.0250595
0.0250627
0.0250498
0.0250772
0.025048
0.025055
0.025075
0.0250714
0.0250431
0.0250712
0.0250706
0.0250456
0.025063
0.0250673
0.0250681
0.0250489
0.0250488
0.0250255
0.0248994
0.0250279
0.0250504
0.0249845
0.0250029
0.0250139
0.0249868
0.0250512
0.0249966
0.0250209
0.0250186
0.0250121
0.0250436
0.0250548
0.0250587
0.0250555
0.0250073
0.0250494
0.0250506
0.0250526
0.0250291
0.025034
0.0250581
0.0250528
0.0250331
0.0250305
0.02503
0.0250373
0.0250544
0.0250308
0.0250427
0.0250329
0.0250537
0.0250395
0.0250342
0.025042
0.0250489
0.0250489
0.0250395
0.0249799
0.025036
0.0250498
0.0250194
0.025025
0.0250297
0.0250194
0.0250504
0.0250222
0.0250301
0.0250288
0.0250287
0.0250456
0.0250528
0.0250556
0.0250533
0.0250245
0.0250492
0.02505
0.0250514
0.0250356
0.0250387
0.0250553
0.0250516
0.0250382
0.0250367
0.0250364
0.0250414
0.0250527
0.025037
0.0250448
0.0250387
0.0250522
0.0250427
0.0250392
0.0250441
0.0218666
0.0238054
0.0248726
0.0249036
0.0249228
0.0250266
0.0248708
0.0248666
0.0249247
0.0248792
0.0250369
0.0249266
0.0249986
0.0250339
0.0249648
0.0249775
0.025011
0.024997
0.0249808
0.02496
0.0250128
0.0249986
0.0249846
0.0250013
0.0250301
0.0249819
0.0250007
0.0250336
0.0250417
0.0249988
0.0250489
0.0250482
0.0250186
0.0250247
0.0250332
0.0250334
0.0250269
0.0250252
0.0250476
0.0250322
0.0250448
0.0250433
0.0250388
0.025035
0.0250345
0.0250501
0.0250386
0.0250398
0.0250412
0.0250363
0.0250375
0.0250414
0.0250427
0.0250399
0.0250394
0.0250408
0.0250431
0.0250451
0.025041
0.0250427
0.0250456
0.0250474
0.0250428
0.0250423
0.0250435
0.025047
0.0250434
0.0250464
0.0250487
0.0240361
0.0249462
0.0248622
0.0248557
0.0250188
0.0249809
0.0248745
0.0248782
0.0249092
0.0250558
0.0249189
0.0248877
0.0249377
0.0249311
0.0250062
0.0250097
0.0249439
0.025026
0.0249475
0.0249798
0.0249765
0.0250307
0.0249844
0.0250165
0.0250045
0.0249926
0.0249891
0.025002
0.0250272
0.0250154
0.0250187
0.0250035
0.0250045
0.0250161
0.0250115
0.0250113
0.0250261
0.0251221
0.0250499
0.0250871
0.025055
0.0250705
0.0250573
0.0250668
0.0250504
0.0250599
0.0250571
0.0250571
0.0250587
0.0250589
0.0250488
0.0250564
0.0250582
0.0250476
0.0250521
0.0250542
0.0250549
0.025057
0.025056
0.0250562
0.0250508
0.0250555
0.0250521
0.0250522
0.0250527
0.0250507
0.025051
0.0250503
0.0250492
0.0250505
0.0250537
0.0250529
0.0250531
0.0250524
0.0250528
0.0250512
0.0250497
0.025053
0.0250529
0.0250519
0.0250526
0.0250517
0.0250525
0.0250484
0.0250519
0.0250504
0.0250489
0.0248965
0.0246977
0.0247556
0.0248554
0.0247477
0.0248746
0.0248222
0.0247923
0.0248543
0.0248585
0.0249275
0.0249929
0.0249243
0.0250093
0.0249542
0.0249758
0.0249515
0.0249868
0.0157341
0.0247359
0.0242669
0.0244382
0.0244284
0.0249268
0.0249313
0.0246247
0.0245848
0.0245927
0.0249497
0.0247635
0.0247654
0.025027
0.0248376
0.0247809
0.0249837
0.0249783
0.025018
0.0248346
0.0249858
0.0249762
0.0248947
0.0248974
0.0249021
0.0249073
0.0249744
0.0249263
0.0250133
0.0252115
0.0250596
0.0250489
0.0250727
0.0250599
0.0250578
0.0250535
0.0250602
0.0250549
0.0250584
0.0250576
0.0250512
0.0250582
0.0250573
0.0250574
0.025057
0.0250553
0.0250531
0.0250551
0.0250562
0.025051
0.0250525
0.0250493
0.0250479
0.0250511
0.0250506
0.025053
0.0250544
0.0250517
0.0250498
0.0250493
0.0250495
0.0250532
0.0250527
0.0250512
0.0250524
0.0250526
0.0250506
0.0250493
0.0250522
0.0250475
0.0250508
0.0250518
0.0250507
0.0250517
0.0250488
0.025048
0.0250489
0.0247664
0.0250364
0.0249604
0.0249494
0.0249794
0.0250037
0.0249742
0.0249664
0.0250201
0.0249726
0.0249645
0.025023
0.0250014
0.025055
0.0249746
0.0249994
0.0250283
0.0249833
0.0249829
0.0249993
0.0250249
0.0249944
0.0250301
0.0250377
0.0250027
0.0250029
0.0250235
0.0250074
0.0250246
0.0250368
0.0250122
0.0250222
0.0250208
0.025016
0.0250232
0.0250249
0.0250378
0.0250403
0.00467588
0.0237459
0.0228686
0.0247244
0.0231077
0.0232268
0.0246953
0.0244169
0.0248785
0.0246747
0.0246362
0.0242118
0.024292
0.0249762
0.0243993
0.0249936
0.0246632
0.0247139
0.0250488
0.0245349
0.025008
0.0249735
0.0249686
0.0250324
0.0250089
0.0249759
0.0249757
0.0249836
0.0250536
0.0249833
0.0249757
0.024995
0.0249896
0.0250258
0.0250276
0.0249956
0.0250349
0.0249973
0.0250109
0.0250097
0.0250387
0.0250148
0.0250309
0.0250246
0.0250185
0.0250167
0.0250233
0.0250366
0.0250302
0.0250319
0.0250235
0.0250244
0.0250305
0.0250278
0.0250277
0.0250355
0.0162797
0.0226837
0.0242716
0.0250466
0.0244974
0.0245901
0.0246411
0.0248528
0.0246569
0.0247046
0.0247641
0.0247895
0.024859
0.0249582
0.0248291
0.0250223
0.0248682
0.0249483
0.0250448
0.0249444
0.0250231
0.0249943
0.024932
0.0249433
0.0249373
0.0249805
0.0250012
0.0249947
0.0250228
0.0250488
0.0250487
0.0249043
0.0250282
0.0250144
0.0249883
0.0250341
0.0249994
0.0249995
0.0249988
0.0250187
0.0250325
0.0249987
0.0250003
0.0250076
0.0250394
0.0250434
0.0250158
0.0250196
0.0250158
0.0250295
0.0250169
0.0250188
0.0250261
0.0250465
0.0250262
0.0250415
0.0250448
0.0250418
0.0250513
0.0250445
0.0250384
0.0250408
0.0250303
0.0250339
0.0250393
0.0250378
0.0250365
0.0250487
0.0228472
0.023557
0.0236072
0.024872
0.0238024
0.0248676
0.0245739
0.0243326
0.0244985
0.0258669
0.0252197
0.0250511
0.0251098
0.0251203
0.0251098
0.0250733
0.0250778
0.0250763
0.0250873
0.0250772
0.0250789
0.0250682
0.0250474
0.0250771
0.0250824
0.025059
0.0250761
0.0250792
0.0250541
0.0250653
0.0250758
0.0250744
0.025057
0.0250683
0.0250474
0.025065
0.0250546
0.0250586
0.0250576
0.0250618
0.0250676
0.0250674
0.0250572
0.0250622
0.025057
0.0250517
0.0250629
0.025052
0.0250575
0.0250588
0.0250549
0.0250505
0.025055
0.0250485
0.0250553
0.0250481
0.025051
0.0250566
0.0250489
0.0240955
0.0240901
0.0240548
0.0249402
0.0245245
0.0247406
0.0248932
0.0243891
0.0245036
0.0246506
0.0245873
0.0246857
0.0247738
0.0247625
0.0249801
0.0248708
0.0250225
0.0248573
0.00530165
0.0240255
0.0234225
0.0247888
0.0237352
0.0237776
0.02477
0.0245633
0.0249132
0.0247556
0.0247254
0.0244142
0.0244709
0.0249903
0.0245483
0.0250042
0.0247448
0.0247838
0.0247415
0.023135
0.0214794
0.0239398
0.0241055
0.0247261
0.0242548
0.0243178
0.0250489
0.0251571
0.0250497
0.0250465
0.0251234
0.0251213
0.0251123
0.0250942
0.025085
0.0250757
0.025068
0.0250813
0.0250765
0.025079
0.0250791
0.0250533
0.0250807
0.0250516
0.0250714
0.0250762
0.0250765
0.0250655
0.0250689
0.0250731
0.025069
0.0250701
0.0250724
0.0250719
0.0250698
0.0250536
0.0250461
0.0250654
0.0250582
0.0250666
0.0250566
0.0250526
0.0250647
0.02505
0.0250623
0.0250552
0.0250588
0.025055
0.0250548
0.0250574
0.0250583
0.0250546
0.0250527
0.0250586
0.0250593
0.0162547
0.0236909
0.0242725
0.0242744
0.0242816
0.0248004
0.024463
0.0246057
0.0244118
0.0248438
0.0246887
0.0249685
0.024668
0.0247138
0.0248319
0.0247652
0.0248235
0.0250452
0.0248766
0.0250489
0.0248889
0.0248281
0.0247327
0.0247485
0.0248398
0.0248744
0.0247698
0.0247633
0.0249085
0.0249035
0.024946
0.0249385
0.0248827
0.0249763
0.0249381
0.0250115
0.0249832
0.0249801
0.0250489
0.024432
0.0247317
0.0238478
0.0239585
0.0239426
0.0245052
0.0243986
0.024409
0.0242498
0.0249703
0.0244415
0.0246434
0.0245588
0.0245645
0.0247106
0.0247333
0.024727
0.0247724
0.0248787
0.0223376
0.0239554
0.0249008
0.0249273
0.0249354
0.0250283
0.0248949
0.0248923
0.0249391
0.0249016
0.0250379
0.0249414
0.0250038
0.0250352
0.024974
0.0249851
0.0250148
0.0250023
0.0249879
0.0249697
0.0250163
0.0250036
0.0249912
0.025006
0.0250318
0.0249887
0.0250054
0.025035
0.0250423
0.0250036
0.00296504
0.0223595
0.0221314
0.0216883
0.0240427
0.0238872
0.0246731
0.024153
0.0237602
0.0246199
0.0239835
0.0244525
0.024616
0.0244781
0.0246764
0.0244095
0.0249419
0.0245847
0.0247262
0.0250371
0.0181353
0.0231069
0.0232087
0.0231782
0.0240452
0.0249374
0.0249975
0.0248933
0.0246214
0.0250489
0.0252943
0.0251789
0.0251169
0.025074
0.0250487
0.0250918
0.0250808
0.0250788
0.0250827
0.0250829
0.0250719
0.0250548
0.0250729
0.0250713
0.0250783
0.0250721
0.0250536
0.0250518
0.0250747
0.0250622
0.0250618
0.0250523
0.0250611
0.0250516
0.0250688
0.025068
0.0250636
0.0250582
0.0250592
0.0250545
0.025051
0.0250595
0.0250609
0.0250646
0.0250539
0.0250493
0.025055
0.0250627
0.0250522
0.0250492
0.025059
0.0250576
0.0250481
0.0250517
0.0250475
0.0250535
0.0250573
0.025058
0.0250553
0.0229131
0.0242786
0.0245537
0.0234188
0.0244053
0.0246747
0.0241101
0.0245146
0.0244302
0.0250489
0.0247383
0.0248196
0.0249667
0.024828
0.0249615
0.0248378
0.0248418
0.0248713
0.0248793
0.0249489
0.0249091
0.0250472
0.0249365
0.024962
0.0249445
0.024959
0.024987
0.0250189
0.0250165
0.0250119
0.0250308
0.0249874
0.0249808
0.0250158
0.024991
0.0250018
0.0250489
0.0250456
0.0249253
0.0250027
0.0249876
0.0249785
0.0249848
0.0249865
0.0250492
0.0249863
0.0249905
0.025003
0.024993
0.0249944
0.025025
0.0250084
0.025009
0.0249991
0.0250513
0.0250112
0.0250135
0.0250147
0.025015
0.0250129
0.025019
0.0250224
0.0250306
0.0250224
0.0250361
0.0250206
0.0250294
0.025031
0.0250236
0.0250247
0.0250335
0.0250347
0.0250284
0.0250438
0.02503
