0.0141392
0.0192031
0.0155546
0.0192595
0.0169307
0.0187465
0.0190104
0.0198577
0.020221
0.0202159
0.0202247
0.020324
0.0202862
0.0201894
0.0202203
0.0203987
0.0203391
0.020397
0.0203827
0.0201924
0.0203631
0.0202527
0.0201882
0.020268
0.020329
0.0203011
0.0202106
0.0203334
0.0202742
0.0201224
0.0202947
0.0202297
0.0201746
0.0203117
0.0201457
0.0201598
0.0202404
0.0203023
0.020284
0.0202989
0.0202362
0.0202973
0.0202955
0.0202859
0.0202647
0.020188
0.0201789
0.0201739
0.020279
0.0202096
0.0201702
0.0202164
0.0202598
0.0202646
0.0201869
0.0201967
0.0202527
0.0180361
0.0177705
0.0220131
0.022644
0.0227274
0.0184146
0.0184025
0.0221551
0.022024
0.0189585
0.018956
0.0211529
0.0197999
0.0189761
0.0194285
0.0194746
0.0212709
0.0211243
0.0212851
0.0192677
0.0192803
0.0203828
0.021131
0.0197742
0.0194528
0.0202935
0.0209006
0.019605
0.0203587
0.0208553
0.0200456
0.0207984
0.020825
0.0199464
0.0207503
0.0207175
0.0207259
0.019883
0.0200139
0.0200431
0.0199219
0.0198263
0.0199118
0.0201258
0.0204685
0.0201998
0.0202712
0.0205717
0.0205663
0.0207416
0.0214618
0.022416
0.0184204
0.0214887
0.019539
0.0186062
0.021014
0.0211501
0.0200622
0.019046
0.0213612
0.0194522
0.019266
0.0193516
0.0193266
0.0193721
0.0193858
0.0194344
0.0208534
0.0204091
0.020891
0.0196612
0.0205237
0.0196526
0.019875
0.020778
0.0200601
0.020175
0.0197306
0.0200815
0.0197885
0.0198365
0.0197949
0.020229
0.0203248
0.0201361
0.0203177
0.0205294
0.0202176
0.0196814
0.0197641
0.0201756
0.0208334
0.0192815
0.0207757
0.0205737
0.0193587
0.0194216
0.0194056
0.0193986
0.0209373
0.0207978
0.0207632
0.0202318
0.0200927
0.0203331
0.0207713
0.0206871
0.0197242
0.0201005
0.019944
0.0197785
0.0200571
0.0204447
0.0204873
0.0199014
0.019865
0.0202462
0.0199024
0.0204975
0.0205121
0.0202555
0.0204496
0.020376
0.020227
0.0204625
0.0203698
0.0199927
0.0202243
0.0222615
0.0200967
0.01912
0.0191902
0.020902
0.0204657
0.0197685
0.0198382
0.0196302
0.0196549
0.0203119
0.0204068
0.0200289
0.0202978
0.0198894
0.0200845
0.0198074
0.0199655
0.0198346
0.0203502
0.0203437
0.019997
0.0203145
0.0203643
0.0202433
0.0202567
0.0199793
0.0202241
0.0210946
0.0202243
0.0201113
0.019559
0.0199924
0.0198406
0.019985
0.0204699
0.0202971
0.0197809
0.020375
0.0205904
0.0198577
0.0204199
0.0205501
0.0202186
0.0199194
0.0199537
0.0202045
0.0204226
0.0202454
0.0204304
0.0204556
0.0201781
0.0204396
0.0200259
0.0203703
0.0203109
0.0202892
0.0204015
0.0200765
0.0202292
0.0200878
0.0203652
0.0202283
0.0203435
0.0202281
0.0202235
0.0161675
0.0207704
0.0198124
0.0209219
0.0188015
0.0210758
0.018883
0.0191953
0.0213243
0.018937
0.0212283
0.0192826
0.0193762
0.0210093
0.019394
0.0209846
0.0204953
0.0195101
0.0204133
0.0195349
0.0208298
0.0201648
0.0207714
0.020002
0.0207359
0.0206863
0.0198054
0.020682
0.019782
0.0204635
0.0206214
0.0202758
0.019834
0.020409
0.0201225
0.0204846
0.0202302
0.0202244
0.0202232
0.0202162
0.0201961
0.0202232
0.0200333
0.020168
0.0201847
0.0202428
0.0202631
0.020231
0.0202264
0.0203201
0.0203545
0.0202218
0.0202851
0.0201268
0.0202867
0.0201199
0.0201409
0.0201508
0.0202147
0.0201289
0.020175
0.0203068
0.0202161
0.020173
0.0201608
0.0201688
0.0202823
0.0201567
0.0202911
0.020158
0.0202477
0.0202047
0.0202857
0.0201644
0.0201782
0.0202777
0.020176
0.0202765
0.0202733
0.0202464
0.0202109
0.0201899
0.0202136
0.0202585
0.0211125
0.0202222
0.0194371
0.0201852
0.0204175
0.0201675
0.0204275
0.0196893
0.0199369
0.019798
0.020569
0.0199319
0.0201258
0.0202779
0.0200155
0.0202917
0.0203555
0.0200211
0.0202242
0.0202223
0.0198615
0.0204388
0.0218684
0.0207647
0.0193184
0.0214674
0.01897
0.0193108
0.0194028
0.0191261
0.0196393
0.0200191
0.0194161
0.0193809
0.0196418
0.0203509
0.0195619
0.0195801
0.0205047
0.0196709
0.0196852
0.0201086
0.0206143
0.0198735
0.0202133
0.0202244
0.0197992
0.0203189
0.0199524
0.0201474
0.0201465
0.0204547
0.0204606
0.0199958
0.0204371
0.0204366
0.0204172
0.0201386
0.0202692
0.0204119
0.0202779
0.020133
0.0203854
0.0200656
0.020086
0.0203655
0.020091
0.0202565
0.020358
0.0202676
0.0202238
0.0201385
0.0203033
0.0203211
0.0201213
0.0201585
0.0202543
0.0203169
0.0203076
0.0202883
0.0203076
0.0201497
0.0201509
0.0202864
0.0202791
0.0201528
0.0202538
0.0202769
0.0202939
0.0203099
0.0202239
0.0203536
0.0202114
0.0197523
0.0195076
0.0205007
0.0197577
0.0205261
0.0194877
0.020679
0.0195454
0.0196292
0.0207766
0.019809
0.0202045
0.0197035
0.0202358
0.020682
0.0200197
0.0206061
0.0205768
0.0199058
0.0205766
0.0204144
0.0199202
0.0199855
0.0199149
0.0199844
0.0202605
0.0199729
0.0202431
0.0204611
0.020242
0.0200374
0.0200167
0.0200449
0.0201485
0.0185169
0.0168974
0.0183907
0.0172326
0.0190655
0.0178793
0.0211868
0.019221
0.0184598
0.0188724
0.01885
0.0193053
0.0193163
0.0192033
0.0202726
0.0193637
0.0195311
0.020224
0.0183337
0.020468
0.020054
0.0205408
0.0193535
0.0206303
0.0195083
0.0197332
0.0209036
0.0195224
0.0208284
0.0196412
0.0196942
0.0206686
0.0197092
0.0206798
0.0203683
0.0198169
0.0203273
0.0198067
0.0205881
0.0201934
0.0205684
0.0201032
0.0205429
0.0205016
0.0199842
0.0205082
0.0199467
0.0203646
0.0204707
0.0202549
0.019987
0.0203329
0.0201659
0.0203809
0.0201859
0.0202242
0.0151475
0.0196082
0.021994
0.0180178
0.0194706
0.0191061
0.0185864
0.0195289
0.0213293
0.0211971
0.0190063
0.0211609
0.0192949
0.0199994
0.0194821
0.0193489
0.020733
0.0198374
0.0196719
0.0207962
0.0196529
0.0196801
0.02009
0.0204443
0.0204323
0.020576
0.0204167
0.020177
0.0202242
0.0194073
0.0202321
0.0202254
0.0200566
0.0208843
0.0201757
0.0196409
0.0199219
0.0200036
0.0206539
0.0198766
0.0206848
0.0206636
0.0199984
0.0204458
0.0199519
0.0200061
0.0200465
0.0205419
0.0199821
0.0204487
0.0199043
0.0199847
0.0202413
0.0201969
0.0204844
0.0204764
0.0204436
0.0202856
0.0204482
0.0200319
0.0202668
0.0200256
0.0203013
0.0200315
0.0202423
0.0200635
0.0203027
0.0168893
0.0148259
0.0186617
0.0182514
0.0185435
0.0212684
0.0205966
0.0202313
0.0196067
0.0201238
0.0202243
0.0212122
0.0202245
0.0209226
0.0202216
0.0203623
0.0200979
0.020058
0.0206043
0.0198996
0.0202577
0.0203965
0.0200716
0.0205384
0.0199437
0.0200289
0.0200667
0.0204622
0.0204562
0.0202173
0.020243
0.0200956
0.0200215
0.0200435
0.0203434
0.0204083
0.020212
0.0202126
0.0200975
0.0200947
0.0203658
0.0203722
0.0203738
0.0201404
0.020105
0.0201128
0.020292
0.0203295
0.0203186
0.0201133
0.0201469
0.0202865
0.0203316
0.0202288
0.0202683
0.020252
0.0201422
0.0203138
0.017418
0.0201731
0.0179258
0.0205626
0.0181002
0.0184672
0.0187931
0.0189911
0.0193295
0.0206264
0.0199612
0.0208607
0.0193236
0.0195936
0.0195174
0.0197436
0.0197615
0.0197379
0.0201779
0.0191475
0.0175842
0.0190326
0.0179223
0.019422
0.0185762
0.0209694
0.019491
0.0188804
0.0191466
0.0191573
0.0194842
0.0194952
0.0194273
0.0202616
0.0195415
0.0196652
0.0201419
0.0112193
0.019229
0.0221907
0.0171212
0.0187231
0.0199763
0.0203844
0.0188292
0.0193161
0.0194621
0.0202243
0.0206139
0.0202299
0.0202266
0.0203223
0.0198971
0.0202179
0.0203368
0.0206003
0.0206045
0.0202022
0.0198808
0.0204445
0.0199144
0.0199101
0.0203678
0.0199708
0.0200145
0.0199632
0.0204584
0.019981
0.0201793
0.0200082
0.0202181
0.0202769
0.0203228
0.0203246
0.0203333
0.0203966
0.0201545
0.0203038
0.0200669
0.0200619
0.0200821
0.0203737
0.0200915
0.0201341
0.0203581
0.0203222
0.0201969
0.0203069
0.0202488
0.0201206
0.0203389
0.0202337
0.0201898
0.0202861
0.0234929
0.0189874
0.0220262
0.0218226
0.0202899
0.0214544
0.0184769
0.0187011
0.0199689
0.0204125
0.0191143
0.0202928
0.0207842
0.019804
0.0195666
0.0202142
0.0201356
0.0202224
0.0202224
0.0200941
0.0204281
0.0198135
0.0196221
0.0197794
0.0196262
0.0197335
0.0196924
0.0198057
0.0197794
0.0202832
0.0199936
0.0200486
0.0204525
0.0201026
0.0199859
0.0203147
0.0219161
0.0202159
0.020903
0.017433
0.0215667
0.0207541
0.0197668
0.019671
0.0188057
0.0198152
0.0191414
0.0207202
0.0195718
0.0194021
0.0200494
0.0194919
0.0195683
0.0201426
0.0196666
0.0202243
0.0220265
0.020118
0.0192522
0.0193086
0.0208137
0.0204275
0.0198338
0.0198916
0.0197078
0.01973
0.0202986
0.0203821
0.0200531
0.0202872
0.0199299
0.0201009
0.0198541
0.0199956
0.0198748
0.0203352
0.0203296
0.0200215
0.020304
0.0203489
0.0202406
0.0202527
0.0200037
0.0202223
0.0127904
0.0158299
0.0190217
0.0158784
0.0172591
0.0218172
0.02188
0.0181637
0.0197812
0.019141
0.0213567
0.0192437
0.0190098
0.0192881
0.0211205
0.0198188
0.0193546
0.0202243
0.0188327
0.0169527
0.0176063
0.0181831
0.021202
0.0194337
0.0194477
0.0202243
0.0202243
0.0202977
0.0202061
0.0203025
0.0206371
0.0206293
0.0206037
0.0201464
0.0199344
0.0202138
0.0201688
0.0203213
0.0201162
0.0202221
0.0201036
0.0201962
0.0202391
0.0200206
0.0203617
0.0204307
0.0203751
0.0204024
0.0204074
0.0200693
0.0203963
0.0201059
0.0202602
0.0201287
0.0203081
0.0200866
0.0202079
0.0201653
0.0203582
0.0203353
0.0201861
0.0202595
0.0202554
0.0202631
0.0201344
0.0202967
0.020326
0.0201358
0.0201289
0.0202782
0.0203037
0.0201422
0.0203089
0.0203089
0.0202804
0.017715
0.019996
0.0207479
0.0187834
0.0192271
0.0193608
0.0202243
0.0202243
0.0202243
0.0188513
0.01885
0.0209257
0.0203204
0.0208586
0.0206506
0.0201606
0.0195632
0.0206298
0.0206935
0.0203412
0.019623
0.0198547
0.0197268
0.0206755
0.01983
0.0205595
0.0199523
0.0204634
0.0203305
0.0205058
0.0201582
0.0205051
0.0199408
0.0199747
0.0204666
0.0202243
0.0167028
0.0202243
0.0184595
0.0202921
0.0200169
0.0198006
0.0195956
0.0196719
0.0196917
0.0202252
0.0198677
0.0206679
0.0197844
0.0201573
0.0198261
0.0201827
0.0201433
0.0199231
0.0198849
0.0199382
0.0204394
0.0199551
0.0199605
0.0201982
0.0204387
0.020347
0.0201237
0.0200119
0.0204143
0.0201259
0.0201964
0.0200453
0.0203807
0.0200857
0.0203688
0.020151
0.0202247
