0.00674349
0.0232693
0.0236601
0.0237283
0.0228767
0.0230076
0.0223933
0.0226566
0.0242138
0.0238617
0.0244713
0.0244777
0.0244737
0.0244882
0.0245006
0.0244977
0.0244932
0.0244821
0.0244797
0.0244709
0.0244789
0.0244875
0.0244869
0.0244827
0.0244832
0.0244747
0.0244823
0.0244636
0.0244768
0.0244783
0.0244758
0.024467
0.0244808
0.0244679
0.0244679
0.0244693
0.0244784
0.0244721
0.0244792
0.0244776
0.024475
0.0244666
0.0244783
0.0244748
0.024476
0.0244776
0.02447
0.0244756
0.0244757
0.0244753
0.024474
0.024474
0.0244749
0.024473
0.0244725
0.0244743
0.0244747
0.02447
0.0245803
0.0244832
0.0250366
0.0247918
0.0245234
0.0245418
0.0245457
0.0247062
0.0245885
0.0246603
0.0244297
0.0246459
0.0245615
0.0245575
0.0245949
0.0245984
0.024577
0.0245595
0.0244239
0.0244384
0.0245516
0.0244521
0.0245184
0.024449
0.0244816
0.0245495
0.0244455
0.0245375
0.0244982
0.0245011
0.0245147
0.0245257
0.0245075
0.0245241
0.0244959
0.024471
0.0244617
0.0245135
0.0244976
0.0245097
0.0244993
0.0245034
0.0244463
0.0244722
0.0244999
0.0244537
0.0244696
0.0244549
0.0242894
0.0244597
0.0243484
0.0244489
0.0242971
0.0245528
0.0244401
0.0243761
0.0243336
0.0243626
0.0245306
0.0245307
0.0245303
0.0245306
0.0245278
0.0244161
0.0245199
0.0245184
0.0243997
0.0245158
0.024405
0.0244158
0.0244256
0.024508
0.0244292
0.0244171
0.0244563
0.0244343
0.0244568
0.0244317
0.0244593
0.0244406
0.0244355
0.0244409
0.0244458
0.0244889
0.0244425
0.0244449
0.0244443
0.0243888
0.0244661
0.0244139
0.0244617
0.0243595
0.0245243
0.0244568
0.0244286
0.0243995
0.0244046
0.02451
0.0245109
0.024511
0.0245119
0.0245087
0.0244421
0.0245044
0.0245036
0.0244285
0.0245018
0.0244294
0.024434
0.0244395
0.0244963
0.0244456
0.0244358
0.0244619
0.0244476
0.0244618
0.0244447
0.0244634
0.0244514
0.0244472
0.0244514
0.0244546
0.024483
0.0244513
0.0244527
0.0244527
0.0243559
0.0244559
0.0240182
0.0242406
0.024203
0.024228
0.0243779
0.0243746
0.0243014
0.0243276
0.0243263
0.0243535
0.0243211
0.0243429
0.0243558
0.0243725
0.0244038
0.024365
0.0244405
0.0244542
0.0244643
0.0244007
0.0244344
0.0243972
0.0244826
0.0244158
0.0244269
0.0244197
0.0244613
0.0244669
0.0244596
0.0244573
0.0244335
0.0245078
0.024462
0.0244891
0.0244867
0.024437
0.0244957
0.0244769
0.0244396
0.0244917
0.0244569
0.0244763
0.0244493
0.0244875
0.0244738
0.0244838
0.024486
0.0244519
0.0244526
0.0244846
0.024474
0.0244818
0.0244578
0.0244563
0.0244803
0.0244571
0.0244729
0.0244784
0.0244596
0.024459
0.024473
0.0244751
0.0244706
0.0243697
0.0239865
0.0238491
0.0239674
0.0241563
0.0243166
0.0243233
0.0243161
0.0244675
0.0243218
0.0242806
0.0243048
0.0242912
0.0243482
0.0243214
0.0243341
0.0244091
0.0243734
0.0244324
0.024422
0.024395
0.0244237
0.0243708
0.0243803
0.0244211
0.0243883
0.0243799
0.0244587
0.0244094
0.02447
0.024494
0.0244369
0.024419
0.0244869
0.024448
0.0244418
0.0244638
0.0244278
0.0245014
0.0244709
0.0245004
0.0244777
0.0244751
0.0244822
0.0244768
0.0244849
0.0244774
0.0244837
0.0244723
0.0244862
0.0244849
0.0244777
0.0244634
0.0244791
0.0244757
0.0244786
0.0244817
0.024481
0.024474
0.024474
0.0244664
0.0244794
0.024477
0.0244792
0.0244788
0.0244676
0.024478
0.0244692
0.0244767
0.0244771
0.0244721
0.0244772
0.0244686
0.0244757
0.0244717
0.0244754
0.0244764
0.0244755
0.024474
0.0244697
0.0244674
0.0244753
0.0244725
0.0244742
0.0244712
0.0244677
0.0244673
0.023822
0.0240668
0.024142
0.0241751
0.0241616
0.0242599
0.024188
0.024375
0.0242454
0.0242998
0.0244175
0.0243455
0.0243082
0.0244157
0.0243326
0.0244459
0.024396
0.024366
0.0244128
0.0244559
0.0230087
0.0238204
0.0239685
0.0240163
0.0238923
0.0239778
0.0243327
0.0239534
0.0239824
0.0240665
0.0243739
0.0241846
0.0240839
0.0241
0.0241916
0.0244269
0.0242924
0.0242862
0.0243885
0.0244074
0.0244205
0.0243574
0.0243486
0.0243655
0.0243048
0.0243831
0.024398
0.0243916
0.0244703
0.0244704
0.0244707
0.0244969
0.0244769
0.0244721
0.0244838
0.0244743
0.0244951
0.0244893
0.0244876
0.0244584
0.0244826
0.0244657
0.024461
0.0244847
0.0244826
0.024482
0.0244837
0.0244744
0.0244811
0.0244815
0.0244825
0.0244827
0.0244803
0.0244797
0.024463
0.024467
0.024464
0.0244797
0.024479
0.0244632
0.0244791
0.0244657
0.0244703
0.0244771
0.0244703
0.0244774
0.024477
0.0244648
0.0244752
0.024476
0.024472
0.0244677
0.0244748
0.0244681
0.0244662
0.0244752
0.0244703
0.0236901
0.0238873
0.0244004
0.0243357
0.0242848
0.0244037
0.024346
0.0244847
0.0243483
0.0244595
0.0244293
0.024415
0.0244051
0.024381
0.0243788
0.0244025
0.0244062
0.0243999
0.024485
0.0244247
0.0244021
0.0244843
0.0244181
0.0244193
0.0244798
0.0244383
0.0244833
0.0244452
0.0244302
0.0244815
0.0244278
0.0244551
0.0244412
0.0244379
0.0244477
0.0244555
0.0244364
0.0244561
0.0244412
0.0244703
0.0223253
0.0224233
0.0224517
0.0234317
0.0229734
0.0233724
0.0241963
0.0236464
0.0238357
0.0242122
0.0239225
0.0240611
0.024009
0.0239889
0.0239618
0.0242747
0.0244703
0.0244703
0.0237964
0.0242576
0.0243313
0.0243298
0.0243418
0.0243685
0.0243747
0.024473
0.0244197
0.024417
0.0244244
0.0244112
0.0244873
0.0244118
0.0244046
0.0244626
0.0244573
0.0244292
0.0244755
0.0244187
0.0244897
0.0244274
0.0244258
0.0244629
0.0244437
0.0244394
0.0244345
0.024466
0.024437
0.0244799
0.0244417
0.0244462
0.0244466
0.0244815
0.0244639
0.0244557
0.0244703
0.0234207
0.024021
0.0241766
0.0245541
0.0244802
0.0240229
0.0243454
0.0244302
0.0241596
0.0241393
0.0244542
0.024232
0.0243537
0.0242859
0.0244169
0.0242981
0.0243795
0.0243085
0.0243534
0.0243294
0.0243333
0.0244575
0.0244868
0.0244354
0.0243738
0.024387
0.0243881
0.0244225
0.0244703
0.0244373
0.0240134
0.0244318
0.0244076
0.024453
0.0244293
0.0244153
0.0244435
0.0244523
0.0244003
0.0244402
0.0244817
0.0244179
0.0244152
0.0244682
0.0244395
0.0244651
0.0244266
0.0244422
0.0244268
0.0244886
0.0244298
0.0244878
0.0244492
0.0244589
0.0244433
0.0244571
0.0244446
0.0244416
0.0244777
0.0244733
0.0244621
0.0244828
0.0244709
0.0244516
0.0244498
0.0244743
0.0244716
0.0244568
0.0226542
0.0214577
0.0231025
0.0233213
0.0238488
0.0236142
0.0237615
0.023859
0.023932
0.0244703
0.0244703
0.0244707
0.0244745
0.0244786
0.0244662
0.0245063
0.0244995
0.0244988
0.0245195
0.0245038
0.0244797
0.0244812
0.024461
0.0244851
0.0245007
0.0245034
0.0244711
0.0245045
0.0244772
0.0244811
0.0244961
0.0244841
0.0244742
0.0244842
0.0244866
0.0244658
0.0244931
0.0244915
0.0244919
0.0244651
0.0244855
0.0244831
0.0244837
0.0244881
0.0244874
0.0244865
0.0244861
0.0244842
0.0244838
0.0244753
0.0244763
0.0244761
0.0244823
0.024481
0.0244758
0.0244767
0.0244703
0.0187766
0.0233192
0.0238167
0.0240714
0.0235492
0.0242348
0.0243061
0.0241266
0.0237972
0.0244602
0.0240842
0.024247
0.0240678
0.0242299
0.0244406
0.0243941
0.0243598
0.0244703
0.0230573
0.023105
0.0230826
0.0237007
0.0233963
0.0236517
0.0242522
0.0238429
0.0239842
0.0242648
0.0240437
0.0241479
0.0241104
0.0240942
0.0240728
0.0243142
0.00530907
0.022473
0.0225833
0.0221807
0.0225706
0.0242926
0.0239022
0.0241733
0.0238402
0.0244703
0.0244703
0.0244771
0.0246883
0.0245966
0.0245642
0.0245035
0.0244997
0.0245008
0.0244953
0.0245045
0.0244953
0.024511
0.0244597
0.0244901
0.0245028
0.0244913
0.0244826
0.024499
0.0244997
0.0244882
0.0244838
0.0244958
0.0244995
0.0244973
0.0244981
0.0244933
0.0244674
0.0244627
0.024495
0.0244932
0.0244842
0.0244745
0.0244895
0.0244833
0.0244903
0.0244778
0.0244857
0.0244886
0.0244634
0.0244622
0.0244832
0.0244623
0.0244742
0.0244845
0.0244824
0.0244802
0.0244822
0.0244791
0.0313952
0.0244669
0.0236225
0.0240261
0.0239919
0.0235654
0.0237393
0.0240297
0.0238877
0.0242837
0.0240185
0.0243272
0.024117
0.0242013
0.0243193
0.0243683
0.0242443
0.0242893
0.0243039
0.0244632
0.0244703
0.0239655
0.0243559
0.0241892
0.0242825
0.024255
0.0241853
0.0244333
0.0244343
0.0243178
0.0244302
0.0242799
0.0243566
0.0244061
0.0243288
0.0244325
0.0244359
0.0243649
0.0244703
0.0135185
0.0240286
0.0233342
0.0234694
0.0233597
0.0237236
0.024345
0.0240902
0.0240371
0.0242346
0.0239207
0.0239641
0.0240594
0.0241105
0.0243267
0.0243015
0.0241726
0.0244703
0.0229946
0.0244494
0.0242208
0.0243391
0.0242229
0.0243012
0.024335
0.0244928
0.0244622
0.0243268
0.0243468
0.0243693
0.0244144
0.0244235
0.0244676
0.0244724
0.0243822
0.024468
0.0244722
0.0244156
0.0244264
0.0244089
0.0244248
0.0244835
0.0244286
0.0244524
0.0244285
0.0244703
0.0244697
0.0201055
0.0211311
0.0211253
0.0212461
0.0231055
0.0242897
0.0232988
0.0243873
0.0240357
0.0238409
0.0242077
0.0236686
0.0238434
0.0240005
0.0244944
0.0244033
0.0240884
0.0240897
0.0142432
0.0232376
0.0233404
0.0231877
0.0243534
0.0234322
0.0237146
0.0243578
0.0238971
0.0244703
0.0249805
0.0244747
0.0246239
0.0245337
0.0245106
0.0245281
0.0244742
0.0244673
0.0244921
0.0245078
0.0245053
0.0244761
0.0244657
0.0244716
0.0244883
0.0244995
0.0244993
0.0244913
0.0244982
0.0244903
0.0244987
0.0244598
0.0244688
0.0244784
0.0244929
0.0244655
0.0244832
0.0244615
0.0244907
0.0244905
0.0244904
0.024476
0.024462
0.0244737
0.024486
0.0244643
0.0244854
0.0244806
0.0244843
0.0244849
0.0244805
0.0244842
0.0244681
0.0244789
0.0244821
0.0244662
0.0244689
0.024481
0.0244741
0.0239331
0.0220356
0.0228073
0.0230801
0.0229726
0.0235217
0.0243899
0.0236771
0.0243255
0.0240997
0.0244703
0.0234856
0.0238134
0.0240193
0.0241854
0.0243055
0.0243736
0.0243614
0.024413
0.0244251
0.0242995
0.0243562
0.024453
0.0243819
0.024382
0.0243619
0.0244343
0.0243485
0.0244695
0.0243918
0.0243948
0.0243739
0.0243742
0.0244698
0.0244619
0.0244586
0.0243977
0.0244404
0.0244089
0.0244815
0.0244703
0.0244243
0.0244329
0.0243663
0.0243994
0.0244123
0.0244492
0.0244544
0.0244344
0.0244219
0.0244056
0.0244816
0.0244282
0.0244232
0.0244884
0.0244201
0.0244251
0.0244454
0.0244216
0.0244227
0.0244256
0.0244868
0.0244311
0.0244383
0.0244451
0.0244394
0.0244346
0.0244522
0.0244439
0.0244618
0.02444
0.0244751
0.0244435
0.0244439
0.0244724
0.0244502
0.0244514
0.0244538
0.0244524
