0.000592274
0.0049138
0.00501368
0.00397054
0.00455254
0.000179725
0.00303334
0.00298893
0.00193619
0.000190524
0.0012096
0.000104174
0.000624714
0.000624845
0.00063465
0.000619153
0.000627084
0.000639766
0.000624846
0.000625221
0.000630412
0.000624665
0.000624999
0.000627889
0.000625768
0.000622862
0.000621313
0.000625281
0.000622645
0.000622988
0.000625173
0.0006255
0.000624513
0.000621052
0.000625309
0.000622371
0.000625176
0.000624852
0.000620942
0.000623352
0.000624219
0.000621372
0.000623059
0.000622737
0.00062339
0.00062378
0.000623624
0.000623096
0.000622851
0.000623244
0.000622904
0.000620292
0.00062161
0.000621706
0.000621528
0.000622413
0.000621954
0.000621578
0.000620809
0.000621643
0.000622217
0.000618801
0.000621199
0.000621446
0.00062134
0.000621531
0.00062044
0.000618924
0.000619098
0.000622315
0.000644423
0.000629107
0.00065799
0.000625212
0.000641324
0.000639316
0.000636692
0.000640702
0.000639265
0.000640323
0.000641
0.000611042
0.000640394
0.000630282
0.000633404
0.000638078
0.000630729
0.000616687
0.000633542
0.000629071
0.000622603
0.000620905
0.000630766
0.000627526
0.00063081
0.000614823
0.000625336
0.000629525
0.000620157
0.000617115
0.000617121
0.000627009
0.000619602
0.000614878
0.000626607
0.000620648
0.000622424
0.000622921
0.000621443
0.00062489
0.000624881
0.00062464
0.000616485
0.000624249
0.000624036
0.00062104
0.000430484
0.000616025
0.000243416
0.000237689
0.000226134
0.000327093
0.000383808
0.000427812
0.000470096
0.000452162
0.000448124
0.000521584
0.000543395
0.000605567
0.000623613
0.000607151
0.000532859
0.000480753
0.000494051
0.000525557
0.000505095
0.000571094
0.000620506
0.00058384
0.000532924
0.000563176
0.000572784
0.000581434
0.000548366
0.000570377
0.000553429
0.000587296
0.00058591
0.000575837
0.0005808
0.000568953
0.000580866
0.000572
0.000599125
0.000576358
0.000599446
0.000585196
0.000603275
0.000595416
0.000587842
0.000618629
0.000585559
3.45653e-05
0.000617764
0.000456746
0.000447709
0.000431389
0.000465167
0.000499569
0.000512739
0.000536541
0.000545294
0.000543011
0.000562758
0.000571802
0.00060965
0.000622181
0.000610743
0.000567942
0.000547635
0.00055199
0.000564939
0.0005571
0.000588418
0.000620019
0.000595971
0.000569381
0.000584206
0.000589552
0.000594576
0.000576712
0.00058826
0.000579241
0.000598154
0.000597792
0.000591893
0.000594313
0.000587897
0.000594386
0.000589468
0.000605597
0.000592019
0.000606022
0.000597241
0.000608463
0.000603469
0.000598628
0.000618719
0.000597366
0.000594541
4.47342e-05
0.000262225
0.000391265
0.000359689
0.000340905
0.000390137
0.000410971
0.000380994
0.000385117
0.000532055
0.000500941
0.000546583
0.000534995
0.00042329
0.000506728
0.000606517
0.000498512
0.000491155
0.000598433
0.000569464
0.000498111
0.000508288
0.000503373
0.000543106
0.000510571
0.000523476
0.000583101
0.000569158
0.000536193
0.000568173
0.000575423
0.000580966
0.000618916
0.000594825
0.000566051
0.00056157
0.000566381
0.000574766
0.000579369
0.000588678
0.000584568
0.000584755
0.000582786
0.000585292
0.000597569
0.000586749
0.000586676
0.000613548
0.000605217
0.000592539
0.000596164
0.000598656
0.000603539
0.000613166
0.000601985
0.000597137
0.000612799
0.000602877
0.000601291
0.000611466
0.000601872
0.000604787
0.000605296
0.000613114
0.000612535
0.000612333
0.000614148
0.000608374
0.000614641
0.000608386
0.000609166
0.000608696
2.62543e-05
8.43828e-05
0.000364184
0.000168262
0.000280445
0.000402808
0.000577822
0.000504587
0.000457688
0.000476202
0.000395657
0.000380526
0.000475488
0.000493753
0.000408011
0.000453189
0.000563782
0.000522693
0.000517895
0.000599436
0.000500467
0.000478474
0.000605186
0.000496067
0.000559802
0.00058735
0.00061098
0.000559473
0.000533546
0.000525502
0.000585978
0.000548954
0.000537645
0.000585812
0.000558229
0.000559197
0.000567752
0.000599336
0.000574873
0.000628872
0.000630428
0.000632045
0.000620924
0.000632687
0.000630731
0.000620902
0.000623632
0.000626819
0.000626639
0.000621179
0.000619409
0.000623316
0.000624182
0.000620621
0.00062356
0.000621904
0.000619745
0.000623586
0.000623473
0.000622999
0.00062065
0.00062002
0.000622841
0.00062315
0.000618775
0.000620718
0.000621752
0.000622737
0.000622064
0.000621495
0.00062034
0.00062196
0.000620029
0.000622085
0.000621208
0.000621514
0.000621759
0.000620289
0.000620391
0.00062089
0.000620085
0.000620439
0.000621343
0.000621274
0.000621241
0.000621134
0.000621122
0.000618979
0.000620173
0.000620167
0.000618704
0.000619914
0.000620731
0.000682063
0.000320064
0.000128937
0.000191452
0.000573422
0.000256723
0.000352996
0.000362599
0.000567468
0.000376672
0.000453091
0.000371409
0.000475915
0.000434946
0.000461811
0.00054221
0.000436453
0.000455979
0.000478159
0.000577833
0.00049355
0.000613723
0.000234728
0.000356879
0.000457364
0.000257635
4.32958e-05
0.000129128
9.41007e-05
8.80121e-05
8.24609e-05
0.000218583
1.8479e-05
6.09374e-05
0.000482993
0.000154935
0.000162895
0.000225443
0.000560311
0.000227643
0.00049832
0.000402016
0.000327581
0.000507318
0.000509817
0.000381422
0.000363577
0.000555426
0.000483054
0.000471561
0.000472672
0.00056774
0.000473644
0.000529789
0.000475872
0.000462798
0.000618428
0.000618924
0.00061871
0.000618663
0.000619297
0.000618692
0.000616122
0.000619526
0.000616369
0.000616538
0.000619328
0.000616767
0.000617693
0.00061696
0.000617974
0.00061715
0.000617854
0.000618712
0.000617354
0.000617364
0.000617629
0.000619893
0.000618373
0.000618248
0.000618003
0.00061775
0.000617959
0.000617794
0.000619003
0.00061878
0.000619597
0.000618193
0.000618875
0.000619569
0.000618038
0.000618039
0.000619087
0.000619047
0.000618149
0.00061828
0.000618827
0.000618385
0.000618463
0.000618249
0.000619506
0.00061828
0.000618542
0.000618923
0.000358183
0.000380331
0.000283246
0.000385182
0.000568975
0.000463411
0.000473011
0.000458654
0.000477088
0.000566211
0.000606986
0.000517493
0.00058319
0.000577695
0.000592876
0.000520487
0.000537246
0.000534157
0.000584549
0.000530152
0.00053608
0.000534962
0.000534378
0.000539428
0.000542824
0.000562311
0.000546402
0.000610513
0.000552905
0.000563451
0.000616353
0.000559637
0.000567149
0.000607528
0.000568725
0.000596657
0.000603411
0.000593256
0.000578436
0.00453031
0.00435889
0.00245781
0.00197787
0.000909702
0.000745515
0.00139689
4.96084e-05
0.000364958
0.000751298
0.000516707
0.000194635
0.000123676
2.37596e-05
9.40703e-05
0.000244778
0.00026375
0.000235395
0.000111031
1.27287e-05
0.000474475
0.000358787
0.000299599
0.000474239
0.000418897
0.000451592
0.000530274
0.000594936
0.000555356
0.000535126
0.000544037
0.000512512
0.000508913
0.000545107
0.000553277
0.000518559
0.000536259
0.000587653
0.000566971
0.000563869
0.000607034
0.000555922
0.000546532
0.000610465
0.000554158
0.000584967
0.000600497
0.000613985
0.000584943
0.000571916
0.000568217
0.000599415
0.000579963
0.000574181
0.000599359
0.00058476
0.000585056
0.000589576
0.000607157
0.000593642
0.000474337
0.000353017
0.000734486
0.000131788
8.04806e-05
6.83176e-05
0.000239532
2.52957e-05
0.00050337
8.27936e-05
9.26613e-05
0.000254046
0.000497366
0.000591049
0.000232429
0.000263393
0.000568345
0.000367241
0.000594127
0.000396542
0.000582187
0.000602149
0.000527369
0.000428404
0.000469301
0.000435315
0.000518476
0.000469076
0.000460236
0.00047848
0.000578257
0.00050245
0.000580903
0.000605805
0.0001057
0.000361566
0.000410697
0.000588412
0.000541091
0.000592524
0.000538945
0.000547842
0.000559525
0.000573704
0.000553386
0.000545599
0.000591373
0.00054803
0.000550225
0.000566263
0.000559208
0.000576499
0.000575231
0.000569525
0.00057957
0.000569953
0.000615857
0.000592695
0.000570761
0.000574637
0.000574095
0.000601278
0.000579109
0.000586824
0.000585646
0.000608088
0.000589416
0.000585645
0.00059374
0.000596313
0.000594874
0.00059166
0.000597831
0.000593158
0.00243905
0.00284463
0.000180936
0.00182556
0.00135988
0.00146396
0.000319868
0.000457052
0.000371245
0.000564142
0.000474624
0.000337732
6.69074e-05
0.000106472
0.000805486
0.000758893
0.000743758
0.000624503
0.000628744
0.000685963
0.000662373
0.00063057
0.000624851
0.000650171
0.000642397
0.000634398
0.000643454
0.000624582
0.000642478
0.000640262
0.000639212
0.000640325
0.00063733
0.000622972
0.000633094
0.000618286
0.000629069
0.00063482
0.000625004
0.0006302
0.000635879
0.000634886
0.000633673
0.000626624
0.000629375
0.000634478
0.000631414
0.000627415
0.000632098
0.000627188
0.000631681
0.000631164
0.000630267
0.000631359
0.000625176
0.000629705
0.000628727
0.000618207
0.000622246
0.00062481
0.000623876
0.000624281
0.00062669
0.000622377
0.00062802
0.000626846
0.000619417
0.00235737
0.000554552
0.000796611
0.000141409
0.000486354
0.000498941
0.000417242
0.000315162
7.94195e-05
0.000265271
0.000238349
0.000420172
0.000336108
6.41116e-05
0.0002474
0.00020567
0.000277099
0.000297605
0.00051375
0.000413466
0.000618924
0.0026943
0.000478409
0.00114451
0.000934714
0.000978289
0.000856409
0.00060264
0.000163784
1.48921e-05
0.000316553
0.000267283
0.000132074
0.000483449
0.000220234
0.000230884
5.24895e-05
0.000581952
0.000430373
0.000267072
0.00799879
0.00274226
0.00173953
0.000275351
0.00019792
0.00278934
0.00156531
0.000404061
0.00191884
0.000929944
0.00141831
0.00136758
0.000633993
0.000446322
0.000622496
1.11471e-06
0.000383417
0.000253932
0.000618924
0.00106756
0.000651043
0.000621824
0.000689811
0.000641327
0.000650935
0.000632829
0.000655842
0.000650916
0.000640304
0.000642603
0.00064295
0.000629038
0.000643024
0.000628167
0.000617963
0.000618736
0.000642618
0.000624959
0.0006237
0.000640139
0.000633878
0.000626525
0.000628216
0.000623726
0.000625319
0.000627343
0.000633106
0.000630036
0.000626672
0.000620054
0.000622421
0.000625129
0.000624631
0.000627479
0.00063143
0.000627882
0.000632485
0.000631414
0.000621795
0.000625944
0.000622787
0.000622824
0.000630818
0.00062796
0.000627669
0.000627612
0.000627416
0.000628241
0.000626568
0.000625346
0.000624956
0.00062492
0.000625566
0.00213905
0.00081343
0.00063308
0.000488841
0.000426858
0.000543057
0.000140869
0.000299427
0.000296633
0.000144194
5.48751e-05
8.71763e-05
7.43447e-05
0.000187651
0.000451811
0.00024692
0.00016067
0.000198744
0.000348509
0.000533619
0.00039847
0.000334378
0.000491037
0.000484828
0.000585279
0.00334792
0.000356378
0.000494787
0.00019362
0.000275568
0.000491478
0.00057986
0.000489526
0.000401093
0.000460105
0.000366889
0.000379424
0.000409901
0.000536873
0.000597653
0.000498958
0.00104071
0.00126873
0.000754605
0.000766825
0.000564074
0.000576588
0.000100598
0.000327163
0.000179221
0.000152713
0.000351294
0.000148861
0.000536523
0.000124793
0.000572944
0.000224325
0.000561812
0.000618924
0.000618924
3.93601e-05
0.000458308
0.000306904
0.000363983
0.000452022
0.000501413
0.000485539
0.000450702
0.000419907
0.000442866
0.0004401
0.000473259
0.000469759
0.000576737
0.000463672
0.000483186
0.000506213
0.00055878
0.000496511
0.000564338
0.000530755
0.000516529
0.000525202
0.000529798
0.000612696
0.000537658
0.000573751
0.000605884
0.000564766
0.000552376
0.000613891
0.000618924
0.00384231
0.00259081
4.87148e-05
0.00116273
0.00330191
0.000243755
0.000982224
0.00164134
0.000366898
0.000569637
0.000563693
0.000688288
0.000494729
0.00025914
0.000132011
0.000389594
0.00043375
9.96047e-05
0.00013053
0.00061171
0.00150063
0.000244098
0.00116469
0.00169411
0.000560126
0.000868559
0.00100443
0.000899184
6.11672e-05
1.04084e-05
0.000233407
2.71852e-05
0.000139792
0.000618924
0.000618924
0.000700769
0.000621152
0.000673542
0.000637727
0.000653121
0.000639571
0.000634525
0.000621229
0.000638277
0.000623162
0.000642935
0.000638658
0.000640826
0.000640424
0.000637538
0.000623647
0.000630359
0.00063579
0.000634169
0.00063268
0.000635706
0.0006334
0.000626353
0.000623504
0.000632541
0.000627137
0.000629789
0.000633333
0.000632025
0.000631779
0.000626877
0.000632419
0.000632563
0.000631891
0.000628407
0.000618491
0.000620442
0.000628541
0.000629517
0.000629454
0.000629474
0.000629832
0.000626466
0.000629019
0.000623819
0.000620961
0.000618324
0.000618338
0.000625343
0.000626814
0.000625747
0.000620417
0.000620857
0.000966161
0.00176476
0.00158082
0.000289772
0.000714837
0.000409593
0.000872229
0.000246454
0.000257761
0.000489472
2.74428e-05
0.000244345
0.000618924
0.00050639
0.000192872
7.35114e-05
0.000361642
0.000592222
0.000410616
0.000427295
0.000334357
0.000377272
0.000351406
0.000365595
0.000372667
0.000482767
0.000465716
0.000441124
0.000424544
0.000465731
0.000450223
0.00044574
0.00049229
0.000537876
0.000576867
0.000553238
0.000579736
0.000499592
0.000594654
0.000563927
0.000546051
0.000524058
0.000522348
0.000533776
0.000556232
0.000538585
0.000618924
0.000618924
0.000441395
0.00059497
0.000542133
0.000512811
0.000525058
0.000514538
0.000538907
0.000550722
0.000534434
0.000533853
0.000553174
0.000596289
0.000545072
0.000555686
0.000611692
0.000551618
0.000616051
0.000582145
0.000553131
0.000598059
0.000593824
0.000569192
0.00061909
0.000576248
0.000571778
0.000578499
0.000574531
0.000575475
0.000576751
0.000606376
0.000592988
0.00061586
0.000601889
0.000612905
0.000616153
0.000586377
0.000588066
0.000588605
0.000588019
