0.0123607
0.00930464
0.00950062
0.0100208
0.0105208
0.0154212
0.0123255
0.0118193
0.014899
0.0127184
0.0154102
0.0134763
0.015193
0.0148141
0.0148119
0.015058
0.014786
0.0149163
0.0145756
0.0148329
0.0149838
0.0148994
0.0146373
0.0149596
0.0146609
0.0149647
0.0148493
0.014808
0.0146682
0.0146893
0.0148082
0.0148231
0.0146823
0.0149011
0.0147855
0.0148443
0.0147242
0.0149121
0.0148349
0.0149154
0.0147716
0.0147967
0.0148643
0.0148829
0.0147959
0.0147242
0.0149015
0.0147272
0.0147616
0.0148465
0.0147341
0.0148846
0.0147787
0.0148025
0.014889
0.0147983
0.0147671
0.014769
0.0148685
0.0148557
0.0148676
0.0147518
0.0147902
0.0147721
0.0148461
0.0148384
0.01485
0.0148338
0.0148687
0.0155434
0.0161005
0.0175955
0.0153024
0.0175921
0.0129314
0.0161141
0.016317
0.0146963
0.0167819
0.0131734
0.0132424
0.0134672
0.0136207
0.0139184
0.0160967
0.0159312
0.01408
0.0157988
0.015841
0.0158765
0.0155127
0.0150152
0.0144105
0.0157106
0.0156518
0.0140474
0.0150033
0.0140597
0.0140857
0.0142101
0.0141381
0.0144562
0.0142949
0.0146547
0.0150749
0.0142105
0.0152095
0.0152723
0.0153358
0.0153264
0.0153017
0.0145287
0.0152754
0.0148373
0.0152583
0.0142339
0.0122533
0.0159219
0.0125009
0.0125911
0.0170713
0.0152514
0.0145942
0.0131389
0.0165641
0.013329
0.0164438
0.016439
0.0133525
0.0161149
0.0134556
0.0151916
0.0160819
0.0136285
0.0140047
0.013755
0.0155533
0.0154962
0.0139159
0.0139002
0.0156212
0.0143447
0.0146066
0.0156291
0.0140156
0.0155352
0.0155581
0.0140664
0.0141182
0.0141603
0.0141742
0.0143074
0.0147785
0.0147086
0.0144405
0.015358
0.0153388
0.0146068
0.0145139
0.0143433
0.0152766
0.014543
0.0145772
0.0135827
0.0152885
0.0135157
0.0133625
0.0162646
0.0150041
0.0147191
0.0139248
0.0157753
0.0137841
0.0157772
0.0158145
0.0139017
0.0155601
0.0139421
0.0150085
0.0155938
0.0140645
0.0143529
0.0141265
0.0152425
0.0152079
0.0142662
0.014252
0.0153177
0.014536
0.0146918
0.0153674
0.0142802
0.0152763
0.0153277
0.0143102
0.0143484
0.0143796
0.0143843
0.0144887
0.014792
0.0147486
0.0145733
0.015183
0.015179
0.0146811
0.0146187
0.0144874
0.0151312
0.0146365
0.0141448
0.0148119
0.0148025
0.0133825
0.0134429
0.0140323
0.0151593
0.0158078
0.0153242
0.0138303
0.0153411
0.0140728
0.0146211
0.0144877
0.0152092
0.0141521
0.0141497
0.0145632
0.0142352
0.0142833
0.0148294
0.0151503
0.0143198
0.0143437
0.0148266
0.0152261
0.0150032
0.0143938
0.0151113
0.0146134
0.0144572
0.0148031
0.0144918
0.015042
0.0148115
0.0153447
0.0140078
0.0145774
0.0149878
0.0149667
0.0142055
0.0153454
0.0145666
0.0143632
0.014468
0.0152377
0.0143395
0.0149784
0.0145507
0.0150912
0.0148034
0.0147684
0.0151334
0.0151674
0.0145961
0.0146255
0.0148208
0.0149482
0.0150631
0.0148494
0.0149163
0.0145622
0.0147255
0.0148772
0.014875
0.0147438
0.014787
0.0147138
0.0149669
0.0146495
0.0148879
0.014634
0.0149546
0.0147162
0.0148152
0.0175356
0.014794
0.0157215
0.0167314
0.0141741
0.0148487
0.0150383
0.0131335
0.0164193
0.0134042
0.0134209
0.0134476
0.0159615
0.014682
0.0156833
0.0144663
0.0148414
0.0139863
0.0137995
0.0155961
0.0151055
0.0144156
0.0151768
0.0140147
0.014832
0.0144363
0.0147405
0.0142709
0.014176
0.0142248
0.0148275
0.0142309
0.0149202
0.015281
0.0144002
0.0144609
0.0144895
0.0152442
0.014381
0.014814
0.0149893
0.0145152
0.0148266
0.0149458
0.0150732
0.0146981
0.0148193
0.0146698
0.0147269
0.0150148
0.0149588
0.0146837
0.0149935
0.0147369
0.0149088
0.0149576
0.014701
0.0146842
0.0148475
0.0149492
0.0149373
0.0147581
0.0148319
0.0148679
0.0149344
0.0149338
0.0147624
0.0148002
0.0147039
0.0148988
0.0147394
0.0149145
0.0147626
0.0148307
0.0147268
0.0147491
0.0147271
0.0147794
0.0148402
0.01489
0.0148828
0.0148847
0.0148081
0.0147803
0.0148824
0.014882
0.0148061
0.014881
0.0147915
0.0148313
0.0148699
0.0148243
0.0148029
0.0147983
0.0141069
0.0143435
0.0147163
0.0139676
0.0152476
0.0140657
0.0141364
0.0141035
0.0142577
0.0143036
0.0150046
0.0150077
0.0150043
0.0147336
0.0148668
0.0148858
0.0147505
0.014778
0.0146405
0.0179416
0.0148004
0.0170977
0.0171448
0.0117136
0.0164027
0.0164843
0.0161954
0.0133375
0.0166624
0.0152909
0.0145068
0.0161113
0.0133725
0.0143009
0.0144301
0.0135304
0.0135212
0.0137521
0.0158029
0.0138292
0.0142277
0.0146526
0.0139434
0.0140062
0.0139992
0.0140755
0.0152718
0.0154556
0.0154216
0.0151478
0.0152798
0.0142982
0.0144568
0.0141837
0.0154157
0.0146532
0.0148188
0.014338
0.0149
0.0148004
0.0151063
0.0145727
0.0145931
0.014502
0.0150708
0.014857
0.0145578
0.0150502
0.0150723
0.0149823
0.0146969
0.0145966
0.0150174
0.0150285
0.0149598
0.0146206
0.0146154
0.0147077
0.0148475
0.0149894
0.0147824
0.0146787
0.014969
0.014967
0.0149672
0.0146898
0.01496
0.0149372
0.014947
0.0149401
0.0148058
0.0149424
0.0149275
0.01478
0.0147198
0.0147232
0.0148891
0.0148004
0.0149099
0.014909
0.0147203
0.0147323
0.0153958
0.0144771
0.0150977
0.0147239
0.0141024
0.0147547
0.0144559
0.014707
0.0138498
0.0150109
0.0152159
0.0154788
0.0140729
0.0154172
0.0144501
0.0151913
0.0154033
0.0153764
0.0144933
0.0152294
0.0151289
0.0152417
0.0143944
0.0145634
0.01492
0.0144609
0.0151661
0.0144533
0.0147447
0.0149947
0.0151405
0.0149226
0.0151188
0.0150049
0.0147716
0.0150556
0.0149539
0.00728719
0.014057
0.00992538
0.0102856
0.0108424
0.0113787
0.0158558
0.0118152
0.0128459
0.0142704
0.014091
0.0159262
0.0145948
0.0158161
0.0158708
0.0146378
0.0136369
0.01422
0.0149081
0.0148146
0.0162066
0.0148056
0.0152148
0.0159996
0.0145457
0.0148313
0.0149132
0.0139501
0.0157254
0.013982
0.0140469
0.0140409
0.0154422
0.0147523
0.0152754
0.0146436
0.0148301
0.0143784
0.0142143
0.0152475
0.0149707
0.0146032
0.0150119
0.0143458
0.0148253
0.0146088
0.0147758
0.0145088
0.0144211
0.0144634
0.0148228
0.0144579
0.0148752
0.0150921
0.0145729
0.0146102
0.014627
0.0150774
0.0145466
0.0151094
0.01095
0.0131544
0.0128467
0.0127445
0.0168458
0.0126828
0.0123779
0.0157091
0.0135197
0.0158548
0.0135554
0.0161055
0.0134125
0.0160424
0.013702
0.0148989
0.0155314
0.0145109
0.0157196
0.0140762
0.0145278
0.0155794
0.0147057
0.0140994
0.0153251
0.015473
0.0148563
0.0152653
0.015387
0.0151472
0.0153233
0.0148123
0.0147914
0.0148152
0.0147125
0.0154406
0.015058
0.0140641
0.0152683
0.0140764
0.0153644
0.0154634
0.0143233
0.0143579
0.015212
0.0153992
0.0142924
0.0142703
0.0153317
0.0151932
0.014451
0.0148695
0.0144065
0.0152248
0.0143986
0.0148797
0.0145628
0.0148551
0.0151628
0.0151737
0.0149405
0.0147825
0.014862
0.0147098
0.015015
0.0146687
0.0145469
0.0149724
0.014564
0.0145951
0.014634
0.0146783
0.0146388
0.0147419
0.00982624
0.0119681
0.0133521
0.0121921
0.0163348
0.0127663
0.0135799
0.0134366
0.0138192
0.0151019
0.0139818
0.0158754
0.0139231
0.0153565
0.0147919
0.0148582
0.0152746
0.0147076
0.0145698
0.0148271
0.0147727
0.0147243
0.0152206
0.0152189
0.0144604
0.0149336
0.0145431
0.0151494
0.015159
0.0145977
0.0150308
0.0151424
0.0147627
0.0150352
0.0146549
0.0150939
0.0147161
0.01459
0.0145881
0.0145873
0.0146218
0.0146241
0.0146728
0.0149203
0.0150272
0.0147073
0.0149992
0.014694
0.0148972
0.0149898
0.0146651
0.0147048
0.0149743
0.0149699
0.0147258
0.0149494
0.0149196
0.0147691
0.014852
0.0149565
0.014765
0.0147175
0.0149424
0.0148637
0.0147274
0.0142926
0.0146582
0.013544
0.0167519
0.0128193
0.0149305
0.0163131
0.0155532
0.0134421
0.0135132
0.0137474
0.0156146
0.0138863
0.0152294
0.013889
0.0139912
0.0140118
0.0140665
0.014078
0.014634
0.00982032
0.0143249
0.0114776
0.011528
0.0120609
0.0122334
0.0155783
0.0126423
0.0134304
0.0144145
0.0142796
0.0156817
0.0146477
0.015606
0.0156595
0.0146783
0.0138837
0.0143541
0.0148866
0.0146386
0.012419
0.0131722
0.0138016
0.0178414
0.016853
0.0101307
0.0119832
0.0120046
0.0139946
0.0157814
0.012687
0.0143994
0.0131928
0.016016
0.0153346
0.0151315
0.0138453
0.014796
0.0148135
0.014841
0.0148076
0.0156422
0.015262
0.0150951
0.0148421
0.0143971
0.0150485
0.0144021
0.0143813
0.014961
0.0145288
0.0152518
0.0147009
0.0152207
0.0152241
0.014942
0.0144451
0.0150238
0.0145208
0.0148341
0.0150127
0.0151389
0.0146856
0.0147603
0.0147726
0.014589
0.0150429
0.0148531
0.015008
0.0146151
0.0145703
0.0150571
0.014899
0.0149344
0.0145975
0.0147764
0.0148099
0.0150104
0.0149468
0.0147423
0.014633
0.014999
0.0149968
0.0147234
0.0148859
0.0149808
0.0146503
0.0148284
0.0146658
0.0146656
0.0148276
0.0147181
0.0136857
0.0147034
0.0150859
0.0142503
0.0163037
0.0124397
0.0152434
0.0146247
0.0160083
0.0151574
0.0130524
0.0138381
0.0161068
0.0159548
0.0157409
0.0135212
0.0146231
0.0137463
0.0155839
0.014124
0.0149058
0.0156546
0.0155204
0.0148872
0.0153929
0.0141916
0.0144278
0.012511
0.0142964
0.0151939
0.0154554
0.0146313
0.0139557
0.0140339
0.0140595
0.0146234
0.0142635
0.0143174
0.0148993
0.0143723
0.014698
0.0150474
0.0144144
0.0146662
0.0150601
0.0145063
0.0150587
0.0147831
0.0142484
0.0153791
0.0155514
0.0119215
0.0156925
0.0129131
0.0130414
0.013388
0.0133959
0.0140162
0.0157015
0.0146942
0.0155776
0.0138972
0.014034
0.0140128
0.0145086
0.0141504
0.0148111
0.012757
0.0158182
0.0147952
0.0148697
0.0145279
0.0156442
0.0156351
0.0144567
0.0138111
0.0151828
0.0154025
0.0144505
0.0147015
0.0141619
0.0144123
0.0145564
0.01422
0.014355
0.0142857
0.0143943
0.0145008
0.0147094
0.0143764
0.0150184
0.0144704
0.0151287
0.0151405
0.0144511
0.0151662
0.0149445
0.0145819
0.0145192
0.0149953
0.00237684
0.00655438
0.0187472
0.0176782
0.00906215
0.00975798
0.0112541
0.0157625
0.011845
0.0128055
0.0151522
0.0124596
0.0131137
0.01292
0.0132208
0.0150285
0.0135042
0.0158001
0.0156981
0.0151832
0.0151241
0.0123091
0.016313
0.0111842
0.0117475
0.0121059
0.0123852
0.0126861
0.0130645
0.0158466
0.0134182
0.0136428
0.0136071
0.0137318
0.0148373
0.0147912
0.0148141
0.0148142
0.0146876
0.0148357
0.0151832
0.0148488
0.0147457
0.0152076
0.0144574
0.0146655
0.0148665
0.0144827
0.0145929
0.0145348
0.0150587
0.0149597
0.0150131
0.0151044
0.0150476
0.0146948
0.0148601
0.0150617
0.0145796
0.0145911
0.0147379
0.0146139
0.0146634
0.0150382
0.0150065
0.0147047
0.0146229
0.0146729
0.0149907
0.0149933
0.0149747
0.0146586
0.0146533
0.0149229
0.0146696
0.0146774
0.0147981
0.0146905
0.0146771
0.0147987
0.0146973
0.014896
0.0147731
0.0148939
0.0149197
0.0147085
0.0147172
0.0147154
0.0142973
0.00717657
0.0117365
0.0119418
0.0124256
0.0139014
0.0129487
0.0139002
0.0131451
0.0139966
0.0154506
0.0148521
0.0138383
0.0148123
0.0128072
0.0158323
0.0142904
0.0156437
0.0134527
0.0153068
0.014875
0.0135461
0.0151969
0.0140209
0.0155231
0.0148755
0.0143788
0.0152228
0.014209
0.0146818
0.0145955
0.0153887
0.014221
0.0142173
0.0143785
0.0149482
0.0151572
0.0149721
0.0143488
0.014368
0.0144968
0.0147153
0.0144231
0.0151746
0.0150731
0.0144722
0.0146649
0.0148103
0.0133849
0.0150218
0.0152947
0.0147485
0.0155465
0.0154804
0.0141032
0.0141036
0.0142026
0.0148169
0.0153758
0.0146993
0.0150379
0.0150448
0.0152757
0.0144672
0.0152259
0.0144496
0.0143939
0.0151606
0.0149725
0.0150464
0.0145193
0.0151457
0.015039
0.0151232
0.0145238
0.0150379
0.0150756
0.0150055
0.0146096
0.0146899
0.0147036
0.0145873
0.0149594
0.0146622
0.014996
0.0146956
0.0148454
