0.0194111
0.00605371
0.0146282
0.0155152
0.0173362
0.0185894
0.0181748
0.0188877
0.0181583
0.0192782
0.0216862
0.0207059
0.019372
0.0209339
0.020934
0.0212874
0.0209343
0.0212243
0.0211625
0.020754
0.0209549
0.0208946
0.0209918
0.0208475
0.0207832
0.0208848
0.0208523
0.0210555
0.0210647
0.0208141
0.0208107
0.0210303
0.0208275
0.0209976
0.0209185
0.0209442
0.0208429
0.0210331
0.0210313
0.0208441
0.0208636
0.0210246
0.0208449
0.0208463
0.0209148
0.0209668
0.0210126
0.020863
0.0208603
0.0209771
0.0210037
0.0209916
0.0210015
0.0209981
0.0209868
0.0209918
0.0209842
0.0209898
0.0208819
0.0209886
0.0209781
0.0208999
0.0209598
0.020911
0.0209319
0.0209756
0.020915
0.0178358
0.0209583
0.0245277
0.0209337
0.0232538
0.0227279
0.0210694
0.0225784
0.0194647
0.0195057
0.0225456
0.0199123
0.01979
0.0214678
0.0221533
0.0219151
0.0200095
0.0221273
0.020015
0.0217475
0.021514
0.0213723
0.021464
0.0200908
0.0210251
0.0215318
0.0206218
0.021644
0.0203011
0.0211701
0.0210313
0.0215665
0.0215501
0.0203601
0.0214927
0.0209838
0.0213652
0.0214554
0.021288
0.0205841
0.0209064
0.0205228
0.0211352
0.020601
0.0211863
0.0212496
0.0212492
0.0211398
0.0212955
0.0189903
0.0187145
0.0229646
0.0211087
0.0212874
0.020769
0.0224974
0.0192838
0.0212281
0.0200783
0.0221025
0.0221062
0.0197549
0.0207857
0.0209536
0.0204771
0.0198075
0.0218995
0.0216926
0.0210733
0.0201499
0.0206189
0.0216961
0.0201378
0.0204606
0.0205989
0.0216359
0.0209029
0.0203
0.0214827
0.0214812
0.0207295
0.0203302
0.0204248
0.0206386
0.020432
0.0204292
0.020681
0.0208872
0.020536
0.020509
0.0205119
0.0205484
0.021111
0.0205676
0.0205744
0.0199897
0.0196162
0.022168
0.0210052
0.0210812
0.0208661
0.0218914
0.0199232
0.0210659
0.020529
0.0215748
0.0215904
0.0202859
0.0208611
0.0209437
0.0207035
0.0202581
0.0215529
0.0213627
0.0210095
0.0203918
0.0207578
0.0214025
0.0204005
0.0206614
0.0207426
0.0214199
0.0209157
0.0205221
0.0212806
0.0212798
0.0208107
0.0205335
0.020613
0.0207493
0.0205854
0.0205948
0.020775
0.0209048
0.0206759
0.0206444
0.0206434
0.0206715
0.0210484
0.0206842
0.0206873
0.0200692
0.0208962
0.0215138
0.0209819
0.0212737
0.0213968
0.0216657
0.0209344
0.0216332
0.0203493
0.0202191
0.0215326
0.0215136
0.0203539
0.0203609
0.021309
0.0209692
0.0208153
0.0212139
0.0207966
0.021343
0.020726
0.0205296
0.0212417
0.0211819
0.0206014
0.020817
0.0206344
0.0211089
0.0211033
0.0206855
0.020655
0.0207165
0.0201465
0.0210155
0.0209318
0.0214861
0.0213168
0.0215426
0.0205924
0.0203915
0.0212033
0.0204847
0.0208716
0.0210914
0.0205454
0.0208752
0.0208442
0.0212533
0.0211539
0.0208836
0.020633
0.0210315
0.0212326
0.0208204
0.0209677
0.0210212
0.0211387
0.0207265
0.0207076
0.0211538
0.0210039
0.0211296
0.0208443
0.020922
0.021018
0.021058
0.0208729
0.0210819
0.0210576
0.0209034
0.0210146
0.020811
0.0192976
0.0226648
0.0212595
0.0200744
0.0225131
0.0196196
0.0212917
0.0198451
0.0217197
0.0201187
0.0204157
0.0198129
0.0203575
0.0217179
0.0212663
0.0217372
0.0217024
0.0201356
0.0209524
0.0201219
0.0202141
0.0202715
0.0214002
0.0203157
0.0203529
0.0214593
0.0213757
0.0213183
0.0209148
0.0207717
0.0212076
0.0207777
0.0204931
0.0206862
0.0212164
0.0213022
0.0210033
0.0212801
0.0205739
0.0206947
0.020941
0.0209587
0.0208239
0.0210244
0.0209391
0.0209445
0.0208613
0.0208735
0.0210175
0.0209325
0.0210859
0.0208631
0.0209933
0.0208313
0.0208734
0.0209753
0.0208138
0.0208117
0.0210586
0.0209966
0.0209286
0.020897
0.0208499
0.0209013
0.0208888
0.0208449
0.0208761
0.0209059
0.021025
0.0210119
0.0208542
0.0208544
0.0209387
0.0210125
0.0209962
0.0209191
0.0209744
0.0210003
0.0209761
0.0208924
0.0209242
0.0209869
0.0209183
0.0209844
0.0209852
0.0209432
0.020945
0.0208845
0.0209352
0.0209005
0.0209128
0.0209035
0.0208715
0.0201882
0.0206342
0.021416
0.0210533
0.0203548
0.0203464
0.0203854
0.0213581
0.0204456
0.0212153
0.0206159
0.0211864
0.0206645
0.0209341
0.0207899
0.0206971
0.0206798
0.0206806
0.021006
0.018185
0.0224277
0.0228422
0.0193477
0.0188532
0.0205635
0.0203178
0.0208265
0.0220145
0.0213486
0.0206238
0.0196764
0.0218453
0.0197986
0.0200587
0.0212911
0.0200058
0.0215376
0.0213788
0.0200772
0.0203813
0.0211109
0.0210327
0.0214732
0.0211065
0.0203177
0.0213519
0.0204465
0.0213078
0.0211653
0.0211238
0.0209305
0.0210575
0.0213003
0.0208694
0.0211665
0.0209487
0.0212261
0.02117
0.0211958
0.0211802
0.0210092
0.0211298
0.0207843
0.0208877
0.0211385
0.0210512
0.0209946
0.0211071
0.0209412
0.0207989
0.0207984
0.0207907
0.020816
0.0209823
0.0208395
0.0210428
0.02096
0.0208117
0.0208221
0.020964
0.0208315
0.0208216
0.0208289
0.0208899
0.0209626
0.0208338
0.0209031
0.0210188
0.020934
0.0210286
0.0210197
0.0209606
0.0209896
0.0208832
0.0208633
0.0208854
0.0210049
0.0209246
0.0204313
0.0201398
0.0214184
0.0211282
0.0208625
0.0215394
0.0200448
0.0204184
0.0202296
0.0206607
0.021117
0.0203137
0.0209786
0.0211365
0.0204146
0.0205354
0.0204329
0.0204529
0.020647
0.0206299
0.0204772
0.0212538
0.0208706
0.0209405
0.020722
0.0212447
0.0212723
0.0212592
0.0206394
0.0210705
0.0207031
0.020629
0.0210204
0.0212046
0.021159
0.0211495
0.0211669
0.020711
0.0207261
0.0209619
0.0141266
0.0227913
0.0196909
0.0199487
0.0207961
0.0183671
0.0218468
0.0187275
0.019967
0.0206046
0.0202895
0.0196853
0.021236
0.0205145
0.0200401
0.021058
0.0200828
0.0202067
0.0219999
0.0210762
0.0205692
0.0218945
0.0201087
0.0210925
0.0204232
0.0213194
0.0205602
0.0206998
0.0202861
0.0206568
0.0213638
0.0211015
0.0214402
0.0214004
0.020495
0.0209455
0.0204499
0.020487
0.020525
0.021199
0.0205612
0.0205747
0.0212467
0.0211886
0.0211578
0.0209246
0.0208448
0.021091
0.0208478
0.020675
0.0207923
0.0211005
0.0211591
0.0209748
0.021145
0.0207083
0.0182312
0.0204854
0.0184716
0.0204499
0.0228361
0.0224597
0.0222949
0.022342
0.0191842
0.0194477
0.0194667
0.0211424
0.020058
0.0199982
0.0199533
0.0218028
0.0208314
0.0200457
0.0199932
0.0201954
0.0201286
0.0216681
0.021093
0.0201583
0.0216299
0.0203149
0.0213922
0.0203732
0.0205126
0.0207345
0.0214007
0.0208334
0.0204303
0.0213379
0.0200224
0.0199961
0.0205005
0.0201827
0.0205631
0.0206592
0.0210439
0.0213098
0.0215149
0.021486
0.0208035
0.0211437
0.0213388
0.0208326
0.0205319
0.0213341
0.0209829
0.0213175
0.0212714
0.0213063
0.0210967
0.0211667
0.0205998
0.0206587
0.0212124
0.0209042
0.020644
0.0206736
0.0212019
0.0210244
0.0210214
0.0209605
0.020885
0.021051
0.0208424
0.0211292
0.020749
0.0210624
0.0211198
0.0208378
0.0194644
0.0195773
0.0180461
0.0196561
0.0202673
0.0211205
0.0192009
0.0192594
0.021069
0.0216448
0.0203363
0.0201534
0.020916
0.0208453
0.0214366
0.0211418
0.0210434
0.0209413
0.0211919
0.0207717
0.0205738
0.0206809
0.0205718
0.0212807
0.0212729
0.0208502
0.0210596
0.0212453
0.0211539
0.0212094
0.0208326
0.0212068
0.021156
0.0207812
0.0211425
0.0210152
0.0210846
0.0211417
0.0208831
0.0207463
0.021133
0.0210042
0.0207645
0.021132
0.0211069
0.0207888
0.0210448
0.0210472
0.020776
0.0210746
0.0208464
0.0210942
0.0210774
0.0210546
0.0209463
0.0210532
0.0210261
0.0208089
0.0210152
0.020958
0.0209613
0.0209692
0.0209915
0.0208635
0.0208485
0.0208849
0.0210373
0.0208702
0.0177495
0.0206782
0.0208388
0.0210013
0.0214418
0.0192315
0.0191994
0.0201159
0.0216745
0.0216957
0.0197078
0.0198728
0.0202988
0.0216174
0.0205929
0.0202289
0.0210628
0.0203398
0.0203123
0.0157799
0.0223633
0.0201431
0.0202585
0.0208294
0.0189328
0.0216179
0.0193299
0.0202243
0.0206873
0.0204519
0.019994
0.021167
0.0206105
0.0202458
0.0210305
0.0202522
0.0190282
0.0188021
0.018333
0.0155555
0.019653
0.0170685
0.017499
0.0176728
0.0205208
0.0221776
0.0189891
0.0186831
0.0193831
0.0194247
0.0197301
0.0208938
0.0213126
0.0211785
0.0205382
0.0204719
0.0212831
0.0206408
0.0204693
0.0210468
0.021378
0.0212537
0.0212948
0.0213916
0.021296
0.020987
0.0211231
0.0213067
0.021299
0.0209403
0.0210594
0.0210124
0.0212461
0.0209762
0.0212232
0.0209922
0.0211597
0.0207149
0.0210819
0.0207143
0.0211532
0.0210526
0.020966
0.0209387
0.0207818
0.0211034
0.0209457
0.0208997
0.02079
0.0209304
0.0211211
0.0207893
0.0208275
0.0208159
0.0209025
0.0209933
0.0208134
0.0210567
0.0208895
0.0210731
0.0210717
0.021067
0.0209713
0.0209751
0.0210126
0.0210562
0.0208184
0.0204644
0.0201334
0.0180668
0.0205177
0.0206702
0.0223384
0.0222986
0.0198019
0.0195048
0.0193756
0.0220067
0.0194419
0.0196127
0.0218287
0.0214786
0.0216655
0.0212831
0.0212813
0.0204697
0.0201214
0.020421
0.021483
0.0204858
0.0207921
0.0204172
0.0212771
0.0203501
0.0212868
0.020823
0.0195166
0.0216864
0.0201612
0.0201662
0.0210444
0.0211419
0.0207562
0.0204146
0.0211147
0.0206357
0.0205552
0.0207269
0.021154
0.0209723
0.0206683
0.0207466
0.020718
0.020091
0.0168545
0.0221025
0.0188367
0.021204
0.0215136
0.0216958
0.021562
0.021323
0.0203667
0.0201316
0.021367
0.0201928
0.0202976
0.0201614
0.0213402
0.0203177
0.020686
0.0202035
0.0209025
0.0214252
0.0209709
0.0212179
0.0213302
0.0215845
0.0209323
0.0215575
0.0204307
0.0202992
0.0214648
0.0214471
0.0204273
0.0204273
0.0212619
0.0209634
0.0208293
0.0211801
0.0208127
0.0213005
0.0207506
0.0205717
0.0212088
0.0211544
0.0206368
0.0208298
0.020667
0.0210895
0.0210846
0.0207118
0.0206839
0.0207395
0.0236587
0.0191678
0.0209522
0.0166115
0.0201489
0.0182258
0.0211055
0.022724
0.0224777
0.0219178
0.0186275
0.0206435
0.0219858
0.0218124
0.02012
0.0195593
0.021323
0.0199105
0.0181237
0.0144781
0.0187265
0.0203916
0.0188396
0.0189315
0.0198043
0.0189025
0.0190519
0.0196613
0.0217054
0.020685
0.0211756
0.0199676
0.0207336
0.0211394
0.0205261
0.0211805
0.0209438
0.0208439
0.0212887
0.0205714
0.0207355
0.0211299
0.020954
0.0211042
0.0212317
0.0212146
0.020793
0.020729
0.0208204
0.0211722
0.0207015
0.0211053
0.0211697
0.0211609
0.020934
0.020805
0.0211245
0.0207592
0.021043
0.0210248
0.0208068
0.0211116
0.0208047
0.0211091
0.0209569
0.0208244
0.0208365
0.0209119
0.0208516
0.0209447
0.0210094
0.0207964
0.0209836
0.0210618
0.0208456
0.021051
0.0210511
0.0210208
0.0208587
0.0210405
0.0208371
0.0210365
0.0210373
0.0208438
0.020982
0.0208659
0.0209209
0.0208675
0.0150524
0.0187633
0.0194993
0.0195866
0.0219506
0.0206463
0.0196645
0.0197247
0.0195936
0.0197225
0.0199228
0.0203863
0.0185156
0.0224771
0.0209902
0.0202651
0.0213321
0.0218545
0.0214342
0.0213903
0.0200443
0.0202522
0.0210726
0.0201679
0.0213213
0.0201999
0.0202877
0.0203145
0.0203232
0.0211521
0.020371
0.020529
0.0204655
0.0204658
0.0213064
0.0204927
0.0213078
0.0205422
0.0205391
0.0208776
0.0212583
0.0207726
0.0210946
0.0207319
0.0206279
0.0206695
0.0209339
0.0210328
0.0209699
0.0204568
0.0208783
0.0201868
0.0210617
0.0203084
0.0214753
0.0210356
0.0206762
0.0208153
0.0204816
0.0211486
0.0205435
0.02051
0.0205203
0.0210831
0.0212703
0.0206366
0.0206519
0.0211974
0.021062
0.0208241
0.0208898
0.0211989
0.020674
0.0211412
0.0210588
0.0207061
0.02113
0.0208324
0.0210759
0.0209972
0.0207846
0.0210479
0.0210958
0.0209504
0.020774
