0.0383122
0.0226362
0.00173508
0.00208689
0.00897152
0.008464
0.00536401
0.00527665
0.00517195
0.00578255
0.00746958
0.00800655
0.00657676
0.00656183
0.00798396
0.00798396
0.00798539
0.00798581
0.00789087
0.00808179
0.00793086
0.00790828
0.0080138
0.00798198
0.00809627
0.00791297
0.00791408
0.00804425
0.00798488
0.00800039
0.00806111
0.00789795
0.00806751
0.00806677
0.00806486
0.0079574
0.00806023
0.00805709
0.00805997
0.00793991
0.00805565
0.00803671
0.00804595
0.00804722
0.00798457
0.0080238
0.0079284
0.00795155
0.00802275
0.00793422
0.00803677
0.00793353
0.00800637
0.00803135
0.00797602
0.00802765
0.00802925
0.00796063
0.00795134
0.00795831
0.00801308
0.00797431
0.00802414
0.00798704
0.00801855
0.00801675
0.00794901
0.00798396
0.0108519
0.00591246
0.00798323
0.00783845
0.00656272
0.0067722
0.00667533
0.00930524
0.00668556
0.00695233
0.00698365
0.00702886
0.00881923
0.00717656
0.00717729
0.00767537
0.00837418
0.00725985
0.00739464
0.0086677
0.0086137
0.00801956
0.00849504
0.00855149
0.00863497
0.00740017
0.00852983
0.00794775
0.00757671
0.0075477
0.00840139
0.00786717
0.00817404
0.00778497
0.0076004
0.00780671
0.00788971
0.00771823
0.00830755
0.00774127
0.00818764
0.00826941
0.00829214
0.0078814
0.00809877
0.00823192
0.00798396
0.00533019
0.00678601
0.00804941
0.00836809
0.00797145
0.0078878
0.00849589
0.00661163
0.00744016
0.00682054
0.00895295
0.0070555
0.00728898
0.00863552
0.00722974
0.00806914
0.00757593
0.00866606
0.00729309
0.00862578
0.00851075
0.00833713
0.00764063
0.00737574
0.00857997
0.00857224
0.00832499
0.00800476
0.00845533
0.00819331
0.00792316
0.00755199
0.00815903
0.00799864
0.00767378
0.00808412
0.00830061
0.00826953
0.00813865
0.0078235
0.00779815
0.00777924
0.00828572
0.00816845
0.00772582
0.00771431
0.00798396
0.0068002
0.00746019
0.00801033
0.00814533
0.00797888
0.00794469
0.00821105
0.00713607
0.0077467
0.00736076
0.00861583
0.00735759
0.00763077
0.00834798
0.00756071
0.00802943
0.00776254
0.00844174
0.00757243
0.00841279
0.00829634
0.00818514
0.00779024
0.00756844
0.00838862
0.00837066
0.00819063
0.00799622
0.00831235
0.008111
0.00794707
0.00769333
0.00809258
0.00799304
0.00778635
0.00804633
0.00819246
0.00817007
0.00808249
0.00788172
0.00786487
0.00785177
0.0081926
0.00810403
0.00781205
0.00780153
0.00798396
0.00795965
0.00795462
0.0063622
0.00881143
0.00753562
0.0081582
0.00848251
0.00775045
0.0076439
0.00736499
0.00745612
0.00838262
0.00797133
0.00814592
0.00827384
0.00834367
0.00762508
0.00832566
0.00792637
0.00770758
0.00824355
0.00773617
0.00811679
0.00818639
0.00818514
0.007809
0.00775705
0.00780797
0.00812106
0.00777506
0.00775441
0.00808045
0.00810459
0.00798396
0.00798396
0.00858481
0.00766748
0.0079783
0.00760547
0.00781715
0.00812544
0.00793112
0.00778236
0.00831339
0.00804333
0.00781667
0.0082542
0.00816435
0.0081617
0.00778146
0.00790296
0.0081727
0.00789699
0.00819245
0.00777441
0.00782425
0.00789509
0.0078798
0.00816171
0.00813187
0.00782254
0.00787015
0.00783145
0.00799886
0.00790635
0.00806058
0.00802623
0.00796674
0.00792035
0.00810375
0.00803735
0.00787344
0.00803969
0.00798396
0.00798396
0.00856427
0.00875879
0.00767612
0.00650196
0.00711877
0.00789514
0.00827881
0.00812124
0.00702989
0.00709693
0.00705699
0.00716232
0.00718085
0.00754565
0.00745105
0.0085188
0.00820562
0.00767724
0.00811592
0.00788863
0.00796052
0.00757725
0.00746831
0.00839701
0.00842056
0.00815613
0.00755755
0.00836097
0.00835443
0.00831896
0.00831275
0.00764
0.00804523
0.00776865
0.0081728
0.0076931
0.00774253
0.00798396
0.00807225
0.00821595
0.00821102
0.00798289
0.0080004
0.00799768
0.00799792
0.00802869
0.00811109
0.00797432
0.00790034
0.00798706
0.00809167
0.00798032
0.00788693
0.00790994
0.00793606
0.0079936
0.00796414
0.00806855
0.00805735
0.00792411
0.00804255
0.00791826
0.00806097
0.00800095
0.00790952
0.00805757
0.00801273
0.00804977
0.00792277
0.00802596
0.00792762
0.00803628
0.00792924
0.0079497
0.00793323
0.00793516
0.00796133
0.00795754
0.00794042
0.00801237
0.00802005
0.0079404
0.00796457
0.00794521
0.00794827
0.00801709
0.00802222
0.00798099
0.00802119
0.00797175
0.00799927
0.00798396
0.00639992
0.00623793
0.00839144
0.00840194
0.00788039
0.00773645
0.00771714
0.00814299
0.00763499
0.00806179
0.00760112
0.00813271
0.00771988
0.00782642
0.00772111
0.00775463
0.00776099
0.00781147
0.00812567
0.00810442
0.00798396
0.00750264
0.00922507
0.0076792
0.00706037
0.00607492
0.00635834
0.008623
0.00692026
0.00867513
0.00793104
0.00746725
0.00776476
0.00696195
0.00719635
0.00712084
0.00724467
0.00720708
0.00817641
0.00727742
0.00850225
0.00758065
0.00814875
0.00791805
0.00742531
0.00764345
0.00793514
0.00835908
0.0075587
0.00834632
0.00825741
0.00763745
0.00799827
0.00798396
0.00798478
0.00800292
0.00793968
0.0078374
0.00789365
0.00785067
0.0079654
0.00778832
0.0078268
0.00794198
0.00786507
0.00794903
0.00789677
0.00805565
0.00809587
0.0079409
0.0080969
0.00798375
0.00804666
0.00810741
0.00791044
0.00787409
0.00802185
0.00809916
0.00788175
0.00788426
0.00806909
0.00797619
0.00805575
0.00795367
0.00803961
0.00803356
0.00793922
0.00792786
0.00801707
0.00795827
0.00801706
0.00792065
0.00793436
0.00796578
0.00799646
0.00794919
0.00794189
0.00792615
0.00793535
0.00798396
0.00805704
0.00791638
0.00709456
0.00851448
0.00862978
0.00733434
0.00778052
0.00762987
0.00841554
0.00741839
0.00843193
0.00773136
0.00790977
0.00830776
0.00821863
0.00796394
0.00767193
0.00760838
0.00766656
0.00762444
0.00828998
0.00769659
0.00783482
0.00823814
0.00768978
0.00771213
0.00769721
0.00773429
0.00809221
0.00786758
0.00816419
0.0078031
0.00787385
0.00808139
0.00817623
0.00816907
0.00786219
0.008151
0.0080122
0.00796613
0.00556727
0.00660407
0.00460517
0.0060654
0.00566085
0.00821898
0.00807954
0.00898706
0.00680453
0.00631104
0.00637511
0.00834243
0.00748623
0.00824665
0.00709962
0.00821443
0.00740516
0.00747742
0.00798396
0.00798396
0.00826115
0.00836191
0.00785739
0.00726205
0.00760412
0.00794886
0.00811895
0.00804815
0.00751922
0.00743807
0.0074815
0.00750625
0.00755042
0.00776666
0.00771325
0.00828093
0.00810039
0.00782883
0.00805437
0.00793612
0.00797363
0.0077622
0.0076821
0.00822605
0.00825125
0.00808026
0.00772591
0.00821304
0.00821033
0.00819349
0.00818794
0.00777567
0.00801994
0.00786043
0.00809546
0.00780512
0.00784165
0.00798396
0.0104923
0.00864281
0.00498864
0.00797201
0.00805019
0.00638378
0.00830621
0.00655779
0.0089491
0.00704411
0.00884613
0.00816104
0.00874176
0.00770317
0.00864292
0.00727452
0.00833709
0.00855047
0.00853225
0.00845112
0.00837352
0.00796217
0.00787526
0.00844711
0.0083324
0.00748743
0.00770281
0.00771566
0.00759107
0.00770857
0.00833972
0.00773576
0.00768025
0.00533364
0.00797846
0.00839252
0.00701829
0.00767804
0.00813459
0.00764246
0.00744849
0.00841392
0.00826085
0.00839967
0.00757602
0.00818131
0.00815528
0.0076147
0.00812364
0.00808997
0.00781757
0.00828227
0.00823997
0.00826139
0.00771177
0.00805696
0.00820324
0.00810794
0.00774712
0.00775438
0.00778636
0.00777618
0.00793336
0.00800626
0.00793589
0.00789149
0.00780852
0.00795148
0.0081318
0.00805231
0.00803069
0.00783827
0.00798396
0.00798381
0.00714399
0.00479404
0.00703601
0.006687
0.00608305
0.00643525
0.0068927
0.00660637
0.00720754
0.00806803
0.00793982
0.00794815
0.00798396
0.00798396
0.00798452
0.00850461
0.00832834
0.00830354
0.00818786
0.00800751
0.00785411
0.00769433
0.00812423
0.00806889
0.00795488
0.00814763
0.00818148
0.00787244
0.00783228
0.00800797
0.00792609
0.00813505
0.00780664
0.00798504
0.00785042
0.00792059
0.00808824
0.00815524
0.00801709
0.00802271
0.00784031
0.00814101
0.00805668
0.00805225
0.00809896
0.0079896
0.00809668
0.00803617
0.00809937
0.00793294
0.00797269
0.00806959
0.00804542
0.0078899
0.00802327
0.00799857
0.00803864
0.0079177
0.00807332
0.00805841
0.00791147
0.00790413
0.00806596
0.00794858
0.00798396
0.00784568
0.00596554
0.00656691
0.00681282
0.00851783
0.00680994
0.00690533
0.00714681
0.00691601
0.00749813
0.00711298
0.008334
0.00832696
0.0074989
0.00762843
0.00804412
0.00760809
0.00751439
0.00797293
0.00645642
0.00691638
0.00547667
0.00668584
0.00640309
0.00815283
0.00805168
0.0087766
0.007041
0.00676016
0.00675608
0.00826135
0.00760391
0.00819001
0.00728116
0.00816555
0.00751678
0.00758839
0.00798396
0.00167226
0.000425017
0.0028996
0.00722416
0.00966459
0.00796271
0.00689218
0.00636899
0.00902404
0.00541743
0.00843056
0.00727605
0.00677836
0.00843335
0.00676738
0.00686307
0.00830755
0.00745886
0.00798396
0.00837922
0.00855252
0.00798719
0.00794085
0.00822105
0.00757955
0.00760542
0.00804764
0.00820364
0.00823427
0.00829211
0.00815524
0.00812711
0.00785618
0.00814256
0.00824183
0.00793019
0.00784872
0.00805696
0.00785912
0.00819265
0.00812893
0.0081838
0.00816297
0.00798455
0.00799222
0.00781814
0.00802067
0.00797146
0.00811991
0.00809891
0.00787073
0.00806387
0.00797891
0.0081117
0.00799485
0.00811882
0.00809745
0.00788138
0.00809817
0.00786476
0.00788316
0.00792283
0.00809746
0.00805281
0.00801978
0.00808871
0.0080876
0.00799873
0.00791421
0.00807791
0.0452508
0.00798373
0.00660457
0.00769931
0.00708621
0.00763144
0.00685331
0.00682803
0.00692241
0.00652459
0.00865184
0.00675223
0.0073992
0.00702407
0.00738882
0.00782716
0.00729841
0.00849535
0.00745695
0.0075273
0.00820068
0.00743125
0.00745672
0.00755532
0.00832001
0.00798396
0.007926
0.00674198
0.00764727
0.00736922
0.00749467
0.00813239
0.00815878
0.00771975
0.00760993
0.00760472
0.00810709
0.0080309
0.00773323
0.00785368
0.00792178
0.00780455
0.00806557
0.00796608
0.00605385
0.0093483
0.00604002
0.00766387
0.00884795
0.00840568
0.0076575
0.00703698
0.00687039
0.00693347
0.00796042
0.00717716
0.00745617
0.0072685
0.00747129
0.00762053
0.00746765
0.0074944
0.00798396
0.00796458
0.00795951
0.00656123
0.00872012
0.00760723
0.00812925
0.00842004
0.0077855
0.00769436
0.00744353
0.00751284
0.0083329
0.00797149
0.00812325
0.00823851
0.00830408
0.00766832
0.00828884
0.00793251
0.00774075
0.0082139
0.0077656
0.00810012
0.00816377
0.00816268
0.00782847
0.00778211
0.00782707
0.00810576
0.00779735
0.00777818
0.00806976
0.00809166
0.00242785
0.00453078
0.00118311
0.00661283
0.00433374
0.0096629
0.00593157
0.00565919
0.00549757
0.00578345
0.00814035
0.00638596
0.00823491
0.00671664
0.0084571
0.00690841
0.00692305
0.00732039
0.00721723
0.00194315
0.00365872
0.00703954
0.00487568
0.00577396
0.00876199
0.00865884
0.00664046
0.00775433
0.00721914
0.00878009
0.00849521
0.00798474
0.0079856
0.00806188
0.00769726
0.00831864
0.00797986
0.00803069
0.00795042
0.00824553
0.0081216
0.00822274
0.00821127
0.00789167
0.00818585
0.00807436
0.00798843
0.00783849
0.00786283
0.00782734
0.00813764
0.00798229
0.00794916
0.0081204
0.00792528
0.00813044
0.00786672
0.00811983
0.00811022
0.00811228
0.00797799
0.00794132
0.00809195
0.00809518
0.00788348
0.00801612
0.00808631
0.00804087
0.00795592
0.00800013
0.00790791
0.00806716
0.00799868
0.00794253
0.00792921
0.00796063
0.00791653
0.00803979
0.00795087
0.00805197
0.00805546
0.00803336
0.00793084
0.00750303
0.0070162
0.00616326
0.00476612
0.00564315
0.00877868
0.00602371
0.0066683
0.00688242
0.00696689
0.00735142
0.00810766
0.00782245
0.00794957
0.00645791
0.00681026
0.0069845
0.00700098
0.0070164
0.00768028
0.00732505
0.00725554
0.00825806
0.00807064
0.00833391
0.00757059
0.00742671
0.0083132
0.00817539
0.00751524
0.00751816
0.00809584
0.00763774
0.00794471
0.00809481
0.00809233
0.0080517
0.0078871
0.00765767
0.00772919
0.00770248
0.00825321
0.00819914
0.0081365
0.00783913
0.00775745
0.00818622
0.00825618
0.00873406
0.00798293
0.00807902
0.00795446
0.00742463
0.00776638
0.00805614
0.00788457
0.00837946
0.00817417
0.00767974
0.0076196
0.00763322
0.00825257
0.00806772
0.00767266
0.00807548
0.007846
0.00773028
0.00795602
0.00774179
0.00818646
0.00795737
0.00811558
0.00776423
0.00808464
0.00789865
0.00816575
0.00793515
0.00787967
0.0078079
0.00782002
0.00805657
0.00810543
0.00788837
0.00785754
0.00811468
0.0078565
0.00795173
0.00802628
