0.0109307
0.00536547
0.00605072
0.0124681
0.00753957
0.0132341
0.00909664
0.00898371
0.0120665
0.00951681
0.0113933
0.0114005
0.0112111
0.0114923
0.0113357
0.011722
0.0118067
0.0114916
0.0113705
0.0115648
0.0112822
0.0117113
0.0117083
0.011614
0.0114815
0.0115257
0.0113771
0.0116915
0.0113033
0.0113202
0.0113441
0.0113239
0.0114702
0.0115331
0.0113544
0.0115864
0.0114833
0.0114788
0.0113838
0.0115834
0.0116211
0.0115861
0.0114896
0.0115914
0.0114196
0.011473
0.0115106
0.0115479
0.0115478
0.0115631
0.0114185
0.0115739
0.0114632
0.0114838
0.0115571
0.0114325
0.0114108
0.0115451
0.0114161
0.0115641
0.0114667
0.0115426
0.0114652
0.0114737
0.0114538
0.0115507
0.0114342
0.0167874
0.0132362
0.0110092
0.010924
0.0114501
0.00850514
0.014858
0.0125361
0.0100519
0.011101
0.0098549
0.00955731
0.0134928
0.0133303
0.0133285
0.00963317
0.013169
0.0100298
0.0101625
0.0119905
0.0128642
0.0129428
0.0101496
0.0116051
0.0104019
0.0125719
0.0114597
0.0105584
0.0124347
0.0122553
0.0124342
0.010607
0.0107343
0.0120524
0.010705
0.0122875
0.0119016
0.0107817
0.0120635
0.0111426
0.0117518
0.0112119
0.0108826
0.0120697
0.0109394
0.0120565
0.0117709
0.0108153
0.0126182
0.00840037
0.0106804
0.0126379
0.014371
0.00931918
0.0133908
0.00967649
0.0130744
0.0095847
0.00986725
0.0105739
0.0111848
0.0112125
0.00994606
0.0100622
0.0127196
0.0128387
0.0103277
0.0103277
0.0102588
0.0126705
0.0126047
0.0104395
0.0104468
0.0104689
0.0115327
0.0124287
0.0123805
0.0118931
0.0107667
0.0106898
0.0108081
0.0107793
0.012244
0.010783
0.0120894
0.0111192
0.0121139
0.0110365
0.0119842
0.011391
0.0109101
0.0117438
0.010953
0.0112171
0.0119717
0.00945978
0.0111542
0.0119881
0.01317
0.0101185
0.0127341
0.0104801
0.0123442
0.0103245
0.0106142
0.0110328
0.0113426
0.0113509
0.0105852
0.0105134
0.0121844
0.012391
0.0108135
0.0108039
0.0106777
0.0122573
0.0122125
0.0108232
0.0107804
0.0108308
0.0115171
0.0121299
0.0121091
0.0117371
0.0110367
0.0109335
0.0110538
0.0110309
0.0119916
0.011
0.0118821
0.0112561
0.0119123
0.0111969
0.0118158
0.011428
0.0110902
0.0116557
0.0111239
0.00950103
0.00994092
0.0123155
0.010188
0.0126071
0.0113189
0.0122835
0.0118744
0.0105691
0.0105973
0.0112725
0.0105504
0.0119345
0.0120106
0.0118047
0.0106537
0.0118605
0.0118215
0.0108136
0.0108561
0.0118107
0.0109807
0.0109511
0.0110044
0.0117707
0.011725
0.0115115
0.0112394
0.0116814
0.0118029
0.0117891
0.0112443
0.0107588
0.0103214
0.0114765
0.0125735
0.0116949
0.0116946
0.0121255
0.0109378
0.0114099
0.0108989
0.0112961
0.0116123
0.0119342
0.0109569
0.0120152
0.012014
0.0119248
0.0114747
0.0119308
0.0110594
0.0118875
0.0117434
0.0118775
0.011368
0.0118377
0.0118395
0.0115905
0.0114046
0.0114958
0.0114957
0.0113264
0.0115087
0.0114957
0.0116591
0.0117399
0.0112609
0.0113049
0.011547
0.0113409
0.0116979
0.0116304
0.00992284
0.00846783
0.0124055
0.0141009
0.0114422
0.0103188
0.0132017
0.0096779
0.0112776
0.0130866
0.00977844
0.0124789
0.0130693
0.0117362
0.0128848
0.0122428
0.0116135
0.0105502
0.0114333
0.0109233
0.0105997
0.0104545
0.0115751
0.0109627
0.011194
0.0123538
0.0123586
0.012328
0.0109179
0.0122103
0.010893
0.0121377
0.0114622
0.0113029
0.01084
0.0108645
0.0108836
0.0110552
0.0109351
0.0109501
0.0114948
0.0118346
0.0114514
0.0114945
0.0114393
0.0116054
0.0112648
0.0112454
0.0115309
0.0117338
0.0117126
0.0115821
0.0116744
0.0113173
0.0113133
0.0116975
0.0116604
0.011618
0.0115883
0.0113452
0.0113866
0.0113348
0.0114253
0.0113567
0.0116514
0.011355
0.0114529
0.0116333
0.0114642
0.0116252
0.011542
0.011441
0.0115347
0.0113823
0.0114439
0.0115585
0.011583
0.0115887
0.0113848
0.011396
0.0115275
0.0114009
0.0113974
0.0115598
0.011552
0.011407
0.011545
0.0114121
0.0115554
0.0115497
0.0115492
0.01146
0.0115573
0.0114867
0.011563
0.01102
0.0123147
0.0119604
0.01043
0.0119146
0.0120652
0.0111126
0.0121477
0.0120409
0.0108923
0.01093
0.0117111
0.0109896
0.0119147
0.0118157
0.0111548
0.00868512
0.0113381
0.00650602
0.0116676
0.0141007
0.00962942
0.0106737
0.0134495
0.00912111
0.0106944
0.0124529
0.00988801
0.0114572
0.00980314
0.00976907
0.00977984
0.00994803
0.0111062
0.0126859
0.011958
0.0104005
0.0103597
0.0121306
0.0113991
0.0122925
0.0111128
0.0123672
0.0106603
0.012282
0.0108209
0.0121907
0.0109908
0.0108101
0.0108442
0.0114872
0.0110775
0.0115123
0.0118489
0.0118267
0.0113964
0.0112358
0.0113274
0.0112275
0.0112593
0.0115039
0.0117005
0.0118183
0.0111882
0.011796
0.0112072
0.0112442
0.0117686
0.0112157
0.0117174
0.011574
0.0116811
0.0114544
0.0116514
0.0115103
0.0113681
0.0113915
0.0115693
0.0115154
0.0113334
0.0113904
0.011606
0.0113933
0.0115846
0.0113363
0.0115181
0.0114696
0.0113609
0.0115696
0.0116181
0.0116096
0.0116089
0.0115556
0.0114934
0.0114045
0.0114891
0.0121831
0.011453
0.0117854
0.0107093
0.00998218
0.0116855
0.0104817
0.0116232
0.0104679
0.0120302
0.01203
0.0109818
0.0120221
0.0108113
0.0107381
0.0113657
0.0107204
0.0119438
0.0121465
0.0121131
0.0120964
0.0120825
0.0109396
0.011798
0.0119933
0.0111864
0.0112757
0.0115891
0.011401
0.0112889
0.0113844
0.0112959
0.0118077
0.0111933
0.0118551
0.0111123
0.0116203
0.0113527
0.0115012
0.0111543
0.010581
0.00974853
0.0109661
0.00819141
0.00833689
0.0131352
0.0102269
0.00902148
0.00923378
0.0115637
0.00958179
0.0111382
0.0102037
0.00977065
0.0124734
0.0103543
0.0103353
0.0104167
0.0117762
0.0116456
0.0115022
0.0114737
0.0115938
0.0129547
0.0105346
0.0118238
0.0110195
0.0122978
0.0107827
0.0105455
0.0109563
0.012269
0.0123392
0.0122109
0.0107449
0.0121724
0.0110609
0.0121629
0.0115773
0.0108627
0.0114704
0.0109088
0.0111435
0.0118494
0.0110336
0.0109873
0.0119726
0.0118806
0.0119417
0.0112944
0.0118044
0.0115431
0.0117258
0.0112059
0.0111242
0.0117711
0.0112727
0.00339869
0.01089
0.0119125
0.00762437
0.0112925
0.0139869
0.0126729
0.00939802
0.0126077
0.0133151
0.0131874
0.0122997
0.00994219
0.0131333
0.00978563
0.012915
0.0129148
0.0102411
0.0105334
0.0122823
0.0103808
0.0125343
0.0103324
0.0123142
0.01203
0.0111172
0.0123938
0.0123632
0.010845
0.0121174
0.0120458
0.0117593
0.0119917
0.0109234
0.0114975
0.0114968
0.0107387
0.0116916
0.0115583
0.0106722
0.0124338
0.0112537
0.0123885
0.0123362
0.0112032
0.0120531
0.0109221
0.0107452
0.0116445
0.0118024
0.0121013
0.0120521
0.0118771
0.01093
0.0109434
0.0114067
0.0119214
0.0119333
0.0110208
0.0110227
0.0111292
0.0113273
0.0110996
0.0112624
0.011374
0.0112322
0.0115481
0.0111752
0.0112246
0.0117786
0.011417
0.0111912
0.011754
0.0112361
0.0113734
0.010345
0.00616548
0.0108727
0.00962421
0.01138
0.0101605
0.0100243
0.010636
0.0104517
0.0115077
0.0115839
0.0124902
0.0116442
0.0118813
0.0114478
0.0115707
0.0119414
0.0112536
0.0120058
0.0111218
0.0109872
0.0114107
0.0111505
0.0119691
0.0119425
0.0110887
0.0119032
0.0118965
0.0111087
0.0115881
0.0111277
0.0113402
0.011839
0.0115384
0.0118109
0.0111855
0.0117896
0.0112948
0.0118145
0.0113205
0.0117753
0.0112603
0.0112526
0.0117424
0.0116985
0.0114424
0.0112771
0.0115233
0.0117219
0.0113961
0.0115934
0.0115577
0.0116939
0.0113049
0.0116407
0.0116714
0.0113219
0.0115293
0.011645
0.0116063
0.0113406
0.0115378
0.0113403
0.0116533
0.0113623
0.00992666
0.0107236
0.008282
0.00960041
0.0121495
0.00956232
0.010205
0.0115141
0.0119759
0.00989459
0.0102525
0.0103821
0.0107762
0.0105593
0.0106195
0.0106895
0.0107263
0.0016322
0.0111666
0.0149849
0.011941
0.0084062
0.0131868
0.00879804
0.0105559
0.00961504
0.00998669
0.0100848
0.0123073
0.00988749
0.0118308
0.0103603
0.010345
0.0108723
0.0104707
0.0105951
0.0106172
0.0171198
0.00732826
0.00108201
0.0155292
0.0047509
0.0059175
0.00601667
0.0113581
0.01367
0.0126872
0.00853727
0.0133318
0.00914534
0.00974758
0.011
0.0128414
0.00996844
0.0131521
0.0114944
0.011515
0.0114789
0.0114861
0.0115197
0.0117354
0.0115303
0.0120051
0.0108763
0.0114177
0.0117837
0.0118437
0.01192
0.0111139
0.0110031
0.0110322
0.0119546
0.011945
0.0113468
0.011183
0.0116273
0.0112412
0.0111592
0.0111072
0.0118153
0.0114576
0.0118278
0.0118003
0.0111253
0.0115468
0.0114503
0.011404
0.0112423
0.0114544
0.0117532
0.0117855
0.0112452
0.0112841
0.0112395
0.0117412
0.0115185
0.0116587
0.011281
0.0113125
0.0112811
0.0116495
0.0116292
0.0114988
0.0116496
0.0113318
0.011655
0.0114641
0.0114915
0.0121547
0.0113075
0.0111426
0.00908396
0.0091153
0.00888591
0.0134507
0.0101672
0.00924142
0.0131801
0.0131825
0.0117339
0.012026
0.0107241
0.0126247
0.0100194
0.0127207
0.0126016
0.0121072
0.0104757
0.0104592
0.0104519
0.0118293
0.0106384
0.0114578
0.0115287
0.0119494
0.011494
0.0114406
0.0114293
0.0115896
0.010451
0.0106293
0.0110759
0.0120621
0.0112084
0.0121004
0.0109535
0.0119764
0.0117174
0.0111588
0.0113864
0.0118705
0.0111455
0.0115793
0.0112698
0.0115376
0.000292757
0.011181
0.0126333
0.0131845
0.01357
0.0120214
0.00943091
0.0115655
0.0108054
0.0103256
0.0126167
0.0124205
0.0124855
0.0106555
0.0111863
0.0124406
0.0105069
0.0120308
0.0121352
0.0107155
0.0115189
0.0114777
0.0114698
0.0122536
0.0124445
0.0119438
0.0108115
0.010334
0.0106801
0.0124118
0.0106992
0.0120471
0.0114098
0.0115753
0.0108554
0.0121957
0.0121511
0.0115578
0.0120477
0.0119715
0.0113011
0.0110079
0.0120287
0.0119872
0.0113356
0.0110216
0.0111685
0.0119212
0.0111032
0.0116014
0.0118637
0.011397
0.011806
0.0111866
0.00221595
0.0107167
0.00431712
0.00525678
0.00532038
0.0141902
0.0145824
0.0141095
0.0138938
0.00821862
0.012296
0.00891103
0.0119252
0.0131297
0.0129332
0.0116198
0.00997583
0.0103443
0.0119504
0.0103308
0.0112757
0.0104172
0.00605076
0.00676777
0.00778149
0.0135776
0.0130012
0.00945443
0.0124568
0.0111262
0.0106166
0.0101495
0.011233
0.0114945
0.0114944
0.0106935
0.0113445
0.0114737
0.0109859
0.0116796
0.0114441
0.011314
0.0118836
0.0111223
0.0112631
0.0110525
0.0110857
0.0110862
0.0111122
0.0118751
0.0118071
0.0116544
0.0111734
0.0113826
0.0118355
0.0113162
0.0112124
0.0115711
0.0117858
0.0112849
0.0117745
0.0117453
0.0117339
0.0112696
0.0117365
0.0117099
0.011374
0.0113963
0.0115815
0.0115177
0.0115528
0.0115378
0.0116915
0.011367
0.0116802
0.0116335
0.0116506
0.0115518
0.0116591
0.0113476
0.011642
0.0113674
0.0116442
0.0116395
0.0113483
0.0115194
0.011489
0.0115693
0.0108288
0.0140553
0.0117149
0.0113217
0.0117241
0.00927389
0.0126235
0.0113966
0.00996426
0.0120175
0.0102226
0.0122793
0.0121862
0.010666
0.00936427
0.0111169
0.0113617
0.00987157
0.0103447
0.0109227
0.0101341
0.0122694
0.0112595
0.0108103
0.0107633
0.0107619
0.0105789
0.0117004
0.0122287
0.0105637
0.0122471
0.0113943
0.0109927
0.0119592
0.0119229
0.0107776
0.0115831
0.0112371
0.0111114
0.0109875
0.0109993
0.0117333
0.0109958
0.0118956
0.0110369
0.0116469
0.0114941
0.0100517
0.0113895
0.0116105
0.011645
0.0118711
0.0122067
0.0120229
0.011322
0.0116331
0.0109957
0.0118143
0.0108117
0.0119702
0.0111215
0.0112536
0.0117164
0.0109241
0.0113725
0.0109853
0.0110422
0.0111467
0.011027
0.011896
0.011564
0.0118002
0.0119111
0.0116694
0.0112464
0.0118433
0.0113462
0.0116206
0.0111616
0.011172
0.0111715
0.0116823
0.0112804
0.0117735
0.0116844
0.0114818
0.0112526
