0.0152007
0.0172244
0.0315654
0.00443196
0.0257882
0.0241379
0.00966362
0.0253915
0.0206176
0.0115791
0.0129582
0.0137861
0.013826
0.0146134
0.0183707
0.0173404
0.0184255
0.0178851
0.0183854
0.0186715
0.0181809
0.0179258
0.0185816
0.0184265
0.0177382
0.0177381
0.018303
0.0189094
0.0187439
0.0183978
0.0178451
0.0179259
0.0183969
0.0183638
0.018318
0.0184614
0.0185723
0.0179393
0.0179931
0.0183724
0.0186728
0.0179934
0.0184499
0.0185922
0.0185073
0.0180184
0.0180749
0.0183096
0.0181225
0.0180464
0.0180597
0.01848
0.0181719
0.0184122
0.0181681
0.018312
0.0181455
0.0185384
0.0182464
0.0185304
0.0184546
0.0182451
0.018162
0.0185155
0.0181413
0.0183653
0.0183825
0.0184295
0.00679642
0.0246513
0.027579
0.0177068
0.0188854
0.0112815
0.0162843
0.0120429
0.0235774
0.0135993
0.0243848
0.0125941
0.0160937
0.0214431
0.0139492
0.0147537
0.0222197
0.0152467
0.0157783
0.0167614
0.0216251
0.0201176
0.0198801
0.0211454
0.0206219
0.0209341
0.0166133
0.0156448
0.0209907
0.0158784
0.0197465
0.0159859
0.0205791
0.0173918
0.0190734
0.0192464
0.0174357
0.016423
0.020127
0.0168245
0.0171152
0.019984
0.0193776
0.0197365
0.0177332
0.0179797
0.0176333
0.0327196
0.0304835
0.0122348
0.0269897
0.0258418
0.0189057
0.0208917
0.0197675
0.0120899
0.0178177
0.0231317
0.0231101
0.0163954
0.0229237
0.0188625
0.0224803
0.0220111
0.0220978
0.0219223
0.0148981
0.0149987
0.0207215
0.0171465
0.0168756
0.015552
0.0210297
0.0166762
0.0157742
0.0208495
0.0163344
0.0199747
0.0204461
0.0204184
0.0168725
0.0196344
0.0169611
0.0198121
0.0170866
0.0197488
0.0166056
0.0175048
0.017109
0.0199366
0.0168324
0.019162
0.0170752
0.0184392
0.025873
0.0255472
0.0155375
0.0232663
0.0222413
0.0185604
0.019443
0.0189425
0.0148021
0.0180981
0.0216261
0.0216115
0.0174282
0.0210477
0.0185886
0.0207617
0.020472
0.0208488
0.0207543
0.0159587
0.0163664
0.0196961
0.0176681
0.0174766
0.0164689
0.0200922
0.0173435
0.0165665
0.0200657
0.0170715
0.0193514
0.0196989
0.0197138
0.0173975
0.0191589
0.017456
0.0192833
0.0175354
0.0192567
0.0171547
0.017802
0.0175373
0.0194387
0.0173021
0.0188728
0.0174891
0.0183989
0.0183235
0.0105697
0.0183177
0.0181184
0.0199677
0.0178263
0.0196784
0.0182886
0.0188223
0.0154737
0.0158114
0.0184585
0.0161146
0.0160006
0.0182946
0.0204174
0.0162977
0.0198467
0.0201536
0.018658
0.0196578
0.019965
0.019234
0.0174517
0.0181245
0.0196865
0.0190527
0.01709
0.0178746
0.017764
0.0194198
0.0173102
0.0175664
0.018313
0.0132857
0.0173308
0.0183879
0.0183626
0.0191688
0.0182293
0.0162443
0.0168958
0.0199685
0.0201511
0.0173115
0.0186994
0.019692
0.0168977
0.0180557
0.0188044
0.0186606
0.0183981
0.0191151
0.0174826
0.0185065
0.0181786
0.0189258
0.017426
0.0181481
0.0178054
0.0176192
0.0188587
0.0190731
0.0189784
0.0184277
0.0183617
0.0189908
0.0177174
0.017748
0.0185913
0.018902
0.0181678
0.0179725
0.0188227
0.0323421
0.00789952
0.0117558
0.0160952
0.025623
0.0199746
0.0196744
0.0182478
0.0228211
0.0230018
0.0230173
0.0167512
0.0224829
0.0223702
0.015803
0.0160273
0.0195
0.0218118
0.0167562
0.0157626
0.0202024
0.0209501
0.0165461
0.0177751
0.020784
0.0207645
0.0205356
0.0203187
0.0199225
0.0173278
0.019112
0.0193775
0.0198739
0.0177826
0.0185047
0.0198533
0.0197317
0.0194105
0.0168294
0.0192807
0.0169762
0.0196472
0.0196284
0.0183253
0.0182616
0.0177162
0.0184398
0.0189634
0.019182
0.0176378
0.0184929
0.0184718
0.0188637
0.0188365
0.0183875
0.017858
0.0187137
0.0178231
0.0184762
0.0179951
0.0188162
0.0178456
0.0187742
0.0186924
0.0180072
0.0179128
0.0186362
0.0182568
0.0186338
0.0180331
0.018662
0.0181071
0.0186478
0.0181116
0.0180505
0.0181038
0.0184494
0.0180763
0.0185311
0.018247
0.0181265
0.018561
0.018231
0.0182754
0.0185443
0.0183953
0.0184447
0.0182158
0.0182378
0.0183885
0.0183597
0.0181542
0.018231
0.0185033
0.0183253
0.0183136
0.0147181
0.0163423
0.0187094
0.019074
0.0162999
0.0197268
0.0170679
0.0179192
0.0197459
0.0193431
0.0195215
0.019311
0.0184506
0.0192467
0.0173063
0.0191707
0.0176155
0.018265
0.0189805
0.0183232
0.0183236
0.0184278
0.0206774
0.0131644
0.024936
0.0116575
0.0227093
0.0234443
0.0127091
0.0142354
0.0140223
0.0207155
0.022569
0.0206537
0.014324
0.0154392
0.0207509
0.0214417
0.0170408
0.0213967
0.0154981
0.0208448
0.0181642
0.0207725
0.0159458
0.0205641
0.0175892
0.0186467
0.0182085
0.018096
0.0194397
0.0166728
0.0183376
0.0185862
0.0185372
0.0181972
0.017623
0.0183685
0.0186471
0.0182122
0.0172624
0.0192904
0.0176571
0.0182113
0.0181177
0.0174998
0.0176321
0.0178227
0.0188898
0.0176059
0.0181325
0.01763
0.0188311
0.0176877
0.0181513
0.0177154
0.0184599
0.0188089
0.0180777
0.0180056
0.0182013
0.0179394
0.0183057
0.0180319
0.0182157
0.0182178
0.0179585
0.0180175
0.0182644
0.0182648
0.0179499
0.0181674
0.0179795
0.0186463
0.018656
0.0184191
0.0186455
0.0180506
0.0186087
0.0180502
0.0181272
0.0205898
0.0182645
0.0136534
0.0138103
0.0185423
0.0167228
0.0163006
0.0157541
0.0188777
0.0188825
0.0210034
0.0163526
0.0207177
0.0187526
0.0204781
0.0161431
0.0162419
0.0203398
0.0185669
0.0173893
0.0187699
0.0200071
0.0189688
0.0169814
0.0187706
0.0170445
0.0190305
0.0193933
0.0170992
0.0174236
0.0183938
0.0188523
0.0178707
0.01771
0.0183813
0.0191315
0.0181334
0.0174395
0.0186328
0.0175149
0.0183253
0.0293937
0.00456277
0.0193488
0.0274326
0.0198127
0.0213437
0.0113612
0.0143491
0.0143385
0.0217135
0.0145297
0.0161098
0.0155416
0.0188435
0.0203977
0.0165603
0.0183253
0.0183253
0.0183294
0.0198989
0.0143734
0.015637
0.0156827
0.0195718
0.0155151
0.0162733
0.0202522
0.0193976
0.0204029
0.0165105
0.0166036
0.0162637
0.0199528
0.0176242
0.0200276
0.0198063
0.0198432
0.0173144
0.0199329
0.0167271
0.0192273
0.0170855
0.0186814
0.0193011
0.0192086
0.0195429
0.0191968
0.0179236
0.0180713
0.0174362
0.0190556
0.0178862
0.0193118
0.018365
0.0177335
0.0189145
0.0179683
0.0191033
0.0369856
0.016406
0.0266719
0.0237284
0.00960842
0.0109879
0.0230073
0.0129821
0.0130154
0.0119376
0.019259
0.0147198
0.0222749
0.0148697
0.0217106
0.022163
0.021737
0.0220779
0.0143242
0.0203498
0.0205162
0.0156529
0.0155445
0.0162411
0.0199647
0.0206949
0.0162202
0.016475
0.020041
0.0201401
0.0167638
0.0179427
0.0165702
0.0199775
0.0166517
0.0183253
0.0183253
0.0183253
0.0183756
0.0196261
0.0159417
0.019746
0.017182
0.0189703
0.0205877
0.0172207
0.0176264
0.017538
0.0173782
0.0165986
0.0177287
0.0198968
0.0176715
0.0184378
0.0197224
0.0170192
0.0193259
0.0169498
0.0196128
0.0195327
0.0176022
0.018634
0.0194269
0.0185101
0.0177681
0.0173537
0.0176446
0.0178438
0.0181143
0.0178817
0.0175199
0.0180155
0.0180983
0.0175752
0.0185564
0.019034
0.0183253
0.0140125
0.00956215
0.024682
0.0216101
0.0218686
0.0131938
0.0215721
0.0141513
0.0152014
0.0176442
0.0163499
0.0183253
0.0176613
0.0183253
0.0209844
0.0168468
0.0164531
0.0195343
0.016928
0.0168714
0.0175389
0.0181597
0.0173601
0.0185911
0.0176579
0.019465
0.0193257
0.0176414
0.0173038
0.0173266
0.0174127
0.019168
0.0173904
0.0185293
0.0181781
0.01916
0.0191572
0.0183464
0.0188259
0.0176483
0.0176548
0.0180241
0.0183993
0.0178857
0.0189931
0.0188551
0.0177832
0.0177258
0.0178316
0.0179092
0.0185383
0.018827
0.0181629
0.0188171
0.0178186
0.0187006
0.01807
0.0187777
0.0182402
0.0179444
0.0184826
0.0184953
0.0186728
0.017985
0.018362
0.0183253
0.00723329
0.026287
0.0207655
0.0199411
0.0234431
0.0126792
0.0229028
0.01691
0.0200891
0.0216199
0.0145836
0.018663
0.0161816
0.0183808
0.019837
0.0178748
0.0206124
0.0167434
0.0162227
0.0183253
0.0266603
0.00779501
0.0189846
0.025551
0.0193646
0.0205014
0.0129628
0.0151465
0.0152015
0.0210082
0.0153627
0.0166286
0.016163
0.0187261
0.0199609
0.0169447
0.0183223
0.0185275
0.000682507
0.0309293
0.00435039
0.027238
0.0119627
0.0263727
0.00969005
0.0102227
0.0117582
0.0175757
0.0215195
0.0225983
0.0157474
0.0223534
0.0178104
0.0159793
0.0215227
0.0183253
0.0183253
0.0183276
0.0186065
0.0192931
0.0161354
0.0182694
0.0181114
0.019642
0.019835
0.0196999
0.0191367
0.0196317
0.0190831
0.0180877
0.0196357
0.0194201
0.017063
0.0183287
0.0173459
0.0192306
0.01723
0.0181536
0.0193069
0.0185631
0.017355
0.0173959
0.0191234
0.0190285
0.0175205
0.0175214
0.0191711
0.0191347
0.0176034
0.0190532
0.0186067
0.0190297
0.0189297
0.0176379
0.0178376
0.0185226
0.0187155
0.0178459
0.0178892
0.0177226
0.0177284
0.0179631
0.0185157
0.0183067
0.0187651
0.0178349
0.0178404
0.0183448
0.0185792
0.0178948
0.0187742
0.0183253
0.0182377
0.0137391
0.0126274
0.0243439
0.0124652
0.0196701
0.0130146
0.0230868
0.0165019
0.0134767
0.0188843
0.0197733
0.0214342
0.0194057
0.0193957
0.0152715
0.0151697
0.0152463
0.0162396
0.0188122
0.0158508
0.0205245
0.0171574
0.0171632
0.0169819
0.0183253
0.0181749
0.0215087
0.0201512
0.0181043
0.0157986
0.0195261
0.0194663
0.0175521
0.0165629
0.0166943
0.0186966
0.0179446
0.0171091
0.0171303
0.0194212
0.017699
0.0173007
0.0191972
0.017829
0.0189995
0.0107642
0.0202414
0.0195314
0.0121708
0.0110641
0.0186794
0.0218248
0.0133739
0.0164397
0.0150372
0.0146499
0.0217319
0.0153274
0.0155892
0.0165074
0.0156639
0.0156141
0.0159531
0.0161442
0.0161907
0.0186385
0.0183253
0.0183253
0.0183257
0.0216398
0.0190914
0.020051
0.0187375
0.0175293
0.0156585
0.0194397
0.0203126
0.0167692
0.0163752
0.016359
0.0201912
0.0176825
0.0192184
0.0165925
0.0172839
0.0195739
0.0182194
0.0190353
0.0196216
0.0191772
0.0191721
0.0193019
0.0182424
0.0188654
0.0179956
0.0178445
0.0193019
0.0189344
0.0180614
0.0179685
0.0183253
0.0351066
0.0113423
0.0078097
0.000313733
0.0244147
0.0209631
0.0238306
0.00919577
0.0242505
0.0163084
0.0117332
0.0197912
0.0228052
0.0145203
0.013814
0.0200339
0.0141743
0.0217188
0.0147557
0.0194517
0.0175263
0.0196782
0.0137551
0.0200414
0.0245794
0.0239572
0.021477
0.0150979
0.0216464
0.0142197
0.016797
0.0161175
0.0183253
0.0183253
0.0183253
0.0183253
0.0191963
0.019686
0.0186075
0.0174149
0.0184944
0.017643
0.0184605
0.0174838
0.0192803
0.0193631
0.0179983
0.017501
0.0188816
0.0174158
0.0187748
0.0191298
0.0190188
0.0175435
0.0181473
0.0180708
0.0179572
0.0189785
0.0186845
0.0189792
0.0184062
0.0188017
0.0183061
0.0177152
0.0177128
0.0183086
0.0177949
0.0178246
0.0178647
0.0188502
0.018747
0.0188077
0.017889
0.0178476
0.0178747
0.018245
0.0180408
0.0187497
0.0182818
0.0184007
0.0181133
0.0186979
0.0185811
0.0185889
0.0179669
0.0179919
0.018376
0.0183253
0.0182204
0.00741905
0.0190682
0.0181522
0.0123745
0.0138575
0.0209296
0.0217195
0.0149583
0.0154843
0.0182799
0.016075
0.0183253
0.0183253
0.0187153
0.0140622
0.0207727
0.0201283
0.0200339
0.02181
0.0155912
0.0195889
0.0208919
0.0174826
0.020092
0.0158655
0.019058
0.0170808
0.0197192
0.0199315
0.0161928
0.0200524
0.0187015
0.0196843
0.0193838
0.0177368
0.0168094
0.0188107
0.0180164
0.0195723
0.0194356
0.0172817
0.0172487
0.0174142
0.0183253
0.0183253
0.0183265
0.021605
0.020041
0.0191192
0.0201334
0.0198158
0.019293
0.0202543
0.0164923
0.0165452
0.0169452
0.0186339
0.0178912
0.0169052
0.0170053
0.0193237
0.0169784
0.0183018
0.0188298
0.0180996
0.0184315
0.0184833
0.0178667
0.0180389
0.0188213
0.0173609
0.0173755
0.0174229
0.0175621
0.018693
0.0187853
0.01796
0.0185887
0.0187457
0.0189888
0.0176275
0.0181752
0.0176964
0.0178037
