0.0215918
0.0156201
0.0197247
0.0155746
0.0165305
0.0218446
0.0224993
0.0195457
0.020338
0.0220284
0.0212692
0.0202242
0.0215358
0.0215918
0.0215918
0.0218201
0.0215503
0.0215882
0.0215959
0.0217342
0.0215213
0.0215004
0.0216322
0.0216464
0.0214983
0.0216216
0.0216767
0.0216109
0.0215654
0.0216492
0.0216462
0.0216527
0.021642
0.0215696
0.0215769
0.021558
0.0215872
0.0215311
0.0216123
0.0216373
0.0216481
0.0215733
0.0215482
0.0215488
0.0216379
0.0215996
0.0216209
0.0216403
0.0215577
0.0215488
0.0216365
0.0215531
0.0216077
0.0215676
0.0216326
0.0216114
0.0215536
0.0216303
0.0216086
0.021605
0.0215661
0.0216244
0.0216146
0.021623
0.0215638
0.0215634
0.0215921
0.0216863
0.0231473
0.022916
0.022731
0.0206298
0.020661
0.0205469
0.0206612
0.0226251
0.0207894
0.0208031
0.020807
0.0218555
0.0224646
0.0222629
0.0224031
0.0216087
0.022208
0.022281
0.0212491
0.0221034
0.0216336
0.0212121
0.0220493
0.0213183
0.0220434
0.0218163
0.0217042
0.0220267
0.0211795
0.021266
0.0212366
0.0219711
0.0212612
0.0212543
0.0218282
0.0212734
0.0218586
0.0215805
0.0214652
0.0214968
0.0217986
0.0215187
0.0218511
0.0213447
0.021805
0.0215073
0.021703
0.0195207
0.0215914
0.0216651
0.0206021
0.0206363
0.022747
0.0205008
0.0224935
0.0205064
0.0206467
0.0223858
0.022248
0.0212362
0.0222973
0.0217432
0.0209101
0.0222915
0.0209293
0.0212724
0.0209697
0.0221638
0.0219863
0.0217724
0.0210805
0.0220674
0.022056
0.0220348
0.0211865
0.0220226
0.0219955
0.0215846
0.0215856
0.0215859
0.0219509
0.0219518
0.0212657
0.0217187
0.021908
0.0212821
0.0217063
0.0213317
0.0214245
0.0213224
0.0217946
0.0218455
0.021835
0.0214774
0.0218111
0.0215516
0.0207391
0.0215916
0.0216213
0.021144
0.0211548
0.0223671
0.0208474
0.0222095
0.020925
0.0210009
0.022132
0.0219398
0.0214188
0.0220692
0.0216662
0.0211259
0.0220214
0.0212234
0.0214213
0.021175
0.0219405
0.0218271
0.0216959
0.0212574
0.0219153
0.0218873
0.021875
0.0213432
0.0218774
0.0218518
0.0215875
0.021588
0.0215882
0.0218377
0.0218361
0.0213809
0.0216707
0.0218115
0.0213876
0.0216638
0.0214228
0.0214851
0.0214038
0.0217247
0.0217683
0.0217568
0.0215179
0.0217395
0.0215659
0.0215918
0.0215918
0.0215875
0.0204394
0.0211869
0.0210234
0.0212866
0.0215254
0.0220488
0.0211763
0.0211716
0.0217431
0.0219486
0.021928
0.0211889
0.0215426
0.021271
0.0218339
0.0216574
0.0213052
0.0214901
0.0213566
0.0213152
0.0213486
0.0213598
0.0213564
0.0215127
0.0214142
0.0215673
0.0216046
0.0214063
0.0214261
0.0215723
0.0215925
0.0215918
0.0215918
0.0207098
0.0213247
0.0220078
0.021627
0.0212338
0.0216923
0.0218948
0.0212814
0.0216306
0.0214584
0.0213739
0.0217665
0.0216486
0.0216571
0.0213849
0.0213938
0.021406
0.0217711
0.0214101
0.0214195
0.0214304
0.0214858
0.0215928
0.0214781
0.0214528
0.0214852
0.021556
0.0215016
0.0214794
0.0214792
0.0216913
0.0214845
0.0214869
0.0214917
0.0216888
0.0216626
0.0216802
0.0215918
0.0235264
0.0193587
0.0222114
0.0218362
0.0223418
0.0214418
0.0217897
0.021491
0.02228
0.0207668
0.0219523
0.020938
0.0216452
0.0209248
0.0216857
0.0209383
0.0220019
0.0216645
0.0218802
0.0210897
0.0219725
0.0212737
0.0219887
0.0219906
0.0215182
0.0212456
0.0217331
0.0216185
0.0213065
0.0215751
0.0215563
0.0212858
0.0213214
0.0212982
0.0216401
0.0214582
0.021708
0.0214367
0.0216928
0.0216662
0.0215918
0.0215918
0.0215855
0.0217964
0.0215917
0.0217391
0.02148
0.0215814
0.021689
0.0216507
0.0216074
0.0216864
0.0214923
0.0216925
0.0216847
0.0215849
0.0215679
0.0216572
0.0216291
0.0215168
0.0215384
0.0216626
0.0215988
0.02153
0.0216476
0.0215834
0.021539
0.0216535
0.0215622
0.0216253
0.0215337
0.021609
0.021631
0.0215949
0.0215929
0.0216287
0.0215712
0.0216367
0.0215727
0.0215993
0.0215975
0.021623
0.0215572
0.0216056
0.0216274
0.0215785
0.0215967
0.0215619
0.0216272
0.0216258
0.0216231
0.0215762
0.0216129
0.0216221
0.0216074
0.0215512
0.0213265
0.0210495
0.0218153
0.0217795
0.0218653
0.0212353
0.021809
0.0212855
0.0212427
0.021396
0.0213346
0.0213518
0.0213074
0.0216254
0.0215034
0.0214131
0.0217168
0.0214178
0.021459
0.0215918
0.0215918
0.0189967
0.0186905
0.0222129
0.0225599
0.0224224
0.0221306
0.0203071
0.0219151
0.0206527
0.0208035
0.0205714
0.0220122
0.0220425
0.0208805
0.0207923
0.0221371
0.0208582
0.0209723
0.0214086
0.0210039
0.021709
0.0211755
0.0211411
0.0211555
0.0216518
0.0213068
0.0213597
0.0218373
0.0212279
0.0212442
0.0216374
0.0213841
0.0217991
0.0216031
0.0211787
0.0215916
0.0216558
0.0214015
0.0215362
0.0215376
0.0217544
0.0214273
0.0217019
0.0217535
0.0217257
0.0216787
0.0214846
0.0214807
0.0215649
0.0214745
0.0217056
0.0215262
0.0216956
0.0216264
0.0215142
0.0216547
0.0215695
0.0215439
0.021539
0.0215793
0.0215141
0.0216735
0.0215197
0.0215325
0.0216113
0.0216013
0.0215817
0.0215241
0.0216544
0.0215587
0.0215692
0.0215857
0.0216297
0.0215705
0.021643
0.0215499
0.0216388
0.0216171
0.0215777
0.0200182
0.0202453
0.0214649
0.0215022
0.0216328
0.0214144
0.0210389
0.0210487
0.0219821
0.0211324
0.0219857
0.0214253
0.0213192
0.0216765
0.0216322
0.0212143
0.0218193
0.0217569
0.0214468
0.021845
0.0212983
0.0213071
0.0213374
0.0216344
0.0216188
0.0217917
0.0216431
0.0218145
0.0215103
0.0213867
0.0215141
0.0217744
0.02177
0.0214043
0.0214728
0.0216178
0.0215356
0.0214225
0.0217182
0.0214431
0.0216131
0.00383303
0.01001
0.0215607
0.0190197
0.020898
0.0192608
0.0199016
0.0199334
0.0204918
0.0213225
0.0216021
0.0206864
0.0218306
0.0206022
0.0210049
0.0206323
0.0206622
0.0217296
0.0210783
0.0216598
0.0215918
0.0227536
0.020563
0.0218949
0.0217028
0.0219983
0.0215298
0.0216834
0.0215497
0.0219842
0.0211246
0.0217719
0.0211841
0.0216197
0.0211839
0.02164
0.0212028
0.0218221
0.0216313
0.0217499
0.0213005
0.0218096
0.0214229
0.0218297
0.021837
0.021554
0.0213991
0.0216711
0.0216078
0.0214289
0.0215838
0.0215733
0.0214005
0.0214358
0.0214108
0.0216204
0.0215167
0.0216599
0.0215038
0.0216515
0.0216359
0.021009
0.0205305
0.0232839
0.0230675
0.0216782
0.0225982
0.0225502
0.0201886
0.0207187
0.0215003
0.0208025
0.0208081
0.02063
0.020802
0.0222431
0.0222061
0.0213159
0.0220701
0.0221248
0.0220505
0.0220673
0.0214806
0.0211056
0.0219277
0.0211607
0.0219481
0.0216456
0.021948
0.0212662
0.0212584
0.0215315
0.0217181
0.0217273
0.021591
0.0215823
0.022345
0.0215504
0.0220905
0.0217439
0.0215124
0.0211828
0.021168
0.0215214
0.0214512
0.0214177
0.0212441
0.0213231
0.0213799
0.0212548
0.0212804
0.0213928
0.0218368
0.0214279
0.0218231
0.0218122
0.0214228
0.0213752
0.0217821
0.0217227
0.0214024
0.0213944
0.0215919
0.0217566
0.0214285
0.0214275
0.0214301
0.0217451
0.0215112
0.0216849
0.0214822
0.0214651
0.0217241
0.021565
0.0214709
0.0215016
0.0063478
0.0081581
0.0198507
0.0188051
0.0207475
0.0210909
0.0207443
0.0221455
0.0211272
0.0209279
0.0207919
0.0209674
0.0217867
0.0215918
0.0216106
0.0221459
0.0215954
0.0215827
0.0216535
0.0215921
0.0213058
0.0216851
0.0213539
0.0215315
0.0217185
0.0213976
0.0214035
0.0214043
0.0215027
0.0217729
0.0217687
0.0214238
0.0216363
0.021477
0.0217141
0.0217357
0.0217436
0.0216417
0.0214586
0.0215765
0.0216657
0.021572
0.0216725
0.0217158
0.0217086
0.0214951
0.0215123
0.0217015
0.0215558
0.021684
0.0215388
0.0216878
0.0215218
0.0216438
0.021573
0.0215984
0.0216776
0.0216713
0.0215859
0.0216567
0.0216538
0.0215533
0.0216536
0.0216583
0.0215778
0.0215667
0.0216464
0.0216536
0.00912654
0.0215831
0.0180465
0.0217644
0.0209149
0.0219689
0.020568
0.0205398
0.0213135
0.0217086
0.0208623
0.0208493
0.020801
0.0212625
0.0218136
0.0209868
0.0214351
0.0215446
0.0214058
0.0213006
0.00918745
0.0136251
0.0215729
0.0196215
0.0210942
0.0198193
0.0204124
0.0203043
0.0207871
0.0213874
0.0215985
0.02087
0.0217767
0.0208475
0.0211436
0.0208568
0.0208728
0.0217007
0.0211783
0.0216453
0.0215918
0.00628856
0.00899023
0.0196818
0.0226343
0.0169476
0.0226032
0.0179435
0.021411
0.0190564
0.0194137
0.0218932
0.0224054
0.0197477
0.0199444
0.0216816
0.0203276
0.020383
0.0214491
0.0208098
0.020908
0.0215918
0.0223835
0.0215742
0.022174
0.0215943
0.0218771
0.0215326
0.021447
0.0215927
0.021878
0.02185
0.0218027
0.0214535
0.0218212
0.0214474
0.021373
0.0217233
0.0214223
0.0217927
0.0217733
0.0217748
0.0217838
0.0217804
0.0217686
0.0217678
0.0214283
0.0217353
0.0215535
0.0217517
0.0215012
0.0217062
0.0215973
0.0217324
0.0214601
0.0214613
0.0217209
0.0215617
0.0217148
0.0215238
0.0216825
0.0215703
0.0216538
0.0215611
0.0215185
0.0216926
0.0216352
0.0216898
0.0215037
0.0216617
0.0216702
0.0216781
0.0216696
0.0216702
0.0215185
0.0216612
0.0216347
0.0110742
0.0215917
0.0215513
0.0221288
0.0196546
0.0210212
0.0199928
0.0204185
0.0203136
0.0203529
0.0206
0.0213372
0.0205695
0.0208931
0.0215954
0.0206655
0.0221215
0.0210643
0.0210908
0.021976
0.0211486
0.0211042
0.0213755
0.0217592
0.0218224
0.0211582
0.0217911
0.019681
0.0207687
0.0215777
0.0214606
0.0219103
0.0218168
0.0211667
0.0211467
0.0211804
0.0214278
0.0214135
0.0212575
0.0212623
0.0212639
0.0213107
0.0217201
0.0214827
0.0213698
0.0216862
0.0214125
0.021562
0.0215754
0.0215909
0.0215081
0.0198157
0.02019
0.0214375
0.0203062
0.0206112
0.0212953
0.0209024
0.0209036
0.0216762
0.0219417
0.0218638
0.0217187
0.0218222
0.0209631
0.021833
0.0212988
0.0215954
0.0209016
0.0203607
0.0221713
0.0209982
0.0220573
0.0220782
0.0210313
0.0215556
0.0211159
0.0212677
0.0216384
0.0211724
0.0212538
0.0217004
0.0212316
0.0217474
0.0213005
0.02187
0.0217869
0.0213065
0.0215257
0.0214362
0.0213496
0.0213748
0.0213761
0.0217562
0.0214358
0.021485
0.0214565
0.0216316
0.0214194
0.0214653
0.0214355
0.0216357
0.0215917
8.85331e-05
0.0135507
0.0176793
0.0180402
0.0201039
0.0217809
0.0189513
0.0204892
0.0213294
0.0198809
0.0214928
0.0200667
0.0220838
0.0205413
0.0220246
0.0208512
0.0216669
0.0213729
0.0215867
0.0186608
0.0210799
0.0196299
0.0197897
0.0192585
0.0198408
0.0207364
0.020225
0.0213002
0.0205869
0.021941
0.0207403
0.0215918
0.0220957
0.0215938
0.0215972
0.0215927
0.0214857
0.021588
0.0214112
0.0217405
0.0216001
0.0216896
0.0214142
0.0214063
0.0217736
0.0216352
0.0216126
0.0214855
0.0214455
0.0215481
0.0217423
0.0214862
0.0217061
0.0215086
0.0214702
0.0215485
0.0214779
0.0216221
0.0215903
0.021709
0.02171
0.0216479
0.0216985
0.0215752
0.0214924
0.021531
0.0214963
0.0215565
0.0216384
0.0215155
0.0216757
0.0215439
0.0215511
0.0215237
0.0216689
0.0216678
0.0215188
0.0215709
0.0216609
0.021572
0.0216263
0.0216058
0.021639
0.0216266
0.0215973
0.0216342
0.00434886
0.0130125
0.0211084
0.0207651
0.0200875
0.0200082
0.0197647
0.0200118
0.020606
0.0202666
0.0206156
0.0207453
0.0207012
0.0208343
0.0215917
0.0215916
0.0215905
0.0204333
0.020995
0.0208321
0.0210241
0.0211478
0.0216797
0.0217444
0.0210687
0.0211616
0.0210978
0.0218994
0.0216102
0.0212067
0.0212101
0.0219036
0.0218885
0.0212665
0.0218226
0.0214105
0.0217993
0.0216823
0.0213345
0.0213439
0.0214132
0.0214535
0.0217887
0.021373
0.0217393
0.021452
0.0216934
0.0215905
0.0214506
0.0210874
0.0210589
0.0219447
0.021713
0.0217603
0.0213547
0.021881
0.0214912
0.0218678
0.021276
0.0212859
0.0214936
0.0218151
0.0218421
0.0213758
0.0213622
0.0217959
0.0217584
0.0214183
0.0213946
0.0213975
0.0214109
0.021768
0.02155
0.0214119
0.0214187
0.0214429
0.021731
0.0217337
0.0214826
0.021722
0.0217052
0.0215379
0.0215454
0.0214812
0.0216727
0.0214997
