0.00929355
0.0156057
0.0186985
0.0185705
0.023147
0.0210265
0.0199916
0.0202983
0.0204386
0.0206512
0.0212031
0.0212852
0.0224581
0.022537
0.0224627
0.0224586
0.0226396
0.0223804
0.0224573
0.0225251
0.0224835
0.0224537
0.0224415
0.0224094
0.0224324
0.0224141
0.0223921
0.0224104
0.0225219
0.0224771
0.0224903
0.022463
0.0225162
0.0225154
0.0224075
0.0224924
0.0224552
0.0224485
0.0224605
0.0224831
0.0224873
0.0225049
0.0225042
0.0225013
0.0224617
0.0224742
0.0224859
0.0224971
0.0224533
0.0224913
0.0224875
0.0224291
0.0224286
0.0224711
0.0224321
0.0224832
0.022442
0.0224425
0.0224353
0.022433
0.0224784
0.0224403
0.0224452
0.0224644
0.0224372
0.0224518
0.0224618
0.0224374
0.0224581
0.0233908
0.0226668
0.0224529
0.0215529
0.0214543
0.0236087
0.0229034
0.0227681
0.0218694
0.0233606
0.0218811
0.0218606
0.0230343
0.0219367
0.0226522
0.0230442
0.0229953
0.0221882
0.0219987
0.0220613
0.0225919
0.0222574
0.0223831
0.0222143
0.0224768
0.0223101
0.0227685
0.0225988
0.0222478
0.0227404
0.0225237
0.0227087
0.022693
0.0226724
0.0226409
0.0224791
0.0226683
0.0226522
0.0223778
0.0224485
0.0223484
0.0223653
0.0224581
0.0238152
0.0239359
0.0238236
0.023453
0.021502
0.0217266
0.0232404
0.0231881
0.0227251
0.021692
0.0217739
0.0230159
0.0225136
0.0219018
0.0219225
0.0227983
0.0219756
0.0219933
0.0220531
0.0220355
0.0220418
0.0227687
0.022611
0.022804
0.0220899
0.0226073
0.0223069
0.0221461
0.0221338
0.0222691
0.0225367
0.0225481
0.0227209
0.0226809
0.0226644
0.0222601
0.0222238
0.0223065
0.0222376
0.0226455
0.0226483
0.022617
0.0223047
0.0226341
0.0225253
0.022279
0.0224581
0.0231618
0.0233122
0.0233007
0.0230443
0.0218082
0.0221168
0.0229648
0.0228656
0.0225782
0.0220486
0.0220131
0.0228281
0.0224857
0.0221183
0.0221102
0.0226432
0.0221327
0.0221826
0.022213
0.0221793
0.0221996
0.0226443
0.0225463
0.0226784
0.0222105
0.0225468
0.0223684
0.0222418
0.0222449
0.0223438
0.0225055
0.0225129
0.022635
0.0226039
0.022593
0.02233
0.0223014
0.0223612
0.0223102
0.0225832
0.02259
0.0225636
0.0223576
0.0225777
0.0225017
0.0223352
0.0224581
0.0221219
0.0225343
0.0224212
0.0217866
0.0225819
0.0219219
0.0223994
0.0223877
0.0226507
0.0220425
0.0227691
0.0224627
0.0225857
0.0222894
0.0221349
0.0221872
0.0225005
0.0221605
0.0226157
0.0222466
0.0222766
0.0222377
0.0222647
0.0225464
0.0224385
0.0226212
0.0222682
0.0222755
0.0225673
0.0224155
0.0223653
0.0223215
0.0225182
0.0223821
0.0224581
0.0227655
0.0224717
0.0227757
0.0224493
0.0224306
0.0225966
0.0226996
0.0221963
0.0222492
0.0226405
0.0223375
0.0222527
0.0222769
0.022429
0.0222721
0.0225334
0.0223432
0.0225792
0.0224121
0.0223078
0.0223152
0.0225609
0.0225687
0.0223302
0.0223907
0.0223525
0.0223949
0.0224616
0.0225556
0.0223603
0.0225279
0.022419
0.0223778
0.0224344
0.0224538
0.0224049
0.0223858
0.0225257
0.0224581
0.0238155
0.0224123
0.021161
0.021902
0.0227237
0.0230071
0.0224503
0.0216226
0.0217517
0.0229603
0.0218798
0.0221773
0.0219583
0.0219968
0.021977
0.022017
0.0220247
0.0220446
0.02262
0.0220701
0.0227793
0.0221229
0.0221569
0.0226556
0.0221769
0.0221703
0.0221894
0.0222016
0.0221954
0.0223591
0.0222907
0.0226746
0.0226445
0.0226129
0.0222675
0.0225826
0.0225571
0.0223587
0.0224581
0.0224644
0.0224576
0.0225224
0.0224585
0.0224693
0.0224051
0.0224667
0.0225541
0.0224707
0.0224539
0.0223831
0.0224017
0.0224698
0.0224251
0.022394
0.0223956
0.0224423
0.0224906
0.0224037
0.022517
0.0224026
0.0224233
0.0224693
0.0224099
0.0224719
0.0224957
0.0224367
0.0224204
0.0224645
0.0224262
0.022446
0.0224787
0.0224291
0.0224921
0.0224679
0.0224827
0.0224915
0.0224341
0.0224384
0.0224285
0.022438
0.0224891
0.0224794
0.0224339
0.0224436
0.0224639
0.0224556
0.0224841
0.0224733
0.0224623
0.0224691
0.0224631
0.0224483
0.0224823
0.0224638
0.0223459
0.0218667
0.022162
0.0226836
0.0218285
0.022036
0.0220628
0.0222845
0.0226311
0.022138
0.0223066
0.0223872
0.0225995
0.0226061
0.0224577
0.0223591
0.0223046
0.0222596
0.0222857
0.0224319
0.0223309
0.0224581
0.022615
0.0221249
0.0222386
0.021076
0.0214081
0.0214088
0.021795
0.0215748
0.0214782
0.0228911
0.022943
0.0219059
0.0220686
0.0217798
0.0225832
0.0225453
0.0222311
0.0224325
0.0227495
0.0226972
0.0227681
0.0223564
0.0220973
0.0221075
0.0220853
0.0221503
0.0221653
0.02216
0.0221662
0.0222119
0.0226712
0.0231297
0.0224453
0.0224882
0.0224148
0.0224285
0.0223671
0.0225669
0.0225654
0.0223191
0.0223408
0.0225573
0.0224259
0.0224688
0.022357
0.02256
0.0225114
0.022553
0.0225315
0.0224062
0.0225367
0.0225338
0.0224974
0.0225319
0.0225322
0.0224322
0.0223884
0.022393
0.0224327
0.0223991
0.0224889
0.0225125
0.0224785
0.0224054
0.0224216
0.0224245
0.0224598
0.0224185
0.0224258
0.0224961
0.0224225
0.0224836
0.022452
0.0224854
0.0224429
0.0224581
0.0224422
0.0224512
0.0224425
0.0222425
0.0224421
0.0223538
0.0223149
0.0228326
0.0220412
0.0220686
0.0222397
0.0226126
0.0221911
0.0221502
0.0225324
0.0226535
0.0221732
0.022204
0.0226506
0.0224101
0.0224128
0.0222663
0.0226278
0.0222555
0.0222715
0.0224321
0.0226123
0.0224054
0.0225837
0.0225494
0.0223011
0.0223076
0.0224711
0.0223734
0.0223209
0.0224994
0.0223512
0.0225236
0.0225117
0.0223902
0.0224197
0.0194257
0.020985
0.018939
0.0195777
0.0202696
0.0203846
0.0203713
0.0214864
0.0213628
0.0224206
0.0214109
0.0225256
0.0216632
0.0216334
0.0216088
0.0216029
0.0218365
0.0218103
0.0219829
0.0224581
0.0233017
0.0224417
0.0217816
0.0222253
0.0225848
0.0227527
0.0224575
0.0220002
0.0220526
0.0227656
0.022117
0.0223274
0.0222069
0.0221702
0.0222185
0.0222382
0.0222005
0.0222322
0.0225466
0.0222367
0.0226592
0.0222619
0.0222893
0.0225714
0.0223007
0.0222925
0.0222955
0.0223093
0.0222998
0.0224043
0.0223647
0.0225941
0.0225717
0.0225517
0.0223415
0.0225327
0.0225172
0.0224013
0.0224581
0.0181415
0.0221888
0.0228054
0.0205609
0.0231275
0.0229399
0.0222682
0.021636
0.0222275
0.0217436
0.0225436
0.0216309
0.0216904
0.0226734
0.0218622
0.0228929
0.0219069
0.0228205
0.0227702
0.0222713
0.0222092
0.0220803
0.022729
0.0226517
0.0224503
0.0221227
0.0226605
0.0225244
0.0225016
0.0225319
0.0222148
0.0224235
0.0224191
0.0224557
0.0216572
0.0228825
0.022058
0.0222526
0.0223727
0.022217
0.0224683
0.0224115
0.0226565
0.0223925
0.0226157
0.0222111
0.0226756
0.0222197
0.0222102
0.0222237
0.0224159
0.0226442
0.0225383
0.0224198
0.0224401
0.0223103
0.0223304
0.022475
0.0223778
0.0225274
0.0224131
0.0223315
0.0224395
0.0225754
0.0223357
0.0223922
0.0224163
0.0223592
0.0223853
0.0225465
0.0223853
0.0223819
0.02083
0.0193212
0.0205132
0.0221242
0.0213621
0.0207341
0.0214514
0.0212933
0.0215794
0.0215052
0.0222716
0.0217433
0.0225185
0.0224784
0.0225126
0.022487
0.0224593
0.0223959
0.0223398
0.0226225
0.0222739
0.0222906
0.0224375
0.0223255
0.0223358
0.0224148
0.0226284
0.0224273
0.022339
0.0223682
0.022397
0.02234
0.0225905
0.022443
0.0223775
0.0224872
0.0225559
0.0225477
0.0224889
0.0223794
0.0224265
0.022413
0.0225514
0.0225513
0.0223781
0.0225433
0.0225173
0.0224965
0.0225287
0.0223828
0.0224631
0.0224006
0.0224232
0.0224453
0.0224176
0.0224621
0.0225194
0.0224508
0.0224149
0.0224943
0.0225147
0.022511
0.0224834
0.0224212
0.0225109
0.0224668
0.0225078
0.0191322
0.0223878
0.0217374
0.0214006
0.0222749
0.0226509
0.0219088
0.0217065
0.0225769
0.0218002
0.0227471
0.0218077
0.021804
0.0225491
0.0220101
0.0227167
0.02242
0.0225803
0.0225721
0.0222128
0.0204665
0.0207467
0.0203662
0.0210337
0.0209245
0.0210401
0.021535
0.0216394
0.0215762
0.0225901
0.0217246
0.0228037
0.0227787
0.0223176
0.0218579
0.0221419
0.0221643
0.0225301
0.0216056
0.0161066
0.0125043
0.0203076
0.0191556
0.0205248
0.0200217
0.0204768
0.0233591
0.020117
0.0209648
0.0209796
0.0213124
0.0228753
0.0222032
0.0224917
0.021542
0.0212747
0.0216849
0.0224821
0.0216409
0.0224781
0.0222836
0.0224064
0.0224517
0.0224158
0.022739
0.0226951
0.0224168
0.0224495
0.0226254
0.0222688
0.0226263
0.0225383
0.0223332
0.0223047
0.0225454
0.0226116
0.022407
0.022554
0.0223263
0.0225714
0.0224709
0.0223948
0.0225901
0.0225788
0.0225657
0.0224369
0.0223778
0.0223914
0.0223692
0.0223644
0.0225655
0.0225072
0.0223831
0.0224594
0.022371
0.0224811
0.0224122
0.0225475
0.0224333
0.0225444
0.0225094
0.0224304
0.0225116
0.0225171
0.0224775
0.0224774
0.0225124
0.0224835
0.0224614
0.0225231
0.0225189
0.022481
0.0225171
0.0225165
0.0229004
0.0222225
0.0216937
0.019581
0.0211603
0.023001
0.021449
0.0212716
0.0228185
0.0219182
0.0219201
0.0222674
0.021909
0.0217555
0.0217736
0.0217063
0.0217924
0.0218305
0.0219118
0.0219309
0.021966
0.0224673
0.0223002
0.022316
0.0220738
0.0221155
0.0221871
0.0216683
0.021308
0.0222828
0.0223196
0.0219707
0.0219695
0.0220544
0.0221326
0.0225926
0.022621
0.0226206
0.0222744
0.0222132
0.0222699
0.0222975
0.0222759
0.0225165
0.0223233
0.0224932
0.0223613
0.0183465
0.0209309
0.0220637
0.0221486
0.0214486
0.0218518
0.0225553
0.0214564
0.0216376
0.0214984
0.0222825
0.021725
0.0221226
0.0219592
0.0226939
0.0221445
0.0220529
0.0224574
0.0210794
0.0224337
0.022397
0.0223808
0.0222907
0.0224596
0.0223237
0.0223762
0.0220961
0.0220846
0.0223468
0.0221262
0.0221832
0.0223415
0.0226616
0.0221803
0.0225624
0.0226424
0.0224054
0.0225503
0.0226408
0.0224973
0.0222985
0.0223652
0.0225998
0.0224825
0.0222844
0.0223519
0.0223437
0.0225752
0.0223351
0.0223368
0.02241
0.0224574
0.0224332
0.0205524
0.0218616
0.0204001
0.019281
0.0213148
0.0197851
0.0229994
0.020943
0.023094
0.0214864
0.0229622
0.023038
0.0216394
0.0214382
0.0217814
0.0227166
0.0220762
0.0219933
0.0219684
0.0224412
0.0221148
0.0220895
0.019344
0.0202218
0.0205082
0.021252
0.0222744
0.0226826
0.0228635
0.0227839
0.022098
0.0224486
0.022025
0.0225227
0.0224651
0.0224485
0.022472
0.0227261
0.0225629
0.0222704
0.0224989
0.022615
0.022391
0.0223311
0.0226167
0.0226114
0.0225537
0.0225393
0.0225497
0.0224386
0.0225832
0.0223729
0.0225699
0.0225135
0.0225657
0.02236
0.0225613
0.0224629
0.0224348
0.0223781
0.0223992
0.0225125
0.0225417
0.0224066
0.0225062
0.0224754
0.0224753
0.0223998
0.0225323
0.0224872
0.0224661
0.0224827
0.0224636
0.0225104
0.0225213
0.0224023
0.0224671
0.0225135
0.0224195
0.0224149
0.0225128
0.0224696
0.0225019
0.0224134
0.0225031
0.0225052
0.0224277
0.0224617
0.0201456
0.0209335
0.0228105
0.019795
0.0220892
0.021903
0.0209118
0.022829
0.0216946
0.0216982
0.0218498
0.0216009
0.0220271
0.0216553
0.0221276
0.0224513
0.0229308
0.0223822
0.0213896
0.0217553
0.0225558
0.0228824
0.0221775
0.0219883
0.0220196
0.0220909
0.0220974
0.0222109
0.0227056
0.0220961
0.022124
0.0223998
0.0221625
0.0226644
0.0221717
0.0225052
0.0223078
0.0222175
0.0222569
0.0222275
0.022472
0.0224124
0.02247
0.0225996
0.0222954
0.022301
0.022468
0.0224576
0.0220663
0.0226492
0.0226262
0.0221793
0.022272
0.0221625
0.0223925
0.0225935
0.0222104
0.0226729
0.0224399
0.0224175
0.0226402
0.022252
0.0224218
0.0222791
0.0222981
0.0224974
0.0223653
0.0223011
0.0223907
0.0225078
0.0223132
0.0223347
0.0225637
0.0223379
0.0223943
0.0224493
0.0223498
0.0224605
0.0223727
0.0225441
0.0223995
0.0224994
0.022531
0.0223767
0.0223773
