0.0109125
3.55833
0.00713773
0.0103474
0.00133563
0.000707594
0.00711595
0.00490797
0.00706951
0.00669432
0.00601384
0.00685899
0.00704283
0.00877245
0.00727142
0.00827009
0.00842085
0.00790524
0.00887221
0.00822406
0.00807722
0.00872252
0.00831805
0.00820364
0.00827073
0.00859791
0.00858311
0.00880686
0.00883008
0.094615
0.00800515
0.00757254
0.0073849
0.00597108
0.008471
0.0033324
0.00878813
0.00897562
0.00880763
0.00719778
0.00722665
0.00742257
0.00885864
0.0077402
0.00875069
0.00828924
0.00892501
0.00869917
0.00820106
0.00874101
0.00895519
0.00889472
0.00893062
0.00844326
0.00876322
0.00875167
0.0087809
0.00853857
0.00882016
0.008694
0.00882936
0.0087971
0.00862057
0.00860901
0.00892429
0.00865818
0.00882009
0.00884054
0.00874357
0.0088555
0.00871398
0.00878808
0.0087227
0.00877239
0.00875653
0.00875517
0.00877088
0.00874873
0.00875745
0.00883367
0.00877173
0.00885008
0.00887218
0.00885705
0.00882764
0.00880678
0.0088996
0.00882834
0.222008
0.0461882
0.007857
0.0167374
0.00935364
0.00591914
0.00263944
4.26966e-05
0.00249681
0.00855415
0.00507614
0.00852747
0.00660935
0.00645916
0.00766795
0.00815435
0.00838282
0.007512
0.00865819
0.00795107
0.00817796
0.00845439
0.00878762
0.00801771
0.00846449
0.00824953
0.00875767
0.0088864
0.00891396
0.213924
0.283696
0.0031729
0.00343147
0.00220566
0.00104006
0.0023208
0.00316652
0.00780656
0.00531521
0.00745488
0.00625206
0.008945
0.00719293
0.00680513
0.00728855
0.00794796
0.00747129
0.00817695
0.00837234
0.00804537
0.00786212
0.00845694
0.0080181
0.00880026
0.0086325
0.00838588
0.00860596
0.00829947
0.571206
0.20777
0.0280492
0.0015943
0.00269168
0.0133061
0.00501426
0.00381635
0.00227288
0.00396638
0.00858979
0.00821809
0.00486212
0.00635193
0.00608111
0.00617873
0.00636562
0.00708357
0.00751588
0.00852126
0.00854747
0.00728419
0.00819792
0.00867526
0.00841324
0.00876593
0.00807584
0.378539
0.0664805
0.00150054
0.0149918
0.00692314
0.00771107
0.000503202
0.00869796
0.00797674
0.00255255
0.00619761
0.00686198
0.00622386
0.00598328
0.00875005
0.00871831
0.00832281
0.00843787
0.00741159
0.00864574
0.00872771
0.00764366
0.00775846
0.00782174
0.00818401
0.00792554
0.00837367
0.00808889
0.134064
0.000942882
0.0217642
0.0117823
0.0137928
0.00915458
9.31606e-05
0.00435401
0.00803227
0.00659457
0.00617563
0.00417089
0.00448948
0.0051995
0.00574231
0.0074316
0.00704845
0.00838499
0.00793177
0.00833919
0.00879196
0.007923
0.00807153
0.00852762
0.00831002
0.00824697
0.00818369
0.00839748
0.00890838
0.259121
0.318691
0.00849938
0.00841609
0.00422339
0.000380162
0.00267908
0.00311621
0.00893933
0.00665815
0.00867279
0.00813563
0.00871212
0.00848938
0.00823217
0.00730255
0.00849515
0.00869699
0.00740353
0.00849649
0.00786425
0.00841571
0.00879652
0.00789952
0.00802634
0.0080663
0.0083082
0.00862228
0.303315
0.00616533
0.00483437
0.0104543
0.00762045
0.00849993
0.00520025
0.00356821
0.0043171
0.00852397
0.00828976
0.00836084
0.00827958
0.00624451
0.00728864
0.00859894
0.00784506
0.00838987
0.00829405
0.00733201
0.00806639
0.00791615
0.0083073
0.00784321
0.00824217
0.00798978
0.00817687
0.00883548
0.493977
0.0406646
0.00790304
0.0166439
0.00921109
0.0059241
0.00252397
7.46303e-05
0.0025578
0.00855708
0.00511577
0.00852743
0.00662886
0.00647729
0.00767687
0.00815903
0.00838566
0.00752095
0.00865928
0.00795662
0.00818098
0.0084566
0.00878803
0.00802272
0.00846641
0.00825302
0.00875821
0.00888642
0.00891388
0.0116427
1.25044
0.00510259
0.00896782
0.00174438
0.000873443
0.00711289
0.00495435
0.00707236
0.00670932
0.00607882
0.00690223
0.00706311
0.00877214
0.00729133
0.00827909
0.00842342
0.00791552
0.00887214
0.00823018
0.00808592
0.00872354
0.00832363
0.00821123
0.0082777
0.00860043
0.0085862
0.00880757
0.00883057
0.00894057
0.00862802
0.0137602
0.00348421
0.00454922
0.00878215
0.00872897
0.00568621
0.0088061
0.00882205
0.00875501
0.00761482
0.00783012
0.00885077
0.00806746
0.00855492
0.00889195
0.00865523
0.00835965
0.0086839
0.00846711
0.00877352
0.00848625
0.00851569
0.00865503
0.00861826
0.00858827
0.00867032
0.008647
0.00869371
0.444365
0.235433
0.00181079
0.0158146
0.00700523
0.00774715
0.000249278
0.00868884
0.00794781
0.00244406
0.00613052
0.00681027
0.00616654
0.00592585
0.00874635
0.00871714
0.00831101
0.00842848
0.00738414
0.00864057
0.00872416
0.00761427
0.00773418
0.00779625
0.00816959
0.00790085
0.00836255
0.00806747
0.0777824
0.129455
0.00966392
0.0018932
0.00816716
0.00524264
0.00507568
0.00743411
0.00860918
0.00739549
0.0082316
0.00769513
0.00887613
0.00790932
0.00810172
0.00880553
0.0087164
0.00870646
0.00880015
0.00839206
0.00881787
0.0086624
0.00851198
0.00874306
0.00873313
0.00864449
0.00864229
0.00870502
0.00865499
0.00873228
0.114678
0.255734
0.0238282
0.00562015
0.00742158
0.00574855
0.00875086
0.00350186
0.00539544
0.00501936
0.00843189
0.00797419
0.00549148
0.0089317
0.00779885
0.00677789
0.00803073
0.00839342
0.00718401
0.00782198
0.00749191
0.00786916
0.00857257
0.00882668
0.00792382
0.00805179
0.00879842
0.00880139
0.0086551
0.0857882
0.053296
0.00824581
0.00730605
0.00705453
0.00639117
0.00755085
0.00786857
0.0086862
0.00894749
0.00784523
0.00833332
0.00810641
0.00782323
0.00848451
0.00830268
0.00891969
0.00881539
0.00874549
0.00837989
0.00870725
0.00843608
0.00877265
0.00856735
0.00861917
0.00872703
0.00863813
0.00891448
0.00883149
0.00882639
0.00724724
0.00480337
0.00796805
0.00616141
0.00867733
0.00734191
0.0081863
0.0087602
0.0075722
0.00635345
0.00687149
0.00687029
0.00752737
0.00785407
0.00769232
0.0077683
0.00807956
0.00873616
0.00869738
0.00865142
0.00879002
0.008345
0.00878528
0.0085077
0.00873611
0.00854003
0.00860519
0.00872837
0.00726527
0.00172617
0.00796804
0.00615986
0.00867713
0.00733767
0.00820709
0.00875937
0.0076013
0.00639274
0.00690102
0.006897
0.00754577
0.00786672
0.00770354
0.00777647
0.00808355
0.00873715
0.00869863
0.00865206
0.00879017
0.00834846
0.00878554
0.00850994
0.00873686
0.00854179
0.00860664
0.00872912
0.716251
0.102436
0.00296263
0.00741724
0.00108791
0.00726582
0.00368397
0.00338003
0.00594844
0.00606067
0.00659462
0.00786259
0.00889125
0.00848213
0.00828723
0.00702143
0.00710948
0.00759496
0.00794619
0.0086852
0.00830654
0.00857036
0.00828992
0.00810424
0.00823061
0.00826118
0.00843603
0.00865805
0.00837993
0.00854434
0.56384
0.00385944
0.020163
0.0614591
0.0153578
0.0193154
0.00430659
0.00556288
0.00168568
0.00344964
0.0053437
0.00735066
0.00744662
0.00814104
0.00573407
0.00704005
0.00729745
0.00793839
0.00836998
0.00717777
0.0070038
0.0072484
0.00745595
0.00800155
0.00803322
0.00869413
0.00831068
0.00865494
0.154686
0.00612488
0.00476586
0.00386935
0.00808487
0.00860918
0.00846163
0.00778876
0.00804989
0.00740156
0.0074999
0.00799406
0.00861429
0.00859447
0.00815178
0.00878049
0.00856731
0.0089039
0.00844856
0.0086178
0.0086368
0.00891074
0.00874221
0.00865446
0.00870568
0.00862142
0.00867025
0.00867121
0.0462764
0.00293802
0.0500712
0.00592349
0.00313125
0.00021886
0.00575505
0.00870096
0.00706845
0.00701712
0.00805545
0.00872749
0.00761213
0.0089668
0.0076754
0.00833407
0.00875143
0.00847776
0.0081422
0.0087847
0.00867632
0.00875323
0.00872565
0.00864464
0.00880336
0.00875088
0.00833776
0.00836948
0.00865491
0.00859568
0.00849522
0.00870457
0.0087458
0.00854546
0.00872192
0.00857073
0.00881593
0.00868125
0.00863664
0.00872754
0.0088205
0.0086662
0.0086756
0.00870935
0.00880623
0.00880272
0.00890242
0.00870228
0.00875662
0.00882739
0.00887489
0.00881167
0.00881862
0.00883595
0.00881461
0.00884772
0.00876422
0.00879893
0.00886322
0.324298
0.0192408
0.000665956
0.0100521
0.00474658
0.00171723
0.00482965
0.00499941
0.00478911
0.00552418
0.00605182
0.00842628
0.00846069
0.0072958
0.00749154
0.00800946
0.00793324
0.00884262
0.00839802
0.00852757
0.00860673
0.00852011
0.00846207
0.00885614
0.00841988
0.00859511
0.00848655
0.148861
0.00675785
0.051492
0.00397729
0.00684113
0.00114312
0.00296154
0.00309479
0.0081436
0.0086079
0.00837123
0.00877021
0.00864844
0.00694587
0.00772002
0.00820856
0.00855016
0.00835213
0.00853199
0.00854819
0.00817799
0.0087981
0.00821844
0.00895569
0.00862537
0.00835707
0.00885807
0.008922
0.00870923
0.00844369
0.00880134
0.00874727
0.00876825
0.00863161
0.0089035
0.00861863
0.0087253
0.00863246
0.00873187
0.00883918
0.00882836
0.0089271
0.00876338
0.00868251
0.00883819
0.00870246
0.00882099
0.00883306
0.00884329
0.00875302
0.00879407
0.00889471
0.00877898
0.00885141
0.00878369
0.00882052
0.0673084
0.00881998
0.00818244
0.00585065
0.00811207
0.00154978
0.00599392
0.00740997
0.00656124
0.00830931
0.00898916
0.00705537
0.00870069
0.00728673
0.00751538
0.00837531
0.00767126
0.00828364
0.00825792
0.00847735
0.00868246
0.00880523
0.00884699
0.00894714
0.00850646
0.0084532
0.0085417
0.00859601
0.00848642
0.00890817
0.00860576
0.00874025
0.00860412
0.00861266
0.0086393
0.00871718
0.00873654
0.00863939
0.00882567
0.00867331
0.00873067
0.00879558
0.00885745
0.00869703
0.00877094
0.00875282
0.00877448
0.00878521
0.00877694
0.0087493
0.0088531
0.0087959
0.00884106
0.00881296
0.00880345
0.00879454
0.00878952
