0.103016
0.00267161
0.00171864
0.0165656
0.0141782
0.00283687
0.00217322
0.00494791
0.0129838
0.00880535
0.0115404
0.0123057
0.00681197
0.0118968
0.00677404
0.00876416
0.00712668
0.00765687
0.0109647
0.00775989
0.0109599
0.00842179
0.0104611
0.0105888
0.00838655
0.00832922
0.0104941
0.00875691
0.0876255
0.618204
0.0420206
0.0298461
0.00423697
0.0253896
0.00217304
0.00410176
0.00657272
0.0114859
0.00522788
0.0142065
0.00603632
0.0138732
0.013586
0.0060138
0.0112438
0.00905813
0.0105199
0.0121821
0.00704496
0.00760358
0.0113257
0.00760388
0.0112696
0.00863322
0.0079268
0.00875284
0.00785555
0.00790039
0.00952548
0.0109412
0.0108274
0.008152
0.00822191
0.0101046
0.010676
0.00831953
0.00857044
0.0105176
0.0106036
0.00934235
0.0101651
0.00847861
0.00861548
0.00859102
0.0103576
0.00883347
0.00914893
0.0101247
0.00870334
0.00911449
0.00998319
0.00877941
0.00977299
0.00944013
0.0090006
0.00859067
0.0146499
0.0121869
0.0166277
0.00150613
0.0157422
0.0144418
0.00053695
0.00443587
0.0133872
0.00597326
0.0124908
0.0120779
0.00623053
0.00667736
0.00687968
0.0112231
0.00705477
0.00754296
0.0113174
0.00755208
0.0107981
0.00961357
0.00960317
0.00882557
0.0104531
0.01045
0.00964992
0.0966263
0.0186887
0.0156347
0.000611952
0.00469455
0.00392376
0.0145371
0.0115283
0.0134935
0.0128382
0.0113236
0.00522766
0.011251
0.00605275
0.0120169
0.00648294
0.0117199
0.00708632
0.00790947
0.00732925
0.0076045
0.0110519
0.00847661
0.00939867
0.00970165
0.00821237
0.00832362
0.00986589
0.174493
0.0132396
7.04514e-05
0.0161772
0.0104065
0.00144214
0.0147759
0.0142215
0.00147733
0.0136881
0.013541
0.00464874
0.0127273
0.00821183
0.0119226
0.0123412
0.00658387
0.00580687
0.0117181
0.00763488
0.00678787
0.0115446
0.0114468
0.00720204
0.00743493
0.00907694
0.00763042
0.00960047
0.00996598
0.141137
0.0186552
0.0174419
0.0157724
0.00241368
0.00278823
0.0111979
0.0143315
0.00364765
0.00436018
0.00345876
0.00440666
0.00583509
0.0121929
0.00696972
0.00827786
0.0080878
0.0104686
0.0109656
0.00700862
0.0110779
0.00731639
0.0111561
0.00776237
0.00911382
0.0098344
0.010822
0.00829577
0.0080857
0.0106576
0.238965
0.0115924
0.00339312
0.00418487
0.0144188
0.00921048
0.0117671
0.00042635
0.0134367
0.00282583
0.0132393
0.00575935
0.00584224
0.0122637
0.00604879
0.0101011
0.00722007
0.0114494
0.00950228
0.00862507
0.00875572
0.010626
0.0110234
0.0105897
0.00790044
0.00960986
0.00810086
0.103843
0.0600712
0.0306269
0.0164972
0.00268098
0.0132423
0.0146877
0.0104322
0.00570581
0.00635089
0.0087093
0.00657719
0.00791973
0.00842576
0.01177
0.00705005
0.0115624
0.0107553
0.00748666
0.00744094
0.0087741
0.0104015
0.010327
0.00906105
0.0103167
0.0102009
0.00818797
0.010535
0.107494
0.0130249
0.00521846
0.000263191
0.000711059
0.0138999
0.00232005
0.0134677
0.0121218
0.01287
0.0107384
0.00629096
0.00632162
0.0105779
0.011806
0.0116127
0.0117052
0.0115076
0.00920377
0.0078543
0.00739915
0.0111296
0.010935
0.00790593
0.010519
0.00842676
0.00804862
0.00945078
0.00272989
0.0295756
0.0169531
0.015573
0.0155889
0.00228095
0.00809305
0.013357
0.00420979
0.0135011
0.00400801
0.00535603
0.00914736
0.0109137
0.0117517
0.00695999
0.0086034
0.0112944
0.00754511
0.00823586
0.00779715
0.0104318
0.00797906
0.00807868
0.0107405
0.0082856
0.00856816
0.129524
0.0016282
0.000439218
0.00350825
0.00149215
0.0143309
0.0132695
0.00267542
0.00416073
0.0129416
0.0053136
0.00599442
0.00593427
0.00752828
0.011836
0.00777771
0.00735827
0.0111538
0.0101388
0.0105123
0.0085876
0.0109335
0.01078
0.00828419
0.0086335
0.0105494
0.00983871
0.010157
0.00848577
0.0109504
0.00351952
0.00294151
0.0181041
0.00380496
0.00328635
0.0123842
0.00937719
0.00580659
0.00684925
0.00675448
0.00731939
0.00797448
0.00737172
0.00851028
0.0097051
0.0111947
0.0103743
0.0109325
0.0105653
0.0107435
0.0090938
0.0105758
0.0105467
0.0084982
0.0094166
0.00982487
0.0102603
0.0100826
0.887702
0.018216
0.0172173
0.0156299
0.00233439
0.00271165
0.0113222
0.0143266
0.00366879
0.00436588
0.00338541
0.00434316
0.00580092
0.0122113
0.00693546
0.00826103
0.00806532
0.0104817
0.0109836
0.00697617
0.0110979
0.00727725
0.0111774
0.00772742
0.00910326
0.00983892
0.0108429
0.00826792
0.00806038
0.0106782
0.0412683
0.00217717
0.015082
0.000791863
0.0143024
0.00605879
0.00520154
0.0125389
0.011207
0.00696362
0.0125173
0.01193
0.00752289
0.0093754
0.0112067
0.0108772
0.00795981
0.0107979
0.0110376
0.0109157
0.00853998
0.0103841
0.0106728
0.00842662
0.0084574
0.00851285
0.00910489
0.0086852
0.0102824
0.0102766
0.249982
0.0175808
0.0138091
0.0165026
0.00292309
0.0140767
0.00137658
0.0138155
0.00272131
0.0126507
0.0124184
0.0123315
0.00775206
0.00986297
0.00680684
0.00663063
0.00684894
0.00866215
0.0113902
0.00740029
0.00747031
0.00967154
0.00778316
0.010113
0.00791155
0.0079759
0.00820165
0.00817602
0.0420028
0.0181615
0.00288817
0.00185619
0.0138473
0.00364442
0.0108627
0.00651584
0.00582221
0.00917432
0.0065521
0.00725836
0.0119257
0.0115764
0.010916
0.00965091
0.00775064
0.00772191
0.0110458
0.00804795
0.00809199
0.0107245
0.0105421
0.00922957
0.0105195
0.0102272
0.00861195
0.00939261
0.00967834
0.0090452
0.137606
0.017189
0.0111403
0.0157845
0.00126198
0.0133102
0.00352492
0.0126122
0.00514801
0.00523593
0.0121065
0.00686719
0.0116864
0.00724622
0.00709305
0.00733189
0.00872391
0.00756878
0.0110909
0.0104191
0.0106114
0.00947859
0.0104603
0.00879535
0.00830259
0.00954961
0.00855023
0.00906449
0.00953814
0.00927822
0.146477
0.0171889
0.0111156
0.0156354
0.00128116
0.0132583
0.00357016
0.0125801
0.00516194
0.00526351
0.0120888
0.00687289
0.0116729
0.00725196
0.00710355
0.00734105
0.00873265
0.00757548
0.0110833
0.0104143
0.0106055
0.00947974
0.0104553
0.0087996
0.00830721
0.00954967
0.00855463
0.0090669
0.0095381
0.00927941
0.250764
0.0258109
0.0284553
0.00236153
0.00232826
0.0134319
0.00812536
0.00431586
0.00325453
0.00385619
0.012997
0.0121959
0.0108131
0.00785784
0.0119715
0.00675871
0.0094306
0.011544
0.00758283
0.00744419
0.00816078
0.00888682
0.00775463
0.00933796
0.00873152
0.00975648
0.00974335
0.00914307
0.0101973
0.174569
0.0142876
7.4444e-05
0.0162207
0.0102887
0.0014463
0.0147931
0.0142367
0.00143306
0.0136988
0.0135502
0.00464812
0.0127318
0.00820421
0.0119251
0.0123449
0.00658289
0.00580398
0.0117204
0.00763218
0.00678667
0.0115463
0.0114483
0.00720092
0.00743391
0.00907656
0.00762979
0.00960047
0.00996619
0.0732756
0.0198756
0.00291615
0.0018976
0.0137821
0.00366219
0.0108113
0.00652402
0.0058322
0.00914828
0.00654761
0.00726318
0.0119325
0.011579
0.0109153
0.00964985
0.00775568
0.00772701
0.0110448
0.0080519
0.00809648
0.0107224
0.0105397
0.00923163
0.0105166
0.0102248
0.00861659
0.00939401
0.00967813
0.00904846
0.0723253
0.210211
0.0204348
0.000984448
0.0191584
0.015544
0.016275
0.0176658
0.0159253
0.00396864
0.00427307
0.00623591
0.00669944
0.0137005
0.00594729
0.00604839
0.0131202
0.0119032
0.0116112
0.0100017
0.011864
0.00755172
0.0118768
0.0113706
0.00786613
0.00748353
0.00775181
0.00768759
0.00769739
0.0101726
0.00832646
0.00868784
0.0108227
0.00860415
0.0109406
0.0104696
0.0092751
0.0100544
0.00978297
0.00964043
0.0106307
0.00841974
0.0105935
0.00944644
0.00982076
0.00854873
0.0102547
0.00913446
0.0089079
0.0103652
0.0103474
0.00949867
0.00869567
0.0102671
0.0102583
0.0102133
0.0101001
0.00880189
0.0100888
0.0233176
0.0191765
0.00934767
0.00484102
0.00818427
0.0151243
0.00478346
0.00551317
0.0135208
0.0126282
0.0128557
0.012199
0.00637875
0.008318
0.00679994
0.00717919
0.00804174
0.0112105
0.0075606
0.0111517
0.00891443
0.0109313
0.0100365
0.0101607
0.00904046
0.00885517
0.0105216
0.0102751
0.00866965
0.00879301
0.0432983
0.00264841
0.00348755
0.0194797
0.00362526
0.0192885
0.0144729
0.00389137
0.0062796
0.0144173
0.0047585
0.0128503
0.0132741
0.0119783
0.00675032
0.0128614
0.00722624
0.00654695
0.0125496
0.00892498
0.011438
0.00710446
0.0119414
0.00761188
0.00756522
0.00763671
0.0110165
0.0078836
0.00840187
0.0111381
0.0110981
0.00813178
0.0106051
0.00870737
0.00815294
0.00859284
0.00848454
0.00828758
0.00945889
0.00933105
0.00879175
0.00970725
0.0104653
0.00893696
0.00865303
0.00853605
0.00961356
0.00965061
0.0103642
0.0103152
0.00888331
0.00996756
0.0088128
0.0100485
0.0100889
0.0101231
0.00887418
0.0324591
0.112298
0.0175468
0.0153803
0.0133017
0.01988
0.00353995
0.00571699
0.0128708
0.0162871
0.00469164
0.00667644
0.00526834
0.007058
0.00933573
0.00969921
0.0129897
0.0126717
0.00717972
0.0122521
0.0102446
0.0118513
0.0115906
0.0117733
0.0115248
0.0115653
0.00849883
0.00865361
0.00783891
0.00991042
0.0110542
0.00806057
0.00916926
0.00804328
0.0105835
0.00835352
0.0107701
0.0107261
0.00966166
0.00838306
0.00864291
0.00853693
0.00888929
0.00903423
0.008464
0.0105075
0.00894286
0.0103727
0.00885198
0.00951129
0.00919806
0.00869517
0.0101972
0.00993045
0.0102095
0.0092464
0.0095378
0.0101363
0.00999097
