0.0225088
0.0101418
0.00840992
0.0325335
0.00595774
0.00162344
0.00562816
0.0191837
0.0100328
0.0178536
0.0149337
0.0172109
0.0160562
0.0162528
0.0185061
0.0163811
0.0175211
0.0186938
0.019222
0.0174188
0.0178237
0.0178827
0.0183377
0.0178845
0.0179835
0.019486
0.0181587
0.0181841
0.0189056
0.0192535
0.270532
0.00247241
0.0687793
0.00644756
0.010545
0.0066929
0.0174775
0.0196726
0.00961979
0.0167831
0.0148809
0.0176464
0.0191822
0.0200017
0.0182972
0.0172441
0.0178208
0.017021
0.0168814
0.0173745
0.017698
0.0180115
0.0181272
0.0179623
0.0197695
0.0178647
0.0195966
0.0181031
0.0185874
0.0195591
0.0183994
0.0183255
0.0182945
0.0186242
0.0194349
0.0184933
0.0196509
0.0195798
0.0187057
0.0188046
0.0186261
0.018684
0.0189605
0.0186578
0.0188723
0.0194907
0.0189446
0.0188271
0.0191451
0.0191014
0.019396
0.0190098
0.0193295
0.0193747
0.0193031
0.0190168
0.0190339
0.393299
0.207419
0.00538891
0.0149094
0.00573776
0.0148567
0.00370693
0.00924205
0.0125827
0.0173558
0.0119502
0.0170915
0.0147697
0.0179056
0.0154626
0.017886
0.0156124
0.0164133
0.0169053
0.0194145
0.0183115
0.0173954
0.0197309
0.0174884
0.0186772
0.0178216
0.018224
0.0189211
0.0181658
0.408115
0.144418
0.0191851
0.0183684
0.016688
0.00810257
0.00563629
0.0156689
0.0177601
0.0112869
0.0118401
0.0200276
0.0138394
0.0172871
0.0155836
0.0160768
0.0183671
0.0165334
0.0172091
0.0185615
0.0173274
0.018751
0.0185932
0.0179355
0.0187534
0.018836
0.0183197
0.0195572
0.942601
0.00851179
0.0213756
0.104809
0.0154267
0.0290885
0.00844197
0.0162102
0.00828045
0.00844915
0.0115049
0.0150369
0.0152935
0.0166097
0.0131685
0.0150548
0.0176369
0.0166371
0.0174116
0.0157539
0.0159239
0.0161884
0.0164158
0.0171635
0.0172388
0.0195872
0.0188717
0.0194546
0.684396
0.233058
0.0540115
0.0483654
0.0333781
0.0155454
0.015855
0.0173478
0.0198603
0.0135647
0.0158952
0.0168529
0.0141098
0.0161835
0.017327
0.0197908
0.0170732
0.0167262
0.0163586
0.0182258
0.0180626
0.0176829
0.0196994
0.017904
0.0187471
0.0187829
0.0195589
0.892309
0.0194866
0.110277
0.00768148
0.00639516
0.0147702
0.018504
0.0118952
0.0173748
0.017559
0.0120409
0.0119145
0.01644
0.0179718
0.0158361
0.0143356
0.0164174
0.0155695
0.0181234
0.0166353
0.0181613
0.0183258
0.0182933
0.017781
0.0188722
0.019286
0.0180172
0.0177235
0.0177636
0.355632
0.0939115
0.116127
0.00114648
0.0162785
0.00926391
0.0201587
0.00434359
0.01754
0.0178512
0.0123545
0.0147147
0.0199451
0.0152621
0.0186057
0.0189882
0.0194148
0.0189058
0.0197583
0.0176158
0.0186098
0.0174909
0.0185244
0.0193738
0.018476
0.0178342
0.0195415
0.0180003
0.575482
0.01755
0.0188455
0.0144123
0.000453428
0.0134619
0.0110724
0.0107952
0.0194816
0.0177715
0.0116281
0.0166282
0.0144853
0.0149082
0.015694
0.0153752
0.0177174
0.0183745
0.0168864
0.0165036
0.0171754
0.0177089
0.0183672
0.0176268
0.0186445
0.0176236
0.019643
0.0178217
1.02232
0.204786
0.00541801
0.0134301
0.00569942
0.0150103
0.00377666
0.00926594
0.0126886
0.0173897
0.0120284
0.017094
0.0148146
0.0179199
0.0154774
0.0178983
0.0156378
0.0164274
0.01692
0.0194146
0.0183176
0.0174065
0.0197294
0.0174974
0.0186806
0.0178287
0.0182286
0.0189231
0.0181712
0.0353151
0.0122876
0.00446284
0.0277788
0.00713875
0.00169686
0.00590762
0.0192214
0.0102479
0.0179179
0.0149533
0.0172146
0.0161323
0.0163117
0.0185253
0.0164277
0.0175305
0.0187048
0.019225
0.0174426
0.017835
0.0178937
0.0183442
0.0178974
0.0179953
0.0194847
0.0181709
0.0181953
0.0189083
0.0192541
0.244287
0.0303889
0.00644047
0.00199681
0.019337
0.0171704
0.0191357
0.0174565
0.014531
0.0182303
0.0198566
0.0185386
0.0199078
0.0192134
0.019651
0.0188236
0.0185831
0.0178472
0.0191476
0.0189739
0.0184381
0.0196697
0.0185288
0.0191886
0.0188379
0.0185318
0.0185604
0.0186201
0.0189994
0.0194804
0.767185
0.0249533
0.0296376
0.0161891
0.00872863
0.016059
0.0149704
0.00136446
0.00640169
0.00786479
0.0131756
0.019173
0.0179639
0.0165792
0.0192386
0.0188509
0.0152835
0.0161996
0.0177837
0.0185892
0.0172149
0.019368
0.0188146
0.0187496
0.0189046
0.0187259
0.214875
0.0278409
0.000509404
0.0110185
0.0127785
0.0170282
0.0106212
0.016021
0.019454
0.017252
0.016037
0.0191462
0.018173
0.0186367
0.0188365
0.018724
0.0191798
0.0195542
0.0184067
0.0182714
0.0186564
0.019076
0.019425
0.018592
0.019274
0.018768
0.018757
0.0187226
0.918211
0.00206625
0.0503598
0.0140511
0.0172894
0.0151892
0.02037
0.0152157
0.0189465
0.0197245
0.0201456
0.0189094
0.0191723
0.0190079
0.0169484
0.0168533
0.0168737
0.0169427
0.0164765
0.0166868
0.0179826
0.0169927
0.0170634
0.019729
0.0185505
0.0178325
0.0193269
0.0186064
0.0182995
0.538851
0.0132982
0.0132162
0.0173328
0.0109509
0.0181703
0.0198692
0.0156654
0.0183663
0.0163651
0.019778
0.0182507
0.0172062
0.0176281
0.0184713
0.0194418
0.0180176
0.0194864
0.0187788
0.0186175
0.0186565
0.0185144
0.0187799
0.0191965
0.0190059
0.0186819
0.0194964
0.275843
0.0593529
0.014209
0.00420758
0.00506864
0.00765379
0.017257
0.0163779
0.0136162
0.0138986
0.0198436
0.0157012
0.0184965
0.0174321
0.0171391
0.0181596
0.0176521
0.0180833
0.0195553
0.0194989
0.0179229
0.0196189
0.0194247
0.0182818
0.0185773
0.0183526
0.0189509
0.0188502
0.0185419
0.0185937
3.25701
0.0500077
0.014902
0.00423417
0.0047234
0.00767376
0.0172563
0.0163753
0.0136501
0.0139313
0.019843
0.0157429
0.0185146
0.0174354
0.0171469
0.0181724
0.0176576
0.0180867
0.0195546
0.0194985
0.0179298
0.0196176
0.0194244
0.0182879
0.0185817
0.0183569
0.0189528
0.0188517
0.0185453
0.0185967
1.43957
0.0173444
0.0783805
0.000729251
0.0102798
0.0186097
0.0161818
0.00639769
0.0142189
0.0198467
0.0128714
0.0134939
0.0196875
0.0145493
0.0182165
0.0161209
0.0160138
0.0178659
0.0185889
0.0193109
0.0195334
0.0178209
0.0193059
0.0187489
0.0194871
0.0180822
0.0180338
0.018635
0.0192987
0.0181772
0.962716
0.0713849
0.0629656
0.00667504
0.00927282
0.0123219
0.00612038
0.0183182
0.0193109
0.0174989
0.0134079
0.0131704
0.0172913
0.0145114
0.0181147
0.0161405
0.018423
0.0179408
0.0177225
0.0195646
0.0173099
0.0163378
0.0180924
0.0192305
0.0185097
0.018681
0.0172096
0.0176654
0.326375
0.0129703
0.0132621
0.0171504
0.0110222
0.0181129
0.0198682
0.015688
0.0183462
0.0163452
0.0197783
0.0182463
0.0172143
0.0176358
0.0184718
0.0194415
0.0180238
0.0194861
0.0187804
0.0186206
0.01866
0.0185191
0.0187822
0.0191973
0.0190079
0.018686
0.0194956
9.90353e-05
0.0134825
0.0458264
0.0163075
0.00568293
0.01248
0.00137349
0.0137809
0.015504
0.0117382
0.0138274
0.0163397
0.0149057
0.0180739
0.0159367
0.0194412
0.0198667
0.0199583
0.0185924
0.0198308
0.0197575
0.019286
0.0195587
0.0181224
0.0197846
0.0197689
0.0178959
0.0183279
0.0182349
0.0181497
0.0195449
0.0195421
0.0183982
0.0186017
0.018278
0.0186382
0.018319
0.0187802
0.0184591
0.0193237
0.0189574
0.0187983
0.0189067
0.0186369
0.0193784
0.0186398
0.0194829
0.0194836
0.0192566
0.0187504
0.0189972
0.018775
0.0189905
0.0195166
0.0188322
0.0188452
0.0192768
0.0191628
0.0189032
0.0673473
0.0132762
0.0759695
0.00623514
0.0120532
0.0109907
0.0179352
0.0171374
0.0128578
0.0199173
0.0194203
0.0170287
0.0196278
0.0184993
0.0175614
0.0185798
0.0177376
0.0185064
0.0181421
0.0197692
0.0181363
0.0178583
0.0183311
0.0193328
0.0181083
0.0189397
0.0183229
0.0182786
0.0186748
0.0188061
0.382168
0.0311269
0.054237
0.000696717
0.0126773
0.0199811
0.00848918
0.0173559
0.00630946
0.0105736
0.0168
0.0171306
0.0173516
0.0149251
0.0188428
0.0164451
0.0155013
0.0164963
0.0164137
0.0173981
0.0198893
0.0168233
0.0183569
0.018252
0.0198369
0.0194488
0.0180853
0.0195014
0.0178391
0.0182648
0.0183058
0.0184972
0.0187164
0.0195451
0.0182786
0.018485
0.0188691
0.0184537
0.0184355
0.0184659
0.018842
0.0194537
0.0185712
0.0187927
0.0193838
0.01878
0.019062
0.0189602
0.0189891
0.0187868
0.0195317
0.0195368
0.0190308
0.019142
0.0191005
0.0194307
0.0188702
0.0595839
0.0176591
0.012958
0.0253011
0.0209519
0.0195527
0.0158842
0.00703907
0.00822989
0.0200121
0.0159009
0.016491
0.0198873
0.0180424
0.0171449
0.0176787
0.0164055
0.0172496
0.0185281
0.0167683
0.019745
0.0181468
0.0172042
0.0179895
0.0179102
0.0192156
0.0181931
0.0184637
0.0178917
0.0185655
0.0194884
0.0189857
0.0194935
0.0182482
0.018813
0.0185338
0.01966
0.0185382
0.0185066
0.0185669
0.0186076
0.0186057
0.0188296
0.0186406
0.0187129
0.0187262
0.0187281
0.0194575
0.0188585
0.0194044
0.0188027
0.0188168
0.019402
0.0188366
0.0194531
0.0194695
0.0193299
0.0189176
