0.0898524
0.00110219
0.0212991
0.00542972
0.00833977
0.00402308
0.00405044
0.0014536
0.000522868
0.00228339
0.00183341
0.00135791
0.000734408
0.00165041
0.00153743
0.00109819
0.00123965
0.000259833
0.000989681
7.53773e-05
0.00104018
0.00101484
3.91946e-06
0.000984999
7.03677e-05
0.000920503
0.000123629
0.000842741
0.000795157
0.000257712
0.0786144
0.0122979
0.00656669
0.00163079
0.00188716
0.0015161
0.00236602
0.00101684
0.00158036
0.00199143
0.00153849
0.00150073
0.00142545
0.00132515
0.00134139
0.000535778
0.00112012
0.000640487
0.000646289
0.000446493
0.00108551
5.63719e-05
0.000126208
0.000375049
0.00101305
0.000964325
0.000191148
0.000919653
0.000892964
4.78641e-05
0.000861788
9.92506e-05
0.000574781
0.000112539
3.05182e-05
3.10543e-05
0.000797318
2.58754e-05
0.000768029
0.000173526
0.000728263
0.000676659
0.000119334
8.52971e-05
0.000727964
0.000144952
0.000711515
0.000668131
0.000134135
0.00030701
0.000160552
0.000668935
0.000330612
0.000228011
0.00062644
0.000213729
0.000598452
0.000195395
0.000424693
0.0341523
0.0542818
0.0139715
0.000940981
0.00116275
0.00504957
0.00187222
0.00365879
0.00256064
0.000169941
0.0018129
0.000350598
0.000816243
0.000891709
0.00166403
0.00128009
0.00139671
0.000588573
0.00114488
6.37734e-05
0.00104613
0.000538887
1.41672e-05
2.87519e-05
0.000256567
0.000933962
0.00010398
0.000122086
0.000461753
0.0198511
0.00378655
0.0210356
0.000823469
0.000891834
0.00216072
0.00206192
0.00272769
0.00372219
0.000523301
0.00238335
0.00218848
0.000354758
0.00173643
0.00125822
0.00162487
0.000170316
0.00109317
0.00123645
0.00130655
0.000981185
1.85994e-05
0.000919634
0.000894756
0.000914699
0.000352401
7.2064e-05
0.000198952
0.000618889
0.266803
0.040205
0.0347131
0.00752591
0.0204174
0.00130981
0.00664092
0.000484376
0.00451916
0.00186186
0.00293981
0.0029781
0.00215485
0.000292022
0.00157141
0.00214256
0.00132659
0.00189884
0.00174406
0.000342933
0.00158242
0.001421
0.000651433
4.87386e-05
0.000104306
6.19758e-05
0.169653
0.0111482
0.00391772
0.00471662
0.00711067
0.000627769
0.00070925
0.00062224
0.00104525
0.00101554
0.00281345
0.00158164
0.00208723
0.00107932
0.000281369
0.000943118
0.00169782
0.00124283
0.000240464
0.00139752
0.00055849
7.22133e-05
0.000429505
0.000586247
0.000924133
0.000918646
0.000960328
0.242958
0.0463731
0.000422754
0.00364671
0.00299114
0.00388252
0.00725927
0.00564439
0.00170708
0.00253948
0.00297888
0.00202225
0.000144096
0.00206235
0.00143981
0.00211066
0.00184707
0.00182787
0.00106137
0.00128717
0.000395538
0.00128805
0.00118629
0.000703064
0.00123528
0.000720173
0.000901395
0.000794231
0.00102617
0.000954973
0.0605437
0.00320432
0.0112954
0.00116004
0.000555155
0.00352144
0.0052444
0.0011486
0.00274526
0.000333319
0.00120092
0.000371001
0.0021243
0.00157243
0.0017502
0.00114511
0.00108648
0.000421354
0.00125486
0.00124756
0.00113264
0.00056824
0.000954008
0.00107018
0.000579057
0.000492663
0.000187412
0.000223736
0.136759
0.0636203
0.0150931
0.00114405
0.00405094
0.00510434
0.00547894
0.00500871
0.000221951
0.000539805
0.000391236
0.00197001
0.00130875
0.000229275
0.00199494
0.00170396
0.00172413
0.000192169
0.00106988
0.00138115
4.14707e-05
0.000364247
0.0012565
4.76838e-05
6.24769e-05
0.000422998
0.000920461
8.00017e-05
0.000635151
0.02881
0.00914077
0.0120194
0.000234766
0.00532953
0.000282
0.000309186
0.00490996
0.00232546
0.000516654
0.00160633
9.34255e-05
0.000327189
0.00162675
0.00180509
0.00133137
0.000234396
0.00135853
0.00103672
7.89222e-05
0.0010977
0.000218843
0.000659738
0.000640229
0.00086415
0.000256095
0.000241337
0.000546619
0.0506539
0.00525077
0.0033597
9.85801e-05
0.00078405
0.00307124
0.00376219
0.00207862
0.000494656
0.00139712
0.00030576
0.000293727
0.0013191
0.000119608
0.00147846
0.00100456
0.00130974
0.00118166
0.000104527
0.00105239
2.23075e-05
0.000904803
0.000236344
0.000158826
0.000871278
0.000806903
0.000162077
0.000745227
0.00451458
0.00213873
0.00294434
0.00165989
0.00339341
0.00258869
0.00139188
0.00149163
0.000443476
0.000487125
0.00038407
0.00030924
0.00123002
0.000160207
0.00018235
7.36575e-05
9.44147e-05
5.52969e-05
2.2473e-06
0.000590052
0.00018548
0.000594027
0.000791677
0.000577521
0.000729828
0.00073151
0.000537393
0.0007065
0.000189238
0.205243
0.103923
0.0130378
0.00278905
0.00405393
0.00485465
0.0056032
0.00508916
0.000123355
0.00316444
0.00184776
0.00265952
0.00179483
0.000580794
0.00232477
0.00189116
8.87287e-05
0.00177189
0.000801985
0.00036192
0.000114851
3.68011e-06
0.000108193
0.000484407
0.000431605
0.0011236
0.00104634
0.000807029
0.000137191
0.000560625
0.00808618
0.00650856
0.00403709
0.00347954
0.000600717
0.00132807
0.000822326
0.00043802
0.000278648
0.00117423
0.000860899
0.00024544
0.000176671
0.0010927
0.000106892
0.000946857
3.20144e-05
0.00033959
0.000864567
0.000719212
0.000211912
0.000676508
0.000153801
0.000727269
0.000137735
0.000726141
0.000330353
0.00030036
0.000663935
0.0983391
0.0340778
0.0154131
0.0206077
0.000349633
0.00619538
0.000328145
0.00436987
0.000545452
0.00393914
0.00152604
0.00270137
0.00224965
0.000185637
0.00201325
0.00157343
0.00137709
0.000928406
8.39942e-05
0.000577465
0.00127464
0.000440073
0.00118148
0.000393065
0.000993583
0.00103674
0.000294137
0.000127195
0.000920018
0.0230573
6.18429e-05
0.00216151
0.000651916
0.00187126
0.000736933
0.000745152
0.00169689
0.000763028
0.00139861
0.000263563
0.000755644
8.70293e-05
0.000867648
0.000858909
0.000861027
0.000274586
6.72629e-06
1.07177e-05
3.50723e-05
9.04465e-05
0.000154017
0.000506208
0.000150137
0.000280924
0.000558527
0.000710247
0.000663819
0.000490018
0.10048
0.0350641
0.0138413
0.000794171
0.000643314
0.00152744
0.000640792
0.000620793
0.000483796
0.00152277
0.00140859
0.00112691
0.0013472
2.89026e-05
0.00128575
0.000156165
9.93233e-05
0.00111062
3.662e-05
0.000841095
0.000451487
2.49101e-05
0.000616593
0.000226507
0.000421296
0.000126288
0.000584099
0.000743924
0.000743712
0.000686964
1.81602
0.0280137
0.0131987
0.000832944
0.000672813
0.0015274
0.00063489
0.000610263
0.000477231
0.00149938
0.00140681
0.00111576
0.00133798
3.04347e-05
0.00128215
0.000152937
9.64893e-05
0.00110773
3.45129e-05
0.000838117
0.000450858
2.66687e-05
0.00061521
0.00022743
0.000421177
0.000127568
0.000583174
0.000742767
0.000742428
0.0006858
0.0737236
0.0397389
0.0085266
0.00748635
0.000753623
0.000266383
4.56434e-05
5.87393e-05
0.000520874
0.000356533
0.00222953
0.00182653
0.00182497
0.000267298
0.00158223
0.00139812
0.000142998
0.00067395
0.000546237
0.00118998
3.08385e-05
0.00083665
0.000430126
0.00049489
0.000234899
0.00078075
0.000670975
0.000826158
0.154866
0.0206431
0.0038149
0.00575633
0.0137579
0.00431769
0.000802859
0.00199631
0.00566852
0.00229817
0.00249114
0.000315344
0.00276288
0.00221435
0.00139247
0.00194669
0.00227357
0.00163956
0.00023481
7.16668e-05
0.000802045
0.00114676
0.000288586
0.00100084
0.00130537
0.00130657
0.00100343
0.00109902
0.000822858
0.0297803
0.000205026
0.00215206
0.000667236
0.00186351
0.00074972
0.000757694
0.00169321
0.000765771
0.00139466
0.000266997
0.000753911
8.90317e-05
0.000864927
0.000856058
0.000858089
0.000273089
7.00228e-06
1.07714e-05
3.51051e-05
9.04253e-05
0.000153841
0.000504537
0.000150504
0.000280609
0.000556752
0.000708914
0.000661872
0.000488753
0.0245467
0.00463379
0.00358385
0.00241305
0.00226519
0.00229396
0.00352285
0.00259399
0.00187669
0.0017814
0.00164331
0.00162376
0.00124097
0.00155311
0.000594628
0.00144965
0.000658354
0.000311765
0.000544438
0.00015962
0.00098543
0.00108408
0.000952095
0.000241672
6.73152e-05
0.000917693
9.54528e-05
0.000561909
0.000848296
0.000832011
2.79785e-05
0.000734173
3.55998e-05
0.000789108
0.000795692
0.000790336
7.73067e-05
0.00014016
0.000167686
0.000552072
0.000743928
0.00013443
0.000444477
0.000504525
0.000245767
0.000619284
0.000689333
0.000441658
0.000663755
0.000440965
0.000451371
0.000568719
0.000480927
0.000227209
0.00063284
0.000603312
0.0841078
0.010258
0.00209113
0.000553183
0.00172168
0.00351973
0.00143909
0.00223594
0.00208491
0.000392131
0.000274635
0.000456361
0.00145573
0.00147683
0.0010977
0.00106013
0.000196751
0.000814505
0.00108951
0.000437953
0.00100753
0.000869031
0.000349531
9.88795e-05
0.000657563
0.000434017
0.000791587
0.00078699
0.000646813
0.0197929
0.0402082
0.00982216
0.00599919
0.0028678
0.00304614
0.00224898
0.00166323
0.00187051
0.00163389
0.0011821
0.000690452
0.00155212
0.00144308
0.000756541
0.000287816
0.0014295
0.0011654
0.000387318
0.000650373
0.00047221
0.00036379
0.000337904
0.000904303
0.000159058
0.000111438
6.53064e-05
2.55028e-05
0.000911128
0.000360999
6.71853e-05
0.000642014
0.00087819
3.5788e-05
0.00032281
0.000274678
0.000801049
0.000100742
0.000369224
0.00062066
0.000117736
0.00011
0.000445823
0.000615802
0.000328558
0.000148493
0.000701423
0.000153573
0.000163097
0.000275827
0.000665499
0.000246997
0.000198243
0.000388934
0.000270101
0.00407962
0.0636121
0.0092984
0.0126292
0.00197988
0.00105989
0.00122261
0.00249415
0.00180564
0.000605913
0.00038521
0.00161765
0.00152467
0.000661835
0.000553977
0.000940071
0.000361294
0.000707071
0.000540758
0.000552886
0.000269959
0.000298833
0.00035168
0.00100201
0.000713277
0.000118808
0.000962969
0.000209809
0.000176591
0.000100143
8.45663e-05
4.46503e-05
8.46102e-05
4.53665e-05
1.88643e-05
0.000808431
0.000609802
0.000538294
0.000133942
0.000309507
0.000107445
7.97403e-05
0.000736102
0.000717201
0.000724661
0.000613715
0.000554055
0.000610126
0.000565818
0.000529759
0.000492515
0.000598123
0.000193146
0.000417527
0.000643781
0.000307294
0.000638608
0.000243499
0.000278603
0.000570435
