0.0450495
0.134674
0.0157328
0.0143108
0.00429084
0.0196171
0.0221701
0.0194989
0.0201874
0.0211861
0.0220449
0.0206865
0.0208968
0.0223014
0.0215382
0.0205754
0.0211466
0.0220555
0.0215035
0.0223303
0.0216982
0.0216543
0.0221011
0.0216606
0.0223864
0.0219494
0.0220642
0.137352
0.00733164
0.0208037
0.0123287
0.0210142
0.0165666
0.0183856
0.0192457
0.0219941
0.0201413
0.0215991
0.0202354
0.0223625
0.0224267
0.0221984
0.0223429
0.0215202
0.0213171
0.0221106
0.0222169
0.0214777
0.0221664
0.0223159
0.0218463
0.0221986
0.0220738
0.021757
0.0218639
0.0220783
0.0219264
0.0219718
0.0222276
0.0224105
0.0223
0.0222931
0.0222058
0.0220322
0.022243
0.0223015
0.0223216
0.0221461
0.0223661
0.0222684
0.0222331
0.0222567
0.0221577
0.0222577
0.0223659
0.0222353
0.0222118
0.0222194
0.0222489
0.0223156
0.0223047
0.022329
0.0222225
0.0222535
0.022277
0.107255
0.0426171
0.0201956
0.00296304
0.0107001
0.00872238
0.0169482
0.0219215
0.0142092
0.022282
0.0215411
0.0182138
0.0194364
0.0221749
0.0197054
0.0200324
0.0209627
0.0217107
0.0223353
0.0220973
0.0211573
0.0220797
0.0218061
0.0218847
0.0217618
0.0215054
0.0217396
0.0216542
0.015401
0.00221
0.0130604
0.0154286
0.000733467
0.0202341
0.0197343
0.0170438
0.0154196
0.0207286
0.0219099
0.0219463
0.0222583
0.0210487
0.0209432
0.0220986
0.0220783
0.0214688
0.022205
0.0223479
0.0216919
0.021685
0.0217644
0.0221687
0.0217035
0.0222839
0.0219799
0.0217295
0.634207
0.100299
0.0226492
0.000561934
0.00179895
0.00817577
0.0216247
0.0219272
0.0203629
0.0221128
0.0152363
0.0166874
0.0210257
0.0216405
0.0182125
0.0216381
0.0192221
0.0213481
0.0202581
0.0218817
0.0201201
0.0203621
0.0214599
0.0216563
0.0216802
0.021094
0.0222008
0.0213783
0.021788
0.0675941
0.0255101
0.0140796
0.0208319
0.0186602
0.0110414
0.0107533
0.0198756
0.0166606
0.0207847
0.015779
0.0207079
0.0222565
0.0177759
0.0196584
0.0221741
0.0218365
0.0218658
0.0219171
0.0208917
0.0210078
0.0205252
0.0217592
0.0208599
0.0222383
0.0211277
0.0219129
0.0213744
0.0218802
0.574392
0.0112899
0.00425575
0.00226274
0.0100628
0.0156381
0.0215052
0.0134727
0.015608
0.0145519
0.0206015
0.0219672
0.0192188
0.0184839
0.0216502
0.0192196
0.0218485
0.0197725
0.0222159
0.0202182
0.0223054
0.0213763
0.020658
0.0220417
0.0221909
0.021635
0.0222651
0.0218046
0.0213947
0.0214145
0.267058
0.0856375
0.0176379
0.0098393
0.0189514
0.020912
0.0218138
0.0184351
0.0213757
0.0195422
0.0205058
0.0218636
0.0210471
0.0197578
0.0221685
0.0222491
0.0201554
0.0218242
0.020648
0.022333
0.0215475
0.0219093
0.0217141
0.0222594
0.02176
0.0219769
0.0223031
0.0215524
0.0216171
0.16562
0.0175621
0.0123012
0.000429356
0.01304
0.0156843
0.0142413
0.0180141
0.0221889
0.0214512
0.021611
0.0219973
0.0207786
0.0199707
0.0201633
0.0199555
0.0198726
0.0211899
0.0206713
0.0218631
0.0222316
0.0219269
0.022245
0.0223757
0.0211909
0.0219532
0.0217995
0.0214706
0.178929
0.139677
0.0202014
0.00298336
0.0107221
0.00899594
0.0169531
0.0219267
0.0142895
0.0222818
0.0215411
0.0182519
0.0194621
0.0221759
0.0197208
0.0200492
0.0209677
0.0217123
0.0223353
0.0220979
0.0211645
0.0220807
0.021809
0.0218871
0.0217649
0.0215101
0.0217428
0.0216582
0.0218211
0.14181
0.0157924
0.014328
0.00433944
0.019617
0.0221699
0.0196071
0.0202636
0.0211836
0.0220435
0.0206927
0.0209262
0.0223008
0.0215424
0.0205994
0.021158
0.0220589
0.021514
0.0223304
0.0217058
0.0216624
0.0221032
0.0216684
0.0223863
0.0219533
0.0220669
0.0372405
0.0258562
0.000267197
0.019088
0.0158611
0.0215798
0.01833
0.0217653
0.0224028
0.0212757
0.0206942
0.0210364
0.0209829
0.022013
0.0220827
0.0214547
0.0216521
0.022379
0.0217271
0.0219763
0.0218504
0.0220399
0.0223119
0.0223105
0.0220691
0.0220246
0.0222645
0.0221337
0.0437926
0.223133
0.0134259
0.0152272
0.0101702
0.0164018
0.00370388
0.0142457
0.0170236
0.0139687
0.0154422
0.0202464
0.0195879
0.0198727
0.0182796
0.0192338
0.0199544
0.0212062
0.0214252
0.0218081
0.022308
0.021057
0.0223711
0.0211485
0.0222657
0.0220567
0.0214428
0.115437
0.620059
0.0126186
0.0135225
0.0214703
0.0158052
0.0173963
0.0216705
0.0209007
0.0219367
0.0218523
0.0208577
0.0219297
0.0217069
0.0214347
0.0215854
0.0216898
0.0221871
0.0223359
0.0218426
0.0218047
0.0218961
0.0219104
0.0219473
0.0219906
0.0222329
0.0221938
0.0223209
0.0221235
0.0221526
0.0559013
0.0661809
0.0584933
0.0221186
0.00810806
0.00741861
0.0106554
0.0178492
0.018014
0.021737
0.0174521
0.021679
0.0211882
0.0203301
0.0194844
0.0223066
0.0200347
0.0203064
0.0213123
0.0205462
0.022381
0.0212714
0.0210867
0.0211449
0.0221805
0.0213973
0.0214694
0.0214706
0.0215204
0.00871886
0.00753731
0.0123882
0.0219818
0.0208079
0.0170852
0.0171876
0.020356
0.0201142
0.0209062
0.0218876
0.0206519
0.0216276
0.0215344
0.0211906
0.0215528
0.0219158
0.0217003
0.0217823
0.0218102
0.0221287
0.0222876
0.0223201
0.0221012
0.0219803
0.0223509
0.0220842
0.0220653
0.0220611
0.0220997
0.0349557
0.0488584
0.0218737
0.00898717
0.0182035
0.0212341
0.0199989
0.0182387
0.0216565
0.0211447
0.0201397
0.0216382
0.0220665
0.0214418
0.0207908
0.0210931
0.0213035
0.0221254
0.021831
0.0222907
0.021982
0.021658
0.0217407
0.0221435
0.0219954
0.0218947
0.0220165
0.0222223
0.0219784
0.0222647
0.0155614
0.0489017
0.0219025
0.0089517
0.0181962
0.0212325
0.019991
0.018337
0.0216714
0.0211414
0.0201777
0.0216492
0.0220656
0.0214534
0.0208065
0.0211032
0.0213095
0.0221256
0.0218328
0.0222907
0.0219845
0.0216622
0.0217446
0.0221447
0.021997
0.0218973
0.0220184
0.0222227
0.0219803
0.0222651
0.00439825
0.00696688
0.032352
0.00296555
0.00773301
0.0118754
0.0211117
0.0200462
0.0190405
0.0204421
0.0213973
0.0196621
0.0216266
0.0222712
0.0217494
0.0215469
0.022397
0.0211961
0.0217134
0.0220654
0.0211582
0.0215576
0.0214749
0.0222451
0.0218939
0.0216321
0.021703
0.0222134
0.650403
0.139981
0.00935338
0.0218015
0.0110664
0.0215479
0.015645
0.0211979
0.0151763
0.011931
0.0135975
0.0196455
0.0212218
0.0212334
0.0180605
0.0181645
0.0216442
0.0204445
0.0215016
0.0198644
0.0223509
0.0223518
0.0208034
0.0209145
0.0221112
0.0210604
0.0210681
0.00899608
0.00772466
0.0116155
0.0219688
0.0208289
0.0169336
0.0172082
0.0203256
0.0201322
0.0208919
0.0218944
0.020659
0.0216348
0.0215419
0.0211933
0.0215585
0.0219161
0.0217026
0.0217867
0.0218128
0.0221294
0.0222878
0.0223207
0.0221026
0.0219834
0.0223512
0.0220861
0.0220677
0.0220638
0.0221021
0.0857831
0.534461
0.00532985
0.00195347
0.0220963
0.0208432
0.021842
0.0185241
0.0184356
0.0211985
0.0224185
0.0198568
0.0217639
0.0222547
0.0205207
0.0212878
0.0216747
0.021631
0.0221622
0.0221956
0.0212168
0.022393
0.0216758
0.0221017
0.022136
0.0221409
0.0220895
0.0219624
0.0218426
0.0220449
0.0222165
0.0219161
0.0221728
0.0221792
0.0222508
0.0223003
0.0222665
0.022106
0.0220535
0.0222506
0.0223142
0.0220509
0.0222027
0.0221532
0.0223493
0.0221299
0.0223234
0.0221287
0.0222947
0.0222139
0.0221508
0.0221636
0.0223202
0.0221808
0.0222834
0.0221957
0.0222013
0.0222761
0.399677
0.0109126
0.0160408
0.0194712
0.0193577
0.0204391
0.0189239
0.0190208
0.0215178
0.0219459
0.0193616
0.0219693
0.0211434
0.0213934
0.0220817
0.0222528
0.0210706
0.0215418
0.0215272
0.0220863
0.0220075
0.022241
0.0218666
0.0222912
0.021996
0.0218279
0.0218974
0.022335
0.0223079
0.207909
0.252986
0.00955713
0.0167521
0.0212845
0.00935254
0.0150535
0.0138179
0.0181976
0.0202724
0.0219609
0.0187774
0.0214395
0.0220073
0.021013
0.0205868
0.021417
0.0220124
0.0224187
0.0209545
0.0221607
0.0220981
0.0223496
0.0217693
0.0221017
0.0215535
0.0223895
0.0219919
0.022148
0.0220135
0.0219222
0.0220087
0.0222163
0.0220373
0.0218875
0.0220734
0.022212
0.022188
0.0219856
0.0223671
0.0221105
0.0220076
0.0222271
0.0222308
0.0223007
0.0223101
0.0221437
0.02236
0.0222871
0.0221137
0.0221509
0.0221757
0.0222329
0.0221686
0.0222626
0.0223191
0.0223253
0.0223351
0.0221976
0.15385
0.160018
0.000972887
0.0140581
0.020519
0.0116236
0.0140606
0.0166325
0.0184457
0.022196
0.0207573
0.0199223
0.0213232
0.0222807
0.0224382
0.0217206
0.0220417
0.0213481
0.021811
0.0221136
0.0220938
0.0218157
0.0215819
0.0215966
0.0219524
0.0217239
0.0218309
0.0222429
0.021931
0.0220257
0.0222166
0.0219313
0.022155
0.0219895
0.0224079
0.0220217
0.0220869
0.0222876
0.0221059
0.0220644
0.0221978
0.0220835
0.0223185
0.0222866
0.0223432
0.0221614
0.0223007
0.0222002
0.0222919
0.0222241
0.0223128
0.0222885
0.0221983
0.0223863
0.0222628
0.0222152
0.0223698
0.0222953
