0.121826
0.00645482
0.0186057
0.0152717
0.0219054
0.0216041
0.0214656
0.0223784
0.0217475
0.0214454
0.0221088
0.0223485
0.0215115
0.0211899
0.0214796
0.0221193
0.0215405
0.0215529
0.0218207
0.0216869
0.0219684
0.0220296
0.021991
0.021919
0.0219159
0.0219156
0.0222581
0.0221219
0.022248
0.0219557
0.0113091
0.0064107
0.0217467
0.0229678
0.0218987
0.0224178
0.0235389
0.0235105
0.0218988
0.0225607
0.0219251
0.0224009
0.0227258
0.0224526
0.0225913
0.0221927
0.0223213
0.0219922
0.0224312
0.022466
0.0224485
0.0223914
0.0220289
0.0223546
0.0220442
0.0223271
0.0220525
0.0223589
0.0223591
0.022328
0.0223443
0.0223326
0.0222288
0.0222622
0.0222969
0.0222626
0.0221919
0.0221223
0.022276
0.0222487
0.0222796
0.0221514
0.0222845
0.0221062
0.02228
0.0221225
0.0221314
0.0222722
0.0222649
0.0222603
0.0221856
0.022252
0.0221235
0.0222453
0.0222528
0.0222459
0.0222504
0.0222369
0.117415
0.00583007
0.0102781
0.0213137
0.0211724
0.0222951
0.0221548
0.0187517
0.0218651
0.0195614
0.0199545
0.0219014
0.0208645
0.0222539
0.0212743
0.0211638
0.0213753
0.0214303
0.0221538
0.0216195
0.0216692
0.0219322
0.0218906
0.0221635
0.0217475
0.0218869
0.0218109
0.0220077
0.0220091
0.121263
0.0193969
0.00990465
0.00668188
0.0121944
0.0165048
0.0209312
0.0197827
0.0222166
0.0198186
0.0202814
0.0208392
0.0222746
0.0214626
0.0217263
0.0213174
0.0214717
0.0219651
0.0214845
0.0215409
0.0219122
0.0218495
0.0219936
0.0217721
0.0218062
0.0220331
0.0220005
0.0218825
0.0219006
0.329733
0.0179402
0.0464792
0.00573186
0.000507944
0.0118871
0.0160925
0.0162386
0.0203182
0.0169896
0.0220303
0.0192864
0.0199082
0.0214928
0.0217865
0.0203065
0.0214504
0.021194
0.0207736
0.0216496
0.0215099
0.0219656
0.0216902
0.0214046
0.0219627
0.0218004
0.0217882
0.0219501
0.206589
0.0529493
0.0103815
0.0199549
0.020823
0.018278
0.0204511
0.0208349
0.0183393
0.0189907
0.0216524
0.0217019
0.0199253
0.0205971
0.021911
0.0217731
0.0222313
0.0211776
0.0218714
0.021515
0.0220329
0.0214989
0.0219523
0.0217677
0.0217652
0.0217195
0.0217202
0.291197
0.00836462
0.00954033
0.0176532
0.0179273
0.0216736
0.0222886
0.0178671
0.0209936
0.019041
0.0211504
0.0217346
0.0210825
0.0214361
0.0214908
0.0215456
0.0215916
0.0218366
0.0216753
0.0220398
0.0214443
0.0216119
0.0217883
0.0219226
0.0216986
0.0220549
0.0217179
0.158883
0.0202098
0.0196128
0.0114973
0.019914
0.0173305
0.0204394
0.0215877
0.0209283
0.0214534
0.021534
0.0217281
0.0223596
0.0221607
0.0215394
0.0223613
0.0213128
0.0214046
0.0214544
0.0215417
0.0216183
0.0222683
0.0217647
0.0221307
0.0217216
0.0219717
0.0220585
0.0218193
0.0218454
0.0829943
0.0220205
0.00643557
0.0112161
0.0117435
0.0167074
0.021291
0.0206851
0.0206382
0.0215217
0.0207948
0.0216183
0.0203407
0.0207118
0.0214498
0.0214699
0.0220709
0.0216799
0.0223046
0.021815
0.0216728
0.022006
0.0221722
0.0216408
0.0219384
0.0218421
0.0222787
0.021741
0.0219772
0.269397
0.00579027
0.0103183
0.0213177
0.0211939
0.0222955
0.0221553
0.0188026
0.0218649
0.0195925
0.0199776
0.0219027
0.0208735
0.0222536
0.021281
0.021171
0.0213808
0.0214353
0.0221539
0.0216229
0.0216723
0.0219333
0.0218921
0.0221637
0.0217501
0.0218886
0.0218131
0.0220087
0.0220101
0.124842
0.00653313
0.0186249
0.0158658
0.021908
0.0216238
0.0214633
0.0223779
0.0217563
0.0214634
0.0221071
0.0223476
0.0215239
0.021207
0.0214915
0.0221189
0.0215493
0.021562
0.0218247
0.0216936
0.0219705
0.0220308
0.0219928
0.0219218
0.0219191
0.0219186
0.0222576
0.0221226
0.0222476
0.0219583
0.048513
0.0135465
0.0202355
0.0215041
0.0207966
0.021894
0.0224041
0.0218859
0.021822
0.0218622
0.0216136
0.0218211
0.021975
0.0223378
0.0220223
0.0219137
0.0219856
0.0222939
0.0219941
0.0219719
0.0222224
0.0220303
0.022083
0.0222648
0.0220524
0.0220711
0.0220788
0.0221666
0.0222489
0.0221035
0.254763
0.0562592
0.00995952
0.0200891
0.0208786
0.0181186
0.0204902
0.0208534
0.0182544
0.0189945
0.0216541
0.0217022
0.0198831
0.0205822
0.0219004
0.0217702
0.0222299
0.0211583
0.0218624
0.0214971
0.0220279
0.021482
0.0219453
0.0217557
0.021756
0.0217059
0.0217069
0.00599719
0.0177335
0.0211334
0.0210407
0.0214433
0.0207771
0.0210254
0.0218605
0.0221721
0.0216989
0.0219306
0.0217636
0.0218299
0.0219719
0.0222001
0.0219068
0.0221643
0.0220415
0.0220366
0.0220743
0.0220265
0.022086
0.0220846
0.0222393
0.0220735
0.022075
0.0221369
0.0222247
0.0221818
0.226852
0.00955897
0.00167609
0.015061
0.0114629
0.018551
0.0199495
0.0195095
0.0188186
0.0212789
0.0208155
0.0223817
0.0221226
0.0212141
0.0211951
0.0221794
0.0219793
0.0219583
0.0216504
0.0223096
0.0218129
0.0222926
0.0218559
0.0217192
0.0218807
0.0219639
0.0220458
0.0819455
0.019686
0.018999
0.0222794
0.0223965
0.0218472
0.0223
0.0223969
0.0220782
0.0218399
0.0219685
0.022249
0.0218841
0.0219195
0.0220299
0.0219077
0.021944
0.0220329
0.0220357
0.0219758
0.0219965
0.0220141
0.0220545
0.0221134
0.0220938
0.0221203
0.0220838
0.022252
0.0225778
0.0214246
0.0208714
0.021785
0.0217713
0.0222572
0.0214419
0.0219396
0.0218851
0.0219492
0.0223045
0.0217877
0.0218451
0.022039
0.0223013
0.021871
0.021965
0.0219245
0.0219673
0.021969
0.0219871
0.0220189
0.0220071
0.022257
0.0220441
0.022043
0.0225778
0.0214246
0.0209378
0.0217842
0.0217677
0.0222563
0.0214389
0.0219419
0.0218837
0.021951
0.0223037
0.0217915
0.021848
0.0220392
0.0223008
0.0218732
0.0219662
0.0219261
0.0219686
0.0219702
0.0219882
0.0220197
0.022008
0.0222567
0.0220448
0.0220437
0.00124244
0.000112583
0.00990085
0.017722
0.0210057
0.0211568
0.0215661
0.0201275
0.0214171
0.0218481
0.0219485
0.0210961
0.021551
0.0221884
0.0215525
0.0221336
0.0215703
0.0216278
0.0217261
0.0220768
0.0221889
0.0217691
0.0220223
0.0222179
0.0219295
0.0219278
0.0219268
0.0219268
0.301575
0.0354032
0.000281811
0.0102728
0.0103225
0.0149427
0.0221796
0.0216865
0.0208913
0.0223331
0.0189097
0.0193776
0.0218277
0.0220755
0.0202209
0.0216398
0.0205872
0.0218852
0.021062
0.0221151
0.0211881
0.0213112
0.0216312
0.0219765
0.0217509
0.0216641
0.0222146
0.021791
0.022
0.00358697
0.0115497
0.0221978
0.0206571
0.021722
0.0217413
0.0216958
0.0218238
0.0223401
0.0223548
0.0222648
0.0222943
0.0223395
0.0219429
0.0222993
0.022256
0.0221812
0.022237
0.0220421
0.0220985
0.0220571
0.0221763
0.022166
0.0222079
0.0222149
0.0220911
0.0222169
0.0213146
0.022905
0.0216869
0.0235952
0.0211686
0.0229238
0.0228514
0.0216917
0.0228049
0.0226288
0.0217631
0.0225717
0.0218881
0.0224795
0.0218923
0.0224884
0.022483
0.0220147
0.0224083
0.021978
0.0220138
0.0221499
0.0223346
0.0220054
0.0220248
0.0220349
0.0223511
0.0220403
0.0220933
0.0223094
0.0221233
0.0221495
0.0220668
0.0223149
0.0220611
0.0220793
0.0220705
0.0222921
0.022087
0.02209
0.0222112
0.0222512
0.0222756
0.0222323
0.0220979
0.0222709
0.0221104
0.0222632
0.022118
0.0221198
0.022168
0.0221428
0.0222382
0.0222477
0.0222379
0.0221955
0.0222252
0.0130773
0.0343906
0.0134879
0.0202741
0.0195618
0.0216526
0.0212701
0.0212147
0.0216746
0.0218803
0.0214213
0.0222349
0.0223439
0.021493
0.0219593
0.0219752
0.021884
0.0218414
0.0218929
0.0217961
0.0220368
0.0218809
0.0218542
0.0221273
0.022001
0.0221471
0.0219741
0.0220412
0.0220006
0.0134379
0.0232945
0.0231467
0.0206408
0.0226685
0.0227519
0.0217488
0.0227615
0.0215407
0.0226339
0.0224795
0.0218089
0.0217924
0.0225201
0.0224677
0.0219812
0.0218775
0.0219995
0.0223978
0.0220504
0.0219726
0.0220207
0.0223855
0.0222425
0.0219896
0.0222447
0.022006
0.0222649
0.0222669
0.0220335
0.0223117
0.0220581
0.022156
0.0221978
0.0223092
0.0221381
0.0222907
0.0220737
0.0221282
0.0222689
0.0221497
0.0220958
0.0220896
0.0221004
0.0221506
0.0222568
0.0221875
0.022247
0.0221154
0.0222247
0.0221763
0.0222458
0.0221804
0.0221306
0.0221868
0.0221211
0.0221948
0.0128753
0.030555
0.0237511
0.0216902
0.0217395
0.0234818
0.0217839
0.0224831
0.0229131
0.0225958
0.0225774
0.0218847
0.0219532
0.0219756
0.022386
0.022521
0.0223799
0.0224289
0.0220002
0.022387
0.0221547
0.0224218
0.0223721
0.0222805
0.0223602
0.0220696
0.0223688
0.022374
0.0220596
0.0223241
0.0222804
0.022154
0.0220654
0.0220682
0.0222971
0.0221115
0.0222281
0.0221937
0.0220892
0.0220976
0.02229
0.022098
0.0221724
0.0222661
0.0221865
0.0221299
0.0222639
0.0221399
0.0221331
0.0221826
0.0222284
0.0221202
0.0221178
0.0221993
0.0222465
0.0221361
0.0221692
0.0222477
0.0222382
0.0221317
