0.391645
0.00859623
0.00198981
0.00652993
0.00706073
0.00724127
0.000389295
0.00431366
0.00430327
0.00215338
0.0014422
0.00542268
0.000315474
0.000794999
0.000346777
0.00485995
0.00167214
0.00183962
0.00146817
0.0037915
0.00381986
0.004094
0.00169547
0.00281822
0.0035128
0.00213095
0.00303916
0.0024476
0.00323298
0.00311209
0.112091
0.00530456
0.00612275
0.00204326
0.0097989
7.24923e-05
0.00329127
0.00251034
0.00714289
0.00669881
0.00652354
4.08732e-05
0.000606986
0.00529507
0.000107701
0.00566518
0.000327923
0.00527986
0.00101009
0.00531601
0.00488082
0.00107498
0.00122265
0.00134547
0.00479476
0.00158385
0.00437371
0.00228354
0.0045521
0.00195478
0.00222442
0.00206386
0.00195529
0.00433658
0.00419196
0.00216524
0.00389857
0.00226894
0.0021509
0.00213674
0.00406562
0.00395252
0.00308749
0.00361798
0.00367629
0.00337131
0.00229861
0.00351322
0.00343679
0.00238723
0.00252488
0.00243311
0.00379337
0.00353379
0.00316011
0.00318494
0.00373199
0.00356808
0.00364524
0.0787852
0.00747619
0.0568441
0.00301639
0.00262618
0.000933228
0.00570774
0.00332536
0.00578261
0.00554613
0.00537916
0.000666883
0.00520757
0.00015887
0.00177447
0.00487779
0.000780953
0.00419806
0.0018515
0.00130864
0.00443124
0.00432661
0.00163851
0.0040633
0.00184719
0.00182804
0.00369261
0.00200501
0.0157992
0.00763974
0.00110018
0.00686968
0.00438836
0.00594745
0.00280123
0.00578111
0.00540119
0.0052039
0.00505205
0.00498658
0.00171534
0.00480142
0.000925074
0.00115053
0.00453158
0.00263283
0.00153802
0.00370371
0.00268983
0.00346774
0.00243614
0.00307902
0.00369841
0.421269
0.0118023
0.00967193
0.00752808
0.00758461
0.00740455
0.00334336
0.00256953
0.00161659
0.00274401
0.00334894
0.00510249
0.00581993
0.00155655
0.00546107
0.000845505
0.000121402
3.2472e-05
0.00493638
0.000983125
0.00432519
0.00159922
0.00450899
0.00133804
0.00439748
0.00137127
0.00273987
0.00188198
0.156666
0.0374187
0.000677675
0.00807386
0.00732112
0.00550273
0.00609018
0.00350745
0.00381545
0.00395129
0.00560593
0.000657558
0.00137648
0.00550403
0.000286569
0.000168544
0.00129187
0.00364925
0.000893898
0.00115359
0.00388263
0.0014993
0.00146234
0.00161543
0.0017866
0.00182406
0.0137848
0.00869905
0.0089856
0.0181453
0.00427273
0.00697539
0.0042909
0.00633982
0.00305946
0.00379243
0.00226381
0.0013353
0.00114816
0.0053776
0.00469524
0.00118266
0.00487932
0.00102295
0.00113946
0.00084501
0.00244347
0.00114039
0.00115949
0.00143908
0.00290895
0.00337328
0.00295658
0.00334065
0.0209078
0.13441
0.00861799
0.0081964
0.0144996
0.006621
0.000264915
0.00615424
0.00580501
0.00227366
0.00575541
0.00467977
0.00532325
0.00425818
0.00134017
0.00482585
0.00482961
0.00479642
0.00127478
0.00389975
0.00396242
0.00186239
0.00270295
0.00308437
0.00164281
0.00421478
0.00193062
0.00193543
0.00238176
0.343077
0.159015
0.0040473
0.0368467
0.002859
0.00729529
0.00451591
0.00662319
0.0049839
0.00396645
0.00190687
3.30979e-05
0.00343292
0.000371345
0.00306938
0.000828233
0.000272568
0.00107828
0.000874035
0.0010779
0.00293122
0.0018191
0.00129234
0.00170401
0.00420189
0.00174667
0.00182947
0.0155647
0.0195979
0.00715753
0.024429
0.0167611
0.00324728
0.00674852
0.00562719
0.00499043
0.00604898
0.00560137
0.00531783
0.00526577
0.00021307
0.000763477
0.000719866
0.000824773
0.0047126
0.0025105
0.00152415
0.00452169
0.00441907
0.00279076
0.00198169
0.00243422
0.0019596
0.00352854
0.00201167
0.00205187
0.057834
0.0114432
0.0163276
0.0125961
0.00660015
0.00497582
0.00605927
0.00125796
0.000654668
0.000134402
0.000199101
0.00501778
0.0042587
0.00466951
0.00114264
0.0015728
0.00451713
0.00134517
0.00448665
0.00262234
0.00167329
0.00319891
0.00425109
0.0040504
0.0041442
0.0019872
0.00317533
0.00390816
0.00221022
0.0128923
0.0395026
0.00826047
0.00680448
0.00647615
0.0062894
0.00033831
0.00315262
0.00575947
0.00372449
0.00477908
0.00123743
0.00494253
0.00397503
0.00465559
0.00430135
0.00431416
0.00159722
0.00412647
0.00181929
0.00241452
0.003977
0.00407462
0.00272698
0.00364644
0.00373395
0.00326981
0.0038181
0.00237561
0.00346346
0.0205992
0.0290889
0.0166343
0.00058953
0.00235573
0.00959
0.00628692
0.0067118
0.00374214
0.00348113
0.0060914
0.00592093
0.00171615
0.00490554
0.00396744
0.000115162
0.000283464
0.0025334
0.00350116
0.00102653
0.00465816
0.00342696
0.00160521
0.00122783
0.0037031
0.00334664
0.00156732
0.00424138
0.00378977
0.00254763
0.0478159
0.00889146
0.00809368
0.00421112
0.00447248
0.0057845
0.00310191
0.00553096
0.00547271
0.00521917
0.00115518
0.00464198
0.00324936
0.00147875
0.00176475
0.00204695
0.00182226
0.00393983
0.00217491
0.00212054
0.00209678
0.00222137
0.00396519
0.00370028
0.00312063
0.00379827
0.0024728
0.131575
0.0998328
0.0148755
0.0344526
0.00736096
0.0120063
0.00704973
0.00627271
0.00586425
0.00290961
0.0058116
0.000297517
0.00357011
0.000220356
0.00142337
0.000895704
0.000292519
0.00123692
0.00284323
0.000914602
0.00460866
0.00220704
0.00161284
0.00172011
0.00369548
0.00388099
0.00278514
0.00206789
0.00360753
0.0722286
0.00784649
0.0200267
0.00806708
0.00113998
0.00595365
0.000366777
0.00161746
0.00576502
0.000138849
0.000785096
0.00234705
0.00471837
0.00361575
0.00307183
0.0031916
0.00374497
0.00394238
0.00423204
0.00418241
0.00417972
0.00212744
0.00405063
0.0039662
0.00219892
0.00246062
0.0038322
0.00380477
0.00242441
0.0626287
0.0322226
0.00364378
0.000718702
0.0070671
0.00120142
0.00623135
0.00585231
0.00503071
0.00031316
0.00392624
0.000423716
0.000732385
0.00393672
0.00470431
0.00435287
0.00230945
0.00170548
0.00434896
0.00181209
0.00424737
0.00209747
0.00334887
0.00208393
0.00399801
0.00226398
0.00229188
0.00239092
0.0028823
0.0537004
0.0296146
0.00339592
0.000642569
0.00706166
0.00112955
0.0062228
0.00584138
0.00500208
0.00033623
0.00390573
0.000447821
0.000751878
0.00392615
0.00469605
0.00434493
0.00231318
0.00171431
0.00434459
0.00181834
0.0042437
0.00210301
0.00334706
0.00208855
0.00399453
0.00226735
0.00229522
0.00239435
0.00288338
0.00161167
0.0104037
0.00849787
0.00506202
0.00368932
0.00709412
0.00525043
0.00631884
0.00603647
0.00551392
0.000743943
0.00498513
0.00485929
0.000125442
8.07703e-05
0.00501048
0.000861528
0.00468351
0.00327497
0.00120163
0.00132201
0.00417594
0.00158289
0.00430924
0.00177288
0.00219465
0.00336139
0.0038741
0.00379407
0.00218746
0.00313551
0.220974
0.00837045
0.0233299
0.0263521
0.00364365
0.00719325
0.00700943
0.00366277
0.00646978
0.000296396
0.00388088
0.00269219
0.000727885
0.00075097
0.0046551
0.00374403
0.000514099
0.000103501
0.00458905
0.00494932
0.00152049
0.0025213
0.00157344
0.00328296
0.00207491
0.00432916
0.00368962
0.00188213
0.0790413
0.00795742
0.0213557
0.00807111
0.00145528
0.00594696
0.00040251
0.00164932
0.00576854
0.000143619
0.000775532
0.00236552
0.00471583
0.00362339
0.00307969
0.00319724
0.00374766
0.00394296
0.00422944
0.00418027
0.00417716
0.00213184
0.00404787
0.0039635
0.0022027
0.00246478
0.0038294
0.00380191
0.00242794
0.0279301
0.00921846
0.00940692
0.0173536
0.0051736
0.00494083
0.00805417
0.00613553
0.00773934
0.00602174
4.34696e-05
0.000873294
0.00605064
0.00577678
0.00526008
0.000415482
0.000584341
0.00521228
0.00147831
0.000870306
0.00404342
0.00146275
0.00154731
0.00135042
0.00204013
0.00481231
0.00200566
0.00148141
0.00157399
0.00341811
0.00164267
0.00221866
0.00195499
0.00432499
0.00196762
0.00282674
0.00195775
0.0031241
0.00198575
0.00281998
0.00400568
0.00232399
0.00218479
0.00264868
0.00224737
0.00395823
0.00393624
0.00304065
0.00234596
0.00236439
0.00386722
0.00249029
0.00267787
0.00346203
0.00246419
0.00285648
0.00251283
0.00255942
0.00288717
0.0379606
0.108008
0.0242605
0.00123099
0.000959194
0.00190845
0.00620852
0.00179965
0.00455257
0.000164309
0.000639456
0.00239014
0.00175608
0.00217364
0.000516397
0.00470694
0.00472832
0.00452496
0.00420659
0.00160476
0.00416748
0.00363883
0.00273009
0.00338316
0.00264799
0.00339098
0.00374384
0.0022486
0.105079
0.0241648
0.0127719
0.0123469
0.00930735
0.00380782
0.00935415
0.00231645
0.00680906
0.00563354
0.00737546
0.00581914
0.00579165
0.000737422
0.00597229
0.00616218
0.00263385
0.00572143
0.0049816
0.000555676
0.00490392
0.00137151
0.00486477
0.00422993
0.00397445
0.00444787
0.00458691
0.00457525
0.00315704
0.00428664
0.00440036
0.00406718
0.00378996
0.00430224
0.00416419
0.00201923
0.00352714
0.00211469
0.00410711
0.00284554
0.00406838
0.00215347
0.00250384
0.00218788
0.00300231
0.00228795
0.00391132
0.00236742
0.00246297
0.00364569
0.00269806
0.00241889
0.00378514
0.00291472
0.00334258
0.00287085
0.00253633
0.00252611
0.0326373
0.0164191
0.00851263
0.00429862
0.0122627
0.00227511
0.00775852
0.0060679
0.00186296
0.00731921
0.00182837
0.00586438
0.0001308
0.000278383
0.000393653
0.00583947
0.000943387
0.00526331
0.00538308
0.000768858
0.00482269
0.00169991
0.00117922
0.00461539
0.00130239
0.00163713
0.00470961
0.00377145
0.00444598
0.0018463
0.00428122
0.0017893
0.00210898
0.00395891
0.00394862
0.00286625
0.00314666
0.00350851
0.00397816
0.00368291
0.00406153
0.00303383
0.00388329
0.00299902
0.00282672
0.00240092
0.00353064
0.00390356
0.00233861
0.00306328
0.002426
0.00381931
0.00241953
0.00245919
0.00282373
0.00372393
0.002565
0.00372344
0.0027558
0.0027271
