0.00557202
0.142111
0.0099742
0.0212497
0.000443252
0.00323093
0.00245689
0.00287127
0.00194915
0.000136075
0.0190682
0.00763794
0.00476498
0.00266597
0.00906666
0.0057053
0.0020102
0.00262443
0.0031777
0.0018861
0.000981151
0.00120366
0.000495044
0.000942188
0.00216164
4.50514e-05
0.000363944
0.00117312
0.00115221
0.0008118
0.000125851
0.00193577
0.000432493
0.000533468
0.000115645
5.03096e-05
0.000211865
0.00166267
0.00144818
0.000284137
0.000674901
0.000423516
0.00045857
0.000418902
0.00791027
0.0030062
0.00437814
0.00324692
0.00142555
0.00231432
0.000896988
0.00129257
0.00166489
0.00437921
0.0040934
0.00219926
0.00260996
0.0030632
0.000184026
0.000402831
8.75099e-05
0.0022926
4.10266e-05
0.00248498
0.00242738
0.00239526
4.12069e-05
1.15391e-05
0.000284979
5.56085e-05
0.00134339
0.00190158
0.00145877
0.000383384
0.000263872
0.000696886
0.00173337
0.000362315
0.00172286
0.00170519
0.00158996
0.00111829
0.0016433
0.00114307
0.0015974
0.00128923
0.00154907
0.000499472
0.000486341
0.00129591
0.0009094
0.000810047
0.00129106
0.00055913
0.000613896
0.000644122
0.00136156
0.000749202
0.0149319
0.0121471
0.0177877
0.00426299
0.00999863
0.00261899
0.00371679
0.00250964
0.00322968
0.00324792
0.00211128
0.00136551
0.00107306
0.00239779
0.002167
0.000329218
0.00104052
0.00113182
0.000274077
5.17349e-05
6.66881e-05
0.00133113
0.00162524
0.00105561
0.00133605
0.00427084
0.00414156
0.00311242
0.00388515
0.00415157
0.00381212
0.00237562
0.00306153
0.00292615
0.000923032
0.00258702
0.00243095
0.00237572
0.00234846
0.0021463
0.00209786
0.000310663
0.00198296
0.000867158
0.00179149
0.00179797
0.00103103
0.000116988
0.000607618
0.00111468
0.000717486
0.00135699
0.00491669
0.00475053
0.00116356
0.0117481
0.00570803
0.0037546
0.00433077
0.0013642
0.00292013
0.00147326
0.00217543
0.00131767
0.000718128
0.0012276
0.000979585
0.000382426
0.00208229
0.00204682
0.000202953
3.49865e-06
0.000873951
0.00150307
0.0147982
0.0238795
0.00921905
0.00862391
0.00819631
0.0037439
0.00470836
0.00410779
0.00393649
0.00219673
0.00277896
0.00265626
0.00152975
0.000674767
0.00249615
0.000494022
0.00229278
0.000780965
0.000543315
4.88723e-05
0.00114485
5.0055e-05
0.000439989
0.000215659
0.000318395
9.76196e-05
0.00157703
0.00131049
0.00378819
0.00705001
0.0042297
0.00398843
0.00364129
0.00451682
0.00340614
0.00161336
0.00327092
0.00299954
0.00298738
0.00140049
0.000888145
0.00146153
0.00242733
0.00201244
0.000364482
0.000289852
0.00212383
0.00135293
0.0013167
0.00177767
0.00188783
0.000144867
0.00170092
0.00169239
0.00157456
0.00140761
0.000706023
0.0129145
0.0115871
0.00425472
0.00256953
0.00312637
0.00132571
0.000385517
0.00191193
0.00286098
2.04633e-05
0.00245459
0.000555806
0.0020684
0.000399071
0.00198922
0.000660192
0.000152316
0.0018621
0.00169975
5.78151e-05
0.00184593
6.59441e-05
0.00110898
0.000229336
0.000276839
0.000246428
0.000692247
0.00455484
0.00920525
0.00435633
0.00563157
0.00923858
0.00456274
0.00311941
0.00492801
0.00358047
0.00336125
0.00275216
0.00060936
0.000192522
0.00245227
7.38889e-05
0.00247806
0.00229006
0.00213676
0.00224079
0.00153822
0.00196091
0.000182258
2.68641e-05
0.001642
0.00158983
0.00172217
0.00128349
0.00146595
0.00153481
0.0148963
0.0121198
0.0176651
0.00425463
0.00982573
0.00261471
0.00370201
0.00252173
0.00321945
0.0032237
0.00209128
0.00135456
0.00107675
0.0023925
0.00216236
0.000320895
0.00104192
0.0011321
0.000268396
4.69648e-05
6.23634e-05
0.00132981
0.00162264
0.00105554
0.00133457
0.00616461
0.0935411
0.00503615
0.00781386
0.0119945
0.00281678
0.00329797
0.00326144
0.00359632
0.00221238
0.000727916
0.0328157
0.00761699
0.00473312
0.00266133
0.00890587
0.00567976
0.00200544
0.00248228
0.00314952
0.00187287
0.00097691
0.00119639
0.000450012
0.000935109
0.00215225
6.32329e-05
0.000343971
0.00117652
0.00115468
0.000817176
0.000119145
0.00192731
0.000440561
0.000539506
0.000124218
5.81409e-05
0.000219857
0.00165684
0.00144414
0.000290521
0.000678554
0.000428902
0.000463694
0.000424154
0.00614352
0.00544087
0.00585554
0.00493408
0.00653185
0.00266695
0.00111977
0.00246925
0.000408636
0.00142811
0.00237108
0.00273203
0.00117929
0.00243958
0.00101399
0.00274778
0.000922674
0.00258472
0.00240031
0.000482335
0.00206804
0.00215502
0.00032198
0.000169709
0.000211261
0.00191716
0.000103546
3.69112e-05
0.00187691
0.00186286
0.000171282
0.000204035
0.000619485
0.000414382
0.000266139
0.00161817
0.00138458
0.000282021
0.00100966
0.00143683
0.0015601
0.00147697
0.000778806
0.0013783
0.000444528
0.00142175
0.00102033
0.000576906
0.000816449
0.0151592
0.023434
0.00942471
0.00881352
0.00832885
0.00372741
0.00465787
0.00417998
0.00400758
0.00223712
0.00283115
0.00266087
0.00156962
0.000701853
0.0025024
0.000509075
0.00230205
0.000774944
0.000572436
7.2058e-05
0.00114514
7.32605e-05
0.000425471
0.000196526
0.000301053
7.78559e-05
0.00158718
0.00610591
0.00959758
0.0077495
0.00736399
0.00295133
0.00440128
0.00551803
0.00291362
0.000750291
0.00105118
0.00272874
0.000837524
0.00220925
0.00246642
0.00106198
0.00080576
0.000548362
0.00261528
0.00219756
0.00236632
5.67907e-05
0.00114135
0.00202968
5.67155e-05
6.33443e-05
0.00174452
0.000117487
0.00175421
0.00182094
0.000409198
0.000218422
0.00169178
0.00166167
0.000550655
0.000257031
0.00156782
0.00158339
0.000561894
0.00154637
0.00154496
0.00128038
0.000762255
0.00148504
0.00107011
0.000623261
0.000531615
0.00408302
0.0582127
0.00191933
0.00591849
0.00516658
0.00235587
0.00705816
0.00612961
0.000845507
0.00194541
0.00129898
0.0014012
0.00191932
0.00186278
0.000868355
0.000832045
0.000549062
0.694878
0.00178908
0.0151986
0.00847783
0.00403866
0.0076924
0.00175648
0.00389799
0.00301612
0.00198078
0.00257547
0.00224655
0.00246512
0.00127089
0.000120404
0.00206561
0.00156013
0.00208941
0.00129873
5.35566e-05
0.00162409
0.000166439
0.00126047
0.000103183
0.000168157
0.00142755
5.60656e-05
0.00160418
0.000253934
0.0322749
0.0805098
0.00791246
0.00685901
0.00310309
0.00457141
0.00346009
0.000856671
0.00295963
0.00119071
0.000689327
0.00284632
0.000574998
0.000510392
0.00247979
0.000554716
0.00142793
0.000203855
0.000143627
0.00193963
0.00155479
0.00027981
0.00197911
0.000274934
0.000202737
7.29138e-05
0.00180751
0.00176942
0.000171709
0.000175368
0.000942143
0.000651436
0.000539164
0.00154409
0.00042494
0.00153019
0.000634445
0.000670663
0.00146573
0.000672076
0.192988
0.0152184
0.00018567
0.011132
0.0151778
0.00358075
0.00364765
0.00374979
0.00229838
0.00332684
0.00326322
0.00257266
0.00118482
0.000734156
0.000912153
0.00151591
0.000383019
0.000784656
0.00126918
0.000830666
0.000401083
0.000856808
0.00020224
0.740439
0.160454
0.00505423
0.00268192
0.00340639
0.00613124
0.00161311
0.00235289
0.00238321
4.36137e-05
0.00212374
0.000793596
0.00138746
0.00215246
0.000879075
0.000306564
0.000406212
0.484785
0.144057
0.00671373
0.00368485
0.00338604
0.00520853
0.00426062
0.00346138
0.00228933
0.00336567
0.00176705
0.0019053
0.000399431
0.00116984
0.000313436
0.000692584
0.000513165
0.000151552
0.0022579
0.000204204
0.000398831
0.00207167
0.00017386
0.00188891
0.00178584
0.000491532
0.00161716
0.0011281
0.00179003
0.00171172
0.000157748
0.000676536
0.00146879
0.0011725
0.000328373
0.00157437
0.000954665
0.000740446
0.000465411
0.0935733
0.0475594
0.00654933
0.00361985
0.00338574
0.00513632
0.00419694
0.00343183
0.00226442
0.00334003
0.00172277
0.00188544
0.000366328
0.00114832
0.000289612
0.000706024
0.000508735
0.000162736
0.00224948
0.000201424
0.000391695
0.0020658
0.000170291
0.00188355
0.00178125
0.000495975
0.00161376
0.00112794
0.00178589
0.00170788
0.000161118
0.000678527
0.00146636
0.0011717
0.000331146
0.00157198
0.000954979
0.000741709
0.000467324
0.382609
0.00623007
0.00354194
0.0256859
0.00419714
9.74787e-05
0.00336832
0.00200909
0.00190317
0.00287441
0.00129707
0.00123558
0.00153076
0.00108836
0.000753635
0.000783619
0.00192625
0.000407139
2.32307e-05
0.00172084
4.63592e-05
0.633015
0.344815
0.0143489
0.0215136
0.0100487
0.00281985
0.00523671
0.00287825
0.000521748
0.00221603
0.763535
0.090481
0.00306109
0.00623081
0.00884333
0.00880361
0.00335724
0.00135125
0.00304415
0.00183721
0.00147133
0.00236175
0.000651337
0.00149359
0.000324133
0.00186142
0.00160932
0.000372867
0.0493208
0.0533549
0.00194742
0.0109632
0.0102088
0.00387993
0.0037351
0.00298157
0.00301182
0.00333511
0.00322643
0.000971026
0.00138486
0.00252271
0.000755543
0.000685419
0.00071206
0.00230652
0.000359
0.000219194
0.000390803
0.00205356
0.000430302
0.000618365
0.00195253
0.000125143
0.000157374
0.00187185
2.39931e-05
0.000562829
0.00158268
0.000208702
0.00152259
0.00158986
0.000272272
0.000338673
0.000714181
0.0115758
0.0226838
0.00570256
0.00333108
0.00221167
0.00277301
0.00280173
0.00225586
0.000949466
0.0022999
0.000152016
0.0011097
0.00083645
0.00123366
0.000174796
0.00198287
0.000119605
4.9107e-05
0.000146906
0.000402257
0.00521031
0.0746793
0.00629705
0.00683963
0.00313621
0.00455114
0.00348467
0.000850931
0.00296824
0.00118315
0.000684606
0.00285812
0.000570841
0.000504934
0.00248533
0.00055457
0.00142798
0.000200551
0.000140449
0.00194076
0.00155525
0.00028249
0.00197961
0.000277859
0.000206118
7.58711e-05
0.00180689
0.0017686
0.000174335
0.000178508
0.000943521
0.000653956
0.000542065
0.00154245
0.000426937
0.00152851
0.000637048
0.000673125
0.00146392
0.000674522
0.0738072
0.0422457
0.0106949
0.00362693
0.00293265
0.00183207
0.00343746
0.00585043
0.00394693
0.00407161
0.000925025
0.000434639
0.000480312
0.000706712
0.00238126
0.00274293
0.00198258
0.00222409
0.000554551
0.000324398
0.000275774
0.000258169
1.58436e-05
0.00166545
0.0018435
1.54384e-05
0.000105822
0.00180485
0.00200414
0.00197806
0.00190206
0.00105166
0.00022587
0.000911931
0.00165887
0.00032489
0.000414148
0.0015927
0.000335018
0.00159307
0.00152699
0.00152029
0.000465298
0.000520263
0.00146253
0.00137453
0.000513088
0.00140865
0.000847767
0.00138664
0.000582524
0.0814427
0.02718
0.00509795
0.00420215
0.00240248
0.00463924
0.00118621
0.00155787
0.00272888
0.00146173
0.00327894
0.00268719
0.000778231
0.000465375
0.00184662
0.000608775
0.000678219
0.000444068
0.00216346
0.00200728
0.00198991
0.00128669
0.000698372
0.00185506
0.00101843
5.59707e-05
0.00177816
0.00156926
0.000307206
0.000276099
0.00159218
0.00156171
0.00149473
0.000959582
0.00141758
0.000401097
0.0792582
0.00197078
0.00206203
0.00297268
0.00173697
0.00603145
0.00489927
0.00189014
0.000777003
0.000516425
0.00317468
0.00282506
0.000417193
0.000788119
0.00288953
0.00225754
0.00272322
0.00249327
0.00241859
0.00249503
0.000114957
0.00069523
0.000160603
1.47824e-05
0.000299358
3.03031e-05
0.00201458
0.00187687
0.000144602
0.000406374
0.00012542
0.00168321
0.00178956
0.00160949
0.0013194
0.0012723
0.00160215
0.000322223
0.00107801
0.000363604
0.00114748
0.00156379
0.000446799
0.00146307
0.00146472
0.000968807
0.00147605
0.000614839
0.00113381
0.000553219
0.000567727
0.0011013
0.0435858
0.00464403
0.00888247
0.00884302
0.00796663
0.00223788
0.00370923
0.00149416
0.00463594
0.00312626
0.00051294
0.00345809
0.000827099
0.00268059
0.0030696
0.000367548
0.0028395
0.00270617
0.000204335
0.000249181
0.000189682
0.00233235
7.91625e-05
0.000670963
0.00196602
0.00105079
0.00202467
0.0004718
0.00199308
8.62689e-05
0.0018651
0.000193584
0.00115188
0.000493491
0.000698617
0.00167083
0.00165654
0.00154346
0.000358744
0.00163602
0.00111097
0.00148717
0.000623216
0.00142639
0.000639717
0.00143442
0.000999084
0.000529452
0.00142971
0.000576546
0.000920789
0.000939981
0.000672761
