3.70345
0.574314
0.0213195
0.0250605
0.00692515
0.00411659
0.00154242
0.00295588
0.01525
0.00431299
0.00992388
0.0093782
0.00398363
0.153892
0.00241749
0.0102771
0.0198409
0.00952819
0.00505728
0.016735
0.00393304
0.0186723
0.00784582
0.018176
0.010149
0.0132957
0.0107201
0.0176568
0.0174443
0.017066
0.0118078
0.0171087
0.0129993
0.0159908
0.0147064
0.0131271
0.0143553
0.0129528
0.016004
0.0138111
0.0164324
0.0132902
0.0146859
0.013591
0.0136282
0.0141099
0.0161024
0.015785
0.120402
0.0754449
0.0210422
0.0188795
0.00674514
0.00434955
0.019626
0.00684052
0.0194358
0.0185371
0.0183374
0.0146914
0.0181107
0.0172591
0.0112448
0.0113752
0.0172758
0.01243
0.0164807
0.0170723
0.017026
0.012934
0.0164615
0.0168686
0.0152244
0.0133972
0.0165189
0.0141354
0.0165232
0.013467
0.0137229
0.0156281
0.0162264
0.0136347
0.0137658
0.013941
0.013901
0.0143193
0.0138489
0.01606
0.0160289
0.0142457
0.0148843
0.014037
0.0159341
0.0141917
0.0142031
0.0142268
0.0142315
0.0150027
0.0147295
0.0373768
0.0771163
0.0189995
0.0197271
0.0191182
0.0035375
0.019058
0.00208167
0.0103274
0.0082387
0.0182103
0.0178769
0.0113585
0.0101833
0.0121589
0.0124358
0.0126883
0.0170863
0.0126948
0.0126745
0.0126521
0.0135375
0.0158499
0.0160648
0.0163938
0.0136435
0.0148489
0.0145408
0.347893
0.0838289
0.0216666
0.00987784
0.0129519
0.000359341
0.0055459
0.00179285
0.00652127
0.00811825
0.0181525
0.0139652
0.0121978
0.011986
0.0107266
0.0167355
0.0116943
0.0170917
0.0135976
0.0150593
0.0128734
0.01335
0.016236
0.0138336
0.0150617
0.0134437
0.0142344
0.0143213
0.023331
0.171611
0.00175889
0.00528715
0.00230792
0.00854666
0.0127642
0.0184341
0.0103977
0.0113354
0.0138597
0.0172589
0.015102
0.0156057
0.0117745
0.0127187
0.0125718
0.0128034
0.501355
0.311491
0.0146143
0.0197
0.000163701
0.00452633
0.0172559
0.0188393
0.0160066
0.0116808
0.011323
0.0100441
0.0117292
0.0167114
0.0108076
0.0113295
0.0118597
0.0138605
0.0130739
0.0148198
0.0124562
0.015176
0.0165696
0.0130853
0.0134742
0.0136627
0.922974
0.382111
0.00173551
0.0304043
0.00997292
0.0046016
0.000490736
0.019234
0.00869801
0.0185916
0.00935916
0.0181315
0.0165197
0.00925514
0.0106937
0.0117186
0.0171769
0.0109405
0.0118801
0.016746
0.0121973
0.0169301
0.0143184
0.0135519
0.0138196
0.0163516
0.0131999
0.0131931
0.0132088
0.0226195
0.0296208
0.0195204
0.0137658
0.0150984
0.00174463
0.0132227
0.0178105
0.0179851
0.0161492
0.00916297
0.0103346
0.0103387
0.0172733
0.0172847
0.0113485
0.0129603
0.0164042
0.0124151
0.0151308
0.0140685
0.0166896
0.0155577
0.0130817
0.0158764
0.0133047
0.0157461
0.0162516
0.559323
4.31733e-05
0.008457
0.00517708
0.018924
0.0140452
0.00750617
9.13868e-05
0.0165558
0.00456066
0.00684345
0.0067266
0.011795
0.0102866
0.00952945
0.0171863
0.0113866
0.0157971
0.0125515
0.0127648
0.012206
0.0158874
0.0127741
0.0127875
0.0162134
0.0137015
0.0135027
0.0156938
0.015785
0.032722
0.073748
0.0181876
0.0197263
0.0191137
0.0036784
0.0190519
0.00221915
0.0103566
0.0082881
0.0182053
0.0178696
0.0113805
0.0102142
0.0121754
0.012446
0.0127013
0.0170806
0.0127046
0.0126849
0.0126632
0.0135457
0.0158462
0.0160606
0.016389
0.0136489
0.01485
0.0145436
2.92973
0.189921
0.00286623
0.00132708
0.020348
0.00841811
0.00148606
0.000678991
0.00624164
0.0117678
0.0116278
0.00958385
0.00382589
0.134544
0.00346057
0.0099821
0.0198374
0.00967728
0.00539176
0.016652
0.00419298
0.0186552
0.00801101
0.0181546
0.0102258
0.0132896
0.0107807
0.0176452
0.0174308
0.0170473
0.0118446
0.0170975
0.0130225
0.0159781
0.0147058
0.0131489
0.0143616
0.012972
0.0159948
0.0138243
0.016423
0.0133059
0.0146894
0.0136056
0.0136416
0.0141197
0.0160947
0.0157788
0.0206836
0.0319966
0.0200585
0.0107423
0.0122356
0.000945081
0.00245315
0.0181066
0.00879277
0.00580193
0.0066469
0.0182162
0.0182641
0.0180893
0.0109333
0.0102719
0.0166099
0.0136059
0.0126809
0.0117812
0.0172955
0.0125261
0.0133609
0.0169247
0.0132113
0.0166025
0.0160364
0.0147996
0.0166054
0.0165591
0.0132033
0.0141609
0.0134503
0.015309
0.0135764
0.014104
0.0138228
0.0137605
0.0160245
0.0138916
0.0140208
0.0145922
0.0139607
0.0140724
0.0140561
0.0153003
0.103915
0.0181859
0.0162807
0.00724795
0.0169992
0.00836075
0.00712742
0.00573056
0.00841925
0.0188154
0.0188121
0.00609787
0.0085752
0.0170878
0.0161615
0.0179028
0.0149453
0.0173184
0.0106065
0.0167796
0.0129334
0.0156131
0.0125364
0.0121628
0.0139019
0.0126245
0.0132087
0.0155368
0.0160224
0.0132658
0.454202
0.00613982
0.0200854
0.00661601
0.00654032
0.0183495
0.00770812
0.0165692
0.0186777
0.00693479
0.0185639
0.0112802
0.0138825
0.015312
0.0179146
0.0158518
0.0113672
0.0173089
0.0114043
0.0123838
0.0119197
0.0172469
0.0125848
0.0130509
0.0130599
0.0165091
0.0166283
0.0163161
0.016541
0.0141561
0.0135233
0.0159223
0.0162556
0.0146075
0.0147035
0.014297
0.0138858
0.0156564
0.0154696
0.0145721
0.0148676
0.0148705
0.0143537
0.0159938
0.0149421
0.0141188
0.0141278
0.110545
0.00215403
0.0226143
0.019539
0.0202401
0.00575291
0.00176488
0.00870195
0.00953883
0.0138041
0.0100386
0.0153302
0.0129715
0.0174384
0.0138508
0.0148426
0.0107735
0.0107607
0.00107651
0.00494516
0.0048547
0.0196809
0.0189561
0.0093323
0.00800354
0.00905376
0.00756665
0.00815161
0.0184041
0.00830876
0.00982434
0.0117733
0.013967
0.0151481
0.0114594
0.0172555
0.0121536
0.0131008
0.0131107
0.0123143
0.0132009
0.0156303
0.0166298
0.0143747
0.013549
0.0158952
0.0155131
0.000445436
0.00174068
0.00378017
0.00359821
0.00845639
0.0170547
0.00186168
0.0074054
0.00402495
0.0186115
0.0113608
0.0109407
0.0109807
0.00924485
0.0174416
0.0148874
0.0172708
0.0119479
0.0172388
0.0121053
0.012463
0.0152927
0.0137859
0.0164806
0.0132352
0.0131356
0.0135182
0.0141987
0.016262
0.013756
0.0163063
0.0139061
0.0157226
0.0146076
0.0137443
0.0139668
0.0154354
0.0139239
0.0138733
0.0148566
0.0157722
0.0140488
0.0186502
0.0163602
0.000639271
0.00421743
0.0123086
0.00259025
0.00264505
0.00588813
0.0102211
0.0112539
0.00854248
0.0130277
0.00975536
0.00969373
0.0100243
0.0104381
0.0109402
0.0152803
0.0123815
0.0156719
0.0160546
0.0236781
0.0507345
0.0111147
0.00150573
0.00786673
0.0163851
0.00324902
0.0189697
0.0178014
0.00971092
0.00932074
0.0147666
0.0112332
0.0162219
0.0161207
0.0116425
0.0714677
0.0028797
0.0110821
0.00431918
0.00903128
0.018343
0.01782
0.0190929
0.0189547
0.00470502
0.0183973
0.0181674
0.0180189
0.0085097
0.0120417
0.0170355
0.0124284
0.0170513
0.0173131
0.0120524
0.0172347
0.016139
0.0168231
0.0168314
0.0126675
0.0129348
0.0133656
0.0130872
0.0154143
0.0162799
0.0137711
0.0162405
0.0135852
0.0135659
0.0161706
0.0144953
0.013817
0.0153668
0.0156638
0.0150878
0.0148919
0.0147061
0.0567846
0.00378383
0.00915773
0.00483969
0.00920868
0.0183207
0.0177638
0.019084
0.018953
0.00494925
0.0183839
0.0181646
0.0179963
0.00860794
0.0120663
0.0170142
0.0124396
0.0170328
0.0172978
0.012075
0.0172245
0.0161279
0.0168164
0.016826
0.0126839
0.0129463
0.0133759
0.0130974
0.015411
0.0162744
0.0137783
0.0162354
0.0135929
0.0135733
0.0161662
0.014498
0.0138233
0.0153649
0.0156608
0.0150873
0.0148925
0.0147076
0.13325
0.0201318
0.00718529
0.00440017
0.00727236
0.0199465
0.00421094
0.0200279
0.0174205
0.0154525
0.0140965
0.0100898
0.0171454
0.0139054
0.00993087
0.0117551
0.0108098
0.0165796
0.0115113
0.0162789
0.0123397
0.012732
0.014114
0.204718
0.00958875
0.000766439
0.0597858
0.0223312
0.00604608
0.00332642
0.00575433
0.00904783
0.00932859
0.00213257
0.0415427
0.0380446
0.0153885
0.0127546
0.0188563
0.00407781
0.000924651
0.00185782
0.0106042
0.0075807
0.0108384
0.0172775
0.0173582
0.0142569
0.0167878
0.00590751
0.053227
0.0105502
0.000134692
0.0200715
0.00461883
0.00851458
0.0193932
0.0193602
0.0049522
0.0163386
0.01763
0.0102731
0.00880781
0.0163258
0.0109161
0.0161202
0.0120465
0.0127874
0.0116399
0.0119902
0.0116907
0.0126965
0.0123922
0.0130148
0.0155429
0.0131826
0.0156139
0.0150074
0.0134611
0.0134353
0.0152138
0.0159621
0.0138284
0.0136831
0.0838619
0.0642783
0.0195386
0.0293029
0.00483758
0.0102059
0.0098005
0.00370894
0.00447369
0.00665315
0.016563
0.017878
0.00985984
0.0119357
0.0112041
0.0109876
0.0161182
0.0161609
0.015794
0.0127494
0.016386
0.0128331
7.20398e-05
0.00134327
0.00317921
0.00458513
0.008257
0.0171939
0.00155299
0.00725592
0.00385016
0.0186066
0.011333
0.0109789
0.0109515
0.00921585
0.017453
0.0149113
0.0172762
0.011938
0.0172426
0.0120978
0.0124585
0.0153008
0.0137938
0.0164796
0.0132359
0.013142
0.0135193
0.0142053
0.0162593
0.0137623
0.0163029
0.0139123
0.0157212
0.0146116
0.0137493
0.0139727
0.0154349
0.0139281
0.0138783
0.014859
0.0157694
0.0140544
0.162322
0.0565146
0.0205678
0.0167673
0.0152544
0.00580365
0.00894378
0.00452528
0.0070707
0.0101143
0.0181465
0.00793227
0.00877216
0.0124435
0.0177977
0.0120168
0.0177576
0.0106614
0.0175176
0.017206
0.0171158
0.0167507
0.0160322
0.0165394
0.0125804
0.0157914
0.0159444
0.0131862
0.016457
0.0135097
0.0133819
0.0136781
0.0134843
0.016057
0.013625
0.0137885
0.0150815
0.0156268
0.0159989
0.0161812
0.0157777
0.0138689
0.0139977
0.0141951
0.0159095
0.0141372
0.0158766
0.0142814
0.0157328
0.0151095
0.0156681
0.0149003
0.0884237
0.0103531
0.0176502
0.00921593
0.0020829
0.00587312
0.0104076
0.00653779
0.00607433
0.00806891
0.0165269
0.00976519
0.0150518
0.0176492
0.0176221
0.017426
0.0125559
0.0124796
0.0164934
0.0127363
0.0129375
0.0135228
0.0130636
0.0158597
0.0159422
0.01409
0.0132803
0.0147173
0.0161402
0.0149822
0.0136953
0.01403
0.013885
0.0383618
0.0603395
0.00858256
0.007823
0.00387543
0.00116304
0.00445903
0.00566268
0.00979945
0.00730127
0.00967747
0.0178712
0.0169643
0.00943236
0.0132695
0.0109761
0.0178482
0.0175443
0.0117381
0.0129534
0.0121245
0.012964
0.0148195
0.0130584
0.0129044
0.01292
0.0130631
0.0137037
0.0159914
0.0164929
0.0159932
0.016414
0.0148619
0.0161001
0.0160105
0.0162103
0.0148967
0.0139077
0.0138137
0.0137859
0.0145243
0.0138504
0.0142738
0.0144147
0.0155729
0.0141153
0.01445
0.0158688
0.0157861
0.01576
0.0143989
0.0142565
0.182021
0.0454924
0.00744068
0.0036754
0.00580626
0.00463167
0.0130118
0.0184711
0.0191801
0.00874123
0.0187194
0.0121113
0.0176463
0.0182494
0.010696
0.0128092
0.0139301
0.0172479
0.016968
0.0170723
0.0168166
0.0127786
0.0168816
0.0132046
0.0168953
0.0169073
0.0131867
0.0164828
0.013881
0.0137403
0.0134751
0.0155497
0.0135377
0.0162823
0.0151743
0.0160969
0.0139188
0.0139303
0.0137565
0.0138767
0.0153798
0.0150377
0.0147172
0.0139768
0.014878
0.0141942
0.0141758
0.0141859
0.0150823
0.014867
0.0145275
0.015767
0.0143708
