0.0973214
0.0148722
1.18754e-05
0.00946578
0.0155326
0.0117709
0.0150614
0.0154155
0.0170364
0.0153778
0.0731913
0.0187716
0.0144617
0.0158235
0.0157475
0.0153685
0.0154403
0.0169197
0.0171853
0.0172071
0.0170558
0.0166557
0.0173806
0.017644
0.0175252
0.0176677
0.0173913
0.0176145
0.017306
0.0176579
0.0174668
0.0175376
0.0175679
0.0176414
0.017635
0.0175217
0.0176213
0.0175854
0.01758
0.0175942
0.0175088
0.017601
0.017614
0.017536
0.0175863
0.0383016
0.0388236
0.0388236
0.0192993
0.020794
0.0200706
0.0188736
0.0186649
0.0194045
0.0180694
0.0181234
0.0177049
0.0182647
0.0182721
0.0182016
0.0179641
0.0178757
0.0178623
0.0178491
0.0176732
0.0177684
0.0179315
0.0176946
0.0179164
0.0177474
0.0177295
0.0177185
0.0177536
0.0178395
0.0177291
0.0177028
0.0178329
0.0178274
0.0176744
0.0176785
0.0177698
0.0177435
0.0177802
0.0176984
0.0177076
0.017672
0.0176958
0.0176561
0.0177401
0.0177382
0.0177428
0.0177382
0.0176631
0.0176614
0.0176678
0.017708
0.0177203
0.0176987
0.0177151
0.0771834
0.079857
0.0135343
0.0155742
0.0119206
0.0166962
0.0164408
0.0173869
0.0174908
0.0159823
0.0174401
0.0175721
0.0173886
0.0170398
0.0172883
0.0171573
0.0171682
0.0174412
0.0171236
0.0176156
0.0176086
0.0173471
0.0173557
0.0175072
0.0176183
0.017571
0.0175541
0.017491
0.0174694
0.0891147
0.0408003
0.0159742
0.0173866
0.0141713
0.0161646
0.0174792
0.0171951
0.0174604
0.0176408
0.0176274
0.0175895
0.0173881
0.0174319
0.0172201
0.017604
0.0176174
0.0171952
0.0172872
0.0175562
0.0175953
0.0174123
0.0174849
0.0174618
0.0175267
0.0176273
0.017451
0.0174698
0.0174807
0.223691
0.223999
0.0201031
0.00497143
0.0144752
0.0175225
0.0174335
0.0143143
0.0173825
0.0155244
0.0161519
0.0175303
0.0166012
0.0170866
0.0169263
0.0174079
0.0169749
0.0175816
0.017546
0.017186
0.0172295
0.0173112
0.147168
0.146013
0.0129716
0.0130378
0.0167208
0.0165762
0.0139246
0.0172133
0.0162808
0.0169181
0.017432
0.0168189
0.0175346
0.0175009
0.0169662
0.0169748
0.0176153
0.0170732
0.0173073
0.0172832
0.0173281
0.0175836
0.0173166
0.0172179
0.0172219
0.0176559
0.0174828
0.0173234
0.017377
0.185208
0.192683
0.0108102
0.0115768
0.0157461
0.0146426
0.0152708
0.0171403
0.0149449
0.0157919
0.0162165
0.0167293
0.0166258
0.0171012
0.0170393
0.0174505
0.0174277
0.0170519
0.0173631
0.0171908
0.0175171
0.0171609
0.0172675
0.0172163
0.0173538
0.0176164
0.017449
0.0174019
0.0173721
0.0848592
0.0374627
0.0438115
0.0132311
0.00973113
0.0175517
0.0174303
0.0155748
0.0174769
0.0176559
0.0164415
0.0166828
0.0175724
0.0175041
0.0173628
0.0173109
0.0171661
0.0172937
0.0172193
0.0172812
0.0173165
0.0175964
0.0176107
0.0174784
0.017526
0.0174227
0.0176387
0.0175454
0.0175378
0.115586
0.115372
0.0256968
0.0171963
0.0107678
0.0163966
0.0165618
0.0174083
0.0152715
0.0175091
0.0176104
0.0163586
0.0174452
0.0175488
0.0174914
0.0167949
0.017414
0.0175704
0.0170805
0.0174661
0.0174603
0.01744
0.0173573
0.0172479
0.0176347
0.0175951
0.0173227
0.0175036
0.0175413
0.175015
0.170981
0.0135564
0.0155804
0.0120846
0.016699
0.0164641
0.0173872
0.017491
0.0159994
0.0174403
0.0175723
0.0173911
0.017043
0.0172917
0.0171615
0.0171721
0.017442
0.0171273
0.0176159
0.0176089
0.0173492
0.0173576
0.0175079
0.0176185
0.0175715
0.0175546
0.0174921
0.0174706
0.0015185
0.00727799
0.00700502
0.0102304
0.0155135
0.0162552
0.0125396
0.0167008
0.0145815
0.0167291
0.0172513
0.0165925
0.0576979
0.0695298
0.0150775
0.0158326
0.0158998
0.0155479
0.0154479
0.0169222
0.0172081
0.0172244
0.0170763
0.0166775
0.0173818
0.0176446
0.0175282
0.0176677
0.0173933
0.0176154
0.0173113
0.0176581
0.0174684
0.0175385
0.0175694
0.0176416
0.0176354
0.0175231
0.0176218
0.0175864
0.0175808
0.0175948
0.0175109
0.0176016
0.0176146
0.0175375
0.0175873
0.0195782
0.0213505
0.0199096
0.0168943
0.0176371
0.017588
0.0176262
0.0176558
0.0176843
0.0176176
0.017635
0.0176031
0.0176399
0.0176178
0.0176781
0.0176609
0.017661
0.0176393
0.017629
0.0176279
0.0176263
0.0176435
0.0176623
0.0176353
0.0176631
0.0176377
0.01766
0.0176424
0.017641
0.0176693
0.0176671
0.0176446
0.0176454
0.0176589
0.0176668
0.0176689
0.0176673
0.0176522
0.0176494
0.017668
0.0176661
0.0176499
0.0176538
0.0176514
0.0176557
0.0176571
0.169212
0.169781
0.0138455
0.0132746
0.01669
0.0166195
0.0139331
0.017199
0.0162364
0.0168947
0.0174255
0.0168106
0.0175317
0.0174997
0.0169476
0.0169565
0.0176145
0.0170618
0.0173014
0.0172733
0.01732
0.0175818
0.0173074
0.0172049
0.017209
0.0176557
0.0174778
0.0173127
0.017368
0.0165978
0.0165263
0.0168033
0.0182659
0.0178108
0.0177482
0.017756
0.0176919
0.0176575
0.0176602
0.0177019
0.0176418
0.0176923
0.0177035
0.0176454
0.0176912
0.0176936
0.0176896
0.0176899
0.0176854
0.0176455
0.0176769
0.0176563
0.0176483
0.0176772
0.0176487
0.0176776
0.0176492
0.0176517
0.017672
0.0176726
0.0176573
0.0176513
0.0176573
0.0176543
0.0176582
0.0176599
0.017665
0.0176692
0.0176676
0.017655
0.0176704
0.0176661
0.017669
0.0176544
0.0176679
0.0176678
0.337169
0.0367432
0.0143245
0.0103339
0.0171549
0.0161822
0.0147343
0.0167093
0.0162591
0.0174824
0.0171052
0.0165255
0.0161187
0.0162619
0.0166064
0.0176027
0.016585
0.0167521
0.182694
0.183427
0.0026461
0.0162705
0.0165046
0.017167
0.0169279
0.0176033
0.01699
0.0170392
0.0168235
0.0167964
0.0167395
0.0171533
0.0175742
0.0172016
0.0170197
0.0175639
0.0175405
0.0176113
0.017628
0.0173276
0.0176083
0.0176086
0.017371
0.0176068
0.0174133
0.0244856
0.0234968
0.0171899
0.0174648
0.017486
0.0176318
0.0175289
0.0176835
0.0176716
0.0176794
0.0176227
0.0176284
0.0176295
0.0176205
0.017631
0.0176169
0.0176682
0.0176434
0.0176447
0.0176687
0.017633
0.0176363
0.0176363
0.0176407
0.0176389
0.0176708
0.0176406
0.0176465
0.0176491
0.0176692
0.0176443
0.0176451
0.0176494
0.0176486
0.0176648
0.0176668
0.017662
0.0176633
0.017652
0.0176584
0.47219
0.0360079
0.0204002
0.0124231
0.0173357
0.0153013
0.0148204
0.0128046
0.0163333
0.0147813
0.0172791
0.0162267
0.0175764
0.0176237
0.0174527
0.0167333
0.0165569
0.0174022
0.0172166
0.0174908
0.0169962
0.0169929
0.0171871
0.0171216
0.689727
0.121243
0.0136537
0.0166386
0.0129274
0.0142263
0.0139774
0.0171974
0.0160214
0.0159418
0.0170249
0.0166423
0.0172452
0.0174172
0.0173196
0.0172194
0.0168589
0.0667194
0.0667952
0.016893
0.0176262
0.017077
0.0175577
0.0175789
0.0167484
0.0175663
0.0175788
0.0175724
0.0175522
0.0173817
0.0175734
0.0176068
0.0176141
0.0176305
0.0176618
0.0175803
0.0175782
0.0176685
0.017542
0.0175423
0.0176267
0.0176003
0.0176434
0.0175977
0.017567
0.0175911
0.0176093
0.0176116
0.0176173
0.0176175
0.0176002
0.0176089
0.0176067
0.0176274
0.0176446
0.0176172
0.017655
0.0614303
0.0625848
0.0170049
0.01763
0.0171169
0.0175577
0.0175789
0.0167885
0.0175698
0.0175787
0.0175723
0.0175549
0.0173874
0.0175733
0.0176068
0.0176141
0.0176305
0.0176619
0.0175804
0.0175793
0.0176685
0.0175426
0.0175429
0.0176268
0.0176008
0.0176434
0.0175979
0.0175675
0.0175913
0.0176094
0.0176117
0.0176174
0.0176178
0.0176006
0.0176091
0.017607
0.0176276
0.0176447
0.0176174
0.017655
1.71252
0.423528
0.0258792
0.0101179
0.00934628
0.0129953
0.0135753
0.0151007
0.016538
0.0157933
0.01725
0.0169932
0.0171012
0.0174327
0.0174565
0.0168455
0.0169038
0.0171223
0.0170843
0.0175783
0.0175852
0.0171571
0.0972316
0.0148589
0.000135029
0.00941165
0.0155231
0.0117883
0.0150859
0.0154242
0.0170409
0.0153886
0.734512
0.00172271
0.00298336
0.0144475
0.011765
0.0168889
0.0155668
0.0148983
0.017071
0.0174221
0.0171093
0.0163168
0.0169579
0.0170468
0.0165287
0.0170869
0.0174419
0.016916
0.15723
0.341995
0.0162481
0.015078
0.0128669
0.0161379
0.0164553
0.0167736
0.0173864
0.0174222
0.0174751
0.0163954
0.0174034
0.0168878
0.0176324
0.0172032
0.0175959
0.0175639
0.0175883
0.0174269
0.0175816
0.0175298
0.017409
0.0174004
0.0173612
0.0174143
0.0174742
0.0175194
0.0174234
0.0176326
0.0176126
0.0176269
0.0176372
0.0175233
0.0174884
0.223641
0.22393
0.0211695
0.0047881
0.0144813
0.0175212
0.0174316
0.0142979
0.0173806
0.0155185
0.0161483
0.0175299
0.0165997
0.0170857
0.0169252
0.0174076
0.0169742
0.0175816
0.017546
0.0171859
0.0172295
0.0173111
0.0170482
0.0174032
0.0174974
0.0176176
0.0174387
0.0176707
0.017602
0.0176253
0.0176755
0.0176249
0.0175964
0.0176769
0.0176551
0.0176769
0.017619
0.0176659
0.0176332
0.0176311
0.0176394
0.0176734
0.0176584
0.0176384
0.0176688
0.0176714
0.0176446
0.0176435
0.0176466
0.0176693
0.017667
0.0176519
0.0176584
0.0176663
0.0176574
0.0176672
0.0176616
0.0176568
0.0176499
0.0176521
0.0176588
0.0180388
0.0186374
0.0196557
0.0192758
0.0182428
0.0201958
0.0179299
0.0195002
0.0184944
0.0177624
0.0182142
0.0182369
0.0177484
0.0180183
0.0176826
0.0178552
0.0178327
0.0176889
0.0177586
0.0179347
0.017891
0.0177515
0.0178522
0.0177614
0.0176797
0.0177953
0.017785
0.0176816
0.0177755
0.0177006
0.0177636
0.017674
0.0177233
0.0177594
0.0177273
0.017752
0.0176877
0.0177041
0.0177463
0.0177366
0.0177332
0.0177253
0.0177111
0.0176615
0.0176927
0.0176999
0.0177043
0.0177038
0.0176913
0.017669
0.0176707
0.017665
0.0159036
0.0147202
0.0174618
0.0170029
0.0175899
0.0159128
0.017657
0.0174915
0.0169954
0.0175418
0.0174318
0.0176097
0.0175786
0.0174441
0.0173403
0.0175406
0.0176169
0.0174962
0.0174368
0.0176107
0.0175779
0.0176429
0.0174862
0.0176672
0.0175373
0.017625
0.0176456
0.0176264
0.0175557
0.0176625
0.0175965
0.0176193
0.0176385
0.0300748
0.0177718
0.0184607
0.0181786
0.0194681
0.0177388
0.0184046
0.0182344
0.0183679
0.0176835
0.0180036
0.0182056
0.0177492
0.0180318
0.0176559
0.017985
0.0176963
0.0178918
0.0176591
0.0177202
0.017729
0.0178671
0.017836
0.0177057
0.0177505
0.0177746
0.0177023
0.0177825
0.0176944
0.0176834
0.0177441
0.017705
0.017704
0.0177195
0.0177469
0.0176608
0.0177422
0.0176839
0.0177257
0.017682
0.0177298
0.017721
0.0176879
0.017716
0.0177095
0.0176887
0.0177128
0.0177101
0.0176871
0.0176575
0.017692
0.0176704
0.0394328
0.0179649
0.0191199
0.020575
0.0186375
0.0202581
0.0199416
0.0186305
0.0186918
0.017794
0.0184516
0.0176618
0.0176673
0.0179466
0.0177171
0.0181502
0.0177028
0.0176543
0.017684
0.0176544
0.0179392
0.0177774
0.0177459
0.0177496
0.0176956
0.0176789
0.0177295
0.017796
0.0177407
0.0177662
0.01779
0.0177315
0.0177375
0.0177384
0.0176982
0.01774
0.0177109
0.0176836
0.017755
0.0177379
0.0177069
0.017685
0.0176981
0.0177204
0.0177353
0.0177279
0.0177256
0.0177275
0.017727
0.0176624
0.017691
0.0176831
0.0176857
0.0176707
