0.0475936
0.0164428
0.0161853
0.0142658
0.0146283
0.0189668
0.0172271
0.0189883
0.018572
0.0185255
0.0283263
0.0371792
0.0248966
0.020418
0.020904
0.0207158
0.0209784
0.020102
0.0191513
0.0191259
0.0196158
0.019196
0.0194517
0.0192216
0.0194799
0.0192027
0.0193374
0.0191876
0.0191579
0.019296
0.0191139
0.0190967
0.0191402
0.0191625
0.0192206
0.0192308
0.0192226
0.0192009
0.0190955
0.0191504
0.0191772
0.0191044
0.0191048
0.019154
0.0300579
0.0549955
0.0253396
0.0416545
0.0360135
0.0218394
0.0199916
0.0215662
0.0207183
0.0217265
0.0192202
0.0196481
0.0216175
0.0205559
0.0196996
0.0200907
0.0201134
0.0202494
0.0192097
0.0195733
0.0196627
0.0195104
0.0192185
0.0194418
0.0191779
0.0193751
0.0193838
0.0195555
0.0194547
0.0194711
0.0193589
0.0191662
0.0192967
0.0191844
0.0193891
0.0192367
0.0193278
0.0193162
0.0192593
0.0191606
0.0191448
0.0191371
0.0192834
0.0192302
0.0191109
0.0191143
0.0192563
0.019196
0.0191044
0.0192593
0.0192217
0.0273524
0.0120622
0.020755
0.0197137
0.0193137
0.0198648
0.0199601
0.0192234
0.0194772
0.019169
0.0192753
0.0191862
0.0193549
0.0191376
0.0191618
0.0191241
0.0191929
0.0191443
0.0191189
0.0191143
0.0191665
0.0191488
0.0191295
0.019142
0.0191278
0.0191007
0.0191439
0.0191018
0.0277197
0.0276806
0.0232766
0.0207553
0.0192843
0.0197336
0.0197125
0.0192608
0.0191106
0.0193019
0.0192304
0.0194286
0.0194091
0.0192685
0.0192808
0.0192752
0.019193
0.0191819
0.0191392
0.019145
0.0191915
0.0191624
0.0191106
0.0191767
0.0191391
0.0191142
0.0191275
0.019155
0.0191501
0.013036
0.0157478
0.0182994
0.0181819
0.0189155
0.0186385
0.0188218
0.0189802
0.0189361
0.0191005
0.0189333
0.0190079
0.0190311
0.0189977
0.0191066
0.0190516
0.0190308
0.0190434
0.0190759
0.0190717
0.0190747
0.0190798
0.0190804
0.0201718
0.0229999
0.0193025
0.0198097
0.0191739
0.0193768
0.0190724
0.0193297
0.0191634
0.0190742
0.0191382
0.0191358
0.0190844
0.0191528
0.0190881
0.0191069
0.0190822
0.0190814
0.0190835
0.0190865
0.0191141
0.0191034
0.0191051
0.0190961
0.0191102
0.0190896
0.0191029
0.0191029
0.0190989
0.0200775
0.0210227
0.0205432
0.0195145
0.0194395
0.0192796
0.0192813
0.0191106
0.0191152
0.0190733
0.0191102
0.0191646
0.019081
0.0191698
0.019168
0.019136
0.0191243
0.0191225
0.0191033
0.0191205
0.0190826
0.0190959
0.0191157
0.0191164
0.0191116
0.0190964
0.0191085
0.0190892
0.019087
0.0336775
0.0377668
0.0196109
0.0194815
0.019619
0.0195032
0.0192741
0.019206
0.0192899
0.0193553
0.0193466
0.0192015
0.0193199
0.0191302
0.0191609
0.0191521
0.019112
0.0191031
0.0191204
0.019105
0.0191234
0.0191525
0.0191124
0.0191383
0.0191093
0.0191212
0.0191123
0.0190889
0.0206894
0.0204059
0.0214412
0.0190671
0.0195269
0.0191134
0.0193361
0.0190792
0.0191768
0.0191368
0.0191338
0.0192228
0.0192001
0.0190845
0.0191214
0.019113
0.0191002
0.0191437
0.0190811
0.0191217
0.0191162
0.0191003
0.0191057
0.0191253
0.0190979
0.0190891
0.0191175
0.0191153
0.0191114
0.0294677
0.0320496
0.0206245
0.019716
0.019309
0.0198665
0.0199492
0.019222
0.0194761
0.0191692
0.0192743
0.0191865
0.0193544
0.0191376
0.0191619
0.0191241
0.0191928
0.0191443
0.019119
0.0191143
0.0191665
0.0191488
0.0191296
0.019142
0.0191278
0.0191008
0.0191439
0.0191018
0.108273
0.0173713
0.00944455
0.0188075
0.018021
0.0178048
0.0179274
0.018594
0.0187983
0.0183347
0.018465
0.018924
0.0235881
0.0195724
0.0191954
0.0255718
0.0215985
0.0210835
0.0195978
0.0191557
0.0201596
0.0191625
0.0196751
0.0195685
0.0196015
0.0194463
0.0192062
0.0191403
0.0191218
0.0191151
0.0191141
0.0192393
0.0191748
0.0191533
0.0192258
0.0191059
0.0192097
0.0192131
0.0191127
0.0192025
0.0191963
0.0191861
0.0191613
0.0191177
0.0191304
0.0191642
0.0260351
0.0221102
0.024109
0.0232923
0.0400117
0.0191317
0.0202369
0.0215897
0.0192582
0.0208382
0.0214212
0.0207338
0.0191934
0.020438
0.0194434
0.0198299
0.0191283
0.019347
0.0192131
0.0191213
0.0195825
0.0193866
0.0195671
0.019514
0.0191978
0.019399
0.0192946
0.0192488
0.0193861
0.0192239
0.0191819
0.0191088
0.0193404
0.0191729
0.019106
0.0191449
0.0191968
0.0191355
0.0191518
0.0192333
0.0192484
0.0192411
0.0191201
0.0192358
0.0192236
0.0191355
0.0191496
0.0196731
0.0216887
0.0191825
0.0196729
0.0191658
0.0193109
0.0190683
0.0192749
0.0191545
0.0190728
0.0191209
0.0191195
0.0190794
0.0191444
0.0190843
0.0191068
0.0190811
0.0190806
0.0190821
0.0190849
0.0191103
0.0190995
0.0191048
0.0190931
0.0191077
0.0190881
0.0191026
0.0191001
0.0190964
0.750842
0.0239459
0.0321926
0.136434
0.0335363
0.0254386
0.0204495
0.0192946
0.020677
0.0195575
0.0216391
0.019265
0.0194138
0.0200682
0.0196561
0.020085
0.0196905
0.0191805
0.0193536
0.0192667
0.019473
0.0190982
0.019397
0.0195184
0.0194348
0.0193763
0.019188
0.0191521
0.0192186
0.0191482
0.0191312
0.0192782
0.0193296
0.0193054
0.019165
0.019204
0.0192253
0.0191696
0.0191977
0.0192157
0.019199
0.0191256
0.0190988
0.0192209
0.00147075
0.0178168
0.0173789
0.0155289
0.0181758
0.0178129
0.0188013
0.0186444
0.0183629
0.0186209
0.018968
0.0185206
0.0186745
0.019047
0.018928
0.0187796
0.0190142
0.0189946
0.0197417
0.0197236
0.0232308
0.0201091
0.0196965
0.0190993
0.0191059
0.01947
0.0194269
0.0191997
0.019136
0.0190759
0.0191122
0.019239
0.0191285
0.0191545
0.0191241
0.0191505
0.0191344
0.0190884
0.019132
0.0190951
0.019109
0.0191153
0.0191281
0.0191254
0.0191168
0.0191125
0.0191249
0.0191075
0.0648607
0.0196434
0.0192542
0.019541
0.0192869
0.0191444
0.0195967
0.0206238
0.0197117
0.0213197
0.0193073
0.0197258
0.019432
0.0192863
0.0194837
0.0194864
0.0195759
0.0191598
0.0191063
0.0191885
0.0191935
0.0191705
0.0191222
0.019278
0.0193605
0.0193337
0.0193432
0.0193106
0.0192694
0.0191725
0.0192378
0.0191384
0.0191046
0.0191138
0.019225
0.0191586
0.0192129
0.0191719
0.0191585
0.0191854
0.0191865
0.0149854
0.0160706
0.0171305
0.0179399
0.0176275
0.0171568
0.0190278
0.0189416
0.0188579
0.018729
0.0190528
0.019
0.0190618
0.0189932
0.0190584
0.0190661
0.0190303
0.0190834
0.0189975
0.0190364
0.0190133
0.0190534
0.00337574
0.0162127
0.0181895
0.0187003
0.0188858
0.0188986
0.0186532
0.0189834
0.0185694
0.0186726
0.0187446
0.0188041
0.0188197
0.0189343
0.0190659
0.0189445
0.0216759
0.0497335
0.020698
0.0227869
0.0273422
0.0192044
0.0211939
0.0191497
0.0191473
0.0214345
0.0200311
0.01961
0.0203955
0.02
0.0195037
0.0194678
0.0193692
0.0192318
0.0194808
0.0191664
0.0191168
0.0192108
0.0191088
0.0192124
0.0192112
0.0192037
0.0192717
0.0192534
0.0192634
0.0192772
0.0192109
0.0190896
0.0191431
0.0191473
0.0191938
0.0191709
0.0191885
0.0191406
0.0191696
0.0191929
0.0191623
0.0209379
0.045593
0.0203976
0.0227869
0.0266944
0.0191984
0.0210911
0.0191468
0.0191446
0.0214012
0.0199927
0.0196111
0.0203889
0.0199767
0.0194961
0.019466
0.0193685
0.0192318
0.0194766
0.0191664
0.0191167
0.0192106
0.0191086
0.0192114
0.0192102
0.0192034
0.0192704
0.0192528
0.0192621
0.0192759
0.01921
0.0190896
0.019143
0.0191469
0.0191934
0.0191706
0.019188
0.0191404
0.0191692
0.0191924
0.019162
0.00781084
0.00401745
0.0161059
0.0180826
0.0181037
0.0186465
0.0186218
0.0186629
0.0188453
0.0190968
0.0188814
0.0189357
0.0190231
0.0190225
0.0190173
0.01901
0.0190595
0.0190797
0.0190208
0.0190292
0.0190416
0.0378757
0.0148891
0.00660903
0.0177489
0.0153824
0.0182946
0.0172533
0.0182289
0.0180101
0.0183045
0.018139
0.0188192
0.0105297
0.00480559
0.0184032
0.0157841
0.0167927
0.0161495
0.0185974
0.0189172
0.0189283
0.0190264
0.0185652
0.0187651
0.018825
0.0189493
0.0188345
0.0188953
0.0189096
4.08786
0.022698
0.0231769
0.0229463
0.0192809
0.0192165
0.0194954
0.0199831
0.0196212
0.0193992
0.0194731
0.0191198
0.0194513
0.019289
0.0191933
0.0193137
0.0192885
0.0190949
0.0191578
0.019109
0.0192348
0.0192334
0.0191599
0.0191539
0.0191407
0.0191951
0.0191177
0.0191553
0.0190904
0.0191039
0.0191669
0.0191573
0.0191092
0.0191289
0.0191494
0.0114184
0.015627
0.0183037
0.018185
0.0189168
0.0186343
0.0188198
0.018981
0.0189357
0.0191006
0.0189332
0.0190078
0.019031
0.0189977
0.0191066
0.0190518
0.0190309
0.0190435
0.0190759
0.0190717
0.0190748
0.0190799
0.0190804
0.0570512
0.0196433
0.0192936
0.019615
0.0193052
0.0191444
0.0196221
0.0206884
0.0197387
0.0213344
0.019307
0.0197245
0.0194314
0.0192862
0.0194841
0.0194912
0.0195793
0.0191598
0.0191066
0.0191886
0.0191946
0.0191714
0.0191223
0.0192797
0.0193624
0.0193353
0.0193442
0.0193114
0.01927
0.0191727
0.0192383
0.0191388
0.0191046
0.0191138
0.0192253
0.0191588
0.0192132
0.0191721
0.0191587
0.0191856
0.0191868
0.0490574
0.0364951
0.0350818
0.0231659
0.0485009
0.0375024
0.0288882
0.0230817
0.0198337
0.0196335
0.0222869
0.0210461
0.0197254
0.0193278
0.0199232
0.0206854
0.0191925
0.0196045
0.0198012
0.0197349
0.0191089
0.0193772
0.0196479
0.0195842
0.0193346
0.019555
0.0195804
0.019553
0.0193349
0.0192405
0.0191132
0.019462
0.019166
0.0193434
0.0192146
0.0192029
0.0191779
0.0193556
0.0193301
0.0192309
0.0193352
0.0191553
0.0193055
0.0191354
0.0191144
0.0191155
0.0192602
0.0192068
0.0192453
0.019213
0.0192171
0.0451179
0.0357863
0.01981
0.0240757
0.0218911
0.0212373
0.0196002
0.0197033
0.0202498
0.0201302
0.0198255
0.0197354
0.0191058
0.0190955
0.0192515
0.0192384
0.019137
0.0192541
0.01928
0.019204
0.0191781
0.0193025
0.019088
0.0192024
0.019202
0.0191124
0.0190887
0.0191371
0.0192177
0.0191972
0.0191389
0.0192139
0.019162
0.019121
0.0191345
0.128506
0.0149461
0.124944
0.0402915
0.0210754
0.0205591
0.0225785
0.0197637
0.0224774
0.0192662
0.0199984
0.019191
0.0207115
0.0191542
0.0191461
0.0200018
0.0202436
0.0198697
0.0191375
0.0197815
0.019689
0.0192972
0.0191198
0.0196668
0.0193324
0.0194466
0.0195749
0.0192683
0.0193825
0.0191925
0.0191896
0.0191993
0.0194622
0.0193331
0.0193847
0.0193667
0.0192968
0.0191515
0.019231
0.0191217
0.019175
0.0191688
0.0191895
0.0192504
0.0192134
0.0192017
0.0191943
0.0192063
0.0192312
0.0192119
0.0191688
0.117247
0.11606
0.113023
0.0485371
0.0231262
0.0211767
0.0241421
0.0199556
0.0191359
0.0190948
0.0191789
0.0194433
0.0207031
0.0191454
0.0192638
0.0193448
0.0192586
0.0200357
0.0197321
0.0193553
0.0191905
0.019405
0.0191381
0.0192157
0.0195497
0.019384
0.0194446
0.0195799
0.0192823
0.0192968
0.0191625
0.0193771
0.0192782
0.0191503
0.0194379
0.019357
0.0191554
0.0191688
0.0193431
0.019303
0.0192933
0.0191356
0.0191116
0.0192572
0.019156
0.0191337
0.0191561
0.0191962
0.0191729
0.0192362
0.0192026
0.0191063
0.0192216
