0.0038416
0.00384193
0.00360597
0.00375481
0.00397466
0.00397592
0.00369783
0.00365538
0.00366414
0.00400657
0.00391914
0.00369753
0.00373524
0.00387637
0.00395716
0.00375537
0.00382946
0.00394289
0.003786
0.00392071
0.00385368
0.00392252
0.00390216
0.0039144
0.00380968
0.0038926
0.00379459
0.00378706
0.000704736
0.00341801
0.00453666
0.00285312
0.00195184
0.00514826
0.0041705
0.00554648
0.00224448
0.00232699
0.00261824
0.00421724
0.00265531
0.00270522
0.00489184
0.00288193
0.00459869
0.00465767
0.004452
0.00463581
0.00437534
0.0045236
0.00346429
0.00428938
0.00335337
0.00413228
0.0035134
0.00355312
0.00420574
0.00384167
0.00369195
0.00367502
0.00414615
0.00581519
0.00430032
0.00558319
0.00222635
0.00541463
0.0053696
0.0035665
0.00260517
0.00504585
0.00290112
0.00280472
0.00301886
0.00479206
0.00297764
0.00314419
0.00310837
0.0045846
0.00397578
0.00412502
0.00359319
0.00429343
0.00356995
0.00331833
0.00334512
0.00431485
0.00384163
0.00378151
0.0037745
0.00396627
0.00486087
0.00404575
0.00501654
0.00297311
0.00489767
0.00482505
0.00369824
0.0031106
0.00457689
0.00329112
0.00320555
0.00334343
0.00447283
0.00328045
0.00339885
0.00336547
0.00434727
0.00392543
0.0040221
0.00368336
0.0041387
0.00366618
0.00348456
0.0034977
0.00416783
0.00384157
0.000887451
0.00165289
0.0031463
0.00261522
0.00484023
0.00492683
0.00485704
0.00278479
0.00372793
0.00441068
0.00306022
0.00333166
0.0041057
0.00435387
0.00401288
0.00393184
0.00410188
0.00424243
0.00356124
0.00333902
0.00378893
0.00424894
0.00384741
0.00420012
0.00419009
0.00414952
0.00352687
0.00230998
0.00385725
0.00384094
0.00387526
0.00433082
0.00313258
0.00403278
0.0037265
0.00326144
0.00332984
0.00334729
0.0035908
0.00421022
0.00363071
0.00375814
0.00347959
0.00355715
0.00395673
0.0041736
0.00352762
0.00393227
0.00357118
0.00405626
0.00405914
0.00401079
0.00362648
0.00393775
0.0036519
0.00372541
0.00411034
0.00704437
0.000935064
0.00347868
0.00446772
0.00554914
0.0019745
0.00217812
0.00525954
0.00521386
0.00471561
0.00491228
0.00269208
0.00494818
0.00275245
0.00452122
0.0044044
0.00467083
0.00424981
0.00454606
0.00439831
0.00344082
0.00438808
0.00377687
0.00329047
0.00370113
0.00361319
0.00428295
0.00403948
0.00384561
0.00406853
0.0040157
0.00391663
0.0036069
0.00394461
0.00396163
0.00393561
0.0037452
0.00395034
0.00379004
0.00397253
0.00397909
0.00373891
0.00396167
0.00382794
0.00376574
0.00394965
0.0039459
0.0038873
0.00376415
0.00388001
0.00385346
0.00390866
0.00384132
0.00383865
0.00382179
0.00389357
0.00384363
0.0038416
0.00257766
0.00667726
0.00362262
0.00356691
0.00555212
0.00132681
0.00555535
0.00255195
0.00498478
0.00518514
0.00212556
0.0046068
0.00285193
0.00302561
0.00491959
0.00361088
0.00484311
0.00467358
0.00372935
0.00380386
0.0039932
0.00304881
0.00317726
0.00429559
0.00447874
0.0043524
0.0032276
0.00326262
0.00380211
0.00372589
0.0033872
0.0039984
0.00423325
0.00378517
0.00379136
0.00413053
0.00356472
0.00387005
0.00395505
0.00400773
0.00402943
0.00372976
0.00392672
0.0039202
0.00387621
0.00372388
0.00392759
0.00373617
0.00376014
0.00369962
0.00397299
0.00386981
0.00381667
0.00392833
0.00390922
0.0038415
0.00481156
0.0042118
0.00310471
0.00295412
0.00467858
0.00379328
0.00291393
0.00310449
0.00399349
0.00314681
0.00443094
0.00452193
0.004081
0.00358533
0.00330394
0.00405724
0.00351536
0.00335424
0.0037399
0.00427726
0.00408131
0.00422158
0.00346413
0.00348905
0.00411742
0.00374308
0.00385889
0.00365946
0.00397013
0.00554035
0.0020606
0.00369192
0.00411795
0.00472474
0.00281666
0.00297779
0.00460914
0.00467607
0.00428845
0.0044292
0.00312288
0.00449821
0.00321452
0.00421679
0.00415519
0.00435207
0.00407115
0.0042741
0.00416879
0.00361253
0.00417
0.00380558
0.00350646
0.00376131
0.00370924
0.0041122
0.00384098
0.00585936
0.00443886
0.00640248
0.00507331
0.0012485
0.00150464
0.00193177
0.00213188
0.00453877
0.00228514
0.00531423
0.00380965
0.00240102
0.00251919
0.00373201
0.00279925
0.00468488
0.00478858
0.00395533
0.00297149
0.00388376
0.00412369
0.00306762
0.0032174
0.00383007
0.00340378
0.00324129
0.00347725
0.00384089
0.00384402
0.00387071
0.0025647
0.00389554
0.0042804
0.00359008
0.00402341
0.0037884
0.00452113
0.00316416
0.0035406
0.00342239
0.00328941
0.00405257
0.00353655
0.00410382
0.00339831
0.00345983
0.00423719
0.00347313
0.0034828
0.00418302
0.00364276
0.00353443
0.00377949
0.00411416
0.0036628
0.00359519
0.00384383
0.00390855
0.00340979
0.00320875
0.00440049
0.00425064
0.00427789
0.00378653
0.00370092
0.00411847
0.00348259
0.00392274
0.00359606
0.0035373
0.00383392
0.00407686
0.00408756
0.00363447
0.00406185
0.00376738
0.00375763
0.00397706
0.00398551
0.00367677
0.00399304
0.00394505
0.00373458
0.00370814
0.00374764
0.00371486
0.00270902
0.00365924
0.00435005
0.00373561
0.00438196
0.00434405
0.00351722
0.00406604
0.00364168
0.00423773
0.00347524
0.00348517
0.00380991
0.00367474
0.00364414
0.00394155
0.00362011
0.00384636
0.00377735
0.00368625
0.00382988
0.00401791
0.00380921
0.00401277
0.00370346
0.00382733
0.00410452
0.00336737
0.00263264
0.00439538
0.00260324
0.00335793
0.00276682
0.00287692
0.0036349
0.00300081
0.00327602
0.00361838
0.00354115
0.0037672
0.00321296
0.00323431
0.00437189
0.00429054
0.00427588
0.00340031
0.00340925
0.00354446
0.00409042
0.0038055
0.00361351
0.00377319
0.00356726
0.00380248
0.00401776
0.00421609
0.0037688
0.00387723
0.00449027
0.00332301
0.00384917
0.00370796
0.0034173
0.00407911
0.00419605
0.00355949
0.00410908
0.00397855
0.0036794
0.00349821
0.00406987
0.00353165
0.00353549
0.00412365
0.00411181
0.00354682
0.0036685
0.00412393
0.00385025
0.00376209
0.00378242
0.00369149
0.00391339
0.00404447
0.00372397
0.00393193
0.00364844
0.00405448
0.00397515
0.00402055
0.00364842
0.00364577
0.00379214
0.00388784
0.00374397
0.00376764
0.00399172
0.00390449
0.00370319
0.00368556
0.00392924
0.00375991
0.00370497
0.00381581
0.00370312
0.00379344
0.00371739
0.00384093
0.00374542
0.00395702
0.00458886
0.00311196
0.00405368
0.00553486
0.00213191
0.00221907
0.00503963
0.00259122
0.00470874
0.00324746
0.0045862
0.00328927
0.00296875
0.00302805
0.00444267
0.00344095
0.00314698
0.00325246
0.00413236
0.0032681
0.00418287
0.00360273
0.00424715
0.00353564
0.00336975
0.0041814
0.00424738
0.00352071
0.00346484
0.00410932
0.00227431
0.00263154
0.00362742
0.0039188
0.00460619
0.00455282
0.00451123
0.00321595
0.00408915
0.00325281
0.00362676
0.00331736
0.0041191
0.00363603
0.0035427
0.0040973
0.00423929
0.00345894
0.00374302
0.00400805
0.00363579
0.00396419
0.00401868
0.00402994
0.00358942
0.00381267
0.00386273
0.00370116
0.003674
