0.0140712
0.0141064
0.0140754
0.0139701
0.013998
0.014145
0.0141345
0.0141587
0.014154
0.0140661
0.0141299
0.0140978
0.0140897
0.0140645
0.0140421
0.0140219
0.0140955
0.0141017
0.0140292
0.0140322
0.0140436
0.0141042
0.0140396
0.0140968
0.0141015
0.014043
0.014101
0.0140989
0.0140959
0.0140712
0.0161747
0.0134956
0.0145516
0.0131952
0.0130985
0.0149236
0.0149805
0.0136595
0.0146802
0.0147694
0.0138796
0.0143655
0.0145353
0.0145512
0.0141358
0.0145362
0.0137208
0.0138387
0.0137284
0.0139674
0.0143716
0.0138632
0.0138992
0.0143426
0.0138052
0.0139707
0.0142763
0.0138539
0.0142189
0.0140712
0.0124386
0.0135988
0.0142431
0.0141062
0.0143529
0.0139316
0.0148435
0.0146165
0.0144729
0.0133933
0.0134472
0.0135641
0.0146018
0.0135496
0.0140049
0.0144232
0.0136589
0.0136785
0.0137059
0.0137244
0.0137369
0.014359
0.0143593
0.0138605
0.0143412
0.0142811
0.0138378
0.0138879
0.0138674
0.0140712
0.0129901
0.0138743
0.0141424
0.0140858
0.0141985
0.0140065
0.0145569
0.0143637
0.0142858
0.0136293
0.0136822
0.013769
0.0144164
0.0137235
0.0140326
0.01429
0.0138059
0.0138025
0.0138198
0.0138426
0.0138454
0.0142621
0.0142665
0.0139344
0.0142578
0.0142107
0.0139123
0.0139494
0.013934
0.0140712
0.0139208
0.0140128
0.0131126
0.014561
0.0139785
0.0135534
0.0137089
0.013588
0.0141011
0.0141827
0.0136598
0.0136734
0.0143155
0.0137347
0.0137881
0.0137563
0.0140548
0.014172
0.0138128
0.0138696
0.0142019
0.0142713
0.0138946
0.0139389
0.013902
0.0142223
0.0141706
0.014044
0.0140004
0.0138862
0.01429
0.0140324
0.0137486
0.0140974
0.0141959
0.014135
0.013869
0.0138426
0.0139523
0.0142179
0.0138957
0.0140818
0.0142383
0.0142325
0.0142106
0.0139226
0.0141585
0.0141962
0.013944
0.0139692
0.0141521
0.0139601
0.0139871
0.0140162
0.0140514
0.0139931
0.0139881
0.0118605
0.0139642
0.0139835
0.0148404
0.0129401
0.0148511
0.0144605
0.0132344
0.0133622
0.0133974
0.0138236
0.0135899
0.0135877
0.0140765
0.0136939
0.0144835
0.014339
0.0143834
0.0136693
0.0143969
0.0138219
0.0143717
0.0138604
0.0140736
0.014315
0.0141798
0.0138368
0.0142525
0.0139539
0.014403
0.0140709
0.0140739
0.0140607
0.0141615
0.0139836
0.0141749
0.0141493
0.0139913
0.0141059
0.0141361
0.0141419
0.0141042
0.0140465
0.0140379
0.014031
0.0140826
0.0140221
0.0140253
0.014051
0.0141128
0.0141097
0.0140907
0.0140574
0.0140517
0.014093
0.0140784
0.0140433
0.0140971
0.0140636
0.0137565
0.0122853
0.0144167
0.0123268
0.0149341
0.0126158
0.0147869
0.014855
0.0144427
0.0140689
0.0132554
0.0132508
0.0132817
0.0133496
0.0134795
0.0145458
0.0142281
0.0139175
0.0136107
0.0143767
0.0136032
0.0136746
0.0137349
0.0142772
0.0142253
0.0137181
0.0140719
0.0137586
0.0142338
0.0136262
0.0140709
0.0143054
0.0142616
0.0141571
0.0139969
0.013916
0.0140836
0.0141439
0.0141012
0.0139617
0.0139656
0.0139944
0.0141683
0.0141079
0.0139923
0.0141111
0.0139933
0.0140009
0.0140087
0.0141384
0.0141302
0.0140721
0.0140178
0.0140597
0.0140535
0.0140522
0.0122907
0.0140637
0.0139645
0.0142714
0.0140115
0.0136237
0.0143711
0.0144228
0.014285
0.0142897
0.0141098
0.0142509
0.0139715
0.0137979
0.0141685
0.0139762
0.0143109
0.014201
0.0142133
0.0138414
0.0141914
0.0142648
0.013905
0.0140508
0.0142288
0.0140201
0.0139617
0.0139921
0.0139554
0.0131434
0.0140273
0.0140358
0.0144678
0.0134447
0.0145225
0.0142568
0.0135973
0.0136383
0.01372
0.0139523
0.0138242
0.0138193
0.0140761
0.0138726
0.0143308
0.0142218
0.0142515
0.0138316
0.0142669
0.0139329
0.0142542
0.0139514
0.0140737
0.0142209
0.0141352
0.0139265
0.0141808
0.0140034
0.0140678
0.0113604
0.01212
0.0127352
0.014948
0.0128295
0.0149469
0.0149305
0.0148439
0.0131726
0.0146975
0.0146713
0.0135041
0.0145704
0.0143623
0.0144167
0.0145116
0.0144587
0.0136562
0.0136317
0.0136509
0.0141444
0.0137179
0.0140104
0.0137396
0.013777
0.0138535
0.013805
0.0126751
0.0141231
0.0135827
0.0140152
0.0144364
0.0144046
0.0142259
0.0143682
0.0143669
0.0141491
0.0137885
0.0142072
0.013812
0.0142554
0.0142389
0.0142607
0.0139258
0.0140216
0.013895
0.0140533
0.0139453
0.0142093
0.0140913
0.0139428
0.0141748
0.0140714
0.0140256
0.0141183
0.0143856
0.014087
0.0143785
0.0143413
0.0140471
0.0143039
0.0139509
0.0142682
0.0142013
0.0140777
0.0140102
0.0139796
0.0140002
0.0141353
0.0141295
0.0139674
0.0140926
0.0141285
0.0141738
0.0141703
0.0140815
0.0141489
0.0141428
0.014134
0.0141261
0.0141374
0.0140163
0.0141354
0.0141278
0.0140985
0.0140702
0.0139544
0.0141295
0.0139859
0.0143406
0.0143132
0.01428
0.0140549
0.0140128
0.0139028
0.0142134
0.0139335
0.0140285
0.0142109
0.0142107
0.0139707
0.0139586
0.0141861
0.0141876
0.0141029
0.0141334
0.0141645
0.0140138
0.0140676
0.0140863
0.0140082
0.0140321
0.0140306
0.0138896
0.0126163
0.0140363
0.0143763
0.0143012
0.0138403
0.0143555
0.0140661
0.0143462
0.0141905
0.0137368
0.0137002
0.0140936
0.0137487
0.0143428
0.0140004
0.0138914
0.0138779
0.0138493
0.0142269
0.0141889
0.0141927
0.0139183
0.0141308
0.0139953
0.0139867
0.0139274
0.0139317
0.0140712
0.0140718
0.0137885
0.0140735
0.0140494
0.0140753
0.0141512
0.0140819
0.014269
0.0140073
0.014279
0.014273
0.0139479
0.0142365
0.0140979
0.0140354
0.0142286
0.0142303
0.0140258
0.0139217
0.0139347
0.0139302
0.0141258
0.0140744
0.013969
0.014202
0.0139559
0.0141936
0.014001
0.0140869
0.0141473
0.0140346
0.0141751
0.0140199
0.0140376
0.0141427
0.014005
0.0140594
0.013995
0.0141199
0.0140062
0.0140901
0.0140646
0.0141477
0.0140199
0.0141146
0.0140604
0.0141412
0.014138
0.014122
0.014128
0.0140113
0.0140992
0.0140767
0.0140343
0.0140205
0.0140761
0.0141201
0.0131698
0.0138637
0.0144591
0.0141611
0.0136956
0.0133114
0.013595
0.0142287
0.0135294
0.0135674
0.0136173
0.0140927
0.0136793
0.0143286
0.0136999
0.0137952
0.0140442
0.0140662
0.0142217
0.0137737
0.0138286
0.01416
0.0139661
0.0138327
0.0138582
0.0141627
0.014091
0.0138864
0.0138934
0.0141773
0.0145589
0.0136306
0.0143795
0.0138431
0.0143537
0.0138443
0.0138282
0.0142988
0.0138716
0.014003
0.0142181
0.0142048
0.0138958
0.0139329
0.0139892
0.0141666
0.0141717
0.0140751
0.0140986
0.0139693
0.0140427
0.0140175
