0.0170519
0.016658
0.0167714
0.0168505
0.0166633
0.0167777
0.0167016
0.0168381
0.0166855
0.0168479
0.0167249
0.0168009
0.0167775
0.0166738
0.0166991
0.016687
0.016796
0.0167813
0.0168136
0.0167198
0.0166999
0.0167141
0.016734
0.0167881
0.0167343
0.0167333
0.0167887
0.0167803
0.0167898
0.0167622
0.0167521
0.0170702
0.0149147
0.0185551
0.0176432
0.0180856
0.0179487
0.0157463
0.0171428
0.0177072
0.0173922
0.0175323
0.0175156
0.0171658
0.0174239
0.0172789
0.0172902
0.0172456
0.0163364
0.0162805
0.0171976
0.0171668
0.0164639
0.0166582
0.0170292
0.0170857
0.0170328
0.0170427
0.0169551
0.0104853
0.0144199
0.0185571
0.0183481
0.0167567
0.0156031
0.0157759
0.0156285
0.0172537
0.0159405
0.0162747
0.0158934
0.0174485
0.0166584
0.0160806
0.0161466
0.0166049
0.0172533
0.0167539
0.016277
0.016447
0.0166165
0.0171335
0.0163737
0.0163891
0.01686
0.016434
0.0169361
0.0170182
0.0129949
0.0154946
0.0177965
0.0177237
0.0167541
0.0159559
0.0162526
0.0161199
0.0170059
0.0163003
0.0164974
0.016195
0.0172366
0.0166997
0.0163094
0.0163328
0.0166657
0.0170834
0.0167532
0.016425
0.0165583
0.0166671
0.0170098
0.0164925
0.0165071
0.0168215
0.0165325
0.0168732
0.0169333
0.0186365
0.0165907
0.0155941
0.0158666
0.0164275
0.0173968
0.0166473
0.0171899
0.0161363
0.0161695
0.0161786
0.0165368
0.0170217
0.0167678
0.0163333
0.0169377
0.0170979
0.0163954
0.0164191
0.0168808
0.0165992
0.0166384
0.0167942
0.0169316
0.0165339
0.0166938
0.0165423
0.017887
0.0173814
0.0166979
0.0171884
0.0163249
0.0171223
0.0165775
0.0163897
0.0170714
0.016729
0.0165142
0.0168003
0.0169323
0.0165548
0.0165771
0.016579
0.0166922
0.0166001
0.0167482
0.0167113
0.0166755
0.0166075
0.0166113
0.0168027
0.0168524
0.016648
0.0168142
0.0167425
0.016776
0.0152153
0.0168248
0.0177403
0.0154181
0.017477
0.0163963
0.0173888
0.0158257
0.0175323
0.0161428
0.0159843
0.0168448
0.0169532
0.0169825
0.0164303
0.0172812
0.0169573
0.0163772
0.0162865
0.0171333
0.0170787
0.0170763
0.0171064
0.0167319
0.016411
0.0168667
0.0164538
0.0165738
0.0167521
0.0169345
0.0169442
0.0167817
0.0167849
0.016745
0.0167863
0.0168768
0.0166708
0.0166563
0.0167588
0.0168178
0.016775
0.0168274
0.0167486
0.0167681
0.0166885
0.0167136
0.0167449
0.0168027
0.0167436
0.0167343
0.0167255
0.0167571
0.0167096
0.0167188
0.0167206
0.016765
0.0167518
0.0138996
0.0142644
0.0170012
0.0171165
0.0150864
0.0154063
0.0162628
0.016509
0.0175988
0.0157251
0.0157063
0.0158924
0.017305
0.0173949
0.0173581
0.0173291
0.0163963
0.0170252
0.0172601
0.0165766
0.0165486
0.0164053
0.0163375
0.0166796
0.0163452
0.0163686
0.0166717
0.0167521
0.0165367
0.0169015
0.0169479
0.0168133
0.0165445
0.0168076
0.0169344
0.0169279
0.0166815
0.0167395
0.0168964
0.016608
0.0168443
0.0167069
0.0168573
0.0167714
0.0166653
0.016701
0.0168272
0.0168125
0.0167247
0.016828
0.0168302
0.0166832
0.0168228
0.0166839
0.0167573
0.0167264
0.0168035
0.0167521
0.0154617
0.0168279
0.016987
0.0171847
0.0174284
0.0172597
0.0169627
0.0170414
0.0167779
0.016482
0.0163296
0.0165382
0.0165379
0.0168756
0.016435
0.0170189
0.0165082
0.0164609
0.0168723
0.0167651
0.016792
0.0169546
0.0165778
0.0166918
0.0169438
0.0167205
0.0169278
0.016617
0.016748
0.0167635
0.0160547
0.0167847
0.0172578
0.0160751
0.0171133
0.0165942
0.0170739
0.0162354
0.0172276
0.0164451
0.0163196
0.0168018
0.0168604
0.016877
0.0165813
0.0170756
0.0168673
0.0165414
0.016464
0.0169811
0.0169454
0.0169461
0.0169728
0.0167417
0.0165457
0.0168197
0.0165704
0.016648
0.0166785
0.016594
0.0137664
0.0164526
0.0181026
0.0181247
0.0179988
0.0175516
0.0178799
0.0175861
0.0162215
0.0176282
0.0173055
0.0157889
0.0174248
0.0159643
0.0174082
0.0168703
0.016305
0.0161617
0.0169571
0.0171617
0.0162444
0.0169119
0.0162846
0.0164448
0.016553
0.0171079
0.0169788
0.0170753
0.0167521
0.0167483
0.0160083
0.016529
0.0161943
0.0171352
0.0168879
0.0169514
0.0163273
0.0167475
0.0163631
0.0163943
0.0164091
0.0166983
0.0164504
0.0169615
0.0169518
0.0169923
0.0166319
0.0167856
0.0165398
0.0169464
0.0167409
0.0166341
0.0166684
0.0167813
0.0168147
0.0166177
0.0167684
0.0166797
0.016729
0.0169164
0.0167918
0.0166238
0.0169303
0.0170068
0.016951
0.0165396
0.0168974
0.016942
0.0166332
0.0167897
0.0166399
0.0167448
0.0166065
0.0167249
0.0166224
0.0168239
0.0168007
0.0168594
0.0167781
0.0167339
0.0166936
0.016836
0.0168082
0.0168669
0.0175681
0.0168641
0.0171135
0.0171767
0.0170586
0.0168698
0.0166851
0.0165888
0.0165676
0.0166716
0.0169813
0.016939
0.0169402
0.0165645
0.0165749
0.0165788
0.0165963
0.0166127
0.0166739
0.0167615
0.0166498
0.0166294
0.0167103
0.0166489
0.0166977
0.0166537
0.0168526
0.0167027
0.0162218
0.0166414
0.016978
0.0174535
0.0172508
0.0161273
0.0169273
0.0170261
0.0166985
0.0167672
0.0164861
0.0162763
0.01635
0.01651
0.0170593
0.0167878
0.0170817
0.0166969
0.0164457
0.0170308
0.0165854
0.0166176
0.0169939
0.0169409
0.0165273
0.0165328
0.0166377
0.0167464
0.0169127
0.0167964
0.0167521
0.0167523
0.0170846
0.0167483
0.0163474
0.0171054
0.0167633
0.0167003
0.0164742
0.0168978
0.0166469
0.0170101
0.0168387
0.0169348
0.0166443
0.0169755
0.0168527
0.0169642
0.0168275
0.0168121
0.0167337
0.0168406
0.016935
0.0166665
0.0166253
0.0166045
0.0168613
0.016789
0.0169032
0.0166356
0.0168969
0.0168847
0.0168504
0.0167074
0.0167773
0.0167402
0.0166394
0.0166526
0.0167453
0.0167064
0.0167151
0.0168583
0.0167036
0.0166527
0.0166623
0.0168209
0.0167299
0.0166622
0.0168328
0.016838
0.01668
0.0168286
0.0167644
0.0166982
0.0168166
0.0168233
0.016698
0.0167517
0.0162693
0.0162847
0.0176329
0.0167067
0.0173542
0.0167986
0.0161957
0.0160189
0.0170961
0.0168437
0.0161334
0.0161541
0.0163902
0.0162791
0.016284
0.0165173
0.0170525
0.0163599
0.0163678
0.0167559
0.0164128
0.016632
0.0170411
0.0164859
0.0166004
0.0167391
0.0168253
0.0169713
0.0167257
0.0167503
0.0167522
0.0162127
0.0162992
0.0171797
0.0172006
0.0169271
0.0163421
0.0170969
0.0169274
0.0168545
0.0167801
0.0165291
0.0165237
0.0165712
0.0164965
0.0168744
0.0165527
0.0166154
0.016561
0.0168874
0.0166777
0.0168813
0.0165901
0.0169018
0.0166056
0.0166286
0.0168806
