0.00617329
0.00609154
0.00493916
0.00497699
0.00566354
0.00525688
0.00617891
0.00587186
0.00588449
0.00613516
0.00602883
0.00553803
0.0055723
0.00564929
0.00604557
0.00582299
0.00561897
0.00551698
0.00592027
0.00551663
0.005594
0.00548788
0.00599518
0.00570693
0.00592994
0.00580119
0.00578339
0.00565882
0.00589513
0.00566496
0.0093295
0.0147661
0.0138967
0.00700535
0.000484885
0.0122161
0.00247092
0.00999307
0.00852563
0.00143797
0.00967506
0.00203879
0.00942998
0.00228343
0.00271591
0.00869966
0.00300787
0.00331644
0.00396039
0.00560689
0.00376663
0.0043441
0.00398113
0.00387377
0.00676903
0.00709645
0.00699798
0.00641697
0.00680086
0.00574994
0.00587126
0.00387894
0.012858
0.0098113
0.00838079
0.0108643
0.0106439
0.00958085
0.0102024
0.00258995
0.00903166
0.005993
0.00217501
0.00902586
0.00763288
0.0084036
0.00421416
0.00430037
0.0047058
0.0035992
0.00781329
0.00757077
0.00470465
0.00446173
0.00438807
0.00542876
0.00626348
0.00434816
0.00575058
0.00579923
4.10497e-06
0.0104762
0.00761809
0.00694335
0.0085462
0.00908753
0.00783195
0.00853506
0.00399615
0.00764018
0.00588326
0.00340354
0.00797689
0.00688277
0.00754591
0.00480485
0.00485182
0.00510436
0.0043087
0.00715122
0.00697175
0.00508101
0.00491501
0.00485588
0.00554249
0.00608501
0.00478366
0.00361864
0.00443847
0.0100147
0.00172737
0.0100017
0.00404291
0.00888459
0.00578569
0.0063721
0.00294061
0.00507422
0.00319792
0.00626956
0.00348846
0.00464938
0.00512636
0.0053973
0.00469346
0.0044483
0.00419299
0.00453562
0.00552624
0.00641546
0.00692156
0.0051076
0.00634446
0.00653492
0.00603656
0.007333
0.00747055
0.00819333
0.00561505
0.00493976
0.0077923
0.00471496
0.00748898
0.00463591
0.00570655
0.00428813
0.00611782
0.00500712
0.00512777
0.00466502
0.00493054
0.00476016
0.00481595
0.00661029
0.00616813
0.0050623
0.00509543
0.00647657
0.00646311
0.00522852
0.00528156
0.00521755
0.00517302
0.00542199
0.0147294
0.0115888
0.00152512
0.0105917
0.00711793
0.0115097
0.000159783
0.0106434
0.0100251
0.00751263
0.00902718
0.00177299
0.00577115
0.00410031
0.00294026
0.00313831
0.00576556
0.00800239
0.00519767
0.00788257
0.00657938
0.00370588
0.00743415
0.00395875
0.00683487
0.00409223
0.00471696
0.00431787
0.00464325
0.0055277
0.00606145
0.00487366
0.00658902
0.00629122
0.00637043
0.00515571
0.00588564
0.00609115
0.00608796
0.00618292
0.00612627
0.00615621
0.00597486
0.00546379
0.00605502
0.00544654
0.00598541
0.00556231
0.00600874
0.00597721
0.00551171
0.00596025
0.00558414
0.00568037
0.00591169
0.0057515
0.00565547
0.00765298
0.00747115
6.09211e-05
0.0133487
0.00114048
0.00942767
0.00500948
0.000484156
0.00834908
0.00556697
0.00152291
0.00159354
0.00153898
0.00730137
0.00265558
0.00322371
0.0026783
0.00811869
0.00826559
0.00822981
0.00805248
0.00729143
0.006882
0.00452862
0.00748335
0.00435175
0.00400465
0.00420639
0.00279284
0.0057069
0.00591553
0.00577769
0.00527952
0.00663059
0.00586281
0.00641915
0.00487307
0.00538027
0.0052917
0.0065007
0.00639491
0.00537557
0.00550004
0.00601393
0.00608294
0.00626924
0.0062124
0.00545127
0.00533498
0.0061693
0.00616532
0.00541277
0.00612223
0.0057411
0.00541158
0.0059391
0.00599198
0.00585267
0.0137801
0.00709855
0.000919013
0.0068492
0.0038065
0.00450021
0.00628642
0.00685371
0.00799562
0.00345144
0.00359451
0.0059227
0.00702201
0.00457921
0.00739022
0.00525977
0.00715415
0.00471147
0.00682389
0.00673194
0.0064785
0.00650954
0.00685305
0.00628805
0.00484375
0.00488512
0.00658294
0.00530249
0.00849102
0.00232078
0.00805913
0.00633671
0.00919058
0.00259841
0.00853068
0.00809278
0.00661671
0.00751469
0.00352485
0.00576349
0.00489085
0.0039925
0.00426867
0.0057605
0.00708378
0.00544813
0.00703139
0.00622037
0.0044897
0.00676025
0.00463101
0.00638276
0.00473022
0.0051451
0.00485363
0.00509186
0.00575101
0.00897141
0.00975372
0.00127155
0.00417326
0.00208009
4.80787e-05
0.00710092
0.0109114
0.0107511
0.010558
0.00503678
0.00140787
0.00890454
0.00209115
0.00206381
0.00360187
0.00247057
0.00364242
0.00306757
0.00753756
0.00615424
0.0032089
0.0034279
0.00347931
0.00785309
0.00480221
0.00579055
0.00702395
0.00491495
0.00582759
0.00179205
0.00404978
0.00814338
0.00342691
0.00386037
0.00717908
0.00709287
0.00677437
0.00734891
0.00503414
0.00721014
0.00441192
0.00710858
0.00481736
0.00633793
0.00689139
0.00486834
0.0047515
0.0064012
0.00480252
0.00496995
0.00504735
0.0064552
0.00512988
0.00608776
0.00535877
0.00572836
0.00702818
0.00475905
0.00568616
0.00721801
0.00711122
0.00660089
0.00570192
0.00498119
0.00590587
0.00528095
0.00654314
0.00660055
0.00500201
0.00651367
0.0062693
0.00521159
0.00516439
0.00565577
0.00550317
0.00621861
0.00523194
0.00562124
0.00623827
0.00591181
0.00600203
0.0057347
0.00547311
0.00119866
0.00532182
0.00548829
0.00539178
0.00778505
0.0073379
0.00713888
0.00625022
0.0043503
0.00606982
0.00462658
0.0069561
0.00540471
0.00679693
0.00472895
0.0048879
0.00651326
0.00604611
0.00512832
0.00647871
0.00525078
0.00543756
0.00509669
0.00631098
0.00626616
0.00600574
0.00537516
0.00555989
0.00622644
0.00550692
0.00399691
0.00466935
0.00944676
0.00230099
0.0095379
0.00431657
0.00849384
0.00577837
0.0062784
0.0032507
0.00516785
0.0035093
0.00619768
0.00373559
0.00479138
0.00520471
0.00544078
0.00482068
0.00459765
0.00435973
0.00466962
0.00555107
0.00634143
0.00680245
0.00517748
0.00628093
0.0064534
0.00600585
0.00429121
0.00575737
0.00640971
0.00620898
0.00590847
0.00375834
0.00726839
0.00623791
0.00500223
0.00557588
0.00494589
0.00601742
0.00456994
0.0062509
0.00621456
0.00685823
0.00648947
0.00660139
0.00537732
0.00516258
0.00480312
0.00633159
0.00499743
0.00512021
0.00624885
0.00647321
0.0052077
0.00508331
0.00627172
0.00573409
0.00576155
0.00573504
0.00621131
0.00565976
0.00563809
0.00516978
0.00555427
0.00530715
0.00556906
0.00615431
0.00631774
0.0052186
0.00611438
0.00536016
0.00572172
0.00554869
0.00541582
0.00616948
0.00596415
0.00582234
0.00572578
0.00538517
0.00539382
0.00590271
0.0057029
0.00559143
0.00580631
0.00548648
0.00548211
0.0103428
0.0118162
0.0113158
0.00128813
0.00877317
0.0094939
0.00840851
0.00895086
0.00872845
0.00309563
0.00385852
0.00303539
0.00447886
0.00331589
0.00774493
0.00653012
0.00717769
0.00558238
0.00426268
0.00560266
0.00407968
0.0041409
0.00472685
0.00464284
0.00455496
0.00511953
0.00565614
0.00675527
0.00560002
0.00574593
0.00635695
0.00926876
0.00609443
0.00549243
0.00715916
0.00350202
0.00453586
0.00375099
0.00565195
0.00458186
0.00539293
0.00730077
0.00432019
0.00457295
0.00546309
0.00693674
0.00690571
0.00652118
0.00569383
0.00527755
0.0060067
0.00484968
0.00493981
0.00541523
0.00507018
0.00627177
0.00592861
0.00615606
0.00621144
