0.0199277
0.0181647
0.0270925
0.0305221
0.0334523
0.0325812
0.0328563
0.0328268
0.0326005
0.0327052
0.0326807
0.0326604
0.0306648
0.0338169
0.0326933
0.0313553
0.0337626
0.0336873
0.032486
0.0336388
0.0319154
0.0326919
0.0320123
0.0330999
0.0331552
0.0330856
0.0321283
0.0326031
0.0329126
0.0325422
0.0322013
0.0329347
0.0329658
0.0329113
0.0330276
0.0330148
0.0328875
0.032715
0.0323641
0.0328108
0.0327811
0.03236
0.0328911
0.0328001
0.0325154
0.0324404
0.0328907
0.032846
0.0325826
0.0324151
0.0328612
0.0325511
0.0326464
0.0328234
0.0328456
0.0324468
0.0325678
0.0328226
0.0325279
0.0325617
0.0326713
0.0326456
0.0327627
0.0325927
0.032634
0.0327905
0.032728
0.0325009
0.0372442
0.0340483
0.0310634
0.0330151
0.0315121
0.0313122
0.0321798
0.0332189
0.0326499
0.0327514
0.0327416
0.0325216
0.032678
0.0325413
0.0326774
0.0326565
0.0326248
0.0327093
0.0326159
0.0326035
0.0326949
0.0326367
0.03266
0.0326277
0.032646
0.0326411
0.032654
0.0326582
0.0326559
0.0326225
0.032661
0.0326603
0.0326236
0.0326601
0.0326377
0.032637
0.0326261
0.0326532
0.0326306
0.0326534
0.032659
0.0326508
0.032657
0.0326303
0.0326451
0.0326489
0.0326573
0.0326495
0.0326481
0.0326551
0.0326513
0.0326473
0.0326367
0.0326371
0.0326554
0.0310948
0.0342166
0.0302598
0.0326087
0.0340885
0.0327382
0.0331856
0.0324594
0.0327567
0.0326874
0.0328828
0.0324881
0.0326471
0.0325968
0.0327278
0.0326238
0.0326648
0.0326446
0.0326265
0.0326251
0.0326589
0.0326669
0.0326177
0.0326639
0.0326641
0.0326343
0.0326575
0.0326633
0.0326617
0.0326195
0.0326244
0.0326223
0.0326571
0.0326482
0.032639
0.0326539
0.032661
0.0326295
0.0326556
0.0326336
0.0326599
0.0326315
0.0326403
0.0326473
0.0326477
0.032634
0.0326547
0.0310948
0.0340498
0.0302658
0.0326087
0.0339715
0.0327379
0.0330357
0.0322373
0.0325722
0.0328902
0.0327647
0.0326444
0.0326578
0.0324213
0.0326297
0.0324533
0.0326619
0.0324889
0.0326759
0.0326939
0.0325237
0.0326138
0.0327284
0.0326003
0.0325494
0.0326886
0.032617
0.0325702
0.0325885
0.0327254
0.0327139
0.0327188
0.0326019
0.032639
0.0326707
0.0326124
0.0325789
0.0326986
0.0326042
0.0326859
0.032584
0.0326921
0.0326635
0.0326372
0.0326353
0.0326836
0.0326066
0.0250133
0.0334717
0.0224219
0.0276553
0.0335389
0.0316567
0.0318886
0.0327686
0.0321218
0.0329154
0.0322254
0.0325415
0.0326602
0.0323949
0.0324115
0.0327799
0.0323913
0.0324666
0.0323942
0.0325197
0.0324265
0.0326829
0.0327695
0.0326355
0.0325482
0.0326964
0.0324962
0.0326357
0.0325078
0.0327753
0.032612
0.0326519
0.0326819
0.0325698
0.0321226
0.0254277
0.0308005
0.0342581
0.0319344
0.0313721
0.0320778
0.0325784
0.0318325
0.032739
0.0326931
0.0319592
0.0325517
0.0330894
0.0326689
0.0326909
0.0330092
0.0323482
0.0326951
0.0322736
0.0325693
0.032809
0.0324097
0.0324985
0.0328151
0.032884
0.0324747
0.0328321
0.0324064
0.0325918
0.0324009
0.0324285
0.0324101
0.0328314
0.0325911
0.032454
0.0324724
0.0327949
0.0325086
0.0327278
0.0327027
0.0327937
0.0326598
0.032673
0.0324955
0.0327808
0.032687
0.0326572
0.0347021
0.0256147
0.0322717
0.0333967
0.0315736
0.0319095
0.0330133
0.0328666
0.0322249
0.0324598
0.0328829
0.0326479
0.0326435
0.0326414
0.0326335
0.0326581
0.0326679
0.0325761
0.032656
0.0326713
0.0326457
0.0326857
0.0326577
0.0326511
0.0326067
0.0326177
0.0326705
0.0326573
0.0326464
0.032632
0.0326133
0.0326717
0.0326534
0.0326445
0.0326418
0.0326417
0.0326243
0.032621
0.0326263
0.0326409
0.0326419
0.0326537
0.026579
0.0310467
0.0313054
0.0330785
0.0292009
0.0342184
0.032286
0.0330034
0.0326704
0.0326518
0.0328064
0.0320486
0.033142
0.032454
0.0321862
0.0331089
0.0330833
0.0328961
0.0322729
0.0325924
0.0330688
0.0330397
0.0330134
0.0329458
0.0323048
0.0323185
0.0326076
0.0327462
0.0324284
0.032419
0.0323701
0.0324046
0.0328807
0.0326012
0.0326998
0.0324176
0.0324873
0.0327148
0.0324136
0.0325454
0.0327067
0.0324328
0.0324414
0.0324513
0.0327643
0.0324598
0.032461
0.0327652
0.0324704
0.0327868
0.0325008
0.0325326
0.0325025
0.0325967
0.0325701
0.0360709
0.0319029
0.0175713
0.030172
0.0312196
0.0324211
0.0312186
0.03209
0.0330401
0.0329042
0.0317079
0.0322499
0.0330603
0.0320337
0.0321507
0.0322009
0.0320439
0.0323771
0.032972
0.032185
0.0322217
0.0283323
0.0328559
0.0308639
0.0289136
0.0319567
0.0320876
0.0326718
0.0325408
0.0323801
0.0326995
0.0326532
0.0326219
0.032543
0.0325611
0.0326745
0.0326604
0.0325774
0.0326605
0.0325763
0.0326538
0.0326774
0.0326301
0.0325956
0.032601
0.0326702
0.03267
0.0326348
0.032616
0.032644
0.0326405
0.0326248
0.0326151
0.0326688
0.0235138
0.0331694
0.0331206
0.0330057
0.0313672
0.0337976
0.0327517
0.0329053
0.0333704
0.033284
0.0319325
0.0325991
0.0320891
0.0331493
0.0321386
0.0326662
0.032169
0.032753
0.0326946
0.0321822
0.0323245
0.0328854
0.0329397
0.0328396
0.0325659
0.0325843
0.0323752
0.0323524
0.0323471
0.0325373
0.0328828
0.0327937
0.0328974
0.0324784
0.0323936
0.0328855
0.0326605
0.0324224
0.032428
0.0327137
0.0324281
0.0326398
0.0325523
0.0327181
0.0324557
0.0325342
0.0325035
0.0327949
0.032517
0.0326072
0.0324857
0.0325498
0.0325277
0.0345165
0.0345796
0.0337994
0.0353477
0.0308437
0.0331782
0.0330387
0.0328037
0.0328164
0.0331308
0.0328147
0.0323666
0.0326755
0.0326971
0.0326846
0.0327592
0.0323346
0.0326865
0.0325441
0.0326322
0.0327603
0.032733
0.0326205
0.0325159
0.0328118
0.0327047
0.0324815
0.0324728
0.032679
0.0324938
0.032638
0.0326224
0.0325243
0.0324936
0.032784
0.0327143
0.0326016
0.0327014
0.0326165
0.0325494
0.0327477
0.0326599
0.017401
0.025764
0.0345034
0.0322651
0.0306165
0.0324966
0.0321235
0.0327753
0.0325845
0.0327394
0.0324069
0.0325385
0.0325061
0.0324822
0.0327003
0.0327194
0.0325555
0.0325248
0.032605
0.0345529
0.0244637
0.0322661
0.0333803
0.030849
0.0322187
0.0329227
0.0325674
0.0319098
0.0327214
0.033202
0.0326596
0.0323761
0.0328789
0.032376
0.0328638
0.0328835
0.0323409
0.0327399
0.0328513
0.0325836
0.0329032
0.0327356
0.0326611
0.0324175
0.0324703
0.0328142
0.032723
0.0326456
0.0325525
0.0324557
0.0328175
0.0326972
0.0326363
0.0326187
0.0326211
0.0325166
0.0325007
0.0325292
0.0326186
0.0326251
0.032702
0.0296051
0.0308034
0.0327098
0.028328
0.0293037
0.0334667
0.0332074
0.0331183
0.0323536
0.0323418
0.0325047
0.0325818
0.0325873
0.0325617
0.0326063
0.0326762
0.0325968
0.0326606
0.0326301
0.0326552
0.032613
0.0326601
0.0326779
0.0326645
0.0326406
0.0326714
0.032658
0.0326717
0.0326173
0.0326159
0.0326163
0.0326342
0.0326683
0.0326222
0.0326568
0.0326632
0.0326438
0.0326367
0.0342383
0.0345061
0.0301427
0.0331262
0.031003
0.0322032
0.0328599
0.0328155
0.0325191
0.0327231
0.0327047
0.0328902
0.032678
0.0324413
0.0329297
0.0327126
0.0324137
0.0327782
0.032833
0.0323944
0.0325095
0.0324102
0.0324237
0.032452
0.0328027
0.032793
0.0325151
0.0326986
0.0325527
0.0327618
0.0325125
0.0327067
0.0325658
0.0326287
0.0325093
0.0325742
0.0326029
0.0325441
0.0325646
0.0326375
0.0325371
0.00302126
0.0376162
0.0336254
0.0301668
0.0322768
0.0323484
0.0321553
0.032772
0.0321495
0.0322337
0.0323144
0.0324324
0.0323561
0.0309867
0.0353456
0.0328952
0.0331268
0.0331321
0.0327628
0.0329931
0.0323829
0.0327715
0.0326504
0.0329478
0.0327051
0.0327326
0.0330731
0.0330706
0.0328587
0.0322834
0.0322932
0.0327612
0.0329523
0.0326696
0.0329428
0.0329156
0.0326605
0.0328711
0.0329104
0.0327937
0.0328463
0.0325956
0.0328541
0.03253
0.0328591
0.0328638
0.0324474
0.0324435
0.0327261
0.0328254
0.0328176
0.032501
0.0327992
0.0327409
0.0327494
0.0326974
0.0326096
0.0326215
0.0324986
0.032644
0.0326907
0.0325042
0.0327569
0.0326489
0.0327635
0.0327684
0.0326921
0.0327661
0.032674
0.0326143
0.0325299
0.0327576
0.0327279
0.0287816
0.028963
0.0326206
0.03162
0.0326201
0.0320277
0.0323891
0.0322992
0.0327942
0.032335
0.0323691
0.0324695
0.0327515
0.0324581
0.0324712
0.0325899
0.0327489
0.032507
0.0325154
0.0297866
0.0108199
0.033125
0.0324385
0.0321136
0.0326898
0.0319506
0.0320438
0.0323307
0.0321328
0.0324058
0.0323554
0.0327691
0.0324712
0.0327338
0.0323521
0.0326195
0.0327962
0.032477
0.0325591
0.0236643
0.029615
0.033911
0.0333181
0.0332577
0.0326569
0.0324968
0.0327216
0.0327667
0.032763
0.0326245
0.0326068
0.032624
0.0327187
0.032743
0.0327455
0.0327444
0.0329503
0.033433
0.0296195
0.0333152
0.0336623
0.0336326
0.0316813
0.0318295
0.0321093
0.0322555
0.0323868
0.0321456
0.0326187
0.0325249
0.0327024
0.0328938
0.032411
0.0327017
0.0329667
0.0323197
0.0323502
0.0328231
0.032447
0.0323436
0.032363
0.0326201
0.0328239
0.0328841
0.0327076
0.0326112
0.0324521
0.0324189
0.0326776
0.0327081
0.0324527
0.0328314
0.0326986
0.0326834
0.032761
0.0328123
0.0324795
0.0324821
0.0327112
0.0327815
0.0327581
0.0327943
0.0327141
0.0324982
0.0325
0.0325023
0.032521
0.0325246
0.0327559
0.0325732
0.0326852
0.0325224
0.032524
0.0325354
0.0327605
0.0326655
0.0327491
0.0246634
0.0325689
0.0325718
0.0331019
0.0324983
0.0328439
0.0325444
0.0327492
0.0326511
0.0326598
0.0326981
0.0327139
0.0326222
0.032537
0.032645
0.0326671
0.0325817
0.0326957
0.0325725
0.032573
0.0326258
0.032667
0.0326695
0.0326812
0.0387156
0.00803331
0.0259381
0.0308291
0.0323478
0.0309151
0.0313131
0.0313568
0.0321589
0.0319902
0.032454
0.0317963
0.0328346
0.0327628
0.033105
0.0319333
0.0330678
0.032784
0.0328135
0.0322104
0.0377121
0.0349956
0.0328927
0.0322971
0.0330014
0.032504
0.0320657
0.0327748
0.0323877
0.032396
0.0323547
0.0327854
0.0327597
0.032403
0.0327235
0.0326242
0.0324715
0.0272589
0.0347038
0.0306596
0.0328849
0.0333768
0.0320154
0.0316651
0.0330602
0.0320313
0.0321929
0.0325469
0.032426
0.032463
0.0325463
0.0323677
0.0323279
0.032439
0.0328701
0.0325754
0.032522
0.0328044
0.0325025
0.0325197
0.0325651
0.0324661
0.0324569
0.0327996
0.0324878
0.0325817
0.0327234
0.0325672
0.0326354
0.0340692
0.0195338
0.0350147
0.0319026
0.0321666
0.0331776
0.0322438
0.0324792
0.0326464
0.032557
0.0327521
0.032584
0.0325597
0.0326615
0.0327671
0.0326219
0.0326872
0.0327168
0.0325468
0.0325704
0.0327435
0.0325738
0.0327085
0.0326127
0.03273
0.0415445
0.0103108
0.0260567
0.0325017
0.0326688
0.0325941
0.0317339
0.0326348
0.032613
0.0322527
0.0325399
0.0323414
0.0326782
0.0327097
0.0326899
0.0327045
0.0324673
0.0326916
0.0326993
0.0325095
0.0321429
0.0324717
0.0315321
0.0340524
0.032963
0.0326201
0.0330436
0.0327669
0.0323803
0.0323486
0.0329576
0.0326851
0.0326184
0.0326488
0.032339
0.0326728
0.0325386
0.0325076
0.0325259
0.0323628
0.0323019
0.0327069
0.0326982
0.0326539
0.0326816
0.0324414
0.0328966
0.0328859
0.0326417
0.0328975
0.0326787
0.0328189
0.0327125
0.0325131
0.0327885
0.0328299
0.0325732
0.0326406
0.0324934
0.0328195
0.0327974
0.0324669
0.0327182
0.0324711
0.0325329
0.0327459
0.0326225
0.0327817
0.0326929
0.0324929
0.0325182
0.0324939
0.0325057
0.0327752
0.0327797
0.0325117
0.0325987
0.0327196
0.0325201
0.0327311
0.0325219
0.03268
0.0368352
0.021246
0.0289784
0.0329034
0.0313714
0.0317936
0.0323023
0.0318999
0.0325213
0.0324313
0.0328615
0.0347172
0.021063
0.0305426
0.0324683
0.0335811
0.0321865
0.0317245
0.0329231
0.0327084
0.0326384
0.0322422
0.0329082
0.0324946
0.0327884
0.0327428
0.0324066
0.032822
0.0328375
0.0323986
0.0325585
0.0324541
0.0325196
0.0324456
0.0326631
0.0324653
0.0327942
0.032631
0.0325029
0.032785
0.032701
0.0325288
0.0325337
0.0325303
0.0291731
0.0314202
0.0335092
0.033324
0.0320335
0.033287
0.0325336
0.0332694
0.032114
0.0327191
0.0319857
0.0322141
0.0325795
0.0321404
0.0325998
0.0327112
0.032284
0.032935
0.0329629
0.0329233
0.0328596
0.0323252
0.0329245
0.0327137
0.0328983
0.0324305
0.032655
0.0325423
0.0323933
0.0324962
0.0328515
0.0326748
0.032661
0.0326608
0.0326049
0.0327904
0.0326816
0.0324869
0.0327632
0.0324866
