0.0309721
0.0245016
0.0184198
0.0181783
0.0165228
0.0166897
0.0165707
0.0162813
0.0164376
0.0163049
0.0164587
0.0164071
0.0164362
0.0164152
0.0204882
0.0230592
0.0160781
0.0159696
0.0201785
0.015238
0.0172239
0.0187359
0.0186089
0.0163623
0.0182554
0.014711
0.0163203
0.0153585
0.0167537
0.0171532
0.015181
0.0166812
0.0154434
0.0153365
0.0158692
0.0158384
0.0173957
0.016009
0.0155549
0.0156571
0.0172911
0.0156969
0.0161699
0.0171694
0.0171266
0.0160989
0.0156943
0.015707
0.0157846
0.0158354
0.0157512
0.0167153
0.0165388
0.0166743
0.0163691
0.0170087
0.0165965
0.0161329
0.0168791
0.0165354
0.0159537
0.016005
0.0160061
0.0163785
0.0168762
0.0160972
0.0164975
0.0127612
0.0174262
0.0162805
0.0196115
0.014335
0.0160199
0.01686
0.017606
0.016366
0.0155804
0.0170142
0.0166699
0.0161287
0.0166253
0.0166642
0.0162358
0.0164247
0.0164723
0.0162796
0.0162734
0.0163663
0.0163149
0.0163834
0.0164749
0.0163525
0.0163523
0.0164751
0.0163514
0.0164738
0.0164584
0.0164543
0.0164724
0.0164443
0.0164461
0.0163575
0.016413
0.0163752
0.0163646
0.0164633
0.0164149
0.0163941
0.0163669
0.0163723
0.0164215
0.0164478
0.0163674
0.0163784
0.0163949
0.0164348
0.0164378
0.0164405
0.0163913
0.0163777
0.0163757
0.0120218
0.0149632
0.0188449
0.0151998
0.0155532
0.0173003
0.0157545
0.0160116
0.0166953
0.0168208
0.0165852
0.0166606
0.0163799
0.0165454
0.0163791
0.0162481
0.016407
0.0165127
0.0163532
0.0164797
0.0164927
0.0164759
0.0163449
0.0164909
0.0163654
0.0164847
0.0163717
0.0163551
0.0164693
0.016349
0.0163547
0.0164658
0.016354
0.0163574
0.0164634
0.0163572
0.0163691
0.0163748
0.0163815
0.0164532
0.0163611
0.0164241
0.0163905
0.0164351
0.0163826
0.0120258
0.0156492
0.0187349
0.0143671
0.0155791
0.0167687
0.0151011
0.0165104
0.0165646
0.0165534
0.0160765
0.0163549
0.0168551
0.0161089
0.0163481
0.0164764
0.0163372
0.0161202
0.0164002
0.016193
0.0161468
0.0161948
0.0167121
0.016131
0.0164794
0.0161539
0.0164969
0.016597
0.0161889
0.0166559
0.0166057
0.0162025
0.0166149
0.0165978
0.0162092
0.0165989
0.0165404
0.0165178
0.0164895
0.0162388
0.0165777
0.0163302
0.0164559
0.0162945
0.0164892
0.0134706
0.0140677
0.0125993
0.0216461
0.0134019
0.0147575
0.0161598
0.0163322
0.0151665
0.0166001
0.0160292
0.0154427
0.0173732
0.0156162
0.0163398
0.0166315
0.0159868
0.0159077
0.0169343
0.017032
0.016897
0.0168914
0.0162807
0.0161459
0.0167908
0.0161435
0.0159878
0.0159735
0.0159698
0.0166232
0.0167438
0.0167708
0.0164967
0.016086
0.0109339
0.0125852
0.013601
0.0162893
0.0154616
0.0197195
0.0186614
0.014884
0.0150033
0.0164254
0.0181688
0.0154273
0.0178823
0.0165737
0.0156016
0.0155617
0.0152758
0.0158471
0.0162913
0.0166757
0.0157049
0.0164268
0.0160676
0.0155364
0.0161515
0.0167617
0.0162669
0.0169776
0.0161256
0.0169153
0.015814
0.015763
0.0158567
0.0166021
0.0165762
0.0163766
0.0166166
0.0158809
0.016048
0.0165539
0.0159517
0.0167034
0.0162623
0.0167457
0.0161201
0.0168049
0.0118226
0.0198261
0.0131518
0.017468
0.0144058
0.0163182
0.0162215
0.0160326
0.0164112
0.0168284
0.0160288
0.0162825
0.0162903
0.0163255
0.0163621
0.0163654
0.0162923
0.0163529
0.0163508
0.0163076
0.0164666
0.016525
0.0163823
0.0164364
0.0163336
0.0163578
0.0164325
0.0165105
0.0164937
0.0164076
0.0164786
0.0164557
0.0164118
0.0163913
0.0164482
0.0164656
0.0164544
0.0164057
0.0164725
0.0127998
0.0137548
0.0108228
0.0179067
0.0150031
0.0165076
0.0152517
0.0150851
0.0173799
0.0172993
0.0147095
0.0160865
0.0172974
0.0162531
0.0155017
0.0178023
0.0161977
0.016108
0.0172518
0.0154715
0.0175857
0.0159066
0.0162504
0.0174569
0.015978
0.0161803
0.0156385
0.017046
0.0172937
0.0154934
0.0170377
0.017136
0.0167124
0.0171758
0.0163978
0.0159842
0.0163127
0.0159022
0.0164539
0.01648
0.0170433
0.0158516
0.0169099
0.0157997
0.0158554
0.0167474
0.0169482
0.016846
0.0169329
0.016855
0.0164614
0.0162577
0.0164209
0.00789272
0.00238481
0.0116982
0.0130541
0.0201009
0.0129544
0.0136319
0.0138668
0.0157677
0.0142304
0.0147324
0.0153392
0.0159553
0.0163008
0.0148857
0.0174051
0.0169968
0.0174969
0.0174339
0.0169001
0.0169969
0.012655
0.0115748
0.0158717
0.0185868
0.0168579
0.0166336
0.0169078
0.0165978
0.016598
0.0164902
0.0163741
0.0166603
0.0164943
0.0166265
0.0162526
0.0162666
0.0163947
0.0164205
0.016288
0.0164631
0.0165196
0.0162901
0.0163006
0.0164663
0.0165129
0.0163703
0.0164438
0.0164775
0.01634
0.0163352
0.0164643
0.0164768
0.0164546
0.0163937
0.0127091
0.0180187
0.0133575
0.0174203
0.0162434
0.016264
0.0172609
0.018589
0.0161098
0.0182698
0.0163194
0.0172712
0.0156782
0.0173259
0.0165248
0.0164298
0.0160397
0.0161761
0.0168079
0.0151968
0.0153695
0.0160519
0.0153688
0.017288
0.0167915
0.0163918
0.0155776
0.0168081
0.0157816
0.0165205
0.0165077
0.0167831
0.0157847
0.0171919
0.0164345
0.0156693
0.0164017
0.0164631
0.0158251
0.0157869
0.0158785
0.0160579
0.0163494
0.0166888
0.0160701
0.0166759
0.0168015
0.0169336
0.0169453
0.0158992
0.016571
0.0168134
0.0161631
0.0209597
0.0129779
0.0103741
0.019034
0.0134647
0.0136099
0.0149654
0.0186403
0.0170421
0.0164948
0.0173682
0.0173361
0.0161923
0.0174614
0.0160113
0.0163792
0.0169407
0.0164504
0.0159185
0.0167535
0.0157877
0.0163188
0.0162314
0.0158154
0.015882
0.0159494
0.016046
0.0164422
0.0168752
0.0166037
0.0168497
0.0162771
0.0168505
0.0160766
0.016333
0.0167488
0.0167709
0.0166817
0.0161395
0.0166665
0.016731
0.0332923
0.0268364
0.0274463
0.0181374
0.0177072
0.016778
0.0174095
0.0161367
0.0159983
0.0160978
0.0159782
0.0161757
0.0161961
0.0160711
0.0167102
0.0164186
0.0166239
0.0161344
0.0165401
0.0166214
0.0165499
0.0203708
0.0188695
0.0215232
0.0118102
0.0165884
0.0146022
0.0149137
0.0162328
0.0164603
0.0177454
0.0158768
0.0157355
0.0161285
0.0171312
0.017116
0.0172761
0.0159917
0.0171886
0.015788
0.017015
0.0156765
0.0158547
0.0167192
0.0165083
0.0167583
0.0161867
0.0159724
0.0167538
0.0169083
0.0160264
0.0163347
0.0160202
0.0165362
0.0159983
0.0167278
0.0165022
0.0165827
0.0166031
0.0162619
0.0229835
0.0137313
0.0162545
0.0251862
0.0141685
0.0160916
0.0151986
0.0168961
0.0174354
0.0168934
0.0168614
0.0164531
0.0163684
0.0165118
0.0165864
0.0162626
0.0164852
0.0162801
0.0163064
0.0164673
0.016365
0.0164447
0.0163172
0.0163782
0.0163551
0.0163206
0.0163248
0.0163294
0.0163268
0.0165028
0.01646
0.016328
0.0163611
0.0163916
0.0164059
0.0164793
0.0164775
0.0164218
0.0164515
0.0164177
0.016471
0.0141408
0.0113762
0.0193691
0.0191323
0.018374
0.0159931
0.0161561
0.0167311
0.0162888
0.017715
0.0159293
0.0164611
0.0156472
0.0158138
0.0163171
0.0169237
0.0170773
0.016271
0.0158495
0.0165413
0.0169481
0.0158758
0.0160912
0.0169273
0.0163038
0.0160522
0.0165622
0.0159486
0.0160527
0.0163572
0.0160864
0.0160759
0.0161684
0.0166554
0.0165112
0.0162766
0.0160664
0.00333057
0.00309402
0.0133653
0.0190123
0.0158612
0.0150074
0.0176604
0.0155376
0.0165962
0.0169883
0.0158499
0.0163463
0.0148888
0.0176073
0.0141997
0.0188198
0.0200334
0.0103491
0.0143471
0.0169022
0.0167372
0.0161262
0.016672
0.016338
0.0163308
0.0163104
0.0162845
0.016507
0.015586
0.0155346
0.0162184
0.0165834
0.0159383
0.0169279
0.0166523
0.0172225
0.0168912
0.0166525
0.0157827
0.0166768
0.0162814
0.0160865
0.015906
0.0162943
0.0158742
0.0168273
0.0168946
0.0167307
0.0168612
0.0160209
0.0159124
0.0166833
0.0161202
0.016074
0.0158948
0.0164522
0.0166317
0.0159741
0.0168436
0.0168407
0.0162036
0.0165358
0.0166995
0.0160794
0.0167714
0.0166035
0.0160565
0.0167522
0.0160871
0.0166888
0.0161171
0.0167286
0.0166779
0.0310436
0.0124968
0.00158759
0.0169268
0.014222
0.0181524
0.0162068
0.0159737
0.0172031
0.0168583
0.0163639
0.0166265
0.0168903
0.0160833
0.0161188
0.0167502
0.0160451
0.0165985
0.0162829
0.0165957
0.0164942
0.0332909
0.02678
0.0284717
0.0177132
0.0171747
0.0162304
0.0180636
0.0161305
0.015385
0.0156576
0.0154355
0.015915
0.0159623
0.0156464
0.0170529
0.016453
0.016876
0.0158129
0.0167015
0.0168667
0.0167202
0.00160539
0.0252815
0.0155309
0.0166284
0.0153254
0.0176822
0.0163909
0.0157571
0.0158076
0.0168447
0.0160861
0.016146
0.0161096
0.0160891
0.0168118
0.0162804
0.0164311
0.0167133
0.0165551
0.0166491
0.00944082
0.0158968
0.0123855
0.0258303
0.0137357
0.0187099
0.0197939
0.0182213
0.0149455
0.0165846
0.0166407
0.0165084
0.0163693
0.0179301
0.0152306
0.0175027
0.0163347
0.0159184
0.0173541
0.0172427
0.0166302
0.0159675
0.0164991
0.0157719
0.0166166
0.0167825
0.0159743
0.017169
0.0164245
0.0171431
0.0159741
0.0169924
0.0165287
0.0164271
0.0162536
0.0158034
0.0168261
0.0158161
0.0158212
0.0158913
0.0165164
0.0158789
0.0167787
0.0158755
0.015909
0.0168881
0.0162479
0.0162188
0.0168621
0.0160933
0.0162451
0.0165911
0.0160532
0.0168079
0.0160401
0.0167058
0.016044
0.0162907
0.0160898
0.0164326
0.0167526
0.0163948
0.0163591
0.00449419
0.0184685
0.0172148
0.0152898
0.0153312
0.0165538
0.016559
0.0160361
0.0167125
0.0163096
0.0162952
0.0166192
0.0162695
0.0162183
0.0162963
0.0162328
0.016257
0.0162619
0.0165235
0.0163159
0.0165294
0.0164381
0.0163811
0.0162882
0.081318
0.0221535
0.0159297
0.016661
0.0197468
0.0130816
0.0177865
0.0178413
0.0140573
0.0141321
0.016788
0.0143666
0.0148725
0.0169322
0.0150558
0.0170719
0.0170514
0.017185
0.00456545
0.0261728
0.0169243
0.01532
0.0163389
0.0185765
0.0156019
0.0152368
0.0152169
0.0174887
0.0172842
0.0169981
0.0161498
0.01667
0.0158238
0.0169651
0.0163437
0.0164501
0.0164003
0.0163555
0.0163157
0.0110247
0.0214504
0.020183
0.0189306
0.0154935
0.0186983
0.0162411
0.0173215
0.0148694
0.0161917
0.0163784
0.0171903
0.0167464
0.0156593
0.0163419
0.0163463
0.0168855
0.0168116
0.0160699
0.0170325
0.017011
0.0169356
0.0158111
0.0158895
0.0159441
0.0161122
0.0161235
0.0159499
0.0159525
0.0168696
0.0161048
0.0164895
0.0166525
0.1179
0.0107691
0.0255012
0.0103949
0.0182686
0.0171485
0.0157765
0.016804
0.0168021
0.0168436
0.0160531
0.0168048
0.0167769
0.0162317
0.0160966
0.0166893
0.0161761
0.0165971
0.0162223
0.0165303
0.0162697
0.0166258
0.0165791
0.0165345
0.00290142
0.0251649
0.0138327
0.0155832
0.0158751
0.0163424
0.0160659
0.0162472
0.0158146
0.016994
0.0163676
0.015951
0.0161006
0.0161179
0.0166341
0.0165693
0.0162174
0.0161607
0.016543
0.0136999
0.0140975
0.0205574
0.0185464
0.0128042
0.0172046
0.014476
0.0148394
0.0147825
0.0181732
0.0161339
0.0166461
0.0148991
0.0163338
0.0164723
0.017411
0.0165797
0.0154425
0.0158353
0.0173934
0.0155172
0.0157183
0.0161405
0.0172435
0.0160579
0.0160328
0.0156108
0.0172149
0.0171823
0.0156442
0.0159025
0.0160751
0.0158499
0.0169258
0.0167986
0.0157917
0.0164324
0.0169473
0.0159808
0.0170309
0.0158633
0.0169793
0.0167987
0.0160142
0.0164863
0.01601
0.0159174
0.0164639
0.016162
0.0168684
0.0159779
0.0167717
0.0159715
0.0164818
0.0160716
0.0162881
0.0160359
0.016042
0.0163305
0.0160681
0.0160605
0.0123521
0.0197604
0.0154062
0.0142632
0.0158647
0.0157478
0.0150655
0.0167873
0.0163903
0.0165569
0.0210909
0.00784322
0.0019109
0.0235433
0.0134248
0.0142008
0.0168041
0.0160778
0.0166252
0.0149617
0.0153611
0.0166641
0.0161623
0.0156901
0.0167961
0.0164169
0.0161626
0.0161098
0.0165312
0.0160035
0.0158369
0.0160885
0.0164865
0.0163656
0.0159522
0.016812
0.0159827
0.0161633
0.0161467
0.0159988
0.0161734
0.0161743
0.0165024
0.010174
0.0196819
0.0103159
0.0109616
0.017021
0.0166034
0.0167308
0.0184939
0.0163124
0.0163032
0.0175641
0.0172596
0.0161858
0.015257
0.0175396
0.0156606
0.0174098
0.0161585
0.0172689
0.0156898
0.01728
0.01655
0.0168413
0.0170894
0.017117
0.016077
0.0163021
0.0166927
0.0166909
0.016136
0.0170371
0.0169162
0.0159822
0.0158122
0.0159787
0.0158709
0.016894
0.0169374
0.0166077
0.0164871
