0.00966813
0.0210434
0.0211325
0.0216079
0.0217861
0.0212594
0.0217536
0.0216905
0.0216235
0.0216199
0.0216551
0.0216214
0.0223345
0.0215831
0.0216604
0.0214285
0.0223674
0.0218009
0.0214084
0.0223294
0.0211816
0.0221021
0.0218005
0.0216247
0.0219947
0.0216212
0.0219361
0.0219477
0.0215138
0.0218989
0.0217775
0.0218025
0.0217429
0.0218864
0.0214328
0.0214462
0.0218361
0.0216802
0.02173
0.0215138
0.0216561
0.0216912
0.0214792
0.0214777
0.0214775
0.0217115
0.0217836
0.0216545
0.0215332
0.021779
0.0216351
0.0217706
0.0216667
0.0217495
0.0217205
0.021751
0.0215301
0.021548
0.0217422
0.0217245
0.0215654
0.0217293
0.0217162
0.0217272
0.0213136
0.0214976
0.0212752
0.0220468
0.0215673
0.0217608
0.0216125
0.0215001
0.0215952
0.0216394
0.0215516
0.0217465
0.0215335
0.0216972
0.0216169
0.0216671
0.0216379
0.0216458
0.0216073
0.0216342
0.0216108
0.0216453
0.021627
0.0216445
0.0216481
0.0216233
0.021646
0.021631
0.0216239
0.021643
0.021624
0.0216257
0.021635
0.0216239
0.0216419
0.021624
0.0216332
0.0216266
0.0216444
0.0216252
0.0216262
0.0216415
0.0216274
0.0216358
0.0216255
0.0216429
0.0216313
0.0216285
0.0216261
0.021629
0.021627
0.0216414
0.0216368
0.0216358
0.0216271
0.0214687
0.0208344
0.0219521
0.0217575
0.0212859
0.0216053
0.0214717
0.0215361
0.0217702
0.0214803
0.0216999
0.021509
0.0215687
0.0215655
0.0216452
0.0215948
0.0216565
0.0216064
0.0216034
0.0216074
0.0216531
0.0216316
0.0216239
0.0216222
0.0216495
0.0216451
0.0216483
0.0216338
0.0216222
0.0216353
0.0216253
0.0216235
0.0216476
0.0216259
0.0216461
0.0216413
0.0216235
0.0216261
0.0216447
0.0216271
0.0216412
0.0216435
0.021639
0.0216379
0.0216273
0.0216415
0.0214687
0.0208857
0.0218491
0.0216251
0.0213064
0.0214546
0.0214797
0.0216526
0.0216983
0.0215372
0.0218192
0.0215664
0.0216569
0.0216217
0.0217455
0.0216361
0.0215655
0.0216345
0.021658
0.0216571
0.021563
0.0216238
0.0217039
0.0216961
0.0215833
0.0215945
0.0215861
0.0216241
0.0216844
0.0216199
0.0216613
0.0216756
0.0215888
0.0216622
0.0215924
0.0216053
0.0216759
0.0216634
0.0215966
0.0216592
0.021607
0.0216003
0.0216141
0.0216178
0.021659
0.0216065
0.019839
0.0203084
0.0218997
0.0209254
0.0213022
0.0217066
0.0212299
0.0216254
0.0215918
0.0215373
0.0217868
0.0214658
0.0214591
0.0214805
0.021481
0.0215911
0.0216156
0.021502
0.0215801
0.021553
0.0216913
0.021578
0.0215225
0.0215751
0.0215316
0.0215471
0.0216723
0.0215483
0.0216621
0.0215476
0.0215581
0.0216618
0.0213611
0.0217691
0.0219691
0.0218072
0.0217186
0.0218439
0.0210314
0.0217318
0.0216163
0.0216119
0.0216168
0.0213311
0.0216354
0.0215893
0.0218561
0.0214899
0.02176
0.0214215
0.0216046
0.021674
0.0215917
0.0215693
0.0218033
0.0214672
0.0215953
0.0214772
0.0216263
0.0215434
0.0215049
0.0215205
0.0214993
0.0216699
0.021757
0.0215232
0.021515
0.0215197
0.0216667
0.0215991
0.0217095
0.0216718
0.0217297
0.0215501
0.0215954
0.0216817
0.0216058
0.0217099
0.0215575
0.021595
0.0216597
0.0224074
0.0220911
0.0220455
0.021196
0.0220618
0.0214665
0.0217411
0.021644
0.0217449
0.0216038
0.0215799
0.0215832
0.0216295
0.0216291
0.0216658
0.0216273
0.0216336
0.0216307
0.0216556
0.0216117
0.0216571
0.0216137
0.0216194
0.02163
0.0216285
0.021616
0.021626
0.0216298
0.0216475
0.0216524
0.0216182
0.0216187
0.0216191
0.021637
0.0216467
0.0216206
0.0216231
0.0216228
0.0216225
0.0218682
0.0218912
0.0219166
0.021393
0.0214593
0.0216997
0.0215821
0.0216173
0.0212946
0.0220623
0.021567
0.0219987
0.0219379
0.0213822
0.0215653
0.0214792
0.0219072
0.0215554
0.0218995
0.0218621
0.0218886
0.0218669
0.0218187
0.0218468
0.0217854
0.0218381
0.0216309
0.0215121
0.0215029
0.0216389
0.0218042
0.0214748
0.0215826
0.0214755
0.0217476
0.0217909
0.0217269
0.0216498
0.0217689
0.0217602
0.0215544
0.0216996
0.021546
0.0215944
0.0215203
0.0217385
0.0215572
0.0215746
0.0216938
0.0217337
0.0217239
0.021731
0.0215511
0.019774
0.0219124
0.0225634
0.0207736
0.0209459
0.0206664
0.0209332
0.0214074
0.0209825
0.021222
0.0211634
0.0214281
0.0217938
0.0218146
0.0217991
0.0218192
0.0213202
0.0213287
0.0217177
0.0215172
0.0222434
0.0223051
0.0218739
0.021483
0.0213429
0.0218457
0.0213801
0.0215267
0.0215831
0.0215906
0.0215855
0.0216746
0.0216185
0.0216057
0.021622
0.0216065
0.0216165
0.0216055
0.0216132
0.0216154
0.0216106
0.0216153
0.021617
0.0216204
0.0216234
0.0216164
0.0216159
0.0216185
0.0216395
0.0216323
0.0216472
0.0223453
0.0210549
0.0214346
0.0213325
0.0212899
0.0215183
0.021664
0.0216236
0.0219034
0.021245
0.0216564
0.02133
0.0214529
0.0218911
0.0219001
0.0218248
0.0217951
0.0214906
0.0217938
0.0215268
0.0218836
0.0214355
0.0214502
0.0218495
0.0217638
0.0218384
0.0214464
0.0214559
0.0214556
0.0216365
0.0216601
0.0217853
0.0216749
0.0217835
0.0218059
0.0216652
0.02157
0.0217153
0.0217585
0.0214938
0.0215913
0.0216594
0.0216868
0.0215194
0.0215129
0.0215515
0.0217473
0.0217206
0.021622
0.0217394
0.0215798
0.0215775
0.0215388
0.0217191
0.0201378
0.0220094
0.0221162
0.0219547
0.0211563
0.0219086
0.0214843
0.0218103
0.0214801
0.0217393
0.0217823
0.0217025
0.0214466
0.0217924
0.0216028
0.0214963
0.0217348
0.0214938
0.021672
0.0215025
0.0217151
0.0215506
0.0216988
0.0216954
0.0215819
0.0215297
0.0215316
0.0215617
0.0216953
0.0216263
0.0215447
0.0215404
0.0217121
0.0217133
0.0215547
0.0215564
0.0216207
0.0216253
0.0215711
0.0216001
0.0215661
0.0203952
0.023522
0.0206157
0.0222468
0.0215398
0.0216075
0.0214738
0.0215176
0.0216629
0.0215537
0.021537
0.0216023
0.0215597
0.0215792
0.0215729
0.021565
0.021581
0.0216171
0.0216494
0.0223359
0.0220435
0.0219654
0.0209105
0.0222665
0.021496
0.0216674
0.0216256
0.0219315
0.0217622
0.0214054
0.0214126
0.021746
0.0215255
0.0218082
0.0215991
0.0216717
0.0216398
0.021771
0.0214908
0.0217661
0.0215032
0.0215363
0.0216152
0.0216037
0.0215194
0.0215846
0.0216116
0.0217211
0.0217431
0.0215337
0.0215373
0.0215407
0.0216567
0.021712
0.0215509
0.0215651
0.0215633
0.0226577
0.0202374
0.0210073
0.0211112
0.0219277
0.0220385
0.0213791
0.0217398
0.0215491
0.0216392
0.0217025
0.0216268
0.0216783
0.0216584
0.021614
0.0216356
0.0216162
0.0216126
0.0216128
0.0216134
0.0216149
0.0216168
0.0216176
0.0216169
0.0216265
0.0216484
0.0216326
0.021626
0.0216192
0.0216181
0.0216313
0.0216464
0.0216485
0.0216379
0.0216216
0.0216228
0.0216342
0.0216394
0.0216474
0.0222435
0.0228121
0.0217556
0.0214048
0.0218876
0.0213182
0.0214582
0.021552
0.0213153
0.0217913
0.0217591
0.0214018
0.0216908
0.0214598
0.0216348
0.0216367
0.0215445
0.0216215
0.021494
0.0214959
0.0216866
0.0217703
0.0217311
0.0215214
0.021523
0.0215242
0.0215786
0.0216122
0.0215996
0.0217177
0.0215376
0.0215501
0.0215383
0.0217121
0.02169
0.0216699
0.0216095
0.0216234
0.0216237
0.0215729
0.0248996
0.0241044
0.0197349
0.0211396
0.0213811
0.0212719
0.0213449
0.0214063
0.0214523
0.0215948
0.0214341
0.0229213
0.0214803
0.0209224
0.022513
0.0207815
0.0219296
0.0214475
0.0215123
0.0215244
0.021622
0.0219828
0.0214026
0.0216264
0.021447
0.0216176
0.0216861
0.02188
0.0218462
0.0215998
0.0218266
0.0217337
0.02151
0.0218122
0.0217103
0.0215652
0.0215075
0.0216813
0.0215069
0.0215167
0.0217249
0.021634
0.0217611
0.021762
0.021541
0.0217589
0.0215301
0.0217519
0.0215365
0.0217238
0.0215796
0.0216617
0.0217063
0.0215633
0.0216946
0.0215672
0.021556
0.0216317
0.0217072
0.0217163
0.0215929
0.0215671
0.0216106
0.0215618
0.0216013
0.0216162
0.0216321
0.0216047
0.0216476
0.0217054
0.0230023
0.0144155
0.0215856
0.0212677
0.0215914
0.0217735
0.0214629
0.0216567
0.0215612
0.0215831
0.0215059
0.0217214
0.0215132
0.0215617
0.0215377
0.0215452
0.0216127
0.021682
0.0215824
0.0263118
0.0258545
0.0216345
0.0195584
0.0200919
0.0211601
0.0214456
0.0217971
0.0213154
0.0213323
0.0213606
0.0214026
0.0214641
0.0214114
0.0216651
0.0216968
0.0214779
0.0214726
0.0214777
0.0214947
0.0217573
0.0103297
0.0204464
0.0208219
0.0209323
0.0214082
0.0217873
0.0218079
0.0215497
0.0217787
0.021777
0.0217133
0.0216462
0.0217234
0.0216901
0.0215956
0.0217063
0.0225598
0.0244367
0.0207331
0.0223677
0.0231417
0.0214291
0.0217486
0.0213295
0.0212094
0.0216524
0.0217276
0.0220485
0.0218506
0.0216435
0.0218666
0.0217081
0.0218763
0.0218462
0.0215929
0.0216633
0.0217107
0.0218274
0.0216542
0.0216487
0.0215476
0.0214829
0.021627
0.0215753
0.0217562
0.0217722
0.0215199
0.0217176
0.0216484
0.0217456
0.0217647
0.0217385
0.0216894
0.0216523
0.0216476
0.0216039
0.0215286
0.0217273
0.0215602
0.0216878
0.0216418
0.0217233
0.021704
0.0216412
0.0216996
0.0215667
0.0215614
0.0217057
0.0215526
0.0216464
0.0217128
0.0215703
0.0216123
0.0215612
0.02171
0.021682
0.0215654
0.0217014
0.0223296
0.023589
0.0221817
0.0212673
0.0212359
0.0215688
0.0215151
0.0216084
0.021617
0.0216257
0.0216013
0.0216856
0.021585
0.0215858
0.0216793
0.0215895
0.021644
0.021652
0.0215972
0.0216502
0.0215985
0.0216483
0.021608
0.0216548
0.0216286
0.0257669
0.0175773
0.0102903
0.0190519
0.0191756
0.0206892
0.0211576
0.0207568
0.021197
0.0208704
0.0210632
0.0211041
0.0210807
0.0214335
0.0212564
0.0211807
0.0213104
0.021489
0.0214047
0.0217177
0.0214396
0.0249116
0.0106553
0.0199185
0.0206595
0.0215757
0.0213236
0.021362
0.0214896
0.0217264
0.0217513
0.0214729
0.0214816
0.0215858
0.0217115
0.0215761
0.0214943
0.0215233
0.022521
0.0229101
0.0186446
0.0180592
0.0222247
0.0212846
0.0212808
0.0217663
0.0219465
0.0215889
0.0213882
0.0214696
0.021587
0.0214247
0.0216432
0.0215916
0.0215942
0.0217444
0.0217057
0.0214871
0.0216196
0.0215613
0.0216371
0.0217308
0.0217515
0.0217254
0.0216681
0.0216024
0.0217156
0.0215326
0.0217113
0.0216326
0.0216472
0.0216093
0.00795162
0.0218934
0.0163
0.0214108
0.0212457
0.0210452
0.0221577
0.0218074
0.0215268
0.0215229
0.0217496
0.0217459
0.0217434
0.0217316
0.0216955
0.0215714
0.0217246
0.0216578
0.0215994
0.0216254
0.0216985
0.0216218
0.021624
0.0215994
0.0216629
0.0216481
0.0246943
0.0263173
0.0261748
0.0222103
0.0217922
0.0211371
0.0213704
0.0215551
0.0215166
0.0214759
0.0215027
0.0215775
0.0215013
0.0215639
0.0215238
0.021532
0.0215333
0.0215471
0.0215767
0.021676
0.0207421
0.0198679
0.0213651
0.0227049
0.0222592
0.0213253
0.0219216
0.0213489
0.0215079
0.0215443
0.0217028
0.0215793
0.0216006
0.0218951
0.0218285
0.0215245
0.0219022
0.0214225
0.0218692
0.02169
0.021759
0.0215572
0.0218317
0.0217926
0.0216427
0.0217622
0.0217464
0.0214903
0.0216377
0.0217769
0.0216694
0.0215086
0.0217321
0.0217512
0.0217628
0.021737
0.0217671
0.0215585
0.0217646
0.021759
0.0216418
0.0217141
0.0217402
0.0216335
0.0215585
0.0217214
0.0215632
0.0215608
0.0216778
0.021549
0.0215568
0.0217143
0.0216159
0.0217159
0.0215901
0.0216222
0.021628
0.0216855
0.021588
0.0341702
0.00818489
0.0206073
0.0209016
0.0211551
0.0210805
0.0210544
0.0217342
0.0213103
0.0213628
0.0212652
0.0217082
0.0115845
0.016549
0.0227947
0.0216385
0.0221677
0.0210087
0.0217065
0.0214499
0.0214005
0.0216637
0.0215176
0.0215556
0.0216181
0.0217876
0.0215923
0.0217675
0.0217513
0.0216265
0.0217387
0.0215598
0.0215829
0.0217066
0.0215221
0.0215415
0.0215428
0.0215917
0.0215492
0.0215875
0.0216317
0.0216737
0.021568
0.0204379
0.0192924
0.0215609
0.0215048
0.0213916
0.0216363
0.0212715
0.0220216
0.0215235
0.021311
0.0213745
0.0214908
0.0216891
0.0215998
0.0213928
0.021665
0.021487
0.0218266
0.0215847
0.0214653
0.0216648
0.0215795
0.0217728
0.0217722
0.0214812
0.0217266
0.0217647
0.0217717
0.0215722
0.0216432
0.0215488
0.0215125
0.0217304
0.0215196
0.0215256
0.0215556
0.0216256
0.0216762
0.0215386
0.0217213
