0.0262194
0.00344228
0.0276677
0.0281883
0.0284317
0.028583
0.0283094
0.0284328
0.0284787
0.0284525
0.0284593
0.0285341
0.0285566
0.0290136
0.0283405
0.0287714
0.0283675
0.028565
0.0287204
0.0286543
0.0285318
0.0285456
0.0284076
0.0284281
0.0283772
0.0284786
0.0285673
0.0284597
0.028522
0.0284675
0.0284304
0.0284079
0.0284792
0.0285452
0.0285386
0.0285411
0.028529
0.0284033
0.0284091
0.0284207
0.0284366
0.0284136
0.0285169
0.0284229
0.0285196
0.0284847
0.0284242
0.0285116
0.0284299
0.0284439
0.0284644
0.0284406
0.0284407
0.0284966
0.0285037
0.0284888
0.0284543
0.0284532
0.0284815
0.0284709
0.0284962
0.0284846
0.028455
0.0284869
0.0284677
0.028238
0.0286976
0.0287238
0.0282696
0.0283804
0.0283265
0.0283596
0.0285372
0.0283982
0.028422
0.0284262
0.0285319
0.0284555
0.0284517
0.0284582
0.0284625
0.0284754
0.0284668
0.0284698
0.0284723
0.0284589
0.02846
0.0284597
0.0284652
0.0284681
0.0284624
0.02846
0.0284676
0.0284614
0.0284681
0.0284677
0.028467
0.0284613
0.0284604
0.0284662
0.0284608
0.028461
0.0284675
0.0284666
0.0284633
0.0284616
0.0284613
0.0284648
0.0284665
0.0284667
0.0284632
0.0284629
0.0284649
0.0284627
0.0284652
0.0284657
0.0284648
0.0284628
0.0284621
0.0284629
0.0284665
0.0284076
0.0277962
0.0282698
0.0286439
0.0285598
0.0285266
0.0284592
0.0284279
0.0284652
0.0284157
0.0284942
0.0284622
0.0284527
0.0284492
0.0284789
0.0284595
0.0284641
0.0284678
0.02846
0.0284665
0.0284674
0.0284632
0.0284655
0.0284677
0.0284681
0.0284596
0.0284684
0.028463
0.0284617
0.0284681
0.0284622
0.028464
0.0284666
0.028468
0.0284679
0.0284666
0.0284667
0.0284669
0.0284648
0.0284622
0.0284647
0.0284616
0.0284647
0.0284635
0.0284672
0.0284637
0.0284641
0.0284647
0.0284076
0.0276464
0.0283026
0.028641
0.0286068
0.0284946
0.0285006
0.0283834
0.0284248
0.028443
0.0284776
0.0284962
0.0284186
0.028467
0.0284538
0.0284688
0.0284334
0.0284665
0.0284733
0.0284383
0.0284402
0.0284711
0.0284666
0.0284421
0.0284437
0.02848
0.0284464
0.0284717
0.0284749
0.0284473
0.0284736
0.0284681
0.0284579
0.0284492
0.0284498
0.0284571
0.0284566
0.0284554
0.0284642
0.0284728
0.0284641
0.0284747
0.0284641
0.0284683
0.0284536
0.0284677
0.0284663
0.0284637
0.0288883
0.028241
0.0274246
0.0284865
0.0285739
0.0286051
0.0285045
0.0284875
0.0284263
0.0284363
0.0283727
0.0284376
0.0284617
0.0284802
0.0284343
0.0283878
0.0284173
0.0284113
0.0284071
0.02843
0.0284817
0.028413
0.0284109
0.0284119
0.0284223
0.0284178
0.0284238
0.0284645
0.0284666
0.0284267
0.0284279
0.0284326
0.0284339
0.027586
0.0278602
0.028334
0.0281952
0.0283867
0.0284301
0.0282776
0.0284659
0.0284359
0.028299
0.0285073
0.0283612
0.0285365
0.0285379
0.0284883
0.0284918
0.0284317
0.0284902
0.0284335
0.0283965
0.0284502
0.0284821
0.028499
0.0284196
0.0284635
0.0284081
0.0284417
0.0284168
0.0284333
0.028509
0.0284571
0.0284276
0.0284231
0.0284272
0.0284245
0.0284264
0.0284669
0.0284618
0.0284294
0.0284784
0.0284857
0.0284932
0.0284832
0.028492
0.0284822
0.0284636
0.0284914
0.0284384
0.0284649
0.0234147
0.0287314
0.0280577
0.0286979
0.028547
0.0284588
0.028311
0.0285205
0.0284821
0.0285023
0.0284298
0.028448
0.0284706
0.0284593
0.0284665
0.0284587
0.0284656
0.0284616
0.0284712
0.028455
0.0284703
0.0284659
0.0284545
0.028456
0.028456
0.0284607
0.0284572
0.028467
0.0284666
0.0284666
0.0284608
0.028462
0.0284635
0.0284599
0.0284596
0.0284651
0.028464
0.0284667
0.0342082
0.0296196
0.0285419
0.029036
0.0289564
0.0283508
0.0284829
0.028492
0.028318
0.0286991
0.0284726
0.0285096
0.0283602
0.0284692
0.0284689
0.0284849
0.0285556
0.0284728
0.0284664
0.0285446
0.0284803
0.0285485
0.0285196
0.028403
0.0284229
0.0285053
0.0284887
0.0284777
0.0284962
0.0285266
0.0284121
0.0284521
0.0285213
0.0284768
0.0285184
0.0284182
0.0284576
0.0284996
0.0284524
0.0284979
0.0285067
0.0284687
0.0284311
0.0284297
0.0285021
0.0285037
0.02843
0.02848
0.0284366
0.0284408
0.0284422
0.0284959
0.0315026
0.0282842
0.029089
0.0290707
0.0280668
0.0280694
0.0282659
0.0281584
0.0285319
0.0282317
0.0282447
0.0282823
0.0281957
0.0284949
0.0282902
0.0282519
0.0284045
0.0282882
0.0298468
0.0220156
0.0285038
0.0281993
0.0287953
0.0284439
0.028139
0.0285072
0.0283843
0.0283848
0.0285163
0.0283851
0.0284713
0.0284331
0.0284596
0.0284401
0.0284562
0.028467
0.0284625
0.0284625
0.0284534
0.0284606
0.0284519
0.0284521
0.0284581
0.0284525
0.0284554
0.0284633
0.0284585
0.0284564
0.0284669
0.0284573
0.0284563
0.0284579
0.0284658
0.028192
0.0287633
0.0288628
0.0286358
0.0283174
0.0287672
0.0287214
0.0285156
0.0286258
0.0283036
0.0284558
0.0284561
0.0284863
0.0283916
0.0284553
0.0284547
0.0285406
0.0283941
0.0284136
0.0285464
0.0284785
0.0285305
0.0284084
0.028535
0.0285313
0.0285038
0.028465
0.0284882
0.0285029
0.0284978
0.0284951
0.0284121
0.0284992
0.0284967
0.0284138
0.0284159
0.0284153
0.0285136
0.0284181
0.0284193
0.0285107
0.0285088
0.0284257
0.0285059
0.0284589
0.0284303
0.0285042
0.0284399
0.0285025
0.0284289
0.0284395
0.0284319
0.0284985
0.0284961
0.0284756
0.0284591
0.0280406
0.0288614
0.0288608
0.0278486
0.0282906
0.0286325
0.0283713
0.0282148
0.0283992
0.0284625
0.0284047
0.0284595
0.0285023
0.0284228
0.02846
0.0284802
0.0284365
0.0284025
0.0284054
0.0284721
0.0284409
0.0284346
0.02845
0.0284655
0.0284185
0.0284461
0.0284279
0.0284211
0.028492
0.0284281
0.0284391
0.0284303
0.0284734
0.0284447
0.0284375
0.0284688
0.0284856
0.0284433
0.0284815
0.028467
0.0284412
0.000339309
0.0294923
0.0281153
0.0266203
0.0288025
0.0287716
0.0284967
0.0284426
0.0282931
0.0284238
0.0283787
0.0283807
0.0283862
0.0284681
0.028432
0.028438
0.0284406
0.0284609
0.0284656
0.028431
0.0225929
0.0287187
0.0280503
0.0286771
0.0286144
0.0285263
0.0282302
0.028454
0.0284184
0.0284581
0.0283736
0.0284662
0.0284103
0.0284606
0.0284562
0.0284106
0.028448
0.0284272
0.0285098
0.0284081
0.0285051
0.028472
0.0284084
0.0284134
0.0284162
0.0284362
0.0284214
0.0284804
0.028478
0.0284776
0.0284409
0.0284485
0.0284579
0.0284358
0.0284355
0.0284683
0.0284614
0.0284785
0.0288883
0.0260673
0.0284689
0.0288376
0.0286139
0.0286883
0.0284579
0.0285888
0.0284098
0.0284609
0.028442
0.0284364
0.0284746
0.0284547
0.0284575
0.0284758
0.0284676
0.0284602
0.0284733
0.0284694
0.0284733
0.0284727
0.0284725
0.0284611
0.0284623
0.0284613
0.0284588
0.0284708
0.0284705
0.028463
0.0284678
0.0284701
0.0284692
0.0284612
0.0284699
0.0284607
0.0284637
0.0284661
0.0284637
0.0176975
0.0264559
0.0280215
0.0280743
0.0283417
0.0283632
0.0285255
0.0284875
0.0284629
0.0284878
0.0283531
0.028466
0.0284637
0.0283734
0.0284834
0.028466
0.0285011
0.0284158
0.0284186
0.0284975
0.0284154
0.0284593
0.0284785
0.0284289
0.0284921
0.0284632
0.0284523
0.0284319
0.028483
0.0284558
0.0284412
0.028435
0.0284374
0.028482
0.0284787
0.0284683
0.0284725
0.0284691
0.0284678
0.0284686
0.0202086
0.0276687
0.0279404
0.0292562
0.0280635
0.028252
0.0283568
0.0281545
0.0284693
0.0282194
0.0282335
0.0283021
0.0283344
0.0283933
0.0288883
0.0302743
0.0289204
0.0291081
0.0282406
0.028474
0.0286313
0.0284027
0.0285923
0.0284181
0.0286798
0.0284623
0.0285066
0.0284928
0.0284853
0.0284596
0.0285489
0.0284684
0.0284885
0.0284469
0.0284489
0.0285326
0.0285283
0.0284759
0.0285212
0.0284592
0.0285203
0.0285169
0.0284364
0.0284967
0.0284715
0.0284454
0.0285044
0.0285041
0.0285001
0.0284888
0.0284567
0.0284811
0.0284584
0.0284879
0.0284353
0.0285042
0.0284857
0.0284346
0.0284343
0.0284953
0.0284968
0.0284415
0.0284485
0.0284737
0.0284405
0.0284754
0.0284428
0.0284896
0.0284631
0.0284851
0.0284533
0.0284883
0.0284709
0.028451
0.0273385
0.0299932
0.0283847
0.0289287
0.0283756
0.0282267
0.028199
0.0283014
0.0283068
0.0284011
0.0283891
0.0284346
0.0284484
0.0283988
0.0283906
0.028444
0.0283838
0.0284074
0.0284375
0.0284351
0.0284114
0.00079686
0.0293702
0.0281464
0.0264642
0.028669
0.0286372
0.0283659
0.028315
0.0281968
0.0283491
0.0282443
0.0282629
0.0283199
0.0284683
0.0283839
0.0283979
0.0284148
0.028455
0.0284659
0.0283941
0.0293575
0.0292006
0.0270835
0.0302189
0.0280002
0.0291391
0.0287305
0.0286361
0.0284203
0.0285912
0.0285495
0.0284852
0.0285376
0.028548
0.028491
0.0284874
0.0285057
0.028518
0.0285141
0.028171
0.0289036
0.0288393
0.0282315
0.0288111
0.0283037
0.0288118
0.0284276
0.0286774
0.0283943
0.0284939
0.0286776
0.028621
0.0284328
0.0284708
0.028476
0.0284818
0.0285527
0.0284641
0.0284937
0.0285134
0.0285229
0.0284968
0.0284444
0.0285114
0.0284977
0.0284415
0.0285213
0.0284275
0.028452
0.0284502
0.0284932
0.0284825
0.0284556
0.028451
0.0284542
0.0284814
0.0284622
0.0285083
0.0285072
0.028506
0.0284484
0.0285055
0.0285044
0.0284961
0.0285015
0.0284806
0.0284676
0.0284471
0.0284973
0.02845
0.0284963
0.0284947
0.028495
0.0284943
0.0284911
0.0284581
0.0284916
0.0284875
0.0284785
0.0284895
0.0284707
0.0263183
0.0276976
0.0269797
0.0274319
0.028852
0.0288792
0.0282992
0.0285177
0.0283291
0.0284166
0.0284477
0.0284583
0.0284735
0.0284539
0.028434
0.0284615
0.0284729
0.0284696
0.0284651
0.0284407
0.0284645
0.0284603
0.0284467
0.0284628
0.0284447
0.0284627
0.0275867
0.0264902
0.0290611
0.0267478
0.027981
0.0277909
0.0279832
0.0284458
0.0278871
0.027902
0.0283507
0.0283242
0.0282922
0.0283047
0.0280975
0.0281974
0.0282265
0.0282194
0.0282569
0.0282228
0.0309336
0.0240935
0.0273537
0.0271817
0.0288342
0.0281795
0.0282033
0.0282241
0.028316
0.0284585
0.0283272
0.0283766
0.0283954
0.0283838
0.0283467
0.0284103
0.0283565
0.0283964
0.0283668
0.0288883
0.0282231
0.0273891
0.0284843
0.0285819
0.0286017
0.0284981
0.0284819
0.0284227
0.0284318
0.0283635
0.0284325
0.0284606
0.0284817
0.028429
0.0283778
0.0284104
0.0284038
0.0283992
0.0284249
0.0284835
0.028406
0.0284043
0.0284052
0.0284165
0.0284115
0.0284182
0.0284642
0.0284666
0.0284218
0.0284231
0.0284282
0.02843
0.0466434
0.0288791
0.0297838
0.0278741
0.0281911
0.0287338
0.0283648
0.0283643
0.0284095
0.0284255
0.0285644
0.0284993
0.0285332
0.0284516
0.028454
0.028511
0.0285165
0.0285082
0.0284936
0.0285053
0.0284729
0.0284999
0.0284798
0.0284833
0.0284985
0.0284535
0.0197184
0.0217772
0.0235621
0.0284147
0.0281175
0.0285717
0.0284909
0.0283549
0.0284112
0.0283433
0.0284124
0.0283555
0.0283463
0.0283593
0.0283547
0.0283675
0.0283839
0.0283832
0.0284416
0.028391
0.0284361
0.0280629
0.0289559
0.0284418
0.0281991
0.0283718
0.0288073
0.0288865
0.0286494
0.028353
0.0286853
0.0286318
0.02847
0.0284722
0.0284799
0.0285337
0.0285708
0.028435
0.028566
0.0284951
0.028483
0.0285527
0.0284972
0.0285232
0.0284818
0.0284364
0.0284335
0.028526
0.0284395
0.0284196
0.0284274
0.0285261
0.0285129
0.0285141
0.0285145
0.0284809
0.0284433
0.0285118
0.0285154
0.0285081
0.0285095
0.028454
0.0285028
0.0284883
0.0285095
0.0284722
0.0285027
0.0284728
0.0285009
0.0284573
0.0284931
0.0285008
0.0284761
0.0284919
0.0284947
0.0284491
0.0284817
0.0284572
0.0284957
0.0284454
0.0284908
0.0284901
0.028473
0.0284477
0.027721
0.0337114
0.0260634
0.0272176
0.0281573
0.0282998
0.0278482
0.0281255
0.0282183
0.0280898
0.0283284
0.0282748
0.00649729
0.0286976
0.0285628
0.028933
0.0287761
0.0284871
0.0284629
0.0283491
0.0284669
0.0282983
0.0283246
0.0284417
0.0284244
0.0283897
0.028385
0.0283906
0.0284918
0.0284255
0.0283977
0.0284126
0.0284867
0.0284492
0.0284156
0.0284946
0.0284153
0.0284225
0.0284637
0.0284236
0.0284679
0.0284775
0.0284272
0.0284815
0.0284384
0.0284742
0.011318
0.0283379
0.0279463
0.028355
0.0286342
0.0281426
0.0284724
0.028508
0.0284857
0.0283675
0.0283758
0.0284383
0.0284296
0.0283713
0.0285223
0.0284106
0.0283876
0.0283862
0.0284254
0.0285222
0.0284946
0.0284652
0.0284076
0.0284492
0.0284113
0.0284229
0.0284067
0.0284854
0.0284822
0.0284403
0.0284404
0.0284742
0.0284321
0.0284195
0.0284293
0.028421
0.0284969
0.0284955
0.0284609
0.028492
