0.0125751
0.0134351
0.012585
0.0124554
0.0131094
0.0125185
0.0131856
0.0122608
0.0124585
0.0121657
0.0125332
0.0128009
0.0125198
0.0125974
0.012856
0.0128097
0.0122355
0.0123735
0.0123071
0.0127186
0.0125603
0.0128368
0.0127084
0.0127829
0.0124597
0.0124912
0.0126497
0.0126429
0.0126162
0.00441659
0.0278284
0.00366257
0.00485959
0.020052
0.00811225
0.0185082
0.0119968
0.00870953
0.00896343
0.012476
0.0146103
0.0158527
0.0103096
0.0153053
0.0150989
0.00962401
0.00983904
0.0116472
0.0100856
0.0109357
0.0103856
0.0138688
0.0108527
0.0108045
0.0134874
0.0121519
0.0125546
0.0124618
0.0121213
0.00335871
0.00697516
0.00612102
0.00616454
0.00759605
0.0179553
0.00761749
0.00859687
0.0162245
0.0164811
0.0109866
0.015982
0.0149416
0.0155566
0.0102852
0.0101322
0.0135403
0.0103012
0.0137098
0.0107291
0.0107155
0.0143506
0.012728
0.0139384
0.0124044
0.0124119
0.0125298
0.0123929
0.00652892
0.00998674
0.00810824
0.00848145
0.00915021
0.0160606
0.0097269
0.0102585
0.015097
0.0151211
0.0116649
0.0147677
0.0140226
0.014551
0.0111366
0.0110138
0.0131655
0.0110625
0.0132883
0.0113632
0.0113319
0.0137984
0.0126732
0.0134803
0.0124642
0.0124687
0.0125743
0.00417616
0.0124772
0.00743595
0.00818102
0.0118042
0.0105828
0.0129826
0.0155746
0.0101959
0.0110351
0.0149536
0.0143281
0.010358
0.0121335
0.0110865
0.0144807
0.0135442
0.0132339
0.0112184
0.0131385
0.0135649
0.013428
0.0137403
0.0116721
0.0114844
0.0115142
0.0128379
0.0134398
0.0132007
0.0125751
0.0125723
0.0124886
0.0107108
0.0136752
0.0116985
0.0109875
0.0139353
0.0120229
0.0114613
0.013789
0.0140532
0.0113434
0.0137697
0.0119024
0.0123113
0.0133547
0.0132855
0.013213
0.0126292
0.0133303
0.0132136
0.0133763
0.011844
0.0120425
0.0125236
0.0123427
0.0131227
0.0128465
0.0125751
0.015746
0.00724073
0.00881421
0.0189616
0.0180327
0.0172226
0.00801048
0.0165486
0.015968
0.0150263
0.0154378
0.0098275
0.0104954
0.0103405
0.0131369
0.0103753
0.0124408
0.013776
0.0106603
0.0133383
0.0121945
0.0124787
0.0140647
0.0121771
0.0139713
0.0125751
0.0125748
0.0133586
0.0118161
0.0125876
0.0130677
0.0132439
0.0120198
0.012971
0.0130676
0.0130654
0.0130567
0.0122463
0.0130039
0.0128132
0.0129445
0.0122363
0.0124398
0.0125975
0.0122844
0.0124352
0.0128032
0.0126232
0.0126383
0.0127112
0.0124043
0.0125134
0.0127411
0.0127614
0.0125751
0.0120941
0.00495418
0.00953488
0.00981684
0.00497133
0.0127941
0.0183778
0.006857
0.0175404
0.00778051
0.00755561
0.00902002
0.0137994
0.0154783
0.0092267
0.0157239
0.0112918
0.0111456
0.0153198
0.00997668
0.0103747
0.0104201
0.0105178
0.0144928
0.0142922
0.0117955
0.0115234
0.0125751
0.0120636
0.0125766
0.0122904
0.012153
0.0136884
0.01151
0.011581
0.0125794
0.0133367
0.0130491
0.0118096
0.0130345
0.0120565
0.012253
0.0119817
0.0129285
0.0130154
0.012306
0.013062
0.0130174
0.0129809
0.0128816
0.0127201
0.0124291
0.0128296
0.0127311
0.0122695
0.0127211
0.0125751
0.0126384
0.0122006
0.0129252
0.010029
0.0136937
0.0110691
0.0102519
0.0130527
0.0147063
0.0147157
0.0106799
0.0108665
0.011638
0.0139773
0.0109041
0.0126007
0.0115295
0.0137084
0.0116043
0.0113022
0.0113245
0.0136966
0.0115346
0.0115792
0.0127981
0.0123523
0.0123592
0.0125751
0.0139367
0.0101765
0.0109196
0.0160114
0.0159275
0.0149743
0.0101412
0.0150363
0.0144057
0.0138835
0.0142744
0.0108561
0.0114051
0.0112834
0.0128857
0.0112765
0.0125013
0.0132621
0.0113986
0.0130145
0.0123578
0.0125206
0.013499
0.0123448
0.0134438
0.0125751
0.0230227
0.0131367
0.0104564
0.0156262
0.0188518
0.0169258
0.0147622
0.0179507
0.0171445
0.00739162
0.00820563
0.0169004
0.0159056
0.0131805
0.0155383
0.0130266
0.00968534
0.0109898
0.0145741
0.0102477
0.0112819
0.0136935
0.0106426
0.0129351
0.0131295
0.0131101
0.0125751
0.0104892
0.0124188
0.0139765
0.0108084
0.0145634
0.0118148
0.013997
0.0147571
0.0127367
0.0120017
0.0107456
0.0108286
0.0119833
0.0141194
0.0111665
0.0133204
0.0138344
0.0116851
0.0124794
0.0132649
0.0131085
0.0127049
0.012886
0.0130244
0.0128039
0.0128296
0.0125549
0.0119188
0.0126268
0.0125751
0.0126519
0.0127702
0.0107997
0.014278
0.0110752
0.0118115
0.0136491
0.0134546
0.0136861
0.0135603
0.0115722
0.011618
0.0128124
0.0125314
0.0122148
0.0129736
0.0132544
0.0122834
0.0130917
0.0121268
0.012053
0.0124911
0.0121945
0.0124855
0.0128644
0.0124084
0.0124417
0.0124458
0.0125751
0.0125685
0.0138708
0.011301
0.0133004
0.0137605
0.0136995
0.0139148
0.0139956
0.0113429
0.0115795
0.0117493
0.0134634
0.0117192
0.0121016
0.0117707
0.0119627
0.0129744
0.013321
0.0125513
0.0122611
0.0131082
0.0120228
0.0126736
0.0130687
0.0128132
0.0129908
0.0125751
0.0110133
0.0171393
0.0134759
0.0162795
0.0158198
0.0103801
0.0152123
0.0109573
0.0148622
0.0142061
0.0145953
0.0137534
0.0104952
0.0141272
0.011721
0.0109893
0.011098
0.0111938
0.0113084
0.0113685
0.0131685
0.0125742
0.0120599
0.0118416
0.0115963
0.0128501
0.0123083
0.0116959
0.0125751
0.0128385
0.0122601
0.0140438
0.0112215
0.0122621
0.011341
0.0131828
0.0125071
0.0121297
0.0127518
0.0129802
0.0130199
0.0132968
0.0131876
0.0130989
0.0130696
0.0124251
0.0125362
0.0123381
0.0121847
0.0130733
0.0124263
0.0128315
0.0121554
0.0122223
0.0128522
0.0129347
0.0127979
0.00182614
0.0115913
0.017051
0.0147248
0.0112633
0.00839017
0.0152
0.0145508
0.00939637
0.0156411
0.0112523
0.011209
0.0117642
0.0100955
0.0147828
0.010347
0.0145693
0.0109605
0.0144092
0.011368
0.0138483
0.010994
0.0118965
0.0131211
0.0137136
0.0113354
0.0128266
0.0136168
0.012476
0.0125751
0.0125967
0.00979153
0.0147217
0.0105757
0.0121372
0.0108153
0.0138797
0.0108919
0.0139497
0.0121455
0.0111645
0.0138715
0.0138397
0.0114021
0.012565
0.0132677
0.0121345
0.013257
0.0131486
0.0133678
0.0118637
0.0132419
0.0129961
0.0132414
0.0132227
