0.0198576
0.0179472
0.0113882
0.0114939
0.0113978
0.0113111
0.0112631
0.0111842
0.0112366
0.0111889
0.0112171
0.0112058
0.0112252
0.0107684
0.0112576
0.011186
0.0111293
0.0112575
0.0111765
0.0112183
0.0111998
0.0112189
0.0111891
0.0112746
0.0111734
0.011185
0.0111166
0.0112237
0.0111211
0.0111219
0.0112445
0.0111791
0.0111406
0.0111745
0.0111378
0.0111839
0.0111839
0.011245
0.0112002
0.0111548
0.0112257
0.0111477
0.0112454
0.0111645
0.0111487
0.0111556
0.0111526
0.011244
0.0111675
0.0111616
0.0112381
0.0112412
0.0112325
0.0112077
0.0112171
0.0111624
0.0111615
0.0112136
0.0112318
0.0112101
0.0112203
0.011217
0.0111747
0.0112264
0.0112073
0.0111753
0.0112224
0.0112227
0.0112285
0.0112055
0.0112227
0.0112239
0.0112166
0.0112123
0.0114457
0.0109121
0.0109567
0.0109817
0.0113108
0.0111908
0.0111194
0.0112016
0.0112071
0.0111232
0.0111278
0.0111705
0.0111923
0.0111957
0.0111925
0.011199
0.0111954
0.0111943
0.0112031
0.0112046
0.0111941
0.011204
0.0112001
0.0112029
0.0111975
0.0111961
0.0111979
0.0111989
0.0111949
0.0111965
0.0112007
0.0111997
0.0112014
0.0112014
0.0112016
0.0112016
0.0111961
0.0111981
0.0112001
0.0111969
0.0111974
0.0112013
0.0112013
0.0112005
0.0111975
0.0111972
0.0111982
0.0111972
0.0111979
0.0111965
0.0112006
0.0111997
0.0112004
0.0112005
0.0111989
0.0116593
0.0102557
0.0107524
0.0112614
0.0112217
0.0111862
0.0113368
0.0111399
0.0110302
0.011198
0.0111678
0.0112192
0.0112228
0.0112007
0.0112144
0.0112109
0.0111928
0.0112067
0.011206
0.0111983
0.0111978
0.0111974
0.0112015
0.0112009
0.0112029
0.0112019
0.0112025
0.011202
0.0111951
0.0112002
0.0111974
0.0112016
0.0112022
0.0112014
0.0112021
0.0111972
0.0112017
0.0111968
0.0112019
0.0111979
0.011196
0.0112005
0.0112011
0.0116593
0.0101841
0.0107221
0.0112534
0.0112597
0.0111734
0.0113222
0.0110843
0.0109804
0.0112302
0.0111326
0.0111818
0.0111881
0.0111939
0.0111949
0.0111816
0.0112035
0.0111932
0.0111752
0.0111995
0.0112025
0.0112042
0.0111948
0.0111964
0.0111768
0.0111925
0.0111895
0.0111893
0.0112105
0.0111964
0.0112048
0.0111908
0.0111832
0.0111899
0.0111838
0.0112048
0.0111863
0.0112056
0.0111856
0.0112021
0.011208
0.0111922
0.0111894
0.00691167
0.0118799
0.0117085
0.0116485
0.0109083
0.0110932
0.0111342
0.0109995
0.0110575
0.011008
0.0111312
0.0111379
0.0111178
0.011232
0.0111302
0.0112077
0.0111464
0.0111822
0.0111229
0.0112274
0.0112224
0.0111203
0.0111446
0.0111514
0.0111727
0.0111609
0.0111436
0.0111769
0.0111521
0.011145
0.0111471
0.011176
0.011152
0.0111711
0.0111807
0.0111015
0.0116509
0.0106149
0.0109023
0.0111931
0.0110063
0.0112745
0.0112438
0.0112376
0.0111241
0.0111512
0.0110996
0.0111769
0.0112467
0.0112666
0.0112569
0.0111163
0.0111497
0.0111204
0.0111627
0.011118
0.0111258
0.0112314
0.0112239
0.0111482
0.0111975
0.0112376
0.0111376
0.0111451
0.0112001
0.0112343
0.0111483
0.0111477
0.0111871
0.0111581
0.0111547
0.0111848
0.0112222
0.0111721
0.0111612
0.0111725
0.0111752
0.0111932
0.0111645
0.0111616
0.0111885
0.0111686
0.0111876
0.0111734
0.00796006
0.00878757
0.0103294
0.0116448
0.0114508
0.0109195
0.0112003
0.0114143
0.0113542
0.011406
0.0110607
0.011257
0.0112487
0.0111839
0.01123
0.0112167
0.0111616
0.0111908
0.0111738
0.0111732
0.0111777
0.0111955
0.0111853
0.0111964
0.0111941
0.0111992
0.0111958
0.0111938
0.0112042
0.0112038
0.0111885
0.0111985
0.0111999
0.0112022
0.0111906
0.0111988
0.0111908
0.0111909
0.0111928
0.0111937
0.0111995
0.0112024
0.0111921
0.0112019
0.0112006
0.011192
0.0111993
0.0108326
0.010013
0.0111311
0.0112276
0.011449
0.0110826
0.0112575
0.0112452
0.0111941
0.0112108
0.0113049
0.0112666
0.01124
0.0112081
0.0111144
0.0111328
0.0111428
0.0111203
0.0111387
0.0111597
0.011189
0.0111294
0.0111785
0.0112552
0.0112611
0.0112311
0.0111364
0.0112389
0.0112163
0.0112127
0.0112443
0.0112474
0.01123
0.011249
0.0111779
0.011199
0.0112405
0.0112396
0.0111634
0.0112082
0.0111538
0.0112395
0.0112392
0.0111601
0.0112214
0.0112096
0.0112255
0.0111653
0.0111801
0.0112181
0.0112228
0.0112297
0.0111658
0.0111661
0.01123
0.0112013
0.0111828
0.0112054
0.0112187
0.0112197
0.00324425
0.012415
0.0128824
0.0106612
0.0106679
0.0106853
0.0110869
0.0107189
0.0109511
0.0109143
0.0106864
0.0107648
0.0110482
0.0111026
0.010953
0.0110167
0.010893
0.0110192
0.0109304
0.0105862
0.0111778
0.00969692
0.0100951
0.0105308
0.0106309
0.0106817
0.0114098
0.0111002
0.0111303
0.0111281
0.0112112
0.0112028
0.0111878
0.0111586
0.0111721
0.0111925
0.0111684
0.0111957
0.0111935
0.011196
0.0111802
0.011202
0.0111997
0.011185
0.0111854
0.0111872
0.0112025
0.0111872
0.0111876
0.0111876
0.0111919
0.0111919
0.011194
0.0103121
0.0112267
0.0107501
0.0114344
0.0110432
0.0112749
0.0111841
0.0112021
0.0112199
0.0111809
0.0110927
0.0112563
0.0110903
0.0112781
0.0112037
0.0111162
0.0111634
0.0111811
0.0112041
0.0111753
0.0111238
0.0111432
0.0112219
0.011145
0.011188
0.0112506
0.0111423
0.0111388
0.0111411
0.0112005
0.0111553
0.0111455
0.0111493
0.0112239
0.0112267
0.0112062
0.0111513
0.0111568
0.0112319
0.011164
0.0112366
0.0111836
0.0111663
0.011166
0.0111759
0.0112045
0.0112292
0.0111858
0.0112272
0.0112162
0.0111798
0.0111945
0.0117645
0.0107179
0.00979078
0.0110386
0.0104482
0.0107364
0.0113496
0.0114115
0.0112308
0.0110139
0.0111471
0.0110302
0.0111462
0.0111144
0.0112245
0.0111331
0.0111079
0.0111579
0.0111478
0.0112186
0.0111686
0.0111333
0.0111477
0.0111435
0.0111635
0.0111479
0.0111438
0.0111483
0.0111695
0.011151
0.0111522
0.0111603
0.0111651
0.0111564
0.0111757
0.011165
0.0111624
0.0111654
0.0111811
0.0112108
0.00919188
0.00858757
0.00694425
0.0103617
0.0104612
0.0112504
0.0112927
0.0112776
0.0110985
0.0110559
0.0110461
0.0111418
0.0111841
0.0111248
0.0110893
0.0112091
0.0112007
0.0111458
0.0111611
0.0111779
0.0111497
0.007414
0.00862941
0.0102292
0.0116001
0.0114097
0.0108643
0.0112608
0.0113373
0.0113001
0.0113488
0.010985
0.0111743
0.0111825
0.0110867
0.0111679
0.0111518
0.0110947
0.011206
0.0111013
0.011106
0.0111245
0.0111901
0.0111204
0.0111749
0.0111528
0.0112027
0.0111698
0.011154
0.0112344
0.0112317
0.0111406
0.0111948
0.011205
0.0112211
0.0111523
0.0111975
0.0111492
0.0111529
0.0111647
0.011165
0.0112034
0.0112218
0.0111594
0.0112188
0.0112103
0.011158
0.0112025
0.00829404
0.0115849
0.0117169
0.011086
0.0116833
0.0109644
0.0108678
0.0109024
0.0108154
0.0110684
0.011114
0.0111109
0.0111409
0.0111866
0.0112249
0.0112173
0.0111913
0.0112153
0.0111985
0.0112029
0.0112032
0.0112061
0.0112102
0.0112042
0.0111938
0.0111979
0.0112071
0.0111973
0.0112067
0.0112002
0.0112075
0.0111999
0.0112063
0.0112054
0.0112028
0.0112048
0.0112055
0.0112048
0.0112043
0.0119989
0.00996194
0.0113288
0.0113529
0.0110311
0.0107492
0.0109993
0.0112219
0.0110648
0.011066
0.011067
0.0111486
0.0111799
0.0110707
0.011128
0.0112007
0.011142
0.0111197
0.0111264
0.0111445
0.0112324
0.0111942
0.011185
0.0111475
0.0111482
0.011176
0.0112198
0.0111472
0.0111709
0.0111955
0.0111524
0.0111515
0.0111654
0.0111568
0.0111775
0.0112148
0.0111622
0.0112096
0.0111592
0.0111855
0.0112042
0.0111688
0.0112068
0.0111961
0.0111655
0.0112022
0.0111805
0.0111743
0.0152117
0.0114407
0.0106659
0.0108797
0.0106089
0.0108831
0.0110233
0.0111802
0.0111796
0.0108744
0.0109308
0.010969
0.0115852
0.011417
0.0117608
0.0111636
0.0113204
0.0113441
0.0111574
0.0111476
0.0111902
0.0112761
0.0113187
0.011279
0.0111339
0.0112579
0.0112631
0.0112169
0.0112529
0.0112386
0.0111758
0.0112155
0.0111813
0.0112094
0.0112183
0.0111548
0.0112442
0.0112437
0.0111568
0.011167
0.0112403
0.0111616
0.0112228
0.0112247
0.0112103
0.0111832
0.0112288
0.0112319
0.0112334
0.011232
0.0111715
0.011169
0.0111709
0.0111779
0.0112218
0.0111891
0.0111724
0.0112153
0.0111816
0.0111978
0.0112162
0.0112023
0.0111756
0.011197
0.0111905
0.0112204
0.011219
0.0111915
0.011178
0.0111799
0.0111845
0.011185
0.011218
0.0111815
0.0124605
0.00803369
0.00928599
0.00889817
0.0106479
0.0121722
0.0109738
0.0112621
0.0111628
0.0111957
0.0111087
0.0109627
0.0110514
0.0110196
0.011048
0.0111123
0.0112116
0.011081
0.0111509
0.0110912
0.0111441
0.0111947
0.0111947
0.0111076
0.0112008
0.0111245
0.0111699
0.0112106
0.0106764
0.00822707
0.00647488
0.010146
0.0103171
0.0110605
0.0110806
0.0110868
0.0109619
0.0109756
0.0109085
0.0110442
0.0111564
0.0110229
0.0109676
0.01122
0.0112008
0.0110764
0.0111206
0.0111551
0.0110951
0.0123039
0.00356377
0.00473007
0.0108832
0.0114594
0.0106495
0.0110839
0.0112698
0.0110188
0.0112015
0.0113306
0.0113454
0.0113181
0.0113056
0.0112369
0.0113049
0.0112264
0.0112232
0.0112541
0.0112523
0.0109614
0.0120784
0.0116547
0.0113331
0.0111447
0.0110431
0.0112033
0.0113138
0.0111655
0.0110835
0.0112513
0.011281
0.0112686
0.0111969
0.0112255
0.0112222
0.0112242
0.0111951
0.0111504
0.0112488
0.0112185
0.0112107
0.0112044
0.0112332
0.0112183
0.0111732
0.0111739
0.0111782
0.011159
0.0112372
0.0112232
0.0111658
0.0112327
0.0112342
0.0112306
0.0111924
0.0112335
0.0111775
0.0112235
0.0111823
0.0111796
0.0111906
0.0112257
0.011169
0.0111935
0.0112269
0.0112188
0.0111753
0.0111796
0.0112163
0.011196
0.0111811
0.0111879
0.0111844
0.011197
0.0112216
0.0112054
0.0111861
0.0112159
0.0112002
0.0111856
0.00526746
0.0132006
0.0130782
0.0105459
0.0117677
0.00999922
0.0110097
0.0110843
0.0111858
0.011099
0.0111957
0.011129
0.0111868
0.0111454
0.0111704
0.0111693
0.0111863
0.0112054
0.011182
0.0111785
0.0111792
0.0111765
0.0111691
0.0111813
0.0111739
0.0111954
0.0136778
0.0146008
0.00371676
0.0110818
0.0100148
0.0105073
0.0108307
0.0112019
0.0105511
0.0108692
0.010881
0.0108814
0.0109596
0.0110807
0.0108681
0.010868
0.0110842
0.011017
0.0128057
0.00733059
0.00638329
0.0106497
0.0108276
0.0108042
0.0109626
0.011023
0.010788
0.011024
0.0110575
0.010946
0.0110774
0.0111044
0.0109983
0.0110019
0.0111075
0.0110547
0.0111667
0.0110903
0.0111809
0.00676738
0.011888
0.0117135
0.0116494
0.0108958
0.0110928
0.0111166
0.0109846
0.0110473
0.0109945
0.0111205
0.0111273
0.0111051
0.0112358
0.0111233
0.0112085
0.0111384
0.0111794
0.0111141
0.0112307
0.011225
0.0111104
0.0111382
0.0111448
0.0111689
0.0111564
0.0111367
0.0111738
0.0111457
0.0111377
0.0111401
0.0111728
0.0111457
0.0111672
0.0111781
0.0121636
0.0114016
0.00964346
0.0111566
0.0123062
0.0111201
0.0113861
0.0113376
0.0111153
0.0111861
0.0112949
0.0111969
0.0112272
0.0112417
0.0112821
0.0112854
0.0112632
0.0111915
0.0112487
0.0112615
0.01126
0.0112236
0.0112505
0.0112376
0.0112447
0.0112303
0.0112282
0.0112219
0.0198282
0.00151109
0.00780098
0.0105364
0.0111342
0.0111772
0.0108646
0.0110627
0.0110369
0.011074
0.0112106
0.0110541
0.0110622
0.0111455
0.0111668
0.0111105
0.0111882
0.0111052
0.0111275
0.0116175
0.0106112
0.0112005
0.0113724
0.011419
0.011357
0.0112397
0.0112479
0.0112179
0.0111696
0.0112962
0.0112404
0.0112293
0.0112782
0.0111484
0.011272
0.0112645
0.011255
0.0112412
0.0112142
0.0112545
0.011254
0.0111543
0.0112493
0.0111517
0.0111705
0.0112469
0.0112396
0.0112386
0.0111651
0.0112344
0.0112233
0.0111589
0.0112307
0.0111667
0.0111904
0.011236
0.0112338
0.0112319
0.0112308
0.0111674
0.0112227
0.0112169
0.011177
0.0112268
0.0112267
0.0112121
0.0112261
0.0111936
0.0111842
0.0111768
0.0111754
0.0112132
0.0112214
0.0112211
0.0112202
0.0112206
0.0111844
0.0111898
0.0112188
0.0795333
0.00438382
0.00508124
0.0111924
0.010874
0.00972982
0.0103325
0.0103119
0.0104366
0.0110253
0.0106953
0.0106744
0.0110333
0.0109073
0.0106805
0.010848
0.0102105
0.00935131
0.0102724
0.0109348
0.0110379
0.0108492
0.0109538
0.0108397
0.0111663
0.0111539
0.0110605
0.0111219
0.0111517
0.0111402
0.0112128
0.0112349
0.0111104
0.0111731
0.0111588
0.0111436
0.0111149
0.0111824
0.0111583
0.0111317
0.0111499
0.011132
0.011141
0.0111836
0.0111416
0.0111492
0.0111902
0.0111796
0.011147
0.0111489
0.0111883
0.0111507
0.0111508
0.0111683
0.0110512
0.0115996
0.0110185
0.0107945
0.0110298
0.0108003
0.0110318
0.0112126
0.0111303
0.0111498
0.0112627
0.0112546
0.0111691
0.0111115
0.0110773
0.011082
0.0110937
0.011092
0.0111154
0.0111015
0.0111279
0.0112366
0.0111934
0.0112129
0.011129
0.011122
0.0111225
0.0111946
0.011192
0.011195
0.0111805
0.0111385
0.011146
0.0111527
0.0111588
0.0112152
0.011158
0.0111788
0.0112027
0.0112067
