0.0276891
0.00687596
0.0227651
0.0265086
0.0246988
0.0243435
0.0242596
0.024454
0.0242903
0.0243138
0.024365
0.0243967
0.024391
0.023544
0.0295287
0.0237615
0.0241808
0.0238912
0.0249446
0.0245634
0.0246645
0.024191
0.0244572
0.0247296
0.0247529
0.0246492
0.0241375
0.0243018
0.024683
0.0245411
0.0245746
0.0246299
0.0246229
0.0246168
0.0246287
0.0241743
0.0244863
0.0244152
0.0245807
0.024565
0.0243558
0.0242623
0.024295
0.0245551
0.0245299
0.0245028
0.024467
0.0242454
0.0243716
0.0242564
0.0244155
0.0245237
0.0244185
0.0243686
0.0242924
0.0245095
0.0245058
0.0244016
0.0243278
0.0243177
0.0243316
0.0242878
0.0242967
0.024321
0.0244658
0.024459
0.0243508
0.024316
0.0244329
0.0243093
0.0243467
0.0244033
0.0243637
0.0244471
0.025503
0.0237539
0.0245598
0.0245177
0.0247922
0.0247004
0.0240612
0.0245918
0.0242101
0.0244022
0.0242574
0.0245363
0.0244798
0.0244757
0.0243422
0.0243563
0.0244072
0.0243635
0.024376
0.0243631
0.0243948
0.0243714
0.0243727
0.0243815
0.0243971
0.0243788
0.0243756
0.024399
0.024399
0.024378
0.0243785
0.0243834
0.0243837
0.0243905
0.0243851
0.0243804
0.0243774
0.0243905
0.0243946
0.0243914
0.0243808
0.0243955
0.0243925
0.0243819
0.02438
0.0243893
0.0243931
0.0243805
0.0243946
0.0243829
0.0243939
0.0243875
0.0243844
0.0243915
0.0243829
0.0243899
0.0237028
0.0258568
0.0253455
0.0237434
0.0246885
0.0246949
0.0241618
0.0244213
0.0243465
0.0242942
0.0244589
0.0244225
0.0244287
0.0244085
0.0243624
0.0243669
0.0244145
0.0243696
0.0243919
0.0243703
0.0243909
0.0243946
0.0243971
0.0243709
0.0243978
0.0243998
0.0243978
0.024397
0.0243976
0.024387
0.024378
0.0243766
0.0243764
0.02439
0.0243965
0.0243958
0.024378
0.0243777
0.0243893
0.0243784
0.0243806
0.0243858
0.0243925
0.024391
0.0243835
0.0243901
0.024385
0.0243932
0.0237028
0.026008
0.0253059
0.0237543
0.0245729
0.0246903
0.0240501
0.0244202
0.0243572
0.0243241
0.0243949
0.0243376
0.0244158
0.0243266
0.0244012
0.0244168
0.0243678
0.0244471
0.0243972
0.0244388
0.0243958
0.0243198
0.0243258
0.0244448
0.024329
0.0243709
0.0243331
0.0243561
0.0243499
0.0243985
0.0244227
0.0244259
0.0244262
0.0243847
0.0243527
0.0243564
0.0244215
0.0244223
0.0243848
0.0244204
0.0244141
0.0243969
0.0243705
0.0243765
0.0244045
0.0243803
0.0243989
0.0243674
0.0255307
0.0255413
0.0253399
0.025435
0.0246041
0.0241234
0.0238589
0.0244229
0.0244268
0.0240881
0.0245602
0.0242572
0.0243752
0.0241991
0.0244709
0.0242863
0.0242222
0.0244984
0.0244828
0.0244928
0.0242758
0.0243097
0.0244292
0.0244726
0.0243519
0.0244009
0.024454
0.0243385
0.024361
0.0243111
0.0243115
0.0244134
0.0243248
0.0243704
0.0200916
0.0255637
0.0225016
0.0246548
0.0252021
0.0246281
0.0245542
0.024405
0.024305
0.0246424
0.0244087
0.0244084
0.0243335
0.0243769
0.0243611
0.0245364
0.0245735
0.0244784
0.0244783
0.0244423
0.0243249
0.024257
0.0245186
0.0245407
0.024227
0.0242568
0.0242467
0.024502
0.0243651
0.0244452
0.0244706
0.0244103
0.0243885
0.0243191
0.0244747
0.0243526
0.0244747
0.0243098
0.0244287
0.024332
0.0244211
0.0244128
0.0244499
0.0243122
0.0243519
0.0243652
0.0243177
0.0229072
0.0227869
0.0247391
0.0245873
0.023796
0.023763
0.0244454
0.0241736
0.0241502
0.0241287
0.024176
0.0244452
0.0243351
0.0243603
0.0243804
0.024432
0.0243348
0.0243353
0.0243441
0.0243985
0.024396
0.0244103
0.0243789
0.0243547
0.0243569
0.0243932
0.0244049
0.0243959
0.0243997
0.0244037
0.0243989
0.0244046
0.0243976
0.0244017
0.0243756
0.0243941
0.0243799
0.0243951
0.0243948
0.0243992
0.0243744
0.0243806
0.0243989
0.0243899
0.0243975
0.0242391
0.0236485
0.0242958
0.0241173
0.0243631
0.0246651
0.0249792
0.0241875
0.0247989
0.024419
0.0244077
0.0243954
0.0240865
0.0243735
0.024635
0.0242738
0.0245019
0.0241406
0.024607
0.0246275
0.0244497
0.0241734
0.0241561
0.0245856
0.02418
0.024261
0.0245647
0.0245636
0.02434
0.0242551
0.024561
0.0245366
0.0242315
0.02429
0.0243841
0.0243028
0.0242497
0.0243232
0.0243045
0.0244676
0.0245157
0.0245138
0.0242669
0.0244679
0.0242997
0.0244481
0.0242793
0.0244983
0.0242844
0.024434
0.0244794
0.0244675
0.024303
0.0244744
0.0244247
0.0244225
0.0243037
0.0244188
0.0244219
0.0243888
0.0243425
0.0159433
0.021285
0.025022
0.0239189
0.0237921
0.0232443
0.0235112
0.023593
0.024243
0.0239391
0.0246236
0.0238864
0.024522
0.0240072
0.0240631
0.0241174
0.0242325
0.024094
0.0241413
0.0256387
0.0254109
0.0237789
0.0236323
0.0236407
0.0241525
0.0241487
0.0243406
0.0244742
0.02422
0.024344
0.0244183
0.024415
0.0244151
0.0243859
0.0243651
0.0243591
0.0243972
0.0243549
0.0243865
0.0243607
0.0244061
0.0243636
0.0243654
0.024365
0.0243966
0.0243892
0.0243663
0.024395
0.024373
0.0243728
0.0243906
0.0238062
0.0240058
0.0247934
0.0239982
0.0243087
0.0244393
0.0249337
0.0239815
0.0243809
0.0241455
0.0240924
0.0244026
0.0246501
0.0240657
0.0241254
0.0240995
0.0241501
0.0246281
0.0242956
0.0243207
0.0244665
0.0245668
0.0245871
0.0245317
0.0241961
0.0242218
0.0244044
0.0245287
0.0245211
0.0242736
0.0243944
0.024314
0.02451
0.0244216
0.0245106
0.0243332
0.0243004
0.0243719
0.0243255
0.0243235
0.0242815
0.0243962
0.0242932
0.0242873
0.0243871
0.0244739
0.0243379
0.0243197
0.024306
0.0243402
0.0244731
0.0243803
0.0254883
0.0247645
0.0246968
0.0247849
0.0247963
0.024593
0.0240592
0.0245774
0.0243524
0.0240825
0.0241745
0.0242584
0.0244253
0.02453
0.024407
0.0244415
0.0245142
0.02449
0.0243652
0.0243412
0.0244348
0.024354
0.0243338
0.0242783
0.0244307
0.0244112
0.0244824
0.0243033
0.0244672
0.0244511
0.0243053
0.0243136
0.0243135
0.0244106
0.0244068
0.0243193
0.024435
0.0243915
0.0243361
0.0244422
0.0155087
0.0262648
0.0261843
0.0253757
0.0246573
0.0238761
0.024504
0.0242707
0.0243644
0.0242288
0.0242337
0.0244087
0.0242979
0.0243834
0.0242663
0.0243393
0.0243059
0.0243997
0.0244275
0.0243477
0.024368
0.0232419
0.0245424
0.0245846
0.0237507
0.0237156
0.023816
0.0244531
0.0245331
0.0241751
0.0243727
0.0241027
0.0241177
0.0241942
0.0245721
0.0241606
0.024372
0.0243228
0.0242856
0.0245319
0.0243683
0.0244113
0.0245327
0.024233
0.0242357
0.0245124
0.0243242
0.0245073
0.0242591
0.0243631
0.0242759
0.0244514
0.0244424
0.0244586
0.0243676
0.0242905
0.0243
0.0243013
0.0243357
0.0244585
0.0244602
0.0244395
0.0243471
0.024423
0.0243369
0.024315
0.0243635
0.0243735
0.025221
0.0235231
0.0240463
0.0238249
0.024478
0.0240058
0.0240748
0.0243393
0.024251
0.0245215
0.0244286
0.0243419
0.0243545
0.0243392
0.0243889
0.0243672
0.0244063
0.0243641
0.024386
0.0243786
0.0243833
0.0244032
0.0244004
0.0243848
0.02438
0.0244034
0.0244024
0.0243989
0.0244023
0.024383
0.0244017
0.0244009
0.0243898
0.0243962
0.0243757
0.0243909
0.0243976
0.0243928
0.0243945
0.0243884
0.0248476
0.0244062
0.0243927
0.0246659
0.0243989
0.0245038
0.0241874
0.0243931
0.0240663
0.0242177
0.0245684
0.024173
0.0243431
0.0245271
0.0242084
0.024362
0.0243493
0.0242459
0.0242637
0.0243139
0.024483
0.0243889
0.0243305
0.0243934
0.0244488
0.0242982
0.0243394
0.0243173
0.0243524
0.0243163
0.0243658
0.0243588
0.0243242
0.0244437
0.0243903
0.0244041
0.0243184
0.0243663
0.0243529
0.024425
0.0244414
0.0243288
0.0244236
0.0243437
0.0114717
0.0272949
0.0235248
0.0244765
0.0244351
0.0242418
0.0243411
0.0242308
0.0243337
0.02415
0.0242741
0.0244615
0.0242859
0.0247059
0.0241072
0.0245213
0.0245165
0.0248231
0.0242069
0.0244672
0.0242927
0.0243574
0.0242936
0.0246486
0.0247352
0.0244587
0.0245821
0.0244711
0.0245522
0.024279
0.0245909
0.024337
0.0244901
0.0245437
0.0244663
0.0245393
0.0242684
0.0245263
0.0242585
0.024528
0.0242567
0.0243965
0.0242813
0.0245141
0.024499
0.0243444
0.0244864
0.0244827
0.0243572
0.0244424
0.0244863
0.0244871
0.0244532
0.0243579
0.0243154
0.0244473
0.0244364
0.0243332
0.024316
0.0244682
0.0244345
0.0244626
0.0244655
0.0243544
0.0243993
0.0243361
0.0243809
0.0244447
0.0243714
0.0244357
0.0244473
0.0244475
0.0244484
0.024424
0.0243694
0.0266383
0.0236481
0.0236493
0.0252162
0.0246191
0.0239443
0.0241561
0.0243314
0.0243444
0.0243765
0.0241149
0.024239
0.024202
0.0243883
0.0242164
0.0242428
0.0242992
0.0243739
0.0242969
0.0244135
0.0243738
0.0243057
0.0244492
0.0243091
0.0243156
0.024326
0.0244366
0.0147306
0.0262244
0.0261182
0.0252718
0.0244923
0.023638
0.0243844
0.0240768
0.02431
0.0240684
0.0240768
0.0244243
0.0241786
0.0243603
0.0241434
0.0242717
0.0242173
0.0244103
0.0244736
0.0242969
0.0243423
0.023996
0.0238766
0.0241064
0.0241808
0.0242051
0.024522
0.0243099
0.0243762
0.0244755
0.0244996
0.0244908
0.0243809
0.0244588
0.0244596
0.024464
0.0243433
0.0244022
0.0243624
0.0243784
0.0251127
0.0246502
0.0243867
0.0249986
0.0240979
0.0244143
0.0242093
0.0239809
0.0245539
0.0242921
0.0243386
0.0246809
0.0246721
0.0244824
0.0244386
0.0245173
0.0244102
0.0244042
0.0243775
0.024397
0.0245272
0.0244508
0.0242682
0.0244195
0.0242661
0.0244334
0.0245234
0.0243943
0.0244501
0.0243606
0.0245129
0.0244551
0.0243752
0.024318
0.0243411
0.0242879
0.0244925
0.0244472
0.0244776
0.0243732
0.0243012
0.024319
0.0243006
0.0244534
0.0243685
0.0244715
0.0243847
0.0243394
0.0243195
0.0244636
0.0244611
0.0243231
0.0244199
0.0244443
0.0243618
0.0244538
0.024383
0.0244323
0.02443
0.0243302
0.0246324
0.0236034
0.0248126
0.0240754
0.0246186
0.0242869
0.024343
0.0244308
0.0243434
0.0243488
0.0243945
0.024399
0.0243361
0.0243719
0.0243254
0.0243737
0.024395
0.0243414
0.024348
0.0243452
0.0243523
0.0243785
0.0243787
0.0243566
0.0243745
0.0244007
0.0199212
0.0225737
0.0235238
0.0240789
0.023344
0.0236684
0.023383
0.0236604
0.0243944
0.0240712
0.0238249
0.0238443
0.0238075
0.0240226
0.0245698
0.024047
0.0241189
0.0243926
0.0243917
0.0243515
0.0225638
0.0219347
0.0238646
0.0243218
0.0240811
0.0240617
0.0244549
0.0241903
0.0243808
0.0244345
0.0244823
0.0241691
0.0242884
0.0242453
0.024262
0.0242448
0.0244037
0.0242889
0.0236407
0.0253138
0.0248873
0.0240469
0.0241979
0.0241973
0.0245321
0.0244168
0.0242018
0.0241492
0.0241671
0.0241042
0.0245242
0.0243133
0.0244227
0.0245231
0.02449
0.024386
0.0245105
0.0242405
0.0242573
0.0242515
0.0244716
0.024332
0.0242803
0.0244087
0.0244258
0.0242837
0.024396
0.0243734
0.0244533
0.0244079
0.0243287
0.0244138
0.0243099
0.0247171
0.0230669
0.0230083
0.0238866
0.0242973
0.0250178
0.024466
0.0242599
0.0245709
0.0245029
0.0244147
0.0244317
0.0244771
0.0243381
0.0244706
0.0243991
0.0244316
0.0243788
0.0244517
0.024379
0.0243792
0.024443
0.0244363
0.0244365
0.0244198
0.0283551
0.0254527
0.0209425
0.0232252
0.0239261
0.0246711
0.0242476
0.0244689
0.024243
0.0244002
0.0243383
0.0242002
0.0242175
0.0243565
0.0242931
0.0242683
0.0243457
0.0243292
0.0243239
0.0243186
0.0243267
0.0249003
0.024039
0.0248143
0.0246023
0.0237726
0.0246525
0.024205
0.0244254
0.0244203
0.0246348
0.0245527
0.0244214
0.0244151
0.0246462
0.0243974
0.0246659
0.0244725
0.0242578
0.0245322
0.0245368
0.0242291
0.0244749
0.0245081
0.0244312
0.0245358
0.02426
0.0245311
0.0242715
0.0244754
0.0242763
0.0244676
0.0243083
0.0245132
0.0243128
0.0243831
0.0244919
0.0243998
0.0242903
0.0243416
0.0243872
0.0243086
0.0244725
0.0244329
0.0243121
0.0244701
0.0243226
0.0244228
0.0243493
0.0244684
0.0243556
0.0244019
0.0243985
0.0244628
0.0243198
0.0244619
0.0243252
0.0243847
0.0244363
0.0244126
0.0244034
0.0244409
0.0301601
0.0293087
0.0240222
0.0241773
0.0241623
0.0241571
0.0242993
0.024128
0.0242424
0.0240006
0.0242594
0.0213651
0.0252883
0.0233124
0.0245608
0.0240095
0.0242705
0.0246711
0.0243424
0.0244812
0.0244113
0.024329
0.0240656
0.0241473
0.0243786
0.0243998
0.024326
0.0242235
0.0244956
0.0242972
0.0242434
0.0244373
0.024252
0.0243829
0.0243959
0.024271
0.0244874
0.0242729
0.0244519
0.0242892
0.0244384
0.0243228
0.0244594
0.024302
0.0243073
0.024383
0.0243107
0.0243149
0.0244496
0.0243212
0.0243801
0.0244468
0.0219143
0.0235331
0.0236058
0.0240191
0.0235964
0.0238965
0.0237698
0.0243849
0.02431
0.0239933
0.0244001
0.0242731
0.024144
0.024225
0.0241133
0.0241379
0.0243935
0.0243448
0.0241917
0.0242446
0.0242334
0.0242679
0.024245
0.0242319
0.02451
0.024366
0.0244483
0.0242677
0.0242911
0.0244185
0.0242764
0.0243172
0.0243882
0.0242921
0.024306
0.0244164
0.0244686
0.0243091
0.0243158
0.0244351
