0.00748357
0.0222771
0.0221515
0.0196643
0.0207534
0.020673
0.0203141
0.0203647
0.0203789
0.0204129
0.024713
0.0214914
0.0202785
0.0207881
0.020229
0.0209316
0.0205033
0.0198649
0.0197129
0.0211043
0.0198767
0.0208111
0.0209774
0.020872
0.0198603
0.0201529
0.0204275
0.0204451
0.0204975
0.0204627
0.0200496
0.0206189
0.0204151
0.0202331
0.0202811
0.0201306
0.0201014
0.0203647
0.0201786
0.0202051
0.0201664
0.0205066
0.0201601
0.020368
0.0204365
0.0201804
0.0203501
0.0202048
0.0206125
0.0203531
0.0206159
0.0201906
0.020209
0.0204787
0.0205974
0.0205033
0.0203384
0.0205861
0.0203327
0.020369
0.0205297
0.020555
0.0202524
0.0205272
0.0202553
0.0205044
0.0202712
0.0204341
0.0202928
0.0203058
0.0202826
0.020417
0.0199492
0.0176155
0.0220966
0.0196065
0.0213066
0.0210536
0.0201
0.0199908
0.020154
0.0206073
0.0205154
0.0202539
0.0205096
0.0204822
0.0203649
0.0203226
0.0203649
0.0203637
0.0204247
0.0204045
0.0203676
0.0203933
0.0204172
0.0204114
0.0203876
0.0204123
0.0204167
0.0203825
0.020413
0.0204137
0.0204038
0.0203934
0.0203995
0.0203832
0.0204138
0.0204137
0.0203926
0.0203877
0.020389
0.0203907
0.0204101
0.0204053
0.02041
0.0204046
0.0204086
0.0203989
0.0203989
0.0204093
0.0203885
0.0203954
0.0204052
0.0204056
0.0204064
0.021796
0.0215131
0.0213015
0.0200829
0.0204972
0.0204035
0.0208112
0.0205386
0.0204448
0.0201927
0.0205771
0.0203306
0.0203158
0.0203755
0.020362
0.0203603
0.0203716
0.0204153
0.0203751
0.0203698
0.0204101
0.020374
0.0203953
0.0204138
0.0204148
0.0204151
0.0204151
0.0203982
0.0204141
0.0203779
0.0203809
0.020391
0.0204156
0.0203896
0.0204148
0.0204152
0.0203931
0.0203975
0.0203947
0.0203831
0.0204136
0.0203864
0.0204128
0.0203923
0.0204034
0.0203965
0.0204088
0.0204034
0.0217884
0.02144
0.0212041
0.0200865
0.0207089
0.0204044
0.0207496
0.0203671
0.0204426
0.020329
0.0205143
0.0204796
0.0203885
0.0205173
0.0204354
0.020439
0.0205066
0.0202842
0.0204481
0.0204876
0.0203979
0.0204797
0.0204276
0.0202987
0.0203033
0.0203675
0.0203575
0.0204182
0.0203487
0.0204693
0.0204621
0.0204353
0.0203304
0.020439
0.0203355
0.0203333
0.0204274
0.0204127
0.0204215
0.0204554
0.0203431
0.0204461
0.0203473
0.0204275
0.020387
0.0204126
0.0203645
0.0203863
0.0223401
0.0117526
0.0221179
0.0198102
0.019395
0.0205762
0.0205137
0.0204067
0.0199915
0.0206508
0.0201878
0.020293
0.020407
0.0201869
0.0203782
0.020487
0.020423
0.0205291
0.0202138
0.0203773
0.0203581
0.0203318
0.0204052
0.0202581
0.0202593
0.0203168
0.0203092
0.0203027
0.0202866
0.0203607
0.0202981
0.0229983
0.0208358
0.0199033
0.0201794
0.0205781
0.0206708
0.0205885
0.0204004
0.0201048
0.0204085
0.0199457
0.0205407
0.01995
0.0199985
0.020746
0.0204991
0.0203974
0.0206121
0.0200984
0.0205899
0.020657
0.0204522
0.0206484
0.0203813
0.0206171
0.0202257
0.0206163
0.0203261
0.0205693
0.0202578
0.020215
0.0204179
0.0202197
0.0205385
0.0203035
0.0202351
0.0205475
0.0205274
0.0203109
0.0202467
0.0205451
0.0202832
0.0205284
0.0203038
0.0204004
0.0203002
0.0202978
0.020513
0.0194949
0.0212333
0.021324
0.020543
0.0198253
0.0209249
0.020591
0.0201335
0.0205058
0.0202632
0.0201931
0.0203604
0.0203935
0.020342
0.0203694
0.0203939
0.0204043
0.0204073
0.020418
0.0204075
0.0204029
0.0203809
0.0204107
0.0203665
0.0204167
0.0203523
0.0203545
0.0204287
0.0204104
0.0204241
0.0203918
0.0203996
0.0203881
0.0203944
0.0203845
0.0204174
0.0204226
0.0203847
0.0204151
0.0204102
0.0204036
0.0203782
0.0203783
0.0203863
0.0203792
0.0203875
0.0204092
0.0191671
0.0205262
0.0206065
0.0196761
0.0213872
0.0197576
0.0203631
0.0207971
0.0202818
0.020415
0.0204017
0.0207414
0.0207132
0.0202942
0.0203158
0.0208617
0.0199679
0.020667
0.0206542
0.0206794
0.0200029
0.0207809
0.0207656
0.0203427
0.0205896
0.0200783
0.0206619
0.0204313
0.0206746
0.0202646
0.0206522
0.0202979
0.0201937
0.0204366
0.0201791
0.0203449
0.0206104
0.0202011
0.0203661
0.0205901
0.0201859
0.0202396
0.0206008
0.020474
0.0202051
0.0202321
0.0202152
0.0205521
0.0205774
0.020472
0.0203952
0.020551
0.0205436
0.0202834
0.0204644
0.020537
0.0205396
0.0204706
0.0205353
0.0204426
0.0205071
0.0172542
0.0159109
0.0160107
0.0187642
0.0198633
0.0201554
0.0195872
0.0196207
0.0194868
0.0207216
0.0204034
0.0207427
0.0203416
0.0197352
0.0197595
0.0206588
0.0198401
0.0199209
0.0205771
0.0200672
0.020022
0.00334195
0.0220359
0.021095
0.0207768
0.0192544
0.0206594
0.0204362
0.020276
0.0201182
0.0205132
0.0203741
0.0204517
0.0203165
0.0203011
0.0204079
0.0204202
0.020331
0.0204255
0.0204179
0.0203939
0.0203608
0.0204288
0.0203737
0.0203553
0.020359
0.0204047
0.0204103
0.0203688
0.0204223
0.0204142
0.0203765
0.0203756
0.0203775
0.0203769
0.0225175
0.0197395
0.0203538
0.0213663
0.0205378
0.0194406
0.0201322
0.0205873
0.0202734
0.0207569
0.0202719
0.0200711
0.0205036
0.0204133
0.0204543
0.0205596
0.019972
0.0207218
0.0205943
0.0202455
0.0207618
0.020405
0.0206641
0.0200629
0.0200792
0.0201202
0.0201908
0.0206742
0.0201731
0.0202188
0.0201423
0.0203746
0.0201513
0.020603
0.0206122
0.0203768
0.0204977
0.0206137
0.0204785
0.0203329
0.0202046
0.0205724
0.0205094
0.0203058
0.0202148
0.0203218
0.0205674
0.0205623
0.0202675
0.0203138
0.0205555
0.0205254
0.0203096
0.020301
0.0204447
0.0202695
0.0192141
0.0203041
0.018387
0.0206675
0.0195629
0.0208626
0.0204109
0.0207344
0.0201476
0.0204091
0.0200149
0.0200451
0.0204965
0.0201834
0.0203885
0.0203188
0.0203487
0.0204852
0.0204764
0.0202442
0.0205268
0.0205443
0.0205448
0.0202366
0.02053
0.0202416
0.0205232
0.0205111
0.0203575
0.0202756
0.0204102
0.0203524
0.0203694
0.020445
0.0202981
0.0204601
0.02046
0.0203417
0.0203272
0.0131884
0.0220011
0.0194596
0.0204779
0.0198958
0.0201701
0.0203966
0.020109
0.0204406
0.0202214
0.0202447
0.0204316
0.0203114
0.020469
0.0202719
0.0202842
0.0203774
0.0204151
0.0203068
0.0194966
0.0212063
0.0212296
0.0205279
0.0200028
0.0207498
0.0202789
0.0202864
0.0202259
0.0204452
0.0199244
0.0205903
0.0206353
0.0205382
0.0204601
0.0206048
0.0204262
0.0202336
0.0203496
0.020344
0.0203189
0.0202163
0.0204922
0.0201779
0.020539
0.02016
0.0201577
0.020595
0.0204656
0.0205595
0.0203384
0.0203901
0.0203161
0.0203566
0.020295
0.0205146
0.0205456
0.0203004
0.0204989
0.0204667
0.0204235
0.0202696
0.0202709
0.0203141
0.0202783
0.020322
0.0204602
0.0166568
0.0215664
0.0198204
0.0209909
0.0200351
0.0207791
0.0206299
0.0202861
0.0205128
0.0203098
0.0205596
0.0204034
0.0203147
0.0203317
0.020352
0.0204263
0.0204106
0.020368
0.0204288
0.0203682
0.0203812
0.0204323
0.0203973
0.0204242
0.0203655
0.0204203
0.0204204
0.0204246
0.0204163
0.0203812
0.0204212
0.0203802
0.0203903
0.020405
0.0203939
0.0204183
0.0203902
0.0203941
0.0203848
0.0204164
0.00371263
0.0213836
0.0204828
0.0187759
0.0201769
0.0207412
0.0208015
0.0200666
0.0199483
0.0204212
0.0201575
0.0206789
0.0205458
0.0201298
0.0202836
0.0206425
0.0206269
0.0205456
0.0205359
0.0204229
0.0205715
0.0203639
0.0205295
0.0202372
0.0201893
0.0204709
0.0202197
0.0202911
0.0204051
0.0202465
0.0204455
0.0205053
0.0203058
0.020531
0.0205266
0.0203596
0.0203483
0.0202709
0.020506
0.0203815
0.0202939
0.0204177
0.020491
0.0203138
0.0204634
0.0242903
0.0234256
0.0212433
0.0202643
0.0206301
0.019964
0.0203591
0.0204415
0.0203932
0.0201483
0.0201956
0.0196619
0.0210901
0.0214121
0.020905
0.0195108
0.020169
0.0204712
0.0204209
0.0206026
0.0203763
0.0201676
0.0208521
0.02044
0.0207134
0.0200574
0.0204019
0.0205353
0.0201614
0.0205394
0.0205085
0.0206677
0.0206421
0.0202074
0.0203717
0.0205902
0.0205347
0.020169
0.020228
0.020259
0.0204687
0.0203627
0.0203003
0.0202696
0.0204039
0.0203205
0.0202777
0.0203846
0.0203483
0.0203278
0.0205467
0.0202503
0.0204143
0.0205481
0.0204024
0.0203253
0.0202976
0.020362
0.0204673
0.0204917
0.020364
0.0203241
0.0204869
0.0205213
0.0203249
0.0203163
0.0203486
0.0204972
0.0204735
0.0204982
0.0203255
0.0204481
0.0203367
0.0203098
0.0230459
0.0194561
0.0201795
0.0203041
0.0204506
0.020378
0.0198279
0.0204483
0.0199681
0.0203335
0.020138
0.0204604
0.0204448
0.0203369
0.0204546
0.0202014
0.0202181
0.0203281
0.0202747
0.0202859
0.0205115
0.0203597
0.0204282
0.0203059
0.0203388
0.0123435
0.0219162
0.0192096
0.0203554
0.0195627
0.0199057
0.0203042
0.019849
0.0204882
0.0200091
0.0200517
0.0204548
0.0201882
0.0205485
0.0201376
0.0201532
0.0203447
0.02043
0.0202018
0.0252465
0.0157665
0.022513
0.0196487
0.0196603
0.0200465
0.0202255
0.0202687
0.0205313
0.0204781
0.0205574
0.0205355
0.0204937
0.0205159
0.020485
0.0203485
0.0204543
0.020405
0.0190192
0.0207948
0.0196626
0.0208231
0.020411
0.0196546
0.0206136
0.0197908
0.0204495
0.0198629
0.020367
0.0208512
0.0208133
0.0203801
0.0200085
0.0204795
0.0206294
0.020286
0.0206979
0.0204684
0.0205873
0.0205045
0.0203711
0.0205622
0.0201406
0.0203906
0.020522
0.0206128
0.0204729
0.0203595
0.0204039
0.0203025
0.0203895
0.0203106
0.0204938
0.0202327
0.0202725
0.0204591
0.0202989
0.0202487
0.0205155
0.020266
0.0204696
0.0203148
0.0202632
0.0204587
0.0202832
0.0204323
0.0203865
0.0202676
0.0202711
0.0204966
0.0203159
0.0202891
0.0202941
0.020304
0.0202927
0.0203522
0.020494
0.020497
0.0204861
0.0203073
0.0203731
0.000916983
0.0212678
0.0178307
0.0205515
0.0202398
0.0199914
0.0203417
0.0203523
0.0202237
0.020344
0.0202285
0.0203446
0.0204169
0.0204506
0.020336
0.0203181
0.0204471
0.0204436
0.0203253
0.0203437
0.0204203
0.0204012
0.0203643
0.0203482
0.0203507
0.0203767
0.0203594
0.018744
0.0230415
0.0158615
0.0199957
0.0194268
0.0200324
0.0194691
0.020405
0.0192111
0.0194637
0.0198649
0.0203527
0.0207853
0.0206649
0.0200466
0.0199679
0.0199445
0.0203677
0.0203211
0.0199469
0.0199592
0.0947289
0.0143803
0.0181361
0.0206389
0.0205218
0.0202148
0.0204012
0.0205929
0.0202526
0.0203949
0.02042
0.020572
0.0202244
0.0202351
0.0201786
0.0204644
0.0201937
0.0205276
0.0231782
0.0194305
0.0198098
0.0196698
0.0197831
0.0204057
0.020778
0.0198752
0.0202621
0.0204137
0.019969
0.0206266
0.0200179
0.02034
0.020623
0.0201123
0.020332
0.0204784
0.020155
0.0203216
0.0205695
0.0205739
0.0202416
0.0205183
0.0203019
0.0205386
0.0204301
0.0204988
0.0202847
0.0202747
0.0203238
0.0203146
0.0204594
0.00423814
0.0226383
0.0171625
0.0183576
0.0199279
0.0206894
0.0208093
0.0201287
0.0205227
0.0205945
0.020474
0.0204557
0.020408
0.0205153
0.0205157
0.0204585
0.0203841
0.02048
0.0205001
0.0204966
0.0204899
0.0203769
0.0204818
0.0204228
0.0203381
0.0204413
0.191033
0.0251233
0.0234082
0.018666
0.0204066
0.0196755
0.0204652
0.0203769
0.0199822
0.0202945
0.0201038
0.0201704
0.020165
0.0201969
0.0204208
0.0202136
0.0204587
0.020282
0.0203425
0.0204662
0.0202801
0.0228795
0.0200584
0.020642
0.0202784
0.0206682
0.0203741
0.0202999
0.0203457
0.0209079
0.0208868
0.0201168
0.0204111
0.0203085
0.0201063
0.0200895
0.020634
0.0206942
0.020304
0.0205237
0.0201009
0.0202863
0.0201477
0.0205036
0.0202032
0.0205617
0.0205272
0.0203132
0.0203615
0.0202045
0.0203855
0.0204512
0.0202544
0.0203786
0.0205878
0.0202238
0.0205459
0.020243
0.0202477
0.020289
0.0204671
0.0202947
0.0205555
0.0203398
0.020255
0.0203324
0.0202626
0.0203094
0.0204791
0.0205334
0.0203749
0.0204998
0.0205159
0.0204448
0.0203109
0.0204701
0.0205079
0.0204674
0.0203799
0.0205014
0.0204572
0.0190341
0.0167086
0.0128003
0.0158364
0.0191605
0.0192396
0.0197501
0.0197896
0.0197051
0.0202538
0.0203361
0.0204061
0.0204025
0.0220506
0.0211187
0.0210734
0.0193986
0.0196003
0.0199291
0.0200741
0.0203928
0.019957
0.0206027
0.0202916
0.0201315
0.0203666
0.0201522
0.0205731
0.0201545
0.0201544
0.0205404
0.0203715
0.0201866
0.0204139
0.0205601
0.0202311
0.0203829
0.0205383
0.0202579
0.0202432
0.0204879
0.0202643
0.0204151
0.0203128
0.0202857
0.0204393
0.0204843
0.0202833
0.0204
0.0203694
0.0202886
0.00251649
0.0212067
0.0183648
0.0207737
0.0206796
0.0199956
0.0196024
0.0198699
0.020697
0.0200078
0.0208379
0.0199906
0.0203923
0.0204129
0.0205793
0.0205118
0.0205831
0.0200965
0.0200621
0.0206822
0.0206808
0.0201294
0.0205881
0.0204476
0.0206337
0.0204893
0.0205663
0.0206025
0.0201906
0.0205678
0.0202836
0.0202226
0.020478
0.0204838
0.0204027
0.0204968
0.0205449
0.0204976
0.0203727
0.0205025
