0.021399
0.0200348
0.0214035
0.0213819
0.0217583
0.0216727
0.022058
0.0218255
0.0219986
0.0219004
0.0219373
0.0219223
0.0207292
0.0229836
0.0202713
0.0204322
0.021836
0.0217113
0.0220409
0.0214591
0.0218979
0.0218447
0.0223946
0.0216414
0.0222754
0.0219045
0.0215661
0.0215868
0.0220615
0.0219662
0.0219817
0.0216365
0.0219191
0.0222123
0.0216641
0.0216991
0.0217137
0.0220587
0.0221578
0.0218096
0.0220539
0.0221132
0.0221261
0.021932
0.0218874
0.0217139
0.0221019
0.0220447
0.0217623
0.0220991
0.0218437
0.0218332
0.021977
0.021825
0.0218134
0.0217741
0.0220799
0.0217742
0.0217846
0.0218334
0.02203
0.022063
0.0217918
0.0219956
0.0220365
0.021995
0.0218073
0.0220255
0.0218123
0.0219451
0.0220281
0.0212081
0.0208285
0.0227179
0.0226609
0.0222805
0.0218819
0.0214957
0.0216871
0.0219913
0.0220599
0.0218294
0.0220469
0.0218654
0.0219248
0.0219548
0.021926
0.0219485
0.0219243
0.0219086
0.0219072
0.0219197
0.0219295
0.0219082
0.0219158
0.0219088
0.0219399
0.0219101
0.0219103
0.021912
0.0219335
0.0219135
0.0219238
0.0219377
0.0219123
0.0219244
0.0219354
0.0219249
0.0219328
0.0219318
0.0219231
0.0219228
0.0219335
0.0219135
0.0219149
0.0219229
0.0219178
0.021927
0.0219293
0.0219149
0.0202453
0.0229622
0.0226556
0.0219478
0.0216249
0.0213093
0.0223674
0.0215577
0.0216892
0.0217411
0.0220489
0.0219715
0.0218841
0.0219288
0.0219356
0.0218986
0.0219411
0.0218986
0.0219125
0.0218918
0.0218928
0.0219301
0.0219078
0.0219458
0.0219066
0.0219454
0.0219434
0.0219441
0.0219336
0.0219385
0.0219096
0.0219344
0.0219414
0.0219269
0.0219394
0.0219349
0.0219286
0.0219157
0.0219236
0.0219344
0.0219275
0.0219355
0.0219156
0.0219339
0.0219334
0.021929
0.021926
0.0219199
0.0202424
0.0229223
0.0228552
0.0219465
0.021789
0.0211085
0.0222977
0.0216077
0.0218145
0.0218475
0.0220098
0.0219515
0.021894
0.0220569
0.0219039
0.0220012
0.0218167
0.0219944
0.0219118
0.0219443
0.0219449
0.0218932
0.0220037
0.0218473
0.0219728
0.0218494
0.0218554
0.0218545
0.0218805
0.0218682
0.021968
0.0218785
0.0218625
0.0219009
0.0218678
0.0218786
0.0218974
0.0219455
0.0219146
0.0218803
0.0219022
0.0218783
0.0219485
0.0218828
0.0218846
0.0218987
0.021909
0.0219318
0.021621
0.0176734
0.0189545
0.0226085
0.0213068
0.0213647
0.0221565
0.0213676
0.0214774
0.0215028
0.0218109
0.0216538
0.021664
0.0219102
0.0217649
0.0218991
0.0217345
0.0219442
0.021955
0.0220151
0.0218285
0.0217935
0.0220087
0.021775
0.0218642
0.0217909
0.0217918
0.0219569
0.0218498
0.0218323
0.0218341
0.0218157
0.0219572
0.0218436
0.0212179
0.0211095
0.02027
0.0217956
0.0216051
0.0208042
0.0220625
0.0223499
0.0219331
0.0218638
0.0218934
0.0222139
0.0221236
0.0220775
0.0216431
0.0221693
0.0220561
0.021908
0.0221471
0.021962
0.021961
0.0217166
0.0221166
0.0221117
0.0219316
0.0221043
0.0217412
0.0217787
0.0220778
0.0220821
0.0217669
0.0218173
0.0220198
0.0217833
0.0220585
0.0220518
0.0218926
0.0219007
0.0220394
0.0218064
0.0219892
0.0218775
0.0218866
0.0220186
0.0220219
0.0216734
0.0206047
0.0224356
0.0210309
0.0219795
0.0217345
0.0220562
0.0216933
0.0217725
0.0216943
0.0220439
0.0219423
0.0220204
0.0219308
0.0219247
0.0219172
0.0218936
0.0218831
0.021915
0.0218889
0.0219248
0.021908
0.0219495
0.0219015
0.0219132
0.02192
0.0219053
0.0219138
0.0219254
0.0219243
0.0218972
0.0219465
0.0219174
0.0219006
0.0219013
0.0219362
0.0219017
0.0219071
0.0219045
0.0219181
0.0219312
0.0219383
0.021906
0.0219383
0.0219236
0.0219177
0.021932
0.0200266
0.0217858
0.0225115
0.0217742
0.023368
0.0214
0.0221185
0.0209725
0.0226173
0.0214359
0.0222981
0.0218972
0.0220872
0.0219333
0.0221172
0.0221584
0.0216118
0.0215497
0.0217961
0.0215853
0.022091
0.0218481
0.022204
0.0216788
0.0220336
0.0217273
0.0217184
0.0221629
0.0218645
0.0217953
0.0221566
0.0216696
0.0218474
0.0217047
0.0218167
0.0221503
0.022135
0.0219129
0.0220746
0.021734
0.022021
0.0217874
0.0218418
0.0219218
0.022031
0.0219914
0.0219359
0.0219152
0.0218978
0.0219222
0.0219522
0.0218248
0.0217802
0.0218948
0.021917
0.0220537
0.0218144
0.0220042
0.0220411
0.0218845
0.0220403
0.0218577
0.0262023
0.0237967
0.023431
0.0211288
0.022813
0.0213408
0.0213131
0.0209769
0.0214607
0.0211082
0.0215595
0.0216202
0.0221759
0.0221601
0.0216423
0.0218074
0.0215224
0.0216315
0.0215666
0.0216578
0.0216877
0.0223816
0.0183928
0.0231126
0.022136
0.0211278
0.0213589
0.0220954
0.0219121
0.0217769
0.0218443
0.0219709
0.0218375
0.0219123
0.0219093
0.0219198
0.0218825
0.0219204
0.0218871
0.0219383
0.0219542
0.0219003
0.0218975
0.0219271
0.021943
0.0219037
0.021897
0.0219198
0.0219233
0.0219034
0.0219126
0.0219223
0.0226513
0.0211549
0.0202771
0.0207459
0.0208735
0.0217384
0.0217331
0.0218721
0.0219496
0.0221548
0.0214149
0.0223961
0.0218398
0.0218149
0.0222542
0.0218174
0.0216266
0.0217152
0.022002
0.0217703
0.0219161
0.0216607
0.0217887
0.0221734
0.0221038
0.0221541
0.0218131
0.0217242
0.0221034
0.0217497
0.0217475
0.0217279
0.0219124
0.0218526
0.0219558
0.0220606
0.0218892
0.0219594
0.0217516
0.0217558
0.0218224
0.0217653
0.0219032
0.0218918
0.0220662
0.021997
0.0217813
0.0220548
0.0217834
0.0217968
0.0220524
0.0220555
0.021852
0.0174745
0.0202044
0.0235548
0.0197633
0.0213585
0.0215917
0.0219261
0.0212517
0.0216381
0.0219177
0.0219536
0.0220151
0.0218559
0.0216782
0.0218306
0.0217097
0.0218923
0.0220905
0.0219755
0.0219918
0.0218207
0.022012
0.0217722
0.0218167
0.0219221
0.0217861
0.0219362
0.0219422
0.0220138
0.021946
0.0218439
0.0218185
0.0218261
0.021871
0.0220156
0.0218445
0.0220099
0.0219467
0.0219697
0.0218343
0.00632755
0.0178146
0.0183434
0.0207096
0.0212277
0.0226622
0.02196
0.0216936
0.0218194
0.0217546
0.0217782
0.0217937
0.0219455
0.0218271
0.0218694
0.0219141
0.0219683
0.0219007
0.0218699
0.0218576
0.0209212
0.0216567
0.0225129
0.0200131
0.0204273
0.0213228
0.022464
0.0211369
0.0217465
0.0220401
0.0218602
0.0218749
0.022094
0.0220376
0.0218261
0.0217851
0.0218622
0.0216508
0.0216915
0.0216819
0.0219143
0.0219345
0.0220993
0.0217877
0.0220703
0.0217519
0.0218891
0.0217441
0.0217984
0.022078
0.0217837
0.0217766
0.0218141
0.0218145
0.0218696
0.0219405
0.0218066
0.0220003
0.0217943
0.0217937
0.0218162
0.0220316
0.0220149
0.0219475
0.0218182
0.0218291
0.021935
0.022012
0.0184822
0.0231228
0.0231825
0.0214096
0.0218748
0.0219698
0.0213172
0.0223699
0.0219882
0.0219669
0.0219033
0.0220343
0.0219436
0.0219298
0.0219543
0.0218996
0.0219598
0.0219598
0.0219259
0.0219115
0.0219004
0.0219016
0.0219216
0.0219124
0.0219468
0.0219143
0.0219365
0.0219455
0.0219166
0.0219339
0.0219432
0.0219342
0.0219229
0.0219266
0.0219132
0.0219404
0.0219401
0.0231328
0.0226446
0.0221003
0.0200689
0.021757
0.0216166
0.0220683
0.0217191
0.0216289
0.0215439
0.0218739
0.0218098
0.021837
0.0218691
0.0219014
0.0220338
0.0217998
0.021906
0.0220616
0.0217741
0.0220425
0.0217508
0.0218095
0.022032
0.02207
0.0220206
0.0217814
0.021841
0.0218365
0.0220203
0.0218595
0.0217976
0.0218104
0.0218023
0.0219671
0.0219666
0.022018
0.0218593
0.0220229
0.0220108
0.0220164
0.0218927
0.0218323
0.0218998
0.0219938
0.0219891
0.0260361
0.0239335
0.0207404
0.0213425
0.0217839
0.0215226
0.021523
0.0215492
0.0220986
0.0216734
0.0219146
0.0220383
0.0210939
0.0208845
0.022649
0.0234867
0.0210462
0.0214843
0.0222284
0.0217635
0.0219899
0.0218629
0.0219325
0.0216928
0.0219246
0.0219579
0.0215827
0.0219257
0.0222354
0.0221117
0.0220736
0.0217151
0.0218333
0.0218206
0.021719
0.0219435
0.021878
0.0220014
0.0218232
0.021795
0.0220033
0.0217571
0.0218404
0.0219033
0.0218154
0.0217764
0.0217742
0.0218512
0.0220755
0.0217795
0.0220697
0.021938
0.0219626
0.0218879
0.0217925
0.0218024
0.0220437
0.021998
0.0218335
0.0219009
0.0220417
0.0218738
0.0219998
0.0218977
0.0220207
0.0219671
0.0219528
0.0218679
0.0219726
0.0219993
0.021975
0.021932
0.0219231
0.0219947
0.00397821
0.0176887
0.0181994
0.020377
0.0202713
0.0210256
0.0219243
0.0216075
0.0218719
0.0216228
0.0217079
0.0220013
0.0218527
0.0220812
0.0217443
0.0219996
0.0217793
0.0218604
0.021775
0.0218107
0.0217936
0.0218121
0.0218285
0.0218145
0.0218888
0.0218202
0.00559239
0.0178633
0.0183583
0.0202896
0.0211001
0.0224954
0.0217979
0.0214684
0.0216544
0.0215284
0.0215983
0.0216168
0.0219916
0.021722
0.0218159
0.0219127
0.0220218
0.0218788
0.0218099
0.0217809
0.0233044
0.0194707
0.025011
0.0235195
0.0218423
0.0217732
0.0219758
0.0216514
0.021902
0.0219533
0.0220862
0.0220078
0.0218491
0.0218659
0.0220638
0.0220486
0.0220154
0.0219087
0.0220133
0.021905
0.0220009
0.0209606
0.0208221
0.0217208
0.0227299
0.0213122
0.0229702
0.0210766
0.0216239
0.0216911
0.0217933
0.0220001
0.0216313
0.0219371
0.0219142
0.0219235
0.0220573
0.0218041
0.0219244
0.0216932
0.0217731
0.0219723
0.02175
0.0221553
0.022024
0.0218648
0.0217963
0.0217672
0.0221008
0.0221059
0.0220799
0.0217731
0.0218292
0.022088
0.0220662
0.0220269
0.0219748
0.0220157
0.0220751
0.0220732
0.0217887
0.0217843
0.0219329
0.0219535
0.0219876
0.0220018
0.0218323
0.0218033
0.0218508
0.0220448
0.0220309
0.0220075
0.0219114
0.0218471
0.021825
0.021973
0.0218298
0.02195
0.0220051
0.0219664
0.0220068
0.0219014
0.02189
0.0240042
0.0163527
0.0187497
0.0232618
0.0212784
0.0222835
0.021445
0.0220446
0.0219062
0.0218976
0.0218852
0.021873
0.0218668
0.0218582
0.021948
0.0218997
0.021867
0.0218739
0.0218704
0.0219202
0.021913
0.0219456
0.021915
0.0218902
0.0218827
0.0218879
0.0219198
0.0157196
0.0170135
0.0212257
0.0217623
0.0216068
0.0212875
0.0208318
0.0223981
0.0209437
0.0210783
0.0216019
0.0223376
0.0215313
0.0212788
0.0213996
0.0216679
0.0216467
0.0217193
0.0215011
0.0215139
0.0232999
0.0237941
0.0230705
0.0203489
0.021646
0.021653
0.0215533
0.0221671
0.0216577
0.0219792
0.0217841
0.02173
0.0217456
0.0219732
0.0217252
0.0217485
0.0217823
0.0212849
0.0180261
0.0212729
0.0223085
0.0214405
0.0219344
0.021938
0.0218154
0.0221549
0.0216111
0.0219099
0.0218604
0.0217624
0.0219692
0.0217903
0.0217312
0.0217666
0.021745
0.0220711
0.0218147
0.0218362
0.0218648
0.0218152
0.0219775
0.0220415
0.0219061
0.0219214
0.0219414
0.0219943
0.0218813
0.0219675
0.0243017
0.0226921
0.0188564
0.0237482
0.0220734
0.0218788
0.0220895
0.0222885
0.0218085
0.0217742
0.0219162
0.0219902
0.0220601
0.0218524
0.0218686
0.0218678
0.0220167
0.0218974
0.0220021
0.0219391
0.0220138
0.0219032
0.0219765
0.0219324
0.0219009
0.0219615
0.0245022
0.0220441
0.0162666
0.0199888
0.0218276
0.0210142
0.0220001
0.0217441
0.0217614
0.0217472
0.021785
0.0217596
0.0217652
0.0217933
0.0217856
0.0218153
0.0218156
0.0218085
0.0219538
0.0210185
0.0223269
0.0222248
0.0216515
0.02238
0.0217133
0.022368
0.0226665
0.0220085
0.0219156
0.0224032
0.022376
0.0219022
0.0219886
0.0218841
0.0216419
0.0219253
0.0217369
0.0221379
0.0221462
0.0219815
0.0216897
0.0217016
0.0218111
0.0218952
0.0218739
0.0220623
0.0220272
0.0220358
0.0219064
0.021831
0.0220637
0.0220894
0.0218677
0.0220078
0.0218237
0.022043
0.0217846
0.021873
0.0218751
0.0220456
0.0219355
0.0217971
0.0220448
0.0220409
0.0219904
0.0220302
0.0220047
0.0218202
0.0220013
0.0220223
0.0219898
0.0218754
0.0218331
0.0219152
0.021849
0.0219377
0.0111074
0.0216013
0.0219277
0.020616
0.0211637
0.0211325
0.0217201
0.0216045
0.0218129
0.0214868
0.0188104
0.022254
0.0228805
0.0214575
0.0199053
0.0226471
0.0209448
0.0220026
0.0218994
0.0214807
0.0218448
0.0218779
0.0216604
0.0216379
0.0216481
0.0216564
0.0220708
0.0216895
0.0217347
0.0217433
0.0220107
0.0219221
0.0219984
0.0217961
0.0217676
0.0217653
0.0220266
0.0219672
0.0217834
0.0218939
0.0218881
0.0220277
0.0218366
0.0219921
0.021812
0.0219565
0.0218154
0.0218957
0.0220092
0.0218327
0.0220056
0.0244892
0.0216252
0.020874
0.0224114
0.0216164
0.0215124
0.0221027
0.0218708
0.0218787
0.0222516
0.0220951
0.0219651
0.0222453
0.0215872
0.0216007
0.0221728
0.0220426
0.0218682
0.0220302
0.0217821
0.0221032
0.0219209
0.0217427
0.0219948
0.0217184
0.022103
0.0217791
0.0220433
0.021923
0.0219909
0.0218408
0.0219601
0.0218322
0.0220259
0.0218145
0.0220149
0.0217904
0.0217944
0.0218663
