0.0250097
0.0215982
0.0209234
0.0227128
0.0225094
0.0226124
0.0229644
0.0248661
0.0237005
0.0237076
0.024405
0.0250097
0.0252302
0.0252096
0.0250149
0.0250413
0.0250453
0.0250427
0.0250286
0.0250198
0.0250244
0.0250071
0.0250243
0.0250181
0.0250165
0.0250238
0.0250216
0.0250215
0.0250087
0.0250136
0.025009
0.0250203
0.0250155
0.0250197
0.0250129
0.025011
0.0250162
0.0250189
0.0250189
0.0250084
0.0250172
0.025018
0.0250175
0.0250174
0.0250085
0.0250119
0.0250163
0.0250098
0.0250167
0.0250153
0.0250133
0.025016
0.0250077
0.0250142
0.0250142
0.0250115
0.0250083
0.0250146
0.0250146
0.0250128
0.0250149
0.0250144
0.0250126
0.0250117
0.0250104
0.0250143
0.0250108
0.025013
0.0250138
0.0250097
0.0254401
0.0250097
0.0251313
0.0249562
0.0252159
0.0250333
0.0250776
0.0251204
0.025133
0.0250782
0.0250905
0.0250658
0.0250651
0.0251071
0.025072
0.0250541
0.0250048
0.0250615
0.0249859
0.0250692
0.0250755
0.0250716
0.0250172
0.0250627
0.0250608
0.0250607
0.0250552
0.0250495
0.025002
0.0250183
0.0250403
0.0250404
0.0250361
0.0250334
0.0250369
0.0249983
0.025025
0.0250259
0.0250373
0.0250311
0.02503
0.02503
0.0250243
0.0250031
0.0250097
0.0250093
0.0250097
0.0249566
0.0250376
0.0248585
0.0248834
0.0248684
0.0249555
0.0250148
0.0249423
0.0250402
0.0249618
0.0250404
0.0249532
0.0249373
0.0250412
0.0249745
0.0249848
0.0249527
0.025033
0.0249618
0.0250166
0.0249657
0.0250261
0.0250326
0.0249693
0.0249761
0.0249863
0.0249868
0.0250261
0.0249782
0.024981
0.025024
0.0250059
0.0250182
0.0250115
0.0250237
0.0249908
0.0249887
0.0250034
0.024995
0.0250139
0.0250097
0.0250096
0.0250097
0.0249796
0.0250276
0.0249211
0.0249333
0.0249423
0.0249725
0.0250126
0.0249781
0.0250297
0.0249772
0.0250301
0.0249728
0.024968
0.0250314
0.0249905
0.0249956
0.0249771
0.0250254
0.0249796
0.0250141
0.0249818
0.0250205
0.0250257
0.0249852
0.0249875
0.0249955
0.0249938
0.0250209
0.02499
0.0249915
0.0250196
0.0250072
0.0250154
0.0250109
0.0250194
0.0249967
0.0249958
0.0250056
0.0250001
0.0250125
0.0250097
0.0250097
0.0245371
0.0246752
0.0247814
0.0248357
0.0249471
0.0249217
0.0249643
0.0249522
0.0249188
0.0248651
0.0249367
0.0249677
0.0249117
0.0249415
0.0249843
0.0249219
0.024953
0.0250027
0.0249781
0.0249587
0.0249343
0.0249542
0.024966
0.0249523
0.0250134
0.0250077
0.0249624
0.0250059
0.0249567
0.0249914
0.0249957
0.0250018
0.0249645
0.0249967
0.0249759
0.0249794
0.0249973
0.0250199
0.0249879
0.024988
0.0249911
0.0249881
0.0249923
0.0249929
0.0249974
0.0249984
0.0250138
0.025006
0.0249969
0.0250166
0.0250111
0.0249976
0.0249975
0.0250141
0.024997
0.024998
0.0250128
0.0249996
0.025006
0.0250062
0.025
0.0250122
0.0250006
0.0250023
0.025003
0.0250071
0.0250026
0.0250111
0.0250035
0.0250039
0.0246513
0.0246099
0.0243187
0.0247851
0.024796
0.0249897
0.0248015
0.0248737
0.0248575
0.0249252
0.0248405
0.0248453
0.0248515
0.0249667
0.0249286
0.0248737
0.0250172
0.0249699
0.0249131
0.0248949
0.0249031
0.0249065
0.0249872
0.0249207
0.0250218
0.0249572
0.0249327
0.0249307
0.0249741
0.0249509
0.024984
0.0249998
0.0249581
0.0249871
0.0249788
0.0249859
0.0249572
0.0249789
0.0249665
0.0250118
0.0249927
0.024973
0.0249768
0.0249902
0.0250527
0.0250344
0.0250495
0.0250139
0.0250169
0.0250196
0.0250243
0.0250172
0.0250229
0.0250162
0.0250071
0.0250132
0.0250193
0.0250206
0.0250131
0.0250208
0.0250162
0.0250206
0.0250162
0.0250185
0.0250156
0.0250145
0.0250157
0.025017
0.0250163
0.0250084
0.0250155
0.0250158
0.0250176
0.0250069
0.0250163
0.0250129
0.025016
0.0250073
0.0250126
0.025014
0.025011
0.0250137
0.0250078
0.0250134
0.0250109
0.0250139
0.0250086
0.0250141
0.0250122
0.0250117
0.0250092
0.0250143
0.025012
0.0250079
0.025012
0.0250132
0.0250133
0.0250106
0.0250133
0.0250124
0.0250082
0.025009
0.022736
0.0248188
0.024953
0.0249626
0.0249194
0.0248283
0.0249541
0.024811
0.0248381
0.0249202
0.0248791
0.0249192
0.0249598
0.0249088
0.0232909
0.0224117
0.0247512
0.0246606
0.0247384
0.0245725
0.0245142
0.024509
0.0246957
0.0249981
0.0249048
0.0250036
0.0247992
0.0247118
0.0247193
0.0247379
0.0249207
0.0249619
0.024832
0.0248446
0.0250234
0.0248468
0.0248513
0.0249772
0.0249779
0.0249123
0.0249135
0.02489
0.0249229
0.025011
0.0250097
0.025024
0.0250057
0.0250255
0.0250143
0.0250165
0.0250249
0.0250235
0.0250212
0.025022
0.0250197
0.0250037
0.0250058
0.025004
0.0250109
0.0250135
0.0250103
0.0250183
0.0250125
0.0250096
0.0250168
0.0250171
0.0250169
0.0250136
0.0250126
0.0250063
0.0250106
0.0250078
0.025015
0.0250154
0.0250148
0.0250139
0.0250146
0.0250142
0.0250144
0.0250075
0.0250124
0.0250071
0.0250136
0.0250088
0.0250119
0.0250119
0.0249826
0.0245201
0.0246025
0.0250287
0.0248959
0.0248178
0.024927
0.02496
0.0249187
0.0249373
0.0249285
0.0249754
0.0249738
0.0249657
0.0250193
0.0250266
0.024931
0.0249746
0.024961
0.0249693
0.0249895
0.0249704
0.0249843
0.0250017
0.0249837
0.0249731
0.024974
0.0249565
0.0249649
0.0249623
0.024968
0.0250154
0.0250098
0.0249775
0.0249683
0.0249714
0.0250115
0.0249877
0.0249952
0.0249758
0.0249761
0.0249792
0.0249789
0.0249813
0.0250081
0.0216158
0.0238533
0.0234577
0.0245112
0.02396
0.0238319
0.0247898
0.0242065
0.0247265
0.0244889
0.0245471
0.0248366
0.0248673
0.0248493
0.024693
0.0249179
0.0249105
0.0250002
0.0248997
0.0249458
0.0249433
0.0249604
0.0249355
0.0249305
0.0249378
0.0249878
0.0249633
0.024941
0.0250148
0.024989
0.0249619
0.0249533
0.0249556
0.0249571
0.0249977
0.0249642
0.0250174
0.024982
0.0249679
0.0249671
0.0249905
0.0249784
0.0249957
0.0250044
0.0249818
0.0249958
0.0249927
0.0249951
0.024981
0.0249913
0.0249859
0.0250112
0.0249991
0.0249893
0.0249904
0.0249978
0.0249159
0.0232988
0.0246945
0.0244584
0.0249393
0.0249292
0.0249919
0.024746
0.024694
0.0246975
0.0246541
0.0247843
0.0250216
0.0249524
0.0250206
0.0248493
0.0248111
0.0249187
0.0249533
0.0249535
0.0249676
0.0249502
0.0249125
0.0249071
0.0249094
0.0249136
0.0249213
0.0249932
0.0249342
0.0247561
0.0249968
0.0249886
0.0249857
0.0249054
0.0249495
0.0249711
0.0249746
0.0249706
0.0249794
0.02497
0.0249664
0.0249619
0.0249572
0.0249907
0.0249831
0.0249644
0.0249759
0.0249723
0.0250028
0.0249718
0.0249762
0.024982
0.0249754
0.0249805
0.0249768
0.0249894
0.0250162
0.0249886
0.0249838
0.0249842
0.0250131
0.0249876
0.0249978
0.0249875
0.0250062
0.0249904
0.0250155
0.0249995
0.0250034
0.0249918
0.0249947
0.0249954
0.0249988
0.0238723
0.0228862
0.0248587
0.0241649
0.0235203
0.023594
0.0240311
0.0246332
0.0244682
0.0245184
0.0243762
0.0244507
0.0252388
0.0250784
0.0250694
0.0251214
0.0250325
0.0250371
0.0250848
0.0249975
0.0250408
0.0250434
0.0250408
0.0250391
0.0250402
0.0250258
0.0250257
0.0250445
0.0250413
0.0250329
0.0250341
0.0250084
0.0250165
0.0250174
0.0250333
0.025019
0.0250377
0.0250375
0.0250237
0.0250332
0.0250191
0.0250181
0.0250048
0.0250143
0.0250315
0.025032
0.0250318
0.0250072
0.0250309
0.025017
0.0250219
0.0250284
0.0250202
0.0250127
0.0250233
0.0250103
0.0250176
0.0250181
0.0250181
0.0250237
0.0250225
0.0250093
0.0250173
0.0250127
0.0250114
0.0250218
0.0250101
0.0250185
0.0250178
0.0250066
0.0250133
0.024509
0.0236489
0.0250009
0.024619
0.0243696
0.0245597
0.0245752
0.0245963
0.0245947
0.0246722
0.0247056
0.024775
0.02482
0.0250087
0.0226098
0.0241371
0.0238956
0.0246233
0.0242306
0.0241405
0.0248352
0.0243982
0.0247847
0.0246033
0.0246474
0.0248707
0.0249851
0.0197021
0.0218929
0.0217867
0.0249087
0.0225515
0.0249499
0.0248277
0.0247369
0.0240436
0.0243767
0.024205
0.0248414
0.0246617
0.0248096
0.0252012
0.0251286
0.0250152
0.0250269
0.0250654
0.0250695
0.0250414
0.0250292
0.0250392
0.0250414
0.0250612
0.0250525
0.0250426
0.0250282
0.0249995
0.0250311
0.025014
0.0250484
0.0250375
0.0250421
0.0250325
0.0250346
0.0250125
0.0250154
0.0250242
0.0250407
0.02504
0.0250345
0.0250381
0.0250265
0.0250106
0.0250344
0.0250161
0.0250142
0.0250295
0.0250304
0.0250271
0.025032
0.0250285
0.0250168
0.0250259
0.0250128
0.0250204
0.0250279
0.0250252
0.025017
0.0250217
0.0250258
0.0250193
0.0250196
0.0250242
0.025007
0.0250233
0.0250228
0.0250173
0.0250168
0.0250078
0.0250186
0.0239236
0.0250045
0.0245906
0.0241196
0.0241249
0.0248673
0.0242872
0.0241928
0.0248764
0.0248403
0.0245121
0.0247665
0.0249641
0.0247337
0.0249704
0.0249542
0.0246224
0.0249557
0.024762
0.0247115
0.0248529
0.0248535
0.0247422
0.0247978
0.0247745
0.0250158
0.0247847
0.0248016
0.0248063
0.0230913
0.0246637
0.0247392
0.0247991
0.0248124
0.0247172
0.0247401
0.0247752
0.0249893
0.0248736
0.0248953
0.0249482
0.0249029
0.0248947
0.0249583
0.025009
0.0231915
0.0247699
0.0239109
0.0246041
0.0247075
0.0249017
0.0245642
0.0244885
0.0246419
0.0249606
0.0246833
0.0248076
0.025009
0.0249939
0.0247976
0.0248299
0.0248165
0.024858
0.0248486
0.024883
0.024892
0.0249148
0.02501
0.0248853
0.0249519
0.0249478
0.0249259
0.0249434
0.0249547
0.0249614
0.024956
0.0249477
0.0249445
0.0250039
0.0249629
0.0249957
0.0249572
0.0249549
0.0249852
0.0249629
0.024967
0.0238606
0.022769
0.024857
0.0234492
0.0240613
0.0249102
0.0242762
0.0241906
0.0244882
0.0246122
0.0248333
0.0247183
0.0249045
0.0229696
0.0223953
0.0246514
0.0243579
0.0241887
0.0233775
0.0239829
0.0248717
0.0242096
0.024647
0.0242553
0.0245068
0.0243938
0.0245071
0.0251501
0.0250098
0.0250539
0.0250476
0.0250169
0.0250576
0.0250676
0.0250508
0.0250342
0.0250375
0.0250423
0.0250374
0.0250401
0.0250424
0.0250307
0.025038
0.0250337
0.0250328
0.0250048
0.0250404
0.025028
0.0250338
0.0250155
0.0250312
0.0250241
0.0250182
0.0250304
0.0250041
0.0250291
0.0250306
0.0250298
0.0250233
0.0250137
0.025026
0.0250068
0.0250281
0.0250174
0.0250252
0.025008
0.0250187
0.0250097
0.0250228
0.0250174
0.0250186
0.0250241
0.0250148
0.0250236
0.0250127
0.0250085
0.0250218
0.0250205
0.0250178
0.0250072
0.0250165
0.0250173
0.02502
0.0250168
0.02501
0.025008
0.0233932
0.0230224
0.0247342
0.0243549
0.0235117
0.0246545
0.0245628
0.0242886
0.0247317
0.0243513
0.0243785
0.0235537
0.0248172
0.0248693
0.024766
0.0249186
0.0247538
0.0248305
0.0249488
0.0249401
0.0249184
0.0250193
0.0248905
0.0248529
0.0248734
0.0249409
0.0248824
0.0248803
0.0249292
0.0249841
0.0249273
0.0250198
0.024924
0.0249353
0.0249556
0.0249398
0.0250113
0.0249663
0.0249494
0.0245324
0.0246765
0.0249081
0.0249438
0.0249689
0.0250038
0.0249547
0.0249577
0.0249512
0.024954
0.0250025
0.024977
0.0250001
0.0249593
0.0249859
0.0249591
0.0249726
0.0249582
0.0250169
0.0249615
0.025001
0.0249666
0.0249818
0.0249926
0.0249785
0.0249738
0.024991
0.0249749
0.0250166
0.0249954
0.0249895
0.0249795
0.0250004
0.024987
0.0249831
0.0249954
0.0249833
0.0249879
0.0249932
0.0249863
0.0250114
0.024991
0.0250094
0.0249911
