0.016778
0.00413697
0.0017084
0.00376407
0.0043822
0.0168701
0.00781988
0.0156726
0.00880178
0.00868376
0.0111006
0.00840199
0.00896832
0.0116059
0.0116179
0.0130664
0.0105493
0.011803
0.0114
0.0117054
0.0111871
0.0111328
0.0114891
0.0111562
0.0112058
0.0118923
0.0115269
0.0119974
0.0112391
0.0115639
0.0118839
0.0118918
0.011302
0.0114574
0.0117755
0.0117608
0.0116878
0.0113792
0.0114092
0.0116944
0.0117295
0.0118766
0.0115535
0.0114896
0.0117105
0.0117035
0.0118174
0.0114957
0.0115868
0.0118175
0.0116866
0.0118063
0.011638
0.011603
0.0117716
0.0114263
0.0117775
0.0115855
0.0117707
0.0114687
0.0116263
0.011463
0.0116742
0.0117381
0.0117236
0.0115191
0.0115614
0.0116463
0.0115947
0.0115218
0.0114983
0.0116994
0.0223257
0.0116072
0.0209197
0.00594473
0.010335
0.011935
0.00967951
0.0165022
0.00686179
0.00758903
0.00797277
0.00768205
0.00967385
0.0148568
0.0136585
0.013989
0.00926278
0.0142044
0.0107349
0.0103082
0.00933981
0.00949699
0.00934441
0.0101094
0.013523
0.0135582
0.00976012
0.0134166
0.0132576
0.0132129
0.0132337
0.01002
0.0114183
0.0129749
0.0109712
0.0102814
0.0128892
0.0119998
0.0107488
0.0108395
0.0105225
0.0105865
0.0106553
0.012286
0.0109932
0.00448928
0.0116062
0.0185256
0.00518427
0.0172888
0.0156141
0.00865057
0.00758723
0.0158368
0.00822344
0.013462
0.0152382
0.0089258
0.0116848
0.00885443
0.0144427
0.0141955
0.0131436
0.0108467
0.0135867
0.0120817
0.0135788
0.00948415
0.00959283
0.0131046
0.00960014
0.0133932
0.0129758
0.0132676
0.0103492
0.0131879
0.0127358
0.0102449
0.0102165
0.0118468
0.0103286
0.0103547
0.0104757
0.0104815
0.0117404
0.0116247
0.0107324
0.0124923
0.0112023
0.00325875
0.0116062
0.0149697
0.00739837
0.0151696
0.0135469
0.0102555
0.00958335
0.0140428
0.00929955
0.0125195
0.0138287
0.0101446
0.0116463
0.00969368
0.0134751
0.0131915
0.0124937
0.0111809
0.0127933
0.0118798
0.0128297
0.0102111
0.0102947
0.0125277
0.0102751
0.0128099
0.0124733
0.012749
0.0108115
0.0126905
0.0123335
0.0107075
0.0106653
0.011758
0.0107208
0.0107415
0.0108466
0.0108476
0.0116926
0.0116181
0.0110192
0.0122061
0.0113417
0.0115666
0.0115912
0.0133375
0.0124719
0.0126514
0.0117648
0.0119142
0.013734
0.00959623
0.00960044
0.0106233
0.00987398
0.0100766
0.0100629
0.0120055
0.0110951
0.0127935
0.0127824
0.0126142
0.0122291
0.0121987
0.0106987
0.0107585
0.0109728
0.0123182
0.0122275
0.0120986
0.0118508
0.011606
0.0116062
0.011192
0.0131574
0.0134954
0.0113598
0.010522
0.010089
0.0130493
0.0104907
0.0123578
0.0107893
0.0127246
0.0104951
0.0126907
0.0126147
0.0126193
0.0108174
0.0107204
0.0123825
0.0113414
0.0123967
0.0124169
0.0115615
0.0108571
0.0108652
0.0122561
0.0109257
0.0117547
0.0111832
0.0122072
0.0121701
0.0120337
0.0110825
0.0111711
0.0111465
0.0111393
0.0113335
0.0111949
0.0112192
0.0112549
0.0119797
0.0118944
0.0119121
0.0116062
0.0116062
0.0193805
0.0121957
0.00985198
0.0154444
0.009492
0.0136617
0.00759272
0.0149602
0.00809984
0.00836083
0.00899184
0.00988317
0.0144075
0.0142412
0.0142324
0.0107835
0.00957517
0.0116657
0.013565
0.00967214
0.00950306
0.0135587
0.012762
0.0130709
0.0102425
0.0130273
0.0100092
0.0132059
0.0131342
0.0100478
0.0103586
0.010803
0.0129095
0.0122607
0.0127819
0.0110341
0.0122724
0.0106497
0.0126642
0.0107704
0.0106566
0.0115743
0.0118237
0.0116062
0.0116062
0.0121407
0.011606
0.0115928
0.0119334
0.0112202
0.0120471
0.0111388
0.0112237
0.011793
0.0115188
0.0115257
0.0119907
0.0117217
0.0119758
0.011353
0.0118021
0.0114672
0.0112726
0.0118777
0.0118462
0.0115232
0.011548
0.011334
0.01188
0.0118561
0.0118603
0.0118204
0.0118379
0.0114638
0.0115767
0.0115255
0.0114058
0.0114839
0.0117797
0.0114961
0.0118009
0.0116649
0.011419
0.0115832
0.0115566
0.0114194
0.0114364
0.0114588
0.011745
0.0116171
0.0117645
0.0115996
0.011757
0.0114903
0.0117168
0.0117059
0.0116687
0.0116879
0.0117153
0.0115698
0.0117283
0.0115982
0.00859325
0.00919963
0.0122048
0.0112508
0.0127046
0.0109043
0.0107734
0.0107131
0.0121602
0.0107891
0.0109567
0.0115739
0.0110153
0.0117603
0.0116055
0.000883517
0.00538714
0.00648157
0.00634663
0.0066262
0.00740942
0.0079362
0.0118135
0.00852133
0.0133041
0.0142475
0.00890541
0.0130205
0.00921464
0.0110166
0.0109261
0.013551
0.0133003
0.00991901
0.0100106
0.011781
0.010664
0.0127955
0.0106795
0.0103438
0.010405
0.011756
0.0116062
0.01161
0.0116259
0.0122993
0.0114971
0.0122106
0.0120171
0.0111129
0.0121125
0.0122599
0.0113055
0.0119675
0.0114056
0.0121683
0.0111217
0.011207
0.0113864
0.0114026
0.0113858
0.0118528
0.0111955
0.0111817
0.0112016
0.0112218
0.0114372
0.011966
0.0117453
0.0112837
0.0112695
0.0117437
0.0118739
0.0119004
0.0118183
0.0113376
0.0113443
0.011554
0.0118526
0.0118039
0.0118374
0.0113949
0.0115472
0.0116056
0.0117018
0.0116945
0.011606
0.0116061
0.0148444
0.0128263
0.0145609
0.01028
0.0118316
0.011199
0.0108573
0.0130327
0.0100115
0.0102654
0.0122687
0.0108841
0.012258
0.0101059
0.00999844
0.0103104
0.0129632
0.0117454
0.0108217
0.0107655
0.0123385
0.0126952
0.0104821
0.0127328
0.0109628
0.0119404
0.0107718
0.0125179
0.0110394
0.0106991
0.0108987
0.0123592
0.0123355
0.0115058
0.0113541
0.0122248
0.0115203
0.0119026
0.0120473
0.0115346
0.0121717
0.0121736
0.0115956
0.0109053
0.0100579
0.0128892
0.0101455
0.0143048
0.0146801
0.00858971
0.0108922
0.00931206
0.0120499
0.0131444
0.0126109
0.0116062
0.0116062
0.0157168
0.0118558
0.0108657
0.0134762
0.0106877
0.0125363
0.00923835
0.0134875
0.00974408
0.00994196
0.0102751
0.0107694
0.0133089
0.0131973
0.0131782
0.0111986
0.0105085
0.0116387
0.0126962
0.01053
0.0103172
0.012789
0.0122416
0.0124292
0.0108585
0.0124221
0.0106725
0.0125914
0.0125381
0.0106513
0.0108795
0.0111511
0.0124036
0.0119824
0.0123176
0.0112795
0.011995
0.0110408
0.0122624
0.0111114
0.0110174
0.0115884
0.0117338
0.0116062
0.011622
0.010596
0.0105648
0.0153431
0.00742318
0.00822051
0.00940534
0.0153571
0.013924
0.00816338
0.0139824
0.0103478
0.00886786
0.00921802
0.013905
0.0137216
0.011099
0.0121104
0.00983295
0.0127297
0.0128707
0.0124836
0.012385
0.0115649
0.0109468
0.0105607
0.0113544
0.0115942
0.0116057
0.0115405
0.00909063
0.0125658
0.0131896
0.0122234
0.013274
0.00970925
0.0123088
0.0130673
0.010002
0.0129802
0.0109418
0.0108132
0.012879
0.0103558
0.0116661
0.0104602
0.0105283
0.0124504
0.0105725
0.0115508
0.0106529
0.0108069
0.0125282
0.0123419
0.0116479
0.0111256
0.0115637
0.0108632
0.0120421
0.0109074
0.0122577
0.0116048
0.0113277
0.011728
0.0111738
0.0112855
0.0112773
0.0112549
0.0112072
0.0120096
0.0119682
0.0115261
0.00149411
0.00690848
0.0099684
0.0155619
0.00871617
0.00738341
0.00816131
0.00900967
0.00957732
0.00962465
0.0129618
0.00977897
0.0131412
0.0116062
0.0151881
0.0118465
0.0109185
0.0125349
0.0113022
0.0117755
0.0119341
0.010848
0.010604
0.0106137
0.0123191
0.0107662
0.0110497
0.0107431
0.0124215
0.0120219
0.0108218
0.0111434
0.0122785
0.0109049
0.0109472
0.0109519
0.0112474
0.0114762
0.0120126
0.011141
0.0121926
0.0121711
0.0110382
0.011909
0.0120714
0.0119091
0.0114201
0.0111228
0.0120251
0.0120719
0.0120415
0.0120431
0.0119555
0.0116178
0.0114186
0.0113824
0.0113797
0.0119692
0.0117432
0.0112785
0.0113303
0.0114344
0.0119007
0.011908
0.0113009
0.0116463
0.0119
0.0118855
0.0118278
0.0116595
0.0113694
0.00970347
0.0103005
0.0120589
0.0138917
0.0133815
0.014818
0.0123864
0.0139794
0.0100535
0.00941304
0.00974
0.00991997
0.0100004
0.011416
0.011884
0.0115997
0.0111687
0.0106045
0.0124776
0.0105606
0.0136505
0.0140427
0.00927963
0.0110599
0.00981322
0.0119509
0.0128331
0.0124032
0.00679332
0.00724656
0.0147109
0.00721201
0.0183992
0.0129299
0.0164903
0.00579818
0.0159112
0.00945152
0.0112391
0.0125341
0.00841989
0.013722
0.00914797
0.0116062
0.0116062
0.0118121
0.0128044
0.0112183
0.0129784
0.0120518
0.0129613
0.0112434
0.0117082
0.0128178
0.0126098
0.0110327
0.0112444
0.0124911
0.0125281
0.0110612
0.0115386
0.0110723
0.0124991
0.0116433
0.0122711
0.0122366
0.010871
0.0123202
0.0110937
0.0109614
0.0118803
0.0110827
0.0118768
0.0109468
0.0120093
0.0121884
0.0121283
0.0113761
0.0121491
0.0112677
0.0117065
0.0120721
0.0116638
0.0117149
0.012014
0.0120271
0.0111787
0.0118824
0.011561
0.0120187
0.011198
0.0119845
0.0118294
0.011714
0.0112718
0.011932
0.0113853
0.0112702
0.0118684
0.0117682
0.0113046
0.0116047
0.00395896
0.0182784
0.012244
0.0142282
0.00966581
0.00661913
0.00716326
0.00985116
0.00783394
0.00786401
0.00855387
0.0121179
0.0109718
0.0089505
0.0138413
0.0124067
0.00956166
0.00928393
0.00976377
0.0097305
0.0123195
0.00975317
0.0123684
0.0131568
0.0105595
0.0114529
0.0123062
0.0104905
0.011514
0.00824852
0.00917679
0.00951653
0.0127708
0.0110611
0.0117144
0.0122382
0.0116961
0.0106386
0.0107765
0.0118039
0.0118462
0.0110541
0.0114345
0.0034501
0.0138832
0.00658793
0.0142878
0.00782936
0.0144446
0.013337
0.0132807
0.00928586
0.00953779
0.0129689
0.0122286
0.010182
0.0124065
0.0115714
0.0115944
0.0130613
0.0123199
0.012484
0.0117366
0.0118635
0.0134954
0.00984425
0.00984357
0.010756
0.0100786
0.0102384
0.0102296
0.011953
0.0111591
0.0126606
0.0126556
0.0125028
0.0121552
0.0121321
0.0107952
0.0108464
0.0110418
0.0122455
0.0121629
0.0120467
0.0118243
0.00405319
0.00742167
0.0162852
0.00267361
0.014755
0.0171469
0.0101768
0.0122784
0.00866505
0.0111955
0.0145317
0.0132378
0.00985624
0.0134296
0.0133082
0.0198284
0.00189681
0.0157655
0.0121606
0.0050289
0.0129039
0.0120968
0.0156191
0.0144394
0.0118946
0.00966689
0.00902288
0.0115411
0.0117773
0.0116062
0.0116062
0.0144492
0.0120766
0.0113862
0.0126849
0.0116314
0.011704
0.0124221
0.0107605
0.0108203
0.0121193
0.011588
0.0117137
0.0121764
0.0117417
0.0115126
0.011663
0.0121407
0.0122735
0.0111766
0.0109829
0.0110789
0.0120178
0.0115692
0.0116328
0.0118287
0.0119624
0.0121293
0.0121044
0.0112828
0.0112982
0.0120697
0.0120659
0.0115775
0.0113455
0.0112225
0.011984
0.011324
0.0117787
0.0117074
0.0118635
0.0119517
0.0116856
0.0119448
0.0117889
0.0113699
0.0117005
0.0118638
0.0117863
0.0113147
0.0113218
0.0115894
0.0115334
0.0113939
0.0118611
0.0113587
0.0118106
0.0117843
0.0115722
0.0132467
0.00917327
0.00588586
0.0160081
0.0154234
0.00843064
0.0110794
0.00825256
0.00951097
0.0116639
0.0126922
0.0119267
0.0106621
0.0107109
0.00841815
0.00704992
0.0112151
0.0146667
0.00981091
0.014113
0.00978102
0.0130965
0.0108503
0.00987365
0.0132906
0.013207
0.0131047
0.0125619
0.0101864
0.0102705
0.0128087
0.010497
0.0103968
0.0105861
0.0124925
0.010559
0.0107111
0.0116488
0.0107824
0.0118969
0.0122867
0.00982741
0.0116062
0.0117051
0.0129974
0.0106979
0.011981
0.0120184
0.010741
0.00993918
0.0105742
0.0100691
0.0101186
0.0107564
0.0115547
0.0103877
0.0104657
0.0107426
0.0105463
0.0109364
0.0123163
0.0116745
0.011927
0.0107023
0.0115685
0.0109067
0.012129
0.0108864
0.0110354
0.0108809
0.0114631
0.0120802
0.0122726
0.0110704
0.0109876
0.0112109
0.0121651
0.0121677
0.0110686
0.011078
0.0117443
0.0111243
0.0115077
0.0114069
0.0112409
0.0119871
