0.0250254
0.0217864
0.0207885
0.0246022
0.023904
0.0220604
0.024449
0.0242782
0.0237465
0.0245339
0.0238462
0.0239054
0.0250953
0.0250649
0.0250316
0.0250815
0.0250571
0.0250348
0.0250482
0.0250401
0.0250488
0.0250407
0.0250326
0.0250308
0.0250425
0.0250331
0.0250353
0.025036
0.0250287
0.0250413
0.0250397
0.0250376
0.0250399
0.0250313
0.0250368
0.0250398
0.0250363
0.025033
0.0250334
0.0250376
0.0250373
0.0250324
0.0250383
0.0250289
0.0250373
0.0250299
0.0250373
0.0250331
0.025037
0.025036
0.025033
0.0250301
0.0250331
0.025033
0.0250335
0.025036
0.0250354
0.0250326
0.0250333
0.0250348
0.0250343
0.0250331
0.0250346
0.0250328
0.025034
0.0250294
0.0250314
0.0250308
0.025034
0.0250325
0.0250336
0.02503
0.0256707
0.0251669
0.0250726
0.0252406
0.0251688
0.0251496
0.0250649
0.025053
0.0251166
0.0250145
0.0251558
0.0250529
0.0251285
0.0251332
0.0251217
0.0250894
0.0250628
0.025085
0.0250963
0.0250398
0.0250743
0.0250464
0.0250554
0.0250759
0.0250752
0.0250425
0.0250698
0.0250406
0.0250562
0.0250211
0.0250586
0.0250638
0.0250555
0.0250593
0.0250474
0.0250502
0.0250466
0.0250365
0.0250477
0.0250485
0.0250372
0.0250504
0.025044
0.025037
0.0250295
0.0249275
0.0248694
0.0250097
0.0249471
0.0249425
0.0249317
0.0249573
0.0249866
0.0249507
0.0249434
0.0249741
0.0249802
0.0249966
0.024997
0.0250302
0.025002
0.0249797
0.025039
0.0250128
0.0250296
0.0250017
0.0249979
0.0250213
0.025037
0.0250058
0.0250001
0.0250094
0.0250288
0.0250095
0.0250136
0.0250331
0.025007
0.0250328
0.0250274
0.025025
0.0250191
0.0250176
0.0250292
0.0250266
0.0250152
0.025016
0.0250223
0.0250296
0.024971
0.02496
0.0250217
0.0249774
0.0249917
0.0249846
0.0249984
0.0250074
0.0249853
0.024986
0.0249966
0.0250041
0.0250117
0.0250117
0.02503
0.0250141
0.0250009
0.025036
0.025018
0.0250297
0.0250114
0.0250094
0.0250244
0.0250346
0.0250141
0.0250112
0.0250162
0.0250292
0.0250163
0.0250196
0.025032
0.0250152
0.0250318
0.0250282
0.0250266
0.0250224
0.0250214
0.0250293
0.0250276
0.02502
0.0250205
0.0250249
0.0250117
0.0249198
0.0249879
0.0247861
0.0249269
0.0248202
0.0250031
0.0248395
0.0248558
0.0248617
0.0249769
0.0249231
0.0249248
0.0249198
0.0249663
0.0249921
0.0249475
0.0249754
0.0249773
0.0249459
0.0249895
0.0249578
0.0249696
0.0249649
0.0249972
0.0249727
0.0250319
0.0249863
0.0249974
0.024978
0.0250296
0.0249734
0.0250095
0.0249951
0.0250228
0.0250111
0.0250145
0.0250029
0.0250269
0.025008
0.0250098
0.0250167
0.0250125
0.0250144
0.0250137
0.0250139
0.0250308
0.0250329
0.0250226
0.0250172
0.0250164
0.0250307
0.0250341
0.0250285
0.0250233
0.02502
0.0250309
0.0250257
0.0250251
0.0250245
0.0250216
0.0250229
0.0250251
0.0250312
0.0250298
0.0250292
0.0250267
0.025031
0.0250283
0.0250239
0.0250248
0.0250284
0.0239226
0.0247379
0.0246253
0.0248537
0.0249723
0.0247372
0.0247954
0.0248618
0.0249549
0.0248382
0.0248771
0.0250146
0.0248732
0.0249674
0.0248915
0.0248782
0.0249501
0.0248906
0.0249907
0.0250038
0.0249876
0.0249496
0.0249561
0.0249734
0.0249654
0.0250197
0.0250282
0.0249678
0.0249656
0.0249843
0.0250064
0.0249773
0.0250324
0.0249823
0.0249936
0.0250125
0.0250179
0.0250151
0.0249895
0.024992
0.0250079
0.0250627
0.0250298
0.0250427
0.0250497
0.0250481
0.0250369
0.0250343
0.0250426
0.0250383
0.0250402
0.0250392
0.0250389
0.0250375
0.0250387
0.0250378
0.025038
0.0250318
0.0250344
0.0250351
0.0250382
0.0250377
0.0250378
0.0250376
0.0250372
0.0250324
0.0250364
0.0250362
0.025034
0.0250353
0.0250334
0.0250314
0.0250303
0.0250354
0.0250357
0.0250356
0.0250344
0.0250335
0.0250292
0.0250314
0.0250346
0.02503
0.0250335
0.0250343
0.0250295
0.0250317
0.0250341
0.0250323
0.0250337
0.0250327
0.0250325
0.0250326
0.0250332
0.0250303
0.0250324
0.0250292
0.0250318
0.0249811
0.0245941
0.0247399
0.0247333
0.024762
0.024784
0.0248092
0.024976
0.0248794
0.0248901
0.0249076
0.024906
0.0250076
0.0249878
0.0247944
0.0245499
0.0244327
0.0241113
0.0244947
0.0246861
0.0244717
0.0248518
0.0250124
0.0246311
0.0245722
0.0245736
0.0248707
0.0247119
0.0247241
0.024758
0.0247999
0.0247968
0.0248493
0.0249956
0.0248217
0.0248774
0.0249242
0.0249746
0.0248863
0.0248844
0.0249881
0.0249154
0.0249163
0.025059
0.0250453
0.025038
0.0250555
0.0250337
0.0250461
0.0250356
0.0250358
0.025041
0.0250398
0.025038
0.0250332
0.0250348
0.0250352
0.025036
0.0250294
0.0250362
0.0250368
0.025035
0.0250344
0.0250362
0.0250332
0.0250349
0.0250361
0.0250353
0.0250283
0.0250346
0.0250347
0.0250338
0.0250342
0.0250318
0.0250341
0.0250322
0.0250325
0.0250335
0.0250334
0.0250322
0.0250319
0.0250317
0.0250295
0.0250325
0.0250301
0.0250325
0.0250321
0.0250297
0.0249765
0.0247415
0.0248227
0.0249781
0.0248973
0.0248992
0.0249223
0.024931
0.0250094
0.0249444
0.0249253
0.024941
0.0249429
0.0249433
0.0249778
0.024996
0.0249727
0.0250269
0.0250146
0.0249965
0.0249594
0.0250246
0.0249866
0.0249697
0.0249775
0.0249864
0.0250053
0.0249883
0.0250085
0.0250242
0.0250182
0.0249836
0.0250154
0.0250209
0.0249905
0.0250086
0.0250301
0.0250148
0.0249969
0.0250052
0.025
0.0250141
0.0250118
0.0250068
0.0231763
0.0229681
0.0233415
0.0239921
0.0242572
0.024483
0.0241373
0.0240579
0.0242456
0.0245476
0.0244696
0.0244737
0.0246239
0.0249298
0.0244975
0.0249117
0.0248597
0.0249595
0.0250066
0.0248952
0.024917
0.024942
0.0249859
0.0249454
0.0249526
0.0250217
0.0249561
0.0249973
0.0249616
0.024959
0.0249859
0.0249629
0.0250066
0.0250139
0.025007
0.0249866
0.0249901
0.0249997
0.0249945
0.0250241
0.0250291
0.0249959
0.024995
0.0250049
0.0250158
0.0250012
0.0250315
0.0250037
0.0250097
0.0250199
0.0250224
0.0250214
0.0250073
0.0250083
0.0250174
0.0248958
0.024367
0.0245828
0.0241895
0.0245525
0.0247108
0.0247137
0.0247039
0.0247352
0.0249988
0.0249654
0.0248216
0.0249864
0.0247981
0.0248322
0.0249705
0.0249808
0.024954
0.0249078
0.0249957
0.0248905
0.0249412
0.0249192
0.0249348
0.0249875
0.0249549
0.0249551
0.0249334
0.0250242
0.0248894
0.0250116
0.0250212
0.0249847
0.0249839
0.0250331
0.0249804
0.0250078
0.0249821
0.0250017
0.0250135
0.0249983
0.0250226
0.0250147
0.0250365
0.0250041
0.0250179
0.0250152
0.0250182
0.0250154
0.025034
0.0250114
0.0250067
0.0250003
0.0250191
0.0250066
0.0250052
0.0250166
0.0250237
0.0250175
0.0250317
0.0250086
0.0250196
0.0250115
0.025023
0.0250118
0.0250142
0.0250144
0.0250215
0.0250168
0.0250187
0.0231273
0.0231469
0.0233421
0.0238979
0.0247836
0.0238328
0.0239673
0.0249498
0.0243477
0.0245073
0.0248124
0.0245322
0.0250297
0.0251755
0.0250606
0.0250417
0.0250397
0.0250653
0.0250442
0.0250506
0.0250538
0.025062
0.0250657
0.0250663
0.025067
0.0250315
0.0250649
0.0250283
0.0250614
0.0250603
0.0250363
0.0250334
0.0250533
0.0250617
0.0250575
0.0250501
0.0250533
0.0250401
0.0250491
0.0250482
0.0250296
0.025037
0.0250394
0.0250522
0.0250502
0.0250453
0.0250378
0.025043
0.025046
0.0250443
0.025048
0.0250447
0.0250436
0.0250353
0.0250296
0.0250385
0.0250403
0.0250357
0.0250436
0.0250353
0.0250392
0.025033
0.0250332
0.0250348
0.0250296
0.0250394
0.025041
0.0250385
0.0250333
0.0250404
0.0245144
0.0237693
0.0241153
0.0240846
0.0243878
0.0243015
0.024976
0.0246407
0.0246389
0.0247201
0.0249458
0.0247273
0.0249649
0.0248002
0.0238422
0.0234889
0.0237581
0.0242387
0.0244368
0.0246053
0.0243561
0.0243005
0.0244322
0.0246542
0.0245954
0.0245973
0.0247101
0.0249492
0.0236856
0.0237819
0.0239605
0.0228279
0.0231916
0.022619
0.0230561
0.0231912
0.0237787
0.0238025
0.0245827
0.0239883
0.0246579
0.0246966
0.024456
0.0250297
0.02503
0.0250468
0.0251436
0.0250541
0.0250385
0.0250479
0.0250784
0.025054
0.0250713
0.0250809
0.0250644
0.0250577
0.0250374
0.025042
0.025046
0.0250647
0.025064
0.0250419
0.0250408
0.0250459
0.0250499
0.0250453
0.0250576
0.0250342
0.0250374
0.0250555
0.0250553
0.0250283
0.025054
0.0250513
0.0250486
0.0250436
0.0250439
0.0250398
0.0250477
0.0250358
0.0250315
0.0250445
0.0250473
0.0250419
0.0250457
0.0250437
0.0250449
0.0250371
0.0250347
0.0250342
0.0250319
0.0250425
0.0250294
0.0250278
0.0250392
0.0250383
0.0250309
0.0250362
0.0233825
0.0227306
0.0234436
0.0241071
0.0241711
0.0248243
0.0242154
0.0249465
0.0242422
0.0245046
0.0248649
0.0246599
0.0249226
0.0249233
0.0247215
0.0248803
0.0248436
0.0245871
0.0248031
0.0248541
0.0246883
0.0247005
0.0247398
0.0249322
0.024859
0.024819
0.0248749
0.0249805
0.024328
0.0246108
0.0249691
0.0247036
0.024858
0.0249042
0.0248888
0.0248792
0.0248608
0.0248701
0.0249117
0.0249678
0.0249194
0.0247752
0.0237465
0.0248669
0.0239019
0.0242081
0.0248763
0.0247968
0.0249079
0.024633
0.0246025
0.0250059
0.0248693
0.0247797
0.0247567
0.0250152
0.0249302
0.0249956
0.0248231
0.024937
0.0248495
0.0250053
0.0248656
0.0248797
0.0248844
0.0249823
0.0249352
0.0249368
0.0249327
0.0249731
0.0249959
0.0249565
0.024981
0.0249827
0.0249549
0.0249935
0.0249654
0.0249757
0.0249716
0.0250002
0.0249784
0.0250317
0.0249905
0.0250004
0.024983
0.0231649
0.0218417
0.0239367
0.0233911
0.023815
0.0233361
0.0234398
0.0243555
0.0243822
0.0241225
0.024355
0.0248161
0.0249174
0.0248042
0.0247768
0.0220056
0.0226418
0.0238544
0.0248795
0.0237306
0.0236357
0.0237943
0.0244565
0.0241126
0.0240691
0.0242337
0.0246929
0.0245403
0.0252141
0.0250744
0.0251486
0.0250446
0.0250323
0.0250886
0.0250729
0.0250526
0.0250696
0.0250611
0.0250575
0.0250559
0.0250585
0.0250564
0.0250386
0.0250505
0.0250586
0.0250404
0.0250588
0.0250403
0.0250562
0.0250547
0.0250501
0.0250321
0.0250516
0.0250393
0.0250494
0.0250521
0.0250526
0.0250405
0.0250477
0.0250462
0.0250433
0.0250437
0.025034
0.0250485
0.0250459
0.0250422
0.0250359
0.0250296
0.0250286
0.0250286
0.0250379
0.0250328
0.0250439
0.0250427
0.0250432
0.0250292
0.0250372
0.0250393
0.0250407
0.0250396
0.02503
0.0250403
0.0250393
0.0250395
0.0250358
0.0250393
0.0159696
0.0236889
0.0229103
0.0229173
0.0232659
0.0248121
0.024339
0.0239462
0.0244163
0.0242173
0.0246535
0.0244521
0.0248233
0.0245874
0.0246203
0.0247736
0.0248952
0.0249665
0.0248692
0.024816
0.024881
0.0250058
0.0250102
0.0249618
0.0248842
0.0248779
0.0248901
0.024996
0.0249444
0.025034
0.0250185
0.0249927
0.0249437
0.0249343
0.0249739
0.0249896
0.024959
0.0249686
0.024994
0.0249732
0.0250042
0.0249725
0.0249766
0.0249465
0.0249566
0.0249985
0.0249582
0.0249442
0.0249885
0.0249797
0.024967
0.0249721
0.0249935
0.0249665
0.0250099
0.0249717
0.0250274
0.0249833
0.0249853
0.0250216
0.0250327
0.0250022
0.024992
0.0250029
0.0250129
0.0249893
0.0250165
0.0249923
0.0249952
0.0250319
0.025018
0.0250068
0.0250028
0.0250069
0.0250242
0.0250105
0.025016
0.0250088
0.0250076
0.0250293
0.0250095
0.0250095
0.0250095
0.0250104
