0.408251
0.00253859
0.00972924
0.012903
0.00186008
0.00625675
0.011152
0.0103804
0.0149572
0.0178452
0.01109
0.0112299
0.0108157
0.0173098
0.0159744
0.0170207
0.013759
0.0151959
0.0131967
0.0164979
0.0135688
0.0155187
0.0138929
0.0139156
0.0140204
0.0157939
0.0154301
0.0145772
0.0156876
0.176426
0.165721
0.0016815
0.00234765
0.0191991
0.00701398
0.0187155
0.00969147
0.0186924
0.00857258
0.0157637
0.0164164
0.0106227
0.0109311
0.0117493
0.0136902
0.0149223
0.0173891
0.0123423
0.0172734
0.0173128
0.0159159
0.0170654
0.0134977
0.0152134
0.0139397
0.014041
0.013628
0.0138725
0.0167373
0.0139073
0.0140125
0.0143556
0.015102
0.0144611
0.0141708
0.0164825
0.0142776
0.0144118
0.0164056
0.0144906
0.0144546
0.0160629
0.0158595
0.0162024
0.0153084
0.0161991
0.015477
0.0162153
0.0148412
0.0146773
0.0156361
0.0150993
0.015656
0.0160694
0.0148638
0.0159059
0.0148793
0.015203
0.350413
0.133683
0.00418423
0.0190747
0.0180197
0.0112158
0.010744
0.0161748
0.0148192
0.00995093
0.00971186
0.00970917
0.0175189
0.0122523
0.0125359
0.0128383
0.0135613
0.0123764
0.0169717
0.0169549
0.0137193
0.0131969
0.0157282
0.0135681
0.0138045
0.0149668
0.0140864
0.0140929
0.0164015
0.320485
0.0209383
0.0559313
0.00522684
0.0181363
0.00186204
0.00615039
0.0160834
0.0156894
0.0181435
0.0169008
0.0178179
0.0147849
0.0117616
0.0173213
0.0159253
0.0121178
0.0134412
0.0126749
0.0142812
0.013611
0.0154944
0.0133471
0.0135822
0.0136997
0.0139722
0.014187
0.0162984
0.0162514
0.71224
0.049649
0.0178196
0.0663857
0.00695413
0.00299347
0.0185632
0.0121179
0.00174239
0.00881679
0.0122892
0.0170317
0.013021
0.0170812
0.0173294
0.015932
0.0110547
0.0116316
0.0123407
0.01515
0.0168692
0.0143415
0.0135416
0.0135593
0.502322
0.254319
0.0351646
0.0567134
0.0267278
0.000967621
0.00926105
0.0161179
0.0060193
0.0138414
0.0114483
0.0125144
0.0126508
0.017755
0.0154507
0.012352
0.0166271
0.0114387
0.0141147
0.0131711
0.0145684
0.0166621
0.016758
0.0138491
0.0146851
0.0164463
0.0161366
0.0163681
0.013823
0.697489
0.0542856
0.0112366
0.0203987
0.0101491
0.0133596
0.019191
0.0174886
0.00368564
0.00840175
0.00976574
0.0104943
0.0126689
0.017428
0.0109896
0.0163843
0.0125489
0.0147457
0.011737
0.0123464
0.0129034
0.0129485
0.0164215
0.0166821
0.0132564
0.0167071
0.0136017
0.0141244
0.016452
0.22833
0.0247786
0.0237186
0.0419233
0.00423526
0.0167784
0.0146069
0.00516398
0.016743
0.0163505
0.0104977
0.0165182
0.0105499
0.0117815
0.0147944
0.0119256
0.0123249
0.0135953
0.0137372
0.0132191
0.0131053
0.0131551
0.0166131
0.0164389
0.016444
0.0164738
0.015622
0.0140913
0.0153505
0.108129
0.0893321
0.0127329
0.000204364
0.0150989
0.000205855
0.0010978
0.0178254
0.0180987
0.0118992
0.0142134
0.00900895
0.0179592
0.0113032
0.010718
0.0175279
0.0118056
0.0144488
0.0125789
0.0124795
0.0126588
0.0129171
0.0161863
0.013718
0.0135125
0.0138359
0.0164105
0.0145634
0.352624
0.0134134
0.0397563
0.043265
0.00661963
3.01939e-05
0.0120579
0.0175875
0.0116744
0.0175007
0.0103945
0.00969965
0.0170386
0.012084
0.0123018
0.0152471
0.0143971
0.0154891
0.0128541
0.0130733
0.0135018
0.0133116
0.013485
0.0164862
0.0141439
0.0159056
0.01423
0.0154005
0.230008
0.00113128
0.0106476
0.00339191
0.0191479
0.00356533
0.00562956
0.00539396
0.0179968
0.00835723
0.0115423
0.0149354
0.0146482
0.0169382
0.0117811
0.0127035
0.0135085
0.0129399
0.015675
0.0142299
0.0137767
0.0136026
0.0136455
0.0138406
0.0145377
0.0142871
0.0140797
0.0163761
0.014349
0.0143724
0.167593
0.0493586
0.00324901
0.0105021
0.0169772
0.0100059
0.0182133
0.0130757
0.0176795
0.0133328
0.0172441
0.0172776
0.017172
0.0170022
0.0132894
0.0168495
0.0152974
0.0140494
0.0145374
0.0148235
0.0151918
0.0164472
0.0143915
0.0162717
0.0147968
0.0144604
0.014598
0.0154878
0.0210915
0.00124626
0.00133744
0.0552974
0.024619
0.01275
0.0184642
0.000722643
0.0185371
0.00533069
0.00931598
0.00853709
0.0101516
0.0145481
0.0150428
0.017541
0.0164636
0.0121362
0.0128172
0.0122402
0.0126233
0.0128156
0.0168739
0.013598
0.0157349
0.0134383
0.0164069
0.0161472
0.014351
0.078459
0.0166863
0.00168777
0.0162942
0.0185787
0.00917942
0.017983
0.0118238
0.0108698
0.0117752
0.0123026
0.0137512
0.0131773
0.0131706
0.0154704
0.0138742
0.0143967
0.0164162
0.0140996
0.0163524
0.0141128
0.0164322
0.0143369
0.0152631
0.0155234
0.0159674
0.0158192
0.0154755
0.0159388
0.669065
0.0115337
0.011989
0.0199538
0.0110883
0.00395366
0.00549435
0.015058
0.0115489
0.00589351
0.0093844
0.0126538
0.0169915
0.016971
0.0158373
0.0146047
0.0151245
0.0166284
0.0169203
0.0132717
0.0167449
0.0133934
0.0158973
0.0151574
0.0137257
0.016523
0.0139185
0.0154271
0.00745266
0.00569292
0.0135192
0.000916777
0.0104107
0.00876519
0.00638015
0.0175475
0.0107272
0.0126857
0.0170777
0.0122547
0.0135982
0.0170627
0.0130046
0.0165696
0.0139723
0.0165568
0.0138978
0.0164767
0.0159068
0.016187
0.0141648
0.0162495
0.0146121
0.0144927
0.0161234
0.0159821
0.0146481
0.0159282
0.1253
0.0101007
0.0193647
0.00901967
0.0184676
0.0180103
0.0170724
0.0172317
0.0178209
0.0177548
0.0115075
0.016974
0.011869
0.0135875
0.0125684
0.0138204
0.013672
0.0167194
0.0138977
0.0136819
0.0138942
0.013856
0.01519
0.0141726
0.0145104
0.0150722
0.016345
0.0146055
0.0146214
0.0161156
0.130434
0.0101007
0.0171591
0.00926008
0.0184663
0.0179991
0.0170335
0.0172022
0.0178141
0.0177494
0.0115535
0.0169611
0.011906
0.0135989
0.0125936
0.0138292
0.0136822
0.0167139
0.0139058
0.0136925
0.0139025
0.0138652
0.0151907
0.014179
0.0145143
0.015074
0.016342
0.014609
0.0146256
0.0161131
0.64608
0.0151485
0.0240187
0.0124707
0.00787499
0.00398858
0.00663888
0.00868135
0.00698563
0.0109987
0.0177584
0.0161835
0.0117761
0.014933
0.0123141
0.0161976
0.0170003
0.0132113
0.0169086
0.0168228
0.0135411
0.0147637
0.0142354
0.0163221
0.0140998
0.0141248
0.0146402
0.0154556
0.768188
0.000596011
0.0174442
0.0239358
0.0193125
0.00200137
0.00272489
0.0116318
0.0107331
0.00646498
0.00844708
0.00781431
0.0104335
0.0128099
0.010536
0.0109103
0.0168114
0.0113794
0.0120479
0.0171699
0.0136045
0.0134912
0.012881
0.0165362
0.0132735
0.01597
0.0161674
0.0145528
0.00908914
0.00492618
0.0148137
0.000209919
0.0107257
0.00863501
0.00627657
0.0175678
0.0106934
0.0126693
0.0170862
0.0122479
0.0136111
0.0170631
0.0130024
0.0165713
0.0139718
0.0165561
0.0138994
0.0164754
0.0159082
0.0161864
0.0141693
0.0162475
0.0146172
0.0144963
0.0161214
0.0159804
0.014652
0.0159265
0.055173
0.0226295
0.0203346
0.0161578
0.00232521
0.005029
0.00981902
0.011926
0.00568101
0.0183559
0.0090922
0.011497
0.0160365
0.0174786
0.0114277
0.0121197
0.0136803
0.013464
0.012027
0.0164566
0.0156219
0.0142159
0.0163612
0.0137779
0.0165787
0.0169652
0.0136101
0.0168247
0.0136807
0.0149501
0.0167444
0.0165507
0.0166584
0.0153835
0.0148746
0.0142145
0.0144396
0.0164748
0.0162648
0.0158464
0.0161523
0.0147172
0.0144148
0.0158014
0.0159823
0.0159924
0.0152516
0.0161366
0.014566
0.0156549
0.016161
0.0157727
0.0160581
0.0149372
0.0147701
0.0158544
0.0155325
0.0150999
0.0155277
0.951007
0.0861518
0.0053188
0.0108138
0.0144821
0.0176464
0.0184597
0.0181589
0.0089397
0.00888785
0.0123625
0.0112784
0.011206
0.0173372
0.0125335
0.01706
0.0153272
0.0166783
0.0131333
0.0158395
0.0161062
0.0166
0.0156779
0.0143213
0.0143319
0.016058
0.0146906
0.0160697
0.0162731
0.0149224
0.104117
0.113051
0.00962884
0.0193701
0.00574351
0.0177563
6.10083e-05
0.018569
0.0119877
0.0085831
0.0177823
0.00917246
0.0124569
0.0170771
0.0171233
0.0118773
0.0161909
0.0173745
0.0148548
0.0166487
0.0127744
0.0128474
0.0131267
0.0131346
0.0133039
0.0169326
0.0137016
0.0168002
0.0150743
0.0136931
0.0166606
0.0140772
0.0143154
0.0164264
0.0141672
0.0164914
0.0145425
0.0150036
0.0164273
0.0143819
0.0143644
0.0161522
0.0144379
0.0145059
0.0159583
0.0153088
0.0162109
0.0161528
0.0146687
0.0161634
0.0147626
0.0158907
0.0150269
0.0156909
0.014834
0.0148167
0.0205333
2.83215
0.0700448
0.0194474
0.0176004
0.0163005
0.00769807
0.00181719
0.0126066
0.0184152
0.0181761
0.0125481
0.0129724
0.0131818
0.0108504
0.0157691
0.017437
0.0129016
0.0131964
0.0126532
0.0173029
0.0147028
0.0154956
0.0150438
0.0149671
0.0137239
0.0167944
0.0141568
0.0139538
0.0167842
0.0150083
0.0161806
0.0142306
0.0154894
0.0140583
0.0142814
0.0142571
0.0143782
0.0142974
0.0156561
0.0162393
0.0154327
0.0144209
0.014611
0.0163298
0.0152516
0.0145551
0.0153597
0.0160395
0.0161776
0.014802
0.016142
0.0159432
0.015675
0.0157692
0.0148074
0.0156245
0.0156983
0.0150058
0.0156793
