0.00713756
0.0050527
0.0182204
0.0184579
0.0139893
0.0156899
0.0180938
0.0182974
0.0161538
0.0164328
0.0161655
0.0174262
0.0178524
0.0165096
0.0172888
0.0165522
0.0167501
0.0166959
0.0167155
0.0174175
0.0177532
0.0174025
0.0170392
0.0169683
0.0169049
0.0171771
0.0170664
0.0146104
0.0197705
0.0171579
0.0210661
0.0192458
0.0159108
0.0162429
0.0197572
0.0187832
0.016227
0.018371
0.0163157
0.0185166
0.0165991
0.0177558
0.0168834
0.0180244
0.0183267
0.0165981
0.0166384
0.0167467
0.0179409
0.0179624
0.016736
0.0180954
0.017902
0.0178867
0.0179181
0.0168838
0.0168648
0.0168839
0.0169667
0.0177538
0.0169104
0.0175655
0.0177952
0.0177615
0.017193
0.0176378
0.0172399
0.0175245
0.0170182
0.0173645
0.0170687
0.017657
0.0176521
0.0172902
0.0171348
0.0173847
0.0173691
0.0171094
0.0170974
0.0171863
0.0171049
0.0175551
0.0174765
0.0175641
0.0175596
0.00305567
0.0182397
0.00313866
0.0179089
0.0186946
0.0156855
0.0140799
0.0185182
0.0183245
0.0147238
0.017807
0.0159248
0.0161514
0.0161362
0.0159321
0.0165371
0.018006
0.01634
0.0163242
0.0178027
0.017846
0.0165599
0.0166259
0.0168359
0.0167189
0.017326
0.0175977
0.0174866
0.0171739
0.017679
0.0502214
0.0115291
0.0185652
0.0173986
0.0113462
0.01506
0.0185898
0.0137465
0.0170916
0.0150183
0.0171878
0.0179725
0.0175727
0.0164977
0.0172636
0.0179104
0.0163815
0.0172805
0.0178978
0.0172427
0.0166884
0.0168586
0.0177563
0.0177126
0.0168381
0.0169135
0.0176396
0.393729
0.0892294
0.019374
0.00569064
0.0125063
0.00461025
0.00790117
0.0187091
0.0179869
0.0182413
0.018446
0.0183084
0.0182848
0.0158409
0.0175648
0.0155387
0.0179165
0.0159075
0.0163902
0.0179553
0.0162558
0.017823
0.0163562
0.0169564
0.0170422
0.0165664
0.016632
0.017551
0.000394852
0.000574639
0.00688211
0.00833046
0.014821
0.0126352
0.0181636
0.0138672
0.0183579
0.0151826
0.0157246
0.0160209
0.0181278
0.0175949
0.0175731
0.016392
0.0173267
0.0163997
0.0163512
0.0171965
0.0166199
0.0177273
0.0168175
0.0166664
0.017373
0.017616
0.0175595
0.0137936
0.00416469
0.0155154
0.0188922
0.0143242
0.0122085
0.0148713
0.0145552
0.0144679
0.0147871
0.0169832
0.0183002
0.0173867
0.0181882
0.0155745
0.0158511
0.0164776
0.0162349
0.0179271
0.0179686
0.0177595
0.0179047
0.0164562
0.0165062
0.0167179
0.0173049
0.017035
0.0168002
0.0172351
0.13538
0.00081334
0.0145901
0.0165876
0.012183
0.0152093
0.0110984
0.0146699
0.0165286
0.0183858
0.0180125
0.0160972
0.0181125
0.0177553
0.016049
0.0179733
0.0163308
0.0162815
0.0165194
0.0178298
0.0169313
0.0165501
0.0167286
0.0166776
0.0177032
0.0168525
0.0176055
0.0147454
0.0499017
0.0192244
0.0101992
0.0114738
0.0181116
0.013382
0.0154915
0.0150999
0.0161888
0.0151676
0.0156419
0.0169153
0.0156649
0.0160824
0.0180404
0.0169633
0.017966
0.0164413
0.0165027
0.016427
0.0175049
0.0165747
0.0167896
0.0169855
0.0166994
0.0167956
0.0169213
0.0168122
0.00609521
0.0182088
0.00293155
0.017914
0.0186945
0.0156651
0.014125
0.0185172
0.0183219
0.0147491
0.017803
0.0159333
0.0161576
0.0161426
0.0159415
0.0165402
0.0180043
0.0163451
0.0163297
0.0178009
0.0178443
0.0165644
0.01663
0.0168377
0.0167218
0.0173262
0.0175967
0.017486
0.0171749
0.0176777
0.00884214
0.00603489
0.0182239
0.0184531
0.0141061
0.0157254
0.0180795
0.0182949
0.016171
0.0164424
0.016183
0.017423
0.0178474
0.0165183
0.0172886
0.0165618
0.0167573
0.0167019
0.0167224
0.0174166
0.0177505
0.0174019
0.0170426
0.0169723
0.0169091
0.017179
0.0170693
0.0128524
0.00852878
0.0131445
0.0195577
0.0188197
0.0155367
0.018876
0.0186437
0.0183877
0.0163644
0.0164754
0.0173052
0.0165581
0.0168428
0.0179335
0.0178483
0.0176199
0.0168416
0.0178019
0.0168856
0.0177245
0.0177298
0.0177098
0.0176891
0.017003
0.0175607
0.0173789
0.0174393
0.0170736
0.0170819
0.00164042
0.00144084
0.00718156
0.00856993
0.0148615
0.0126887
0.0181479
0.0138747
0.0183636
0.0151747
0.015722
0.0160151
0.0181331
0.0175907
0.0175698
0.0163681
0.0173195
0.0163873
0.0163323
0.0171887
0.0166017
0.0177321
0.0168026
0.0166508
0.017371
0.0176202
0.0175626
0.0234604
0.0214312
0.0198802
0.0144226
0.0149805
0.0153195
0.0159359
0.0157581
0.0162185
0.0168388
0.0164035
0.0165177
0.0180976
0.0166209
0.0175123
0.0179022
0.0178699
0.0178101
0.0178067
0.0174781
0.0177342
0.0175168
0.0175208
0.0174899
0.0175858
0.017047
0.0170444
0.0175888
0.0170945
0.00611076
0.00938076
0.0158265
0.0123907
0.018729
0.0129514
0.0175639
0.01552
0.0179879
0.0164147
0.0182491
0.0153875
0.0160734
0.0165545
0.0163067
0.0172144
0.0175391
0.0165555
0.0164757
0.0163591
0.0164874
0.016702
0.0165884
0.0177929
0.0168207
0.0167578
0.017641
0.0176456
0.0168488
0.0175612
0.00728516
0.0190745
0.0192707
0.01861
0.0155679
0.016943
0.0181314
0.0181285
0.0163541
0.017556
0.0164415
0.0166036
0.017233
0.0166915
0.0167668
0.0176995
0.0171629
0.0177834
0.0173057
0.0171803
0.01693
0.0176529
0.0175833
0.0169932
0.0173
0.0170392
0.0174171
0.0175868
0.0118457
0.00936881
0.00893566
0.0154565
0.0153363
0.0157951
0.0145969
0.0152903
0.0183761
0.0177555
0.0162685
0.0169993
0.0165051
0.0179446
0.0175522
0.0172498
0.016734
0.0168851
0.0175861
0.0176595
0.0176287
0.0169312
0.0169433
0.017003
0.0170232
0.0170412
0.0173051
0.0118467
0.0102724
0.00922458
0.0155085
0.0153831
0.0158242
0.0146572
0.0153263
0.0183726
0.0177414
0.0162785
0.0169983
0.0165111
0.0179429
0.0175494
0.0172492
0.0167372
0.0168878
0.0175844
0.0176578
0.0176273
0.0169331
0.0169452
0.0170046
0.0170244
0.0170426
0.0173052
0.0611683
0.0194522
0.0190525
0.00792191
0.0185958
0.0124776
0.0178831
0.0181766
0.015401
0.0164626
0.0181528
0.0178864
0.0180379
0.0176087
0.0179109
0.0166415
0.0165071
0.017065
0.0169051
0.0177205
0.016731
0.0177182
0.01712
0.0169337
0.0173618
0.0176116
0.016954
0.475967
0.0891875
0.0193737
0.00571874
0.0124511
0.00455439
0.00786646
0.0187092
0.0179907
0.0182436
0.0184465
0.0183093
0.0182852
0.0158379
0.0175663
0.0155361
0.0179172
0.0159061
0.0163891
0.0179557
0.016255
0.0178234
0.0163556
0.0169564
0.0170424
0.0165661
0.0166317
0.0175511
0.0112015
0.0151152
0.0153296
0.0190503
0.0146348
0.0162865
0.0161391
0.015985
0.0182383
0.018295
0.0164462
0.016548
0.0180491
0.0174582
0.0179377
0.0166993
0.0168208
0.017053
0.0168812
0.0169208
0.0168939
0.0177106
0.0176977
0.0176104
0.0169919
0.0176538
0.017615
0.017399
0.0172766
0.0175702
0.0275208
0.00687145
0.0211242
0.0151606
0.0158213
0.0193442
0.015408
0.0155025
0.0199561
0.0158367
0.0160801
0.0178739
0.0187424
0.0163189
0.018368
0.0185897
0.0164413
0.0184967
0.0183051
0.0166274
0.0169457
0.016911
0.0167795
0.0168111
0.0180846
0.0167736
0.0167698
0.0178106
0.0179501
0.0177546
0.0174189
0.01735
0.0171669
0.0169385
0.0173473
0.017042
0.0169928
0.0170508
0.0170867
0.0169749
0.0177077
0.0171551
0.0170732
0.0176149
0.0170367
0.0170395
0.0176377
0.0170977
0.0170935
0.017314
0.0171063
0.0172546
0.0173279
0.0175552
0.0171088
0.0171312
0.0175502
0.0175181
0.101075
0.0192728
0.00544786
0.0110488
0.0156215
0.018707
0.0145159
0.016444
0.0153535
0.0157494
0.0176474
0.0180638
0.0163278
0.0163438
0.0179176
0.0176075
0.0166867
0.016668
0.0167682
0.0171957
0.0167879
0.0169478
0.0177332
0.0172693
0.0174084
0.0174649
0.0175662
0.0169683
0.0171569
0.0210882
0.0384519
0.0147994
0.0222247
0.0201976
0.0159679
0.015673
0.0186066
0.0159608
0.0172302
0.015841
0.0172506
0.0165114
0.0188528
0.0185679
0.0183844
0.0163955
0.0164619
0.0165603
0.0167553
0.0166899
0.0181502
0.0181261
0.0170614
0.0167797
0.0167673
0.0179182
0.0169261
0.0170133
0.0168288
0.0178748
0.0178182
0.0169589
0.0174609
0.0178127
0.017201
0.0174863
0.0169536
0.0176897
0.0170547
0.0177052
0.0176309
0.0176585
0.0170286
0.0170389
0.0173113
0.0171216
0.0170573
0.0176216
0.017618
0.0170792
0.017233
0.0175259
0.0175727
0.0171609
0.0171877
0.0175644
0.015163
0.0197182
0.0197883
0.0190625
0.0157258
0.0160238
0.0219288
0.0186857
0.0162335
0.0162985
0.0161681
0.0185479
0.0169004
0.0187893
0.0165505
0.0184782
0.0166633
0.016652
0.0181898
0.0182143
0.0172384
0.0181624
0.0175775
0.0181128
0.0180819
0.0179677
0.0167994
0.0177994
0.0172768
0.0175596
0.0178925
0.0169231
0.0176919
0.0173191
0.0169306
0.0173902
0.0177136
0.016974
0.0176182
0.0169814
0.0176989
0.0176081
0.0173075
0.0176706
0.0176333
0.0170495
0.0170597
0.0174991
0.0171415
0.0171616
0.0170807
0.0175795
0.0171234
0.017251
0.0174885
0.0171171
0.0173379
0.0172463
