0.0918355
0.00850152
0.0148132
0.00178806
0.00141406
0.00258718
0.00306654
0.00195963
0.00214286
0.0018955
0.00101604
0.000768829
0.000236966
0.000450274
0.000220875
0.000844231
0.000554938
0.000467677
0.000221726
0.000130542
0.000290493
0.000474979
0.000338973
0.000284219
0.000327821
0.000387396
0.000146095
0.000350731
0.000186905
0.0271797
0.00104017
0.00107756
0.00213615
0.000217659
0.000435769
0.000983098
0.000819151
0.00034594
0.000108544
2.15343e-05
0.000265335
1.42416e-05
0.000276365
7.14767e-06
0.000219271
7.6238e-05
1.09934e-05
8.37906e-05
3.21588e-05
0.000187699
0.000112097
8.00597e-06
7.37526e-06
0.000189587
0.000103685
9.86447e-06
7.41492e-05
6.79643e-05
8.74374e-05
9.1709e-05
4.15909e-05
4.76002e-05
5.17879e-05
6.19404e-05
0.000154906
7.6237e-05
0.000102355
0.000118456
8.28343e-05
0.000159987
9.43351e-05
0.00017005
0.000148684
0.000105567
0.000123568
0.000119009
0.000145532
0.000173623
0.000108689
0.000154997
0.000119507
0.000145402
0.000111951
0.000110349
0.000111867
0.000129564
0.000115631
0.000131617
0.000131339
0.0477372
0.0265278
0.00883767
0.000146206
0.00470995
0.0040194
0.00110457
0.00456181
0.000895877
0.00186438
0.000631657
0.0017004
0.000783164
0.00143386
0.000447764
0.000243523
0.000820694
0.00040166
0.000736492
0.000554366
0.000689983
0.000696986
0.000630372
0.000368503
0.000286471
0.00015881
0.000507742
0.000251136
0.000300793
0.120702
0.013731
0.00128429
0.00163002
0.00685503
0.00214042
0.000718162
0.000850328
0.000180933
0.00200469
0.00075209
0.00159462
0.000624242
0.000830042
0.000288347
0.000203694
0.000762858
0.000267904
0.000694172
0.000347335
0.000122844
0.000559467
0.000125486
0.000526026
0.000358551
0.00032484
0.000141649
0.000226387
0.000323756
3.26953
0.00618282
0.00286456
0.00548281
0.0172386
0.0116034
0.00950015
0.000786002
0.00277721
0.0049793
0.000563585
0.0014132
0.00269628
0.00208704
0.000404508
0.00154375
0.00139713
0.00106144
0.000259483
0.00118673
0.000295984
0.00104291
0.000588988
0.000837332
0.000210851
0.000674203
0.000521603
0.000474906
0.062235
0.0478089
0.035092
0.00666743
0.00672587
0.00932168
0.00222467
0.000756513
0.000699549
0.00361852
0.00246648
0.00218427
0.000818481
0.000731139
0.00142389
0.000421856
0.000513334
0.000250718
0.000373739
0.00100094
0.000583386
0.000723627
0.000508881
0.000784296
0.000577042
0.000156951
0.000550781
0.000565629
0.000380649
0.00037467
0.173187
0.0121457
0.0218997
0.00182879
0.0122905
0.0036239
0.00047776
0.00428956
0.00272298
0.00286773
0.000864855
0.00155309
0.00182421
0.000118444
0.000539946
0.000573303
0.000502754
0.000343537
0.000187335
0.000248866
0.000181986
0.000565999
0.000178345
0.000564772
0.00023426
0.000459683
0.000567343
0.0207843
0.00740462
0.00721346
0.0134855
0.0090938
0.00521131
0.00400682
0.000753064
0.000609755
0.000143724
0.00063141
0.000107011
0.000782316
0.000426548
0.000766102
0.000987114
0.00038144
0.000368157
0.000223009
0.000693966
0.000696769
0.000252501
0.000459299
0.000179438
0.000476422
0.000268336
0.000434173
0.000343701
0.195307
0.0244722
0.0468188
0.00538174
0.0024641
0.000533007
0.0057018
0.00450448
0.00328893
0.0004808
0.00214503
0.00110143
0.00120417
0.00166216
0.00148365
0.000575618
0.000958185
0.00113504
0.000529646
0.000911039
0.000830688
0.000808897
0.00047242
0.000476287
0.000500968
0.000209848
0.00058886
0.000204281
0.000207952
0.0981878
0.0252753
0.00834129
0.000145906
0.00458382
0.00401334
0.00108672
0.00450024
0.000885858
0.0018422
0.000631161
0.0016897
0.000781753
0.0014257
0.000447193
0.000243108
0.000815808
0.000400204
0.00073247
0.000551849
0.000686463
0.000693475
0.000627509
0.000367337
0.000285802
0.00015876
0.000505568
0.000250653
0.000299995
0.234621
0.0582295
0.00684925
0.00800335
0.0011499
0.00153741
0.00307866
0.00188689
0.000316367
0.00119289
0.000313585
0.00069234
0.000292889
0.000261952
0.000290651
0.000517391
0.000548723
0.000576565
0.000416364
0.000203478
0.000486748
0.000425854
0.000407009
0.000352413
0.000292614
0.000337874
0.000162222
0.0182283
0.0324954
0.00379614
0.000324869
0.00178501
0.00026121
0.000387554
0.000108346
0.000274592
0.000501275
0.000306638
0.000247581
0.000443382
0.000395014
0.000111202
0.000335731
0.000143296
0.000302458
0.000214363
0.000278543
0.000265994
0.000222599
0.000125886
0.000151753
0.000230222
0.000159625
0.000222073
0.000135071
0.00017607
0.000205687
0.0729777
0.0493836
0.0315244
0.00627884
0.00697322
0.00940911
0.00230039
0.00074594
0.000719824
0.00364057
0.00248054
0.0022307
0.000819063
0.000747627
0.00145557
0.000429329
0.000522742
0.000251526
0.000379555
0.00102255
0.000590723
0.000738782
0.000518243
0.000800549
0.000588825
0.000157414
0.000561067
0.000576529
0.000386277
0.000380232
0.0170278
0.00504014
0.00202085
0.000623912
0.0012994
0.000555812
0.000546286
0.000335196
0.00044824
0.000236724
0.000280553
0.000399716
0.000307816
0.000315762
0.000130049
0.000205622
0.00026929
0.000189918
0.00020596
0.000140468
0.000130485
0.000203538
0.000218083
0.000204438
0.00019396
0.000141847
0.00015872
0.000174501
0.209128
0.0220261
0.0127557
0.00255244
0.00976454
0.000802813
0.000209036
0.00135081
0.00324179
0.00104112
0.00174131
0.00209051
0.000925552
0.000378389
0.000331477
0.000480036
0.000543283
0.000941951
0.000877492
0.000790573
0.000339586
0.00012821
0.000391782
0.000609248
0.000533892
0.000499529
0.000253709
0.000286365
0.0204592
0.0105988
0.00120079
0.00138726
0.000124616
0.000527286
0.000822879
0.000644491
0.000719143
0.000478773
0.000514958
0.000339475
0.000364471
0.000164806
0.000387268
0.000210553
0.000230376
0.000194855
0.000202016
0.000127387
0.00026609
0.000236107
0.000128688
0.000241126
0.000213857
0.000205145
0.000182818
0.000130462
0.000144768
0.000204519
0.023955
0.00324307
0.00552652
0.000532704
0.00188394
0.00198895
0.00182267
0.00168345
0.000806174
0.000772466
0.000509247
0.000168905
0.000257346
0.000377942
0.000429684
0.000476508
0.000258123
0.000145731
0.000185864
0.000362105
0.000180457
0.000343272
0.000227042
0.000210157
0.000191162
0.000130982
0.000247138
0.000274773
0.000242164
0.000253828
0.0179486
0.00324307
0.00498954
0.000516075
0.0018026
0.00192067
0.00180431
0.00164864
0.000805715
0.000770984
0.000509192
0.000169304
0.000256351
0.000375372
0.000428766
0.000474497
0.00025737
0.000145852
0.000185921
0.000360588
0.000180451
0.000342047
0.0002268
0.00020988
0.000191049
0.00013106
0.000246657
0.000274121
0.000241723
0.000253318
0.0530925
0.0321384
0.00615885
0.00763113
0.000938898
0.00180541
0.00340123
0.0017568
0.00135375
0.00130147
0.00010086
0.000597286
0.00015518
0.00114722
0.00114612
0.00073834
0.000243298
0.000310167
0.000716357
0.000588635
0.000642654
0.00054296
0.000304243
0.000179884
0.000298708
0.000374311
0.000266199
0.000434358
0.000194613
0.00039757
0.00415105
0.0113176
0.0205197
0.00479919
0.000818352
0.0136125
0.0008546
0.00059922
0.000842935
0.00138578
0.0039178
0.00108113
0.000132269
0.0027503
0.00223252
0.000198937
0.000286447
0.000771428
0.000398098
0.00042014
0.000478158
0.000336404
0.000433499
0.000845698
0.000139567
0.000815529
0.000543315
0.000624078
0.000569854
0.0003033
0.000602273
0.0016999
0.00220362
0.00252452
0.00144713
0.000521554
0.000940922
0.000665937
0.000492754
0.0002864
0.000177608
0.000329959
0.000287802
0.000346752
0.000154884
0.000166162
0.00029686
0.000178471
0.000194686
0.000125036
0.000121639
0.000218127
0.000252124
0.000209398
0.000198604
0.000228356
0.000224779
0.000189733
0.000193787
0.000208368
0.00591842
0.00602282
8.64426e-05
0.000300027
0.000567304
7.71663e-05
0.000185751
0.000224333
0.000224724
0.000227963
0.000176251
0.000151229
0.000215054
6.90539e-05
0.000205293
7.01689e-05
0.000140018
3.66174e-05
3.46939e-06
7.65633e-05
4.19306e-05
3.61417e-05
9.06349e-05
0.000167585
0.000198374
0.000181639
0.000164492
8.05185e-05
0.000173862
0.000104029
9.44125e-05
0.000100085
9.20492e-05
0.000177833
0.000182006
0.000183279
0.000161272
0.000115688
0.000123495
0.000139176
0.000111407
0.000171361
0.000114324
0.000114206
0.000166635
0.000125623
0.000174409
0.00012013
0.000121114
0.000122443
0.000154791
0.000141081
0.000150346
0.000126132
0.000131217
0.000127889
0.000134154
0.173581
0.00394583
0.0138283
0.00798457
0.00217886
0.000511506
0.000366563
0.000395055
0.000929854
0.000335151
0.00039885
0.000257589
0.000849475
0.000257788
0.000725411
0.000605981
0.000346267
0.000443947
0.000300985
0.000450067
0.000217531
0.000418886
0.000364631
0.000368642
0.000189957
0.000127162
0.000278295
0.000171361
0.0002429
0.00454273
0.00482675
0.000317171
0.000247917
0.000272153
0.000264909
0.000256182
0.000126809
0.000222359
4.14244e-05
0.000237665
1.63583e-05
1.81003e-05
0.000213275
9.38833e-05
7.21863e-05
0.000205436
9.2623e-05
6.33511e-05
7.22533e-05
0.000110752
9.26038e-05
0.000196877
0.000199218
9.39858e-05
0.000160708
0.000186822
0.000156601
0.000161833
0.000189353
0.000189024
0.000187548
0.000115856
0.000108454
0.000148582
0.000163117
0.000152864
0.00016038
0.000117512
0.000178577
0.00011995
0.000119453
0.0001337
0.00012247
0.000177046
0.00012466
0.000126857
0.000149985
0.000157865
0.000171994
0.000126654
0.000157668
0.000157329
0.000154205
0.000141809
0.000131759
0.016939
6.47949e-05
0.00281454
0.000168708
0.000590051
0.000291734
0.000571574
0.000426976
0.000288413
4.05034e-05
0.00019834
7.64318e-05
0.00020554
3.86671e-06
5.34339e-06
3.21061e-05
0.000169106
3.0629e-05
1.17475e-05
8.26202e-05
5.88901e-07
1.48322e-05
6.25876e-05
0.000178545
4.26823e-05
4.49328e-05
8.88389e-05
0.000162682
0.000166719
7.40419e-05
0.000167705
8.91369e-05
9.11321e-05
0.00011571
0.000112005
0.000167752
9.95697e-05
0.000161092
0.000180487
0.00012265
0.000103184
0.00016914
0.000105034
0.000141759
0.000122816
0.000167004
0.000126045
0.000119245
0.000128209
0.00013165
0.000126439
0.0001261
0.000129838
0.000155746
0.00012288
0.000122398
0.000124389
