0.0566327
0.00154927
0.00737924
0.0211984
0.0107424
0.0145186
0.0131404
0.0183454
0.0180794
0.012885
0.0173537
0.016261
0.0148032
0.0171778
0.0168188
0.0139476
0.014006
0.0142868
0.0166574
0.0164627
0.0143418
0.0153293
0.0158861
0.0161714
0.0162623
0.0154701
0.0155686
0.0147784
0.0147872
0.0704647
0.0302305
0.012263
0.0212603
0.0194655
0.0127401
0.0241045
0.013497
0.0172389
0.0131615
0.0188983
0.0193624
0.0174413
0.0177424
0.0169787
0.0168389
0.0137879
0.017863
0.0139014
0.0139718
0.0162096
0.0171805
0.0156029
0.0167781
0.0167437
0.0169616
0.0147871
0.0161556
0.0166716
0.0154554
0.0165849
0.0163829
0.0146307
0.0165015
0.0163529
0.0162607
0.0146389
0.0161956
0.0147646
0.0160653
0.0162562
0.0162232
0.0158545
0.0148063
0.0152835
0.0160325
0.0148547
0.0159913
0.0159852
0.0154353
0.01503
0.0159525
0.015973
0.0157534
0.0156589
0.0151656
0.0152082
0.0150288
0.0135038
0.0240424
0.0107075
0.0202885
0.021279
0.0187424
0.0115927
0.0187389
0.0112845
0.0179801
0.0124437
0.0176537
0.0176681
0.017148
0.0172952
0.0160124
0.01666
0.0138221
0.0158287
0.0168017
0.0150675
0.0141924
0.0159
0.0143098
0.0146729
0.0163737
0.0147223
0.0145531
0.0148222
0.0147266
0.024999
0.0224044
0.0213941
0.00925396
0.021068
0.0176966
0.0107924
0.0117245
0.0136139
0.0176408
0.017282
0.0141925
0.0138373
0.0168139
0.0168063
0.0166777
0.0141632
0.0165215
0.0145091
0.0160473
0.0159454
0.0163405
0.016261
0.0160496
0.0147192
0.0159932
0.0459926
0.0212294
0.012591
0.0205511
0.0202391
0.020263
0.0200474
0.0196291
0.0183842
0.0185713
0.0174111
0.0127341
0.0120164
0.0140236
0.0173921
0.0131741
0.0132069
0.0137131
0.0133713
0.0141738
0.0165957
0.0159421
0.0138825
0.0166644
0.0160528
0.0165712
0.0142801
0.0155506
0.0143786
0.0163249
0.0495337
0.0238612
0.0236722
0.022349
0.020922
0.0201606
0.00959468
0.01811
0.0115494
0.0176439
0.0129506
0.0128292
0.0175912
0.0135555
0.017265
0.0142599
0.0167385
0.0168478
0.0139057
0.0158749
0.0146993
0.0142971
0.0153484
0.0165126
0.014335
0.0163689
0.0152095
0.123807
0.0240554
0.000541865
0.00256972
0.00608048
0.0208248
0.0198783
0.0194772
0.0109394
0.0185346
0.015808
0.0126539
0.0124759
0.015971
0.0131539
0.0171353
0.0134283
0.0134981
0.0169899
0.0167676
0.0167794
0.0140487
0.0166638
0.0142567
0.014227
0.0157885
0.0148405
0.0147543
0.0148349
0.00458972
0.0240426
0.00711442
0.0218518
0.0118801
0.0195158
0.0186725
0.0122427
0.0179822
0.0155425
0.0127742
0.0135499
0.0166235
0.0136402
0.0151218
0.0170026
0.0165332
0.0165822
0.0142324
0.0161983
0.0147673
0.016439
0.0151264
0.0145455
0.0145627
0.0147844
0.0160271
0.0235992
0.0300741
0.0110489
0.0192754
0.0211817
0.0189373
0.0108201
0.0188289
0.0180204
0.0129884
0.0135785
0.016279
0.0130942
0.0164252
0.0140981
0.0135441
0.014269
0.0138494
0.0142936
0.0166199
0.0142565
0.0164806
0.014388
0.0144982
0.0163137
0.0146301
0.0155215
0.0664841
0.0281851
0.026015
0.00902425
0.00743722
0.010724
0.0191609
0.0192491
0.0148265
0.0167229
0.0130466
0.0129263
0.0176267
0.0172259
0.0134522
0.0136038
0.0160827
0.0165169
0.0140006
0.0159652
0.0156337
0.0142302
0.0149918
0.0146787
0.0161048
0.0162748
0.0152292
0.0154826
0.0150939
0.0601911
0.00275556
0.0295551
0.0217471
0.0203637
0.0207243
0.019376
0.0117404
0.0185108
0.0127034
0.0172119
0.0131002
0.0133289
0.0171083
0.0138305
0.0139279
0.0168067
0.0157398
0.0143731
0.0146822
0.0164509
0.0154898
0.0162297
0.0155433
0.0146517
0.0155223
0.0161389
0.0147182
0.0147625
0.00632166
0.045546
0.0349892
0.0108799
0.0174305
0.0121815
0.0189229
0.0191032
0.0178671
0.0147247
0.0176166
0.0168744
0.0173245
0.0162564
0.0149093
0.0143419
0.0158491
0.0164943
0.0163424
0.0164664
0.016348
0.0146041
0.0148752
0.0146995
0.0159562
0.016153
0.0155228
0.0160397
0.0148999
0.014892
0.0715157
0.0239123
0.0234148
0.0221786
0.0209117
0.0200733
0.0095463
0.0180965
0.0115033
0.0176557
0.0129292
0.0128028
0.0175977
0.0135386
0.0172758
0.0142386
0.0167514
0.0168617
0.0138791
0.0158792
0.0146823
0.0142741
0.0153435
0.0165271
0.0143183
0.0163833
0.0152019
0.0122617
0.0595684
0.0149668
0.0232286
0.0168608
0.0179174
0.0147399
0.0129142
0.0137973
0.0136746
0.013767
0.0137783
0.013864
0.0170416
0.0168544
0.0142724
0.0143417
0.0162477
0.0164998
0.0145207
0.0162886
0.0147047
0.0153534
0.0160361
0.0154879
0.0148094
0.0160413
0.0160294
0.015114
0.0151133
0.100952
0.0252498
0.00751584
0.0220798
0.0200395
0.0190183
0.0184999
0.0187959
0.0121427
0.0123974
0.017756
0.0177744
0.013529
0.0161169
0.0165405
0.0135792
0.0138629
0.0137675
0.0139601
0.0165865
0.0164149
0.015321
0.0142503
0.0143594
0.0144211
0.0144821
0.0162821
0.0149146
0.0154296
0.0235853
0.0147731
0.0116393
0.0129289
0.0206821
0.0123825
0.0129165
0.0180997
0.0137697
0.0168908
0.0137255
0.0170863
0.0167104
0.0142037
0.0166689
0.0143516
0.014467
0.0152466
0.0163524
0.0152228
0.0151851
0.0161933
0.0147932
0.0161328
0.014819
0.0153981
0.016009
0.0148964
0.158433
0.00854726
0.0283456
0.0240985
0.0122781
0.0204477
0.0184278
0.0125883
0.0135799
0.0136357
0.0175471
0.0166077
0.0170183
0.0144458
0.0139938
0.0153834
0.0155975
0.0166147
0.01433
0.014719
0.0148371
0.0148262
0.0151624
0.0162191
0.0162169
0.0149399
0.0147546
0.0156028
0.0160511
0.0157346
0.0616977
0.00854726
0.0275189
0.0238171
0.0122783
0.020391
0.0183821
0.0126351
0.0135813
0.0136377
0.0175281
0.0166044
0.0170076
0.0144572
0.0139998
0.0153867
0.0155987
0.0166085
0.0143351
0.0147238
0.014841
0.0148299
0.0151644
0.0162152
0.0162132
0.0149425
0.0147573
0.015602
0.0160485
0.0157332
0.017919
0.0295747
0.024604
0.0199286
0.00864211
0.0183053
0.0198418
0.0128673
0.0119821
0.0178828
0.0127247
0.0139067
0.0135768
0.013471
0.013593
0.0169445
0.0139273
0.0139408
0.0142593
0.0150743
0.0145964
0.0155031
0.014488
0.0152672
0.0146636
0.0160436
0.0151374
0.0161022
0.0147294
0.0459313
0.0210078
0.0125608
0.0205875
0.0202206
0.0202873
0.0200617
0.0196438
0.0183925
0.0185797
0.0174122
0.012734
0.0120107
0.014018
0.0173949
0.0131732
0.0132045
0.0137106
0.0133699
0.0141723
0.0165968
0.0159424
0.0138816
0.0166652
0.0160533
0.0165719
0.0142796
0.0155507
0.0143783
0.0163253
0.118573
0.014206
0.0116523
0.0129364
0.0207927
0.0123863
0.0129239
0.0181218
0.0137734
0.0168921
0.0137293
0.0170903
0.0167128
0.0142064
0.0166695
0.0143543
0.0144692
0.0152482
0.0163513
0.0152246
0.0151871
0.0161915
0.0147963
0.0161309
0.0148213
0.0153991
0.0160068
0.0148989
0.13046
0.00911015
0.0251252
0.0359026
0.0339492
0.0121446
0.0247478
0.0122947
0.0204147
0.0184731
0.0179667
0.0185016
0.0159279
0.0180032
0.0140431
0.0143106
0.0136785
0.0178087
0.0137556
0.013781
0.0173317
0.0139457
0.0161304
0.0171622
0.0171734
0.0144823
0.0166835
0.0148631
0.0143352
0.0167159
0.016514
0.0154323
0.0144828
0.0164948
0.0145181
0.0164545
0.0164249
0.016332
0.0162584
0.016305
0.0146958
0.0147704
0.0147524
0.0147672
0.0159731
0.0161198
0.0149477
0.0150553
0.0148473
0.0148742
0.0155726
0.0152445
0.0155801
0.0159492
0.0149398
0.0154955
0.0149495
0.0151802
0.0149871
0.0428205
0.000848544
0.0193361
0.0200233
0.0220549
0.0180291
0.0127116
0.0141903
0.0174423
0.0132532
0.0134871
0.0151281
0.0166283
0.0169172
0.0139816
0.0167003
0.0166671
0.0167615
0.0158179
0.0165664
0.0164761
0.0159929
0.0144547
0.0156057
0.0152376
0.0151403
0.0161668
0.0160667
0.0159128
0.119381
2.18769
0.0116939
0.0399683
0.0286326
0.0271691
0.0207997
0.0205929
0.0175256
0.0212753
0.0136843
0.0196413
0.0131901
0.0183151
0.017222
0.0168645
0.013762
0.0175003
0.0154777
0.0168047
0.0141382
0.0168614
0.0166117
0.0167352
0.0157488
0.0142671
0.0159715
0.0146679
0.0165945
0.0165284
0.016554
0.0165303
0.0165324
0.0152718
0.0148006
0.0146011
0.0150238
0.0157843
0.0151847
0.0155271
0.0151254
0.0147223
0.0161489
0.015326
0.0161444
0.0147997
0.0148702
0.0160096
0.0153124
0.0160687
0.0153499
0.0159855
0.0149659
0.014913
0.0159531
0.0158436
0.0159343
0.0150054
0.063251
0.0871976
0.0356266
0.0123778
0.02588
0.0243643
0.012834
0.0127887
0.0178107
0.0131329
0.0133147
0.0133228
0.0160415
0.0136339
0.0181625
0.0137837
0.0138232
0.0150448
0.0171977
0.0170867
0.0149076
0.014276
0.0171239
0.0171081
0.0166029
0.0144162
0.0144326
0.0164124
0.0166535
0.016061
0.0159614
0.0145465
0.0164953
0.0164083
0.0146116
0.0146577
0.014651
0.014683
0.016126
0.0151073
0.0158153
0.0148243
0.0156197
0.0159386
0.0148173
0.0160596
0.01495
0.0158791
0.0152213
0.0159551
0.0159359
0.0149413
0.015664
0.0152835
0.0159214
0.0152161
0.0158361
