0.0630964
0.0128972
0.0209902
0.0187674
0.0135629
0.0208205
0.0206734
0.0209191
0.0181901
0.0186621
0.0213225
0.0211955
0.0225225
0.020383
0.0204146
0.0218573
0.0226659
0.020941
0.0226372
0.0215769
0.0212728
0.0215489
0.0214925
0.0218944
0.0218752
0.0216088
0.0216928
0.0224469
0.17954
0.00638263
0.021387
0.0199528
0.00597902
0.0181316
0.0210658
0.0149639
0.0205713
0.0216558
0.0204352
0.0189981
0.0217433
0.0206653
0.0202693
0.0214474
0.0213213
0.021453
0.0224386
0.0222335
0.0218948
0.0222664
0.0219984
0.022648
0.0216123
0.0220187
0.0218761
0.0218386
0.0216735
0.0219757
0.0216591
0.0216805
0.0225618
0.0218086
0.0218662
0.021849
0.0219866
0.0218741
0.0219123
0.0220119
0.0220681
0.0221837
0.0220189
0.0220488
0.0221923
0.0225064
0.022493
0.0220449
0.0220764
0.0220722
0.0220614
0.0221068
0.0220817
0.0224922
0.0224172
0.0221148
0.0224376
0.264289
0.0153978
0.0803483
0.0201107
0.0204841
0.0161505
0.0166518
0.0107876
0.0189023
0.0227281
0.0199201
0.0217349
0.0204459
0.0197867
0.0228609
0.0211708
0.0207746
0.0211222
0.0201781
0.0217014
0.0208512
0.022119
0.0226666
0.0218725
0.0212013
0.0215674
0.0215947
0.0219766
0.0217016
0.0298301
0.0102844
0.0328595
0.000883641
0.0146159
0.016016
0.0204562
0.0131823
0.0180514
0.0228947
0.0224344
0.0225397
0.0187441
0.0209218
0.0208159
0.0211793
0.0215702
0.0205911
0.0212565
0.0211307
0.0222962
0.0217838
0.0218242
0.0219635
0.0223088
0.0217967
0.0223544
0.0215368
0.0335219
0.0480169
0.0127213
0.0173744
0.0114574
0.0118814
0.0189546
0.0166635
0.0128103
0.0209584
0.01429
0.0211395
0.0206023
0.018826
0.0227392
0.022594
0.0190526
0.0196792
0.0201533
0.020844
0.0205673
0.0206596
0.0208432
0.0219955
0.021172
0.0208495
0.0214237
0.035294
0.130265
0.0368038
0.00366989
0.0160825
0.0205225
0.0194669
0.0157926
0.0199167
0.0178486
0.0180938
0.0221316
0.0195188
0.019382
0.0215856
0.0220647
0.0203867
0.020764
0.0215723
0.0227337
0.0216449
0.020733
0.0207055
0.0216453
0.0212577
0.022201
0.0217952
0.0218315
0.208618
0.811818
0.0240624
0.0113814
0.0108998
0.0180818
0.0173356
0.0182427
0.0208301
0.0212024
0.0221684
0.018378
0.0208391
0.0196265
0.0197837
0.0215765
0.0206763
0.0200647
0.0220611
0.0214687
0.0224295
0.0225631
0.0209298
0.0221383
0.0211476
0.0221612
0.0215696
0.281337
0.0444321
0.0219937
0.0165038
0.000661506
0.0142053
0.0184359
0.0190904
0.0176169
0.0202608
0.0178828
0.0190927
0.0219446
0.0215667
0.0227934
0.0220596
0.0204388
0.0215323
0.0206581
0.0212903
0.0207226
0.0218396
0.0216907
0.0210084
0.0225558
0.0216446
0.0212676
0.0222114
0.0216533
0.0118646
0.308333
0.0593593
0.0131017
0.021001
0.0226143
0.0178706
0.0162424
0.0229626
0.0140599
0.0212529
0.0230027
0.0174499
0.0192897
0.0212182
0.0210493
0.0198719
0.0196068
0.0198436
0.021718
0.0213064
0.0210861
0.0208253
0.0221462
0.0217017
0.0212419
0.0218345
0.0224744
0.553581
0.0159631
0.0770126
0.0201194
0.0205112
0.0162759
0.016653
0.010915
0.0189458
0.0227269
0.0199243
0.0217334
0.0204508
0.0197971
0.0228597
0.021177
0.0207837
0.0211268
0.0201917
0.0217037
0.0208596
0.0221197
0.0226655
0.0218746
0.0212077
0.0215711
0.0215986
0.021978
0.021705
0.194918
0.0129363
0.0209934
0.0187543
0.0138897
0.0208095
0.0207151
0.0209477
0.0182722
0.0187419
0.0213235
0.0211984
0.0225197
0.0204063
0.0204415
0.021859
0.0226637
0.0209581
0.0226352
0.0215846
0.021285
0.021557
0.0215017
0.0218982
0.0218792
0.0216164
0.0216997
0.0224461
0.0183912
0.0165282
0.0118671
0.021756
0.0227645
0.022953
0.0172287
0.0221262
0.0229061
0.0209053
0.0217625
0.0228269
0.0227582
0.0216806
0.0215379
0.0224629
0.0214821
0.0214908
0.0217546
0.0216385
0.0223302
0.021781
0.0225122
0.0218574
0.0218886
0.021857
0.0224004
0.022114
0.0219502
0.0366708
0.121543
0.0332943
0.00269044
0.0158446
0.020439
0.0195057
0.0156449
0.0198451
0.0177466
0.0180725
0.0221169
0.0194583
0.0193584
0.0215658
0.0220545
0.0203442
0.0207451
0.0215649
0.0227379
0.0216283
0.020701
0.0206696
0.0216341
0.0212308
0.0221967
0.0217856
0.021822
0.0385274
0.469056
0.0231101
0.0156596
0.0213674
0.0215989
0.0229117
0.0218308
0.019113
0.0215043
0.0202247
0.0205569
0.0221338
0.0215022
0.0226111
0.0212115
0.0226728
0.0213537
0.0215295
0.0217092
0.0216529
0.0224151
0.0217648
0.021858
0.0218238
0.0221013
0.0219426
0.0224595
0.0220192
0.022042
0.135711
0.101697
0.038069
0.0202349
0.000626735
0.00970367
0.0191161
0.0101788
0.0126095
0.0225047
0.0174863
0.0205715
0.0178511
0.019033
0.021264
0.0207349
0.0213542
0.0196687
0.0217427
0.0222205
0.0202819
0.0204587
0.0207392
0.0215691
0.0215397
0.021842
0.0219989
0.0217622
0.0215514
0.0213487
0.0441541
0.0031014
0.0243463
0.00477047
0.021761
0.0230045
0.0214715
0.0192787
0.0206243
0.0194768
0.0203072
0.0218936
0.0214047
0.0214165
0.0225162
0.021723
0.0217933
0.0219218
0.0226183
0.02193
0.0216087
0.0219345
0.0225697
0.0218358
0.0223645
0.0221572
0.0222339
0.0225442
0.0220627
0.693065
0.0141684
0.0204712
0.0227024
0.0191645
0.0117434
0.0209317
0.0213176
0.0181207
0.0201795
0.0195729
0.021645
0.02176
0.0215372
0.022312
0.0210556
0.0211252
0.021541
0.0214869
0.0220651
0.0223847
0.022276
0.0219151
0.0223774
0.0219322
0.0220195
0.552085
0.0141684
0.0205703
0.0227024
0.0192825
0.0120595
0.0209589
0.0213064
0.0181861
0.0201791
0.0196171
0.0216437
0.0217639
0.0215389
0.0223102
0.0210665
0.021134
0.0215453
0.0214922
0.022066
0.0223843
0.022276
0.0219172
0.0223771
0.0219341
0.0220209
0.000761415
0.0093312
0.0204475
0.0209655
0.0155061
0.00738905
0.0213098
0.0213207
0.0183371
0.0217909
0.0210106
0.0188754
0.0214819
0.021393
0.0211356
0.0217229
0.0216196
0.0207561
0.0214245
0.0216295
0.022133
0.0213198
0.0216845
0.0213513
0.0214312
0.02142
0.0220378
0.0221311
0.021946
0.708412
0.122126
0.00367975
0.0185108
0.00897846
0.0189195
0.00209063
0.0108455
0.0140203
0.0176454
0.022174
0.0160091
0.0229808
0.0187787
0.0207672
0.0195927
0.0213026
0.0196287
0.0221787
0.020265
0.0207187
0.0208343
0.0207655
0.0214202
0.0212516
0.0212738
0.0556296
0.00556778
0.0241176
0.00420071
0.0217801
0.023004
0.0214628
0.0193203
0.0206081
0.0194824
0.0202945
0.021904
0.0214021
0.0214141
0.022518
0.0217295
0.0217989
0.0219219
0.0226182
0.0219341
0.0216126
0.0219382
0.0225692
0.0218396
0.0223653
0.0221594
0.0222355
0.0225434
0.0220653
0.0315857
0.00254096
0.019658
0.00732268
0.0202387
0.0179172
0.0184433
0.0144802
0.0193521
0.0214911
0.0215861
0.0227561
0.0210607
0.0228522
0.0209763
0.0228411
0.022439
0.0228127
0.0207928
0.0210997
0.0227591
0.0218733
0.0213296
0.0221561
0.0213852
0.0216018
0.0225435
0.0214901
0.0216233
0.0219859
0.0218518
0.0217715
0.0216679
0.0217069
0.0217612
0.0225375
0.0224409
0.0220285
0.022009
0.0219072
0.0219519
0.0225429
0.0220789
0.022009
0.0222006
0.0224276
0.0225112
0.0220324
0.0225216
0.0221414
0.0220888
0.0220339
0.0223814
0.0221761
0.0222048
0.0220695
0.0224022
0.0221516
0.467793
0.0167669
0.0513996
0.0222116
0.0197084
0.0201008
0.0196374
0.0176727
0.0206347
0.0176635
0.0186094
0.0193362
0.0212485
0.0199499
0.020896
0.0217681
0.020568
0.0211966
0.0213049
0.0224131
0.0212653
0.0212405
0.0216758
0.0214295
0.0225069
0.0218672
0.0217524
0.0221885
0.022498
0.0497223
0.0927293
0.00767543
0.00998874
0.00921768
0.0115019
0.0174297
0.0201981
0.0203897
0.0173555
0.0172221
0.0193816
0.0213753
0.0201692
0.019655
0.0202747
0.0212095
0.021707
0.0227946
0.0226352
0.0223914
0.0226171
0.0210253
0.022745
0.0211637
0.0226824
0.0225413
0.0216368
0.0215165
0.0225234
0.0226757
0.0217248
0.0226645
0.0221281
0.0225993
0.02251
0.0217873
0.0220247
0.0224269
0.0218356
0.0218588
0.0223222
0.0218837
0.0219582
0.0225695
0.0219481
0.0222997
0.0220486
0.0221696
0.0220067
0.0221161
0.0220453
0.0221188
0.0221889
0.0220602
0.0220717
0.0224943
0.0174269
0.00602912
0.0078602
0.00408665
0.0124068
0.0225612
0.0182781
0.0213711
0.0156588
0.0213114
0.0214891
0.0221924
0.021686
0.020952
0.0225816
0.022489
0.0202456
0.0203993
0.0218704
0.0207373
0.0214044
0.0216447
0.0224375
0.0217756
0.0213148
0.021924
0.0226263
0.0222132
0.0215113
0.022677
0.0216069
0.0219317
0.0217856
0.0225354
0.0223019
0.022037
0.0218409
0.0225903
0.02243
0.0223095
0.0225688
0.0220699
0.0219382
0.0224762
0.0220354
0.0221803
0.0225397
0.0222361
0.0223465
0.0224125
0.0222619
0.0221004
0.0220617
0.0223052
0.0221717
0.0221013
0.0221198
0.0224419
