0.0566955
0.0176172
0.0142139
0.00350237
0.00651362
0.00509545
0.00413442
0.0050297
0.00817114
0.00703148
0.00815922
0.00751645
0.00693811
0.00690401
0.00688473
0.00701876
0.00722821
0.00704589
0.00763079
0.00730339
0.00733492
0.00810104
0.00756775
0.00783441
0.00759323
0.00763249
0.00755167
0.00755634
0.0213327
0.00896303
0.00238663
0.00283963
0.00858736
0.00698039
0.00534321
0.00861923
0.00694158
0.00741752
0.0069945
0.00846764
0.00700218
0.00704493
0.00715027
0.00723201
0.00730637
0.00763155
0.00758363
0.00830533
0.00742782
0.00821866
0.00822735
0.00754374
0.00756176
0.00767034
0.00757191
0.00757508
0.0076388
0.00817141
0.00816003
0.0076921
0.00816428
0.00767746
0.00767562
0.0076902
0.00775949
0.00782931
0.00774728
0.00811315
0.00775318
0.00793011
0.00809754
0.00808934
0.00789661
0.00808174
0.00785482
0.00807278
0.0079236
0.00779209
0.00804903
0.00805179
0.00793073
0.00779817
0.00804256
0.00780503
0.00803396
0.00801677
0.00781618
0.15046
0.0166388
0.000949321
0.00431105
0.000372389
0.00639673
0.00181262
0.00116571
0.00536972
0.00710558
0.00449797
0.00572316
0.00743279
0.00638474
0.00643474
0.00676173
0.00729291
0.00724357
0.0069655
0.00818871
0.00730781
0.00753085
0.00732569
0.00744106
0.00773807
0.00783426
0.0173534
0.00803921
0.0245064
0.00841481
0.00637947
0.00255975
0.00225772
0.00189075
0.00566888
0.00498406
0.00494695
0.00625098
0.00626135
0.00629758
0.00725178
0.00650472
0.00667818
0.00749284
0.00709966
0.00730164
0.00803247
0.00789355
0.00730704
0.00729176
0.0074383
0.00756827
0.0074482
0.0078341
0.00772578
0.410358
0.0762366
0.00268859
0.00555287
0.0103979
0.00609401
0.00390089
0.00127064
0.00294501
0.00529755
0.007931
0.00417158
0.00838116
0.00589579
0.00693702
0.00636072
0.00726082
0.00632729
0.00788209
0.00668186
0.00699804
0.00700996
0.00697893
0.00741554
0.0072583
0.00727497
0.319472
0.0434234
0.00872577
0.00808318
0.00834774
0.00415173
0.00238982
0.0018821
0.00308339
0.00780748
0.00384163
0.00439005
0.00657724
0.00659519
0.00655355
0.00807317
0.00612572
0.00627107
0.00635416
0.00678486
0.00812828
0.00792532
0.00787406
0.00771173
0.00720559
0.00724981
0.00751265
0.00748826
0.00778556
0.00524532
0.0203687
0.0228152
0.003444
0.00686337
0.000397197
0.00808472
0.00768924
0.00828523
0.00461043
0.00510807
0.00623192
0.00675181
0.00579835
0.00749439
0.00623174
0.00705015
0.00666438
0.00776063
0.00799391
0.00735616
0.00761693
0.00774789
0.00793929
0.00744455
0.00761264
0.00737001
0.00739309
0.145921
0.0233279
0.00794937
0.0067185
0.000101681
0.00643612
0.000953792
0.00665949
0.00729074
0.00761584
0.00568446
0.00594776
0.00713399
0.00664065
0.00637536
0.00640746
0.00666643
0.00676758
0.00708311
0.00701643
0.00742423
0.00805691
0.00769197
0.00777916
0.00730021
0.00760466
0.00736774
0.00804084
1.69693
0.00751847
0.0212119
0.0021263
0.00289561
0.00237327
0.00062598
0.000738544
0.00820981
0.00427931
0.00431702
0.00493818
0.00669356
0.00730916
0.00616843
0.00607749
0.00633456
0.0082468
0.00708208
0.00747909
0.00708564
0.00756982
0.00717303
0.00719199
0.00769443
0.00754581
0.0057909
0.00152064
0.0197374
0.00181792
0.00900257
0.00242019
0.00132962
0.00513923
0.00725597
0.0042237
0.00486529
0.00642175
0.00712059
0.00627151
0.00630488
0.0074689
0.00802999
0.0074373
0.00700409
0.00808257
0.00750424
0.00724215
0.00714829
0.00757853
0.00755211
0.00777683
0.00811268
0.0080266
0.00746986
1.49964
0.00465304
0.0152665
0.00633345
0.00523268
0.00490654
0.00271532
0.00451956
0.00437084
0.00504901
0.00692062
0.00653861
0.00814718
0.00780631
0.00812067
0.00683251
0.00751784
0.00763207
0.00805459
0.00816551
0.00750934
0.00752098
0.007462
0.00754655
0.00778024
0.0076084
0.00807219
0.00763159
0.00799404
0.101592
0.00920625
0.00582302
0.00211262
0.00837333
0.00718316
0.00781948
0.00709101
0.00673451
0.00826522
0.00702927
0.00722838
0.00728682
0.00819702
0.00759016
0.00812361
0.00815246
0.00800267
0.00806391
0.00809388
0.00805505
0.00770576
0.008089
0.00774431
0.00804557
0.0080236
0.00773135
0.0077448
0.337162
0.00331111
0.00307695
0.00543737
0.00235386
0.00551562
0.0046298
0.00456742
0.00256875
0.00399965
0.00505062
0.00479614
0.00659868
0.00549156
0.00608344
0.00813016
0.00678187
0.00639146
0.00665408
0.00698405
0.00759027
0.00814735
0.00691469
0.00712827
0.0072411
0.00743445
0.0078916
0.0581542
0.00650892
0.00649889
0.00302689
0.00813713
0.00704986
0.00837221
0.00779702
0.00726388
0.00665314
0.00812162
0.00741455
0.00812193
0.00817312
0.00805823
0.00810775
0.00814522
0.0075468
0.00763968
0.00756746
0.0076606
0.00770165
0.00764239
0.00792004
0.00803783
0.00772096
0.00793138
0.00783259
0.00776082
0.367473
0.00998513
0.0261177
0.0184669
0.0063112
0.00594303
0.00185492
0.00355815
0.00793222
0.00713929
0.00479547
0.00657299
0.00586193
0.007989
0.00599138
0.00640285
0.00736103
0.00687097
0.00716652
0.00686299
0.00682428
0.00773839
0.00739172
0.00742423
0.00799807
0.00721514
0.00737173
0.00754673
0.00756225
0.142417
0.00824295
0.00824216
0.00462495
0.00426613
0.00560181
0.00561983
0.0073045
0.00796444
0.00811714
0.00740024
0.00722847
0.00722943
0.00818346
0.00736844
0.00800479
0.00763458
0.00773135
0.00810472
0.00765762
0.00810688
0.00808744
0.00779412
0.00789972
0.00801471
0.00781689
0.00773052
0.00773578
0.216294
0.0118401
0.00825178
0.00617969
0.00371029
0.00352031
0.00465921
0.00566287
0.00786993
0.00626006
0.00701222
0.00721339
0.00673803
0.00746711
0.00810257
0.00757248
0.00718308
0.00762548
0.0075619
0.00814199
0.00776819
0.00808205
0.00771729
0.00767753
0.00771495
0.00762433
0.00773739
0.00803172
0.00793832
0.00802907
0.963126
0.00921231
0.00825178
0.00617642
0.00366832
0.00365687
0.00475577
0.00568259
0.00786495
0.00628877
0.00702374
0.00722118
0.00675093
0.00747058
0.00810119
0.00757457
0.00718936
0.00762664
0.00756399
0.00814126
0.00776869
0.00808135
0.00771827
0.00767868
0.00771586
0.00762597
0.00773832
0.0080313
0.00793823
0.00802868
0.0282557
0.0382272
0.00107024
0.0021722
0.00426684
0.00757463
0.00707441
0.00415667
0.00468968
0.00665237
0.00547902
0.00611989
0.00687039
0.00719902
0.00667459
0.00686258
0.00750653
0.00739279
0.0076721
0.00750074
0.0073056
0.00771561
0.00773257
0.00740651
0.00747458
0.00754969
0.00757841
0.00797882
0.408804
0.00144982
0.0216419
0.0125795
0.00524024
0.00800973
0.00174305
0.00557907
0.00526155
0.00490897
0.00298812
0.00842741
0.00482866
0.00482785
0.00574559
0.0070425
0.00786155
0.0059631
0.00735672
0.0068509
0.00750681
0.00780669
0.00712696
0.00673237
0.00806287
0.00709903
0.00759972
0.00705417
0.00769105
0.0901261
0.00825358
0.00825011
0.00448964
0.00414717
0.00555677
0.00564064
0.00729942
0.00797485
0.00812253
0.00739834
0.00722642
0.00723605
0.00818377
0.00737088
0.00800642
0.00763505
0.00773435
0.00810466
0.00766063
0.00810644
0.00808723
0.00779623
0.007901
0.00801495
0.00781862
0.00773203
0.00773749
0.0101241
0.00931077
0.0040064
0.00534307
0.00566165
0.00440904
0.00828109
0.00849292
0.00740863
0.00834802
0.00718025
0.00836962
0.00715746
0.00835703
0.00715033
0.00833905
0.00741801
0.00722575
0.00726228
0.00802761
0.00825533
0.00736852
0.00824301
0.00814122
0.00822493
0.00809558
0.00750262
0.00751408
0.00813217
0.00757624
0.00767968
0.00816661
0.00810843
0.0076197
0.00762591
0.00801115
0.00768924
0.00811155
0.00770419
0.00811165
0.00798198
0.00777904
0.00774495
0.00801431
0.00799851
0.00807416
0.00808463
0.00801355
0.00806963
0.00790876
0.00776914
0.00777681
0.00796952
0.00784278
0.0079061
0.00779838
0.00780064
0.00779853
0.00791512
0.964031
0.032173
0.00641993
0.00308053
0.00586907
0.00490398
0.00391388
0.00796275
0.00835185
0.00811304
0.00616668
0.00663745
0.00766549
0.00670679
0.00691866
0.00710162
0.00750695
0.00800352
0.00727372
0.00733334
0.0081012
0.00770646
0.00768657
0.0080585
0.00765383
0.00763054
0.00772475
0.00770594
0.0194896
0.0288607
0.00304722
0.00394768
0.00773022
0.00845705
0.00506363
0.00791467
0.00826285
0.00797847
0.00682314
0.00836756
0.00701254
0.00695771
0.00830258
0.00828965
0.00756191
0.00728539
0.00820314
0.00823255
0.00743257
0.00806303
0.00821559
0.00746556
0.00809062
0.0075306
0.00753728
0.00792345
0.00797759
0.00767632
0.00794123
0.00770483
0.00761959
0.00772318
0.00813433
0.0077059
0.00768804
0.00774378
0.0076879
0.00806872
0.00804487
0.00781121
0.00793711
0.00798005
0.00772905
0.00807197
0.00775192
0.00803961
0.00786754
0.00781679
0.00805991
0.00805437
0.00803179
0.00795265
0.00779019
0.00798346
0.00781198
0.0040159
0.00327834
0.00822011
0.0016153
0.00216055
0.00857089
0.00855917
0.0085312
0.00654479
0.00728315
0.00669228
0.00721509
0.00795108
0.00762621
0.0080562
0.00804687
0.00831683
0.00802525
0.00828562
0.00742334
0.00822965
0.00758295
0.00748811
0.00763292
0.00751489
0.00817398
0.0076294
0.00816177
0.00765632
0.00802193
0.00770802
0.00812441
0.00770743
0.00811304
0.00803781
0.00770557
0.00788823
0.00770704
0.00772785
0.00797946
0.00810465
0.00805152
0.00809361
0.00775765
0.00795384
0.00775569
0.00777715
0.00806671
0.00780019
0.00802865
0.00782219
0.00795401
0.00784552
0.00805347
0.00781563
0.00794028
0.00797918
0.007827
