0.0300954
0.0116065
0.0223067
0.00329687
0.00636476
0.0137
0.0147662
0.0154809
0.0156452
0.0154491
0.0156899
0.0140557
0.0146598
0.0146806
0.0150789
0.0141354
0.0141602
0.0139567
0.0139354
0.0148804
0.0145286
0.0146566
0.0142214
0.0142192
0.0145164
0.0143611
0.0151034
0.0143955
0.0149655
0.00574085
0.00893906
0.0160341
0.00724047
0.0159255
0.0133381
0.0128428
0.0163594
0.0161933
0.0131399
0.0157287
0.0161018
0.0156742
0.0159256
0.0138405
0.0138112
0.0151728
0.0156248
0.0155501
0.01399
0.0142111
0.0155463
0.0140983
0.0143593
0.0144416
0.0143624
0.0142901
0.0142623
0.0153992
0.0153532
0.0143288
0.0145792
0.01446
0.0148192
0.014472
0.0146867
0.0144783
0.0148354
0.014743
0.0152039
0.0149163
0.0146689
0.0152027
0.0145764
0.0147189
0.0145964
0.01517
0.0147236
0.0150251
0.0146325
0.0151351
0.015022
0.0147964
0.0146571
0.0146749
0.0146961
0.0616682
0.0137665
8.3915e-05
0.00694306
0.00282752
0.0111312
0.0111967
0.013161
0.0147392
0.0158567
0.0149885
0.0156613
0.013956
0.015625
0.014035
0.0130124
0.015382
0.0147391
0.0136543
0.0140507
0.0154229
0.0147268
0.0150901
0.0149042
0.0141504
0.015237
0.0152289
0.0151361
0.0145786
0.226856
0.0435868
0.0157986
0.00930545
0.0159475
0.0154818
0.0129988
0.0156589
0.0112219
0.0121153
0.0155719
0.0156477
0.0143097
0.0148143
0.0135401
0.014913
0.0137724
0.0148409
0.0137586
0.0139251
0.0153177
0.0149101
0.0149544
0.0140808
0.0146841
0.0143939
0.0146328
0.0150359
0.0149071
0.0292753
0.0843659
0.0551307
0.0284903
0.0150538
0.0134769
0.00693398
0.0129044
0.00688716
0.0160016
0.0114092
0.0114484
0.0108383
0.0121419
0.013361
0.0127596
0.0129938
0.0123766
0.0133706
0.012725
0.0136609
0.0153337
0.0141106
0.0142391
0.0136772
0.0138124
0.0141631
0.0142611
0.0539359
0.00467131
0.0406039
0.00686144
0.0162084
0.00930488
0.0112571
0.0138648
0.00824763
0.0125735
0.0137761
0.0106363
0.0118139
0.0138065
0.0147555
0.0137822
0.0129638
0.0137258
0.013266
0.014242
0.0143676
0.0135939
0.0151979
0.0152708
0.0139407
0.0144952
0.0143407
0.0249559
0.0196572
0.00781121
0.0020162
0.0157152
0.0127825
0.01223
0.0118989
0.0134462
0.0139028
0.0143488
0.01261
0.0150568
0.0132063
0.0134189
0.0134545
0.0141703
0.0138137
0.0143937
0.0152078
0.0142413
0.0151829
0.0146354
0.01378
0.0016594
0.0151821
0.000590085
0.00415602
0.0144601
0.0134942
0.0117452
0.0123604
0.0152813
0.0106881
0.0124776
0.0121249
0.015147
0.0152194
0.0127332
0.0134591
0.0132532
0.0137921
0.0138449
0.0137047
0.0138559
0.0138349
0.0139581
0.0142508
0.0140947
0.0141196
0.0143853
0.241808
0.00619129
0.00634223
0.00777613
0.00724422
0.00185801
0.009248
0.0134919
0.00868874
0.0151055
0.012351
0.0146633
0.0156695
0.0123496
0.0128313
0.01261
0.0136143
0.0153599
0.0137331
0.013577
0.0149714
0.013736
0.0142897
0.0138318
0.014329
0.014001
0.014947
0.015023
0.056326
0.0140547
4.69392e-05
0.00733644
0.00247753
0.0111368
0.0112665
0.013163
0.0147527
0.0158529
0.0149937
0.0156591
0.0139579
0.0156226
0.0140435
0.0130229
0.0153806
0.0147414
0.0136596
0.0140563
0.0154211
0.0147283
0.0150896
0.0149046
0.0141535
0.0152357
0.0152277
0.0151352
0.0145806
0.029787
0.0115157
0.0174778
0.0031691
0.00641276
0.0137015
0.0148082
0.0154867
0.0156437
0.0154511
0.0156833
0.0140815
0.0146703
0.0146894
0.0150808
0.0141391
0.0141723
0.0139702
0.0139433
0.014882
0.0145342
0.0146604
0.014227
0.0142263
0.0145212
0.014367
0.015102
0.0143998
0.0149653
0.0734145
0.0115865
0.0157899
0.0097635
0.0132857
0.0156393
0.0156059
0.0137335
0.0138596
0.0156007
0.0136118
0.0136809
0.0154556
0.0142735
0.0154275
0.0143395
0.0142053
0.0151658
0.0144276
0.0149099
0.0148527
0.0144231
0.0152028
0.0147803
0.0149834
0.0150285
0.0151753
0.0145557
0.0145716
0.0535669
0.37353
0.0189321
0.0113409
0.0111397
0.0158484
0.0100165
0.0127071
0.0122726
0.0131425
0.0132946
0.0124668
0.0140352
0.0127599
0.0140806
0.0132639
0.0133924
0.0137092
0.0133983
0.0152565
0.0143918
0.0151839
0.0140545
0.014454
0.0143956
0.0141777
0.0141871
0.0027384
0.0170456
0.000241575
0.0116598
0.00857397
0.0132739
0.013935
0.0135094
0.0129041
0.0133147
0.0138425
0.0146204
0.014574
0.0141936
0.0141418
0.0149832
0.0145698
0.0151843
0.0145718
0.0152538
0.0144083
0.014969
0.015166
0.0145256
0.014834
0.0150213
0.015143
0.0146264
0.180073
0.000595077
0.0150732
0.0111088
0.00899307
0.0085937
0.0084512
0.0155454
0.0136337
0.011912
0.0151992
0.0120639
0.0132079
0.0130272
0.0125663
0.0126334
0.0136059
0.0132556
0.0135978
0.0150065
0.0153255
0.0147976
0.014018
0.0141826
0.0143191
0.0141323
0.0141805
0.0142635
0.00520607
0.0113707
0.0128232
0.00680044
0.0151955
0.0116032
0.011562
0.0137628
0.014104
0.0146074
0.0136825
0.0151434
0.0155152
0.0154777
0.0141006
0.0139989
0.0148882
0.0141477
0.0143809
0.0153137
0.0151896
0.0143784
0.0144411
0.0144367
0.0152189
0.0150768
0.0147147
0.0146892
0.0145917
0.00774355
0.0103911
0.0023205
0.0161008
0.0107102
0.01332
0.0129695
0.0120184
0.0157385
0.013462
0.0156556
0.0134425
0.0154913
0.0154787
0.0138153
0.0142212
0.0154206
0.0150012
0.0144948
0.0150492
0.0152999
0.0152159
0.0151048
0.0143889
0.0144467
0.0145148
0.014483
0.0145386
0.0146071
0.00774367
0.0103911
0.000550724
0.0160865
0.0110282
0.0134225
0.0129693
0.0120263
0.0157322
0.0134999
0.0156511
0.0134564
0.0154884
0.0154759
0.0138228
0.0142274
0.0154182
0.0150014
0.0144982
0.0150488
0.0152982
0.0152146
0.015104
0.0143913
0.0144485
0.0145161
0.0144848
0.01454
0.0146086
0.327709
0.0139851
0.0125301
0.00396205
0.0133545
0.0121645
0.006131
0.0126614
0.0132106
0.0101776
0.009672
0.0131339
0.0123967
0.0117004
0.011975
0.0140359
0.014143
0.0127336
0.013742
0.0129778
0.0145133
0.0141934
0.0134166
0.0142611
0.0138451
0.178873
0.00997577
0.00813414
0.0138163
0.0115988
0.00732121
0.00991661
0.0131934
0.0157148
0.0137084
0.0131195
0.014612
0.0137328
0.013708
0.014163
0.0134121
0.0136017
0.0136961
0.0138336
0.0152123
0.0141244
0.0140791
0.0142551
0.0143193
0.0149313
0.0142598
0.0150745
0.0145221
0.0144283
0.205898
0.112163
0.049315
0.0104921
0.00840805
0.00759406
0.0117762
0.0147188
0.0124912
0.014296
0.0115999
0.00938447
0.0157283
0.0109607
0.0137864
0.0116468
0.0123686
0.0125706
0.0152138
0.0154256
0.0130577
0.0138309
0.0139386
0.0142243
0.0136363
0.0153428
0.0151426
0.0112735
0.00978642
0.0125124
0.00672912
0.0151592
0.0115514
0.0115703
0.0137675
0.0141059
0.0146
0.0136802
0.0151433
0.0155165
0.0154786
0.0141035
0.0140031
0.0148894
0.0141512
0.0143843
0.0153135
0.0151896
0.0143818
0.0144444
0.0144395
0.0152181
0.0150767
0.0147167
0.0146914
0.0145941
0.0346338
0.00510772
0.0160526
0.0153944
0.005434
0.0100416
0.0160598
0.0160053
0.0161176
0.0160104
0.015926
0.0128419
0.0139686
0.0136429
0.0139759
0.015802
0.0156855
0.0156538
0.0138198
0.0155671
0.0154968
0.0140393
0.0142653
0.0150402
0.0152709
0.014277
0.0147334
0.0143432
0.0150051
0.0142868
0.0153862
0.0153739
0.0145952
0.014555
0.0143434
0.0152977
0.0152759
0.0144412
0.0145081
0.0145283
0.0151716
0.0150109
0.0151408
0.0147975
0.0152254
0.0145221
0.0150499
0.0149426
0.0147857
0.0151077
0.0149798
0.0150382
0.015033
0.0151366
0.0146301
0.0150919
0.0148622
0.0148396
0.0149295
0.0149187
0.0325312
0.0114369
0.00586994
0.00209908
0.00363643
0.0129869
0.00988219
0.0158662
0.0126004
0.0126648
0.0150157
0.012903
0.014307
0.0133744
0.0135748
0.0152864
0.0148743
0.0140678
0.0146729
0.0142245
0.0151681
0.0149529
0.0147247
0.0152426
0.0148606
0.0144105
0.0144817
0.0147963
0.0911678
0.0128863
0.00574216
0.00567634
0.00758423
0.00759484
0.0161191
0.0160446
0.0127392
0.0158914
0.0139465
0.0159621
0.0131177
0.0146716
0.0157741
0.0142441
0.0139946
0.0137534
0.0137057
0.0137185
0.0138515
0.0141513
0.015518
0.0154708
0.0153659
0.0154236
0.0142064
0.0154074
0.0154353
0.0151753
0.0144414
0.0152192
0.0153555
0.0153345
0.0152664
0.0144452
0.01438
0.0144994
0.0147664
0.0146699
0.0150687
0.0149537
0.0152371
0.0149864
0.0149672
0.015055
0.0151179
0.0151839
0.0151715
0.0145768
0.0145807
0.0148961
0.014623
0.0150849
0.0151476
0.0147798
0.0149523
0.0150013
0.0534206
0.023396
0.0165941
0.00959175
0.0122898
0.0135569
0.0160965
0.0126899
0.0159862
0.0147179
0.0159268
0.0158189
0.0159132
0.0157516
0.0134126
0.0145176
0.0157026
0.0144184
0.013796
0.014006
0.0139381
0.0140497
0.0143054
0.0154998
0.0154779
0.0145976
0.0154326
0.014996
0.0143008
0.0144947
0.0144106
0.0143444
0.0144663
0.0149699
0.0153218
0.0144236
0.0145033
0.0152733
0.0149769
0.0145271
0.0145217
0.0151884
0.0145454
0.0152195
0.0145839
0.014578
0.0151288
0.0151861
0.014977
0.0151717
0.0146226
0.0146226
0.0151472
0.0148727
0.0147041
0.0146727
0.015129
0.0146652
0.0151172
