0.253663
0.125403
0.0221417
0.0111424
0.0019668
0.00749417
0.0195931
0.0164511
0.0150227
0.00945266
0.0179569
0.0174695
0.00896027
0.009571
0.0103475
0.016148
0.0103421
0.0167091
0.0159765
0.0164877
0.0116914
0.0118998
0.0119852
0.0121819
0.0124058
0.0125757
0.0155834
0.0129132
0.16888
0.00505362
0.00715791
0.00588256
0.0215202
0.00340434
0.00216186
0.0206971
0.0194914
0.008531
0.0189054
0.00420246
0.0180003
0.0110377
0.00987343
0.0108536
0.00863439
0.0114553
0.00930589
0.0177173
0.011789
0.0173615
0.0169256
0.0167731
0.0110143
0.0168933
0.0138423
0.0167248
0.0114529
0.0165601
0.0162099
0.0120685
0.0163357
0.0162819
0.0121152
0.0161806
0.0127505
0.0124354
0.0136055
0.0124547
0.0154759
0.0127177
0.0127376
0.0157927
0.012903
0.0157076
0.0153641
0.015453
0.0133053
0.0139925
0.0155291
0.0130838
0.0154305
0.0132474
0.0152155
0.0132974
0.0153313
0.0151668
0.0133211
0.679205
0.0217114
0.00797809
0.0101011
0.00341605
0.0202718
0.0108807
0.00329113
0.00423067
0.0187677
0.0113302
0.0073766
0.0161646
0.00761749
0.0142555
0.00963339
0.00937815
0.0172982
0.0154469
0.0109265
0.0161501
0.0109775
0.0147257
0.0115725
0.0139293
0.0149586
0.0131397
0.0153471
0.0154878
0.0127206
0.121923
0.019777
0.0946544
0.0183742
0.00725662
0.0203185
0.0134384
0.00599368
0.0193509
0.0189546
0.0108607
0.0183465
0.00843036
0.00887246
0.00896176
0.0146852
0.00957153
0.0171299
0.0170676
0.0109499
0.0115775
0.0117763
0.0152309
0.0115139
0.0151228
0.0120523
0.0137061
0.0159903
0.0156291
0.0148797
2.2499
0.0182541
0.017967
0.0641872
0.0144524
0.0217164
0.0116718
0.00271683
0.00247265
0.00869439
0.00881594
0.00410957
0.0188076
0.00696609
0.016445
0.00881393
0.0175203
0.0133817
0.00921274
0.00937466
0.0111129
0.0119112
0.0126967
0.0156726
0.010874
0.0165796
0.0118012
0.374401
0.0378767
0.000814823
0.0673185
0.00595044
0.0205937
0.0196117
0.0204454
0.019898
0.00793004
0.015526
0.0055553
0.00813144
0.0105755
0.0142099
0.0146092
0.0107335
0.0106088
0.0105935
0.0107193
0.0124491
0.0111426
0.0118913
0.0118533
0.0123788
0.0159534
0.0138057
0.110339
0.218718
0.128299
0.0396955
0.0310149
0.00448129
0.00812343
0.00576908
0.00798781
0.00215154
0.0117229
0.00753404
0.00652984
0.0118692
0.0105454
0.00901504
0.00903401
0.0163059
0.0104214
0.0117224
0.011156
0.0106798
0.0112189
0.015755
0.0119654
0.0116686
0.0125728
0.015554
0.0135578
0.0355051
0.0602579
0.138296
0.00465086
0.0235935
0.00354393
0.0146394
0.0181877
0.0168514
0.00563669
0.00852815
0.0122233
0.0102496
0.00738925
0.017388
0.00894185
0.00922694
0.0165829
0.0116928
0.0103311
0.0110346
0.0139079
0.0159872
0.0117364
0.0115092
0.0119532
0.0122416
0.0123527
0.0142385
0.012365
0.349127
0.0280669
0.000874012
0.00620972
0.00651445
0.020661
0.00982052
0.0180464
0.0130339
0.00706269
0.00812181
0.00660502
0.00776427
0.00933213
0.016462
0.00975953
0.0103091
0.0101806
0.0116512
0.0159522
0.0112825
0.0113422
0.0159047
0.0120696
0.0118463
0.0149278
0.0128266
0.0449197
0.0222537
0.00794582
0.0100615
0.00271386
0.0202663
0.0110822
0.00308787
0.0042494
0.0187544
0.0113892
0.00739343
0.0161639
0.00765527
0.0142653
0.00966318
0.00939511
0.0172874
0.015444
0.0109456
0.016143
0.0109903
0.014725
0.0115827
0.0139325
0.0149562
0.0131466
0.0153428
0.0154828
0.0127289
0.708127
0.0949891
0.015746
0.0110873
0.00193436
0.00750212
0.0195306
0.0165068
0.015084
0.0094655
0.017925
0.0174429
0.00899891
0.00960043
0.010372
0.0161348
0.0103771
0.0166893
0.0159627
0.0164714
0.0117135
0.0119184
0.0120052
0.0121996
0.0124247
0.012589
0.015573
0.0129237
0.0671101
0.0290828
0.0127621
0.0198632
0.00931303
0.00603799
0.0187739
0.0043475
0.00625554
0.0110045
0.0088841
0.0175209
0.0171161
0.0171356
0.0109439
0.0120863
0.0112973
0.0115382
0.0128447
0.0162688
0.0120626
0.0149736
0.0158879
0.0143972
0.0125657
0.0156714
0.0131187
0.0129079
0.0137612
0.0131887
0.788632
0.0388893
0.000679475
0.0675609
0.0058769
0.0205827
0.0196503
0.0204069
0.0198711
0.00786959
0.0155715
0.0054342
0.00804182
0.0105413
0.0142142
0.0146171
0.010689
0.0105396
0.0105371
0.0106541
0.0124096
0.0110816
0.011853
0.0118128
0.012333
0.0159812
0.0137914
0.186428
0.00998202
0.0501789
0.00607972
0.00126971
0.0197517
0.00838746
0.00735493
0.0137925
0.0079364
0.012616
0.0161316
0.017257
0.0109819
0.0116522
0.0166597
0.0119173
0.0130265
0.0120928
0.0120218
0.0158412
0.0124439
0.0142561
0.0125267
0.0153203
0.0156821
0.0127945
0.0150266
0.0131875
0.0131033
0.377204
0.0682319
0.100067
0.0156744
0.0207502
0.0081741
0.0068656
0.0200841
0.0131684
0.00700515
0.00294689
0.0151927
0.00893304
0.0127783
0.0169809
0.00850821
0.0174851
0.00957416
0.0141088
0.0165151
0.0163965
0.0164084
0.0141691
0.0113387
0.0139978
0.0116241
0.0118974
0.012266
0.0159438
0.0190678
0.00984126
0.0214177
0.0135432
0.0201348
0.00158129
0.00558126
0.0186788
0.0181854
0.0179622
0.0167548
0.01592
0.0172731
0.0107951
0.0109393
0.0162029
0.01648
0.0122096
0.013067
0.0147545
0.0160161
0.0142259
0.0156499
0.0158862
0.015503
0.0130134
0.0148771
0.0137671
0.0154576
0.013203
0.0333382
0.154407
0.00730727
0.00591468
0.0167012
0.0150293
0.00827122
0.0102679
0.00937709
0.0143716
0.00852435
0.0105356
0.0172849
0.0143732
0.0166295
0.0108506
0.0110801
0.0165834
0.0118273
0.012689
0.0120924
0.0124896
0.0156014
0.0125383
0.0141463
0.0126976
0.0128674
0.0155904
0.0140454
0.392672
0.023035
0.0204701
0.0119407
0.00564361
0.0196849
0.0194085
0.0185995
0.0137013
0.0172313
0.00804469
0.0166203
0.0103382
0.0133278
0.00987372
0.0138805
0.0158504
0.0113145
0.0141843
0.0164729
0.0117783
0.0120314
0.0138148
0.0159619
0.0155275
0.0126133
0.0127443
0.0155739
0.0128944
1.52731
0.13065
0.00649936
0.0717085
0.0191579
0.0218516
0.0031979
0.0188478
0.00410774
0.00151404
0.000702173
0.00541949
0.00579153
0.00718655
0.00803634
0.00935043
0.0178664
0.0102338
0.00904899
0.015585
0.009516
0.016212
0.0160043
0.0100944
0.0110753
0.0166183
0.0134071
0.0132387
0.0119574
0.61131
0.0582718
0.00386704
0.0395596
0.0102276
0.00644024
0.00958456
0.000297944
0.0090645
0.0185835
0.00522547
0.0140354
0.0177715
0.00835783
0.0096966
0.0105793
0.0172474
0.0129461
0.0157936
0.0164622
0.0153507
0.0124658
0.0161849
0.0122747
0.0149716
0.0160301
0.0142702
0.0157862
0.0127657
0.9361
0.0602129
0.0139886
0.0141777
0.00033764
0.00171226
0.018831
0.00643859
0.018851
0.0182096
0.0193438
0.00567183
0.0188527
0.0075658
0.0182746
0.0178218
0.007886
0.00884589
0.0162932
0.0107208
0.0105433
0.0127587
0.0113744
0.0129563
0.015698
0.0112997
0.0130403
0.0116996
0.294728
0.0234158
0.00450133
0.00384631
0.0202613
0.0195569
0.00745483
0.00815217
0.00781886
0.0134687
0.0104847
0.0110865
0.0146104
0.0128937
0.0160829
0.0164794
0.0155119
0.0128986
0.015966
0.015975
0.0158293
0.0127437
0.0145748
0.015508
0.0154627
0.0134362
0.1354
0.107034
0.0217779
0.018504
0.00890743
0.0202033
0.0206884
0.0176939
0.0194747
0.0129283
0.018432
0.00709429
0.00940223
0.00939595
0.017945
0.0173417
0.0170271
0.0175179
0.0104945
0.0166302
0.0124627
0.0104514
0.0167836
0.0123241
0.0120157
0.0118515
0.0115691
0.0119608
0.0122308
0.0160277
0.0161366
0.0127217
0.0122572
0.0122916
0.0138853
0.0142986
0.0159264
0.0125947
0.0151457
0.0147056
0.0144636
0.0147467
0.0128142
0.0155852
0.0155703
0.0155308
0.0132587
0.0130149
0.0131448
0.0134929
0.0148717
0.0148152
0.0152698
0.0152372
0.00691433
0.0216604
0.0203105
0.00815271
0.019177
0.00237811
0.0075756
0.00940916
0.0157673
0.0174341
0.00836954
0.0176877
0.0142707
0.0105944
0.010672
0.0168148
0.0154434
0.0111371
0.0165292
0.0157765
0.0138223
0.0158512
0.0120664
0.0122867
0.0127037
0.0127979
0.0130925
0.0127673
0.542343
0.00692687
0.0480533
0.00258809
0.0211065
0.00842731
0.0203961
0.00140856
0.00602449
0.0141488
0.00481699
0.018254
0.0180085
0.00762855
0.0178063
0.0168351
0.0171299
0.0128175
0.0171984
0.0146396
0.0105885
0.0172087
0.017157
0.0157866
0.0108919
0.0120115
0.0127745
0.0166002
0.0117597
0.0156451
0.0118493
0.0117662
0.0142087
0.0121863
0.0127795
0.0160786
0.0160257
0.0126941
0.015938
0.0154026
0.012556
0.0158261
0.0150243
0.0131769
0.0128093
0.0139018
0.0128816
0.0153284
0.0131666
0.0143345
0.0133768
0.015359
0.0131061
0.0148225
0.0132296
0.0133311
0.0146947
0.26757
0.226888
0.0305699
0.0172458
0.00548822
0.00775502
0.0204506
0.00311867
0.0188153
0.0196442
0.0179649
0.00561525
0.0167818
0.0183731
0.00911358
0.0177909
0.0172278
0.0102401
0.0169459
0.017275
0.011076
0.0121726
0.0114767
0.0167977
0.0164586
0.011852
0.016513
0.0122225
0.0140477
0.0124351
0.014975
0.0154527
0.01565
0.0142164
0.0157562
0.0127944
0.0158919
0.0154191
0.0127234
0.0157546
0.0156138
0.0156053
0.0155577
0.0143221
0.0149321
0.0153981
0.0135672
0.0152566
0.0133432
0.0132851
0.015304
0.0150444
