0.238486
0.0816122
0.00274545
0.00681961
0.0121575
0.00780821
0.00656534
0.0158582
0.0145165
0.0122506
0.0156095
0.0142231
0.0142787
0.0146469
0.0149147
0.0146925
0.0145333
0.0147093
0.0153359
0.0149601
0.0152642
0.0157109
0.0152016
0.0153915
0.0156885
0.0158593
0.0153446
0.0154517
0.101992
0.106661
0.00891452
0.0112063
0.00925638
0.0154463
0.0142849
0.0153976
0.0159574
0.0160077
0.0143904
0.0151833
0.0151598
0.015585
0.0159646
0.0151094
0.0153425
0.0151032
0.0156726
0.0157751
0.015578
0.0155223
0.015217
0.0160004
0.0153035
0.0153866
0.0154072
0.015586
0.0158924
0.0159803
0.0155514
0.0157911
0.0155624
0.0155483
0.0158288
0.0155682
0.0158028
0.0156947
0.0156528
0.0156626
0.0156407
0.0158959
0.015724
0.0157679
0.0158128
0.0156754
0.0158028
0.0157412
0.0157045
0.015701
0.0158653
0.0157947
0.015814
0.0157229
0.015734
0.0157826
0.0157363
0.0157628
0.0157585
0.0158152
0.211016
0.0512431
0.010112
0.0114732
0.0147932
0.00967028
0.0123701
0.00973566
0.0139674
0.0153779
0.0133108
0.0142485
0.0155298
0.014295
0.0146148
0.0146341
0.0158507
0.0154317
0.0145978
0.0155706
0.0147092
0.0155811
0.0158882
0.0159214
0.0152048
0.0152691
0.0155339
0.0152145
0.227146
0.00742901
0.000238237
0.0139124
0.00155711
0.0136202
0.0116808
0.0147799
0.0152823
0.0116496
0.0140729
0.0135254
0.0135098
0.0150379
0.015294
0.0144126
0.0148151
0.0148792
0.0159866
0.0150219
0.0158274
0.0151126
0.0156378
0.0154252
0.0153295
0.0154954
0.0155114
0.0157297
0.540165
0.243079
0.0138342
0.0309836
0.00475789
0.0149022
0.00833752
0.0102644
0.0127397
0.00881257
0.00779125
0.0130149
0.0106953
0.0114433
0.0115256
0.0135034
0.0123964
0.0156421
0.0131945
0.0150764
0.0152578
0.0140375
0.0158789
0.0143132
0.0158768
0.0155736
0.0150964
0.0146985
0.0147845
0.405596
0.0936462
0.0272455
0.0152054
0.00597818
0.00822365
0.0108303
0.0136697
0.0160628
0.0122838
0.0157287
0.0139053
0.0139881
0.0130525
0.0154555
0.0134828
0.0147716
0.0139652
0.0157838
0.0144869
0.0143695
0.0146933
0.0156276
0.014858
0.0156326
0.0155011
0.0150385
0.0152221
0.485942
0.00715648
0.000746209
0.0138996
0.0122378
0.0037961
0.0145739
0.00672204
0.0149658
0.00939292
0.0147614
0.0139152
0.011903
0.0123705
0.0154632
0.0151242
0.0146758
0.0144993
0.0148586
0.0154034
0.0147677
0.0156326
0.0159143
0.015581
0.0150602
0.0153361
0.0150433
0.210412
0.0472741
0.0168529
0.00388011
0.00487503
0.00876513
0.0136011
0.0112447
0.015097
0.012922
0.0125168
0.0155015
0.0153314
0.0158299
0.0131645
0.0143009
0.0138724
0.0151316
0.0157836
0.0154308
0.0156376
0.0146554
0.0158865
0.0159547
0.0149264
0.0159143
0.0151045
0.0157467
0.0151783
0.295597
0.00600787
0.0188252
0.00899753
0.0147046
0.0140327
0.0154469
0.010811
0.0159564
0.015094
0.0122596
0.0125309
0.0154372
0.0134838
0.013728
0.0137072
0.0142941
0.015039
0.0145296
0.0153276
0.015346
0.0153114
0.0147589
0.0151474
0.0153226
0.0151054
0.0159397
0.0153606
0.484544
0.125393
0.010415
0.0105621
0.0147963
0.00979837
0.0124234
0.00977606
0.013969
0.0153812
0.0133202
0.014261
0.0155298
0.0143061
0.0146198
0.0146395
0.0158505
0.015433
0.0146051
0.0155719
0.014716
0.0155822
0.0158881
0.0159212
0.0152083
0.0152722
0.0155354
0.015218
0.265445
0.0694926
0.00439681
0.00665956
0.0121572
0.00780874
0.00687
0.0158572
0.0145125
0.0123097
0.0156072
0.0142596
0.0143095
0.0146676
0.0149289
0.0147043
0.0145508
0.0147241
0.0153398
0.0149704
0.0152698
0.0157118
0.015209
0.0153964
0.0156899
0.0158593
0.0153502
0.0154559
0.0948898
0.0123408
0.0138227
0.0159539
0.0146266
0.012551
0.0157915
0.0145869
0.014859
0.0146883
0.0145427
0.0153947
0.0152788
0.0149858
0.015657
0.0152438
0.0153754
0.0152822
0.0153304
0.0157049
0.0155726
0.0155819
0.0156106
0.0159184
0.0156784
0.0156763
0.015654
0.015611
0.0157078
0.445724
0.0973064
0.0286531
0.0163326
0.00610776
0.00846114
0.0106792
0.0135976
0.0160621
0.0123018
0.0157219
0.0138971
0.0139784
0.0130082
0.0154536
0.0134398
0.0147593
0.0139297
0.0157813
0.0144613
0.014337
0.0146705
0.0156221
0.0148334
0.0156291
0.0154947
0.015017
0.0152053
0.0833715
0.00975654
0.00660966
0.0104384
0.0152973
0.0152796
0.0119769
0.0145262
0.0150035
0.0156163
0.0159139
0.0146665
0.0154642
0.0151988
0.0157949
0.0151715
0.0157203
0.015916
0.0156806
0.0153558
0.0155448
0.0157181
0.0154727
0.0155075
0.0157587
0.0157406
0.0157595
0.0156548
0.0159261
0.0157938
5.20392
0.00813556
0.0591779
0.0014683
0.00600108
0.0111547
0.0116127
0.0150059
0.010898
0.0103011
0.0112541
0.0143328
0.0133831
0.0157948
0.0152673
0.0151264
0.0138784
0.0158115
0.0146797
0.0156851
0.0154179
0.0145171
0.015486
0.0148551
0.0151609
0.0155697
0.0153989
0.0156341
0.0151343
0.229776
0.0126852
0.0114332
0.0118188
0.0113945
0.0151195
0.0126566
0.0151705
0.0141724
0.0147086
0.0154768
0.0147367
0.0157598
0.0157641
0.0152408
0.0151255
0.0159697
0.0154915
0.0159183
0.0154715
0.0158026
0.0157914
0.0155619
0.0157013
0.0157079
0.015688
0.335277
0.0616804
0.00926747
0.00978484
0.00793464
0.0104453
0.0129697
0.0153745
0.0125561
0.0133069
0.015007
0.0145902
0.014388
0.0158705
0.0150621
0.0158443
0.015386
0.015478
0.0151519
0.0155014
0.0152118
0.0158493
0.0152919
0.0159447
0.0154211
0.0155261
0.015811
0.0155099
0.0156707
0.312027
0.0523554
0.00698605
0.00977463
0.00825093
0.0104316
0.0130696
0.015371
0.0126032
0.013343
0.0150204
0.0146086
0.0144049
0.0158697
0.0150703
0.0158436
0.015387
0.0154807
0.0151573
0.0155037
0.0152159
0.0158491
0.0152955
0.0159444
0.0154235
0.0155278
0.0158111
0.0155117
0.0156714
1.0733
0.0115203
0.0741627
0.0115373
0.0137156
0.00337686
0.00765001
0.00618597
0.0154115
0.0106093
0.0158188
0.0143159
0.0112017
0.0147962
0.0144632
0.0120111
0.0131795
0.0153565
0.0133383
0.0142498
0.0136235
0.0138626
0.0139476
0.0148852
0.0152362
0.0145616
0.0144599
0.0152615
0.0159236
0.520992
0.102291
0.0111178
0.0119072
0.0114452
0.0137999
0.00733985
0.0113486
0.0139434
0.0133569
0.0136583
0.015191
0.0139688
0.0155318
0.0145788
0.0150644
0.0150161
0.0147259
0.0155348
0.0150291
0.0155671
0.0159003
0.0155085
0.0152144
0.0158159
0.0152899
0.0156448
0.555628
0.309636
0.0137299
0.00462682
0.010881
0.00111169
0.0126694
0.00741951
0.0142259
0.00959932
0.0155107
0.0101101
0.0158867
0.0153039
0.0150073
0.0158861
0.0149091
0.0156549
0.0155632
0.0146228
0.0140097
0.0144514
0.0152361
0.0142301
0.0144308
0.0149279
0.014641
0.0154029
0.0151137
0.153159
0.00156567
0.00455445
0.0158562
0.0118609
0.0157278
0.0155602
0.0141951
0.0138549
0.0146029
0.0155213
0.0145305
0.0146087
0.0157636
0.014969
0.0157966
0.0159686
0.015688
0.0153435
0.0154709
0.0156407
0.0156061
0.0154983
0.0157887
0.015644
0.0155945
0.0157272
0.0157497
0.015636
0.0623216
0.0647924
0.0137899
0.00427154
0.00628125
0.0111475
0.0154986
0.00983375
0.0123971
0.0151502
0.0134506
0.0155673
0.0136283
0.0157336
0.0147456
0.0143121
0.0153472
0.0158289
0.0160213
0.0156781
0.0150556
0.01553
0.0154502
0.0152566
0.0158068
0.0155159
0.0159827
0.0153006
0.0159122
0.0157248
0.015696
0.0157159
0.0155885
0.0155131
0.0159252
0.0157575
0.0155508
0.0156134
0.01575
0.0159053
0.0156288
0.0156329
0.0158656
0.0158171
0.015645
0.0157847
0.0157995
0.0159044
0.0157659
0.015752
0.0157483
0.015917
0.015747
0.0157326
0.015872
0.0157172
0.0157515
0.0157397
0.3289
0.00894878
0.000400744
0.0104658
0.0137347
0.00774878
0.0136437
0.0127463
0.0147962
0.0153692
0.0151493
0.0149196
0.0137966
0.0154168
0.0146272
0.0157901
0.0159494
0.0150926
0.0149446
0.0150368
0.0152247
0.0151784
0.0151819
0.0158832
0.0157832
0.0153981
0.0155495
0.0154317
0.0156923
0.165255
0.124452
0.00631222
0.0146698
0.0148053
0.0146093
0.0139837
0.0127321
0.0124382
0.015108
0.0132626
0.0158044
0.015704
0.0144889
0.0152591
0.0151561
0.0145309
0.0160223
0.0154335
0.0148643
0.0157724
0.0159871
0.0151815
0.0155152
0.0158722
0.0154194
0.0158487
0.0153932
0.0156227
0.0155556
0.0155973
0.0155881
0.015964
0.0158209
0.0156654
0.0156188
0.0156356
0.0155977
0.0159262
0.0157894
0.0157826
0.0158905
0.0157462
0.0158037
0.0159029
0.0156622
0.0158857
0.0158535
0.0156779
0.0158996
0.0157133
0.0157026
0.0157461
0.0157462
0.015721
0.115992
0.0169882
0.00958892
0.0148303
0.0135414
0.0122928
0.0100997
0.0149105
0.0132094
0.0150557
0.0151492
0.0157351
0.0160168
0.0154505
0.0149102
0.0151022
0.0159979
0.0151915
0.0159795
0.0152817
0.0153438
0.0160007
0.015221
0.0158801
0.015418
0.0159215
0.0159282
0.0154758
0.0154517
0.0154876
0.0159113
0.0159533
0.0159465
0.0155315
0.0156886
0.0155903
0.0155985
0.015612
0.0159441
0.015904
0.0159521
0.0158718
0.0158316
0.0156539
0.0157216
0.0158859
0.0156893
0.0156791
0.0156954
0.0157052
0.0158722
0.0157486
0.0157582
0.015893
0.0157893
0.0158267
0.0158696
0.0157483
0.0157665
