0.0131851
0.0214518
0.0189256
0.0199322
0.0199978
0.0199701
0.0198958
0.0199391
0.0218471
0.0204671
0.0189001
0.0205291
0.0221235
0.0202685
0.0201737
0.0176929
0.0189692
0.0216799
0.0184772
0.0181791
0.0199863
0.0200974
0.0188777
0.0203306
0.0193426
0.0211167
0.0209262
0.0205149
0.0189332
0.0190112
0.0191221
0.0201048
0.0207533
0.0199642
0.0206389
0.0191278
0.0192225
0.0192201
0.0195048
0.0195436
0.019537
0.0200089
0.0193214
0.0204721
0.0205612
0.0202425
0.0204212
0.019858
0.019425
0.0203612
0.0194124
0.01943
0.0203502
0.0203987
0.0199049
0.0194555
0.0195597
0.0201965
0.0203041
0.0200491
0.0200028
0.020321
0.0196892
0.0196362
0.0200888
0.0195565
0.022538
0.0228778
0.0204155
0.021243
0.0189068
0.0196593
0.0205947
0.0200101
0.0196555
0.0205832
0.0205852
0.0203239
0.0204745
0.0196907
0.0197687
0.0197759
0.0197697
0.0200364
0.0198661
0.0199453
0.0199922
0.0198597
0.0199347
0.0198669
0.0198616
0.0199218
0.0199729
0.0198766
0.0198711
0.0199528
0.0198727
0.0198704
0.0199467
0.0199248
0.0199676
0.0198869
0.0198896
0.0198803
0.0199374
0.0199533
0.0199175
0.01991
0.0199337
0.0199404
0.0199594
0.0199375
0.0199453
0.0199062
0.0199342
0.019907
0.019922
0.0198969
0.0199504
0.0199519
0.0184803
0.0163402
0.021808
0.0182901
0.0197698
0.0205416
0.021012
0.0206341
0.0201763
0.0197208
0.0198824
0.0197965
0.0198092
0.0199246
0.0197879
0.0200422
0.0200312
0.0199345
0.0199502
0.0199018
0.0198429
0.0198504
0.0198472
0.0199788
0.0198461
0.0198929
0.0199613
0.0199496
0.0199656
0.0199704
0.0199686
0.0199286
0.0199365
0.0199667
0.0198795
0.0199393
0.0199046
0.0198936
0.0198845
0.0199105
0.0199611
0.0199263
0.019938
0.0199567
0.0199027
0.0184826
0.0155392
0.0224432
0.0175632
0.0191078
0.020506
0.020764
0.0204634
0.0207551
0.0192323
0.0199511
0.019961
0.0199729
0.0194738
0.0200844
0.0197781
0.0198808
0.0195166
0.01996
0.0200256
0.0201747
0.0201628
0.0201729
0.0197025
0.0201728
0.0200566
0.0198017
0.0198548
0.0197707
0.0197395
0.019749
0.0199249
0.019894
0.0197585
0.0200839
0.0198804
0.0200066
0.0200393
0.0200649
0.0199818
0.019786
0.0199235
0.0198778
0.0198034
0.0200068
0.0262817
0.0230538
0.0223449
0.0208096
0.0209614
0.020817
0.0204642
0.0199988
0.0205961
0.020957
0.0198216
0.0199635
0.019151
0.0190296
0.020365
0.0205234
0.0192948
0.0204702
0.0196893
0.0198269
0.0203435
0.0201827
0.019542
0.0199977
0.0194634
0.0196963
0.0202446
0.0195968
0.0198129
0.0196724
0.0197071
0.0202231
0.0197577
0.0169914
0.0211552
0.0162156
0.0229881
0.0191769
0.0207099
0.0194749
0.0176302
0.020461
0.019838
0.0186639
0.0197819
0.0192388
0.0204145
0.0187982
0.0202106
0.0208373
0.0204984
0.0196393
0.0192896
0.0202024
0.0205049
0.0192726
0.0191713
0.0199373
0.0204442
0.0202448
0.0198084
0.0193664
0.0199568
0.0200941
0.020209
0.01959
0.0203854
0.0202857
0.0195299
0.0197256
0.0196603
0.0203134
0.019625
0.0202427
0.0196059
0.0202787
0.020184
0.0202217
0.0196002
0.0167792
0.0177485
0.0168354
0.0214437
0.0210609
0.0189151
0.0206856
0.0199197
0.0198921
0.0199984
0.0196582
0.0199649
0.0198653
0.0199945
0.0199497
0.0199489
0.0198714
0.0197282
0.0199249
0.0198638
0.0197881
0.0199064
0.0199321
0.0198489
0.0198635
0.0198398
0.0200023
0.0198548
0.0198768
0.0199779
0.0199949
0.0199627
0.0199192
0.0199421
0.019922
0.0199299
0.0199605
0.0198736
0.0198787
0.0198891
0.0166664
0.0141296
0.0222594
0.0196153
0.0193381
0.0193979
0.0223538
0.0196592
0.0198461
0.0197366
0.0197477
0.0203745
0.0214727
0.0186299
0.0185791
0.0212104
0.0203602
0.0199939
0.0208688
0.0188867
0.0190308
0.0190639
0.020536
0.0207773
0.0203507
0.0190791
0.0204282
0.0204922
0.0193527
0.0193929
0.0192619
0.0205639
0.0206356
0.0193053
0.0194283
0.0194682
0.0193257
0.0203033
0.0194463
0.019441
0.0204531
0.0195335
0.0200353
0.0194069
0.0197683
0.0202793
0.0202889
0.0203735
0.0200284
0.0199111
0.0202379
0.0196079
0.0196804
0.0197964
0.0219284
0.0212619
0.0229078
0.0201536
0.0227496
0.020242
0.019476
0.0193417
0.0177721
0.018643
0.0183297
0.0209401
0.0183065
0.0192645
0.0188421
0.0210219
0.0186383
0.019591
0.0204551
0.0191883
0.0195581
0.0198264
0.0206951
0.0116718
0.0168169
0.0236471
0.0214918
0.0201607
0.0208344
0.0206675
0.0191829
0.0198185
0.0200475
0.0198834
0.0199587
0.0199539
0.0196875
0.0200661
0.0200001
0.0200464
0.0197879
0.0199905
0.0198109
0.0199536
0.0199584
0.020009
0.0198963
0.0199717
0.0199791
0.0198383
0.0199967
0.0198476
0.0198479
0.0198749
0.0198559
0.019864
0.0198572
0.0198855
0.0165716
0.0186351
0.0247776
0.0184557
0.0199645
0.0223639
0.0204423
0.019251
0.0183404
0.0201901
0.0207276
0.0215299
0.0211051
0.0214682
0.0212002
0.0196841
0.0190584
0.0210893
0.0190908
0.0209526
0.0199136
0.0188861
0.0190148
0.0205869
0.0192584
0.0194989
0.0192063
0.0201601
0.0191529
0.0199062
0.0192065
0.0192778
0.0197177
0.0205809
0.0193441
0.0193541
0.0202848
0.0204757
0.0195412
0.0203835
0.0203225
0.0194447
0.0203454
0.020244
0.0203785
0.0196067
0.0196954
0.0202762
0.0203169
0.0195342
0.020039
0.0230235
0.0238937
0.0226554
0.0205446
0.0193422
0.0195249
0.0202908
0.0199319
0.0201808
0.0191947
0.0202301
0.019931
0.0196529
0.0191616
0.0201576
0.0204339
0.01931
0.0203375
0.0204904
0.0193771
0.0194071
0.0201998
0.0194051
0.0200729
0.0203532
0.0202672
0.0199958
0.0196843
0.0195295
0.0198463
0.0200913
0.0195525
0.0201492
0.019745
0.0197701
0.0197679
0.0196349
0.0200109
0.0201685
0.0201318
0.0198427
0.011179
0.0214738
0.0163765
0.0203957
0.0194373
0.0200693
0.0197267
0.0199688
0.0193775
0.0194697
0.0199852
0.0201999
0.0199122
0.0200684
0.0196524
0.0196967
0.0201022
0.0179653
0.0177648
0.0175597
0.0214108
0.0203619
0.0192859
0.0216893
0.020825
0.019957
0.0207611
0.0188519
0.0193272
0.0204068
0.0197366
0.0200847
0.0202267
0.0193396
0.0190473
0.0195954
0.0194291
0.019208
0.0197359
0.0199222
0.0194402
0.0195228
0.019414
0.0204234
0.0194847
0.0196048
0.0202686
0.0203658
0.0201667
0.019879
0.0200316
0.0199022
0.0199539
0.0201516
0.0196097
0.0196384
0.0196991
0.0188828
0.0177222
0.0152826
0.0204659
0.0190182
0.0205982
0.0195413
0.019842
0.0198232
0.0197018
0.0201162
0.0200175
0.0197875
0.0197996
0.019922
0.0198081
0.0198745
0.0198171
0.0200019
0.0199354
0.0199797
0.0199991
0.0199114
0.0198899
0.0198735
0.0198808
0.0199465
0.0198526
0.0199408
0.0199653
0.0199214
0.019955
0.0199721
0.0199129
0.0199386
0.0111497
0.0209999
0.0202083
0.0200595
0.0196813
0.021797
0.0195627
0.0206682
0.0208419
0.0191314
0.0204286
0.0208097
0.0191936
0.01972
0.0205156
0.020622
0.0192542
0.0201109
0.0192659
0.0204526
0.0193068
0.0202059
0.0199675
0.0196678
0.0203637
0.019762
0.0194693
0.0203607
0.0197297
0.0198927
0.0198933
0.0196465
0.0198051
0.0201772
0.0202358
0.019973
0.0201997
0.0197676
0.0200235
0.0201485
0.020122
0.00108976
0.0117519
0.0202187
0.0179871
0.0207412
0.0183725
0.0202036
0.0197368
0.0201181
0.0195692
0.01947
0.0138095
0.0215298
0.0185864
0.0216271
0.0208652
0.0222314
0.0186457
0.0195495
0.0217503
0.0199957
0.0210886
0.0188183
0.0200101
0.0211411
0.0191184
0.0198719
0.0201006
0.0190769
0.0200712
0.0200718
0.0205685
0.0192338
0.0199706
0.0192581
0.0192141
0.0195112
0.0202521
0.0193261
0.0195613
0.0203701
0.0204694
0.0203901
0.0196928
0.0204228
0.0198749
0.0194303
0.019511
0.0200905
0.0194436
0.0201424
0.0199458
0.0203202
0.019627
0.0202393
0.0198999
0.019584
0.0198227
0.0199404
0.0201076
0.0195953
0.019653
0.0195983
0.0196692
0.0200971
0.0201128
0.0199563
0.0201987
0.0196738
0.0196576
0.0241728
0.0157762
0.0213849
0.0189759
0.0180224
0.0199125
0.0200747
0.0193098
0.0195342
0.0203302
0.019291
0.0197826
0.0197394
0.0199904
0.0197495
0.0197072
0.0202607
0.0196265
0.0198255
0.0198505
0.0200388
0.0196722
0.0111941
0.0208809
0.0155314
0.0210645
0.0196648
0.0197656
0.0193572
0.0199146
0.0188677
0.019018
0.0200242
0.0205316
0.0198762
0.0202294
0.0193506
0.0194411
0.02031
0.0183509
0.0226931
0.0186217
0.0192285
0.0206362
0.0195616
0.0202665
0.0194568
0.0196614
0.0201645
0.0198123
0.0199103
0.0201734
0.0200692
0.0200455
0.020026
0.0197636
0.0235251
0.0186724
0.0156883
0.0209792
0.0205989
0.0193958
0.0186397
0.0207978
0.0203557
0.0197577
0.0185018
0.0201492
0.0201587
0.0210901
0.0189514
0.0196473
0.0200954
0.020193
0.0198536
0.0205988
0.0197975
0.0204325
0.0203325
0.0199936
0.0193672
0.020318
0.0203603
0.0193486
0.0201918
0.0204769
0.0204037
0.0199769
0.0195193
0.0202526
0.0196069
0.0195203
0.0200918
0.0194759
0.0197824
0.0198141
0.0196512
0.0203121
0.020123
0.0198358
0.0195689
0.0198014
0.0197323
0.0196353
0.0196372
0.0201649
0.0196678
0.0197819
0.019954
0.0197034
0.0196809
0.0200372
0.00470913
0.0148765
0.0217197
0.020685
0.0198462
0.0201412
0.0199498
0.0201988
0.0199255
0.0200276
0.0197237
0.0201262
0.0196062
0.0196356
0.0197131
0.0198343
0.020063
0.0197576
0.0197282
0.0197953
0.0197566
0.0197827
0.0198918
0.0199379
0.0198333
0.0199426
0.0198351
0.0199476
0.0226187
0.0161521
0.0208417
0.0195755
0.0156035
0.0208423
0.0200832
0.021966
0.0195509
0.0176896
0.0177477
0.017904
0.0197804
0.0187152
0.0182046
0.0184411
0.0191521
0.0206955
0.0199406
0.0207378
0.0197334
0.0189743
0.0207263
0.0258011
0.0197904
0.0204301
0.0208131
0.0181778
0.0185557
0.0188352
0.0196787
0.02045
0.0190914
0.0204954
0.0194072
0.0200503
0.0204692
0.0194939
0.01963
0.0195945
0.0249052
0.0165884
0.0199421
0.0219189
0.0206528
0.0183448
0.0198858
0.0194599
0.0191591
0.0207561
0.0206228
0.0199169
0.0193611
0.0196869
0.0206275
0.0200372
0.0193484
0.0201685
0.0198222
0.0202134
0.0204414
0.0193973
0.0200563
0.0197766
0.0194659
0.0202973
0.0195061
0.0202302
0.0197443
0.020056
0.0201575
0.0201231
0.020008
0.0173739
0.021473
0.0213785
0.0218013
0.0211067
0.0197028
0.0195802
0.0203947
0.0203036
0.0197094
0.0196854
0.0196781
0.0200544
0.0197013
0.019918
0.0196711
0.0199699
0.019671
0.0199433
0.0200071
0.0197293
0.0201197
0.0199361
0.0199731
0.0204835
0.0167603
0.0222961
0.0210088
0.0179735
0.0202975
0.0203977
0.0203149
0.0192477
0.0200227
0.0202031
0.0202282
0.0202547
0.0200132
0.0199006
0.0196419
0.0198445
0.0197452
0.0176263
0.0225817
0.0190737
0.0239531
0.0193438
0.0187046
0.0192669
0.0200531
0.0181769
0.0212583
0.0184666
0.0210431
0.0200612
0.0200661
0.0207996
0.0200735
0.0204081
0.0200095
0.0208059
0.0208079
0.0205963
0.0192413
0.019197
0.0191585
0.0194206
0.0192878
0.0195135
0.0195
0.0194202
0.0193167
0.02032
0.0204546
0.020084
0.019701
0.019389
0.0194441
0.0201311
0.0201662
0.0202704
0.0194516
0.0199202
0.0197533
0.0199821
0.0195132
0.0202244
0.0195402
0.0200845
0.0195478
0.0199753
0.0202292
0.0196741
0.0201943
0.0202096
0.0202161
0.0195894
0.0197946
0.019786
0.0197893
0.0198691
0.0267935
0.0178724
0.0208639
0.0174186
0.0203163
0.0201008
0.0206879
0.0198529
0.0199963
0.0194801
0.0192081
0.0173959
0.022997
0.0242576
0.0210333
0.0178318
0.0215769
0.0201374
0.0199189
0.0196504
0.0203902
0.019282
0.0206659
0.0190952
0.0191161
0.0205813
0.0192705
0.0193115
0.0201543
0.0198749
0.0197212
0.0199868
0.0203875
0.0199846
0.0199572
0.020026
0.0198575
0.0202066
0.0203047
0.0195792
0.0202265
0.019779
0.0201789
0.0196098
0.0196843
0.0202027
0.0182264
0.0236737
0.0221118
0.0215515
0.0198435
0.0182852
0.017481
0.0179903
0.020082
0.0198561
0.0198841
0.0195008
0.0197525
0.0196078
0.0188526
0.0209239
0.0194401
0.0203899
0.0207481
0.019918
0.0207324
0.0196022
0.0200323
0.0194697
0.0198767
0.0200141
0.0192789
0.020526
0.0195021
0.0194232
0.0200963
0.0202323
0.0203615
0.0204109
0.0200161
0.0199624
0.0203401
0.0195233
0.019541
0.0195086
0.0195417
0.0201951
