0.021876
0.0311602
0.0343848
0.0337662
0.0331858
0.03389
0.0337587
0.0338654
0.0338324
0.033826
0.0325219
0.0353917
0.0329056
0.0340394
0.0334709
0.0327279
0.0348908
0.0327477
0.0339467
0.032912
0.0338895
0.033616
0.0338971
0.0342798
0.0340316
0.0333092
0.0336947
0.033932
0.0342768
0.033544
0.0336977
0.0338694
0.0341855
0.0341529
0.0340638
0.0336026
0.0336609
0.0338068
0.0336904
0.034085
0.0340364
0.0335353
0.0338087
0.0340314
0.0337967
0.0336114
0.0341019
0.033658
0.0338434
0.0337082
0.033594
0.0340483
0.0340574
0.0336067
0.0336053
0.033609
0.0339758
0.0340428
0.0336431
0.0340289
0.0340183
0.0339508
0.033873
0.0338857
0.033716
0.033987
0.0337822
0.0338614
0.0355256
0.0347882
0.0330077
0.0338123
0.0342944
0.0341125
0.0334156
0.033923
0.0336966
0.0340844
0.0336889
0.0338839
0.0338124
0.0337633
0.033888
0.0338979
0.0338492
0.0338307
0.0338689
0.0338314
0.0338085
0.0338105
0.0338072
0.033811
0.0338102
0.0338145
0.033815
0.0338536
0.0338115
0.0338243
0.0338523
0.033848
0.0338518
0.0338142
0.0338271
0.0338168
0.033816
0.0338502
0.0338196
0.0338181
0.0338246
0.0338509
0.033848
0.03385
0.0338253
0.0338346
0.0338479
0.0338464
0.0338372
0.0338286
0.0338299
0.0338345
0.029383
0.0335111
0.0329343
0.0339138
0.0345154
0.0338394
0.0334006
0.0337251
0.0334991
0.0341567
0.0338215
0.0337608
0.0337934
0.0338458
0.0337821
0.0338987
0.0338309
0.0338789
0.0338073
0.0338632
0.0338533
0.0338029
0.0338561
0.0338112
0.0338376
0.0338511
0.0338431
0.0338163
0.0338358
0.033854
0.0338136
0.0338139
0.033855
0.0338522
0.0338538
0.0338147
0.033833
0.0338539
0.0338535
0.0338441
0.0338489
0.033847
0.0338443
0.0338266
0.0338507
0.0338472
0.0338402
0.0338346
0.0289419
0.0335109
0.0330408
0.0339121
0.0344017
0.033841
0.0335439
0.0339534
0.0332657
0.0340714
0.0336213
0.0339169
0.0339765
0.0336638
0.0339475
0.0337917
0.0336514
0.0337459
0.0338947
0.0337213
0.0338365
0.033935
0.0337983
0.0339132
0.0338471
0.0337985
0.0338296
0.0339022
0.0338506
0.0337587
0.0339084
0.0339075
0.0337487
0.0337658
0.0337568
0.0339044
0.0338486
0.0337567
0.0337599
0.0338013
0.0337803
0.0337883
0.0337996
0.0338665
0.0337734
0.0337876
0.0338155
0.0338366
0.0356896
0.0345419
0.031513
0.0343324
0.0326036
0.0324234
0.0327763
0.0330698
0.0332904
0.0338605
0.033914
0.0335236
0.0334265
0.0338248
0.0340483
0.0339787
0.0338039
0.0335755
0.0335722
0.0338583
0.0340241
0.0338776
0.0337142
0.0336326
0.033641
0.0338833
0.0340055
0.0339334
0.0338378
0.0339631
0.0336842
0.033921
0.0338694
0.0339266
0.0339123
0.0347697
0.0355396
0.0335315
0.0336454
0.0341787
0.0332655
0.0331506
0.0336147
0.0340809
0.0333044
0.0334216
0.0332804
0.0339732
0.0337578
0.0342069
0.0340418
0.0339986
0.0340752
0.0334955
0.033812
0.0335252
0.0341439
0.0338566
0.0337354
0.0339689
0.0338027
0.0336655
0.0335993
0.0338055
0.0336131
0.0339529
0.0340453
0.0336342
0.0339516
0.0336526
0.0336547
0.0338928
0.0339581
0.0338707
0.0336904
0.0337679
0.0339655
0.0339385
0.0339688
0.0338716
0.0334016
0.0325881
0.032162
0.0341059
0.0332208
0.0335028
0.0338659
0.0335547
0.0336781
0.0338728
0.0338426
0.0337059
0.0338443
0.0338408
0.0338438
0.0337609
0.0338512
0.0338102
0.0337731
0.0338081
0.033868
0.033845
0.0338325
0.0337943
0.033859
0.0337962
0.0337967
0.0338599
0.0337998
0.0338511
0.0338592
0.0338127
0.0338456
0.0338075
0.0338594
0.0338582
0.0338449
0.0338287
0.0338129
0.0338252
0.0338211
0.0329488
0.032083
0.0344192
0.03549
0.0325537
0.0339501
0.0337997
0.033961
0.0331592
0.0331768
0.0341946
0.0342891
0.0333057
0.0336236
0.0333288
0.0341337
0.0334929
0.0339887
0.0335776
0.0336062
0.0342156
0.0341994
0.0337238
0.0338939
0.0341666
0.0340558
0.0334979
0.0341532
0.0339498
0.0335201
0.0337471
0.0338313
0.0335619
0.0337875
0.0340692
0.0335961
0.0340445
0.0336179
0.0340194
0.0337138
0.0340415
0.0340271
0.0336321
0.0337383
0.033689
0.033758
0.0336886
0.03365
0.0339995
0.0338391
0.0339316
0.0336991
0.0339929
0.0363833
0.0359343
0.0352807
0.0328891
0.0323021
0.0340399
0.0322409
0.0336523
0.0343338
0.0335703
0.0327372
0.0328918
0.0335386
0.0344134
0.0343345
0.0330869
0.0335324
0.0342752
0.0340264
0.0333241
0.0336788
0.0334103
0.0337183
0.0308575
0.0355869
0.0355262
0.0304815
0.0330732
0.0338324
0.0340628
0.0338829
0.0335978
0.0338207
0.033832
0.033854
0.0338458
0.0337453
0.0337408
0.0338244
0.0338785
0.0338699
0.0338406
0.0338133
0.0337847
0.0338629
0.0337948
0.0338454
0.0338367
0.0338004
0.0338441
0.0338005
0.0338044
0.0338271
0.0338327
0.0338206
0.0338358
0.0338432
0.0348217
0.0339612
0.0345152
0.0347208
0.0338861
0.0339948
0.0347127
0.0328546
0.0339749
0.0339677
0.0337942
0.0332021
0.033492
0.0339318
0.0332317
0.0340698
0.0339948
0.0342485
0.0340109
0.0337172
0.0341042
0.0341887
0.0342014
0.0334594
0.0335554
0.0339034
0.0340877
0.0341613
0.0341145
0.0341446
0.033839
0.0337656
0.0338983
0.0338618
0.0340966
0.0337473
0.0336483
0.0340222
0.0339815
0.0336203
0.0336329
0.0338717
0.0339939
0.0336461
0.0339889
0.033805
0.0340175
0.0336554
0.0337019
0.0339785
0.0338227
0.0353272
0.033223
0.0345687
0.0342908
0.0328332
0.0340984
0.033885
0.0340216
0.0337625
0.0341568
0.0333559
0.0337708
0.0335484
0.0334398
0.0334796
0.0340256
0.0336107
0.0338842
0.0340489
0.0336875
0.0335736
0.0340388
0.0340133
0.0340127
0.033927
0.0339261
0.0336488
0.0339981
0.0337699
0.0338378
0.0337344
0.0338659
0.0337352
0.0337236
0.0337379
0.0338171
0.033954
0.0338064
0.0338891
0.0339142
0.0337255
0.0384326
0.0309905
0.0353738
0.033702
0.0343481
0.0330495
0.0335354
0.0339198
0.0336817
0.0337415
0.0337594
0.0339346
0.0338197
0.0338072
0.0337079
0.0337171
0.0337243
0.0338501
0.0333953
0.0326328
0.0317752
0.0340484
0.0328155
0.0336399
0.0342139
0.0331843
0.0333092
0.0341885
0.0338604
0.0333847
0.034092
0.0336413
0.0337838
0.0334893
0.0339728
0.0336077
0.0335268
0.0336226
0.0340629
0.0338898
0.0338028
0.033604
0.0339924
0.0336081
0.0336128
0.0339976
0.0336291
0.0339381
0.033991
0.0336941
0.0339023
0.0336679
0.0339885
0.0339803
0.0338985
0.0337949
0.0337012
0.0337733
0.033748
0.0322373
0.0337054
0.0344204
0.0316748
0.0334374
0.0333865
0.0337435
0.0338092
0.0338538
0.0338225
0.0338505
0.0337883
0.0338679
0.0338659
0.0337865
0.0338684
0.0338536
0.0338511
0.0338658
0.033865
0.0338606
0.0338132
0.0338109
0.0338574
0.0338572
0.0338115
0.033855
0.0338334
0.033854
0.0338538
0.033817
0.0349145
0.0341808
0.0326834
0.0339142
0.0335819
0.0344917
0.0342095
0.0337052
0.0337887
0.033423
0.0340795
0.03348
0.0341364
0.0340894
0.0337297
0.0340184
0.0338177
0.0337189
0.0338974
0.0339804
0.0337631
0.0337489
0.0336484
0.0338444
0.0339692
0.0339123
0.0338262
0.0337938
0.0339857
0.033725
0.0336976
0.0336897
0.0336976
0.0338093
0.0338459
0.033729
0.0337767
0.0337223
0.033723
0.0343701
0.0340167
0.0341588
0.0338708
0.0331023
0.0336485
0.0333576
0.0340263
0.0338907
0.0335625
0.0335511
0.0327835
0.0342807
0.0344784
0.0323498
0.0343367
0.0330272
0.0337486
0.0332893
0.0340203
0.0338877
0.0338454
0.0333578
0.0337104
0.0338932
0.033967
0.0337695
0.0338199
0.0340219
0.0341106
0.0340997
0.0336097
0.0336841
0.0340645
0.0335957
0.0340762
0.0340617
0.0340595
0.0336548
0.0338655
0.0337645
0.0340419
0.0340427
0.0337129
0.0338307
0.0340213
0.0339126
0.0336493
0.033894
0.0339356
0.033738
0.0338028
0.0337539
0.0339749
0.0337745
0.0339542
0.0339675
0.0339141
0.0337062
0.0338837
0.0337775
0.0337228
0.0337138
0.033732
0.0339345
0.0338199
0.0351331
0.0291524
0.0345281
0.0347233
0.0339965
0.0337917
0.033824
0.0334412
0.0334756
0.0340258
0.0335125
0.0338818
0.033646
0.0336231
0.0337174
0.0339573
0.0336774
0.0336599
0.0337878
0.0338655
0.0337416
0.0337754
0.038443
0.0305737
0.0351503
0.0333302
0.0341278
0.0327524
0.0332904
0.0340187
0.0334689
0.033597
0.0336363
0.0340512
0.033792
0.0337675
0.0335674
0.0335833
0.0335969
0.0338655
0.0303916
0.0319628
0.0339412
0.0332852
0.0334337
0.0337569
0.0340252
0.0338621
0.0339033
0.0338779
0.0339827
0.0337885
0.0339558
0.0339514
0.0338766
0.033884
0.0338304
0.0338463
0.0329406
0.0349215
0.0322812
0.0323209
0.0339328
0.034443
0.0331258
0.0333242
0.0339452
0.0340385
0.0341853
0.0337967
0.0336501
0.0341019
0.0339076
0.0335439
0.0336225
0.0341521
0.0340402
0.0337519
0.0339819
0.0337729
0.0340888
0.0338972
0.0340629
0.0340628
0.0336088
0.0336896
0.0336161
0.0336721
0.0340239
0.0339362
0.0337454
0.0340099
0.0337272
0.0336498
0.0337533
0.0338882
0.0337482
0.0336758
0.0339912
0.0339719
0.0337196
0.0339368
0.0338042
0.0339785
0.0336978
0.0338113
0.0337016
0.0338932
0.0339524
0.0339573
0.0337097
0.0339461
0.0337458
0.0338954
0.0365712
0.0298963
0.0305093
0.0320124
0.0342207
0.0339865
0.0337004
0.0335533
0.0336762
0.033911
0.0336555
0.0338818
0.0339107
0.0337596
0.0337297
0.03372
0.0338532
0.0337457
0.0338374
0.0338392
0.0338345
0.0337773
0.0338128
0.0338445
0.0338021
0.0338657
0.0338427
0.0338426
0.0362338
0.0308608
0.0323731
0.0332289
0.0344904
0.0340026
0.0342316
0.0328064
0.0326757
0.032865
0.0327557
0.0343784
0.0330373
0.0329845
0.0339969
0.0331185
0.0331335
0.0334351
0.033402
0.0338927
0.0342013
0.0301912
0.0333468
0.0327699
0.033696
0.033512
0.034059
0.0333675
0.0339315
0.0334249
0.0335662
0.0334424
0.0335576
0.0336021
0.033986
0.0336396
0.0339532
0.0338799
0.0356355
0.0332045
0.031182
0.0331534
0.0336715
0.0326453
0.0341511
0.03381
0.0337682
0.0336948
0.0333893
0.0336721
0.0339698
0.0335615
0.0335321
0.0334689
0.0341081
0.0337449
0.033544
0.0335249
0.0338721
0.0339374
0.0335811
0.0335871
0.0336217
0.0336338
0.033766
0.0336513
0.0336995
0.0337312
0.0336745
0.0338652
0.0336724
0.0338284
0.0337737
0.0312531
0.0329168
0.0351313
0.034007
0.03355
0.0341515
0.0338771
0.0339917
0.0340103
0.0340008
0.0336988
0.0337165
0.0339687
0.0339613
0.0338596
0.0339549
0.0338621
0.033912
0.0339442
0.0337679
0.0338268
0.0337839
0.0339095
0.0273217
0.0296795
0.033194
0.033641
0.0335114
0.0336791
0.0334895
0.0338511
0.0335173
0.0335533
0.0339739
0.0335739
0.0336453
0.0336874
0.0338462
0.0336984
0.0338699
0.0339052
0.0345665
0.033712
0.0340715
0.0337933
0.0348418
0.0339919
0.0339815
0.0345368
0.033691
0.0337312
0.0334775
0.0338669
0.0341647
0.0334656
0.0335511
0.0342509
0.034083
0.0336271
0.0341958
0.0338716
0.0339643
0.034021
0.034112
0.033565
0.033556
0.0337011
0.034073
0.0335915
0.0335749
0.0336422
0.0335881
0.0337712
0.0340644
0.0340215
0.0338262
0.0338949
0.0337446
0.0338569
0.0340024
0.0337988
0.034
0.0336728
0.0339749
0.0339822
0.0339944
0.0338396
0.0339917
0.0336894
0.0338506
0.0336916
0.0337031
0.0338955
0.0339687
0.0337023
0.0338777
0.0337915
0.0337771
0.0339529
0.033933
0.0408023
0.0258363
0.0341973
0.0343347
0.0327913
0.0336686
0.0331844
0.0337264
0.0334909
0.0335436
0.0303321
0.0353068
0.0337533
0.0344963
0.0327065
0.0337944
0.0332486
0.0333776
0.0333107
0.0340891
0.0334923
0.0337335
0.0336911
0.0335388
0.0335096
0.0337205
0.0337516
0.0337532
0.0335658
0.033823
0.0338717
0.033613
0.0336721
0.0339545
0.0336947
0.0337053
0.0338999
0.0337259
0.0336922
0.0338955
0.0336926
0.0337215
0.0339501
0.0195661
0.0287329
0.02714
0.0341165
0.0350074
0.0315106
0.0341236
0.0339691
0.032883
0.033895
0.0330677
0.0341689
0.0332574
0.03353
0.0340984
0.0333901
0.0334762
0.0335485
0.0334614
0.0339096
0.0335124
0.0341473
0.0339211
0.0340557
0.0338661
0.0338184
0.0338632
0.0340806
0.0339572
0.0339466
0.0335978
0.0339248
0.0339002
0.0336415
0.0336427
0.0337951
0.033995
0.0337398
0.0339989
0.0336865
0.0338737
