0.126276
0.0152429
0.00931131
0.0118366
0.0109834
0.0104215
0.0103855
0.0105275
0.0105006
0.0104516
0.00454205
0.00608083
0.0168107
0.0120298
0.0124194
0.0121045
0.0115232
0.00345021
0.0168154
0.0159282
0.0157545
0.00510773
0.0147295
0.0103085
0.0139251
0.00983844
0.011754
0.0114395
0.00758917
0.0135682
0.0132141
0.00740177
0.00999116
0.0120662
0.00887684
0.0112608
0.0117343
0.0124504
0.0103177
0.0124807
0.00864718
0.00856525
0.00843927
0.0085818
0.0120554
0.012352
0.00944354
0.0114632
0.00861428
0.0117433
0.0114843
0.00885059
0.0104826
0.0101831
0.0103062
0.0118224
0.00900742
0.0113574
0.00937265
0.0118326
0.0113373
0.0108534
0.0113554
0.0105184
0.00940487
0.0115864
0.0112239
0.0104327
0.0109628
0.00243276
0.01333
0.0131729
0.00665796
0.0125159
0.0108667
0.0129416
0.0124803
0.0124206
0.00998821
0.0106142
0.0095001
0.0109988
0.00974787
0.00995382
0.0104029
0.0103955
0.0106597
0.0106219
0.0107002
0.0102792
0.0105593
0.01047
0.0105886
0.0103752
0.0102947
0.0104406
0.0105993
0.0103973
0.010504
0.0103449
0.0104305
0.0103035
0.0104014
0.010467
0.0103618
0.010414
0.0104155
0.0104533
0.0105752
0.0103678
0.0105029
0.0104172
0.0105615
0.0104338
0.0103952
0.0103689
0.0103987
0.0103714
0.010538
0.0105169
0.0105313
0.0105206
0.0105285
0.000401484
0.0157067
0.00409157
0.00685983
0.0131026
0.0114829
0.00868043
0.0120111
0.00850598
0.0104719
0.010102
0.0112877
0.01032
0.0109917
0.0101563
0.010761
0.010236
0.0105421
0.0106864
0.010656
0.0106342
0.0102224
0.0104279
0.0104404
0.010616
0.0106184
0.0102798
0.0103652
0.0106191
0.0103372
0.0102739
0.0106068
0.0106052
0.010471
0.0105085
0.0105127
0.0103352
0.0105759
0.0105527
0.0104493
0.0103675
0.0103666
0.0105616
0.0104631
0.0103776
0.0104456
0.0103848
0.00447882
0.0139474
0.00435604
0.00493555
0.0129401
0.0134262
0.0101104
0.0137555
0.00689679
0.0105673
0.0114776
0.0108693
0.0117443
0.0101095
0.0106934
0.0096539
0.0108432
0.00937306
0.00991692
0.00989274
0.0100694
0.0112387
0.0107163
0.0106867
0.0100181
0.00967277
0.0110824
0.0108646
0.00973609
0.0109361
0.0110934
0.00988338
0.00988154
0.0104945
0.0103329
0.0103131
0.0109206
0.0100307
0.010132
0.0105412
0.0108157
0.0108166
0.0100931
0.0104795
0.0107798
0.0105428
0.0107546
0.0307043
0.0202521
0.0153042
0.00516227
0.00316124
0.0121425
0.00736725
0.0110309
0.0125127
0.00898573
0.0119488
0.00799446
0.00870065
0.00971624
0.0124887
0.00841761
0.0086694
0.00890115
0.0113023
0.0115705
0.0118739
0.0116558
0.00980694
0.0109015
0.0113487
0.00986504
0.00933295
0.0110326
0.0115254
0.011135
0.0111302
0.0102756
0.00957234
0.00972693
0.0113093
0.0147965
0.000673842
0.0133851
0.0132695
0.0181097
0.00290467
0.0108955
0.010343
0.0156608
0.0108377
0.014167
0.0113846
0.0091228
0.0130427
0.0135385
0.00756776
0.0106801
0.012953
0.00976452
0.0118947
0.00875463
0.0123345
0.0105198
0.00858606
0.00869426
0.0123353
0.00851986
0.0103272
0.0119203
0.00944332
0.0115346
0.00872881
0.0101317
0.00920499
0.0119365
0.0117879
0.00956276
0.0117813
0.011632
0.0102555
0.0116096
0.00939283
0.0109291
0.00999054
0.00963203
0.011376
0.0114147
0.00416836
0.017842
0.0144742
0.015264
0.0119252
0.00942048
0.00851169
0.00975361
0.0101953
0.0105426
0.0107556
0.0111444
0.0106806
0.0108314
0.0102695
0.0105511
0.0102156
0.0106167
0.010712
0.0104685
0.0102132
0.0106892
0.0103335
0.0103884
0.0107323
0.0107291
0.0103521
0.010466
0.0103675
0.0105224
0.0105733
0.0106566
0.0106643
0.0106344
0.010532
0.0103137
0.0104897
0.0103148
0.0103114
0.0105383
0.0105747
0.00865029
0.023339
0.000981688
0.0125837
0.0184619
0.0118014
0.0117872
0.0171936
0.0104302
0.00467251
0.00538542
0.0148337
0.0144301
0.0146483
0.00636583
0.0125149
0.0139267
0.0120487
0.00801802
0.013629
0.0129167
0.0133068
0.0130725
0.0120172
0.00795281
0.00921432
0.0105505
0.00882342
0.010543
0.0084496
0.00927647
0.0121642
0.00863546
0.00843267
0.0122508
0.008811
0.0107211
0.00998951
0.0105093
0.0115894
0.0103839
0.00927539
0.011911
0.00976801
0.00989612
0.0117096
0.0116834
0.00966612
0.0112335
0.00935136
0.0112846
0.00931611
0.0236082
0.0249569
0.0112245
0.00216172
0.00776509
0.0142372
0.00270517
0.0140003
0.0156368
0.00534404
0.015633
0.00569275
0.00576621
0.00842944
0.00638214
0.00843616
0.0135027
0.00740051
0.0077564
0.0124653
0.0102568
0.0113717
0.00828402
0.0024948
0.00189963
0.0173183
0.0150561
0.00563369
0.0145711
0.0114076
0.011328
0.0103477
0.0104358
0.0104456
0.0105273
0.0105689
0.0100367
0.0103921
0.010841
0.0107968
0.0107319
0.0105293
0.0106747
0.0104331
0.0101504
0.0107389
0.0107065
0.0104137
0.010589
0.01056
0.0106894
0.0106571
0.0104926
0.0102662
0.0104323
0.010608
0.0103245
0.0135446
0.0179342
0.00870892
0.0124353
0.0114557
0.00975529
0.00321374
0.00400171
0.0108347
0.00829444
0.00874528
0.0143834
0.00602852
0.00637612
0.0140947
0.00922246
0.0138162
0.013691
0.00947134
0.0131206
0.011032
0.0116118
0.0102636
0.00885741
0.0130032
0.0114755
0.00803782
0.0126185
0.0127065
0.00877721
0.00875616
0.0101002
0.0124548
0.0118112
0.0097089
0.00881946
0.00967747
0.0121099
0.00977745
0.0116366
0.00936931
0.0118516
0.0111997
0.0101899
0.00951562
0.00925814
0.0111384
0.0104155
0.0104657
0.0103174
0.0163512
0.0033372
0.021374
0.00240498
0.0152802
0.00910266
0.0111705
0.0109241
0.0107336
0.0107062
0.0111766
0.00942664
0.00888343
0.0103262
0.0109488
0.0104271
0.0118702
0.0103224
0.0101515
0.0115798
0.00885048
0.0114212
0.0118383
0.0118992
0.0102411
0.0100621
0.0115039
0.010028
0.0109424
0.0100675
0.0115403
0.0104499
0.00958022
0.0108175
0.00964855
0.0108283
0.0102175
0.00999229
0.0104116
0.00358726
0.0312215
0.0129033
0.00698323
0.00895604
0.0118596
0.00987952
0.0114155
0.0104267
0.0106663
0.00994584
0.0109383
0.00977444
0.0106854
0.00980171
0.00986862
0.0100396
0.0382906
0.0218707
0.0185051
0.0122754
0.0137303
0.00341124
0.00364663
0.0114168
0.00998947
0.0107314
0.00711452
0.00929794
0.0100562
0.0129058
0.0077515
0.0125375
0.00822119
0.0114423
0.00832397
0.0108229
0.0122102
0.0114741
0.0092182
0.0103158
0.0114555
0.0102466
0.011405
0.00925291
0.00902177
0.011326
0.00969039
0.0115051
0.010822
0.0115581
0.011362
0.00958896
0.0105277
0.0101575
0.0104217
0.0107258
0.00969559
0.00460544
0.025956
0.00383561
0.00869519
0.00977807
0.00730042
0.0118377
0.0100818
0.0100833
0.010027
0.0108658
0.0100761
0.0106942
0.010083
0.0101769
0.0104389
0.0107049
0.0104367
0.0106972
0.010219
0.0103255
0.0102648
0.010581
0.0102664
0.0106216
0.010263
0.0105778
0.0106269
0.0103222
0.0104128
0.010507
0.0105427
0.0103266
0.0200923
0.0205224
0.0156591
0.00764615
0.00299623
0.00602173
0.00922154
0.0110109
0.0113793
0.012959
0.0113492
0.00917218
0.00769987
0.00988315
0.00839528
0.0119296
0.0111298
0.0103445
0.00971382
0.0102384
0.0121325
0.00906046
0.0115726
0.00891688
0.00966949
0.0116767
0.0101942
0.00927097
0.0109236
0.0114199
0.0112809
0.0114609
0.00989876
0.0113765
0.0100812
0.0107735
0.01076
0.0100256
0.00986527
0.010043
0.0113173
0.0147016
0.00133772
0.0100618
0.00704661
0.0132738
0.0128903
0.0118359
0.00899879
0.011707
0.0123313
0.00881382
0.0140453
0.0113632
0.0114278
0.00897444
0.009154
0.0118399
0.0113084
0.0147537
0.0108741
0.010002
0.0115187
0.00731231
0.0090086
0.012841
0.0120136
0.0126006
0.0124151
0.00861366
0.0125947
0.010834
0.012417
0.0112312
0.00948003
0.0122153
0.0121419
0.00879358
0.00932828
0.00885299
0.00906344
0.0116763
0.0117752
0.00941823
0.00894619
0.0114715
0.0118272
0.00944563
0.0117231
0.00990493
0.0115388
0.011661
0.011037
0.00927805
0.0103525
0.0106418
0.00945477
0.0111276
0.0112412
0.0111947
0.0105838
0.0103751
0.00961546
0.0105069
0.0112863
0.0112631
0.0109911
0.00916007
0.00620022
0.0113856
0.00454587
0.00969552
0.0126815
0.00967396
0.0119751
0.00866335
0.00927484
0.00978451
0.00906316
0.0110284
0.0116437
0.0112778
0.0095346
0.0112324
0.010507
0.0110391
0.0111859
0.0100704
0.00978137
0.0313752
0.000965073
0.0144003
0.00253902
0.00843896
0.00697088
0.0115197
0.0112854
0.00924351
0.0109744
0.00827064
0.0123875
0.00967025
0.0114752
0.0113308
0.0115951
0.00954893
0.0203104
0.00441752
0.00881857
0.0101694
0.011312
0.0114269
0.00997879
0.0109446
0.0113211
0.0105755
0.00972155
0.0111369
0.0106824
0.0110324
0.0292154
0.0223014
0.0153279
0.00907612
0.00967411
0.0181174
0.0113041
0.0156973
0.0144256
0.00919626
0.0137816
0.00854634
0.0083
0.0139615
0.00994089
0.0126489
0.00882325
0.00826032
0.0116127
0.0104321
0.00849024
0.0119571
0.0123255
0.0108539
0.0115472
0.00864334
0.0122152
0.0100629
0.0112842
0.00923545
0.0120283
0.0107699
0.00883981
0.00890506
0.00960125
0.0093999
0.0117004
0.0105065
0.0116692
0.0113491
0.0116826
0.00922547
0.00924313
0.0100159
0.00955331
0.0108771
0.0115184
0.0111904
0.00953216
0.0111335
0.00956958
0.00964829
0.0111603
0.0111536
0.0112583
0.00985112
0.0292568
0.0264915
0.0199889
0.00687059
0.0134388
0.0106518
0.0110432
0.0111697
0.00891086
0.0113113
0.0107015
0.0104531
0.0107692
0.0106996
0.0109152
0.0107161
0.0103041
0.00992527
0.0107779
0.00995591
0.0106698
0.010795
0.0101757
0.0103523
0.0107679
0.0106629
0.0102008
0.0106785
0.0327733
0.014917
0.0118762
0.0117637
0.00254196
0.000524132
0.0143884
0.000938995
0.00207212
0.0168718
0.00649425
0.0142761
0.0122111
0.0143323
0.00806001
0.0134996
0.00621495
0.0115812
0.00874682
0.0100541
0.0124324
0.0129522
0.010859
0.011274
0.00507212
0.013546
0.0101606
0.00879063
0.0120956
0.012439
0.012405
0.00788948
0.012244
0.00963402
0.0122465
0.0119219
0.01182
0.00991449
0.0106713
0.00932983
0.00932339
0.0143612
0.0253035
0.00373698
0.0153332
0.00626619
0.00352099
0.00597814
0.00789926
0.00643105
0.0110845
0.0119469
0.00898616
0.00757424
0.0110102
0.0124679
0.0120781
0.0108391
0.00891821
0.00858041
0.0111721
0.0120517
0.0112439
0.00997927
0.00902178
0.00896886
0.0112378
0.0118735
0.0114849
0.0108454
0.0115638
0.00936682
0.0113585
0.0110307
0.0113397
0.0112453
0.00582594
0.00829631
0.0103724
0.0134114
0.0100434
0.0118088
0.0106842
0.00946039
0.0104493
0.0115525
0.0108831
0.00949057
0.00999015
0.0101251
0.0103999
0.00975437
0.00983986
0.00973515
0.011182
0.0102726
0.0108258
0.0109522
0.0105189
0.0346446
0.0119694
0.0145397
0.0131124
0.0112287
0.0106704
0.0115812
0.0116522
0.0100171
0.0111656
0.0116203
0.00987875
0.00974375
0.0102605
0.0110657
0.00977035
0.0111997
0.0111353
0.00916648
0.030562
0.00161775
0.00326199
0.0118
0.00247682
0.0150596
0.012372
0.0160213
0.0110223
0.0106687
0.00803522
0.0099966
0.0110473
0.00967129
0.0118096
0.0128908
0.00770611
0.00839544
0.0127139
0.0104908
0.0104111
0.0127799
0.00977452
0.00939961
0.0106188
0.009243
0.00890026
0.0117441
0.00887356
0.0120071
0.00873228
0.0121744
0.0113259
0.00943626
0.00902927
0.0119555
0.0120334
0.0111188
0.0108845
0.0093057
0.0112917
0.0116644
0.0115812
0.00954534
0.00921703
0.0115173
0.00983195
0.0114274
0.0110049
0.00941113
0.0114322
0.0112191
0.0111536
0.0104583
0.0110093
0.0113155
0.0112625
0.0107066
0.0108761
0.0930263
0.027395
0.0107351
0.0141532
0.00464878
0.0140921
0.00768505
0.0109417
0.0127723
0.00872945
0.0149276
0.00978825
0.00409871
0.0126972
0.0132661
0.00763624
0.0122316
0.0100878
0.0112377
0.0077285
0.0108013
0.00843363
0.00846605
0.012302
0.0099065
0.010789
0.0120703
0.0120246
0.0118392
0.0112968
0.0108594
0.0117356
0.0116729
0.0113268
0.00931522
0.010654
0.00984062
0.0114453
0.0106291
0.0112843
0.010782
0.0112557
0.00964956
0.0259878
0.00317712
0.00829168
0.0141443
0.00760594
0.00912959
0.00614105
0.00372236
0.00639299
0.00783845
0.0110258
0.00854702
0.0135027
0.0104488
0.0124423
0.00882302
0.00873923
0.0121456
0.0129753
0.00947554
0.00847003
0.00933718
0.00822004
0.00937841
0.0123707
0.0122872
0.0112397
0.0107562
0.0121426
0.0110076
0.0106559
0.00925474
0.00923308
0.0113629
0.00930386
0.00909217
0.0113378
0.00916931
0.0101484
0.00919116
0.00923525
