0.0941327
0.0272303
0.0285032
0.0283793
0.02847
0.0280823
0.0281526
0.0282121
0.0282001
0.0282156
0.0282403
0.0284798
0.0269963
0.0290582
0.0278205
0.0283064
0.0282274
0.0289709
0.0274716
0.0288123
0.0278587
0.0282285
0.0278552
0.0283576
0.0282577
0.0282334
0.028013
0.028268
0.0280031
0.0284329
0.0284738
0.0280564
0.0280537
0.0281204
0.0280224
0.0282158
0.0282242
0.0283663
0.0283697
0.0283666
0.0281181
0.0281634
0.0280644
0.0283899
0.0281013
0.0283542
0.0281849
0.0282748
0.0282957
0.0281447
0.0282546
0.0281013
0.0281062
0.0281181
0.0283099
0.0281112
0.0281253
0.0281582
0.0283391
0.0283367
0.0283371
0.0281974
0.0282403
0.0281506
0.0283251
0.0282249
0.0282322
0.0282142
0.028222
0.028297
0.028308
0.0293939
0.025589
0.0292532
0.0268469
0.0275191
0.0273414
0.0276092
0.0282069
0.0282388
0.0282622
0.0283384
0.0281162
0.0282546
0.0281888
0.0281957
0.0282481
0.0282031
0.0282058
0.0282521
0.0282488
0.0282429
0.0282172
0.0282398
0.0282405
0.0282173
0.0282213
0.0282393
0.0282437
0.0282205
0.0282423
0.02822
0.0282383
0.028235
0.0282417
0.0282231
0.02824
0.0282218
0.0282296
0.0282375
0.0282349
0.0282242
0.0282237
0.0282389
0.0282386
0.0282324
0.0282319
0.0282378
0.0282288
0.0282278
0.028237
0.0282279
0.0282367
0.0282363
0.0282313
0.0272973
0.0291691
0.0256973
0.0271471
0.0273061
0.028136
0.0287355
0.028007
0.0280854
0.0283362
0.0282805
0.0281964
0.0282167
0.0282337
0.0282629
0.0281999
0.0282342
0.0282546
0.0282092
0.0282378
0.0282138
0.0282386
0.0282494
0.0282367
0.0282461
0.0282191
0.0282205
0.0282194
0.0282438
0.0282186
0.028218
0.0282181
0.0282265
0.0282217
0.0282244
0.0282292
0.0282261
0.028228
0.0282343
0.0282404
0.02824
0.0282334
0.028239
0.0282333
0.0282346
0.0282251
0.0282251
0.028237
0.0272973
0.0291691
0.0257648
0.0271408
0.0271511
0.028286
0.0286727
0.0280107
0.0279413
0.0283017
0.028393
0.0280702
0.028312
0.0281196
0.0281986
0.0282234
0.028211
0.0281701
0.0282761
0.0282043
0.0282855
0.0281978
0.0281648
0.0282005
0.0281766
0.0282647
0.028256
0.0282642
0.0281817
0.0282729
0.0282825
0.0282812
0.0282354
0.0282577
0.0282463
0.0282279
0.0282402
0.0282332
0.028211
0.0281926
0.0281936
0.0282149
0.0281971
0.0282156
0.0282111
0.0282465
0.0282465
0.0282033
0.00333677
0.0280236
0.0253951
0.0274066
0.0284141
0.027963
0.0283843
0.0282044
0.0280946
0.0282312
0.027963
0.028042
0.0280242
0.0281115
0.0280709
0.0280591
0.0281113
0.0281648
0.0283182
0.0281939
0.0280827
0.0281764
0.0282593
0.0281154
0.028118
0.028143
0.0281211
0.0281336
0.0281543
0.0281512
0.0281665
0.0282626
0.0282273
0.0282317
0.0291786
0.029226
0.0255982
0.0279453
0.0283798
0.0284507
0.0287015
0.028727
0.0281552
0.0278103
0.0285256
0.028177
0.0280804
0.0281187
0.0284285
0.0279851
0.0284233
0.0283594
0.028384
0.0280643
0.0281552
0.0282413
0.0281444
0.028397
0.0280565
0.0280764
0.0283628
0.0283678
0.0282865
0.0280803
0.0282006
0.0280869
0.0281003
0.0281723
0.028275
0.0283142
0.0282385
0.028204
0.0281314
0.0282997
0.0282962
0.028313
0.0281465
0.0281732
0.0281465
0.0281619
0.0282034
0.0282688
0.019789
0.0218922
0.0286773
0.0230315
0.0275392
0.0286912
0.0278533
0.0281705
0.0283967
0.0281508
0.028189
0.0282345
0.0282563
0.0282001
0.0282644
0.0282224
0.0282221
0.0282473
0.0282619
0.0282586
0.0282545
0.0282516
0.0282455
0.0282291
0.0282078
0.0282434
0.0282086
0.0282095
0.0282293
0.0282154
0.0282348
0.0282257
0.0282144
0.0282307
0.0282144
0.0282172
0.0282204
0.0282384
0.028221
0.0282197
0.0282168
0.0282395
0.0282841
0.0247815
0.0251486
0.0290026
0.0269361
0.0287373
0.028349
0.0283624
0.0276135
0.0282194
0.0286292
0.028287
0.0281268
0.0284323
0.0279408
0.0283491
0.0284183
0.0281333
0.0283405
0.0279845
0.0282566
0.0280003
0.0280166
0.0284217
0.0281372
0.0282209
0.028139
0.028378
0.0283632
0.0283919
0.0281342
0.0283849
0.0283104
0.0283766
0.0283133
0.0281211
0.0281598
0.028324
0.0282788
0.0281239
0.0281355
0.0283232
0.0282819
0.0282818
0.0282764
0.0282175
0.0283062
0.0281301
0.0282784
0.0281328
0.0281945
0.0283162
0.0282304
0.0642144
0.0324173
5.8003e-05
0.0293066
0.0279493
0.0288047
0.0276512
0.0274175
0.0279607
0.0273524
0.027379
0.0277939
0.0276993
0.0282636
0.0277587
0.0284194
0.0282622
0.0283296
0.0278955
0.0278349
0.0278838
0.0282839
0.0279794
0.0079851
0.0245359
0.0188348
0.0295372
0.0294795
0.0274364
0.0277013
0.0283949
0.0281397
0.0284172
0.0280077
0.0281203
0.0281877
0.0281948
0.028209
0.0281953
0.0282012
0.0282185
0.0282003
0.0282443
0.0282154
0.0282546
0.0282109
0.0282365
0.0282261
0.0282306
0.0282081
0.0282148
0.0282083
0.0282371
0.0282395
0.0282167
0.0282146
0.0282243
0.0282414
0.0292487
0.0292404
0.0267915
0.0278586
0.0283993
0.0275218
0.0284036
0.0281055
0.0281367
0.0286254
0.0277913
0.0280351
0.028202
0.0279304
0.0279578
0.0284679
0.0281516
0.0283033
0.0280323
0.0283708
0.0284609
0.0280613
0.0283376
0.0281421
0.0284043
0.0284344
0.0284292
0.0280898
0.0281476
0.0282507
0.0283415
0.0283938
0.028272
0.0282635
0.0283548
0.0281437
0.0283562
0.0280957
0.0283599
0.0281012
0.0283224
0.028163
0.0283489
0.0283448
0.0281041
0.0281711
0.0281183
0.028296
0.0281269
0.0281333
0.0281311
0.0281324
0.0281452
0.028226
0.0270079
0.0294081
0.0293528
0.0262219
0.0267532
0.0277627
0.0286799
0.0278399
0.0283272
0.0282501
0.0281954
0.0281921
0.0284265
0.0281551
0.0280457
0.0282181
0.0280682
0.0280795
0.0283492
0.0281144
0.0282491
0.0283356
0.0282428
0.0283283
0.0283057
0.0281373
0.0281333
0.0281632
0.0281442
0.0281387
0.0281401
0.028197
0.0283015
0.0281503
0.028155
0.0282147
0.0281611
0.028281
0.0282451
0.0425625
0.0308961
0.0227799
0.0276921
0.0275267
0.0280641
0.0279956
0.0280876
0.028095
0.0281128
0.0281171
0.0281706
0.0281294
0.0282244
0.0282153
0.0282078
0.0281678
0.0281631
0.0186374
0.0219002
0.0290018
0.0222394
0.0275124
0.0286615
0.0280564
0.0279065
0.0282364
0.0279106
0.0281771
0.0280199
0.0284161
0.0282408
0.0284103
0.0281546
0.0281309
0.0283571
0.0283939
0.0283846
0.0283719
0.028363
0.0283399
0.0282428
0.0280859
0.028322
0.0280893
0.0280979
0.0282355
0.0281358
0.0282667
0.0282081
0.0281291
0.0282401
0.0281309
0.0281489
0.0281704
0.0282842
0.0281742
0.028166
0.0281495
0.0282898
0.0105693
0.029723
0.0298166
0.0272416
0.0281038
0.0275347
0.0278654
0.0283316
0.0283897
0.0282147
0.0281085
0.0282746
0.0282568
0.028187
0.0282077
0.0282473
0.0282546
0.028214
0.0282547
0.0282171
0.0282165
0.0282374
0.0282524
0.0282545
0.0282324
0.0282481
0.0282426
0.0282484
0.0282405
0.0282416
0.0282276
0.0282179
0.0282436
0.0282398
0.0282324
0.0291924
0.0272528
0.0293235
0.0280312
0.028916
0.0269203
0.0275604
0.0278273
0.0282849
0.0280649
0.0283388
0.0279622
0.0283928
0.0280897
0.0282704
0.028062
0.0282523
0.0283496
0.0280763
0.0280882
0.0280898
0.0283574
0.028356
0.0282613
0.0282553
0.0282378
0.0281462
0.0283102
0.0281386
0.0282014
0.0281425
0.0281549
0.0281948
0.0282628
0.0281551
0.0281593
0.0281619
0.0281829
0.0281615
0.0282861
0.0282815
0.0252162
0.030275
0.0280527
0.0275674
0.0277101
0.0277717
0.0277995
0.0278073
0.0279682
0.0282872
0.0283188
0.0279999
0.0242622
0.0303026
0.0288198
0.029266
0.0285854
0.0282413
0.0285402
0.0279936
0.0286514
0.0279732
0.0279431
0.028212
0.0280297
0.0283885
0.0284372
0.0281519
0.0281223
0.0280976
0.0280661
0.0283428
0.0280938
0.0282302
0.028236
0.0281202
0.0283352
0.0281317
0.0280961
0.0281309
0.0282035
0.0282052
0.0283283
0.0282855
0.0281195
0.0281202
0.0281251
0.0283325
0.0281303
0.0282357
0.0281633
0.0282671
0.028302
0.028145
0.0282678
0.0283128
0.0281488
0.028155
0.0281971
0.0281547
0.0281586
0.0283033
0.0281645
0.0282695
0.0282152
0.0281903
0.0281704
0.0246698
0.0329525
0.0233292
0.0258761
0.0281626
0.0281194
0.0282294
0.0280044
0.0280456
0.0280624
0.0280664
0.0280424
0.0280682
0.0281631
0.0281044
0.0281249
0.0283118
0.0280998
0.0283003
0.0281334
0.0281904
0.0281715
0.0282661
0.0281457
0.0443059
0.0308811
0.0226265
0.0277294
0.0274375
0.0281327
0.0279169
0.0279289
0.0280903
0.0279554
0.0280028
0.0281233
0.0280151
0.0282239
0.0282036
0.0281864
0.028094
0.0280843
0.0315242
0.0300313
0.0288423
0.0285634
0.0279891
0.0284805
0.028149
0.0280584
0.028354
0.028194
0.0281765
0.0281833
0.0283434
0.0281853
0.0283282
0.0282453
0.0283087
0.0270652
0.0291627
0.0271991
0.0281113
0.0292557
0.0288551
0.0278565
0.0284429
0.0277319
0.0277974
0.028217
0.0281105
0.0280018
0.0284896
0.0282663
0.0283027
0.0283777
0.0281252
0.0281638
0.0283855
0.0282069
0.0282579
0.0283519
0.0280899
0.0282808
0.02837
0.0282084
0.0283778
0.0282581
0.0283169
0.0283071
0.0281237
0.0283515
0.0282315
0.0281417
0.0281211
0.0281774
0.0281191
0.0281294
0.0283327
0.028262
0.0282385
0.0283153
0.0283212
0.0281632
0.028315
0.0283116
0.0282346
0.028145
0.0282252
0.0282003
0.0282906
0.0282032
0.0281592
0.0282911
0.0282861
0.0282961
0.0282116
0.0281654
0.0282801
0.0206843
0.0257734
0.0311544
0.0293717
0.0275686
0.0276568
0.0284635
0.0278979
0.0279944
0.0281948
0.0282676
0.0282386
0.0281685
0.0281779
0.0281748
0.0281756
0.0282588
0.028186
0.0281852
0.0281893
0.0282211
0.0281967
0.0282491
0.0282093
0.028198
0.0282156
0.0281962
0.0282186
0.0282441
0.0230785
0.0248786
0.0285909
0.0222308
0.0266261
0.0259529
0.0274755
0.0283809
0.0272848
0.0271993
0.0275787
0.028292
0.0279792
0.0282467
0.0276324
0.0283426
0.0277444
0.027808
0.0280402
0.0283105
0.0281828
0.035218
0.0323422
0.0292236
0.0276636
0.0269688
0.0286643
0.0279406
0.0279664
0.0282036
0.0281363
0.0280608
0.0280777
0.028192
0.0282911
0.028186
0.0171437
0.0296964
0.0252513
0.0301121
0.0273744
0.0266391
0.0281981
0.0277565
0.0284558
0.0280497
0.0278238
0.0283476
0.0280367
0.0280592
0.0281073
0.0281058
0.0280423
0.0281776
0.028068
0.028073
0.0282744
0.0282383
0.0280872
0.0283269
0.0281707
0.0281325
0.0281199
0.0281648
0.0281374
0.0281345
0.0281473
0.0281489
0.0282667
0.0282317
0.0246778
0.0330136
0.0242449
0.0299568
0.0290694
0.0273222
0.0288205
0.0277347
0.0284397
0.0281416
0.0283577
0.0281847
0.0283136
0.0281948
0.0281819
0.0283021
0.0282619
0.0281889
0.0283006
0.0282562
0.0282848
0.0282867
0.0282193
0.0113862
0.0186817
0.0292868
0.0293407
0.0266301
0.0262609
0.0279968
0.0281296
0.0280568
0.0280512
0.0281244
0.0280677
0.0281748
0.028137
0.0282427
0.0282671
0.0281334
0.0281316
0.0274673
0.0287074
0.0272112
0.0282391
0.0284151
0.0286769
0.0291164
0.0290597
0.0281452
0.0281528
0.0282206
0.0281956
0.0283285
0.028114
0.028266
0.0280994
0.0281339
0.0280137
0.0280226
0.0282943
0.0282043
0.0281462
0.02812
0.0283938
0.028212
0.0283039
0.0282814
0.0281257
0.0280926
0.0281828
0.0281319
0.028361
0.0282061
0.0282642
0.0281468
0.0283505
0.0281145
0.0283473
0.0283364
0.0283118
0.0283255
0.028299
0.0281752
0.0283249
0.0281379
0.0281339
0.0281358
0.028279
0.0283135
0.0281537
0.0282077
0.0283046
0.0282981
0.0283024
0.0282884
0.0281642
0.0281698
0.0282489
0.0297485
0.0260753
0.027423
0.0274374
0.0279584
0.0275169
0.0275821
0.0276616
0.0281965
0.0280137
0.0215069
0.0176049
0.0229858
0.028657
0.0262338
0.0287435
0.028341
0.0277768
0.0280086
0.0282424
0.0281803
0.0283877
0.028071
0.0280782
0.028037
0.028128
0.0280566
0.02818
0.028306
0.0280971
0.0281505
0.0280909
0.0280913
0.0282942
0.0281261
0.0283017
0.0281131
0.0282174
0.0281364
0.0281324
0.0282727
0.0281419
0.0281559
0.0281559
0.0281545
0.0281548
0.0245076
0.0278458
0.0198299
0.0294714
0.0293054
0.0260848
0.0271358
0.0281294
0.0279383
0.0281685
0.0281553
0.0282069
0.0284539
0.0281365
0.0279804
0.0279951
0.0283233
0.0283832
0.0281142
0.0280293
0.0280494
0.0280563
0.0281697
0.0282329
0.0281209
0.0280833
0.0282183
0.0281033
0.0281995
0.0281159
0.028106
0.0282212
0.0283183
0.0281279
0.0281271
0.0283232
0.0283096
0.0282475
