0.0252453
0.0215308
0.0194726
0.0147202
0.017158
0.0169322
0.0170157
0.0169955
0.0169353
0.0169557
0.0176776
0.0176686
0.0156389
0.0178386
0.0168473
0.0172678
0.0170822
0.0170041
0.0169858
0.0168611
0.0166958
0.0170396
0.0167195
0.0164705
0.0169499
0.0165795
0.0170587
0.0169122
0.0170379
0.0167282
0.017141
0.0169911
0.0170427
0.0170048
0.017169
0.0169553
0.0172351
0.0166914
0.0172146
0.0169015
0.0171014
0.0171237
0.0169173
0.0167182
0.0167074
0.0168085
0.0167201
0.0167608
0.0169306
0.0171354
0.0169982
0.0167937
0.0167676
0.0168164
0.0169271
0.016903
0.0170236
0.0171005
0.0168286
0.016918
0.0170485
0.0170714
0.017034
0.0168248
0.0168132
0.0170574
0.0170244
0.0168688
0.0169314
0.0182212
0.0169742
0.0163189
0.0177079
0.016615
0.0166129
0.0166832
0.0169651
0.0170535
0.0169435
0.0169466
0.0169139
0.0169411
0.0170208
0.0169581
0.0168884
0.016922
0.0169598
0.0169738
0.0169132
0.0169348
0.0169551
0.0169647
0.0169468
0.0169671
0.016952
0.016944
0.0169305
0.0169397
0.0169478
0.0169368
0.016939
0.0169382
0.0169611
0.0169627
0.0169479
0.0169331
0.0169622
0.0169321
0.0169576
0.0169346
0.0169359
0.0169344
0.0169456
0.0169448
0.0169572
0.0169432
0.0169493
0.016956
0.0169414
0.0169546
0.016955
0.0169516
0.0175854
0.0145439
0.0175632
0.0163496
0.0156364
0.0167231
0.0170226
0.0165455
0.0167549
0.0170959
0.0168431
0.0170107
0.0170221
0.0168674
0.0169506
0.0168686
0.0169446
0.0169673
0.0169221
0.0169213
0.0169253
0.0169509
0.0169366
0.0169622
0.0169742
0.0169274
0.0169278
0.0169296
0.016971
0.0169438
0.01697
0.0169589
0.0169403
0.0169658
0.0169649
0.016965
0.016956
0.0169632
0.0169538
0.016938
0.0169614
0.0169364
0.0169502
0.0169345
0.0169499
0.0169583
0.0173872
0.0142883
0.0175631
0.0163434
0.0156341
0.0167233
0.0172113
0.016667
0.0168713
0.0169875
0.0168678
0.0168481
0.0169603
0.0169134
0.0167801
0.0169278
0.0170868
0.0168092
0.017033
0.0170119
0.017026
0.0169125
0.0169459
0.0168883
0.0168551
0.0170067
0.0170282
0.0170029
0.0168646
0.0169383
0.0168677
0.0168962
0.0169585
0.0168804
0.0168818
0.0168818
0.0169062
0.0168862
0.016915
0.0169743
0.0168917
0.0169816
0.0169287
0.0169892
0.0169304
0.0169023
0.0170318
0.00895819
0.010975
0.0191423
0.0179866
0.0161746
0.0162698
0.0168952
0.0170647
0.0165588
0.0166839
0.0166757
0.0168874
0.0167631
0.016663
0.0169237
0.0170299
0.0167327
0.016845
0.0169199
0.0167722
0.0168414
0.0169756
0.0170925
0.0170962
0.0167767
0.0169825
0.0170141
0.0168077
0.0168116
0.0169038
0.0169815
0.0169396
0.0168405
0.0169773
0.0177905
0.0169963
0.0183598
0.0146445
0.0174689
0.0170485
0.016365
0.0166792
0.0167854
0.0164569
0.0173747
0.0170729
0.0173446
0.0165576
0.0165393
0.0169251
0.0165809
0.0167955
0.0172006
0.0167413
0.0166895
0.0166698
0.0168161
0.0171148
0.0171568
0.0167842
0.0167062
0.016717
0.0169665
0.0169958
0.0170653
0.0169555
0.0167578
0.0170298
0.0168103
0.0168768
0.0170215
0.016856
0.0170416
0.0168678
0.0169923
0.0170267
0.0169095
0.016851
0.0169409
0.016974
0.016952
0.0168347
0.0138474
0.0169546
0.0166368
0.0184624
0.0157686
0.0163789
0.0167521
0.0167584
0.0168079
0.0168982
0.0168861
0.0170434
0.0169265
0.0169843
0.0169328
0.0169118
0.0169656
0.0169851
0.0169416
0.0169094
0.0169795
0.0169231
0.0169392
0.0169722
0.0169195
0.0169231
0.0169202
0.0169209
0.0169449
0.0169224
0.0169221
0.0169299
0.0169464
0.0169255
0.0169253
0.0169266
0.0169288
0.0169281
0.0180701
0.0153913
0.014682
0.0172631
0.0158466
0.0175577
0.0169565
0.0169764
0.0176448
0.0169221
0.0164363
0.0169788
0.0164186
0.0170443
0.0165628
0.0171245
0.0171592
0.0169097
0.0165966
0.0167304
0.016772
0.0167105
0.0167898
0.0166392
0.0166397
0.0167716
0.0172179
0.0169209
0.016856
0.0171666
0.0167365
0.0167965
0.0170244
0.0169748
0.0168547
0.0167366
0.0167308
0.0169102
0.017074
0.0171296
0.0168483
0.0171265
0.0171104
0.0167623
0.0167756
0.0168097
0.0168956
0.0167895
0.0168276
0.0168798
0.016881
0.0170241
0.0169461
0.0168136
0.00114212
0.00574616
0.00238771
0.0159769
0.0155319
0.0160586
0.0157847
0.0157768
0.0158983
0.0161433
0.0166885
0.0160869
0.01623
0.0173118
0.0164626
0.016934
0.0165428
0.0170679
0.0165579
0.0167027
0.0164039
0.00881863
0.0145546
0.0121426
0.0185852
0.0171779
0.0172556
0.0166717
0.0169734
0.0168411
0.0168852
0.0168927
0.0168753
0.0169114
0.0169775
0.0169226
0.0169652
0.0168999
0.0169907
0.0169188
0.0169076
0.0169576
0.0169299
0.0169215
0.0169434
0.0169102
0.0169709
0.0169552
0.0169287
0.0169472
0.0169193
0.0169614
0.0169256
0.0169218
0.0169445
0.0169462
0.0157738
0.0182846
0.0152119
0.0179551
0.0167399
0.0170674
0.0160393
0.0172617
0.0168365
0.0169847
0.0173425
0.0173996
0.0174385
0.016791
0.0166483
0.0173917
0.0165841
0.0164964
0.0165442
0.0165881
0.0170477
0.016836
0.0166094
0.0172155
0.0172262
0.0169077
0.0172218
0.0166636
0.0167117
0.0166829
0.0167462
0.0170131
0.0171354
0.0170924
0.0170247
0.0168907
0.01704
0.0169011
0.0171436
0.0171186
0.016751
0.016998
0.0167645
0.0170923
0.0170932
0.0169957
0.017081
0.0168015
0.0169297
0.0167992
0.0168015
0.016814
0.0168989
0.0131574
0.0155101
0.0173869
0.0181888
0.0161772
0.0165684
0.0161612
0.0165833
0.0165649
0.0168753
0.0166066
0.0166225
0.0171357
0.0170849
0.016912
0.0169563
0.0170857
0.0171129
0.0170393
0.017008
0.0167698
0.0171254
0.0170449
0.0168219
0.0168227
0.0168685
0.0170785
0.0168715
0.0168818
0.0168694
0.0168332
0.0168907
0.0170357
0.0170164
0.016933
0.0169808
0.016924
0.0170329
0.0168999
0.00729995
0.0102607
0.0156192
0.0156852
0.0159807
0.0169811
0.0167522
0.0168576
0.0168269
0.0169235
0.0170292
0.0167997
0.0168382
0.0170116
0.0168253
0.0168314
0.0168632
0.0168426
0.0126462
0.0163687
0.0170951
0.0183589
0.0150799
0.0159408
0.0168137
0.0164171
0.0169817
0.0170682
0.0169479
0.0172917
0.0168996
0.0171845
0.0168576
0.0166752
0.0171205
0.0171683
0.0169648
0.0166971
0.017145
0.0167823
0.0169144
0.0171042
0.0167774
0.0167943
0.0167759
0.0167868
0.0169455
0.0167977
0.0167927
0.0168422
0.0169528
0.0168133
0.0168144
0.016822
0.0168362
0.0168329
0.011329
0.0145481
0.0184325
0.0181592
0.0184118
0.0162322
0.0172034
0.0169164
0.0168268
0.0168237
0.0168499
0.0170025
0.0169028
0.0169999
0.0169425
0.0169183
0.016988
0.0169923
0.0169779
0.016979
0.0169306
0.0169212
0.0169596
0.0169624
0.0169544
0.0169365
0.0169724
0.0169703
0.0169678
0.0169662
0.0169664
0.0169658
0.0169312
0.0169649
0.0123451
0.0149605
0.0173306
0.0155848
0.0179892
0.0160819
0.0166031
0.0169593
0.0168705
0.0168246
0.0167235
0.0167759
0.0167494
0.0168584
0.0170634
0.0167031
0.0166946
0.0171089
0.0167227
0.0170633
0.0168073
0.0170044
0.0167589
0.0170646
0.0168154
0.0169738
0.0169892
0.016847
0.0167939
0.0170313
0.0168648
0.0168711
0.0169881
0.0168411
0.0168256
0.0168247
0.0169942
0.0170131
0.0169284
0.0168368
0.0169442
0.0169489
0.0165853
0.00111756
0.0139974
0.0163591
0.0164326
0.0167178
0.0166004
0.0170479
0.0166983
0.017203
0.0153939
0.0159797
0.0165503
0.0166339
0.0169606
0.0163303
0.0171478
0.0169524
0.0166299
0.0172751
0.0169011
0.0169293
0.0168466
0.0171557
0.016708
0.016934
0.0171906
0.0167684
0.017138
0.016987
0.0172083
0.0168011
0.0171507
0.0167949
0.016917
0.0169338
0.0170576
0.0168087
0.0167501
0.0171169
0.0171095
0.0168398
0.0171155
0.0170996
0.0167729
0.0167799
0.0168132
0.0169107
0.0169556
0.016972
0.0170554
0.0169255
0.0170756
0.0170692
0.0170176
0.0168339
0.0170573
0.0168596
0.0170375
0.0170525
0.0168403
0.0168473
0.0168504
0.0168864
0.0168704
0.0168623
0.0168538
0.0169891
0.00850217
0.0107899
0.0135191
0.0190903
0.0160582
0.016914
0.016457
0.0171353
0.0167739
0.0170816
0.0171413
0.0169914
0.0167183
0.0169996
0.0167614
0.0169629
0.0169646
0.0169085
0.0169223
0.0168299
0.0167924
0.0168008
0.0169998
0.00923496
0.00880583
0.008836
0.0160953
0.0160435
0.0168882
0.01642
0.0171465
0.0167831
0.0166396
0.0166931
0.0166437
0.0166509
0.0169615
0.0170728
0.0167242
0.000597975
0.0159676
0.0176223
0.0173876
0.0176617
0.0171743
0.0171543
0.0168533
0.0169496
0.0171509
0.0169182
0.0170764
0.0169314
0.0170443
0.016959
0.0169491
0.0167157
0.0177772
0.0151983
0.0171698
0.0158078
0.0165121
0.0169826
0.0168237
0.0163654
0.0170668
0.0169316
0.0168983
0.0171236
0.0169488
0.0167876
0.0167371
0.0171468
0.0166495
0.0172285
0.0166644
0.0168897
0.0167306
0.017167
0.0166887
0.0167309
0.016908
0.0167207
0.0167467
0.0169359
0.0167547
0.0171317
0.0170593
0.016958
0.0167764
0.0168242
0.0170855
0.0168164
0.016883
0.016945
0.0168367
0.0169351
0.0170467
0.0169751
0.0170731
0.0168894
0.0168764
0.0169545
0.0169952
0.0168324
0.0170538
0.0168704
0.0170542
0.016964
0.016852
0.0170328
0.0168516
0.0170119
0.000123586
0.0203477
0.0088113
0.0177756
0.0164239
0.0165568
0.0169068
0.016676
0.0168789
0.016886
0.0169132
0.0168631
0.0168598
0.0168817
0.0168967
0.016927
0.0169616
0.016903
0.0169417
0.0168959
0.0168768
0.0168787
0.0169462
0.0168974
0.0168918
0.0169452
0.0169537
0.016982
0.0169839
0.0228091
0.0116645
0.0207372
0.0152168
0.0159419
0.0159772
0.0167326
0.0174424
0.0157023
0.0162031
0.0168627
0.0172534
0.0160662
0.0162049
0.0163629
0.0164396
0.0169071
0.0163537
0.0163436
0.0164009
0.0173444
0.0164152
0.0123113
0.0159989
0.0161681
0.016181
0.0164381
0.0166437
0.0165442
0.0165777
0.0166057
0.016765
0.0166669
0.0167339
0.0167535
0.0167787
0.0167266
0.0168333
0.0187532
0.0158274
0.0189157
0.0182703
0.0160881
0.0173891
0.01696
0.016444
0.0164683
0.0165239
0.0165519
0.016752
0.0166895
0.0166898
0.0166736
0.0166646
0.0171755
0.0166645
0.0169025
0.0166779
0.0168763
0.0170963
0.0167155
0.0168839
0.0170973
0.0167863
0.016786
0.0168972
0.0168022
0.0169013
0.0170373
0.0169819
0.0151864
0.0104735
0.0139044
0.0177372
0.0173376
0.0173966
0.0170914
0.016809
0.0168322
0.017064
0.0171177
0.0170926
0.0170895
0.0168966
0.016948
0.0169732
0.0168872
0.01703
0.017038
0.0169274
0.0170337
0.00263733
0.00767067
0.0165481
0.0163984
0.0166747
0.0169376
0.0168947
0.0170445
0.0169763
0.0167435
0.0167793
0.0170341
0.0168503
0.0169412
0.0169853
0.0176454
0.0168814
0.0160096
0.0180889
0.0164503
0.0163951
0.0169368
0.0169352
0.0163808
0.0169354
0.0170426
0.0172962
0.0172926
0.0166996
0.0172602
0.0172585
0.0172155
0.0168573
0.0167244
0.0169886
0.0168024
0.0172284
0.0169808
0.0171383
0.017018
0.0171983
0.0168526
0.0167294
0.0171542
0.0171329
0.0169777
0.0168103
0.0168512
0.0169408
0.0170004
0.0170441
0.0171102
0.0169603
0.0170328
0.0167886
0.0170287
0.0169321
0.0169637
0.0170796
0.0168074
0.0170618
0.0169431
0.0170734
0.017037
0.0169217
0.0170361
0.0168273
0.0168277
0.0169248
0.0169211
0.0168915
0.0168908
0.0170082
0.0185022
0.00990622
0.014037
0.0156079
0.016183
0.0162152
0.0162783
0.0164179
0.0165624
0.0164262
0.016493
0.0165063
0.011536
0.0166979
0.0169614
0.015246
0.0180935
0.0164544
0.0170665
0.0165259
0.0167064
0.0166083
0.0170319
0.0171266
0.0171056
0.0167272
0.0169162
0.0171367
0.0169313
0.0171433
0.0167357
0.0167703
0.0167522
0.0167883
0.0170898
0.0167764
0.0167833
0.0169151
0.0168764
0.0169227
0.016829
0.0169979
0.0168378
0.0187932
0.0154475
0.0152554
0.0146128
0.0153936
0.0162085
0.017051
0.0170995
0.0168604
0.0171883
0.0168881
0.0165429
0.0164691
0.0169381
0.0171908
0.0168954
0.0165956
0.0166903
0.0169316
0.016643
0.0167708
0.0166366
0.016844
0.0170103
0.0170469
0.0166731
0.0169765
0.0167159
0.0168445
0.0169736
0.0168571
0.0171241
0.0171198
0.0168033
0.0167822
0.0169172
0.0167765
0.0168257
0.016928
0.0168106
0.0170645
