0.0273615
0.0193251
0.0194778
0.0190988
0.0198334
0.0196466
0.0195996
0.0195786
0.0195799
0.019559
0.0195511
0.019377
0.0189462
0.0201491
0.0198094
0.019816
0.0197961
0.0198326
0.0190589
0.0202434
0.0190636
0.019842
0.0200781
0.0200822
0.0196179
0.0198358
0.0198921
0.019396
0.0191798
0.0198148
0.0191983
0.0195212
0.0197504
0.019847
0.0192914
0.0195561
0.0197773
0.0193458
0.0198207
0.0193068
0.0198075
0.0197965
0.0198048
0.0194027
0.0194092
0.0197337
0.0195188
0.0197585
0.0197667
0.0197591
0.0195231
0.0195812
0.0195739
0.0196591
0.0196854
0.0196977
0.0196202
0.0196926
0.019709
0.0196004
0.0195099
0.0195102
0.019481
0.019538
0.0194507
0.0196526
0.0196519
0.0196794
0.0196687
0.0195034
0.0156341
0.0216091
0.0203054
0.0194455
0.019495
0.01896
0.0193985
0.019339
0.0196024
0.0193987
0.0196537
0.0196128
0.0195037
0.0195898
0.0194925
0.0195868
0.0195709
0.0195177
0.0195647
0.0195325
0.0195323
0.0195661
0.0195505
0.0195631
0.0195761
0.0195716
0.0195468
0.0195713
0.019568
0.0195473
0.0195414
0.0195649
0.019569
0.0195665
0.0195705
0.0195597
0.0195663
0.019547
0.0195582
0.0195548
0.0195517
0.0195678
0.0195549
0.0195677
0.0195675
0.0195467
0.0195476
0.0195493
0.0195511
0.0195633
0.0195593
0.0195497
0.0195608
0.0101467
0.0182432
0.0198233
0.0198124
0.0187939
0.0197379
0.0196934
0.0195863
0.019447
0.0194342
0.0196874
0.0196354
0.0195011
0.0194894
0.0196462
0.0195531
0.0195301
0.0195303
0.0195309
0.0195845
0.0195694
0.0195292
0.0195697
0.019556
0.0195315
0.0195592
0.0195707
0.0195333
0.0195469
0.0195429
0.0195732
0.0195376
0.0195563
0.0195644
0.0195473
0.0195561
0.0195711
0.0195566
0.0195516
0.0195445
0.019549
0.0195523
0.0195519
0.0195607
0.0195663
0.0195644
0.0195671
0.0125805
0.0175947
0.0198226
0.0200666
0.0188887
0.0195832
0.0198814
0.0197714
0.0192674
0.0195349
0.0195801
0.0196011
0.0193387
0.0196144
0.0195739
0.0194084
0.0196686
0.0196678
0.0196673
0.0195326
0.0195612
0.0196373
0.0194475
0.0195784
0.0196378
0.0195661
0.0195214
0.0196327
0.0195978
0.0196083
0.0194859
0.0196209
0.0195649
0.0195309
0.0195934
0.0195638
0.019501
0.0195613
0.019579
0.0196011
0.0195869
0.0195751
0.0195766
0.0195434
0.0195211
0.0195289
0.019518
0.0778754
0.0214384
0.0171317
0.0183177
0.0198003
0.0194391
0.0194871
0.0195662
0.0191155
0.0198425
0.0194179
0.0195598
0.0193211
0.0192868
0.0196523
0.019746
0.0193706
0.0193023
0.0197383
0.0195861
0.0194227
0.0195223
0.0195431
0.0196185
0.0196107
0.0195011
0.0194203
0.0194256
0.0196397
0.0194341
0.0195923
0.0194846
0.0195146
0.0194757
0.0195096
0.0224803
0.0122472
0.0188269
0.0202151
0.0196677
0.0195402
0.0196355
0.0195024
0.0197265
0.0194681
0.0193553
0.0193407
0.0196551
0.0191389
0.0196549
0.0198576
0.0192907
0.0193992
0.0197684
0.0193207
0.019382
0.0197399
0.019574
0.0193136
0.0195923
0.019391
0.0193612
0.0197624
0.0196689
0.0197147
0.0193694
0.0193866
0.0195425
0.0195913
0.0196392
0.0196845
0.0196614
0.0194766
0.0195326
0.0194343
0.0196599
0.0196728
0.0195104
0.0196704
0.0195827
0.0194645
0.0194484
0.0177104
0.0143254
0.0197637
0.0190707
0.0193702
0.0193148
0.0197136
0.019568
0.0196982
0.0196147
0.0194933
0.0195061
0.019549
0.0195564
0.0196059
0.0195922
0.0195641
0.0195336
0.0195789
0.0195489
0.0195402
0.0195336
0.0195232
0.0195377
0.0195755
0.0195503
0.0195313
0.0195633
0.0195349
0.0195355
0.0195601
0.0195659
0.0195672
0.0195694
0.0195426
0.0195424
0.0195448
0.0195392
0.0195575
0.0179622
0.0205284
0.0207379
0.0202082
0.0201011
0.020914
0.0195347
0.0193341
0.0195715
0.0195667
0.0190173
0.0199117
0.0196162
0.0200084
0.0192685
0.0192676
0.0195465
0.0191757
0.0192681
0.01947
0.0193686
0.019217
0.0192293
0.0194977
0.019302
0.019806
0.019313
0.0198246
0.0193356
0.0193338
0.0197826
0.0194612
0.0193443
0.019362
0.0197675
0.0193877
0.0193715
0.0197512
0.0193904
0.0196025
0.019472
0.0193878
0.0194049
0.0196707
0.0194638
0.0194167
0.0196166
0.0195261
0.0196324
0.0194931
0.0196894
0.01943
0.0133652
0.0214998
0.0123285
0.0206101
0.0172972
0.0184201
0.0185673
0.0190116
0.0186444
0.0187907
0.0189144
0.0192875
0.0190022
0.0194677
0.0199385
0.0190809
0.0191401
0.0193285
0.0198537
0.0192692
0.0196781
0.0163676
0.0172135
0.0177527
0.0187307
0.0199085
0.019985
0.0198484
0.0197016
0.019372
0.0195448
0.0196036
0.0195613
0.019568
0.0195661
0.0195656
0.0194782
0.019571
0.0195898
0.0195086
0.019521
0.0195901
0.0195353
0.0195872
0.0195763
0.0195558
0.019523
0.0195799
0.0195646
0.0195395
0.0195478
0.0195625
0.0195359
0.0195743
0.0195527
0.0195394
0.0210821
0.0190277
0.0188981
0.0196937
0.0191324
0.0196923
0.0193254
0.0195619
0.0194925
0.0195926
0.0200905
0.0196576
0.0200311
0.0200201
0.0190944
0.0199377
0.0196526
0.0195331
0.0192812
0.0192223
0.0199001
0.0198917
0.0195711
0.019239
0.0196238
0.0192507
0.0192838
0.0197123
0.0192976
0.0197852
0.0195234
0.0193295
0.0194684
0.0197446
0.019443
0.0195719
0.019424
0.0197506
0.0193689
0.0195536
0.019653
0.0195317
0.0196727
0.0195397
0.0194826
0.0194036
0.0196382
0.0194592
0.0194206
0.0195599
0.0196926
0.0195922
0.019497
0.0208567
0.0191073
0.0200372
0.0198167
0.0198478
0.0199429
0.0196123
0.0196752
0.0198599
0.0196676
0.0195812
0.0191537
0.0195983
0.0194132
0.0193954
0.0196441
0.0193643
0.0194732
0.0194232
0.0195619
0.019713
0.0193765
0.0197023
0.0193774
0.0197074
0.0195081
0.0193976
0.0196589
0.019625
0.0194437
0.0194441
0.0194426
0.0195275
0.0196577
0.0196513
0.019627
0.0194714
0.019516
0.0194948
0.0194811
0.0210445
0.0201592
0.0179777
0.0185903
0.0195955
0.0192958
0.0194534
0.0196146
0.019373
0.0194776
0.0195891
0.0195372
0.0196187
0.0194688
0.0195925
0.0177104
0.0125937
0.0197522
0.0187619
0.0194549
0.0195172
0.0196242
0.0198398
0.019977
0.0195654
0.0192156
0.019703
0.0196359
0.0196746
0.0198296
0.0197965
0.0195595
0.0193647
0.0197355
0.0194551
0.0194226
0.0193955
0.019357
0.0194234
0.0196801
0.0195008
0.0193987
0.0195945
0.0194213
0.0194243
0.0195753
0.0196137
0.0196221
0.0196365
0.0194662
0.0194667
0.0194806
0.0194504
0.0195602
0.0168582
0.0220254
0.0181701
0.0194694
0.0192037
0.0192363
0.0193431
0.0195325
0.0194444
0.0196937
0.0196078
0.0195701
0.0195215
0.0195689
0.0195206
0.01957
0.0195762
0.0195873
0.0195638
0.01952
0.0195674
0.0195526
0.0195587
0.0195454
0.0195333
0.019559
0.0195687
0.01955
0.0195386
0.0195436
0.0195564
0.0195735
0.0195581
0.0195718
0.0195701
0.0208562
0.0219352
0.0197239
0.0202032
0.0194641
0.0196122
0.0194694
0.0190353
0.0195901
0.0195741
0.0198222
0.0191956
0.0195527
0.0192585
0.0196965
0.0197881
0.0193188
0.0194599
0.0193281
0.0195875
0.0194058
0.0197116
0.0193722
0.0195812
0.0196414
0.0196717
0.0197059
0.0196846
0.0196915
0.0194184
0.0196334
0.0194365
0.0196222
0.0194903
0.0194848
0.0195437
0.0194977
0.0194597
0.01955
0.01958
0.0196163
0.0243411
0.0179017
0.0201273
0.0195981
0.019561
0.0196994
0.0196799
0.0195877
0.019372
0.0192857
0.0196266
0.019411
0.0186198
0.022265
0.019321
0.0199028
0.0195399
0.0191662
0.0200889
0.0194034
0.0192379
0.0196843
0.0198951
0.0191261
0.0195631
0.0193328
0.0192272
0.0192099
0.0198835
0.01924
0.0193251
0.0197521
0.0194938
0.019792
0.0197826
0.0197972
0.0193161
0.0194564
0.0197651
0.0193623
0.0194251
0.0194012
0.0197312
0.019402
0.0194066
0.0195131
0.0195533
0.0194063
0.0197004
0.0195874
0.0196329
0.0195835
0.0194406
0.0195814
0.0194816
0.0194407
0.0194739
0.019439
0.0195209
0.0194665
0.019547
0.0196544
0.0194788
0.0196323
0.0195381
0.0196216
0.0194995
0.019644
0.0196169
0.0244484
0.0214492
0.0150581
0.0181603
0.019023
0.0188948
0.0196915
0.0195325
0.0192021
0.0195985
0.0193111
0.019457
0.0196697
0.0196536
0.0193959
0.0196634
0.0195645
0.01961
0.019437
0.0194631
0.019486
0.019459
0.0207796
0.019849
0.0175533
0.018252
0.0194077
0.0190647
0.019271
0.0196763
0.0191854
0.0193722
0.0196212
0.0195042
0.0196905
0.0193689
0.0196329
0.00508153
0.0153221
0.0161391
0.019152
0.0193992
0.019668
0.0196738
0.0194534
0.0196673
0.0196516
0.0196108
0.0196526
0.0196426
0.0194945
0.0196162
0.0189186
0.0204374
0.0193128
0.0193624
0.0198233
0.0188413
0.01976
0.0199099
0.0196196
0.0196025
0.0193114
0.0197397
0.0198883
0.0194098
0.0198328
0.0193387
0.0198266
0.0198156
0.0197057
0.0194975
0.0197145
0.019358
0.0196019
0.0193783
0.0196081
0.0197608
0.0196847
0.0197012
0.0197419
0.019736
0.0197247
0.0197223
0.019615
0.0194815
0.0195529
0.0196859
0.0197042
0.0195424
0.0194598
0.0195582
0.0194396
0.0196743
0.0195135
0.0196282
0.0194483
0.019494
0.0196061
0.0196461
0.0195314
0.0196425
0.019636
0.0195059
0.0194654
0.0194778
0.0195019
0.0207062
0.0213208
0.0207057
0.0189954
0.0194504
0.0195977
0.019531
0.0196201
0.0193614
0.0195817
0.0194301
0.0194149
0.0194477
0.0195998
0.0195768
0.0195177
0.0194894
0.0195733
0.0195289
0.0194997
0.0195519
0.0195687
0.019509
0.0195124
0.0195204
0.0195215
0.0173325
0.0227575
0.0191493
0.0175742
0.018148
0.0180501
0.0192027
0.0202137
0.0187081
0.0192995
0.0186218
0.0188794
0.0188377
0.0195379
0.0198884
0.0197778
0.0189472
0.0195407
0.0190777
0.0190878
0.0191605
0.0193981
0.0193743
0.0197522
0.0176483
0.0112226
0.0177743
0.0196688
0.0187998
0.01916
0.0192168
0.01937
0.0192647
0.0193412
0.0197275
0.0194882
0.0195131
0.0193509
0.0196818
0.0194549
0.0213337
0.0198989
0.0192415
0.0182985
0.0181628
0.0196304
0.0191143
0.0195817
0.019746
0.0192837
0.0196802
0.0191994
0.0192649
0.0193988
0.0197937
0.0192709
0.0193092
0.019339
0.0196197
0.019663
0.0197234
0.0196805
0.0194348
0.0195712
0.0196355
0.0194461
0.0193976
0.0195947
0.0196734
0.0196162
0.0196158
0.0195046
0.0194366
0.0194478
0.019657
0.0194578
0.0180903
0.0197913
0.0193957
0.0196027
0.019584
0.0196072
0.019597
0.0194731
0.0196632
0.01951
0.0194536
0.0195483
0.019662
0.0196593
0.0195998
0.0195604
0.019634
0.0194927
0.0195755
0.0196244
0.0195011
0.0195102
0.0147725
0.0182148
0.0171572
0.0195941
0.0189367
0.0196338
0.0192761
0.0194469
0.0192959
0.0195683
0.0196458
0.019562
0.0194826
0.0194125
0.0194135
0.0194959
0.019462
0.019591
0.0199039
0.0193764
0.0190664
0.0203671
0.0198931
0.0193391
0.0198935
0.0191489
0.0195309
0.0191318
0.0192707
0.0199619
0.0195831
0.0198459
0.0197515
0.019554
0.0194691
0.0198214
0.019293
0.0198058
0.019593
0.0195154
0.0196725
0.0197886
0.0193372
0.0197668
0.0197063
0.0193637
0.0196422
0.0193849
0.0195426
0.0196274
0.0196717
0.019419
0.0195561
0.0195138
0.0196083
0.0194593
0.0194539
0.019448
0.0194938
0.019672
0.019669
0.0196619
0.0194444
0.0195969
0.0196789
0.0196731
0.019447
0.0195836
0.0194712
0.0196145
0.0195346
0.0194995
0.0196033
0.019542
0.0194829
0.0667377
0.0189369
0.0193458
0.0181031
0.0193416
0.0196457
0.0197076
0.0191344
0.0191913
0.0192171
0.0202489
0.0186018
0.018834
0.0182516
0.0196326
0.0195712
0.0192632
0.0198319
0.0192114
0.0192335
0.0193619
0.0192521
0.0193325
0.01964
0.0194092
0.0196243
0.0193731
0.0194367
0.0194663
0.019704
0.0193934
0.0196461
0.019405
0.0194985
0.0195723
0.0196593
0.0196736
0.0196602
0.0195626
0.0196015
0.0195619
0.0195731
0.0196191
0.0188188
0.0189476
0.0186431
0.0192823
0.0192096
0.0187885
0.0187702
0.0195288
0.0195299
0.0195619
0.0198331
0.0193667
0.0193821
0.0192175
0.0192376
0.0195354
0.0197387
0.0194343
0.0194648
0.0192838
0.0192853
0.0193627
0.0197456
0.0196992
0.0193192
0.019341
0.0193908
0.0197232
0.0196702
0.0193766
0.0196134
0.0195055
0.0194085
0.0196685
0.0196242
0.0195178
0.0196672
0.0196666
0.019433
0.0196368
