0.0347572
0.0348124
0.00653511
0.0252832
0.0170156
0.0242927
0.013143
0.023801
0.0237801
0.0173624
0.0183539
0.021453
0.0203989
0.0180507
0.0187758
0.0216633
0.0191667
0.0186815
0.0214335
0.0209869
0.0215234
0.0211289
0.0197164
0.0211731
0.0196057
0.0209499
0.0213206
0.0196476
0.0209528
0.0318705
0.0160119
0.0250185
0.017779
0.0175493
0.024157
0.022802
0.0179295
0.0184467
0.0227854
0.0188275
0.022052
0.0188927
0.0190628
0.019193
0.0216044
0.021558
0.0193947
0.0213435
0.0195481
0.0213844
0.0196117
0.0211906
0.0210847
0.0212404
0.0211537
0.0198866
0.0209891
0.0209402
0.835245
0.0038629
0.0183547
0.0245565
0.0250683
0.0164358
0.023291
0.022677
0.0139442
0.0193448
0.0161534
0.0172293
0.0217379
0.0204716
0.0223042
0.0207202
0.0222462
0.0191639
0.0187288
0.0218717
0.018773
0.0217295
0.0211313
0.0192456
0.0214276
0.0198351
0.0193314
0.0207047
0.021079
0.226974
0.0336611
0.0128908
0.0250699
0.0146205
0.0148688
0.021557
0.0158539
0.0238552
0.0229906
0.0166491
0.0198544
0.0216849
0.0181492
0.0223109
0.0193615
0.0216576
0.0201861
0.0216586
0.0217765
0.0217219
0.0191017
0.0194084
0.0193799
0.0214439
0.0204993
0.0196307
0.0167453
0.0183308
0.0123192
0.00284329
0.00871006
0.0235912
0.0239615
0.0148474
0.0230653
0.0229142
0.0169271
0.0177458
0.0228421
0.0226878
0.020323
0.0177034
0.0223544
0.0208015
0.0194593
0.022079
0.0185066
0.0217556
0.0190206
0.0203147
0.0212354
0.0200258
0.0204391
0.0203572
0.0503625
0.044781
0.00334523
0.00393114
0.0253785
0.00841889
0.0142718
0.0194692
0.023377
0.015158
0.0168854
0.0165417
0.018274
0.0226203
0.0174845
0.019956
0.0223005
0.0182297
0.0183629
0.0220571
0.0217446
0.0187016
0.0190326
0.0188902
0.0195191
0.020383
0.0210473
0.0214261
0.0196271
0.0209921
0.0900194
0.00325434
0.0254946
0.00531999
0.0235421
0.0243808
0.0232042
0.0137545
0.0206414
0.0228666
0.0228933
0.0167762
0.0205926
0.0221808
0.0185621
0.0188615
0.0211099
0.0219632
0.0185872
0.0219164
0.0219004
0.021279
0.0217272
0.0190498
0.0196316
0.0204333
0.0194897
0.0193929
0.0206544
0.233133
0.0120612
0.0218479
0.021147
0.00204386
0.018221
0.0218193
0.0178097
0.0226048
0.0236847
0.0197725
0.0168703
0.0203296
0.0226021
0.0176925
0.0174812
0.018083
0.0181582
0.0183372
0.021378
0.0188709
0.02192
0.0187694
0.0189571
0.0208628
0.0210109
0.0192763
0.0212515
0.0212248
0.014351
0.00598753
0.0235137
0.0252883
0.0118501
0.021866
0.0166138
0.0153345
0.0168706
0.0217791
0.0211317
0.0173473
0.0179305
0.0181006
0.0198546
0.0208484
0.0220472
0.0201738
0.0219345
0.0215469
0.0191598
0.0192372
0.0216063
0.0212526
0.0194104
0.0213457
0.0194394
0.0194735
3.04211
0.00589713
0.0258634
0.0108336
0.0143074
0.0130831
0.0169175
0.0234492
0.0172056
0.0233222
0.0181254
0.0227177
0.0214145
0.0177177
0.022404
0.0218648
0.0220735
0.0187637
0.0187648
0.0218405
0.0216867
0.0191978
0.0194796
0.0214348
0.0194353
0.0212139
0.0213114
0.0198846
0.021182
0.0429382
0.0138435
0.0153091
0.0260421
0.0240763
0.0151021
0.0240378
0.0239405
0.0234066
0.0227657
0.0226288
0.0185318
0.0188086
0.0185648
0.0213986
0.0219979
0.021824
0.0208787
0.0216502
0.0216053
0.0215605
0.0195574
0.0214005
0.0212696
0.0210208
0.0201777
0.0211862
0.020454
0.0197996
0.0204928
0.450928
0.00241659
0.0255682
0.0115788
0.0242996
0.0247144
0.0157447
0.0243353
0.0160209
0.0233605
0.0173448
0.0172168
0.0164909
0.0181896
0.0224285
0.0224131
0.0223698
0.0195105
0.0219205
0.0185228
0.0217698
0.0187937
0.0217401
0.0194811
0.0205404
0.0213829
0.0198464
0.0193527
0.0194141
0.126977
0.00373841
0.0130823
0.0266743
0.0242295
0.0234389
0.0236689
0.016889
0.0234631
0.017841
0.0226727
0.0195402
0.0186609
0.0189236
0.0188549
0.0191014
0.0210473
0.0207491
0.0203155
0.0216039
0.0194664
0.0214333
0.0195269
0.0205324
0.019901
0.0212144
0.0197445
0.0199158
0.0198081
0.0199661
0.279124
0.0187012
0.0255605
0.0233791
0.00782336
0.0239697
0.0243848
0.015425
0.014207
0.0186055
0.0178771
0.0229425
0.0229881
0.017924
0.0172805
0.0185065
0.0222481
0.0183285
0.0187078
0.0219371
0.0212091
0.0191686
0.0214451
0.0193075
0.019197
0.0213289
0.0212459
0.0194188
0.0583856
0.00821674
0.0279771
0.0113933
0.0163771
0.0168166
0.0212898
0.0233931
0.0230197
0.0223133
0.0224531
0.0183596
0.0223223
0.0218544
0.0219611
0.0218711
0.0191814
0.0196168
0.0194587
0.0211186
0.0209903
0.0213717
0.0213637
0.0203224
0.0196716
0.0199079
0.019792
0.0198292
0.084413
0.00735367
0.025645
0.0261481
0.0255284
0.0141381
0.0205782
0.0216483
0.0228996
0.0175122
0.0185384
0.0187671
0.0182831
0.0223803
0.0219183
0.0189506
0.0219593
0.0189169
0.0217555
0.0191566
0.0216139
0.020278
0.0195112
0.0196054
0.0195758
0.0212864
0.0196822
0.0202353
0.0211687
0.159209
0.00735367
0.0255112
0.0260984
0.0255068
0.0142456
0.0206578
0.0216881
0.0228773
0.0175549
0.0185411
0.0187918
0.0183028
0.0223671
0.0219095
0.0189624
0.021951
0.0189231
0.0217488
0.0191615
0.0216089
0.02028
0.0195146
0.0196095
0.0195793
0.0212833
0.0196853
0.0202367
0.0211658
0.168994
0.0220728
0.00403286
0.00375286
0.0249773
0.0138992
0.0131077
0.0240569
0.023027
0.0207915
0.0228992
0.0174558
0.0198562
0.0179009
0.0185676
0.0195415
0.0184822
0.0211428
0.0187585
0.018928
0.0196193
0.019322
0.0194735
0.0193858
0.0204708
0.0214265
0.0200015
0.0199167
0.00239943
0.00831757
0.0281673
0.011374
0.0163945
0.0168315
0.0212515
0.023411
0.0230344
0.0223166
0.0224582
0.0183637
0.0223265
0.0218552
0.021962
0.0218715
0.0191858
0.0196204
0.0194629
0.0211177
0.0209895
0.0213697
0.0213615
0.0203241
0.0196749
0.0199115
0.0197954
0.0198322
0.0551019
0.0134862
0.0255687
0.0160182
0.0236417
0.0169648
0.023732
0.0238255
0.0229332
0.0181335
0.0221967
0.018968
0.0187963
0.0189289
0.021988
0.0199063
0.0193115
0.0216625
0.0215433
0.0211187
0.0214308
0.0206753
0.0213225
0.020259
0.0199826
0.0198429
0.0199047
0.0203458
0.0210783
0.0210503
0.0872952
0.00517099
0.0116918
0.0256894
0.0125117
0.0141393
0.0148454
0.0191582
0.0231775
0.0209108
0.0217223
0.0209743
0.0218669
0.0220586
0.0219557
0.0212067
0.021793
0.0190377
0.0215077
0.0192869
0.0194185
0.0213461
0.021397
0.0210956
0.0196699
0.0210654
0.0325933
0.0261101
0.015959
0.0142504
0.0235974
0.0247827
0.0172264
0.0185345
0.0181291
0.0186363
0.0220777
0.0201228
0.0188348
0.0218248
0.0191873
0.0212482
0.0211332
0.0214659
0.0202163
0.0195079
0.019839
0.0211458
0.0211379
0.0207902
0.0209207
0.0205972
0.0210285
0.0210465
0.0200675
0.0497037
0.0116467
0.0132765
0.015467
0.0229892
0.0238297
0.0180722
0.0186696
0.0224508
0.0186199
0.0188568
0.0188197
0.0219953
0.0218709
0.0193062
0.0199454
0.019454
0.0196134
0.0213685
0.0213051
0.0198568
0.0212158
0.0197887
0.0210404
0.0203225
0.0209137
0.0202715
0.0199774
