0.111644
0.0153387
0.00607899
0.0145138
0.0063946
0.0111684
0.0111944
0.011098
0.00711003
0.00802107
0.00814556
0.00908948
0.0106037
0.00876201
0.00851444
0.00993687
0.00857882
0.0100194
0.00924047
0.00881825
0.0103264
0.00890766
0.00902834
0.0102778
0.00912303
0.0100205
0.00935052
0.0092235
0.0056562
0.00755184
0.00516471
0.00639099
0.00839091
0.00796751
0.0108232
0.00870368
0.0108957
0.00871058
0.0104072
0.00936173
0.0105374
0.0100899
0.00962652
0.00947051
0.0103712
0.0100368
0.0100923
0.0102359
0.0102307
0.010194
0.00940031
0.0100699
0.00961263
0.00968869
0.00993715
0.0100485
0.00944262
0.0192425
0.0845566
0.00557819
0.00449357
0.0016734
0.00844234
0.000249082
0.00922133
0.00429329
0.00687756
0.00773994
0.0109885
0.0109032
0.008853
0.00788765
0.0078615
0.00838922
0.00969407
0.0106015
0.00851726
0.00894269
0.00971178
0.0102489
0.00965408
0.0103003
0.00894039
0.00941785
0.00958493
0.00904121
0.276981
0.00222206
0.00665095
0.00189445
0.00231492
0.00562493
0.00685033
0.0111757
0.0104411
0.00813217
0.00806588
0.00986201
0.0108114
0.00765723
0.0107557
0.00818885
0.00799191
0.00950673
0.00829399
0.00873659
0.0085349
0.00867772
0.00887817
0.00882514
0.00888767
0.00896222
0.00901313
0.00905767
0.0101634
0.20096
0.000810799
0.0112608
0.00873764
0.011755
0.0107093
0.00476388
0.0109107
0.0103572
0.00495143
0.00688617
0.00710759
0.00677187
0.00743194
0.00751635
0.00716924
0.0103654
0.0103191
0.0085327
0.00869545
0.0081584
0.0100899
0.00848347
0.00886708
0.00855428
0.00870591
0.0103104
0.0102448
0.0090334
0.00891085
0.0808743
0.0139147
0.0807693
0.0161855
0.010805
0.00505177
0.00053228
0.00595195
0.0111025
0.00781704
0.0111398
0.0100272
0.00939448
0.00965242
0.00848957
0.00915792
0.00774122
0.00797802
0.00831921
0.00818581
0.00832684
0.00950908
0.0101545
0.00854316
0.0104089
0.00902108
0.00945517
0.0103265
0.00889529
0.146751
0.0382356
0.0101736
0.000587279
0.0118004
0.00385349
0.0113118
0.00519491
0.00536978
0.0111277
0.0066904
0.0109964
0.0103249
0.0106966
0.0101748
0.00842375
0.00833075
0.00823161
0.00882211
0.00883188
0.00892273
0.00885593
0.00992827
0.00887947
0.00891196
0.0102955
0.0100779
0.00904006
0.0148848
0.00660702
0.0231661
0.0118573
0.0112393
0.00257321
0.0113315
0.00524077
0.00845446
0.0103146
0.00842996
0.0083157
0.00750961
0.0106959
0.0107988
0.00827693
0.0107094
0.0100661
0.0106006
0.010498
0.0103142
0.0087445
0.00878327
0.0100978
0.00931816
0.00909643
0.0636694
0.0478268
0.0055427
0.00379501
0.00192825
0.00852429
0.000337535
0.00925611
0.00434213
0.00688492
0.00774386
0.0109838
0.0108991
0.00886247
0.00790114
0.00786999
0.00839872
0.00969598
0.0105986
0.00852214
0.00894784
0.00971278
0.0102471
0.00965517
0.0102983
0.00894468
0.00942
0.00958614
0.00904462
2.42756
0.0113801
0.0033933
0.0115478
0.00631219
0.0113489
0.00699516
0.00565864
0.00623477
0.00715125
0.00809522
0.00793812
0.00804194
0.0085854
0.0103665
0.0101177
0.0100847
0.0104878
0.00858123
0.0101507
0.00936153
0.00904942
0.00985891
0.00909871
0.0101018
0.00915796
0.0102031
0.0092494
0.0119202
0.0152139
0.0057649
0.0101769
0.0111312
0.01129
0.00695182
0.0109295
0.0108048
0.0107876
0.008747
0.0105221
0.0101416
0.00975098
0.0104745
0.00911578
0.00893402
0.00946844
0.00907659
0.010287
0.0100096
0.00915979
0.00922148
0.00925067
0.00925769
0.00998191
0.00987652
0.00940363
0.312888
0.00101804
0.0114823
0.00919884
0.0117395
0.0107424
0.00498807
0.0109199
0.0103757
0.00486972
0.00684572
0.00708991
0.00673836
0.00740056
0.00748346
0.00712572
0.0103704
0.010324
0.00851847
0.0086739
0.0081276
0.0100932
0.00846165
0.00884583
0.00852919
0.00868118
0.0103184
0.0102523
0.00902009
0.00889142
0.243709
0.0455179
0.009802
0.00282337
0.010252
0.0069102
0.00606154
0.00849423
0.00789427
0.00807907
0.00876993
0.00953007
0.00860775
0.00890432
0.0105433
0.010473
0.0103692
0.00894275
0.00974571
0.0102765
0.00967851
0.00999567
0.00924587
0.010208
0.00931425
0.0092903
0.00991624
0.0093382
0.00984402
0.0993883
0.0192271
0.0583413
0.0163883
0.00411305
0.00505861
0.00497414
0.00247797
0.00779395
0.00490646
0.0111679
0.00762753
0.00799503
0.00718979
0.00781207
0.00846748
0.00875697
0.00868981
0.00866508
0.00910136
0.00844886
0.00963852
0.00861656
0.00997706
0.00896438
0.00895387
0.0102996
0.00928061
0.0129996
0.0198892
0.00682384
0.00623128
0.0112818
0.0112389
0.0112455
0.0105405
0.00741093
0.00767954
0.00821148
0.00838269
0.00856826
0.00867907
0.00991552
0.0104091
0.0104326
0.0101888
0.010365
0.00903657
0.0102403
0.00963565
0.0100837
0.0100051
0.00927148
0.00957623
0.00932343
0.00989427
0.0232365
0.00392655
0.0132144
0.00384221
0.0114935
0.00718681
0.0113553
0.00923487
0.00778258
0.0109051
0.00764431
0.0078582
0.0082568
0.0082145
0.0106067
0.00857005
0.00890272
0.0104953
0.00875901
0.00882356
0.0103411
0.00916903
0.0103201
0.0102647
0.00921201
0.0101321
0.00927125
0.00941872
0.00981032
0.0232298
0.00392655
0.00980279
0.00384214
0.0114771
0.00718695
0.0113436
0.00928093
0.00783403
0.0108994
0.0076541
0.00787273
0.00826064
0.00822665
0.0106022
0.00857915
0.00891023
0.0104917
0.0087635
0.00882777
0.0103384
0.00917255
0.0103177
0.0102625
0.0092147
0.0101305
0.00927301
0.00942042
0.00981013
0.0570547
0.129448
0.00199374
0.00501737
0.0107416
0.00614292
0.00614808
0.0052065
0.00794231
0.00661287
0.0101143
0.0099539
0.0101852
0.0100198
0.00884695
0.00884255
0.00832912
0.010026
0.00891117
0.00916226
0.00870408
0.0093487
0.0103594
0.00900877
0.00929802
0.00937531
0.00912648
0.0092603
0.0129884
0.0226519
0.00620244
0.00625302
0.0112994
0.0112538
0.0112524
0.0105357
0.00742005
0.00768702
0.00821191
0.00838607
0.00857214
0.00868276
0.00991622
0.0104097
0.0104325
0.010189
0.0103647
0.00903966
0.0102396
0.00963738
0.0100832
0.0100049
0.00927434
0.00957818
0.00932585
0.00989425
0.0146591
0.013236
0.00214403
0.00620426
0.006543
0.00710178
0.0111587
0.00780712
0.00862411
0.00855462
0.0086851
0.0105943
0.00892001
0.0104274
0.00907235
0.00891468
0.0104433
0.0101868
0.00987433
0.00914116
0.00919029
0.0102218
0.0095111
0.0100132
0.00934575
0.00969878
0.0100887
0.00968995
0.00941959
0.0100665
0.196732
0.00410869
0.00102486
0.0095324
0.00477933
0.0107891
0.0111628
0.0105316
0.00656987
0.0109573
0.00840446
0.00785774
0.00903487
0.00979761
0.00821443
0.0083776
0.00942276
0.00867111
0.00865897
0.00957687
0.0104194
0.00892742
0.00926034
0.0103242
0.0101233
0.00964905
0.00909905
0.0100129
0.0101724
0.002323
0.00657579
0.0132406
0.0124036
0.00751119
0.00711431
0.00834143
0.0112774
0.00818427
0.00820371
0.00861813
0.0088063
0.00897018
0.0105111
0.0105123
0.00913327
0.0104225
0.00912078
0.00973088
0.00945764
0.01015
0.0102384
0.00924202
0.00927273
0.00931119
0.00957921
0.00957451
0.00970749
0.00947644
0.00997415
0.0282604
0.00654705
0.00242605
0.0105383
0.00668799
0.00845964
0.0115978
0.00785406
0.0108514
0.0107508
0.0106256
0.00913845
0.00892037
0.0104697
0.00899924
0.0104075
0.0093202
0.00941062
0.00948407
0.00948631
0.0101788
0.00937374
0.0100415
0.0101297
0.010102
0.00962488
0.00942333
0.0100421
