0.0233205
0.0293744
0.00828006
0.0110906
0.00768082
0.00541575
0.0018395
0.00162976
0.00182489
0.00413395
0.00374059
0.00357016
0.000183172
0.000198617
0.00207533
0.00314561
0.000862193
0.000782276
0.000988499
0.00147319
0.00142796
0.00279782
0.0016769
0.00119798
0.0199154
0.010664
0.00471538
0.000178865
9.54245e-05
0.00298618
1.54578e-05
4.83367e-05
0.000312785
0.000828715
0.00362681
0.000711132
0.00274794
0.0032588
0.00295357
0.00103972
0.00231911
0.00277281
0.00124862
0.0017527
0.00154652
0.00247793
0.00194519
0.00246114
0.00257268
0.00151069
0.00223371
0.0779932
0.0615384
0.0149717
0.0183306
0.00346294
0.00788383
0.00463276
0.00499057
0.00327049
0.000441866
0.00268695
0.00397937
0.00329906
0.000209764
0.00385605
0.00033435
0.00358399
2.40627e-06
0.00042446
0.00026966
0.000634703
0.000762056
0.00230864
0.000681604
0.000835404
0.000940601
0.00294864
0.00263928
0.00213391
0.0793135
0.0140576
0.00643851
0.00592721
0.00983392
0.00583944
0.00492598
0.00415297
0.00449187
0.00154584
0.000414747
0.00157368
0.00408598
0.000375572
0.00156779
0.00347093
0.000853038
0.0023451
0.00116361
0.000366897
0.000436749
0.0006284
0.00124414
0.000895542
0.000803082
0.000883499
0.00140768
0.00107746
0.0011257
0.173581
0.0334793
0.0272338
0.00174638
0.00425128
0.0100016
0.00191004
0.00491722
0.0039209
0.00224094
4.67448e-05
0.00192069
0.000809354
0.00382283
0.000747645
0.000598015
0.000531145
0.00351556
0.00087956
0.000217997
0.00319116
0.00053428
0.000455227
0.00257022
0.0030492
0.00114518
0.000940259
0.00104897
0.114424
0.0171439
0.061587
0.00632561
0.0034723
0.00483263
0.0023698
0.00247313
0.00478181
0.00310453
0.000888032
0.00369662
0.00163398
0.000992514
0.000639886
2.72086e-05
0.000562934
0.000812557
0.000960278
0.00135237
0.00213835
0.000641677
0.000629384
0.00188255
0.002967
0.00117709
0.000886404
0.00136926
0.0744989
0.0401642
0.0480586
0.0028113
0.0039769
0.00701342
0.00486531
0.00347568
0.0035714
0.000589479
0.0042844
0.00404071
0.000204441
0.00379894
0.00110474
0.0034867
0.00206539
0.00123538
0.000223054
0.000344182
0.00216177
0.000640191
0.000626012
0.00306831
0.00278335
0.000904444
0.00233055
0.00126051
0.00239777
0.124627
0.103688
0.0129015
0.0249549
0.00984511
0.00222999
0.00467939
0.00316109
0.00473607
0.00391753
0.00188671
0.00139031
0.00400803
0.00084903
0.00131501
4.64665e-05
0.00368291
0.000454483
0.000176455
0.000534587
0.00320581
0.000369233
0.00311301
0.000467173
0.00206546
0.00277856
0.00196376
0.00121897
0.00189167
0.0569173
0.0996414
0.0149384
0.017776
0.00345638
0.00774253
0.0046193
0.00497701
0.00322259
0.000395985
0.00269351
0.00397215
0.0032968
0.000190798
0.00384917
0.000327529
0.00357827
4.10203e-06
0.000434063
0.000276286
0.000642456
0.000768999
0.00230787
0.000687999
0.000841364
0.000944426
0.00294502
0.00263663
0.00213361
0.0111517
0.0563396
0.00825903
0.0110449
0.0076176
0.0053662
0.00183274
0.00161987
0.00187692
0.0041122
0.00372508
0.00355711
0.000196498
0.000212525
0.00207706
0.00313655
0.000869665
0.000791959
0.000998973
0.00147943
0.00143455
0.00279155
0.00168075
0.00120481
0.0460017
0.00833348
0.00364741
0.00721187
0.00621874
0.000409226
0.000974303
1.91193e-05
0.00383727
0.00413005
0.000846152
0.00378167
0.00374025
0.00356852
0.00193097
0.00323052
0.000760448
0.000690278
0.000914737
0.00297906
0.00296647
0.00281693
0.00110266
0.00281721
0.00157841
0.00124942
0.00132057
0.0022127
0.00140396
0.243178
0.0245265
0.0279194
0.00100298
0.00368224
0.00989622
0.00204088
0.00490011
0.00394132
0.0022923
5.41723e-05
0.00197105
0.000837019
0.00383384
0.00078198
0.000640651
0.000569882
0.00352876
0.000855977
0.000183211
0.00320529
0.000503292
0.000429091
0.00257814
0.00306401
0.00112352
0.000920064
0.00103183
0.0523067
0.022728
0.00326507
0.00577211
0.00536921
0.0043306
3.4664e-05
0.00102692
0.000370199
9.32845e-05
0.000525695
0.00349662
0.000661738
0.000662751
0.00146212
0.000866601
0.000973811
0.00300456
0.00288233
0.00258698
0.0021513
0.00227588
0.00270551
0.00145245
0.00262417
0.00259895
0.0025444
0.0182259
0.00848156
0.0344778
0.00828887
0.0142091
0.00554458
0.0054237
0.00240598
0.0046122
0.00276906
0.00430947
0.00170423
0.00401545
0.001202
0.00100415
0.00181868
0.00360704
0.000158679
0.00293184
0.000295571
0.000636836
0.000581003
0.00223607
0.000782881
0.00296879
0.00115329
0.00283764
0.00104176
0.000966826
0.0122789
0.00697842
0.00250745
0.00528034
0.000367676
0.00219001
0.00455303
0.00197335
0.000644392
0.000324097
0.00179875
0.000176445
0.000278024
0.0030723
0.000784766
0.00074407
0.000751513
0.00123536
0.00206004
0.00110909
0.00243738
0.00275009
0.00265011
0.00253406
0.00261661
0.00219979
0.00156826
0.0829334
0.0289935
0.000904998
0.00682885
0.00564183
0.0028672
0.00424202
0.0046116
0.00452964
0.00414887
0.000487524
0.000116487
0.0002797
0.00353204
0.00263013
0.000405145
0.00333875
0.00075569
0.00063059
0.00164958
0.00104384
0.00104222
0.00105426
0.00256405
0.00119062
0.00264208
0.00154002
0.00134814
0.00198024
0.114863
0.0289887
0.000170783
0.00675697
0.00558096
0.00296508
0.00424598
0.00458389
0.00450519
0.00413118
0.000520465
0.000111697
0.00026939
0.00352318
0.00262954
0.000416581
0.00333172
0.000759314
0.000637744
0.00165274
0.00104925
0.0010468
0.00105801
0.00256137
0.00119358
0.00263919
0.00154243
0.00135108
0.0019805
0.0071753
0.00634281
0.00360123
0.00457321
0.00461189
0.00247649
0.00484299
0.00196191
0.00194017
0.00188666
0.00412137
0.000660169
0.000597079
0.000142717
0.000769148
0.0026588
0.000973275
0.00324383
0.00259311
0.00272729
0.000761019
0.00139253
0.00133363
0.00287293
0.00259597
0.00108611
0.00262797
0.001821
0.00342567
0.00686857
0.00248658
0.00530002
0.000360938
0.00218146
0.00457413
0.0019504
0.000640707
0.000317563
0.00179359
0.000181236
0.000282699
0.0030727
0.000788718
0.000748476
0.00075567
0.001239
0.00206094
0.00111147
0.00243678
0.00274823
0.00264819
0.00253248
0.00261443
0.0021996
0.00157143
0.00627355
0.00715982
0.00644716
0.00762534
0.00177681
0.00508199
0.000570079
0.000727879
0.000424623
0.000550764
0.00377046
0.000295452
0.000562762
0.00340381
0.00316617
0.00323518
0.0010451
0.000948846
0.00298375
0.00115394
0.00285036
0.00282336
0.00162271
0.00181223
0.00266811
0.00263541
0.0023257
0.0014447
0.00254539
0.0022032
0.180877
0.0133108
0.0147846
0.00639119
0.000341217
0.000873089
0.00292708
0.00301712
0.000275977
0.00436956
0.00134766
0.00137916
0.000762815
0.000467065
5.74892e-05
0.000332245
0.00338119
0.00159037
0.000879425
0.00267834
0.00312104
0.00145689
0.00291289
0.00184606
0.00104961
0.00108687
0.00115851
0.00120099
0.00265168
0.00975471
0.0119325
0.00625746
0.00881003
0.00487383
1.65873e-05
0.00457504
0.00482451
0.000532117
0.0039212
0.00398697
0.000384771
0.00308746
0.00073024
0.00341065
0.00328888
0.00105714
0.00306052
0.00110302
0.00199578
0.00166405
0.00285691
0.00130437
0.00164522
0.0012935
0.00166911
0.00137999
0.00171484
0.00145104
0.00174341
0.0181079
0.0106835
0.00564085
0.00829714
0.00572436
6.73454e-05
0.000408537
0.00339296
0.000348553
0.00165712
0.00053714
0.0025634
0.000668103
0.00322132
0.0032378
0.00288329
0.00100237
0.00287182
0.00288854
0.00122897
0.00120441
0.00138713
0.0017705
0.00240541
0.0016307
0.00141687
0.00255369
0.00190921
0.00249834
