0.0600491
0.00174395
0.00214307
0.010141
0.0185746
0.0194676
0.0148178
0.0198059
0.0165654
0.0208073
0.0199495
0.0214406
0.0214679
0.0224139
0.0214523
0.0219802
0.0212077
0.0214249
0.0221705
0.0216838
0.022643
0.0226542
0.02278
0.0220521
0.0221093
0.0221409
0.0226338
0.0223357
0.0226341
0.0223268
0.04402
0.0168201
0.0108806
0.0179543
0.0218279
0.0202088
0.0208673
0.0217398
0.0226683
0.0217727
0.0218748
0.0226136
0.0227901
0.0228412
0.0223835
0.022489
0.0225445
0.0225452
0.0227109
0.0228023
0.0228244
0.022852
0.0226632
0.0227393
0.0228705
0.0227071
0.0228214
0.0227836
0.0228206
0.0228606
0.25765
0.0197931
0.0196858
0.0117061
0.013286
0.0203968
0.0224714
0.018723
0.0224331
0.0219192
0.0225449
0.0211881
0.0195673
0.0200423
0.0210192
0.0223341
0.0225955
0.0224033
0.021225
0.0219485
0.0215255
0.0228178
0.022646
0.0225736
0.0220049
0.0223001
0.0228052
0.00491393
0.0193064
0.00798022
0.0162629
0.00431099
0.0217764
0.0217285
0.0228092
0.0220997
0.0221216
0.0224167
0.0208477
0.0212993
0.0205923
0.022453
0.0223091
0.0210963
0.0212284
0.0217329
0.0222762
0.022115
0.02261
0.0218906
0.0225022
0.0228718
0.0224311
0.0221976
0.00226301
0.145744
0.0174143
0.0224508
0.016919
0.0145581
0.0222906
0.0216673
0.0219341
0.0221941
0.0220664
0.0167703
0.0186002
0.0192471
0.0220522
0.020849
0.0218003
0.0203902
0.0226601
0.0209482
0.0223263
0.021586
0.021301
0.0213809
0.02145
0.0216096
0.0224056
0.0218096
0.0221474
0.0226296
0.573361
0.141616
0.00929001
0.00396182
0.000454642
0.0115829
0.0225842
0.0223922
0.0195898
0.0168185
0.0227132
0.0192913
0.0205458
0.0204441
0.0210913
0.0218394
0.0220982
0.0224817
0.0222085
0.0212152
0.0215685
0.021921
0.0226761
0.0214492
0.0224768
0.0219675
0.0221385
0.0221715
0.279296
0.285537
0.0364729
0.00229603
0.0115847
0.022308
0.0153562
0.022185
0.0211949
0.0223106
0.021562
0.0228396
0.0198404
0.0209432
0.0212854
0.0215024
0.0221143
0.0220001
0.0211521
0.0212741
0.0214859
0.0219834
0.0224444
0.0219311
0.0218358
0.022349
0.0220432
0.0223349
0.0221788
0.405017
0.0175351
0.011865
0.0159588
0.000191404
0.0210465
0.0154214
0.0227516
0.01725
0.022056
0.0170461
0.0184013
0.0216412
0.0204346
0.0222394
0.0219876
0.0203261
0.0206147
0.0223513
0.0211201
0.0213529
0.0217092
0.0226373
0.02256
0.0222256
0.0222339
0.0243295
0.0147065
0.0196939
0.0121147
0.013296
0.0203996
0.0224717
0.018787
0.0224331
0.0219301
0.0225481
0.0211917
0.0195939
0.0200612
0.021033
0.0223375
0.0225971
0.022406
0.0212354
0.0219524
0.0215337
0.022818
0.0226471
0.0225751
0.0220098
0.0223032
0.0228055
0.0647924
0.00183632
0.000691426
0.0112657
0.0185825
0.0196686
0.0151541
0.0198041
0.0167004
0.0208076
0.020031
0.0214426
0.0214974
0.0224224
0.0214774
0.0219947
0.0212293
0.0214415
0.0221753
0.0216975
0.0226443
0.0226555
0.0227806
0.0220619
0.0221183
0.0221491
0.0226358
0.0223417
0.0226365
0.0223328
0.132003
0.0649589
0.00101631
0.0227141
0.0196515
0.0177038
0.0183818
0.0204144
0.0210477
0.0205105
0.0219994
0.0215808
0.0228909
0.0224508
0.0224662
0.0219649
0.0227339
0.0222483
0.0225401
0.0224163
0.0224534
0.0228894
0.0225283
0.0228014
0.0226347
0.0228123
0.0225484
0.0227618
0.0226561
0.0116842
0.150765
0.0180016
0.0231493
0.0167437
0.0148825
0.0223051
0.0216322
0.0219502
0.022175
0.022045
0.0167155
0.0185647
0.0191753
0.0220352
0.0208318
0.0217926
0.0203512
0.0226559
0.0209145
0.0223156
0.0215583
0.0212669
0.0213464
0.0214167
0.0215788
0.0223964
0.0217825
0.0221303
0.0226244
0.0115197
0.0193254
0.0188426
0.0176798
0.0185203
0.0218659
0.0226296
0.0228562
0.0204765
0.0221752
0.0227301
0.0219223
0.0217502
0.0218756
0.0227599
0.0221955
0.0223494
0.0227718
0.0228308
0.0224661
0.0226935
0.0227546
0.0225357
0.0226037
0.0228425
0.0226212
0.0226661
0.0226187
0.342992
0.323642
0.00830058
0.0218998
0.0187416
0.0164595
0.0191301
0.0198156
0.0179024
0.0163392
0.0215121
0.0225714
0.0198255
0.0210939
0.0225794
0.0227545
0.0214169
0.0204913
0.021906
0.022637
0.0211034
0.0225917
0.0214305
0.0223311
0.0220404
0.0218741
0.0222545
0.0220679
0.0219806
0.0221303
0.00982527
0.0157578
0.0148756
0.015171
0.0213321
0.0216515
0.0201358
0.0228829
0.0200935
0.0206371
0.0215703
0.0223003
0.0221241
0.0228026
0.0219972
0.0221607
0.0227957
0.0222318
0.022511
0.0227983
0.0224861
0.0224898
0.0228526
0.0227602
0.0226505
0.0225491
0.0228607
0.0226211
0.295617
0.0414863
0.00777519
0.0214495
0.0220922
0.0187779
0.0198051
0.0205327
0.0228198
0.0206772
0.0209857
0.0225638
0.0214915
0.0219329
0.0214699
0.0228283
0.0218672
0.0218654
0.0227044
0.0228405
0.0225041
0.0227642
0.0222576
0.0225497
0.0228154
0.0223813
0.0228586
0.022845
0.0228449
0.0228193
0.129407
0.0414864
0.0077368
0.0214493
0.0220918
0.0187656
0.0197974
0.020601
0.0228194
0.0206794
0.020989
0.0225627
0.02151
0.0219449
0.0214805
0.0228282
0.0218727
0.0218717
0.0227046
0.0228405
0.0225052
0.022765
0.0222614
0.0225517
0.0228156
0.022384
0.0228587
0.0228452
0.0228451
0.0228195
0.0120285
0.0270079
0.0131576
0.0169761
0.0146838
0.0213185
0.0159771
0.0205089
0.0228266
0.021438
0.0193039
0.0205143
0.0210173
0.0219787
0.0214081
0.0209894
0.0210411
0.0214517
0.0220416
0.0216
0.022248
0.0216241
0.0227131
0.022715
0.0219706
0.0219791
0.0222566
0.0224046
0.0227028
0.0223278
0.0770799
0.000380445
0.0115808
0.0204654
0.0167271
0.021984
0.0218853
0.0223332
0.0220668
0.0212657
0.0212514
0.0219573
0.0227439
0.0218654
0.0227591
0.0227914
0.0228734
0.0222327
0.0223592
0.0223016
0.0223457
0.0224216
0.0225977
0.0228888
0.0226595
0.0227885
0.0226868
0.0227292
0.0225939
0.00452275
0.0226619
0.0198077
0.0154468
0.021394
0.0197654
0.0225826
0.021192
0.0222138
0.0227336
0.0217661
0.0225835
0.0225973
0.0222614
0.0228351
0.0228783
0.0228326
0.0225159
0.0224659
0.0225999
0.0227993
0.0228516
0.0226481
0.0227674
0.0227526
0.0228084
0.0228216
0.02279
0.0228782
0.0228458
0.174853
0.00822503
0.0131364
0.0170962
0.0196938
0.0181859
0.0226627
0.0206253
0.0221106
0.0197036
0.0197317
0.0212251
0.0217056
0.021598
0.0210595
0.0211167
0.0228283
0.0219452
0.0228792
0.022779
0.0220209
0.0228803
0.0228204
0.0228077
0.0223692
0.0228491
0.0227221
0.0226136
0.0228565
0.0219267
0.0128799
0.0144258
0.0163686
0.0224196
0.021606
0.0221628
0.0218991
0.0212842
0.022142
0.0228228
0.0228854
0.0220444
0.0224731
0.0226966
0.0223795
0.0225584
0.022895
0.0225166
0.0225218
0.0226962
0.0227554
0.02269
0.0228924
0.0228687
0.0228147
0.0227166
0.0227858
0.0227089
0.0188661
0.0187437
0.0225812
0.0186871
0.0225133
0.0201103
0.0207002
0.0212057
0.0216228
0.0221048
0.0219834
0.0228698
0.0228279
0.0224701
0.0223692
0.0225272
0.0228226
0.0225529
0.0226664
0.0227801
0.0226184
0.0228722
0.0226627
0.0227017
0.022842
0.0227203
0.0227206
0.0227355
0.0228802
