0.0144752
0.00134698
0.0222367
0.0248112
0.0194301
0.0275142
0.0210618
0.0203817
0.0232654
0.0202171
0.0237383
0.0217023
0.0249715
0.0218367
0.024677
0.0233656
0.0216701
0.0216098
0.0227703
0.0245697
0.0241139
0.0244476
0.0220427
0.0230244
0.0223711
0.0241402
0.0219565
0.0223662
0.0241512
0.0241328
0.0238903
0.0237479
0.0222343
0.0239609
0.0239754
0.0225175
0.0235573
0.0230176
0.0226027
0.0229349
0.0233206
0.0237455
0.0230795
0.0226623
0.00312493
0.0303938
0.0262361
0.0249175
0.0269878
0.0223632
0.0219522
0.0222098
0.0238263
0.0229876
0.0231244
0.0235402
0.023333
0.0229179
0.0232009
0.0229501
0.0231479
0.0231889
0.0229856
0.0229791
0.0229804
0.0231315
0.0231716
0.0231677
0.0230384
0.0231504
0.0231667
0.023169
0.0230246
0.0231622
0.0230979
0.0230397
0.0230138
0.0231434
0.0230541
0.0231547
0.0231317
0.0230363
0.0230965
0.0230444
0.0231414
0.0230364
0.0230381
0.0230955
0.0231231
0.036592
0.0165429
0.028425
0.0272482
0.019716
0.0248029
0.0220398
0.0224246
0.0223124
0.0224195
0.0232594
0.0234583
0.0229057
0.0229536
0.0233034
0.0232661
0.0231061
0.022943
0.0229392
0.0231886
0.0231398
0.0231735
0.0229633
0.0230892
0.0231827
0.0231813
0.0229898
0.0231373
0.0230342
0.0230765
0.0229936
0.0229981
0.0231711
0.0231557
0.0230424
0.023139
0.0231622
0.0230263
0.023128
0.0231508
0.0231349
0.0230303
0.0362514
0.0165429
0.0297493
0.0285781
0.0204142
0.0260182
0.0210157
0.02263
0.0228689
0.0230102
0.0224715
0.0232092
0.023628
0.0237181
0.02284
0.0229266
0.023184
0.023567
0.023598
0.0228034
0.0230557
0.022918
0.023507
0.0231753
0.0227098
0.0227071
0.0234376
0.0229583
0.0233186
0.0231864
0.0234227
0.0234102
0.0227756
0.0228494
0.0232792
0.0229191
0.0228214
0.023328
0.0229633
0.0228685
0.0229328
0.0233116
0.0306552
0.0237265
0.0273822
0.0198317
0.023786
0.0235936
0.0229837
0.0222027
0.0236147
0.0236759
0.0222549
0.0218737
0.0232133
0.0219341
0.0236719
0.0238267
0.0222959
0.0232648
0.0225904
0.0227524
0.0235178
0.0236543
0.0228846
0.0231386
0.0235612
0.0225472
0.0225606
0.0225821
0.00933555
0.025644
0.0192841
0.0270502
0.0165165
0.025229
0.020344
0.0195624
0.0228638
0.0231865
0.023961
0.0243844
0.0240967
0.0218966
0.0228313
0.0221144
0.0227407
0.0239802
0.023003
0.0217381
0.0217977
0.0242047
0.0231235
0.0218303
0.0224827
0.0240641
0.0220794
0.0233991
0.0236335
0.0223522
0.0230643
0.0235667
0.0233542
0.0225202
0.0233744
0.0230298
0.0227009
0.0225555
0.0233559
0.0226668
0.0233446
0.0228423
0.0227771
0.0228537
0.0229186
0.0268908
0.02007
0.0188784
0.0252244
0.0226166
0.0225075
0.0227798
0.0227803
0.022418
0.0232912
0.0227323
0.0228449
0.0232249
0.0231695
0.0229033
0.0232127
0.022896
0.0229123
0.0231664
0.0231808
0.023174
0.0229931
0.023151
0.0230121
0.0232041
0.0230333
0.0230552
0.023089
0.0229955
0.0231593
0.0313827
0.016056
0.0252247
0.0237509
0.0298684
0.0177412
0.0197727
0.0252422
0.0234723
0.0222638
0.0248572
0.020565
0.0211872
0.0217919
0.0231142
0.0249674
0.0249023
0.0215268
0.0228209
0.0242038
0.0240533
0.0245362
0.022176
0.0217346
0.0243991
0.024287
0.022028
0.0240197
0.0219903
0.024038
0.0240306
0.0240939
0.0236506
0.0230501
0.0222599
0.023608
0.0223826
0.0236776
0.022931
0.0236236
0.0231742
0.0235993
0.0234642
0.0155657
0.00435471
0.0135016
0.0160436
0.0251024
0.0237632
0.0233568
0.0257989
0.0230413
0.0226223
0.0251195
0.0213767
0.0246332
0.0219434
0.00495421
0.0168303
0.0167681
0.017897
0.0253663
0.0241118
0.0237025
0.0227447
0.0231879
0.0225332
0.0231591
0.0229395
0.023179
0.0233104
0.0231551
0.0232334
0.0230808
0.0232303
0.0232632
0.023235
0.0231168
0.0232456
0.023207
0.0231199
0.023085
0.0231757
0.0230288
0.0231364
0.0232
0.0230909
0.0144194
0.0163407
0.0288452
0.0219581
0.0159662
0.0183497
0.0238099
0.026654
0.0196177
0.0199832
0.0201389
0.0221592
0.025016
0.0239303
0.0244963
0.0217408
0.021147
0.0213544
0.0247377
0.0229808
0.022618
0.0221299
0.0242123
0.0242292
0.0232303
0.0217558
0.0220989
0.0235536
0.0242242
0.0224588
0.0230068
0.022574
0.0227563
0.0228036
0.0240484
0.0231698
0.0224684
0.0223667
0.0223144
0.0237743
0.0227852
0.0224942
0.0224969
0.0229826
0.0378226
0.0279667
0.0304459
0.0260339
0.0244942
0.0220183
0.0237714
0.0230871
0.023277
0.0238978
0.0242615
0.0241301
0.0239851
0.0240515
0.0226961
0.0237158
0.0238116
0.0237941
0.0223383
0.0237065
0.0235167
0.0226115
0.0236391
0.0225754
0.0229051
0.0225485
0.0228837
0.0232898
0.0228198
0.0328389
0.0218345
0.0266542
0.0236279
0.023573
0.0234225
0.0230564
0.0227185
0.022672
0.0228419
0.0233737
0.0227541
0.0228752
0.0268588
0.0201337
0.0203224
0.027611
0.0227941
0.020776
0.0233134
0.0213173
0.0210006
0.022702
0.0214714
0.0216893
0.0241011
0.0236634
0.0219377
0.0239715
0.0219673
0.0220417
0.0235653
0.0236692
0.0236199
0.0224463
0.0234636
0.0225691
0.0237895
0.0227055
0.0228455
0.0230644
0.0225112
0.0235158
0.0138171
0.0168395
0.0167054
0.0270221
0.021327
0.024517
0.0224378
0.023817
0.0234677
0.0227519
0.0232872
0.0231648
0.0228625
0.0232414
0.0229096
0.0232271
0.0229044
0.0229323
0.0231448
0.0231554
0.0230017
0.0229495
0.0230169
0.02305
0.0231741
0.0230088
0.0231774
0.0231199
0.0230059
0.0370931
0.0268977
0.0209798
0.029233
0.0239938
0.0234429
0.0232234
0.0225607
0.0232298
0.021377
0.0243087
0.0238607
0.0227426
0.021958
0.0234915
0.0228003
0.024016
0.0235072
0.0223171
0.0237847
0.0223506
0.0223943
0.0224291
0.022694
0.0234314
0.0235686
0.0225725
0.0226976
0.0228787
0.023376
0.0100012
0.0328875
0.0230323
0.0238389
0.0244531
0.0221019
0.0215081
0.0240115
0.0220291
0.0236245
0.0227493
0.0281515
0.0423888
0.0195415
0.0258449
0.0233744
0.0262282
0.0245693
0.024846
0.0221016
0.0233344
0.0213066
0.0212043
0.0218506
0.0223169
0.0234531
0.0244672
0.023415
0.0220762
0.0236263
0.0241509
0.0235409
0.0235354
0.024015
0.0239989
0.0238397
0.0239396
0.0225178
0.022521
0.0229403
0.0237158
0.0223863
0.0224014
0.0226973
0.0226086
0.0236785
0.0236632
0.0229807
0.0234402
0.0225486
0.0228997
0.0235936
0.0233143
0.0231203
0.0179341
0.0301223
0.0255911
0.0205
0.0234924
0.0240122
0.0222655
0.0221699
0.022476
0.0229871
0.0227167
0.0235107
0.0232358
0.0328348
0.0218384
0.0263513
0.0245905
0.0242805
0.0237808
0.022896
0.0222344
0.0221844
0.0225316
0.0237035
0.022365
0.0226167
0.0259368
0.033986
0.0212485
0.0223021
0.0219536
0.0237751
0.0234637
0.0226286
0.0235958
0.0226384
0.0232372
0.0230095
0.0227316
0.0228541
0.0296759
0.0323061
0.0266862
0.0251409
0.0251481
0.0187713
0.0230482
0.0235762
0.0204309
0.021407
0.0208909
0.0227358
0.0225321
0.0245754
0.0233355
0.0221781
0.0237265
0.0243321
0.0242645
0.023961
0.0242227
0.0233402
0.0220443
0.0225359
0.0239652
0.0240155
0.0223358
0.0238046
0.0236588
0.0227704
0.022395
0.0234384
0.0238315
0.0235207
0.0233037
0.022994
0.0231602
0.0228372
0.0230497
0.0226641
0.0233196
0.0235344
0.0227441
0.0228544
0.0226601
0.0125638
0.023637
0.0232509
0.024366
0.02293
0.0232723
0.0232391
0.0229347
0.0233093
0.0228233
0.0230656
0.0232561
0.0232636
0.023094
0.0210261
0.0154306
0.0152278
0.0281873
0.0244587
0.0220343
0.0228375
0.0252313
0.0259032
0.0246496
0.0235432
0.0231225
0.0232826
0.0287484
0.0233396
0.026199
0.0240093
0.0227901
0.0246436
0.0240444
0.0226897
0.0228073
0.0220802
0.0227955
0.0224813
0.0235616
0.00266138
0.0313756
0.0161901
0.0238194
0.0220703
0.0229341
0.0232569
0.0233794
0.0234719
0.0236133
0.0217029
0.0220991
0.0241609
0.0242259
0.0223305
0.0237369
0.0222456
0.0240219
0.0227022
0.0231088
0.0230105
0.0229709
0.0231034
0.0237775
0.0226262
0.0235777
0.0225391
0.0234711
0.0199046
0.0172725
0.0254722
0.0230151
0.023902
0.0236881
0.0234816
0.0232529
0.023032
0.0235905
0.0229291
0.0230347
0.0227589
0.0230665
0.0166278
0.0229495
0.0254265
0.0227043
0.0215503
0.0222692
0.0234558
0.0223092
0.0236027
0.0230536
0.0225511
0.023516
0.0226975
0.0276426
0.0264615
0.0225456
0.0257109
0.02492
0.0174653
0.0263814
0.0243945
0.023767
0.0255325
0.0255353
0.0231627
0.0231334
0.0233436
0.0248023
0.0225188
0.0214655
0.0240836
0.0246133
0.0242338
0.024204
0.0218414
0.0235347
0.0237734
0.0225083
0.0221457
0.0242539
0.0229372
0.0231071
0.0228221
0.023495
0.0236514
0.024107
0.0235213
0.0232442
0.0231015
0.0226783
0.0233858
0.0239515
0.0238321
0.0233866
0.0232142
0.022429
0.0237911
0.023364
0.0228263
0.0236389
0.022796
0.0225744
0.0233788
0.0225371
0.0234036
0.0232859
0.0236286
0.0230376
0.0234142
0.0337818
0.0181516
0.0275913
0.0239312
0.0212665
0.0241371
0.0251095
0.0233439
0.0222437
0.0236276
0.0243059
0.0224078
0.0227366
0.0229231
0.0234566
0.0240531
0.0236119
0.022168
0.0226649
0.0238674
0.0238341
0.0236656
0.0235432
0.0237541
0.0225366
0.0235605
0.0232634
0.0229061
0.0227315
0.0235255
0.00291936
0.0218872
0.0282486
0.0243942
0.023598
0.0202882
0.020123
0.02364
0.0215645
0.021808
0.0247124
0.0246709
0.0244208
0.0234965
0.024452
0.0227514
0.0235506
0.024154
0.024213
0.022927
0.0221754
0.022112
0.0231865
0.0230465
0.023914
0.0238253
0.0229799
0.0228873
0.0234669
