0.0356815
0.0300572
0.0275018
0.0275178
0.0273477
0.026906
0.0277365
0.0272836
0.0269153
0.0272504
0.0270126
0.0272392
0.0271213
0.0275463
0.0270475
0.0274231
0.0273248
0.0275339
0.0271786
0.0271941
0.0273816
0.0272683
0.0274851
0.0273271
0.0274331
0.0274366
0.0273241
0.0274547
0.0271516
0.0271654
0.0273098
0.0272068
0.0272132
0.0272662
0.0271989
0.0274105
0.0274079
0.0272185
0.0271903
0.027212
0.0273686
0.0273929
0.0264089
0.0278872
0.0262884
0.0276691
0.0275227
0.0276394
0.0272611
0.0271899
0.0272355
0.0273826
0.0272312
0.0273849
0.0272907
0.0273372
0.0273179
0.0272752
0.0273109
0.0272887
0.0272838
0.0273143
0.0272872
0.0272863
0.0272859
0.0272914
0.027286
0.027286
0.0273109
0.027292
0.0272916
0.0273044
0.0272874
0.0273029
0.0272986
0.0272877
0.0273009
0.0272931
0.0272926
0.0273055
0.0272921
0.0272939
0.0273024
0.0272918
0.0272951
0.0272921
0.0268436
0.0261592
0.0284139
0.0277487
0.0277113
0.027214
0.0272145
0.0274214
0.0271789
0.0272936
0.027336
0.0273019
0.0272642
0.027326
0.0273198
0.027276
0.0273073
0.0272789
0.0272802
0.0272905
0.0273186
0.027292
0.0273157
0.0272885
0.027304
0.0272883
0.0272904
0.027298
0.027301
0.0272883
0.0273071
0.0272865
0.0272882
0.0272902
0.0273083
0.0273023
0.0272928
0.0272947
0.0273028
0.0273054
0.0268436
0.0262718
0.0283917
0.0278984
0.0278601
0.0273549
0.0273323
0.0275595
0.0272165
0.0272869
0.0272332
0.0272849
0.0273581
0.0272421
0.0272123
0.0273102
0.0272669
0.0273436
0.0273433
0.0273007
0.0272306
0.0272981
0.0272393
0.0273249
0.0272701
0.0273309
0.0273218
0.0272912
0.0272817
0.0273333
0.0272628
0.0273421
0.0273342
0.0273259
0.0272602
0.0272796
0.0273153
0.0273078
0.0272785
0.0272698
0.0150229
0.0233308
0.0267313
0.0266794
0.0271549
0.0274933
0.0272605
0.0275596
0.0272554
0.0273105
0.0272319
0.0272786
0.0271811
0.0271911
0.0271294
0.027159
0.0274435
0.027398
0.0272569
0.0272749
0.027195
0.027319
0.027353
0.0272287
0.0272045
0.0273457
0.0272231
0.0273179
0.0273739
0.0273663
0.0219856
0.0279618
0.027699
0.0271791
0.027683
0.0266081
0.0270507
0.0275622
0.0276882
0.0271484
0.0271803
0.0276421
0.027138
0.0270124
0.0275647
0.0275262
0.027223
0.0275303
0.0274363
0.0271284
0.0270941
0.0271644
0.0274398
0.0273129
0.0271761
0.0274034
0.0273949
0.0272894
0.0272547
0.0274126
0.0273951
0.0271924
0.027245
0.0274232
0.0274169
0.0272432
0.0272973
0.027225
0.0272085
0.0272136
0.027395
0.0271995
0.0273721
0.0273827
0.0273727
0.0238577
0.0270841
0.026769
0.0277368
0.0273789
0.0271854
0.0273217
0.0273006
0.0272791
0.0272976
0.0272488
0.0273176
0.0273382
0.027324
0.027271
0.0272725
0.0272749
0.0272761
0.0272796
0.0272795
0.0272813
0.0272794
0.027317
0.0272838
0.0272982
0.0272948
0.0272879
0.0272884
0.0272855
0.0291697
0.0284348
0.0278352
0.0270898
0.0272759
0.0273489
0.0272944
0.0277462
0.0270973
0.0273316
0.0271484
0.0271694
0.0270969
0.0274926
0.0275996
0.0271886
0.0272089
0.027568
0.0275537
0.0275465
0.0271028
0.0270852
0.0272857
0.0273362
0.0271772
0.027478
0.0271365
0.0271333
0.0274596
0.0274567
0.0273889
0.0274481
0.0273206
0.0273026
0.0272172
0.0273072
0.0272167
0.0274166
0.0273859
0.0273154
0.0273426
0.0273954
0.0281077
0.0282583
0.0273927
0.0262008
0.0278609
0.027528
0.027662
0.0266951
0.0274825
0.0268993
0.0268979
0.0271702
0.0270237
0.027268
0.0287334
0.0233921
0.0264917
0.0271066
0.027198
0.0274653
0.0272954
0.0272336
0.027264
0.0272632
0.0272422
0.0273426
0.0272777
0.0272641
0.0272753
0.0273128
0.0272721
0.0273144
0.0272725
0.0273086
0.0272771
0.0272771
0.0272761
0.0272802
0.0272917
0.027313
0.027281
0.0272834
0.027295
0.0356615
0.0265003
0.0295842
0.0274816
0.027445
0.0272438
0.0272342
0.0272742
0.02773
0.0273614
0.0277573
0.0277135
0.0271125
0.0275672
0.027632
0.0275949
0.0273727
0.0270913
0.0271547
0.0275486
0.0270621
0.0271711
0.0275266
0.0271153
0.0273129
0.027304
0.0274397
0.0273272
0.0272381
0.0274123
0.0273244
0.0272277
0.0274419
0.0271515
0.0274059
0.0271856
0.0272257
0.0272116
0.0273753
0.0271817
0.027222
0.0273676
0.0272064
0.0272401
0.0287847
0.0286936
0.0267253
0.0274862
0.0271613
0.0272876
0.0272293
0.0273189
0.0273988
0.0274784
0.0272823
0.0274993
0.027304
0.0272819
0.0272696
0.0272642
0.0272373
0.0273264
0.0272247
0.0271963
0.0272586
0.0273931
0.0272673
0.0272101
0.0273265
0.0272814
0.0272897
0.027249
0.0272299
0.0112572
0.0257656
0.0271487
0.0271398
0.027212
0.0272363
0.0272263
0.0273694
0.0273432
0.0272179
0.0272795
0.0272344
0.0272474
0.0238669
0.0270748
0.0268391
0.027621
0.0273276
0.0272312
0.0271066
0.0274919
0.0272938
0.0271724
0.0270538
0.0274808
0.0275014
0.0274603
0.0271268
0.0271326
0.027145
0.0271538
0.0271771
0.0271776
0.0271903
0.0271806
0.0274126
0.0272084
0.0273038
0.0272805
0.0272353
0.027239
0.0272209
0.0285408
0.0285145
0.0275921
0.0277971
0.0272047
0.0273942
0.0273277
0.0271999
0.027237
0.027245
0.0273306
0.0272703
0.0273006
0.0273311
0.0273102
0.0272767
0.0273251
0.0273052
0.0272811
0.0273176
0.0273207
0.0273066
0.0273078
0.0272973
0.0272822
0.0272906
0.0273129
0.027295
0.0273116
0.0273103
0.0200819
0.0279234
0.0276734
0.0269218
0.0272781
0.0271088
0.0276525
0.0275709
0.0274395
0.0272917
0.0275035
0.027357
0.0273618
0.0272761
0.0273228
0.0271721
0.0273354
0.0272822
0.0271922
0.0273886
0.0272046
0.0273574
0.0273737
0.0273815
0.0272148
0.0272317
0.0273089
0.0273684
0.0273561
0.0273138
0.00190838
0.0226779
0.0264454
0.0269607
0.0271744
0.0270532
0.0273483
0.0272804
0.0273433
0.0271319
0.0271683
0.0264883
0.0305001
0.0282597
0.0274737
0.0274397
0.0272167
0.0272502
0.0272849
0.0271163
0.0276711
0.0272155
0.0270427
0.0275564
0.0271115
0.0272991
0.0274053
0.0274991
0.0271589
0.0271983
0.0274705
0.027421
0.0273709
0.0272513
0.0273857
0.0273023
0.0272777
0.027257
0.0272883
0.0272976
0.027281
0.0272296
0.0273018
0.0272472
0.0272022
0.0273271
0.0273274
0.027285
0.0272916
0.0273411
0.0272411
0.0273799
0.027298
0.0272334
0.0272551
0.0273065
0.0252408
0.0261729
0.0270523
0.0270013
0.0273736
0.0273742
0.0273582
0.0271677
0.0272841
0.0272319
0.0273028
0.0272765
0.0231082
0.0235977
0.028572
0.0268187
0.0270312
0.0272231
0.0273389
0.0271712
0.0270562
0.0271124
0.0271184
0.0274156
0.0271359
0.0271567
0.0227498
0.0296424
0.0289201
0.0274211
0.0274922
0.0274954
0.0274584
0.0274296
0.0274029
0.0273999
0.0273182
0.0273326
0.0272909
0.0271014
0.0290321
0.0280591
0.0268288
0.0274105
0.0269229
0.0275579
0.0273866
0.0272795
0.0270085
0.0270685
0.0271606
0.0271766
0.027407
0.02708
0.0273659
0.0275168
0.0271381
0.0272825
0.0274415
0.0271388
0.0272785
0.0272846
0.0274482
0.0272201
0.027206
0.0273621
0.0271778
0.0273965
0.0271874
0.0272156
0.0274059
0.027408
0.0271996
0.0273054
0.0273854
0.0272802
0.0272358
0.0272978
0.0273626
0.027373
0.0273009
0.0272785
0.0272418
0.0272434
0.0264192
0.0266605
0.0271272
0.0273356
0.0272778
0.0272491
0.0273
0.027262
0.0273204
0.0273266
0.0272634
0.0272681
0.0299607
0.0236155
0.0270737
0.0263416
0.026242
0.0263559
0.0274047
0.0266664
0.0267761
0.0275661
0.027428
0.0269188
0.0273371
0.026956
0.0270267
0.0222794
0.0248152
0.0273298
0.0271109
0.0270391
0.0272561
0.0271002
0.0273117
0.0273127
0.0271507
0.0248433
0.0250117
0.028098
0.0271119
0.0270777
0.0271004
0.0275557
0.0272801
0.0271496
0.0270841
0.0270635
0.0272315
0.027164
0.0273799
0.0272402
0.0272357
0.0271392
0.0274411
0.027371
0.0272978
0.0274112
0.0273991
0.0273811
0.0272008
0.0272389
0.0272394
0.0273741
0.0298637
0.0284275
0.0261026
0.0273606
0.0273709
0.027186
0.0272144
0.0274084
0.02736
0.0273357
0.0273663
0.0272763
0.0272709
0.0273375
0.0272535
0.0144246
0.0231683
0.0250192
0.0268834
0.0271134
0.0271465
0.0271574
0.0272086
0.0271732
0.0273652
0.0273376
0.0272144
0.0334751
0.0278252
0.0267786
0.0262141
0.0269309
0.0269236
0.0272262
0.0280043
0.0272573
0.0272265
0.0272542
0.0275704
0.0276914
0.0272857
0.0271327
0.0272275
0.0273655
0.027386
0.027337
0.0274913
0.0271928
0.0271115
0.0275147
0.0271658
0.0272338
0.027139
0.0273269
0.0274623
0.0271539
0.0273314
0.0274608
0.0273513
0.0271564
0.0273769
0.0272319
0.0271644
0.0272608
0.0271859
0.0271719
0.0273505
0.0272868
0.0272119
0.0271856
0.0271926
0.0273326
0.0274068
0.0271931
0.0272098
0.0273941
0.0273395
0.0272966
0.0272292
0.0273857
0.0273812
0.0273626
0.0273604
0.027362
0.0272629
0.0272232
0.0263883
0.0245755
0.0277876
0.0281148
0.0270328
0.0274029
0.0276332
0.027275
0.0273878
0.0273033
0.0270915
0.0271123
0.0272449
0.0271367
0.0273723
0.0272849
0.0272637
0.0271987
0.0273974
0.0273776
0.0271775
0.0271912
0.0273787
0.0273126
0.0272167
0.0272308
0.0272349
0.0272846
0.0272232
0.0283651
0.0252335
0.0278755
0.0272145
0.0270479
0.0274264
0.0272743
0.0270268
0.0274154
0.0273525
0.0274618
0.0275223
0.0270982
0.0273962
0.0272904
0.0274971
0.0271566
0.0273955
0.0271262
0.0272445
0.0273939
0.0271585
0.0271847
0.0272766
0.0271866
0.0273479
0.0273577
0.0272168
0.027201
