0.0297066
0.0296939
0.0304849
0.0310885
0.0303413
0.029932
0.0301207
0.0303328
0.0298337
0.0304678
0.0304583
0.0299959
0.0298916
0.0303758
0.0299479
0.03027
0.0303251
0.029995
0.0300811
0.0299496
0.0302013
0.0300748
0.0303495
0.0300031
0.0302165
0.0303179
0.0303172
0.0300053
0.0301343
0.0303055
0.0300498
0.0300222
0.0300432
0.0300535
0.0300481
0.0302197
0.0301884
0.0301166
0.0302497
0.0301542
0.0302614
0.0302389
0.0342478
0.0309263
0.0304202
0.0298815
0.0301947
0.0299605
0.0300106
0.0302636
0.0302152
0.0301693
0.0301278
0.0301079
0.0301973
0.0301541
0.0301442
0.0301725
0.0301457
0.0301749
0.030143
0.0301704
0.0301685
0.0301709
0.0301617
0.0301525
0.0301442
0.030171
0.0301578
0.0301698
0.0301537
0.0301705
0.0301675
0.0301477
0.030151
0.0301636
0.030152
0.0301658
0.0301546
0.0301511
0.0301641
0.030158
0.0301532
0.0301598
0.0314604
0.0303153
0.029525
0.0298939
0.0297197
0.0299024
0.0300874
0.0303238
0.0303101
0.0300641
0.0300989
0.0301664
0.0301996
0.0301436
0.030195
0.0301827
0.0301792
0.0301615
0.0301693
0.0301381
0.03014
0.0301373
0.0301736
0.0301675
0.0301517
0.0301437
0.0301726
0.0301428
0.0301667
0.0301448
0.0301476
0.0301612
0.0301667
0.0301655
0.0301462
0.0301639
0.0301706
0.0301521
0.0301523
0.030169
0.0301696
0.0301493
0.0301683
0.0301667
0.0301515
0.0314603
0.0305448
0.0295315
0.0298975
0.0297503
0.0300281
0.0302208
0.0302675
0.0302232
0.0301535
0.0301992
0.0302993
0.030164
0.0302626
0.0301554
0.0301627
0.0300856
0.0301744
0.0300692
0.0302271
0.0302211
0.0302307
0.0300883
0.0301517
0.0301928
0.0302129
0.0301057
0.0302141
0.0301375
0.0302094
0.0302023
0.0301582
0.030135
0.0301398
0.030205
0.030146
0.0301162
0.0301876
0.0301867
0.0301227
0.0301207
0.0301953
0.030126
0.0301323
0.0301882
0.0279518
0.0280921
0.0303675
0.0304829
0.0298378
0.0305607
0.0301885
0.0301709
0.0301215
0.0301418
0.0299767
0.0303195
0.0299738
0.0300987
0.0302855
0.0302764
0.0300339
0.0301534
0.030245
0.0302195
0.0302539
0.0301742
0.030229
0.0302162
0.030448
0.029472
0.030114
0.0302329
0.030567
0.0300735
0.0301409
0.030081
0.0301894
0.0300899
0.0304577
0.0302896
0.0301109
0.0303587
0.0304113
0.0303678
0.0302271
0.030252
0.0299935
0.0300822
0.0300159
0.0301382
0.0299802
0.030322
0.0300618
0.0300086
0.0302497
0.030156
0.030176
0.0302611
0.0300247
0.0302848
0.030072
0.0300395
0.0300497
0.0301322
0.0301335
0.0300709
0.0302267
0.0300797
0.0302415
0.0300732
0.0313444
0.0296564
0.0305792
0.0304855
0.0304355
0.0302788
0.0302097
0.0301777
0.0302234
0.0301551
0.0301734
0.0301664
0.0301894
0.0301434
0.0301274
0.0301815
0.0301554
0.0301695
0.0301766
0.0301751
0.0301782
0.0301734
0.0301397
0.0301433
0.0301547
0.0301525
0.030173
0.030146
0.0301517
0.0312621
0.0295914
0.03051
0.030649
0.0309466
0.030074
0.030342
0.0296918
0.0301626
0.0305902
0.0302043
0.0303563
0.0298445
0.0304663
0.0300462
0.0304533
0.0303061
0.0298989
0.0301544
0.0301441
0.0301149
0.0299852
0.030338
0.0299987
0.0300179
0.0303259
0.0303342
0.0303311
0.0303307
0.0302023
0.0302851
0.0301487
0.0301614
0.0302453
0.0301036
0.0300491
0.0302914
0.030287
0.0301655
0.0300791
0.0301393
0.0302197
0.0253534
0.0309136
0.0307709
0.0302208
0.0295448
0.0300205
0.0297039
0.0301976
0.0298331
0.0303798
0.0302518
0.0297798
0.0303561
0.0303478
0.0298879
0.0315626
0.0286231
0.0283689
0.0291739
0.0294301
0.0296866
0.0302824
0.0301552
0.0302189
0.0300803
0.0301423
0.0301502
0.03017
0.030168
0.0301763
0.0301732
0.0301799
0.0301802
0.0301753
0.0301334
0.0301415
0.0301669
0.0301626
0.0301608
0.0301445
0.0301431
0.0290589
0.0297279
0.0303012
0.0312978
0.0303645
0.0306608
0.0306289
0.0297265
0.0302507
0.0298746
0.0298676
0.0302418
0.0304374
0.0298553
0.0298712
0.0302896
0.0304127
0.0299544
0.0299225
0.0299806
0.0300324
0.0299801
0.0303533
0.0300267
0.0299884
0.0303317
0.0300915
0.0302783
0.0301484
0.0302955
0.0300378
0.0300175
0.0301279
0.0302871
0.0302782
0.0300991
0.0302306
0.0302712
0.0300845
0.030248
0.0310863
0.0305368
0.0294392
0.0290657
0.0297181
0.0299269
0.0302081
0.0303278
0.0303828
0.0301876
0.0299455
0.0300493
0.0301471
0.030301
0.0300523
0.030035
0.0302561
0.0300811
0.0300418
0.0302193
0.0301894
0.0301927
0.030066
0.0301443
0.0301487
0.0300789
0.0302297
0.0302238
0.0302218
0.0246166
0.0314263
0.0312212
0.0299852
0.0302414
0.0302184
0.0302112
0.0301817
0.0301952
0.0300504
0.0301619
0.0302043
0.030095
0.0292825
0.0292087
0.0299187
0.0306141
0.0302634
0.0300644
0.0301813
0.0301769
0.0303082
0.0301056
0.0301149
0.030374
0.0299427
0.0300131
0.0303005
0.0301423
0.03
0.0303136
0.0301586
0.0302913
0.030287
0.0301394
0.0301226
0.0301002
0.0301136
0.0300718
0.0302279
0.0300952
0.030123
0.0310914
0.030614
0.0295029
0.0293464
0.0303627
0.0301957
0.03011
0.0300712
0.030129
0.0301088
0.0301626
0.0301932
0.0301776
0.0301716
0.0301821
0.0301802
0.0301804
0.0301383
0.0301584
0.03015
0.0301604
0.0301663
0.0301402
0.0301624
0.0301587
0.0301578
0.0301442
0.030154
0.0301565
0.0301674
0.0296877
0.0311664
0.030734
0.0303287
0.0301834
0.0301473
0.0302652
0.0304376
0.0303134
0.0303567
0.0303492
0.0300154
0.0303013
0.030322
0.0301074
0.0300087
0.0300221
0.030031
0.0301182
0.030202
0.0302308
0.0300493
0.0300594
0.0301054
0.030077
0.0301878
0.0302075
0.0302143
0.0301378
0.0175699
0.0334519
0.0290596
0.0304507
0.0297093
0.0297696
0.0296713
0.0303393
0.0299168
0.0299001
0.0299315
0.0299608
0.0300746
0.0306404
0.0294182
0.0298627
0.0307472
0.0301866
0.0297779
0.0298248
0.0303105
0.0303247
0.0299701
0.0304289
0.0299456
0.030315
0.029949
0.0302391
0.0301165
0.0303554
0.0300872
0.0300001
0.0301776
0.0302545
0.0300085
0.0300143
0.0302943
0.0301328
0.0302774
0.0302755
0.0300443
0.0302152
0.0302504
0.0301014
0.0302076
0.0301045
0.0300749
0.0300889
0.0301118
0.0301783
0.0301391
0.0301824
0.03009
0.030094
0.0301583
0.0301053
0.0301875
0.0310831
0.0300566
0.0299856
0.0302924
0.029946
0.030296
0.0300027
0.0299493
0.0302772
0.0301629
0.030151
0.0300453
0.0300538
0.0301363
0.0300974
0.024607
0.0313706
0.0310893
0.0301098
0.0303551
0.030297
0.0302704
0.0301936
0.0302306
0.0299337
0.0301605
0.0302561
0.0300203
0.0193595
0.0276603
0.0286156
0.0309615
0.0304624
0.0301819
0.0302124
0.0302917
0.0300625
0.0302468
0.0302501
0.03018
0.0301845
0.0314189
0.0297189
0.0302745
0.031091
0.0300214
0.0303348
0.0300695
0.0301906
0.0301392
0.0299636
0.0298894
0.0304456
0.0300459
0.030352
0.030142
0.0301474
0.0302386
0.0303569
0.0299923
0.0302739
0.0303288
0.0302184
0.0300504
0.030258
0.0301949
0.0300743
0.0300873
0.0301814
0.0300868
0.0301117
0.0301051
0.0302249
0.0302761
0.0300842
0.0302144
0.0300605
0.030258
0.0301787
0.0301998
0.0301005
0.0300985
0.0301142
0.0302355
0.0301869
0.0302154
0.0310174
0.0296798
0.0296716
0.0301691
0.0301874
0.0301416
0.0300677
0.0300866
0.0301115
0.0301302
0.0301916
0.0301178
0.0301333
0.0301288
0.0208901
0.0271785
0.0302735
0.029887
0.0294494
0.0299438
0.0293331
0.0305814
0.0295049
0.0296663
0.0304901
0.0301196
0.0297382
0.0304164
0.0302108
0.0196189
0.0316477
0.0293452
0.0304296
0.0303612
0.0299665
0.0298268
0.030192
0.0300589
0.0299685
0.029997
0.0300193
0.0300268
0.0300127
0.0302021
0.0297907
0.0314203
0.029403
0.0302811
0.030079
0.0301491
0.0297211
0.0302623
0.0301157
0.0299979
0.0303612
0.030168
0.0299261
0.0301207
0.0299713
0.0300757
0.0302242
0.030244
0.0302736
0.0300209
0.0302445
0.0300434
0.0301039
0.0300582
0.0301196
0.0302422
0.0300693
0.0289532
0.0314953
0.0300258
0.0300755
0.0302465
0.0302263
0.0302497
0.0302427
0.030156
0.0302238
0.0301151
0.0301937
0.0301749
0.0161494
0.0302902
0.0309108
0.0293877
0.0301812
0.0301962
0.0300645
0.0299583
0.030258
0.0300247
0.0300894
0.0301419
0.0301275
0.0341848
0.0328069
0.0293024
0.0295189
0.0302707
0.0300933
0.0307897
0.0301577
0.030646
0.0301197
0.0301522
0.0300968
0.02989
0.0304633
0.0302393
0.0300741
0.03012
0.030357
0.0303883
0.0299839
0.0300348
0.0300546
0.0303201
0.0301624
0.0301895
0.0300773
0.0301751
0.0303317
0.0301614
0.0303064
0.0303101
0.0300572
0.0302481
0.0302873
0.0300725
0.0302905
0.0300383
0.0301555
0.0302459
0.0300782
0.0302475
0.0302764
0.0302743
0.0300517
0.0302669
0.0300582
0.0300979
0.0302042
0.0300833
0.0302311
0.0300788
0.0301824
0.0300757
0.0302458
0.0301978
0.0301834
0.0302407
0.0301515
0.0306963
0.0307476
0.0288604
0.0299171
0.0301806
0.0302967
0.0298954
0.030359
0.0302061
0.029965
0.0303442
0.0302157
0.0300841
0.0301688
0.0300893
0.0302737
0.0300879
0.0300303
0.0300471
0.0302347
0.0302612
0.0302466
0.0302082
0.0301572
0.0301862
0.0301067
0.0301236
0.0301061
0.0311846
0.0312106
0.0299902
0.0299951
0.0303643
0.0296645
0.0303051
0.0304116
0.0298134
0.0298681
0.0303396
0.0300171
0.0300425
0.0299903
0.0301638
0.0300802
0.0303135
0.0302885
0.0303114
0.0300175
0.0301776
0.0300107
0.0301399
0.0302819
0.0300307
0.0301036
0.0300443
0.0302226
0.0301604
