0.0210516
0.020355
0.0195121
0.0202554
0.0208847
0.019306
0.0198308
0.0203655
0.0197415
0.0202396
0.0194372
0.0201672
0.0197729
0.0195071
0.0199989
0.0195517
0.019785
0.0195721
0.020085
0.0196181
0.019605
0.019622
0.0196
0.0200129
0.0196714
0.0197878
0.0199299
0.01965
0.0196643
0.0197621
0.0199003
0.0197892
0.0196784
0.0199376
0.0197616
0.0197384
0.0198434
0.0198625
0.0199413
0.0199115
0.0197781
0.0198769
0.0199363
0.0199349
0.0197247
0.0182198
0.0190709
0.0190124
0.019943
0.0196007
0.0199332
0.0195844
0.0199052
0.0197034
0.0197291
0.0198373
0.0198405
0.0197696
0.0198277
0.0198443
0.0198154
0.0198157
0.0198043
0.0198069
0.0198362
0.0198103
0.0198301
0.0198117
0.0198211
0.0198289
0.0198314
0.0198223
0.0198233
0.0198223
0.0198143
0.0198162
0.0198253
0.0198171
0.0198262
0.0198171
0.0198331
0.0198304
0.0198165
0.0198268
0.0198268
0.0198275
0.0198276
0.0198175
0.0211645
0.0188309
0.0206597
0.0202095
0.0196731
0.0195566
0.0196963
0.0199984
0.0199605
0.0197983
0.0197402
0.0198707
0.0198351
0.0198334
0.01986
0.0198188
0.0198506
0.0198483
0.0198497
0.0198495
0.0198115
0.0198282
0.0198459
0.0198125
0.0198408
0.0198098
0.0198453
0.0198165
0.019813
0.0198426
0.0198116
0.0198192
0.0198278
0.0198357
0.0198272
0.0198388
0.0198151
0.0198286
0.0198142
0.0198164
0.0198275
0.0198291
0.0198357
0.0198239
0.0211631
0.01883
0.0206569
0.0202038
0.0196736
0.0193576
0.0198423
0.0198908
0.0198602
0.0199302
0.0198515
0.0198234
0.0199654
0.0196975
0.0197645
0.0198108
0.0197416
0.0197683
0.0197407
0.019741
0.0199146
0.0197996
0.0197562
0.0198529
0.0197688
0.0198883
0.0197577
0.0198456
0.0198652
0.019766
0.0198772
0.0198391
0.019808
0.019784
0.0198116
0.0197767
0.0198612
0.019808
0.0198648
0.0198558
0.0198126
0.0198074
0.019786
0.0198267
0.0214291
0.0206828
0.0180257
0.019984
0.0202496
0.019339
0.0193877
0.0198404
0.0197625
0.0196254
0.0199462
0.0196949
0.0197922
0.0197879
0.019643
0.0196646
0.0199549
0.0197801
0.0196673
0.0198712
0.0198114
0.0197165
0.0199224
0.0197079
0.0197095
0.0197101
0.0197211
0.0197264
0.0197343
0.0197391
0.0183537
0.0205009
0.0215377
0.0191625
0.0200399
0.0190336
0.019671
0.0193297
0.0196455
0.0198234
0.0202048
0.0196539
0.0197766
0.0196448
0.0195874
0.0199674
0.0196903
0.019784
0.019651
0.0197864
0.0196884
0.0196139
0.0196104
0.0196295
0.0196397
0.0197684
0.0197527
0.019965
0.0199884
0.0196645
0.0199508
0.0197131
0.019802
0.019694
0.0199091
0.0197824
0.0199251
0.0197179
0.0198893
0.0199351
0.0197422
0.0199284
0.0197874
0.0199196
0.0197253
0.0206206
0.0174631
0.0186747
0.0197098
0.0196371
0.0199261
0.0197505
0.0198098
0.0198468
0.0198669
0.0198408
0.0198156
0.0198112
0.0197945
0.0197959
0.01982
0.0198042
0.0198152
0.0198099
0.0198303
0.0198038
0.0198078
0.019807
0.01981
0.0198353
0.0198245
0.0198382
0.0198148
0.0183477
0.0183818
0.0184981
0.0208064
0.0200712
0.0200712
0.0203584
0.0196241
0.0199901
0.0194227
0.0199857
0.0201071
0.0201741
0.0201689
0.0201598
0.0201471
0.019741
0.0196387
0.0195698
0.0200026
0.0197534
0.0195984
0.0199125
0.0196148
0.0196306
0.0196172
0.0196372
0.0197262
0.0196877
0.0196792
0.0199989
0.0196583
0.0199713
0.0197224
0.0198627
0.0196856
0.0199269
0.0198635
0.0199281
0.0198009
0.019846
0.0198125
0.0197309
0.0197162
0.0229043
0.0206856
0.0188066
0.0193362
0.0191304
0.0190975
0.0191866
0.0200462
0.0194975
0.0192576
0.0196505
0.0200079
0.0198628
0.0194632
0.019561
0.0204674
0.0202846
0.0200642
0.0198497
0.0192828
0.0196588
0.0196679
0.0198023
0.0197515
0.01981
0.0198003
0.0197871
0.0197878
0.0198409
0.0197989
0.0198457
0.0198525
0.0198005
0.0198375
0.0198022
0.0198358
0.0198039
0.0198264
0.0198286
0.019839
0.0211783
0.0182197
0.0194397
0.0199285
0.0205535
0.0194203
0.0197952
0.0194964
0.0198949
0.0196664
0.0200001
0.0194719
0.0200642
0.0199641
0.0195865
0.019734
0.0200067
0.0195853
0.0201011
0.0200743
0.0200808
0.0195907
0.0200171
0.0200466
0.0196575
0.0198937
0.0198525
0.0200113
0.0196425
0.0196461
0.0197621
0.0198486
0.0197408
0.0199479
0.0199273
0.019904
0.019954
0.0196914
0.0197942
0.0197808
0.019942
0.0197119
0.0199289
0.0201492
0.0207979
0.0191507
0.0201551
0.0192766
0.0199904
0.0197864
0.0199444
0.0196622
0.0196816
0.0197557
0.0198261
0.0196494
0.0197827
0.0198345
0.0197223
0.0199408
0.0199608
0.01985
0.0197034
0.0196992
0.0197068
0.0197096
0.0197192
0.0199147
0.0199133
0.0197592
0.0197764
0.0197769
0.0197947
0.0211739
0.0211332
0.0208119
0.0195355
0.0195683
0.0197017
0.0198268
0.0199297
0.0197142
0.0197312
0.0198637
0.0198576
0.0197411
0.0198064
0.0181666
0.020521
0.0207508
0.0192884
0.0201491
0.0191838
0.01947
0.0199018
0.0198311
0.0200087
0.0199889
0.019662
0.0196556
0.0196144
0.0196693
0.0196904
0.0199919
0.019923
0.0197144
0.0198769
0.0196823
0.0197137
0.0199103
0.0197573
0.0199226
0.0198769
0.0199036
0.0199119
0.0193043
0.0179616
0.0205032
0.0199298
0.0200255
0.0194875
0.0198926
0.0198199
0.0198875
0.0198851
0.0198315
0.0197823
0.019863
0.0198632
0.0198612
0.0198611
0.0198032
0.0198054
0.0198247
0.0198114
0.0198384
0.0198407
0.0198079
0.0198163
0.0198447
0.0198439
0.0198113
0.0198329
0.0177376
0.01818
0.0187372
0.019027
0.0193011
0.0198713
0.0200828
0.019992
0.0198047
0.0198123
0.0200219
0.01986
0.0196439
0.019667
0.01997
0.0199533
0.0196784
0.0197058
0.0199405
0.0198293
0.0197109
0.0199136
0.0197322
0.0197285
0.0197391
0.0197886
0.019832
0.0161284
0.0180628
0.0183909
0.0193228
0.019348
0.019407
0.0194779
0.0194383
0.0195255
0.0194996
0.0195576
0.019654
0.0195954
0.0196643
0.0191662
0.0188347
0.020666
0.0196463
0.019294
0.0195789
0.0195954
0.0196999
0.0198124
0.0199308
0.0201415
0.0196184
0.0197688
0.0198135
0.0195953
0.0200544
0.0199595
0.0198589
0.0200259
0.0199605
0.0196663
0.0196955
0.019988
0.0196777
0.0199284
0.0199791
0.019768
0.0199575
0.0197588
0.0197498
0.0198491
0.0199433
0.019898
0.0199193
0.0197463
0.0197375
0.0197366
0.0199179
0.0197615
0.0198991
0.0197818
0.0198525
0.0198085
0.0198684
0.0216835
0.0179786
0.0202548
0.0196525
0.0197104
0.0196836
0.0199074
0.0196553
0.0196572
0.0196834
0.0197434
0.0197047
0.0197202
0.0198996
0.019744
0.0211435
0.0208885
0.020649
0.0194069
0.0192736
0.0197393
0.0198809
0.02004
0.0195874
0.0196276
0.0199131
0.0198973
0.0196402
0.0197868
0.0150182
0.0163987
0.0188372
0.0206173
0.0196255
0.0201306
0.0198053
0.0197392
0.0198233
0.0198599
0.0199434
0.0199157
0.0198934
0.0198114
0.020564
0.0196487
0.0210679
0.0201755
0.0205679
0.0206295
0.0194243
0.0201243
0.0198191
0.0196836
0.0200397
0.0196197
0.0198025
0.0196386
0.0196518
0.0199554
0.0199833
0.0196539
0.0196462
0.0197698
0.0199569
0.0196492
0.0197652
0.0197599
0.0199678
0.019704
0.0197205
0.01995
0.0198466
0.0199425
0.0198169
0.0197587
0.0199125
0.0197948
0.0197594
0.0198652
0.019736
0.0198332
0.0199172
0.0197502
0.0198677
0.0197415
0.0198086
0.015572
0.0186198
0.0194409
0.0195004
0.0197045
0.0197358
0.0198126
0.0197675
0.0197801
0.0198559
0.0197776
0.0197834
0.0198611
0.0197889
0.0198399
0.0229531
0.0208708
0.01936
0.018517
0.0185338
0.0187998
0.018899
0.0189796
0.0201599
0.0193948
0.0198969
0.0200358
0.0200915
0.0194416
0.0170856
0.0198208
0.018904
0.0192804
0.0196603
0.0194656
0.0196566
0.0198152
0.0195543
0.0198068
0.0197073
0.0196405
0.0196675
0.019792
0.0204547
0.0212299
0.0187608
0.0189042
0.019137
0.0200389
0.0197087
0.0197216
0.0196519
0.019561
0.0200331
0.0195886
0.0199916
0.0200024
0.0198356
0.0196902
0.0198484
0.0198873
0.0197366
0.0196647
0.0197378
0.0196772
0.0197413
0.0196946
0.0198146
0.0197648
0.0199181
0.0198564
0.0198171
0.0140229
0.0207925
0.0188609
0.0196029
0.0197325
0.0199268
0.0199387
0.0197641
0.019811
0.0199234
0.0198963
0.0198729
0.0198915
0.0198871
0.0211633
0.0199891
0.0179316
0.019152
0.01959
0.0197215
0.0196892
0.0196646
0.0197795
0.0198907
0.0198195
0.0197194
0.0197253
0.0205509
0.0206825
0.020133
0.0203654
0.0205067
0.0201591
0.0197685
0.0196961
0.0198443
0.0198013
0.0202649
0.0195026
0.0202087
0.0201659
0.0198684
0.0195717
0.019818
0.0200113
0.0195998
0.0196242
0.0200731
0.0196965
0.0196228
0.0196116
0.0198528
0.0198152
0.0200197
0.0196763
0.0199527
0.019646
0.0198638
0.0197915
0.0199245
0.0198423
0.019982
0.0198076
0.0199665
0.0197039
0.0198855
0.0197369
0.0197044
0.0199603
0.0199612
0.0199445
0.0197067
0.019941
0.0198997
0.0199281
0.0197227
0.0197664
0.0199228
0.0197677
0.0199157
0.0199183
0.0198805
0.0199086
0.0197427
0.0198515
0.0199053
0.0210835
0.01759
0.020586
0.0188732
0.019416
0.019509
0.0197574
0.0197673
0.0195426
0.0195365
0.01971
0.01991
0.0196169
0.0200027
0.0197797
0.0196747
0.0196569
0.0199402
0.0199064
0.0199323
0.0198648
0.019737
0.0197569
0.0198936
0.0197249
0.0197209
0.0198149
0.0197288
0.0198503
0.0197393
0.0187061
0.0185049
0.0207569
0.0193701
0.0196024
0.0197709
0.019403
0.0194515
0.0201096
0.0199632
0.01955
0.0197365
0.0197654
0.0200413
0.019603
0.0200199
0.0199449
0.0200039
0.0199203
0.0198397
0.0196702
0.0197207
0.0198602
0.0196828
0.0196986
0.019866
0.0199341
0.0197314
