0.0279642
0.028413
0.0283674
0.0280006
0.0284769
0.0283039
0.0280844
0.028257
0.0281915
0.0281816
0.0281985
0.028182
0.0281554
0.0282489
0.0282398
0.028241
0.028236
0.0282009
0.0281533
0.0281534
0.0281877
0.0282178
0.0281909
0.0281852
0.0281421
0.0281807
0.0282168
0.0281575
0.0281576
0.0281461
0.0282081
0.0282057
0.028197
0.0281534
0.0282018
0.028166
0.02818
0.0281463
0.0281969
0.0281975
0.0281675
0.0281839
0.0281727
0.0281744
0.0294499
0.0282433
0.0284154
0.0280897
0.0281718
0.0282387
0.0281481
0.0281475
0.0281826
0.0281544
0.0281694
0.0281609
0.0281748
0.0281669
0.0281731
0.0281648
0.0281658
0.0281661
0.0281721
0.0281686
0.0281717
0.0281715
0.0281717
0.0281717
0.0281713
0.0281679
0.0281695
0.0281709
0.0281714
0.0281691
0.0281686
0.0281669
0.028167
0.0281671
0.0281672
0.0281708
0.0281707
0.0281674
0.0281687
0.0281698
0.0281676
0.0281677
0.0281694
0.0280271
0.0282629
0.0279859
0.0282544
0.028092
0.0281643
0.0281585
0.0281631
0.0281799
0.0281746
0.0281685
0.0281629
0.0281718
0.0281737
0.028167
0.0281732
0.0281658
0.0281647
0.0281719
0.0281722
0.028172
0.0281717
0.0281658
0.0281721
0.0281693
0.0281668
0.0281707
0.0281702
0.0281684
0.0281702
0.0281699
0.0281707
0.0281716
0.0281715
0.0281705
0.0281709
0.0281686
0.028168
0.02817
0.0281702
0.0280271
0.0282324
0.0279965
0.02823
0.0280541
0.0281923
0.0281619
0.0281337
0.028157
0.0281722
0.0281441
0.0281823
0.0281499
0.0281695
0.0281743
0.0281556
0.0281796
0.0281839
0.0281537
0.0281576
0.0281543
0.0281615
0.0281807
0.0281565
0.0281711
0.0281781
0.0281645
0.0281668
0.028173
0.0281664
0.0281677
0.0281641
0.02816
0.0281608
0.0281647
0.0281629
0.0281719
0.028174
0.0281667
0.0281657
0.0195841
0.0284473
0.028682
0.0283181
0.0278318
0.028219
0.0280339
0.0281603
0.0281711
0.0281747
0.0281798
0.0280986
0.02812
0.0281857
0.028121
0.0281334
0.0281217
0.0281244
0.0281219
0.028134
0.0281405
0.0281443
0.028176
0.0281452
0.028158
0.0281384
0.028156
0.0281422
0.0282514
0.0281888
0.0280603
0.0282435
0.0282757
0.0281395
0.028185
0.0282359
0.028174
0.0281729
0.0281199
0.02809
0.028192
0.0281761
0.0281897
0.0281684
0.0281558
0.0282091
0.0281399
0.0281946
0.0281265
0.0281287
0.0281416
0.0281312
0.0281469
0.0282024
0.0281391
0.0281369
0.0281407
0.0281376
0.0281977
0.0281733
0.0281528
0.0281434
0.0281807
0.0281514
0.0281649
0.0281834
0.0281673
0.0281825
0.0281475
0.0281873
0.0281609
0.0281631
0.0281515
0.0284653
0.028498
0.0282439
0.0282995
0.0280676
0.028138
0.02819
0.0281834
0.0281758
0.0281772
0.0281673
0.028169
0.0281685
0.0281696
0.0281683
0.0281602
0.0281636
0.0281621
0.0281732
0.0281735
0.028164
0.028164
0.0281668
0.0281692
0.0281649
0.0281663
0.0281674
0.02817
0.0281717
0.0281687
0.027957
0.0289556
0.0280264
0.028222
0.0280505
0.0283221
0.0283446
0.0282899
0.0281787
0.0282029
0.0282483
0.0282704
0.0281929
0.0281588
0.0281892
0.0281956
0.0282395
0.0282144
0.0281474
0.0281501
0.0281297
0.0282109
0.0281988
0.0281502
0.028217
0.0281308
0.0281901
0.0281445
0.0281369
0.0281977
0.0281805
0.0281697
0.0281928
0.0281989
0.0281623
0.0282
0.0281956
0.0281795
0.0281542
0.0281595
0.0281625
0.028183
0.0281605
0.0281506
0.0252062
0.0233657
0.0278167
0.0276581
0.0275901
0.0278613
0.0282407
0.0278384
0.0280778
0.0280891
0.0281015
0.0279555
0.0280877
0.0280908
0.0260768
0.0287933
0.0277193
0.0277793
0.0280233
0.0282516
0.0281123
0.0281477
0.0281439
0.0281449
0.0281662
0.0281635
0.0281513
0.0281682
0.0281696
0.0281728
0.0281585
0.0281603
0.0281625
0.0281616
0.0281611
0.0281718
0.0281697
0.0281643
0.0281639
0.0281705
0.0279725
0.0279492
0.0281584
0.0282967
0.0281753
0.0281745
0.028279
0.0281765
0.0281646
0.0282043
0.0282559
0.0281068
0.0282221
0.028141
0.0282289
0.0281125
0.0281125
0.0281594
0.0282212
0.0281218
0.0281703
0.0281722
0.0281283
0.0281886
0.0281305
0.0281311
0.0282074
0.0281733
0.0281957
0.0282002
0.0282003
0.0281995
0.0281503
0.0281434
0.0281444
0.0281651
0.0281941
0.0281884
0.0281857
0.0281895
0.0281677
0.0281809
0.0287319
0.0272389
0.0275469
0.0281896
0.0283116
0.0281032
0.0281514
0.0281594
0.0281332
0.0281756
0.0281017
0.0281096
0.0281215
0.0281284
0.0281484
0.0281264
0.0281948
0.0281339
0.0281685
0.0281401
0.0281789
0.02814
0.0281432
0.0281767
0.0281719
0.0281515
0.0281696
0.0281776
0.0281714
0.0281522
0.031882
0.0245533
0.0281262
0.0279675
0.0280376
0.0280163
0.0281027
0.0280928
0.028156
0.0281447
0.0281723
0.0281186
0.0281407
0.0284529
0.0284854
0.0281783
0.0282503
0.0280199
0.0280706
0.0281354
0.0282255
0.0282137
0.0282152
0.0281214
0.0281902
0.0281507
0.0281698
0.0281532
0.0281213
0.0281318
0.028128
0.0281947
0.0281963
0.0281384
0.0281377
0.0281526
0.0281682
0.0281432
0.0281503
0.0281574
0.0281739
0.0281843
0.0281656
0.02895
0.0270334
0.0284366
0.0277991
0.0279943
0.028073
0.028112
0.0281542
0.0282014
0.0281611
0.0281638
0.0281697
0.0281715
0.0281773
0.0281772
0.0281669
0.0281735
0.0281759
0.0281744
0.0281743
0.0281744
0.0281746
0.0281736
0.0281738
0.0281728
0.0281739
0.0281734
0.0281736
0.0281688
0.028173
0.0285283
0.0274847
0.0283472
0.0282944
0.0280959
0.0282331
0.0281668
0.0281007
0.0281977
0.0281121
0.0281579
0.0281625
0.0281806
0.0281327
0.0281325
0.0281847
0.0281908
0.0281409
0.0281455
0.0281441
0.0281433
0.0281602
0.0281489
0.0281574
0.0281521
0.0281493
0.0281805
0.0281545
0.0281539
0.0321572
0.0262642
0.0277001
0.0280243
0.0279979
0.0280688
0.0279005
0.0279395
0.028043
0.0280634
0.0280501
0.0281764
0.0280229
0.0283409
0.0288165
0.0281468
0.0281877
0.0280882
0.0282783
0.0283304
0.0282001
0.0282274
0.0281875
0.0281684
0.0282037
0.0281938
0.0281342
0.0281334
0.028183
0.0282178
0.0282188
0.0282048
0.0282144
0.0282083
0.0282038
0.0281679
0.028204
0.028178
0.028197
0.0281942
0.0281985
0.0281889
0.0281942
0.0281954
0.0281545
0.0281957
0.0281942
0.0281527
0.0281528
0.0281525
0.0281616
0.0281884
0.0281645
0.0281566
0.0281593
0.0281778
0.0261179
0.0275347
0.0277022
0.0278747
0.0280251
0.0279916
0.0281579
0.0280935
0.0281189
0.0281265
0.0281541
0.0281352
0.0281113
0.0281218
0.0318998
0.0242051
0.0279524
0.0278943
0.027887
0.0279135
0.0280013
0.0280225
0.0281332
0.0281072
0.0281745
0.0280566
0.028109
0.028503
0.0259083
0.0275516
0.0282354
0.0284072
0.0281391
0.0282846
0.0281992
0.0282564
0.0282126
0.0282434
0.0282246
0.028218
0.0281994
0.0282101
0.0283892
0.0279459
0.0288587
0.0280017
0.0281027
0.0280907
0.0281467
0.0282202
0.0281913
0.0282764
0.0282569
0.0281834
0.0281901
0.028168
0.0281755
0.0281368
0.0282219
0.0281774
0.0282158
0.0281533
0.0281632
0.028181
0.0281408
0.0282067
0.0281607
0.0281508
0.0281509
0.0281907
0.0282018
0.0281972
0.0281997
0.0281802
0.0281967
0.0281486
0.0281512
0.0281718
0.0281935
0.028158
0.0281515
0.0281612
0.0281869
0.028153
0.028188
0.0281862
0.0281851
0.0259243
0.0283872
0.0277271
0.02794
0.0281762
0.0281434
0.0281612
0.0281335
0.0281356
0.0281412
0.0281466
0.0281715
0.0281577
0.0281582
0.0309982
0.0243655
0.0278728
0.0275074
0.0276447
0.0278037
0.0280475
0.0278092
0.0279073
0.027923
0.0280325
0.0280859
0.0203309
0.0301565
0.0269363
0.0282562
0.027832
0.0278482
0.0280679
0.0280063
0.0280264
0.0280356
0.0280572
0.0280779
0.028136
0.0280778
0.0280854
0.0103903
0.0272913
0.0282556
0.0275405
0.0281722
0.0278517
0.0281999
0.0280379
0.0281315
0.0280769
0.0281219
0.0280976
0.0281319
0.0281293
0.0281906
0.028154
0.0281251
0.0281104
0.0281215
0.0281211
0.0281546
0.0281191
0.028124
0.0281449
0.028168
0.0281303
0.0281604
0.0281348
0.0281501
0.0281472
0.0254385
0.0249788
0.027811
0.0283567
0.028298
0.0281895
0.0282103
0.0282172
0.0282144
0.0282068
0.0281877
0.0282065
0.0281988
0.0281984
0.0259537
0.0247671
0.0284001
0.0283216
0.0280233
0.028096
0.0281266
0.0280316
0.0280552
0.0280571
0.0280705
0.0280948
0.0281172
0.0281135
0.0281516
0.0291752
0.0279034
0.02894
0.0280752
0.0282986
0.0281624
0.0280896
0.0280737
0.0282889
0.0282727
0.0282116
0.0282555
0.0282775
0.028186
0.0281269
0.0282178
0.0281894
0.0282312
0.0282183
0.0281692
0.0281684
0.0282296
0.02822
0.0281846
0.0282156
0.0282144
0.0282117
0.0281706
0.0282119
0.0281543
0.0282131
0.0281616
0.0282111
0.0282097
0.0281763
0.0281933
0.028195
0.0281998
0.0281768
0.0281966
0.0281816
0.0281673
0.0281548
0.0281941
0.0281966
0.0281608
0.0281915
0.0281545
0.0281648
0.028159
0.0281823
0.0281931
0.0281887
0.0281921
0.028181
0.0281902
0.0281651
0.0281891
0.0281886
0.0294257
0.0269536
0.0285692
0.0277502
0.0280178
0.0280038
0.0282054
0.0281595
0.0280482
0.0281386
0.0280763
0.0281358
0.0281593
0.028189
0.0281913
0.0281472
0.0281693
0.0281669
0.0281278
0.0281739
0.0281267
0.0281483
0.028139
0.0281521
0.0281837
0.0281724
0.0281417
0.0281429
0.0281437
0.0284525
0.026611
0.0278763
0.0278851
0.0282085
0.0282292
0.0281368
0.0281481
0.0281543
0.0281341
0.0281824
0.0280833
0.028104
0.0281011
0.0281068
0.0281139
0.0281263
0.0281603
0.0281208
0.028127
0.028125
0.0281279
0.0281643
0.0281588
0.0281715
0.0281403
0.0281783
0.0281431
0.0281852
0.0281473
