0.0181743
0.0172137
0.0201059
0.0200166
0.020109
0.0200993
0.0200827
0.020101
0.0200981
0.0218954
0.0224282
0.0208803
0.0213734
0.0199184
0.01989
0.0202995
0.0198797
0.0196686
0.0208021
0.0198845
0.020067
0.0196848
0.019991
0.0204899
0.020513
0.0204837
0.0200892
0.0200024
0.0197563
0.0199415
0.0204165
0.0202546
0.0203215
0.0199946
0.0203158
0.0200837
0.0202317
0.0199427
0.020344
0.020329
0.0199504
0.020316
0.0200428
0.0203121
0.0201046
0.0202935
0.0199082
0.0202382
0.0202888
0.0202818
0.0201034
0.020246
0.0201705
0.0199988
0.0202362
0.0201891
0.0202396
0.0201764
0.0202493
0.020159
0.0199552
0.0202287
0.0202395
0.0202343
0.0199706
0.0200047
0.020126
0.0200559
0.020015
0.0201517
0.0201689
0.0199776
0.0227549
0.0212418
0.0211089
0.0210233
0.0195154
0.0202675
0.0200227
0.0199882
0.0203091
0.0203287
0.0201528
0.0201118
0.020176
0.0200368
0.0201168
0.0200384
0.0200932
0.0200496
0.0201311
0.0201202
0.0201115
0.0200758
0.0200852
0.0200779
0.0200793
0.0200783
0.0201056
0.0200785
0.0201114
0.0200793
0.0200794
0.0200795
0.0200933
0.020104
0.0200864
0.0200864
0.0201075
0.0200903
0.020103
0.0200868
0.0200821
0.0201003
0.0200895
0.020097
0.0201015
0.0200976
0.0200831
0.0200984
0.0200909
0.0200871
0.0200913
0.0200941
0.020092
0.0201001
0.020096
0.0192907
0.019418
0.0196853
0.0207802
0.0199986
0.0204923
0.0198497
0.0202008
0.0199496
0.0200744
0.0201182
0.0200539
0.0201108
0.02003
0.0200628
0.0201021
0.0201148
0.020087
0.0200783
0.0200729
0.0201188
0.0200739
0.0201093
0.0201133
0.0200823
0.0200831
0.0200799
0.0200938
0.0201009
0.0200996
0.0200825
0.0200775
0.0200787
0.0200782
0.0200934
0.0201035
0.0200976
0.0200793
0.0201019
0.0200994
0.0200962
0.020081
0.0200824
0.0200912
0.0200857
0.0201053
0.020086
0.0200872
0.0200986
0.0201043
0.0201016
0.0192923
0.0195622
0.0198758
0.0209984
0.0197953
0.020381
0.0200055
0.0201805
0.0200279
0.020072
0.0199653
0.0200636
0.0200784
0.0201047
0.0201827
0.0202403
0.020057
0.0202151
0.0200923
0.0201795
0.020024
0.0201707
0.0200423
0.0200319
0.0201041
0.0201181
0.0201365
0.0200798
0.0200599
0.0200644
0.0201302
0.0201641
0.0201552
0.0201587
0.0200888
0.0200559
0.0200746
0.020151
0.020061
0.0200695
0.0200807
0.0201429
0.0201367
0.0201004
0.0201232
0.0200522
0.0201222
0.0201172
0.0200744
0.0200556
0.0200642
0.0166712
0.0199982
0.020215
0.0204357
0.019944
0.0198116
0.0201905
0.0200629
0.0200571
0.0198023
0.0199622
0.0203169
0.0203214
0.0203415
0.0198912
0.0201388
0.020307
0.0199506
0.0201969
0.0201797
0.0199192
0.0200588
0.0199292
0.0199739
0.0199698
0.0199528
0.0199653
0.0200193
0.0200636
0.0202002
0.0201395
0.0202104
0.0201664
0.0200693
0.0201739
0.0200596
0.0201844
0.0200929
0.0200325
0.0190884
0.0181579
0.0217146
0.0208688
0.0205595
0.0197995
0.020962
0.0201051
0.0195305
0.0197405
0.0197054
0.0197031
0.0199496
0.0199154
0.0203269
0.0203259
0.020436
0.0197889
0.0200978
0.0203273
0.0202955
0.0199626
0.0201001
0.020147
0.0202781
0.0200669
0.019865
0.0201204
0.0201107
0.0202969
0.0199017
0.0201007
0.0202745
0.0199288
0.0202694
0.0201989
0.0202367
0.0201141
0.0202427
0.0201462
0.0202249
0.020093
0.0200993
0.0200992
0.0201825
0.0199805
0.0200984
0.0202034
0.0199874
0.0202006
0.0200361
0.0201939
0.0221432
0.0203305
0.0200965
0.0194538
0.0196058
0.0199543
0.0201769
0.0196306
0.0201841
0.0200909
0.0201251
0.020196
0.0201054
0.0200365
0.0200828
0.0200796
0.0200858
0.0201039
0.0200668
0.0200859
0.0200529
0.0201409
0.0200704
0.0200664
0.0200673
0.0200796
0.0201178
0.0200681
0.0201129
0.0200666
0.020118
0.0200777
0.0200998
0.0201062
0.0200922
0.020116
0.0200925
0.0200935
0.0200728
0.0200805
0.0200768
0.020108
0.0201072
0.0200991
0.0200845
0.0201003
0.0201097
0.0186925
0.0191284
0.0207503
0.0208197
0.0197392
0.0208998
0.0202867
0.0194279
0.0195181
0.0207346
0.0196954
0.0201592
0.0203482
0.0203702
0.0204291
0.020487
0.0205217
0.0203904
0.0204821
0.0204023
0.0203102
0.0199244
0.0199925
0.0198443
0.019828
0.0198841
0.019848
0.020324
0.0202512
0.0203328
0.0200745
0.0202669
0.0200383
0.0198862
0.0202356
0.0200682
0.0203085
0.0200692
0.0198958
0.0201953
0.0199148
0.0199669
0.0202787
0.0200054
0.0202306
0.0202298
0.0202013
0.0202559
0.0202518
0.0201538
0.0199814
0.0202107
0.0202301
0.0201155
0.020163
0.0200896
0.0202246
0.0202006
0.0179829
0.0189958
0.0201668
0.0187574
0.0198617
0.0193253
0.0194507
0.0202032
0.0195028
0.0203638
0.0205492
0.0195381
0.0204983
0.0203696
0.0198182
0.0197526
0.0197651
0.0199846
0.0197816
0.0203548
0.0174299
0.0188613
0.0210206
0.0208372
0.0193896
0.0196598
0.020134
0.0202063
0.0200014
0.0200035
0.0200791
0.0200881
0.0201644
0.020161
0.0200749
0.020076
0.0200676
0.0201129
0.0201035
0.0200743
0.0200627
0.0201232
0.020114
0.020097
0.0200668
0.0200718
0.0200697
0.0201073
0.0200703
0.020093
0.0200796
0.0201052
0.0200827
0.0201029
0.0201008
0.0216688
0.0195625
0.0198261
0.0193996
0.0205063
0.0198044
0.0193571
0.0200007
0.020612
0.0203741
0.0196264
0.0201256
0.0201929
0.0201577
0.0202908
0.0205139
0.0204647
0.0198316
0.01976
0.0197762
0.01986
0.0197871
0.0197839
0.020355
0.0202249
0.0198106
0.0203995
0.0203855
0.0202217
0.0202014
0.0202973
0.0200968
0.0201272
0.0199593
0.0203047
0.0198877
0.0200604
0.0201509
0.0199341
0.019912
0.0202189
0.0199176
0.0202678
0.0200825
0.0199938
0.0201308
0.0199525
0.020003
0.0199439
0.0201703
0.0201528
0.0201951
0.019964
0.0200342
0.0201015
0.0200655
0.0200264
0.0189567
0.0192085
0.0199849
0.0197817
0.020375
0.0209139
0.0205713
0.0200182
0.0205094
0.020244
0.0200634
0.0201968
0.0200185
0.0202026
0.0199283
0.0199745
0.0202879
0.0199646
0.0198874
0.0201043
0.020105
0.0200432
0.020053
0.0199246
0.0199642
0.0199967
0.0199979
0.0201398
0.0201306
0.0202408
0.0199593
0.0199706
0.0199755
0.0201006
0.0202109
0.0201508
0.0200194
0.0199873
0.020198
0.0201342
0.0200347
0.0201749
0.0200211
0.0200821
0.0201237
0.0200484
0.0201109
0.0202504
0.0205773
0.020716
0.0193732
0.0201326
0.0197828
0.0199545
0.0199603
0.0200465
0.0200983
0.0199858
0.0199968
0.0200012
0.0200124
0.020028
0.0200477
0.0201521
0.0200468
0.0201021
0.0201278
0.0221222
0.0203187
0.0200871
0.0194669
0.0192134
0.0202894
0.0198485
0.0197734
0.0200142
0.0198429
0.0203803
0.0204414
0.0200095
0.0197932
0.0198901
0.0201
0.0200566
0.0202578
0.0198801
0.0200816
0.0198477
0.0203339
0.0199195
0.0199015
0.0199166
0.020004
0.0202518
0.0199227
0.0202238
0.0199195
0.020246
0.0199908
0.0201403
0.0201789
0.0200898
0.0202296
0.0200901
0.0200967
0.0199629
0.0200102
0.0199866
0.0201845
0.0201788
0.02013
0.0200361
0.0201375
0.0201908
0.0213257
0.0204279
0.0208832
0.0195151
0.0199757
0.0196776
0.0201608
0.0201033
0.0201399
0.0201296
0.0201326
0.0201364
0.0201428
0.0201352
0.0200697
0.020081
0.0200782
0.0200903
0.0200669
0.0201112
0.0201055
0.0200694
0.0200748
0.0200836
0.0200696
0.0200711
0.0201181
0.0200793
0.0200747
0.0201106
0.0201072
0.0200785
0.0201118
0.0200872
0.0200942
0.0200768
0.0201114
0.0200868
0.0200851
0.0200951
0.0193228
0.0208484
0.0204025
0.0198309
0.0193599
0.0203594
0.0205154
0.0199091
0.0197674
0.020404
0.0198232
0.0201923
0.0198577
0.0200978
0.0200044
0.0202525
0.0202124
0.0201349
0.0200345
0.020251
0.0201441
0.0199593
0.0201703
0.0202584
0.0202561
0.0201225
0.0199467
0.0201736
0.0202356
0.0200252
0.0201182
0.0201694
0.0202113
0.0201368
0.0201105
0.0201683
0.0201892
0.0200344
0.0201895
0.0200944
0.0200044
0.0200073
0.0201476
0.0200119
0.0200127
0.0238692
0.0209366
0.0178922
0.0196854
0.0203437
0.0196014
0.0198322
0.0197178
0.0198444
0.0199804
0.0202712
0.0198694
0.0202317
0.0201047
0.0199574
0.0200449
0.0189121
0.019311
0.0224958
0.0198144
0.0219978
0.0199955
0.0196293
0.0204288
0.0202618
0.0202214
0.0206946
0.0205911
0.0206204
0.0201149
0.0200323
0.0202214
0.0205078
0.0201126
0.0202552
0.020384
0.0199661
0.0200307
0.0202485
0.0199876
0.0199284
0.0201682
0.0198943
0.020307
0.019952
0.0202816
0.0199588
0.0199545
0.0202615
0.0201975
0.0199307
0.0202643
0.0199847
0.0200256
0.0202704
0.0200128
0.0199609
0.019954
0.0202553
0.0199646
0.0200575
0.0201643
0.0199647
0.0199909
0.0201898
0.0200386
0.0201482
0.0199866
0.020085
0.0201915
0.019999
0.0201743
0.0201956
0.0201084
0.0201783
0.0201896
0.0201815
0.0201886
0.0201636
0.0201279
0.0201092
0.0196314
0.0202094
0.0193485
0.0199967
0.0196801
0.0197422
0.0204202
0.0199846
0.0198923
0.0198867
0.0199394
0.0201909
0.0201157
0.0201156
0.0200712
0.0199628
0.0201391
0.0200115
0.0199945
0.020168
0.0201294
0.0226372
0.0212767
0.0189909
0.0203554
0.0203513
0.0198406
0.0201708
0.0196947
0.0197593
0.0199891
0.0201772
0.0198368
0.0198371
0.0198603
0.0199699
0.0198724
0.0198816
0.0199211
0.0199301
0.0201957
0.0200188
0.0229035
0.0184196
0.0201725
0.0199819
0.0197989
0.0202737
0.0199574
0.020049
0.0200011
0.0200052
0.0202294
0.020206
0.0200188
0.0201664
0.0201723
0.0200796
0.0201596
0.0192949
0.0240473
0.0197798
0.0192919
0.0217056
0.0193611
0.0196057
0.0208996
0.0208726
0.019587
0.02064
0.0206219
0.0201269
0.0205675
0.020541
0.0201318
0.0200713
0.0204555
0.02
0.0200757
0.0200546
0.0200397
0.0199997
0.0200448
0.0203381
0.0203002
0.0200021
0.0201936
0.0202587
0.020137
0.0201584
0.019938
0.0202831
0.0199651
0.0199717
0.0199394
0.0202663
0.0199414
0.0201775
0.0199408
0.0199822
0.0201497
0.0202528
0.0202497
0.0201268
0.0200466
0.020183
0.0199643
0.0199716
0.0202266
0.020225
0.0202241
0.0200163
0.0202205
0.0200596
0.0200029
0.0200006
0.0200199
0.0201962
0.0200326
0.0201938
0.0201877
0.020151
0.0201644
0.0201747
0.0201634
0.022111
0.0192131
0.0194694
0.0192305
0.0196871
0.0203665
0.0197359
0.0201856
0.0201492
0.0201806
0.0200538
0.0200496
0.0201727
0.0200448
0.0201083
0.0201658
0.0201219
0.0200709
0.0201365
0.0200771
0.020051
0.0200464
0.0201421
0.020067
0.0200683
0.0200561
0.0200908
0.0200756
0.0200799
0.0229102
0.0184032
0.0180868
0.0183923
0.0188088
0.0194032
0.0193711
0.019135
0.0207405
0.0194108
0.0200287
0.0194963
0.0199496
0.0204987
0.0202708
0.0201714
0.0197917
0.0195991
0.0198914
0.0200453
0.0204258
0.0198683
0.0139983
0.018036
0.0189824
0.0206886
0.0203777
0.0200644
0.0196024
0.0198508
0.0199291
0.0198662
0.0199725
0.0199601
0.0201623
0.0200979
0.0200055
0.0198948
0.0201739
0.0202107
0.019984
0.0199871
0.0212339
0.0208324
0.0193449
0.0203896
0.0198966
0.0201344
0.0200987
0.0205978
0.0199469
0.0199735
0.0196491
0.0201095
0.0198815
0.0198116
0.0198409
0.0198158
0.0201002
0.0198598
0.0200243
0.0203008
0.0199986
0.0202737
0.0201987
0.0200131
0.019914
0.0199235
0.019925
0.0202605
0.0199706
0.0199733
0.0199468
0.0200741
0.0200492
0.0200842
0.0202218
0.0201827
0.0200274
0.0200338
0.0201939
0.020118
0.0199853
0.020175
0.0222519
0.0184736
0.0185047
0.0192015
0.0204584
0.0199954
0.0201052
0.0199862
0.0201423
0.0202434
0.0201463
0.0199913
0.0201239
0.0201704
0.0200992
0.0201093
0.0200038
0.0201576
0.020182
0.0200632
0.0201527
0.0200234
0.0200509
0.0201695
0.0201065
0.020135
0.0200968
0.0230761
0.0209634
0.0202559
0.0198285
0.0201183
0.0203725
0.02007
0.019941
0.0201675
0.0199487
0.0200186
0.019979
0.0199934
0.0200008
0.020095
0.0221426
0.0240136
0.0195534
0.0203909
0.0193307
0.0205532
0.0197296
0.0200631
0.0200582
0.0202196
0.0204982
0.0201359
0.0197959
0.0200862
0.0203028
0.0200479
0.0198328
0.0201369
0.0204062
0.0198585
0.0201345
0.0198627
0.0198619
0.0198717
0.0203234
0.0203097
0.0199105
0.020312
0.0199779
0.0198977
0.0199736
0.0200262
0.0199686
0.0200625
0.02003
0.020249
0.0202843
0.0202774
0.0202453
0.0201432
0.0201661
0.019998
0.0202513
0.0199474
0.0199645
0.0201246
0.0202224
0.0201127
0.0199958
0.0199819
0.0201068
0.0202068
0.0200136
0.0202126
0.0200189
0.0201955
0.0201271
0.0200885
0.019995
0.0201995
0.0201666
0.020169
0.0200287
0.0200893
0.01774
0.018095
0.0192656
0.0196563
0.0204098
0.0195158
0.0196609
0.0201199
0.0201219
0.0201246
0.0200242
0.0201253
0.0210272
0.0213175
0.0204385
0.0190417
0.0192687
0.020429
0.0205085
0.0199697
0.0195859
0.0200914
0.0200908
0.020469
0.0199067
0.0203637
0.0200366
0.019854
0.020265
0.0202761
0.020137
0.0199005
0.0199984
0.0201152
0.0200401
0.0199308
0.0199457
0.0202031
0.0201965
0.0199616
0.0201785
0.019966
0.0202215
0.0201652
0.0199891
0.0200966
0.0201734
0.0201024
0.0200564
0.0201958
0.0200798
0.020155
0.020035
0.0175798
0.0188918
0.0197138
0.0199865
0.0201672
0.0202029
0.0207
0.0200108
0.020016
0.0206448
0.0200585
0.019986
0.0201214
0.0204584
0.0202518
0.02042
0.0199672
0.0204342
0.0197836
0.019778
0.0202069
0.0199947
0.01984
0.0200069
0.0201412
0.0200797
0.0203181
0.0203176
0.020288
0.0202947
0.0202777
0.0199281
0.0199345
0.0201877
0.0200235
0.0200492
0.0199773
0.0201923
0.0200391
0.020234
0.0199529
0.0199479
0.0199487
0.0200098
0.0199571
0.0200255
0.0200404
