0.0151717
0.00154737
0.0195625
0.0177631
0.0176627
0.0175485
0.0176493
0.0175294
0.0175419
0.0175668
0.0162312
0.0141133
0.0179838
0.0163262
0.015946
0.0166659
0.0148362
0.0169374
0.0175863
0.0173535
0.0174644
0.0155488
0.0174941
0.0172547
0.0193524
0.0178018
0.0172578
0.0160477
0.019218
0.0187667
0.0166114
0.0189658
0.0182102
0.0166655
0.0162792
0.0166523
0.0188735
0.0163182
0.0163813
0.0185909
0.0187529
0.0164631
0.0168766
0.0176613
0.0175036
0.0177353
0.0171084
0.0166811
0.0167016
0.0167069
0.0182592
0.0179187
0.0173013
0.0177634
0.0181876
0.0169338
0.0180018
0.0168692
0.0177144
0.0182224
0.0181662
0.0171795
0.0179649
0.0174575
0.0179137
0.0170692
0.0170698
0.0170419
0.0171789
0.0170906
0.0172004
0.0170644
0.0179196
0.0180386
0.0128729
0.0214029
0.0121048
0.0136157
0.0186435
0.0176791
0.0189141
0.0185278
0.0184739
0.0183137
0.0168443
0.0175005
0.0180527
0.0174228
0.0172165
0.0171673
0.0177812
0.0174364
0.0176671
0.0174402
0.0174252
0.0175196
0.0175355
0.0176591
0.0176299
0.0175327
0.017499
0.0174936
0.0176353
0.0174882
0.0175005
0.0175674
0.0175847
0.0176359
0.0175061
0.0175106
0.0175809
0.0175066
0.0176269
0.0175041
0.0176188
0.0175146
0.017507
0.017532
0.0175348
0.0175444
0.0175536
0.0175334
0.0175875
0.0175543
0.0175714
0.0175293
0.0175963
0.0175981
0.0175363
0.0175212
0.0175355
0.0175355
0.0175294
0.0180661
0.0218458
0.0158334
0.0208501
0.0169019
0.016315
0.0187449
0.0171594
0.0181089
0.0169005
0.0177079
0.0180098
0.0175432
0.0177016
0.0175947
0.017457
0.0176839
0.0174303
0.0174959
0.0174886
0.0174327
0.0176671
0.0175603
0.0174667
0.0175047
0.0175525
0.0175554
0.0175073
0.0174888
0.0174903
0.017652
0.0175629
0.0175369
0.0174979
0.0175182
0.0175323
0.0175144
0.0175959
0.0175742
0.0175558
0.017596
0.0175051
0.0175365
0.0175523
0.0175088
0.0176042
0.017575
0.0175197
0.0175918
0.0175309
0.0175826
0.0176045
0.0180661
0.0218105
0.0167754
0.0216534
0.0169161
0.0155171
0.0183688
0.0171945
0.0177464
0.0172359
0.0170713
0.0176754
0.0181458
0.0174352
0.0181726
0.0175271
0.0171514
0.0175914
0.0180021
0.0175331
0.0176546
0.01713
0.0174711
0.0176561
0.0179821
0.0174888
0.0174969
0.0176526
0.0178844
0.0179003
0.0172569
0.0174934
0.0175846
0.0177871
0.0177001
0.017638
0.017722
0.0174143
0.0174868
0.0175541
0.0174169
0.0177695
0.0176347
0.0175729
0.0177519
0.0173952
0.0174921
0.0177076
0.0174355
0.0176625
0.0174683
0.0173974
0.0152799
0.0215058
0.0120236
0.0180269
0.0176047
0.0165567
0.0182849
0.0174311
0.0193476
0.0172134
0.0165537
0.0178823
0.0174263
0.017722
0.0166037
0.0170882
0.0172643
0.0167228
0.0171125
0.0167815
0.0169665
0.0179632
0.0183304
0.0175337
0.018095
0.0177436
0.018214
0.0169621
0.0178846
0.0170826
0.0177969
0.0171247
0.0172758
0.0175094
0.0171708
0.00754441
0.0147489
0.0184466
0.0205151
0.0197873
0.0163539
0.0204261
0.0178409
0.0151345
0.0156426
0.0156548
0.0194699
0.0167727
0.0170545
0.0162302
0.0174909
0.0164037
0.0187647
0.0188032
0.0175461
0.0165882
0.0164153
0.0166354
0.0183365
0.0181499
0.0176532
0.0169314
0.017863
0.0166507
0.0184185
0.0183564
0.0167079
0.0177974
0.017967
0.0182369
0.0181939
0.0169176
0.0174747
0.0172112
0.0172477
0.0175936
0.0174894
0.0173673
0.0180399
0.0172641
0.0171077
0.0174968
0.0177648
0.0180273
0.0170988
0.0171147
0.0172394
0.0131587
0.0236309
0.0173342
0.0164249
0.0146463
0.0164161
0.0186912
0.0186738
0.0169734
0.0171012
0.0178374
0.0171196
0.0174802
0.0177439
0.0177438
0.0175887
0.0175334
0.0175315
0.0175918
0.017503
0.0175219
0.0176003
0.0177516
0.0177189
0.0176663
0.0174658
0.0175131
0.0175991
0.0176387
0.0175208
0.0176219
0.0176376
0.0176673
0.0175778
0.0174741
0.0175906
0.0174777
0.017475
0.0175571
0.0175113
0.0176197
0.0175712
0.0174966
0.0175678
0.0176299
0.0183179
0.0230245
0.0157851
0.0224788
0.015231
0.018334
0.0199123
0.0155637
0.0149971
0.0166073
0.0173715
0.0185755
0.0195146
0.0166232
0.0166505
0.0160422
0.0179843
0.0175992
0.0186545
0.0177653
0.0162308
0.0173854
0.0188465
0.0170449
0.0166474
0.0183414
0.0167083
0.0181947
0.0169393
0.0184964
0.0185533
0.0185055
0.0169813
0.0175989
0.018138
0.0184005
0.0170367
0.0183338
0.017922
0.0174985
0.0180062
0.0168597
0.0182481
0.0170843
0.0173994
0.0182095
0.017007
0.0178913
0.0171962
0.0173148
0.0174761
0.0180226
0.0177053
0.0176638
0.0180558
0.0170592
0.0254401
0.00185637
0.0138022
0.0115086
0.0201485
0.0189471
0.0207795
0.0174146
0.0158193
0.0170885
0.0154533
0.0175712
0.0159448
0.0172398
0.0182327
0.0166728
0.018323
0.0159579
0.0187253
0.0168998
0.0174684
0.0184875
0.0164376
0.0301467
0.00770273
0.0161963
0.0150298
0.0184533
0.0160785
0.017325
0.0169504
0.0171023
0.0172026
0.0175879
0.0179557
0.01736
0.0178428
0.0174838
0.0174772
0.0174044
0.0174506
0.0174321
0.0176734
0.0174684
0.0177095
0.0176759
0.0174655
0.0176819
0.0174451
0.0176274
0.0176708
0.0176434
0.0174694
0.0176429
0.0176448
0.0176434
0.0175165
0.0175839
0.00827008
0.0186853
0.0205775
0.0211745
0.0129243
0.0185756
0.016894
0.0176781
0.0174182
0.0163694
0.0174592
0.0198456
0.0154489
0.017227
0.0175161
0.0164481
0.0158703
0.0164955
0.0164984
0.0186348
0.0161966
0.0178384
0.0189607
0.0168322
0.0161964
0.0162178
0.0166473
0.0166194
0.0185449
0.0187889
0.0177091
0.0186565
0.0166869
0.018307
0.0176551
0.0184284
0.0180859
0.0170153
0.0174861
0.0174543
0.0183995
0.0177055
0.0174992
0.0171007
0.0168627
0.0172976
0.0168521
0.0170791
0.0181601
0.0179098
0.017131
0.0173216
0.017566
0.017541
0.0181126
0.0170416
0.0170675
0.0172851
0.0173794
0.00930739
0.00877845
0.0221797
0.0152727
0.0146049
0.015838
0.0181899
0.0175632
0.0175015
0.0174505
0.0174036
0.0186202
0.0169143
0.0170645
0.0174029
0.0167425
0.0175838
0.0166887
0.0182802
0.0167863
0.0167855
0.0169294
0.0169834
0.0172548
0.0176197
0.0173327
0.0170472
0.0169681
0.0170169
0.0179578
0.0179054
0.0180795
0.0180157
0.0170964
0.0172997
0.0172071
0.0174403
0.0172178
0.0179414
0.0179096
0.0172655
0.0174556
0.017409
0.0178698
0.00614291
0.0230416
0.0156049
0.0169167
0.016269
0.0186399
0.0167659
0.0177657
0.0181482
0.0171819
0.0171733
0.0180573
0.0178545
0.0171937
0.0179227
0.0176003
0.0178888
0.0173437
0.0173463
0.0178223
0.017497
0.0131637
0.0236274
0.0173246
0.0164233
0.0131563
0.0166149
0.0200412
0.0180134
0.0157723
0.017562
0.0189001
0.016034
0.0165909
0.0186487
0.018648
0.0182659
0.0180138
0.0172875
0.0182108
0.0168878
0.0172443
0.0181504
0.0185436
0.018435
0.018256
0.0169168
0.0172802
0.0178912
0.0181062
0.0173342
0.0179869
0.0180683
0.0181929
0.0177095
0.0170105
0.0177827
0.017038
0.0170352
0.0175571
0.0172561
0.0179393
0.0176435
0.0171657
0.0176212
0.017984
0.00159277
0.0141665
0.022255
0.015772
0.0176617
0.0168504
0.0168786
0.0180625
0.0175452
0.0178357
0.0173644
0.0177001
0.0172846
0.0173804
0.0177391
0.0177049
0.0177311
0.0174349
0.0175335
0.0176752
0.017702
0.0177076
0.0176916
0.0176682
0.0174563
0.0174609
0.0175431
0.0175487
0.0175333
0.0175196
0.0174781
0.0174724
0.0175217
0.0174852
0.0174859
0.0175385
0.0175173
0.0174957
0.0174946
0.0175605
0.0170935
0.000178189
0.0211687
0.0256695
0.0136243
0.0165714
0.0180697
0.0159746
0.0174287
0.0182286
0.0163676
0.0165092
0.016483
0.0174746
0.0177025
0.0186493
0.0176392
0.0172347
0.0166478
0.017772
0.0184468
0.0179403
0.0182789
0.0169624
0.0168848
0.0174586
0.018269
0.0181564
0.0179043
0.0171816
0.0177167
0.018127
0.0170809
0.0179446
0.0170804
0.0170586
0.0179148
0.0179771
0.0173053
0.0172216
0.0175871
0.0171663
0.0174781
0.0174968
0.0173856
0.017901
0.00578507
0.00280284
0.0170174
0.0149211
0.0161708
0.0184271
0.0189681
0.0178641
0.0184312
0.0169058
0.0177437
0.0179348
0.0171601
0.0173863
0.0170385
0.0140538
0.0114942
0.0196771
0.0201327
0.0159076
0.0142827
0.0184419
0.0153231
0.0154676
0.0195091
0.0165498
0.0176553
0.0174617
0.0166205
0.0174865
0.0161567
0.0174006
0.0188534
0.018726
0.0165602
0.0173713
0.0181212
0.0171882
0.0172793
0.0166088
0.0166497
0.0184528
0.0185202
0.0179186
0.0182561
0.0184039
0.0180489
0.0173887
0.0171147
0.0182557
0.0179278
0.016907
0.0181489
0.0177675
0.0178255
0.0181518
0.0170128
0.0170335
0.0179463
0.0173636
0.0179817
0.0172293
0.0170903
0.0178368
0.0176091
0.0173795
0.017186
0.0171767
0.017758
0.0174639
0.017741
0.0172093
0.0173805
0.0178745
0.0174834
0.0173486
0.0152427
0.0240889
0.0124534
0.015487
0.0177925
0.0189102
0.01813
0.0166402
0.0184374
0.0184509
0.0178015
0.0175683
0.0169354
0.0169843
0.0170445
0.0180285
0.0176392
0.0172332
0.0173342
0.0171609
0.0172365
0.0178016
0.0172615
0.00685403
0.0230628
0.0165744
0.0158664
0.0169309
0.0183437
0.0159156
0.0183238
0.0187657
0.0166639
0.0166796
0.0185741
0.0182142
0.0167446
0.0183222
0.0176702
0.0182574
0.0170884
0.0170941
0.0181211
0.0174277
0.0128708
0.00840932
0.0147563
0.0180163
0.0182918
0.0176253
0.018216
0.0171849
0.017203
0.0175504
0.017245
0.0179355
0.0173506
0.0178349
0.017517
0.0174819
0.0393179
0.0221992
0.0144196
0.0209237
0.0137072
0.0178736
0.0166894
0.0169242
0.0181475
0.0153901
0.0178061
0.0163621
0.0174579
0.0160146
0.0187593
0.0186059
0.0191467
0.017181
0.0162589
0.0169414
0.0173336
0.017359
0.0181821
0.0166349
0.016581
0.0165791
0.0171091
0.018426
0.0179812
0.0184266
0.0176867
0.0173349
0.0180687
0.0180744
0.0175626
0.0170484
0.0168713
0.01699
0.0173347
0.0177412
0.017464
0.0171652
0.0171361
0.0177443
0.0173816
0.0181106
0.0178747
0.0170947
0.0174856
0.0178461
0.0180416
0.0174568
0.0172008
0.0180089
0.0178704
0.0179599
0.0171614
0.0178622
0.0173485
0.0175919
0.0177853
0.0172562
0.0176552
0.0179225
0.00847217
0.020341
0.0134349
0.0158238
0.0157642
0.0167598
0.0163426
0.0172073
0.0173299
0.0174635
0.0180884
0.0172684
0.0177259
0.0172985
0.0173426
0.0174231
0.0177629
0.0177751
0.0174224
0.0173612
0.0176258
0.0177754
0.0176598
0.0176713
0.0174186
0.0174302
0.017693
0.00793826
0.010081
0.00721928
0.0109374
0.0137302
0.0182324
0.0152027
0.020472
0.0191994
0.0149628
0.0157437
0.0187454
0.0193765
0.0159753
0.0185576
0.0182083
0.0183518
0.0192296
0.016109
0.0161067
0.0163015
0.0188076
0.0258463
0.0229461
0.0170869
0.0173489
0.015244
0.0173791
0.0173194
0.0174381
0.0165542
0.0165241
0.01879
0.017741
0.0184392
0.0180346
0.0168606
0.017001
0.0171894
0.0177941
0.0170646
0.0173983
0.0179053
0.017085
0.017912
0.0178329
0.01103
0.0148315
0.00874013
0.0148811
0.0146673
0.017465
0.0164213
0.0151365
0.0197502
0.0174549
0.0173653
0.0175629
0.0186842
0.0167835
0.0180569
0.016784
0.0186184
0.0173863
0.0184997
0.0166138
0.0168906
0.0180238
0.0184145
0.0168691
0.0183206
0.0168546
0.0170895
0.018178
0.0169022
0.0181422
0.0170608
0.0170128
0.0170825
0.0180997
0.017108
0.0179957
0.0171034
0.0179224
0.0177674
0.0172145
0.0173568
0.0111595
0.00616885
0.0142573
0.0140728
0.0183484
0.0182039
0.0166724
0.0169125
0.0180538
0.0173123
0.0176848
0.0181494
0.0171443
0.0171976
0.018027
0.0173637
0.0172428
0.0174413
0.0174724
0.0176294
0.0177833
0.017253
0.0177943
0.0173513
0.0176774
0.0173911
0.0174063
0.0177355
0.00657718
0.00553673
0.0103164
0.0165659
0.0171372
0.0179235
0.0174157
0.0170193
0.0179511
0.0172498
0.0171205
0.0173269
0.0171404
0.0172226
0.0172022
0.0172581
0.0178392
0.0218835
0.0197001
0.0114941
0.0202536
0.0160325
0.0172376
0.0208327
0.0187073
0.0157819
0.019283
0.0192141
0.0176055
0.0170582
0.0177355
0.0180132
0.0192442
0.0171954
0.0164919
0.0163353
0.016312
0.0183379
0.0185706
0.0164934
0.0172828
0.0165493
0.0177348
0.0183541
0.0166792
0.0170055
0.0173345
0.0167849
0.0167659
0.0173776
0.0171238
0.0172526
0.0182801
0.0181762
0.017846
0.0170727
0.0169013
0.0169727
0.0173328
0.0169268
0.017199
0.0174094
0.0170075
0.0170249
0.017758
0.0178576
0.0170683
0.0180526
0.0176212
0.0177578
0.0175493
0.0175318
0.0171173
0.0180092
0.0176786
0.0178418
0.0173036
0.0174888
0.0179161
0.0171452
0.0178634
0.017509
0.017538
0.0314356
0.0248422
0.01297
0.0185047
0.015727
0.0164377
0.0181532
0.0163329
0.0173308
0.0171173
0.0172612
0.0215208
0.00989442
0.0267
0.0147805
0.0143094
0.0167883
0.0178899
0.0172009
0.0182241
0.0160762
0.0162452
0.018072
0.0182689
0.0164586
0.0168418
0.0182789
0.0181184
0.0171459
0.0169168
0.0174542
0.0169104
0.0183451
0.0169353
0.0168714
0.0171335
0.0175273
0.0181395
0.0180265
0.0173125
0.0176568
0.0179844
0.0171686
0.017703
0.0175451
0.017432
0.0172324
0.0173252
0.0175055
0.0179175
0.0176473
0.0095784
0.00711494
0.0227195
0.0175646
0.0166983
0.0183508
0.0181144
0.0173102
0.0148572
0.0195966
0.0159292
0.0156911
0.018881
0.0171228
0.0165602
0.0189932
0.0161717
0.0162292
0.0162831
0.0176457
0.0165646
0.0187113
0.0185269
0.0164907
0.0184893
0.0185208
0.0183442
0.0183121
0.0183752
0.0184544
0.0170617
0.0178097
0.0180493
0.0171926
0.0177359
0.016999
0.0170478
0.0182248
0.01762
0.0182003
0.0181761
0.0173906
0.0175814
0.0174746
0.0180842
0.01758
0.0173847
0.0173876
