0.00242666
0.0160692
0.0183489
0.0190189
0.0181116
0.0185857
0.0183738
0.0182948
0.018303
0.0183163
0.0183415
0.0183419
0.0188098
0.018616
0.0186437
0.0188947
0.018861
0.0186913
0.0184462
0.0183953
0.0184029
0.0184959
0.018349
0.0182977
0.0184409
0.0181998
0.0183162
0.0183797
0.0183511
0.0182511
0.0184733
0.0183575
0.0184619
0.0183244
0.0183889
0.018413
0.0182832
0.0182663
0.0183387
0.0183733
0.0182848
0.0182781
0.0182788
0.0183462
0.018432
0.0184232
0.0184285
0.0182996
0.0183974
0.0184154
0.0183207
0.0184211
0.0183661
0.0183883
0.0184181
0.0183077
0.0182984
0.0184129
0.0184028
0.018328
0.0183932
0.0183022
0.0183052
0.0183691
0.0184062
0.0183648
0.0184029
0.0183947
0.0183838
0.0183772
0.0183336
0.0183157
0.0183165
0.0183896
0.018393
0.0183201
0.0183656
0.0177549
0.0186039
0.0183412
0.0180174
0.0182611
0.0185109
0.0183508
0.0183378
0.018305
0.018402
0.0184138
0.0182987
0.0183981
0.0183405
0.0183366
0.0183469
0.0183492
0.0183529
0.0183593
0.0183446
0.0183581
0.0183535
0.0183627
0.0183515
0.0183502
0.0183589
0.0183602
0.0183581
0.01836
0.0183566
0.0183542
0.0183594
0.0183563
0.0183579
0.0183599
0.0183524
0.01836
0.0183569
0.0183579
0.0183596
0.0183579
0.0183581
0.0183582
0.0183516
0.0183575
0.0183587
0.0183559
0.0183585
0.018353
0.018359
0.0183553
0.0183542
0.0183586
0.0183579
0.0183528
0.0183583
0.0183527
0.0183567
0.0183585
0.0158821
0.0178276
0.0180496
0.0186757
0.0179782
0.0182383
0.0185035
0.0184065
0.01845
0.0183978
0.0184182
0.0183991
0.0183803
0.0183262
0.0183687
0.0183407
0.018356
0.0183537
0.0183448
0.0183557
0.0183557
0.0183678
0.0183639
0.0183619
0.0183615
0.0183582
0.0183614
0.0183612
0.0183609
0.0183608
0.0183603
0.0183573
0.0183537
0.0183562
0.0183546
0.0183506
0.018354
0.0183595
0.0183605
0.0183606
0.0183604
0.0183603
0.0183601
0.0183517
0.0183554
0.018352
0.0183539
0.018355
0.018355
0.0183547
0.0183581
0.0157565
0.0177683
0.0180369
0.0186649
0.0179952
0.0182839
0.0184835
0.0183522
0.0184126
0.0183865
0.0183776
0.0183519
0.0183297
0.0183384
0.0183574
0.0183588
0.0183563
0.0183579
0.018364
0.0183101
0.0183153
0.0183441
0.0183287
0.0183274
0.0183261
0.018353
0.0183331
0.0183299
0.0183286
0.0183289
0.0183427
0.0183529
0.0183647
0.0183567
0.0183618
0.0183729
0.0183633
0.0183417
0.0183355
0.0183346
0.0183358
0.0183367
0.0183379
0.0183695
0.0183576
0.0183687
0.0183627
0.0183587
0.0183586
0.0183596
0.0183467
0.0185833
0.0182874
0.017394
0.0179097
0.0187416
0.0180835
0.0181124
0.0179193
0.0183176
0.0182115
0.0183317
0.0181411
0.0182655
0.0183517
0.0183478
0.0183757
0.018259
0.0183495
0.018289
0.0182587
0.0183008
0.0182623
0.0182596
0.0183064
0.0183725
0.0183823
0.0183953
0.0182987
0.0183473
0.0183475
0.0183873
0.0183029
0.0183109
0.0183067
0.0183179
0.0182995
0.0183317
0.0183293
0.0183069
0.0183074
0.0183831
0.018311
0.0199813
0.0189059
0.0167762
0.0186497
0.0187926
0.018065
0.0181842
0.0185272
0.0180919
0.0180994
0.0184281
0.0181127
0.0184658
0.0183332
0.0182066
0.0184541
0.0183462
0.018405
0.018305
0.0184304
0.0182612
0.0183111
0.0184225
0.0182694
0.0184147
0.0182818
0.0182759
0.018379
0.0182769
0.0184006
0.0182788
0.0184131
0.0182976
0.0182878
0.0183611
0.0184082
0.0184021
0.0183269
0.0183858
0.0183887
0.0183857
0.018309
0.0183125
0.01831
0.018373
0.0183196
0.0183462
0.0183482
0.0183209
0.0183255
0.0183189
0.0183272
0.0183779
0.0183674
0.0189358
0.0171867
0.0172361
0.0189985
0.0173304
0.0184886
0.017996
0.0182255
0.0185112
0.0183488
0.0182523
0.0183896
0.018299
0.0183734
0.0183662
0.0183628
0.0183553
0.0183411
0.0183601
0.0183357
0.0183366
0.0183385
0.0183393
0.0183503
0.0183562
0.0183631
0.0183439
0.0183447
0.0183556
0.0183451
0.0183597
0.0183448
0.018345
0.0183583
0.0183618
0.0183472
0.0183615
0.0183489
0.0183584
0.018357
0.0183611
0.0183491
0.01835
0.0183515
0.0183494
0.0183598
0.0177755
0.0181329
0.0180238
0.0189291
0.018352
0.0188068
0.0184336
0.0183262
0.0183787
0.0184198
0.0184447
0.018367
0.0183793
0.0182451
0.0182265
0.0183718
0.0184106
0.0182327
0.0184675
0.0183117
0.0183686
0.018422
0.0184507
0.0184062
0.0182704
0.0182792
0.0182897
0.0183861
0.0184002
0.0184351
0.0183225
0.0184218
0.0182924
0.0184295
0.0182924
0.0183381
0.0184225
0.0182939
0.0184201
0.0182916
0.0183817
0.0182968
0.0183218
0.0184073
0.0183072
0.0184045
0.0183293
0.0184034
0.0183514
0.0183178
0.0183142
0.018319
0.0183937
0.0183813
0.0183538
0.0183933
0.0183854
0.0183292
0.0183794
0.0183789
0.032072
0.0052081
0.0150158
0.0176034
0.0169996
0.017811
0.0176994
0.0177816
0.0180353
0.0180242
0.0179171
0.0182315
0.0181096
0.0182736
0.0183422
0.0181743
0.0181513
0.0200961
0.0157119
0.0154963
0.0182178
0.0178472
0.0184883
0.0180341
0.0185101
0.0183364
0.0183448
0.0182739
0.0183736
0.0183674
0.0183333
0.018327
0.0183274
0.01834
0.0183348
0.0183349
0.0183431
0.0183372
0.0183442
0.018359
0.0183587
0.0183417
0.0183525
0.0183442
0.0183532
0.0183452
0.0183432
0.0183493
0.0183463
0.0183485
0.018345
0.0191015
0.0180268
0.0184099
0.0182748
0.0183502
0.0185652
0.0183321
0.0183988
0.0183269
0.0183631
0.0183879
0.0184256
0.0183743
0.0182108
0.0182145
0.0183319
0.0182612
0.01827
0.0183195
0.0184465
0.0184519
0.0183248
0.018267
0.0184353
0.0182692
0.0183199
0.018273
0.0183463
0.0183463
0.0184249
0.0184127
0.0182863
0.0182753
0.0184083
0.0182834
0.0182856
0.0183738
0.018392
0.0183879
0.0183471
0.0183173
0.0183669
0.0183626
0.0183583
0.0183881
0.0183904
0.0183918
0.0183146
0.0183594
0.0183384
0.0183268
0.0183162
0.0183161
0.0183669
0.0183847
0.0183231
0.0184818
0.0179418
0.0170532
0.0187881
0.0179749
0.0179782
0.0182787
0.018288
0.0184257
0.018318
0.0182162
0.0183343
0.0183264
0.0183887
0.0182808
0.0182625
0.018264
0.0183292
0.0184011
0.0183851
0.0183302
0.0182925
0.0184023
0.0183416
0.0183592
0.0183963
0.0183368
0.0183855
0.0183508
0.0183102
0.0183844
0.0183561
0.0183059
0.0183536
0.0183581
0.0183188
0.018318
0.0183354
0.0183816
0.0183622
0.018379
0.0183424
0.018362
0.00747238
0.0125335
0.00385933
0.0165295
0.0178177
0.0178269
0.0180096
0.018384
0.0182688
0.0182765
0.0182787
0.0183115
0.0182678
0.0182816
0.018302
0.0183517
0.0182682
0.0182771
0.0183172
0.0183311
0.0183623
0.0189358
0.0167262
0.0168822
0.0189805
0.0174074
0.0184531
0.0178615
0.0182994
0.0184274
0.0182214
0.0181685
0.018332
0.0181922
0.0183183
0.0184328
0.0184267
0.0182823
0.0182574
0.0184001
0.0182539
0.0182568
0.0182598
0.0182746
0.0183027
0.0183545
0.018405
0.0182833
0.0182936
0.0183517
0.0182956
0.0183805
0.0182928
0.0182923
0.0183712
0.0183942
0.0183056
0.0183923
0.0183122
0.0183723
0.0183636
0.0183891
0.0183149
0.0183217
0.0183294
0.0183178
0.0183813
0.0179827
0.0133487
0.0162077
0.0181771
0.0172944
0.0180382
0.0182011
0.0185046
0.0183093
0.0183264
0.0183366
0.0183257
0.0183446
0.0183722
0.018372
0.0183432
0.0183593
0.0183584
0.0183677
0.018365
0.0183633
0.0183643
0.0183526
0.0183499
0.0183657
0.0183534
0.0183534
0.0183636
0.0183638
0.0183629
0.0183531
0.0183565
0.0183569
0.0183635
0.0183614
0.0183535
0.0183608
0.0183608
0.020787
0.0189111
0.0172776
0.0188887
0.0189431
0.0184236
0.0183632
0.0183948
0.0180978
0.0182885
0.0182116
0.0183408
0.0183633
0.0182347
0.0182346
0.0182976
0.0183328
0.0183202
0.0184026
0.01828
0.0183963
0.0182996
0.0182843
0.0183523
0.0182941
0.0183209
0.0183856
0.0183982
0.0183766
0.0183648
0.0183039
0.018329
0.0183937
0.018307
0.0183832
0.0183225
0.0183112
0.0183373
0.0183757
0.0183498
0.0183379
0.0183234
0.0183226
0.0183716
0.0183335
0.000368017
0.0249225
0.0220515
0.0192642
0.0180482
0.0181585
0.0177988
0.0180182
0.0180181
0.0180841
0.0183561
0.0181009
0.0182523
0.0181407
0.0182864
0.0186457
0.0181173
0.0187761
0.0187972
0.0190096
0.0183862
0.0186724
0.0183124
0.0185364
0.01845
0.0184327
0.0183751
0.0183579
0.0182901
0.0183965
0.0184053
0.018354
0.0183653
0.0182774
0.0182913
0.0182789
0.0183035
0.0183044
0.0183651
0.0182866
0.0183919
0.018396
0.0184161
0.0183133
0.0183858
0.0183755
0.0183631
0.0183068
0.0183628
0.0183355
0.0183491
0.0184037
0.0183358
0.0183899
0.018387
0.0183922
0.0183159
0.0183176
0.0183939
0.0183921
0.0183299
0.0183859
0.0183902
0.0183323
0.0183342
0.018331
0.0183861
0.0183429
0.0183513
0.0183838
0.0183617
0.0183402
0.0183411
0.0183827
0.018343
0.0183605
0.0183302
0.0183452
0.0174854
0.0225962
0.0198535
0.0171226
0.0182579
0.017964
0.0182452
0.018271
0.0181102
0.0182304
0.0182096
0.018183
0.0182225
0.0182336
0.0182812
0.018296
0.0182839
0.0183136
0.0183101
0.0182786
0.0183158
0.0182822
0.0182965
0.0182909
0.00686063
0.0121862
0.00295891
0.01641
0.0175526
0.0176689
0.0178923
0.0181984
0.0181711
0.0181137
0.01815
0.0182417
0.0181525
0.0181798
0.0182459
0.0183433
0.0181652
0.0181911
0.0182747
0.0183036
0.0183695
0.0049342
0.0124534
0.0174436
0.0187375
0.01864
0.0185102
0.0183661
0.0184565
0.0183884
0.0184642
0.0184234
0.0183838
0.0184246
0.0183865
0.0184204
0.0187733
0.0186422
0.0195963
0.0182128
0.0187309
0.0186281
0.0184153
0.0186067
0.0183656
0.0183649
0.0183694
0.0184321
0.0182614
0.0182911
0.01835
0.018326
0.0184306
0.0183877
0.0184253
0.0183112
0.0184358
0.0183646
0.0183551
0.0183452
0.0183119
0.0182868
0.0182929
0.0182944
0.018413
0.0182955
0.0182975
0.0183476
0.0183064
0.0183052
0.0183011
0.0183045
0.0183709
0.0183867
0.018367
0.0183856
0.018396
0.0184016
0.0183858
0.0183987
0.0183954
0.018374
0.0183221
0.0183195
0.0183822
0.0183217
0.0183908
0.0183634
0.0183899
0.0183759
0.0183837
0.0183547
0.0183759
0.0183838
0.0183783
0.0183774
0.0183708
0.0183426
0.0183624
0.0183341
0.0174854
0.0211207
0.0201413
0.0184185
0.0188001
0.0180396
0.0181448
0.0183372
0.0183893
0.0182222
0.0182906
0.0183577
0.0182887
0.018293
0.0183257
0.0183117
0.0183067
0.0183092
0.0183608
0.018323
0.0183531
0.0183331
0.0183275
0.0183351
0.0183334
0.0183347
0.0183402
0.0158237
0.0155334
0.00720578
0.014819
0.0182831
0.0174573
0.0180754
0.0178871
0.0175014
0.017688
0.0182303
0.0176462
0.0182068
0.0179352
0.0178361
0.0179199
0.018202
0.0179785
0.0182062
0.0180696
0.0180573
0.0181047
0.288465
0.0215865
0.00846964
0.0156512
0.0186249
0.0181329
0.0182077
0.0182394
0.0183626
0.0182309
0.0183352
0.018242
0.0183233
0.0182401
0.0182781
0.0182436
0.0182361
0.0182468
0.0183116
0.0147817
0.0150741
0.0188549
0.0156572
0.0170542
0.0182644
0.0181358
0.0183223
0.0181916
0.0183076
0.0183096
0.0181595
0.0182134
0.0183746
0.0182511
0.0182542
0.018331
0.0182519
0.0182738
0.0183923
0.0182736
0.0182972
0.0182668
0.0183315
0.0182982
0.018273
0.0183499
0.0182917
0.0183618
0.0183894
0.0182871
0.0183576
0.0183676
0.0183575
0.0183508
0.0183306
0.0183012
0.0183101
0.0191015
0.0196662
0.0212849
0.0213253
0.0189284
0.0182819
0.0184719
0.0185436
0.0184703
0.0184104
0.0184412
0.0184285
0.0184041
0.0184245
0.0184096
0.0184203
0.0183314
0.0183829
0.0183413
0.0184101
0.0183742
0.0183795
0.0183473
0.0183558
0.0183751
0.0183522
0.0183743
0.0176093
0.021981
0.0145386
0.0198361
0.0189719
0.0181955
0.0181351
0.0183067
0.0183579
0.0182553
0.0182462
0.0182671
0.0182723
0.0182781
0.0182983
0.018593
0.0180209
0.0189655
0.0181384
0.0183135
0.0181943
0.0184146
0.0186316
0.0181694
0.0183522
0.0183829
0.0183748
0.0184689
0.01839
0.0183952
0.0183673
0.0182881
0.0184492
0.0184062
0.0182701
0.0184416
0.0183185
0.0182817
0.0183414
0.018412
0.0184266
0.0183685
0.0183195
0.018421
0.0184194
0.0183935
0.0184175
0.0184171
0.0184091
0.0183081
0.01836
0.0183732
0.0183801
0.0184076
0.0183774
0.0183702
0.0183998
0.018322
0.0183586
0.0183157
0.0183928
0.0183892
0.018323
0.0183202
0.0183689
0.0183269
0.018345
0.0183223
0.0183736
0.0183543
0.0183325
0.0183313
0.0183431
0.01838
0.0183576
0.018327
0.0183418
0.0183822
0.018376
0.0528046
0.0178527
0.0206393
0.017643
0.0178976
0.0178587
0.0182487
0.0179025
0.0179688
0.0181295
0.0179379
0.0178115
0.0187049
0.0158799
0.0161907
0.0182032
0.0180566
0.0183008
0.0181119
0.0181373
0.018307
0.0181991
0.0184291
0.0183105
0.0184077
0.0183374
0.0182565
0.0182844
0.0183838
0.0184089
0.0182632
0.0183032
0.0182894
0.0182814
0.0183447
0.0183335
0.0182882
0.0182816
0.0183839
0.0183117
0.018296
0.0182931
0.0183087
0.0183384
0.0183645
0.0183748
0.0183316
0.018327
0.0183676
0.0183325
0.0170503
0.0160194
0.0170312
0.0170517
0.0166633
0.0174245
0.0177895
0.0182696
0.0179718
0.0179742
0.0183531
0.0183118
0.0181852
0.0181862
0.0182299
0.0184379
0.0182629
0.0182884
0.0183625
0.0182272
0.0183896
0.0182338
0.0182644
0.0182655
0.0182413
0.0182532
0.0182684
0.018268
0.0183057
0.0183989
0.0184008
0.0183015
0.0182868
0.0182993
0.0183921
0.0183482
0.0182864
0.0183966
0.0183368
0.0183318
0.0183849
0.0183906
0.0183044
0.0183231
0.0183087
0.018379
