0.00967688
0.010954
0.0118409
0.0122285
0.0119331
0.0120039
0.0121571
0.0120625
0.0121269
0.0120978
0.0120802
0.0120311
0.0122763
0.0119108
0.0121249
0.0122118
0.0122574
0.0122446
0.0122866
0.0122479
0.0121583
0.0121148
0.0121593
0.0121823
0.0121044
0.0120941
0.0121045
0.0121532
0.0120614
0.0120765
0.0121678
0.0121645
0.0121627
0.0121602
0.0121553
0.0120765
0.0120854
0.0120735
0.0121236
0.0120759
0.0121519
0.0121282
0.0121011
0.0120868
0.0121385
0.0120873
0.0121306
0.0121018
0.0121269
0.0121327
0.0121264
0.0121354
0.0121078
0.0121126
0.0121269
0.0121291
0.0121294
0.0121232
0.0121211
0.0121247
0.0120837
0.0120946
0.0120855
0.0121249
0.0121125
0.0121239
0.0120963
0.0121203
0.0121193
0.0121214
0.0120889
0.0121207
0.0121158
0.0120995
0.0121104
0.0123501
0.012346
0.012117
0.012093
0.0121046
0.012156
0.0120499
0.0121065
0.0121164
0.0120877
0.0121132
0.0120941
0.0121096
0.012102
0.012102
0.0121055
0.0120965
0.0120983
0.0120974
0.0121035
0.0121031
0.0121017
0.0120973
0.0121019
0.0120974
0.0121006
0.0121012
0.0121008
0.012102
0.0120998
0.012102
0.0121019
0.0121011
0.012098
0.0121013
0.0121003
0.0120996
0.0121011
0.0121004
0.0121003
0.0121007
0.0120984
0.0120987
0.0121015
0.0121015
0.0121016
0.0121015
0.0120987
0.0121001
0.0121012
0.0120988
0.012099
0.0120989
0.0121012
0.0120989
0.0121011
0.0121001
0.0119264
0.0120979
0.0120498
0.0121145
0.0120434
0.0120639
0.0121086
0.0120583
0.0120748
0.0120889
0.0121133
0.0121104
0.012099
0.0120981
0.0121025
0.0120947
0.0120994
0.0121047
0.0120964
0.0121034
0.0121011
0.0120969
0.0120968
0.0120969
0.0120994
0.0120972
0.0121018
0.0121024
0.0121017
0.0120983
0.0121021
0.0121
0.0121003
0.0121022
0.0121012
0.012102
0.0121011
0.0121018
0.0121019
0.0121017
0.0121012
0.0121015
0.0121006
0.0121011
0.0121016
0.0120997
0.0120989
0.0120998
0.0120998
0.0121007
0.0120988
0.0121011
0.011926
0.0120635
0.0120119
0.0120871
0.012009
0.0120651
0.0121077
0.0120636
0.0120862
0.0120665
0.0121046
0.0121032
0.0120799
0.0120794
0.0120855
0.0121079
0.0120819
0.0120918
0.012108
0.012099
0.0121016
0.0121098
0.0121111
0.0121107
0.0121041
0.0121095
0.0120976
0.0120901
0.0120967
0.012107
0.0120937
0.0121024
0.0121012
0.012091
0.0120967
0.0120929
0.0120969
0.0120937
0.0120932
0.0120942
0.0120966
0.0120954
0.0120988
0.0120967
0.0120947
0.0121021
0.0121046
0.0121018
0.0121017
0.0120982
0.012105
0.0120968
0.00790344
0.0119553
0.0111302
0.0118887
0.012111
0.0117387
0.0120078
0.0118353
0.0120148
0.0120796
0.0120579
0.0120275
0.0120786
0.0120576
0.0120699
0.0120521
0.0120392
0.0120367
0.0120411
0.0120435
0.0120591
0.0120505
0.0121177
0.012061
0.0121051
0.0120694
0.0120616
0.0120757
0.0120614
0.0120696
0.0121044
0.012082
0.0120648
0.0120851
0.0120734
0.0120839
0.0120751
0.012074
0.0120754
0.0120858
0.0115569
0.0120411
0.0121596
0.0120421
0.0120189
0.012109
0.011962
0.0120879
0.012084
0.0120355
0.0120171
0.0120258
0.0121107
0.0120633
0.0121119
0.0120723
0.0121283
0.0120501
0.0120992
0.0120992
0.0120632
0.012102
0.0121294
0.0120876
0.0120904
0.0120747
0.0120709
0.012087
0.0120736
0.0121027
0.0121062
0.0121242
0.0120794
0.0120781
0.0121215
0.0121121
0.0120844
0.0121105
0.0120795
0.0120812
0.0121143
0.012082
0.0120985
0.0120833
0.0120836
0.0120836
0.0121023
0.0121021
0.0121136
0.0121109
0.0121105
0.0110674
0.0122699
0.01209
0.0121825
0.0118848
0.011974
0.0120171
0.0120537
0.0121106
0.0120466
0.0120744
0.0120972
0.0121
0.0120744
0.0120977
0.0120976
0.0120995
0.0120998
0.0120991
0.0121004
0.0120987
0.0120941
0.0120931
0.0120989
0.0120942
0.012103
0.0120977
0.0121008
0.0120969
0.0120965
0.0121025
0.0120988
0.012097
0.0120975
0.0120983
0.012097
0.0120969
0.0121011
0.012098
0.0121009
0.0120976
0.012102
0.0121014
0.0120742
0.011894
0.0128428
0.0124279
0.0120275
0.0122629
0.0120629
0.012191
0.0122314
0.0122033
0.0121477
0.0121199
0.012121
0.0121169
0.0120667
0.0121784
0.0121725
0.0121025
0.0121117
0.0121586
0.0120683
0.0121054
0.0121456
0.0121461
0.0121441
0.0120701
0.0121443
0.0120756
0.0121442
0.0121113
0.0121426
0.0120761
0.012139
0.012077
0.0121348
0.0121255
0.0121308
0.0120849
0.0121157
0.0121211
0.0120977
0.0121247
0.0121206
0.0120802
0.0121223
0.0121234
0.0121134
0.0121242
0.0121243
0.0121233
0.0121114
0.0121208
0.0121214
0.0120955
0.0121014
0.0120884
0.00635197
0.0134776
0.0128412
0.0107119
0.0118024
0.0115912
0.0117363
0.0120301
0.0118985
0.0121139
0.0116652
0.0120241
0.0117912
0.0119772
0.0120148
0.0120128
0.0118614
0.0120559
0.0120922
0.0119138
0.0121072
0.0119709
0.0119842
0.0128743
0.0121727
0.0105752
0.0119446
0.0119417
0.0118076
0.0120037
0.0120665
0.012089
0.0120669
0.012128
0.012044
0.0121016
0.0120726
0.0120941
0.0121029
0.012087
0.0121035
0.0120915
0.0120966
0.0120897
0.0120953
0.0120899
0.0120936
0.012095
0.0120946
0.0120945
0.012093
0.0121005
0.0120951
0.0120942
0.0120964
0.0121024
0.0124584
0.0120431
0.0120688
0.0119942
0.0121086
0.0120776
0.0121223
0.0121646
0.0121057
0.0121089
0.0120927
0.0121695
0.0120867
0.0120591
0.0121069
0.0121268
0.0121479
0.0121429
0.0121389
0.0121439
0.0120738
0.0121397
0.0120641
0.0120705
0.0121363
0.0121378
0.0120676
0.0121366
0.0120773
0.0120829
0.0121255
0.0121325
0.0121327
0.0121293
0.0121234
0.0121297
0.0120855
0.0121015
0.0121263
0.0121253
0.0120994
0.0121236
0.0120948
0.0121123
0.0121136
0.0121214
0.0121207
0.0120978
0.0121197
0.012101
0.0121189
0.0121182
0.0120905
0.0120895
0.0121168
0.0122788
0.0122784
0.0111978
0.0122821
0.0122591
0.011946
0.0122053
0.0121843
0.0120061
0.0120403
0.0121145
0.0120798
0.0120153
0.0121268
0.0120868
0.0120633
0.0120961
0.0120912
0.0120671
0.0120851
0.0120976
0.0121007
0.0121055
0.0120737
0.0121084
0.012068
0.0121052
0.0120738
0.0120903
0.0120748
0.0120745
0.0120805
0.012094
0.0120816
0.0120817
0.012077
0.0120836
0.0120908
0.0121067
0.0120825
0.0120925
0.0120822
0.012106
0.0121037
0.0120989
0.00246611
0.0156191
0.00118902
0.0118529
0.0122097
0.01219
0.0117736
0.0120662
0.0120584
0.0120446
0.0120247
0.0120363
0.011997
0.0120475
0.0120482
0.0120788
0.012079
0.0120949
0.0120857
0.0120878
0.0120569
0.011035
0.0122594
0.0120247
0.0121625
0.0118374
0.0119718
0.0120462
0.0120441
0.0121453
0.0120086
0.0120245
0.0120859
0.0121259
0.0120335
0.012111
0.0120639
0.0121052
0.0120954
0.0120841
0.0121025
0.0120811
0.0120696
0.0120621
0.0120865
0.0120659
0.0121183
0.0120819
0.0121037
0.0120784
0.0120784
0.0121148
0.0120905
0.0120794
0.0120829
0.0120878
0.0120802
0.0120799
0.0121058
0.0120862
0.0121046
0.012084
0.0121113
0.0121076
0.0123881
0.0122156
0.0104727
0.0119418
0.0123021
0.011919
0.0119371
0.0121358
0.0120975
0.0121072
0.0121258
0.0120771
0.0120774
0.0120929
0.0121139
0.0120985
0.0121114
0.0120956
0.0121026
0.0121086
0.012107
0.0121073
0.0121047
0.0121058
0.0121058
0.0121042
0.0121043
0.0120974
0.0121039
0.0121031
0.0120983
0.0120991
0.012104
0.0121017
0.0121025
0.0121031
0.0121035
0.012099
0.0121008
0.0110869
0.0116052
0.0119749
0.0120436
0.0119312
0.0118669
0.012106
0.0121421
0.0121462
0.0119994
0.0120309
0.0120943
0.0120777
0.0120441
0.0120446
0.0120481
0.0120827
0.0121119
0.0121147
0.0120832
0.0120793
0.0120671
0.0121031
0.0120703
0.0120696
0.0121091
0.0120842
0.0121005
0.0120733
0.0120891
0.0120765
0.0120767
0.0120812
0.0120947
0.0120864
0.0121123
0.0120809
0.0120914
0.012113
0.0121064
0.0120845
0.0120845
0.0120847
0.0121081
0.0120857
0.0120929
0.0120902
0.0056766
0.0183622
0.0104217
0.0102584
0.012067
0.0118823
0.0116732
0.011969
0.0117576
0.0118309
0.0119188
0.0120812
0.0120585
0.0119043
0.0120464
0.0120157
0.0119984
0.0118132
0.0119509
0.0119339
0.0124009
0.0119646
0.0121151
0.0123684
0.0120926
0.0121396
0.0122107
0.0122536
0.01211
0.0121917
0.0121487
0.0121801
0.0121256
0.0121312
0.0121434
0.0121248
0.012126
0.0121179
0.0120862
0.0121398
0.0121433
0.0121422
0.0121438
0.0121424
0.0121424
0.0121324
0.0121026
0.0121233
0.0121061
0.0121214
0.0121118
0.0120861
0.0121258
0.0121173
0.0121222
0.0121213
0.0121236
0.0121268
0.0121256
0.0121152
0.0120971
0.0121254
0.0121224
0.0121029
0.0121238
0.012123
0.0121169
0.0120936
0.012121
0.0121183
0.0121173
0.012118
0.0121155
0.0121143
0.0121151
0.0121065
0.0121073
0.0120919
0.0121162
0.0121131
0.0103545
0.00302722
0.0113124
0.0119572
0.0119494
0.0120875
0.0120608
0.0120145
0.0119824
0.011993
0.0121075
0.0120052
0.0120147
0.0120234
0.0120861
0.0120544
0.0120823
0.0120493
0.0120685
0.0120963
0.012093
0.0120538
0.00206613
0.0156327
0.00214402
0.0117691
0.0120591
0.0120472
0.0116731
0.0120251
0.0119953
0.0119415
0.0119742
0.0119887
0.0119021
0.0119635
0.0119698
0.0120482
0.0120492
0.0120869
0.0120699
0.012074
0.012005
0.00215159
0.00235374
0.01099
0.0127548
0.0119079
0.0120671
0.0120833
0.0120896
0.0121024
0.0121088
0.0121339
0.0121565
0.012169
0.0121656
0.0121519
0.0121257
0.0121342
0.0119408
0.0119649
0.0120859
0.0120136
0.0120067
0.0123421
0.0119991
0.0122174
0.012231
0.0122047
0.0122193
0.0121518
0.0121417
0.0121096
0.0120812
0.0121688
0.0120646
0.0121609
0.0121228
0.0121351
0.0121437
0.0121256
0.012098
0.012084
0.0121328
0.0121119
0.0121407
0.0121392
0.012089
0.0121235
0.0121084
0.0120983
0.0121255
0.012131
0.0120875
0.0121055
0.0121271
0.0121261
0.0121253
0.0121276
0.0121273
0.0120906
0.0120958
0.0121212
0.0121251
0.0121245
0.0120921
0.0121
0.0121078
0.0120992
0.0120924
0.0120946
0.0120912
0.0121194
0.012118
0.0121017
0.0121167
0.0121
0.0121166
0.0120939
0.0121122
0.012115
0.0121136
0.00508543
0.00715011
0.00758091
0.0118586
0.0123749
0.0121774
0.0120494
0.0120259
0.0119491
0.0120761
0.011992
0.0120772
0.0120403
0.0120616
0.0120989
0.0120802
0.0120914
0.012094
0.0120899
0.0120817
0.0120763
0.0120975
0.0120798
0.0120998
0.0120851
0.0120849
0.012083
0.0120851
0.0148227
0.00817189
0.0138436
0.0106505
0.0115764
0.0115177
0.0115731
0.0115671
0.0116157
0.0118806
0.011628
0.0116231
0.0118135
0.0117383
0.0117925
0.0120225
0.0119219
0.0119854
0.0120011
0.0119135
0.0119307
0.00521093
0.011185
0.0120062
0.0120264
0.0119333
0.0119776
0.012031
0.0121159
0.0119438
0.0119205
0.01193
0.0119399
0.011974
0.0119815
0.0120917
0.0121011
0.0120647
0.0120364
0.0120401
0.0120381
0.00957619
0.00938861
0.0116363
0.0120528
0.0120211
0.0118002
0.0117408
0.0120922
0.0120011
0.0119699
0.0120651
0.0121237
0.0120996
0.0120626
0.0120515
0.0120251
0.0120218
0.0120597
0.0120523
0.0120311
0.0120477
0.0120435
0.0120723
0.0120738
0.0120473
0.0120663
0.0120955
0.0120657
0.0120735
0.0121148
0.0121108
0.0121105
0.0120671
0.0120729
0.0120933
0.0120695
0.0120904
0.0120766
0.0120912
0.0085834
0.011244
0.0128831
0.0120643
0.0121318
0.0122286
0.0120945
0.0121814
0.0121162
0.0121215
0.0121562
0.0121332
0.0121342
0.0121217
0.012093
0.0121381
0.0121389
0.0121006
0.0121367
0.0121354
0.012131
0.0121296
0.0121094
0.012126
0.0129972
0.0157963
0.00999707
0.0117384
0.0119669
0.0120612
0.0120321
0.0120457
0.0119847
0.0119995
0.0120107
0.0120076
0.0120124
0.0120389
0.012037
0.0119213
0.0127639
0.0118302
0.0123629
0.0123037
0.0122803
0.0122914
0.0121588
0.0120361
0.0122876
0.0120691
0.0121315
0.0122229
0.0121445
0.012129
0.0121504
0.0121689
0.0121379
0.0121416
0.012157
0.0121591
0.0121251
0.0121516
0.0121554
0.0121528
0.0121153
0.0120965
0.0121459
0.0121333
0.0121332
0.0121331
0.0120994
0.0120813
0.0121367
0.0120984
0.0120857
0.0120805
0.0121325
0.0120801
0.0121067
0.0121194
0.0120955
0.0121062
0.0120889
0.0121079
0.0121279
0.0120838
0.0121246
0.0121249
0.0121088
0.0121072
0.0121186
0.0121055
0.0121206
0.0121016
0.0120953
0.0121008
0.0120907
0.0120945
0.0121124
0.0121162
0.0121113
0.0186521
0.00664033
0.0112414
0.0109084
0.0113791
0.0119655
0.0118156
0.0116809
0.0118933
0.0117449
0.0119166
0.0119495
0.0111459
0.0110667
0.0123839
0.0115699
0.0121063
0.0119351
0.0118216
0.0117711
0.0120598
0.0120429
0.0120803
0.0119932
0.0119931
0.0120656
0.0120288
0.0121174
0.0120409
0.0121142
0.0120966
0.0120408
0.0120897
0.0120658
0.0120641
0.0120598
0.0120774
0.0120597
0.0120807
0.0121152
0.0121165
0.0120955
0.0120995
0.0121083
0.0120648
0.012089
0.0120861
0.0120738
0.0120761
0.0120728
0.0120866
0.0121036
0.0120832
0.0121079
0.0117465
0.0124722
0.0120852
0.0119052
0.0120359
0.0122526
0.0118169
0.0119728
0.0119949
0.0121197
0.012082
0.0120059
0.0120049
0.0120761
0.0120321
0.0120139
0.0120624
0.0121011
0.0120522
0.0121076
0.0120858
0.0120477
0.0121301
0.0120474
0.0120557
0.0120524
0.0120543
0.012055
0.0120595
0.0120832
0.0120669
0.0121241
0.0120655
0.0120769
0.0120658
0.0120785
0.0121203
0.0120699
0.0120726
0.0120815
0.0120871
0.0120747
0.012096
0.0121052
0.0120813
0.0121077
