0.00969578
0.00969578
0.00974794
0.00968595
0.00976087
0.0096742
0.00953957
0.00967822
0.00981924
0.00982011
0.00982878
0.00975811
0.00981619
0.00964596
0.0096359
0.00968314
0.0095934
0.00976188
0.00979189
0.00974749
0.00962437
0.00978567
0.0097245
0.00977973
0.00971413
0.00974546
0.00967682
0.00972616
0.00965071
0.00966386
0.00973222
0.00974167
0.00971569
0.00963276
0.00973252
0.0097574
0.00975088
0.00963799
0.00972868
0.00971406
0.00964577
0.00974774
0.0096539
0.00974251
0.00966006
0.00972588
0.00965357
0.00969777
0.00966328
0.00967102
0.0096592
0.00973371
0.00966939
0.00972873
0.00969346
0.00970498
0.00966124
0.00967469
0.00966473
0.0292664
0.00991518
0.00823513
0.00826633
0.0107159
0.0086684
0.00985873
0.0106475
0.00892398
0.00905413
0.0101037
0.0103424
0.0103459
0.00990114
0.00939163
0.00966605
0.0101642
0.00945999
0.0100488
0.00992686
0.010054
0.00972883
0.00952953
0.00941924
0.00970938
0.00959654
0.00995378
0.00333737
0.00969289
0.00789122
0.00853483
0.0109248
0.00992236
0.00856973
0.00859806
0.00875611
0.0104268
0.00888971
0.00902367
0.0103952
0.00904071
0.0103241
0.00921115
0.00917403
0.00918843
0.00963559
0.00980032
0.0100546
0.0096239
0.00935117
0.00950507
0.00946214
0.00959216
0.00938565
0.00995705
0.00945657
0.00988975
0.00651593
0.00890258
0.0107967
0.00931293
0.00901358
0.00982494
0.0103166
0.0100788
0.00942963
0.00994251
0.00948862
0.00924346
0.00923447
0.0092695
0.00932764
0.0100609
0.00935112
0.0100467
0.00962324
0.00992193
0.0099935
0.00987975
0.00944616
0.00943909
0.0096838
0.00989068
0.0098906
0.00949638
0.0096957
0.00985796
0.00963798
0.00959929
0.00911053
0.00884677
0.00872328
0.00937868
0.00980774
0.00907736
0.00907407
0.0101826
0.00918942
0.00922698
0.00924115
0.0099229
0.00930168
0.00930341
0.00996384
0.00947196
0.00952709
0.00944784
0.00944194
0.00979814
0.00984345
0.0095837
0.00973979
0.00990356
0.00950251
0.00984732
0.00969578
0.00971022
0.0101115
0.00941224
0.00923129
0.0098176
0.0093296
0.0100045
0.00941201
0.00962806
0.00995346
0.0094913
0.00968861
0.00947364
0.00949176
0.00973228
0.00961925
0.0097283
0.0098091
0.00952091
0.00984997
0.00966908
0.00982666
0.00983068
0.00956821
0.0098082
0.00981602
0.00967199
0.00978312
0.00967944
0.00968521
0.00710814
0.010579
0.00867205
0.00993633
0.00890438
0.0106165
0.00993194
0.010497
0.00884384
0.00994362
0.00895586
0.00908368
0.00956161
0.00980521
0.00976235
0.00912442
0.00919327
0.00965928
0.0100956
0.00961341
0.010065
0.00951415
0.00993223
0.00965334
0.00936827
0.00939307
0.00958296
0.00994197
0.00970695
0.0096975
0.00969136
0.00989923
0.00957913
0.00981157
0.00983478
0.00981672
0.00980214
0.00965645
0.00966777
0.00960557
0.00977164
0.00964475
0.00969572
0.00973826
0.00971442
0.00966789
0.00963328
0.00975894
0.00974323
0.00964305
0.00965052
0.00973752
0.00973915
0.00966965
0.00968502
0.00972342
0.00973225
0.00969183
0.00971943
0.00870164
0.00523588
0.00957128
0.00796441
0.00927666
0.00835883
0.00817164
0.00841217
0.0084923
0.0101152
0.00911447
0.00902774
0.0104247
0.0102929
0.00977066
0.0103262
0.00891198
0.00905873
0.00904309
0.00908356
0.00917574
0.00915389
0.00925633
0.00921256
0.00949057
0.00964481
0.00937555
0.00931108
0.00956199
0.00941342
0.00949784
0.00941236
0.00975499
0.00971599
0.00985898
0.00971906
0.00952959
0.00987198
0.00956007
0.00953983
0.0098408
0.00982478
0.00979164
0.00979334
0.00981114
0.00979328
0.00973607
0.00972533
0.0095967
0.00963063
0.00960808
0.00974615
0.00967393
0.00962754
0.00969333
0.00976184
0.00975712
0.00972784
0.00974409
0.00966119
0.00962717
0.00966072
0.00937777
0.0094656
0.00917616
0.00981135
0.00913505
0.00923423
0.0101469
0.0101451
0.00973954
0.00987611
0.0093
0.00971033
0.00958406
0.00997625
0.00983586
0.00998434
0.00954298
0.00953192
0.00993125
0.0096385
0.0098868
0.00966905
0.00988285
0.00961115
0.00951785
0.0096486
0.00985024
0.00969129
0.00842874
0.0101228
0.00924239
0.00980252
0.00934557
0.0102181
0.00980932
0.0101915
0.00919442
0.00982173
0.00928433
0.00931025
0.00962886
0.00975509
0.00973281
0.00935967
0.00940833
0.00967763
0.0099348
0.00965167
0.00991846
0.00959485
0.00983428
0.00967272
0.00949528
0.00951538
0.00963143
0.00984635
0.00970307
0.000154267
0.00959533
0.011524
0.00777092
0.00837025
0.00855372
0.0108394
0.0103914
0.00836721
0.0104212
0.00861139
0.00946823
0.0104469
0.00884674
0.0103862
0.0101922
0.00899713
0.00992107
0.00909798
0.00915911
0.00989312
0.00936074
0.00960738
0.00977796
0.00992482
0.00972157
0.00986461
0.00996131
0.0093929
0.00969578
0.0106727
0.00963298
0.00904812
0.00906589
0.00916065
0.00922998
0.00925932
0.00993157
0.00929706
0.0094804
0.00946487
0.0095527
0.00962347
0.00992751
0.00970515
0.00967573
0.00981255
0.00947485
0.00975722
0.00989254
0.00952147
0.00964619
0.00985468
0.0095434
0.00985158
0.0095532
0.00978024
0.00970615
0.00969657
0.00969578
0.00969168
0.00969901
0.00963779
0.00972238
0.0100649
0.00999153
0.00973683
0.00999421
0.00975252
0.00995826
0.00978116
0.00948631
0.00979748
0.00963858
0.00990618
0.009894
0.00968093
0.0098615
0.009896
0.009618
0.00966196
0.00953668
0.0098411
0.009539
0.00955955
0.00974463
0.00984983
0.00955087
0.00958153
0.00976957
0.0097122
0.00970141
0.00967627
0.00963468
0.00957208
0.0098119
0.00969166
0.0097386
0.00980904
0.00980737
0.00963705
0.00972655
0.00972242
0.00972777
0.00979178
0.00978411
0.00966766
0.00973635
0.00978385
0.00971678
0.00975
0.00977028
0.00968492
0.00971983
0.00964004
0.0110608
0.00969635
0.00970827
0.00972934
0.00954358
0.00970181
0.0101007
0.00954025
0.00965761
0.00965703
0.00938327
0.00938183
0.00990681
0.00976819
0.00994147
0.00979876
0.00944562
0.0094791
0.00969639
0.00991831
0.00965872
0.00978048
0.00954421
0.00956613
0.00950379
0.00949533
0.00956117
0.00978894
0.00951757
0.00982349
0.00952436
0.00969613
0.00959854
0.00979304
0.00953842
0.00984634
0.00954682
0.00968468
0.00984224
0.00972848
0.00979837
0.00980481
0.00958921
0.00968647
0.00979601
0.00957849
0.00958099
0.0097939
0.00958479
0.00961358
0.00977259
0.00979689
0.00979413
0.00979425
0.00960156
0.0096693
0.00977926
0.00964719
0.00963293
0.00969578
0.0118457
0.00932124
0.00765096
0.00715514
0.00910763
0.0104056
0.00934635
0.00856659
0.00961932
0.00865189
0.00866038
0.00997174
0.00870802
0.00874923
0.0101079
0.00932015
0.00943412
0.00915796
0.010147
0.0101048
0.00980515
0.0100008
0.00919658
0.00935503
0.00923182
0.00929434
0.00932843
0.0096487
0.00960683
0.00920516
0.00896979
0.00884241
0.00942942
0.00978835
0.00915966
0.00915371
0.0101264
0.00924411
0.00927873
0.0092931
0.00989424
0.00934795
0.00934844
0.00993303
0.00949824
0.00954634
0.00947586
0.00947011
0.00978587
0.00982677
0.0095956
0.00973434
0.00988278
0.0095215
0.00983196
0.00973252
0.0101273
0.00969797
0.00958952
0.0101396
0.0099927
0.00986968
0.00942596
0.00988401
0.00976572
0.00988724
0.00961657
0.00988977
0.0098204
0.00977185
0.00949437
0.00985732
0.00974911
0.00959679
0.00987524
0.00973849
0.00986965
0.00982093
0.00967587
0.00969951
0.00985054
0.0097098
0.00980253
0.00959678
0.00962538
0.00982612
0.00967569
0.0097032
0.00971168
0.00968987
0.00980697
0.00968621
0.00969436
0.00962637
0.00977743
0.0097265
0.00979138
0.0097214
0.00972102
0.0096946
0.00977276
0.00961856
0.00976091
0.00969475
0.00962076
0.00977121
0.00964767
0.00976292
0.00976452
0.0096611
0.00962929
0.00968879
0.00968739
0.00827101
0.00975594
0.0105715
0.0098625
0.00909472
0.00985728
0.00931178
0.0101574
0.00980007
0.0101162
0.00981926
0.00953195
0.00988779
0.0100344
0.00927847
0.0100299
0.00955618
0.00933839
0.0100036
0.00996281
0.00990851
0.00994118
0.00972469
0.00943449
0.00988107
0.00955797
0.00948832
0.00969578
0.00982774
0.0096754
0.00970772
0.0101678
0.0099288
0.00930133
0.00938513
0.00986973
0.00983117
0.00941682
0.00961476
0.00943724
0.00946732
0.00987538
0.0094716
0.00950201
0.00981302
0.00983366
0.00951871
0.00982516
0.00965336
0.00968372
0.00972561
0.00969182
0.00958202
