0.0251372
0.0252108
0.0251414
0.0251537
0.0251465
0.0251638
0.0251419
0.0251568
0.0251352
0.0251503
0.0251488
0.0251519
0.0251325
0.0251466
0.0251483
0.02515
0.025144
0.0251486
0.0251376
0.0251445
0.0251472
0.0251479
0.0251476
0.0251432
0.0251363
0.025145
0.0251464
0.0251456
0.0251418
0.025145
0.0251438
0.0251432
0.0251344
0.0251422
0.0251441
0.025143
0.0251442
0.0251437
0.0251414
0.0251378
0.0251417
0.0251417
0.025137
0.0251364
0.0251361
0.025141
0.0251404
0.0251397
0.0251382
0.0251414
0.025139
0.0251354
0.0251413
0.0251411
0.0251411
0.0251376
0.0265031
0.0252832
0.0252903
0.0252447
0.0252207
0.0252248
0.0252682
0.0252794
0.0251105
0.0252358
0.0252297
0.0251404
0.025194
0.0251611
0.0251881
0.0251882
0.0251148
0.0251774
0.025125
0.0251227
0.025173
0.0251225
0.0251619
0.0251339
0.0251617
0.0251637
0.0251602
0.0251406
0.0251372
0.0250612
0.0250899
0.0250064
0.0251899
0.0251448
0.0250681
0.0250601
0.0250462
0.0251697
0.0250665
0.0250928
0.0250882
0.0251202
0.0251498
0.0250898
0.0251221
0.0251615
0.0250984
0.0251095
0.0251276
0.0251489
0.0251073
0.0251471
0.0251397
0.0251523
0.0251194
0.0251271
0.025146
0.0251233
0.0251372
0.0251062
0.0251176
0.0250794
0.0251733
0.0251416
0.0250911
0.0250883
0.0250864
0.0251587
0.0250989
0.0251134
0.0251101
0.0251274
0.0251451
0.0251071
0.0251282
0.025154
0.025112
0.0251182
0.0251312
0.0251449
0.0251173
0.0251438
0.0251388
0.0251476
0.0251258
0.0251307
0.0251432
0.0251281
0.0251372
0.0245018
0.0248796
0.0250212
0.0249823
0.0249569
0.025019
0.0250498
0.0250075
0.0249853
0.0250992
0.0250186
0.0250365
0.0250369
0.0250547
0.0250565
0.025061
0.0250581
0.0251398
0.0250637
0.0250818
0.0251362
0.0250922
0.0250762
0.0250885
0.0251103
0.0251372
0.0251347
0.0251308
0.0251285
0.0251255
0.0251058
0.0251353
0.0251119
0.0251185
0.025123
0.0251193
0.0251195
0.0251356
0.0251472
0.0251422
0.0251238
0.0251324
0.0251443
0.0251421
0.0251255
0.0251265
0.0251271
0.0251271
0.0251329
0.0251383
0.0251386
0.0251325
0.0251353
0.0202303
0.0247958
0.0248069
0.0251708
0.0249505
0.0249674
0.0250807
0.024991
0.0249886
0.0249943
0.0250747
0.0250282
0.0250409
0.0250795
0.0250842
0.0250942
0.0250767
0.0251253
0.0250853
0.0251472
0.0251159
0.0251037
0.0250805
0.0250861
0.0251353
0.0251082
0.025142
0.0251372
0.0251474
0.0251498
0.0251579
0.025145
0.0251444
0.0251508
0.0251484
0.0251404
0.0251446
0.0251424
0.0251447
0.0251455
0.025146
0.0251443
0.0251409
0.0251417
0.0251409
0.0251435
0.0251412
0.0251385
0.0251428
0.0251412
0.0251418
0.0251374
0.0251399
0.02514
0.0251407
0.02514
0.0251402
0.0251372
0.0248303
0.0242651
0.0248107
0.0244848
0.0248076
0.0248973
0.0246487
0.0246482
0.0247138
0.0247829
0.0247745
0.0250829
0.0249077
0.0249329
0.0250705
0.024867
0.0249462
0.0248905
0.0251465
0.024966
0.0249597
0.0250512
0.0249761
0.0249924
0.025062
0.0250275
0.0250613
0.0250518
0.0250226
0.0251372
0.0251239
0.0251398
0.0251255
0.0251545
0.0251539
0.0251314
0.0251474
0.0251298
0.0251475
0.0251473
0.0251369
0.0251373
0.0251437
0.0251393
0.0251424
0.0251437
0.0251336
0.0251435
0.0251434
0.0251415
0.0251399
0.0251422
0.0251341
0.0251417
0.0251409
0.0251408
0.0251376
0.0251384
0.0251306
0.0250251
0.0251605
0.0250819
0.0250246
0.0250307
0.0250589
0.0250761
0.0250607
0.0251117
0.0250469
0.0250807
0.0251078
0.0250659
0.0250692
0.0251276
0.0251032
0.0250856
0.0251154
0.0250915
0.0250971
0.0251462
0.0250961
0.0251006
0.0251351
0.025105
0.0251023
0.0251055
0.0251174
0.0251163
0.0251372
0.0249332
0.025011
0.025104
0.0250688
0.0250765
0.0250515
0.0250709
0.0250936
0.0250951
0.0250753
0.0250786
0.0250806
0.0250885
0.0251103
0.0251123
0.0251233
0.0251186
0.0251075
0.0251243
0.02514
0.0251399
0.0251342
0.0251185
0.0251256
0.0251372
0.0235137
0.0244135
0.02474
0.0246594
0.0247843
0.0247088
0.0249005
0.0248447
0.0248972
0.0250805
0.0250272
0.0248864
0.0249865
0.0251591
0.0250208
0.0251377
0.0249632
0.0249898
0.0250287
0.0250043
0.0250578
0.0250196
0.0251066
0.0251053
0.0250571
0.0250764
0.0250554
0.025073
0.0251372
0.0249073
0.0250886
0.0250782
0.0250593
0.0250879
0.0251032
0.0250938
0.0250891
0.0251405
0.0251122
0.0250994
0.0250926
0.0251157
0.0250979
0.0251376
0.0251238
0.0251033
0.0251253
0.0251376
0.0251302
0.0251376
0.0251118
0.0251458
0.0251161
0.0251357
0.0251196
0.0251179
0.025144
0.025128
0.0254348
0.0251374
0.0251737
0.025232
0.025233
0.0251498
0.0251321
0.0251577
0.0251651
0.0251574
0.0251244
0.0251819
0.0251714
0.025177
0.0251706
0.0251704
0.0251559
0.0251604
0.0251565
0.0251638
0.0251702
0.0251635
0.025148
0.0251572
0.0251585
0.0251602
0.0251612
0.0251459
0.025163
0.0251529
0.025162
0.0251503
0.0251496
0.0251536
0.0251593
0.0251413
0.0251554
0.0251471
0.0251549
0.0251508
0.0251554
0.0251333
0.0251549
0.0251361
0.0251479
0.0251532
0.0251531
0.0251511
0.0251465
0.0251511
0.025135
0.0251509
0.0251506
0.025147
0.0251493
0.0251466
0.0251335
0.0251465
0.0251479
0.0253842
0.0251372
0.025265
0.0251422
0.0251452
0.0251587
0.0251895
0.0251978
0.0251692
0.0251684
0.0251918
0.0251245
0.0251661
0.0251753
0.0251666
0.0251646
0.0251756
0.0251769
0.0251697
0.0251438
0.0251742
0.0251606
0.025169
0.0251568
0.0251687
0.0251612
0.0251679
0.0251654
0.0251622
0.0251636
0.025154
0.0251309
0.0251628
0.0251385
0.0251333
0.0251328
0.0251541
0.0251453
0.0251551
0.0251579
0.0251563
0.0251543
0.025145
0.02514
0.0251467
0.0251546
0.0251546
0.0251449
0.0251438
0.0251448
0.0251441
0.0251413
0.0251338
0.0251495
0.0251503
0.0251436
0.0251339
0.0251487
0.0251491
0.0251235
0.023092
0.0247682
0.0247092
0.0251214
0.0242773
0.0248658
0.0249877
0.0244052
0.0245134
0.025051
0.0245514
0.0251525
0.0247742
0.0247132
0.0247228
0.0247655
0.0249538
0.0248507
0.0249009
0.0248556
0.0251471
0.0249716
0.0249808
0.0250454
0.0249231
0.0249235
0.0238452
0.0251132
0.0250011
0.0249951
0.0249479
0.0249393
0.0249781
0.0251241
0.0249931
0.0249864
0.0250235
0.0251202
0.0250355
0.0251505
0.0250274
0.0250347
0.0251171
0.0251223
0.0250758
0.0250634
0.0250847
0.0250851
0.025106
0.0250963
0.0251117
0.0251214
0.0250955
0.0251062
0.0251191
0.0251374
0.0253919
0.0251372
0.0251802
0.025177
0.0251477
0.0251583
0.0251652
0.0251682
0.0251623
0.0251711
0.0251747
0.0251341
0.0251611
0.0251645
0.02516
0.0251425
0.0251676
0.0251492
0.0251612
0.0251433
0.0251578
0.0251481
0.0251536
0.0251554
0.0251312
0.0251474
0.0251512
0.0251402
0.0251488
0.0251592
0.0251584
0.0251517
0.0251563
0.0251532
0.0251559
0.0251543
0.0251491
0.0251522
0.0251526
0.0251536
0.0251412
0.0251371
0.02515
0.0251481
0.0251507
0.0251486
0.0251421
0.0251486
0.025136
0.0251489
0.0251487
0.0251472
0.0251453
0.0251388
0.0251419
0.0251425
0.0233855
0.0246232
0.0247813
0.0248825
0.0251592
0.0251222
0.0248955
0.0249403
0.0250323
0.0250886
0.0249496
0.025043
0.0250466
0.0250229
0.0250571
0.0250073
0.025015
0.0250765
0.0250572
0.0250405
0.0250559
0.025048
0.0250959
0.0250576
0.0250629
0.0251176
0.0250714
0.0250735
0.025097
0.024638
0.0250153
0.0250859
0.0250917
0.0250869
0.0250678
0.0250645
0.0251056
0.0251106
0.0250852
0.0250848
0.0250853
0.0251087
0.025106
0.0250907
0.0251133
0.0251064
0.0251444
0.025117
0.0251046
0.0251048
0.0251078
0.0251154
0.0251094
0.0251118
0.0251211
0.0251169
0.0251155
0.025126
