0.0252966
0.02506
0.0250754
0.025061
0.025092
0.0250629
0.0250738
0.0250681
0.0250712
0.0250671
0.0250706
0.0250729
0.0250723
0.0250701
0.0250641
0.0250715
0.0250672
0.0250713
0.0250708
0.0250677
0.0250706
0.025071
0.0250633
0.0250654
0.0250697
0.0250637
0.0250689
0.0250692
0.0250642
0.0250669
0.0250679
0.025068
0.0250612
0.0250646
0.0250675
0.0250664
0.0250634
0.0250629
0.0250664
0.0250642
0.0250666
0.0250616
0.0250659
0.0250648
0.0250653
0.0250631
0.0250627
0.0250648
0.0250638
0.0250614
0.0250645
0.0250602
0.0250594
0.0250639
0.0250645
0.0250637
0.025062
0.0250613
0.0250632
0.025062
0.02506
0.0254694
0.0250923
0.0251475
0.0252315
0.0250944
0.0251545
0.0251753
0.0251086
0.0250537
0.02505
0.025103
0.0250569
0.0250527
0.0251093
0.0250846
0.0250572
0.0250654
0.025065
0.0250969
0.0250732
0.0250639
0.0250911
0.0250698
0.0250698
0.0250728
0.0250831
0.0250776
0.0250801
0.0250785
0.02506
0.0249794
0.0250006
0.0250099
0.0249882
0.0250256
0.02497
0.0250718
0.0250019
0.0250047
0.0250533
0.0250696
0.0250277
0.0250576
0.0250316
0.0250334
0.0250422
0.025068
0.0250385
0.0250328
0.0250531
0.0250373
0.0250606
0.0250605
0.0250489
0.0250484
0.0250488
0.0250472
0.0250481
0.02506
0.0250271
0.0250353
0.0250394
0.0250294
0.025041
0.0250174
0.0250678
0.0250255
0.025027
0.0250559
0.0250664
0.025039
0.0250585
0.0250413
0.0250425
0.0250478
0.0250655
0.0250456
0.0250427
0.0250556
0.0250459
0.0250604
0.0250604
0.0250524
0.0250525
0.0250523
0.0250513
0.0250519
0.0250591
0.0246699
0.0249449
0.0248668
0.0249458
0.0248836
0.025009
0.0249037
0.0249294
0.0250649
0.025021
0.0250436
0.0250232
0.0250044
0.0249596
0.0249849
0.0249743
0.0249782
0.0249794
0.0250002
0.0250024
0.0250493
0.0250411
0.0250566
0.0250061
0.0250533
0.0250292
0.0250555
0.0250421
0.0250397
0.0250409
0.0250502
0.0250571
0.0250557
0.0250427
0.0250425
0.025052
0.0250512
0.0250656
0.0250633
0.0250593
0.0250484
0.0250488
0.0250501
0.025051
0.0250539
0.0250527
0.0250524
0.025058
0.0250541
0.0250539
0.0250541
0.0250594
0.0250552
0.0250563
0.0250059
0.0243253
0.0248363
0.0249437
0.0248879
0.024888
0.0248972
0.0250262
0.025048
0.0249371
0.0249163
0.0249609
0.0249372
0.0249786
0.0249497
0.0249684
0.0250114
0.0249992
0.0249912
0.025
0.0249902
0.0250414
0.0250063
0.025023
0.0250385
0.0250288
0.025049
0.0250366
0.0250233
0.0250609
0.0250934
0.025073
0.0250754
0.0250675
0.0250683
0.0250714
0.0250594
0.0250669
0.0250634
0.0250687
0.0250659
0.0250625
0.0250654
0.025067
0.0250654
0.0250659
0.0250618
0.0250623
0.0250592
0.0250605
0.0250647
0.0250641
0.0250623
0.0250594
0.0250615
0.0250635
0.0250604
0.0216121
0.0230015
0.024988
0.0243496
0.0245064
0.0244801
0.0246353
0.0247573
0.0249235
0.0245973
0.0249203
0.0249363
0.0248722
0.0248436
0.0247174
0.0249168
0.025034
0.0249014
0.0248972
0.0248642
0.0250397
0.0248922
0.0249668
0.0249114
0.0249216
0.0249548
0.0250337
0.0250626
0.0251233
0.0250685
0.025075
0.0250705
0.0250651
0.0250608
0.0250655
0.0250651
0.0250645
0.0250659
0.025067
0.0250665
0.0250667
0.0250618
0.0250601
0.0250657
0.025064
0.0250625
0.0250636
0.025058
0.0250633
0.0250635
0.0250633
0.0250633
0.0250632
0.0250598
0.0250627
0.0250624
0.0250326
0.0248543
0.024956
0.0249926
0.024997
0.0249576
0.0249888
0.0249594
0.0250072
0.0250168
0.0250166
0.0250251
0.0249829
0.0250029
0.0249941
0.0250183
0.0250172
0.0250585
0.0250439
0.0250567
0.0250131
0.0250345
0.0250487
0.0250205
0.02503
0.0250247
0.0250286
0.025041
0.0250465
0.0250381
0.0247055
0.0249694
0.0250132
0.0249781
0.0249874
0.0249884
0.0250392
0.0250536
0.0249973
0.024991
0.025011
0.0250007
0.025016
0.0250046
0.0250122
0.0250321
0.0250278
0.0250238
0.0250279
0.0250228
0.0250487
0.0250309
0.0250386
0.0250471
0.0250425
0.0250537
0.0250468
0.0250394
0.0237444
0.0250471
0.0249669
0.0248834
0.0245111
0.0246131
0.0247551
0.0250234
0.0249703
0.0250182
0.02499
0.0249596
0.0248738
0.0250261
0.0249733
0.0249358
0.0249745
0.0250413
0.024977
0.0250031
0.0250338
0.024999
0.0249935
0.0249558
0.0249981
0.0249982
0.0250351
0.0247972
0.0248482
0.0249655
0.0250099
0.0250189
0.0249904
0.0250113
0.0250147
0.0250331
0.0250252
0.0250585
0.0250508
0.0250213
0.0250604
0.0250287
0.0250513
0.0250368
0.0250514
0.0250387
0.025054
0.0250367
0.02504
0.0250393
0.0250398
0.0250457
0.0250442
0.0250497
0.02506
0.0250604
0.0250736
0.0250889
0.0250689
0.025135
0.025103
0.0250897
0.0250811
0.025095
0.0250907
0.0250927
0.0250954
0.0250916
0.0250929
0.0250938
0.0250671
0.0250919
0.0250865
0.025091
0.025091
0.0250579
0.0250692
0.02508
0.0250786
0.0250857
0.0250852
0.0250714
0.025068
0.0250818
0.0250822
0.0250576
0.0250812
0.0250615
0.0250603
0.0250752
0.0250776
0.0250761
0.0250685
0.0250646
0.0250654
0.025067
0.025076
0.0250664
0.0250635
0.0250708
0.025058
0.0250685
0.0250716
0.0250657
0.0250629
0.0250718
0.0250624
0.0250652
0.0250711
0.0250708
0.0250652
0.02506
0.0253123
0.0251653
0.0251439
0.0250804
0.0250899
0.0250782
0.0251168
0.0250898
0.0251049
0.0250969
0.025093
0.0250913
0.0250858
0.0251001
0.0250918
0.0250766
0.0250934
0.0250906
0.0250684
0.0250759
0.0250749
0.0250686
0.0250731
0.0250861
0.0250856
0.0250835
0.0250863
0.0250757
0.0250818
0.0250696
0.0250833
0.0250672
0.0250804
0.0250654
0.0250598
0.0250659
0.0250706
0.0250709
0.0250787
0.0250739
0.0250669
0.0250737
0.0250638
0.0250724
0.0250685
0.0250758
0.0250693
0.0250576
0.0250698
0.0250693
0.0250693
0.0250735
0.0250697
0.0250651
0.025064
0.0250709
0.0250722
0.0250591
0.0250654
0.0239792
0.0236122
0.0234429
0.0245442
0.0240952
0.0246437
0.0242814
0.0248665
0.0248219
0.0243351
0.0244027
0.0248878
0.0245093
0.0247194
0.0249534
0.0248064
0.0247091
0.0248115
0.0250377
0.0250299
0.0249966
0.0248214
0.0248284
0.0248249
0.025032
0.0249551
0.0250593
0.0247185
0.0249644
0.0248888
0.0249575
0.0249046
0.0250138
0.0249233
0.0249454
0.0250643
0.025025
0.0250452
0.0250269
0.0250101
0.024971
0.0249929
0.0249835
0.0249869
0.024988
0.0250063
0.0250082
0.0250502
0.0250429
0.0250569
0.0250114
0.0250603
0.0250608
0.0251593
0.025074
0.0251335
0.0250854
0.0250894
0.0251013
0.0251039
0.0250918
0.0250909
0.0250895
0.0250675
0.0250882
0.0250888
0.0250781
0.0250872
0.0250594
0.0250877
0.0250666
0.0250664
0.0250816
0.0250651
0.0250858
0.0250833
0.0250645
0.0250687
0.0250737
0.0250764
0.0250643
0.0250793
0.0250639
0.025076
0.0250746
0.0250685
0.0250721
0.0250727
0.0250745
0.0250653
0.0250714
0.0250682
0.0250579
0.025075
0.0250651
0.0250739
0.0250715
0.0250601
0.0250633
0.0250669
0.0250719
0.0250635
0.0250627
0.025071
0.0250689
0.0250702
0.0250634
0.0250684
0.0250607
0.0250685
0.02506
0.0245519
0.024568
0.0249015
0.0248672
0.0248235
0.024838
0.0248747
0.0248754
0.0248969
0.024986
0.0249907
0.024929
0.0249382
0.0249996
0.0249543
0.0249886
0.0250357
0.0249896
0.0249624
0.0250425
0.025043
0.024982
0.0249843
0.0250018
0.0249938
0.0250448
0.02502
0.02506
0.025035
0.0249373
0.0249752
0.0249828
0.025066
0.0250225
0.0249962
0.025044
0.0250155
0.0250387
0.0250303
0.0250278
0.025024
0.0250158
0.0250206
0.0250322
0.0250513
0.0250384
0.0250451
0.0250539
0.0250622
0.0250366
0.0250333
0.0250499
0.0250396
0.025047
0.025053
0.0250515
0.0250508
