0.0252276
0.0250429
0.0250348
0.0250731
0.0250623
0.0250665
0.0250567
0.0250458
0.0250466
0.0250464
0.0250501
0.0250448
0.0250448
0.0250328
0.0250417
0.0250444
0.0250421
0.0250432
0.0250457
0.0250428
0.0250451
0.0250435
0.0250432
0.0250445
0.0250374
0.0250407
0.0250428
0.025039
0.0250405
0.025037
0.0250367
0.02504
0.0250419
0.0250417
0.0250406
0.0250409
0.0250371
0.0250341
0.025041
0.0250387
0.0250363
0.025039
0.0250357
0.0250401
0.02504
0.0250398
0.0250381
0.0250379
0.0250393
0.0250362
0.025035
0.0250349
0.0250376
0.0250365
0.0250381
0.0250367
0.0250354
0.0250343
0.0250409
0.0253159
0.0250732
0.0251972
0.025046
0.0251179
0.0250631
0.0250754
0.0251213
0.0251099
0.0250169
0.0250577
0.0250719
0.0250799
0.0250834
0.0250799
0.0250694
0.0250597
0.0250295
0.0250633
0.0250527
0.0250512
0.0250528
0.0250252
0.0250518
0.0250466
0.0250338
0.0250514
0.0240053
0.0248383
0.0250311
0.024945
0.0249831
0.0250467
0.0249499
0.0249524
0.0249562
0.0250084
0.0250272
0.0250007
0.0250035
0.0249928
0.0249956
0.0250317
0.025018
0.0250065
0.0250194
0.0250232
0.0250085
0.0250242
0.0250215
0.0250154
0.0250415
0.0250308
0.0250344
0.0250214
0.0245251
0.02495
0.0250323
0.0249927
0.0250078
0.0250424
0.0249951
0.0249894
0.024993
0.0250164
0.02503
0.0250123
0.0250166
0.0250104
0.0250119
0.0250327
0.025023
0.0250162
0.0250239
0.0250273
0.0250182
0.0250279
0.0250261
0.0250217
0.0250392
0.025032
0.0250344
0.0250255
0.0228158
0.0248987
0.0247958
0.0248003
0.0248072
0.0248604
0.0248403
0.0248448
0.0249364
0.025002
0.0248909
0.024906
0.0249279
0.0249326
0.0249942
0.0249302
0.025019
0.0250346
0.024956
0.0250346
0.0250386
0.024995
0.0249582
0.0249825
0.0249955
0.0249957
0.0249928
0.0250224
0.0249789
0.0249894
0.0250343
0.0249806
0.0250005
0.0250223
0.0250099
0.0250157
0.0250442
0.0250124
0.025018
0.0250215
0.0250409
0.0250413
0.0250206
0.0250237
0.025024
0.0250242
0.0250328
0.0250325
0.0250245
0.0250367
0.0250256
0.0250259
0.0250254
0.0250262
0.0250315
0.0250301
0.025031
0.0250291
0.025029
0.0250352
0.0250329
0.0248428
0.024813
0.0247699
0.0248128
0.0249822
0.0248414
0.0249233
0.0248853
0.0249921
0.0248956
0.024911
0.0249933
0.0249752
0.0249349
0.0249784
0.0249794
0.0250183
0.0249604
0.0249678
0.0249703
0.0249883
0.0249922
0.0250227
0.0249879
0.0250067
0.0249896
0.0250247
0.0250011
0.0250368
0.0250387
0.0250411
0.0250342
0.0250444
0.0250421
0.0250453
0.0250439
0.0250441
0.0250425
0.0250426
0.0250425
0.0250422
0.0250404
0.0250413
0.0250392
0.0250394
0.0250355
0.0250379
0.0250392
0.0250378
0.0250383
0.0250384
0.0250341
0.0250334
0.025034
0.0250378
0.0250369
0.0250375
0.0250343
0.0248662
0.0248411
0.0241468
0.0243706
0.024455
0.0247576
0.0247874
0.0245898
0.024835
0.0249405
0.0248584
0.0247223
0.0249465
0.0247996
0.0247543
0.0247941
0.0247883
0.024999
0.0249634
0.0250316
0.0249317
0.0249112
0.0249707
0.0250248
0.0248927
0.0249093
0.0249256
0.0250343
0.0250352
0.0250371
0.0250542
0.0250493
0.0250427
0.025041
0.0250381
0.0250419
0.0250302
0.0250423
0.0250423
0.0250406
0.0250398
0.0250406
0.0250322
0.0250401
0.0250395
0.0250374
0.0250354
0.0250383
0.0250328
0.0250341
0.0250324
0.0250376
0.0250366
0.0250373
0.0250348
0.0250343
0.0247757
0.0249977
0.0249915
0.0249962
0.0249302
0.0250112
0.0250445
0.0249809
0.0249535
0.0249653
0.0250257
0.0250396
0.0249916
0.0249727
0.0249782
0.0249938
0.0250293
0.0249851
0.0250077
0.0249942
0.0250171
0.0250117
0.0250032
0.0250079
0.0250057
0.0250328
0.0250218
0.0250337
0.0249581
0.0249213
0.024922
0.0249402
0.0250065
0.0249482
0.0249741
0.0249657
0.0250119
0.0249686
0.024974
0.0250123
0.0250007
0.0249832
0.0250026
0.025005
0.0250243
0.0249949
0.0249983
0.0249999
0.0250081
0.0250102
0.0250278
0.0250082
0.0250188
0.0250094
0.0250283
0.0250157
0.021408
0.0244763
0.0247233
0.0247456
0.0245537
0.0245879
0.0246589
0.0249127
0.0246258
0.0248744
0.025041
0.0247159
0.0249168
0.0248723
0.0248154
0.0249081
0.0249558
0.0249338
0.0249453
0.0250393
0.0248968
0.0249284
0.0249538
0.0249844
0.0250118
0.0249348
0.0250157
0.0249675
0.0249971
0.0249968
0.02425
0.0249469
0.0249201
0.0249398
0.0249925
0.0249754
0.0249896
0.0249823
0.0250189
0.0250256
0.0250166
0.0249967
0.0250132
0.0250358
0.0250299
0.0250068
0.0250099
0.0250184
0.0250388
0.0250084
0.0250094
0.0250121
0.0250159
0.0250292
0.0250359
0.0250163
0.0250178
0.0250243
0.0250343
0.0250943
0.0250583
0.025121
0.0250532
0.025088
0.0250821
0.0250499
0.0250845
0.0250696
0.0250735
0.0250525
0.0250686
0.0250469
0.0250482
0.0250485
0.0250671
0.0250428
0.0250605
0.0250365
0.025059
0.0250642
0.0250448
0.0250579
0.025048
0.0250551
0.0250589
0.0250601
0.0250593
0.0250587
0.0250393
0.025039
0.0250538
0.025056
0.0250427
0.0250508
0.0250499
0.025052
0.0250323
0.0250458
0.0250525
0.0250471
0.0250508
0.0250356
0.0250499
0.0250481
0.0250467
0.0250487
0.0250428
0.025032
0.0250429
0.0250372
0.0250473
0.0250451
0.0250395
0.0250356
0.0250452
0.0250425
0.0250343
0.0250343
0.0250372
0.0250374
0.0250566
0.0250473
0.025108
0.0250833
0.0250823
0.0250856
0.0250782
0.0250798
0.0250343
0.0250483
0.0250677
0.0250541
0.0250551
0.025071
0.0250525
0.0250518
0.0250684
0.0250525
0.0250512
0.0250605
0.0250434
0.025063
0.0250594
0.025052
0.0250494
0.0250458
0.0250541
0.0250558
0.025051
0.0250572
0.0250576
0.0250491
0.0250395
0.0250546
0.0250479
0.0250424
0.0250537
0.0250336
0.0250432
0.0250481
0.0250483
0.0250489
0.0250383
0.025048
0.0250497
0.025048
0.0250488
0.0250333
0.0250452
0.0250381
0.0250467
0.0250396
0.0250385
0.0250415
0.0250383
0.0250386
0.0192103
0.0249063
0.023801
0.0244483
0.0240062
0.0241647
0.0241798
0.0249776
0.0243042
0.024545
0.0244187
0.0245061
0.0245147
0.0249251
0.0246599
0.0246207
0.0250111
0.0246595
0.0250132
0.0248009
0.0248733
0.025033
0.0247736
0.0247749
0.0248685
0.0248099
0.0248157
0.0250112
0.0250342
0.0244676
0.0248461
0.024949
0.0248901
0.0248613
0.0249409
0.0248926
0.0250317
0.0248875
0.0250186
0.0248965
0.0249843
0.0249168
0.0249199
0.0249304
0.0250247
0.0250121
0.0249914
0.0249692
0.024984
0.0249668
0.0249682
0.0249733
0.0250063
0.0250233
0.0249847
0.025027
0.0249887
0.0252098
0.0250344
0.0250376
0.0251353
0.0250657
0.0250512
0.0250688
0.0250388
0.025063
0.0250462
0.0250528
0.0250571
0.0250554
0.0250606
0.025063
0.0250631
0.0250633
0.025041
0.0250588
0.025055
0.0250379
0.0250325
0.025058
0.0250555
0.0250587
0.0250363
0.0250536
0.0250569
0.0250497
0.0250459
0.0250492
0.0250427
0.0250456
0.0250458
0.0250528
0.025048
0.0250514
0.0250501
0.025047
0.0250449
0.0250437
0.0250451
0.0250485
0.0250332
0.0250349
0.0250417
0.0250435
0.0250449
0.0250454
0.0250463
0.0250389
0.0250416
0.0250418
0.0250401
0.025041
0.0250425
0.0250361
0.02504
0.0250326
0.0249861
0.0248288
0.0247435
0.0249127
0.0249659
0.0248169
0.0249827
0.0249709
0.0249571
0.0248423
0.0248527
0.0249169
0.0249597
0.0248923
0.0249051
0.0250178
0.0249194
0.0250258
0.0249991
0.0250391
0.0249733
0.0249971
0.0249693
0.0249924
0.0249708
0.0250027
0.0249783
0.0250317
0.0249132
0.0250029
0.0249714
0.0249578
0.0249815
0.0250217
0.0249899
0.024988
0.0249768
0.0250086
0.0249997
0.0250147
0.0249924
0.0250016
0.0249945
0.0250347
0.0250377
0.0250041
0.0250108
0.0250131
0.0250114
0.025007
0.0250113
0.0250264
0.0250119
0.0250133
0.0250283
0.0250149
