0.000756703
0.00104387
0.000575948
0.000750432
0.000732114
0.000782515
0.000889408
0.000988666
0.000812295
0.000544869
0.000668087
0.000656228
0.000589142
0.000899801
0.000709288
0.000921906
0.000720017
0.000610804
0.000675345
0.000900489
0.000757071
0.000609199
0.000647138
0.00062732
0.000848307
0.000634014
0.000663592
0.000756231
0.000860796
0.000862159
0.000639563
0.000706027
0.000777994
0.000705402
0.000663466
0.000804661
0.000708875
0.000712193
0.000840482
0.00083788
0.000682494
0.00076045
0.000702855
0.000710929
0.000819488
0.000727776
0.000684167
0.000704086
0.000695351
0.000683911
0.000730833
0.000687002
0.000798872
0.000795123
0.00069212
0.000692022
0.00079989
0.00076493
0.000799777
0.000792544
0.000965029
0.00436859
0.00314806
0.0030073
0.00287625
0.000912398
0.00257665
0.00245057
0.00229648
0.000667029
0.00108441
0.001985
0.0014473
0.000383691
0.00146601
0.00136774
5.03821e-05
0.000237672
0.000773317
0.00128267
0.000256611
0.000214499
0.000284625
0.000205652
0.00114954
0.00123281
0.000654586
0.000421798
0.000874105
0.000553559
0.00381132
0.000377997
0.00112092
0.00260851
0.00246733
0.00206501
0.000881205
0.00101835
0.00071226
0.000627419
0.000791642
0.0017435
0.00175873
0.00150186
0.000899345
0.00137499
0.000224931
4.82159e-05
0.000899422
0.000567375
0.00134605
0.00123349
0.000208138
0.000309705
0.000998849
0.00108009
0.000274202
0.000328698
0.00035943
0.000671768
0.00267244
0.000599231
8.96458e-05
0.00183277
0.00191518
0.00143648
0.000318543
0.000883772
0.000126585
0.000131678
0.000772742
0.00144157
0.00139613
0.00120898
0.000837029
0.00114018
0.000431926
0.000306592
0.000841662
0.000638381
0.00114973
0.0010662
0.000394492
0.000464423
0.000911223
0.000967377
0.000425613
0.000467803
0.000488433
0.000746966
0.000779909
0.000267815
0.000452337
0.000583202
0.000209861
0.000113111
0.000251204
0.00017212
0.0014823
0.00144314
0.000421263
0.000707429
0.00126688
0.00132761
0.00015359
0.000211638
0.000689409
0.00110882
0.00105784
0.000655618
0.000421081
0.00108944
0.000417462
0.0004209
0.000438798
0.000459114
0.00221426
0.000702745
0.000518927
0.000904514
0.00068893
0.000121543
0.00132855
0.000551567
0.000442732
0.00102784
0.00119483
0.000834778
0.000558358
0.000899592
0.000698239
0.000688467
0.000459581
0.000654998
0.000466298
0.000574359
0.000978564
0.000616532
0.000939028
0.000923812
0.000922415
0.000689377
0.000857302
0.00389749
0.00232702
0.00213551
0.000796302
0.000993994
0.00178952
0.000586518
0.000931456
0.00203095
0.000377489
0.00184638
0.000433914
0.000383776
0.00163108
0.00163301
0.00108541
0.00148633
0.00102858
0.0011224
2.06032e-05
0.00017409
0.000820281
0.000414411
0.000496881
0.000199598
0.00111716
0.000641101
0.000466569
0.00114431
0.000335695
0.000790894
0.00111036
0.000755039
0.000640254
0.000714416
0.000611187
0.000801876
0.000757788
0.000878859
0.000596875
0.000887073
0.000609464
0.000656457
0.000867843
0.000738472
0.000690723
0.000693002
0.000740444
0.00075863
0.000658967
0.000839382
0.000733718
0.000687686
0.000678188
0.000700967
0.000792355
0.00074437
0.000757854
0.000806051
0.000772424
0.000750807
0.000698818
0.00271072
0.00117245
0.00203098
0.00192726
0.00122785
0.000472862
0.00108442
0.00201517
0.000111664
0.000468804
0.00191134
0.00178228
0.000489247
0.000377338
0.00162103
0.000339895
0.000700699
7.19807e-05
0.00137822
0.00143717
1.29986e-05
0.00128324
0.00131577
0.000122944
0.000144726
0.000173056
0.00120273
0.000750817
0.00084135
0.000753612
0.000766343
0.000619365
0.000822367
0.000431398
0.00102896
0.000921629
0.00084425
0.000964241
0.00052489
0.00078326
0.000590832
0.000560878
0.000651182
0.000749784
0.00067542
0.000900764
0.000833132
0.000882576
0.000716042
0.000799172
0.000855223
0.000644107
0.000826646
0.000678315
0.000739643
0.000757039
0.00338315
0.000740214
0.000233336
0.00151878
0.00066424
0.00164016
0.00133008
0.00010191
3.55746e-05
0.000750324
0.000588137
9.85058e-05
0.00128664
0.000616616
0.000814697
0.00122398
0.000588204
0.00118474
0.000909698
0.00048004
0.000771215
0.000449314
0.000549098
0.00097527
0.000521731
0.000580223
0.000939667
0.000491358
0.00123565
0.00116304
0.000690691
0.000772297
4.85855e-05
0.00125654
0.000141847
0.000190037
0.00149381
0.000188413
0.00138117
0.000119032
0.000567425
0.0012564
0.00128422
0.000931977
0.00118936
0.000904966
0.000960629
0.000326234
0.000425539
0.000791046
0.000561911
0.000607859
0.000414861
0.000968524
0.000688773
0.000586371
0.000991969
0.000492678
0.000750678
0.00063002
0.00335069
0.00105621
0.00289211
0.00222898
0.000479529
2.9707e-05
0.00234467
0.00110114
0.00201953
0.000580062
0.00196177
0.00028967
0.000572717
0.00178964
0.00164013
0.00155332
0.00103196
0.000547114
0.000520852
0.000151622
0.00117645
0.00135916
8.75363e-05
0.000186443
0.00126823
0.00111132
0.000497555
0.000750651
0.000755313
0.00172811
0.00113971
0.00156069
0.00149666
3.50351e-08
0.00135038
0.000638929
0.0013113
0.000829555
0.00106701
0.000232285
0.000998861
0.00108904
0.0010554
0.000874961
0.00102822
0.000913219
0.000947874
0.00100626
0.00100385
0.000598404
0.000518635
0.000768318
0.000715978
0.000771329
0.00075791
0.0007507
0.000750602
0.000744492
0.000579757
0.000958151
0.00060718
0.00125527
0.00121757
0.000994627
0.000373866
0.000890852
0.000503509
0.000866655
0.00107056
0.000482455
0.000564087
0.000414988
0.000482113
0.000514141
0.00102627
0.000726341
0.00103083
0.000779224
0.000857818
0.000869898
0.000522628
0.000776448
0.000524345
0.000520954
0.000976313
0.000930704
0.000872744
0.000560186
0.000660619
0.000712108
0.000650629
0.000680704
0.00057073
0.000710584
0.00069853
0.000919785
0.000627795
0.000662009
0.000800833
0.000732992
0.000818192
0.000680884
0.000626893
0.000879808
0.000811884
0.000880168
0.000641314
0.00077535
0.000860029
0.000724761
0.000794773
0.000399211
0.000750814
0.00064363
0.00094973
0.000564002
0.00146154
7.7855e-05
0.000994024
0.000749705
0.00127864
0.000469026
0.00116112
0.000283119
0.000574459
0.000797821
0.00107225
0.000345417
0.000542941
0.00113713
0.00041281
0.000764058
0.000577397
0.00109571
0.000563146
0.000762815
0.000811915
0.000724911
0.000584259
0.000566272
0.0005657
0.00103044
0.000539446
0.000531289
0.00095585
0.000495906
0.000523937
0.00060443
0.000958562
0.000533569
0.000809123
0.000799482
0.000695617
0.000924884
0.000851306
0.000643045
0.000569096
0.000931939
0.0006851
0.000617098
0.000592224
0.000585504
0.000598662
0.000912308
0.000891325
0.000733726
0.000619315
0.000630947
0.000760602
0.000674075
0.000750656
0.000707133
0.00238821
0.000236928
0.00270612
0.00147255
0.00103409
0.001915
0.00162502
0.00112176
0.000992339
0.000451517
0.000980962
0.000223934
0.000722757
0.000958689
0.0001359
1.09872e-05
0.00041208
0.000243765
0.000818395
0.00134954
0.00139723
8.69627e-05
3.37446e-05
0.000178761
0.000118614
0.000747823
0.000760632
0.000105953
0.000278296
0.000609474
6.95348e-05
1.05549e-05
0.00012147
5.85402e-05
0.00139863
0.0013646
0.000464309
0.00071178
0.00120684
0.00126562
0.000218993
0.00027073
0.00069583
0.00106897
0.00102391
0.000665695
0.000456662
0.00105548
0.000450402
0.000454526
0.000469711
0.000488642
0.00123599
0.00143916
0.00108997
0.000766809
0.000722704
0.000235432
0.00093049
0.00112024
0.000737319
0.000920303
0.00114986
0.000413169
0.00039909
0.00104227
0.000444815
0.000531447
0.000452575
0.00105349
0.000992344
0.000480865
0.000489447
0.000499697
0.000504574
0.000984751
0.0008793
0.000643101
0.000648227
0.000770125
0.000967032
0.000547656
0.000722579
0.000753067
0.000939842
0.000567042
0.000937693
0.000570617
0.000927643
0.000913491
0.000616132
0.000887926
0.000906075
0.000885175
0.00067876
0.000845731
0.00062752
0.00070013
0.000885913
0.000862812
0.000876886
0.000747716
0.000832086
0.000780648
0.000648453
0.00067389
0.000858296
0.000852042
0.000784766
8.94959e-05
0.000723698
0.00111064
0.000440512
0.000496249
0.000427325
0.000146816
0.00164645
0.00163914
0.000591685
0.000202955
0.000851369
0.000105174
0.000107477
1.60613e-05
0.000136251
8.46116e-05
0.000376033
0.000432759
0.000280343
0.000510742
0.000393376
0.000306111
0.0011349
0.000368112
0.00108637
0.000562719
0.00105425
0.000711496
0.00132096
0.00118249
0.000565644
0.00140656
0.000646648
0.00127799
0.00129594
0.000260308
0.000337595
0.000795994
0.00108785
0.000388185
0.000480074
0.000913019
0.000701891
0.000927279
0.000655199
0.000761586
0.000557238
0.000947754
0.00062237
0.000488937
0.00067362
0.00082568
0.000555866
0.000626815
