0.0240326
0.0238046
0.0239053
0.0239577
0.0240803
0.0239342
0.0238614
0.0238714
0.023907
0.0239715
0.0239657
0.0238971
0.0239686
0.0239964
0.0238242
0.0238189
0.0239018
0.0239948
0.0238355
0.023916
0.0238456
0.0238682
0.0238322
0.0238722
0.0239761
0.0239684
0.0238927
0.0238748
0.0239357
0.0239683
0.0238856
0.02393
0.0238522
0.0238537
0.0239395
0.0239049
0.0238903
0.0239511
0.0238867
0.0239307
0.023866
0.0238708
0.0238625
0.0238874
0.0239294
0.0239121
0.0239372
0.0238808
0.0238959
0.0239235
0.0239063
0.0238845
0.0239085
0.0238974
0.0239146
0.0239223
0.02388
0.0238913
0.0250377
0.0226907
0.0223814
0.0251678
0.0252946
0.0238434
0.0229321
0.0232629
0.0231737
0.0243904
0.0245871
0.0233448
0.0233452
0.0233627
0.0243996
0.0244245
0.0243366
0.0243178
0.0242997
0.0241681
0.024224
0.0242412
0.0236373
0.0236309
0.0241659
0.0240862
0.0241609
0.0240973
0.0236908
0.0239052
0.0258932
0.0239561
0.0248593
0.0226708
0.0247853
0.0246473
0.0247243
0.0230736
0.0236805
0.0245092
0.0232259
0.0244474
0.024445
0.0243873
0.0237758
0.0241693
0.0239556
0.0234715
0.0242903
0.023923
0.0237327
0.023573
0.0241994
0.0241821
0.0236183
0.023657
0.0240048
0.0239152
0.0240993
0.0239052
0.0252661
0.0239258
0.0243905
0.0231534
0.0245034
0.0242901
0.0244203
0.0233693
0.0237901
0.0243252
0.0234754
0.0242377
0.0242548
0.0242079
0.0238298
0.0240643
0.0239351
0.0236161
0.0241678
0.0239162
0.0237972
0.0236822
0.0241007
0.0240906
0.0237076
0.0237404
0.0239699
0.0239117
0.0240356
0.0239052
0.023871
0.0234464
0.0230265
0.0232562
0.0239636
0.0232673
0.0243539
0.0242033
0.0234485
0.0234502
0.0240413
0.0235299
0.0235299
0.0241342
0.0240669
0.0241736
0.0236313
0.0239925
0.0240118
0.0239932
0.0236858
0.0240265
0.024038
0.0237098
0.0237462
0.0238998
0.0239737
0.0239053
0.0239055
0.0240736
0.0243065
0.0242932
0.0241274
0.0242245
0.0241903
0.0241854
0.0240797
0.0238254
0.0240463
0.0238546
0.0237095
0.0238601
0.0239998
0.0240765
0.0238825
0.0238133
0.0239803
0.0239997
0.0237721
0.0239953
0.0239758
0.0239526
0.0237964
0.0238104
0.0238405
0.0239954
0.0239749
0.0203767
0.0238864
0.0241807
0.0227276
0.023174
0.0244565
0.0229207
0.0245854
0.0245408
0.0245509
0.0232213
0.0232491
0.0242285
0.0233899
0.0234781
0.0238853
0.0238864
0.0234571
0.0240374
0.0235336
0.0236465
0.0238923
0.023589
0.0240878
0.0240994
0.0240996
0.0241347
0.0241297
0.0239469
0.0239014
0.0239056
0.0238318
0.0237992
0.0238415
0.0238012
0.0239373
0.0238474
0.0239602
0.0239844
0.0239338
0.0238371
0.0238462
0.0238593
0.0238651
0.0239605
0.0238585
0.0239555
0.0239319
0.0239024
0.0239278
0.0239352
0.0238678
0.0239419
0.0239369
0.023923
0.0239385
0.0238894
0.0239324
0.0239049
0.0232075
0.0227161
0.024991
0.0250031
0.0226121
0.0247165
0.0226908
0.0229361
0.0237713
0.0244978
0.0230168
0.0231597
0.0236547
0.0233184
0.0239667
0.0242285
0.0239203
0.0234571
0.0242532
0.0241068
0.0240276
0.0235988
0.0241307
0.0235688
0.0235607
0.0239739
0.0236803
0.0238941
0.0238953
0.023696
0.0239104
0.0240791
0.0237789
0.0239179
0.0239815
0.0240402
0.024031
0.0237927
0.023985
0.0238607
0.02389
0.0239579
0.0238159
0.0239929
0.0238585
0.0238845
0.0239814
0.0238712
0.0238423
0.0238833
0.0238497
0.0239572
0.0239386
0.0238937
0.0239501
0.0238631
0.0238295
0.0224381
0.0232219
0.0235197
0.0232479
0.0239976
0.0239056
0.0237075
0.0234307
0.0235358
0.0242513
0.0235217
0.0236125
0.0235825
0.0241203
0.0236531
0.0240988
0.0236288
0.0238638
0.0236869
0.0240699
0.0237512
0.0239171
0.0239451
0.0239063
0.0239062
0.0238828
0.0237647
0.022234
0.0238993
0.0240306
0.0232116
0.0235864
0.0241754
0.0233774
0.0242814
0.0242495
0.0242981
0.023505
0.0235458
0.0240787
0.0235853
0.0236768
0.0238966
0.0238969
0.0236478
0.0239794
0.0236729
0.0237616
0.0238993
0.0237094
0.0240127
0.0240205
0.0240212
0.0240459
0.0240442
0.0238255
0.0238625
0.0238829
0.0250665
0.0226697
0.0226081
0.0226624
0.0229023
0.0230088
0.0231755
0.0245491
0.0231024
0.0244941
0.0235127
0.0235794
0.0233995
0.0235615
0.0234801
0.0234519
0.0235248
0.0235022
0.0242187
0.0241076
0.0239344
0.0235922
0.0236026
0.0236368
0.0242814
0.0246385
0.0234259
0.0238822
0.0239507
0.0241382
0.0235273
0.0235575
0.0241967
0.0240434
0.0241513
0.0236315
0.0236983
0.0239707
0.0238837
0.0236965
0.0237009
0.0239856
0.0239631
0.0240264
0.0240391
0.0238191
0.0240104
0.0239001
0.024016
0.0240229
0.0239065
0.0239056
0.0246455
0.023906
0.0239043
0.0235522
0.0242982
0.0238991
0.0239322
0.0241999
0.0237793
0.0240463
0.0237732
0.0241323
0.0240317
0.0241162
0.0241133
0.0240268
0.0237174
0.0238007
0.0237361
0.0237769
0.0240592
0.0240693
0.0239733
0.0239274
0.0238757
0.0238764
0.0239145
0.0237891
0.0237758
0.0239994
0.0238493
0.0238032
0.0240199
0.0239748
0.0239042
0.0239626
0.0238113
0.0240063
0.0239151
0.0239995
0.0239734
0.0239912
0.0239785
0.0238219
0.0238355
0.0238733
0.0239445
0.0238464
0.0238842
0.0239765
0.0238447
0.0239187
0.0239693
0.0239313
0.0239674
0.0239053
0.0239152
0.0233579
0.0236341
0.0238803
0.0241863
0.0242819
0.0238202
0.0242434
0.0239737
0.0238951
0.0236568
0.0239962
0.0239023
0.0238341
0.0239543
0.0236959
0.0240494
0.0237027
0.0237328
0.0241145
0.024116
0.0237877
0.0239996
0.0240855
0.0238567
0.0237466
0.0240664
0.0238485
0.0238246
0.0240318
0.0239433
0.0240367
0.0240135
0.0238637
0.0237798
0.0240096
0.0240258
0.0238857
0.0238413
0.0239211
0.0240063
0.0237998
0.0239355
0.0239984
0.0238302
0.0238538
0.0238542
0.0238593
0.0239306
0.02386
0.0239569
0.0239072
0.0239394
0.0239521
0.0238444
0.0239462
0.0239149
0.0239024
0.0251729
0.0237365
0.0239905
0.024727
0.0223787
0.0246548
0.0245632
0.0231357
0.0226828
0.0232494
0.0228658
0.0237901
0.0245186
0.0244692
0.0230848
0.0233308
0.0236573
0.0234311
0.0233472
0.0240433
0.0237343
0.0234308
0.0241
0.0240845
0.0241996
0.0235619
0.0238888
0.0226663
0.0242731
0.0231992
0.0233919
0.0233452
0.0243173
0.0236131
0.0242677
0.0241862
0.0236891
0.0239142
0.0235407
0.0241991
0.0235694
0.0236425
0.0239308
0.0237486
0.02396
0.0236474
0.0241197
0.0240972
0.0236953
0.0240557
0.0237128
0.0237814
0.0237378
0.0238188
0.0239848
0.0240136
0.0239053
0.0239053
0.023545
0.023783
0.023971
0.0241914
0.023833
0.0236674
0.024137
0.0240079
0.0237182
0.0237572
0.0238659
0.0240148
0.0237456
0.0239845
0.0240812
0.023828
0.0239307
0.023836
0.0240482
0.024051
0.0238555
0.0239523
0.023917
0.0240296
0.0238829
0.0240321
0.0239587
0.0240223
0.0238109
0.0239148
0.0239982
0.0240126
0.0238608
0.023948
0.0240015
0.0238372
0.0238314
0.0239432
0.0239779
0.0238312
0.0239454
0.0239621
0.0238867
0.0239688
0.0239008
0.0238629
0.0239547
0.02389
0.0239263
0.0239658
0.0239466
0.0239358
0.0239223
0.0239632
0.0238849
0.0238769
0.0235936
0.024351
0.0236497
0.0244909
0.0232082
0.0232963
0.0232932
0.0237963
0.024071
0.0234081
0.0241692
0.0240216
0.0242099
0.0239331
0.0235148
0.0238626
0.0235906
0.0241016
0.0236458
0.0236086
0.0239068
0.0240937
0.0237042
0.0236737
0.0239578
0.0240339
0.0237072
0.0240607
0.0224641
0.0245408
0.0244826
0.0243542
0.0240398
0.0238871
0.0235442
0.0241824
0.0235677
0.0239188
0.0236283
0.0238312
0.0236866
0.0237988
0.0236999
0.0239387
0.0236956
0.0237155
0.0239322
0.0237381
0.0237789
0.0240199
0.0239115
0.0237749
0.0240221
0.0239231
0.023854
0.0238324
0.0240037
