0.0339267
0.0239247
0.0216783
0.0243821
0.023861
0.0239324
0.0240387
0.0240067
0.0240477
0.0240533
0.0256593
0.0223157
0.0244272
0.0252897
0.0236479
0.0239375
0.0228702
0.0243668
0.0240518
0.0239392
0.0240653
0.0248373
0.0240939
0.0240871
0.0234883
0.0244838
0.0240563
0.0242177
0.0241473
0.0244918
0.0237913
0.0245055
0.0237508
0.024327
0.0241966
0.0243882
0.0236908
0.0244135
0.0237565
0.0237434
0.0243701
0.0237438
0.0238273
0.0243535
0.0241046
0.0238002
0.0237736
0.0242882
0.024299
0.0238067
0.0240156
0.0242081
0.0241482
0.0242671
0.023835
0.024138
0.0238699
0.0238761
0.02423
0.0241257
0.0239316
0.0240841
0.0239355
0.0240696
0.0239559
0.0240276
0.0257786
0.0265403
0.0244144
0.023037
0.0245988
0.0234105
0.0234278
0.0244234
0.024354
0.0241508
0.0241386
0.0240999
0.0240916
0.024077
0.0239879
0.0240385
0.0240213
0.0240812
0.024039
0.0240206
0.0240728
0.0240265
0.0240692
0.0240247
0.024025
0.0240637
0.0240375
0.0240559
0.024034
0.0240369
0.0240574
0.0240664
0.0240591
0.0240402
0.024031
0.0240302
0.0240319
0.0240385
0.024047
0.0240481
0.0240327
0.0240578
0.0240327
0.0240592
0.0240321
0.0240343
0.0240576
0.0240504
0.0240339
0.0265075
0.0262105
0.0219556
0.0253221
0.0233137
0.0233634
0.0246562
0.0236786
0.0239419
0.0237155
0.024008
0.0240368
0.0240643
0.0240704
0.0240885
0.0240775
0.0240431
0.0239915
0.0240062
0.0239968
0.0240184
0.0240591
0.024047
0.0240221
0.0240231
0.0240804
0.0240725
0.0240334
0.0240452
0.0240286
0.0240281
0.0240386
0.0240643
0.0240308
0.0240294
0.0240311
0.0240254
0.0240483
0.0240273
0.0240514
0.0240483
0.0240597
0.0240556
0.0240622
0.0240596
0.0240318
0.0240423
0.0240468
0.0240318
0.0265072
0.0260668
0.0215586
0.0255784
0.023042
0.0230933
0.0245891
0.0237257
0.023949
0.0238848
0.0237719
0.0242456
0.0242681
0.0240304
0.023894
0.0240144
0.0240206
0.0241341
0.0241526
0.0240813
0.0241625
0.0239897
0.0240158
0.02416
0.0241017
0.023934
0.0239542
0.0240638
0.02403
0.0240994
0.0241051
0.0240589
0.0239763
0.0240949
0.024105
0.0240967
0.0241256
0.0240283
0.0241158
0.0240196
0.0240308
0.0239928
0.024006
0.0239853
0.0239934
0.0240962
0.0240549
0.0240382
0.0240963
0.0265107
0.024212
0.0232003
0.0225408
0.0242428
0.0238182
0.0232483
0.0239736
0.0239938
0.0245602
0.0239714
0.0236536
0.0239554
0.0241466
0.0241847
0.024363
0.0240856
0.0239039
0.0238537
0.0237867
0.024219
0.0240603
0.0241754
0.0239815
0.0238241
0.0238468
0.0240146
0.0240935
0.0242238
0.023919
0.0240694
0.0238889
0.0241361
0.0240061
0.0239742
0.0241559
0.0239079
0.0239205
0.0272098
0.0215975
0.0245458
0.0240352
0.024169
0.0235495
0.0238401
0.0241711
0.0241547
0.024208
0.0241936
0.024575
0.0244374
0.0235532
0.0245094
0.0238671
0.0244328
0.0237775
0.0236448
0.0239832
0.0243759
0.0243429
0.0237374
0.02381
0.0242449
0.024308
0.0239777
0.0240625
0.0241274
0.024237
0.0238818
0.023944
0.0240006
0.0242559
0.0241629
0.0242213
0.0239687
0.0238816
0.0239514
0.0241192
0.0239223
0.0240691
0.0239157
0.0239761
0.0168225
0.0226417
0.0249792
0.0242379
0.0237971
0.0238494
0.0236484
0.0241743
0.0239212
0.0241619
0.0240287
0.0240257
0.0240061
0.0239996
0.024076
0.0239929
0.0240414
0.024103
0.0240081
0.0240149
0.0240903
0.024024
0.0240772
0.0240803
0.0240104
0.0240444
0.0240383
0.0240448
0.0240364
0.0240592
0.0240166
0.02404
0.02402
0.0240723
0.0240455
0.0240244
0.0240378
0.0240286
0.0336574
0.0272291
0.0270935
0.0253054
0.0240666
0.0241619
0.0253152
0.023791
0.024376
0.0246064
0.024032
0.0240502
0.0242013
0.024743
0.0235048
0.0240971
0.024399
0.0241459
0.0245213
0.0235902
0.0238815
0.023622
0.0237688
0.0237834
0.0244072
0.023655
0.0236726
0.0244026
0.0239971
0.0243466
0.0237232
0.024354
0.023889
0.02373
0.0243438
0.0241852
0.0243395
0.0241706
0.0242991
0.0242134
0.0238977
0.0241679
0.0239589
0.0241011
0.0240354
0.0241498
0.0242544
0.0241456
0.0242305
0.0242162
0.0240751
0.0238752
0.0238864
0.0239356
0.0240062
0.0241962
0.0241732
0.0270128
0.0266042
0.0253163
0.0225911
0.0225288
0.023759
0.0237999
0.0248406
0.0248369
0.0237771
0.0241544
0.0242759
0.0234406
0.0242362
0.0238345
0.0236554
0.0243978
0.0236377
0.0264808
0.0207657
0.0248881
0.0229285
0.0245907
0.024416
0.0242065
0.0239468
0.023963
0.0239877
0.0239624
0.0240265
0.0240051
0.0239932
0.0240633
0.0240748
0.0240046
0.0240182
0.024021
0.0240103
0.0240082
0.0240118
0.0240112
0.0240495
0.0240651
0.0240669
0.0240641
0.0240162
0.0240643
0.0223117
0.0229341
0.0252592
0.023313
0.023524
0.0242261
0.0238534
0.0251017
0.0240841
0.0239515
0.0239365
0.0233992
0.0246725
0.0246174
0.0240354
0.0241771
0.0235707
0.0237156
0.0245379
0.0239296
0.0244135
0.0240491
0.0240843
0.0237576
0.023876
0.0236864
0.0243993
0.0238288
0.0243576
0.0241697
0.0243472
0.02392
0.0239784
0.0240143
0.023791
0.0240176
0.0242991
0.0238089
0.0239731
0.0242577
0.0239139
0.0240577
0.0241131
0.0242183
0.0239872
0.0239142
0.0242138
0.0240628
0.0260834
0.0215929
0.0220501
0.0255088
0.0235554
0.0235507
0.0237254
0.0233946
0.0237701
0.0235436
0.023893
0.0240033
0.0243334
0.0240836
0.023788
0.0240244
0.0240905
0.0241918
0.0237895
0.024127
0.0240682
0.0238353
0.0241201
0.023873
0.0239326
0.0239915
0.0238705
0.0242135
0.0242013
0.0241793
0.0240083
0.0240407
0.0240703
0.023949
0.0241615
0.0239257
0.0239458
0.0241535
0.0241468
0.0260226
0.0260717
0.0230683
0.0237322
0.0238316
0.0239285
0.0239398
0.0238613
0.0241968
0.0240049
0.0241093
0.0241185
0.0239229
0.0239683
0.0240751
0.024034
0.0241051
0.014467
0.0226417
0.0249632
0.0242142
0.0242664
0.0238846
0.0237784
0.0240965
0.0235261
0.0245101
0.0242684
0.0242173
0.0237276
0.0237117
0.0243025
0.0237117
0.0240783
0.0243561
0.0237872
0.0238358
0.0243018
0.0239061
0.0242502
0.0242617
0.023821
0.0240499
0.0240079
0.0240498
0.0239926
0.0241398
0.0238655
0.0240151
0.0238854
0.0242072
0.0240491
0.0239129
0.0239992
0.0239398
0.0239852
0.0193196
0.0238571
0.0242419
0.0240945
0.0234957
0.0237215
0.0240876
0.02423
0.024126
0.0240712
0.0241127
0.0240441
0.02406
0.0241049
0.0240072
0.0240042
0.0240068
0.0240998
0.0240172
0.0240848
0.0240825
0.0240375
0.024012
0.0240767
0.0240417
0.0240751
0.0240813
0.0240398
0.0240782
0.0240261
0.0240423
0.0240685
0.0240415
0.024066
0.0240685
0.0240289
0.0240533
0.0213767
0.0248411
0.0245143
0.0226588
0.0243725
0.0235742
0.0234539
0.0239985
0.0236294
0.024027
0.0240473
0.0239005
0.0240985
0.0237457
0.0243099
0.0240766
0.0239918
0.0242917
0.0242193
0.0240529
0.0241119
0.0241178
0.0240334
0.024131
0.0238921
0.0240926
0.0240454
0.0240371
0.0240206
0.0238899
0.0241856
0.0240663
0.024046
0.0239086
0.0239149
0.0239919
0.0239366
0.0239638
0.02348
0.0232242
0.0235805
0.0238142
0.0242579
0.0241419
0.0241267
0.0241701
0.0234891
0.0230639
0.02356
0.0252825
0.0245137
0.0236686
0.0236784
0.0240898
0.0234106
0.0240416
0.0240511
0.0238928
0.0239978
0.0240095
0.0244412
0.0236748
0.0236915
0.023971
0.0244239
0.0244024
0.0238083
0.0237827
0.0239516
0.0239637
0.0240556
0.0243325
0.0237838
0.0240151
0.0238273
0.0240214
0.0238495
0.0239819
0.0241221
0.0238366
0.0238748
0.0239242
0.0239245
0.023847
0.0242519
0.024048
0.0242206
0.0241666
0.0241798
0.0239633
0.0239203
0.0239942
0.0239572
0.0239518
0.0240426
0.0240072
0.0241755
0.0240197
0.0240108
0.0239698
0.0239653
0.0255445
0.0214513
0.0243128
0.0235215
0.0235242
0.0240637
0.0243517
0.0236926
0.023794
0.0238023
0.0239032
0.0238303
0.023873
0.0241922
0.0239061
0.0238905
0.0239111
0.0239113
0.0239241
0.02396
0.0197454
0.0227577
0.0227713
0.022824
0.0232387
0.0238604
0.0237978
0.0237897
0.0236935
0.0237333
0.0241307
0.0240363
0.02379
0.0239305
0.0240887
0.0239276
0.0241675
0.017576
0.0190061
0.0229379
0.0234948
0.0249456
0.0243305
0.0244152
0.0242521
0.024291
0.0239808
0.0239805
0.0242028
0.0240504
0.0241811
0.0239623
0.0239873
0.0240002
0.0240987
0.025464
0.0229512
0.0231121
0.0241079
0.023075
0.0246635
0.0244184
0.023682
0.0234465
0.0241171
0.0233881
0.0234711
0.0245676
0.0242895
0.0236764
0.0236973
0.0236582
0.0243725
0.0237198
0.0238281
0.0236848
0.02411
0.02389
0.0243552
0.0241132
0.0242667
0.023916
0.0243082
0.0238495
0.0243369
0.0240125
0.0242571
0.0238394
0.0238382
0.024273
0.0242562
0.0239611
0.0238387
0.0242629
0.0238546
0.0240735
0.0242436
0.0241979
0.0241976
0.0239051
0.0239407
0.0238855
0.0238954
0.0239009
0.0241565
0.0240544
0.0241421
0.0241373
0.024024
0.0240778
0.0241439
0.0241528
0.0240249
0.0241372
0.0190879
0.0250984
0.0237981
0.0236596
0.02449
0.0236863
0.0240724
0.0238259
0.0241792
0.0239851
0.0241464
0.0241413
0.0239567
0.0240172
0.0241154
0.0240662
0.0241244
0.0240966
0.0239881
0.0239768
0.0240924
0.0240098
0.0240783
0.0240988
0.0240958
0.0240763
0.0239978
0.0137081
0.0258888
0.0245275
0.0228558
0.0256246
0.0223426
0.024029
0.0250487
0.0240435
0.0244332
0.0241891
0.0246557
0.0236309
0.024559
0.0235118
0.0237742
0.0169092
0.0242112
0.02251
0.0242595
0.023967
0.0238678
0.0242448
0.0244081
0.0237279
0.024093
0.0239998
0.0240129
0.0237687
0.0237825
0.023825
0.0239855
0.0241858
0.0238543
0.0238675
0.025047
0.0239576
0.0239538
0.0244667
0.0233771
0.0231373
0.0240648
0.0239444
0.0234186
0.023942
0.0244424
0.0237661
0.0243814
0.0240654
0.0242047
0.0236841
0.0239154
0.0243404
0.0237447
0.0241475
0.0243261
0.0237811
0.0240099
0.0238639
0.0240923
0.0239008
0.0238709
0.0238055
0.024098
0.0240855
0.0240613
0.0242318
0.0239159
0.0241163
0.0238944
0.0241312
0.0240042
0.0240043
0.0238911
0.0239033
0.0186964
0.0212588
0.0231149
0.0246337
0.0234326
0.0243638
0.0242874
0.0240183
0.0242257
0.0242251
0.0241406
0.0241429
0.0240536
0.0239397
0.0239638
0.0241411
0.02402
0.0241141
0.024087
0.011629
0.0196416
0.0250622
0.0231689
0.0235599
0.0238504
0.0237184
0.0238385
0.0239437
0.0238575
0.0240715
0.0240917
0.0238812
0.0241343
0.0239088
0.0239132
0.0241359
0.0240089
0.0260807
0.0230517
0.0259271
0.0238043
0.022926
0.0241632
0.0251148
0.0233325
0.0237832
0.0248048
0.0239673
0.0247762
0.0239051
0.0240911
0.0239107
0.0243577
0.0242164
0.024484
0.0244656
0.0244241
0.0240704
0.0243187
0.024192
0.024311
0.0243715
0.0242736
0.0237541
0.0243565
0.0237497
0.0239879
0.0243076
0.0242552
0.0242414
0.0238294
0.0242875
0.0239192
0.0240274
0.023994
0.0241815
0.0242121
0.02383
0.0242453
0.023857
0.0238577
0.02421
0.024237
0.0242032
0.0241821
0.0239928
0.0239933
0.024201
0.0239843
0.0239066
0.0239716
0.023905
0.0241871
0.0240055
0.0239398
0.0241823
0.0239668
0.0193162
0.0199705
0.0228964
0.0244626
0.0232858
0.0233749
0.0237314
0.0236725
0.023962
0.0223027
0.0252314
0.0241797
0.0228922
0.0246155
0.0242149
0.0236736
0.0232142
0.0239652
0.0241403
0.0240242
0.0240064
0.0239119
0.0238306
0.0241085
0.0237538
0.0242158
0.0239805
0.0239809
0.0240691
0.023891
0.0238711
0.0242577
0.0239803
0.0238618
0.0241379
0.0241033
0.0241842
0.0242142
0.0238635
0.0241881
0.0240286
0.0239451
0.024149
0.0238985
0.0239475
0.0239424
0.0241404
0.0241351
0.022919
0.0260452
0.0240803
0.0236425
0.0236716
0.0242513
0.0226192
0.0249747
0.0237955
0.0239969
0.0234508
0.0234625
0.024451
0.0243243
0.023699
0.023703
0.0243485
0.0244132
0.0243023
0.0242088
0.0240811
0.0237028
0.0236967
0.0238459
0.0237588
0.0242595
0.0243183
0.0242121
0.0242514
0.0240083
0.0238192
0.0238187
0.0240781
0.0239139
0.0238489
0.024236
0.0238598
0.0241367
0.0238763
