0.0373395
0.0296579
0.0310927
0.0305485
0.030721
0.0308781
0.0308691
0.0308814
0.0310243
0.0307309
0.0306929
0.0309462
0.0307763
0.0309182
0.0308314
0.0309034
0.0309123
0.0308895
0.0308477
0.0309019
0.030852
0.0308998
0.0308909
0.0308583
0.0309044
0.0308598
0.0308913
0.0308714
0.0308633
0.030869
0.0308641
0.0308668
0.0308649
0.0308905
0.03088
0.0308978
0.0308671
0.0308891
0.0308884
0.0308717
0.0308801
0.0308832
0.0308901
0.030889
0.0308869
0.0308844
0.0308782
0.0308881
0.0308729
0.0308917
0.0308863
0.0308799
0.0308741
0.0308736
0.0308745
0.0308827
0.0308748
0.030875
0.0308836
0.0308782
0.0308856
0.0308764
0.0308766
0.0308809
0.0308779
0.0308793
0.0308787
0.0309814
0.0305769
0.0304741
0.0310468
0.0307664
0.030832
0.0308536
0.0309272
0.0308639
0.0309121
0.0308862
0.030902
0.0308775
0.0308705
0.0308959
0.0308916
0.0308855
0.0308855
0.0308876
0.0308859
0.0308824
0.0308858
0.0308877
0.0308844
0.0308863
0.0308845
0.0308841
0.0308865
0.0308863
0.0308868
0.0308845
0.0308863
0.0308864
0.030886
0.0308861
0.0308852
0.0308863
0.0308862
0.0308863
0.0308847
0.0308853
0.0308854
0.030886
0.0308861
0.0308845
0.0308848
0.0308853
0.0308859
0.0308855
0.0294315
0.0298174
0.0308336
0.0301633
0.030559
0.0310148
0.0307381
0.0308267
0.0307865
0.0309636
0.0308966
0.0308614
0.0308736
0.0308505
0.0309128
0.0308729
0.0308694
0.0308726
0.030893
0.0308794
0.0308865
0.0308911
0.0308867
0.0308905
0.030891
0.0308911
0.0308908
0.0308866
0.0308898
0.0308896
0.0308896
0.0308842
0.0308868
0.0308891
0.0308885
0.0308859
0.0308869
0.0308844
0.0308877
0.0308873
0.0308879
0.0308878
0.0308878
0.0308875
0.0308864
0.0308863
0.0308873
0.0308858
0.0308861
0.0308872
0.0294351
0.0297399
0.0308443
0.0300681
0.0305573
0.0309889
0.0307332
0.0308084
0.0307652
0.0309386
0.0308634
0.0308402
0.0308593
0.0308383
0.0308846
0.030855
0.030859
0.0308696
0.0308671
0.0308671
0.0308781
0.0308685
0.0308695
0.0308687
0.0308692
0.0308687
0.0308689
0.0308801
0.0308712
0.03087
0.0308712
0.0308867
0.0308741
0.0308725
0.0308722
0.0308792
0.030879
0.0308869
0.0308744
0.0308777
0.0308746
0.0308748
0.030875
0.0308752
0.0308787
0.0308807
0.0308761
0.0308821
0.0308801
0.0308768
0.0282781
0.0318665
0.0280255
0.0314484
0.0298008
0.0308585
0.0310485
0.0304405
0.0308445
0.030726
0.0308251
0.0307238
0.0307643
0.03089
0.0307915
0.0308137
0.0308192
0.0307883
0.0308697
0.0308129
0.0308796
0.0308465
0.0308041
0.0308503
0.0308116
0.0308683
0.0308352
0.0308665
0.0308419
0.0308259
0.0308339
0.0308475
0.0308356
0.0308362
0.0308399
0.0308733
0.0308441
0.0287551
0.0312068
0.0307093
0.0301171
0.0308427
0.0306573
0.0308085
0.0307188
0.0308054
0.0307993
0.0307951
0.0308033
0.0307983
0.0308576
0.0308089
0.0308316
0.0308293
0.0308765
0.0308524
0.0308251
0.0308983
0.0308871
0.0308501
0.0308372
0.0308597
0.0308581
0.0308347
0.0308616
0.0308606
0.030844
0.0308811
0.0308562
0.0308478
0.0308483
0.0308587
0.0308491
0.0308683
0.0308596
0.0308612
0.0308612
0.0308604
0.0308838
0.030873
0.0308622
0.0308767
0.030868
0.0308595
0.0308635
0.0308635
0.0308804
0.03059
0.0299212
0.0304341
0.0313733
0.0307748
0.0307297
0.0306942
0.0308266
0.030855
0.0309244
0.0308579
0.030895
0.030879
0.030868
0.0308718
0.0308756
0.0308728
0.0308748
0.0308761
0.0308776
0.0308758
0.030876
0.0308784
0.030878
0.0308779
0.0308818
0.0308784
0.030878
0.0308833
0.0308822
0.0308793
0.0308789
0.0308798
0.0308798
0.0308822
0.0308827
0.0308804
0.0308822
0.0309968
0.030861
0.0306496
0.0305324
0.0309328
0.0307483
0.0308486
0.0308677
0.0308201
0.0308217
0.0308512
0.0308798
0.0308271
0.0309076
0.0308633
0.0309079
0.0308496
0.0308918
0.0308707
0.0308727
0.0308613
0.0308957
0.0308649
0.0308697
0.0308617
0.0308999
0.0309008
0.0308619
0.0308701
0.0308652
0.0308648
0.0308633
0.0308929
0.030865
0.0308973
0.0308664
0.0308889
0.0308955
0.0308671
0.0308759
0.0308693
0.0308911
0.030869
0.0308781
0.0308697
0.0308698
0.0308784
0.0308911
0.0308748
0.0308883
0.030884
0.0308748
0.0308748
0.0308741
0.0308763
0.0308756
0.0308879
0.0308914
0.0308802
0.0308749
0.0311606
0.0188111
0.0290738
0.029779
0.029468
0.0303869
0.0302367
0.0302492
0.0307191
0.0303578
0.0304271
0.0304387
0.0308771
0.030758
0.0306644
0.0306513
0.0308544
0.0308181
0.0306464
0.0276296
0.032254
0.030103
0.0306612
0.0308136
0.0307597
0.030803
0.0308172
0.0308542
0.0308656
0.0308419
0.0308546
0.0308705
0.0308599
0.0308854
0.0308793
0.0308717
0.0308789
0.0308741
0.0308777
0.0308738
0.0308762
0.0308736
0.0308779
0.0308796
0.0308779
0.0308762
0.0307233
0.0310557
0.0310791
0.0304028
0.0306233
0.0308148
0.0308556
0.0308575
0.0307962
0.0308129
0.0308359
0.0308491
0.0308471
0.0308241
0.0308379
0.0308947
0.0308412
0.030848
0.0308999
0.030871
0.0308419
0.0308524
0.0308473
0.0308968
0.0308998
0.0308522
0.0308981
0.0308607
0.0308962
0.0308585
0.0308552
0.0308909
0.0308637
0.0308756
0.0308796
0.0308636
0.0308668
0.0308943
0.0308811
0.0308776
0.0308829
0.0308753
0.0308714
0.030872
0.0308673
0.0308686
0.0308781
0.0308832
0.0308738
0.0293205
0.0315446
0.0315399
0.0298674
0.031094
0.0310638
0.0308541
0.0306908
0.030829
0.0308351
0.0308465
0.0308268
0.0308213
0.0308205
0.0308562
0.0308205
0.0308253
0.0308301
0.0308319
0.030825
0.0308662
0.030832
0.0308334
0.0308385
0.0308486
0.0308377
0.0308568
0.0308514
0.0308765
0.0308845
0.0308563
0.0308556
0.0308721
0.0308537
0.030856
0.0308581
0.0308626
0.0308598
0.0361055
0.0203147
0.0298619
0.0317166
0.029794
0.03037
0.0307937
0.0306448
0.0307233
0.030797
0.0307777
0.0308629
0.0307766
0.0308516
0.0308038
0.0308277
0.0308027
0.030818
0.0308696
0.0304863
0.0297309
0.0304145
0.0313405
0.0306811
0.0306478
0.0306744
0.0308047
0.0308307
0.0308398
0.0307978
0.0308113
0.0308052
0.0308318
0.0308158
0.0308494
0.0308287
0.0308281
0.0308373
0.030818
0.0308269
0.0308259
0.0308364
0.0308333
0.0308327
0.0308635
0.0308468
0.0308361
0.0308743
0.0308666
0.0308467
0.0308455
0.0308528
0.0308512
0.0308671
0.0308718
0.0308559
0.0308674
0.030456
0.0316721
0.0311527
0.0302397
0.0308038
0.0311088
0.0307007
0.0310759
0.030847
0.0309358
0.0308602
0.0308307
0.0308635
0.0308811
0.0308772
0.0308894
0.0308948
0.0308815
0.0308944
0.0308886
0.0309001
0.0308898
0.0308858
0.0308911
0.0308886
0.0308949
0.0308902
0.0308846
0.0308944
0.0308918
0.030885
0.030892
0.03089
0.030891
0.0308903
0.0308846
0.0308907
0.0308909
0.0313158
0.0292649
0.0307111
0.0300014
0.0308706
0.0310332
0.0307903
0.0306724
0.0308587
0.0307921
0.0308695
0.0308101
0.0308286
0.0308951
0.0308347
0.0308405
0.0308437
0.0308847
0.0308774
0.0308401
0.0308488
0.0308393
0.0308736
0.0308677
0.0308428
0.0308752
0.0308459
0.0308879
0.030866
0.0308787
0.0308743
0.0308755
0.030878
0.0308836
0.0308602
0.0308676
0.0308667
0.0308786
0.0234472
0.0298632
0.0302864
0.0304062
0.0308176
0.0304633
0.0308598
0.0307448
0.0307964
0.0311673
0.0308535
0.0308352
0.0308511
0.0308595
0.0308611
0.0308883
0.0308576
0.030885
0.0308842
0.0308848
0.0309051
0.0308654
0.030888
0.0309011
0.0309041
0.0308689
0.0308967
0.0308826
0.0308909
0.0308822
0.0308965
0.0308919
0.0308981
0.0308723
0.0308733
0.0308856
0.0308806
0.0308893
0.0308947
0.0308959
0.0308883
0.0308947
0.0308928
0.0308765
0.0308845
0.030889
0.0308787
0.0308766
0.0308894
0.0308883
0.0308775
0.03089
0.0308775
0.0308886
0.0308843
0.0308795
0.0308803
0.0308815
0.0308881
0.03088
0.0308908
0.0308831
0.0308802
0.0308843
0.030886
0.0308867
0.0308848
0.0308851
0.028429
0.0253583
0.0296128
0.0302406
0.030996
0.0307334
0.0307656
0.0308052
0.0308251
0.0307646
0.0307762
0.0307953
0.0308546
0.0308595
0.0308403
0.0308612
0.0308244
0.0308244
0.0308387
0.0361232
0.0197223
0.0295801
0.0315127
0.0296798
0.0303049
0.0307066
0.0305256
0.0305609
0.030744
0.0306327
0.0308321
0.0306454
0.0308183
0.0307023
0.0307541
0.0307036
0.0307394
0.0308528
0.0160825
0.0211522
0.0300339
0.0296422
0.0297417
0.030738
0.0310424
0.031015
0.0308497
0.0308744
0.0309256
0.0309351
0.0309316
0.0309108
0.0309555
0.030955
0.0309457
0.0307056
0.0308995
0.0309246
0.0309313
0.0309171
0.0308606
0.0308491
0.0308856
0.0308845
0.0308822
0.0308865
0.0308882
0.0308833
0.0308815
0.0308912
0.0308656
0.0308669
0.0308887
0.0308839
0.0308795
0.0308786
0.0308838
0.0308942
0.0308732
0.0308885
0.0308756
0.0308777
0.0308735
0.0308731
0.0308733
0.0308735
0.0308747
0.0308756
0.0308911
0.0308759
0.0308797
0.0308912
0.0308756
0.0308828
0.0308769
0.0308814
0.030877
0.0308826
0.0308791
0.0308776
0.0308778
0.0308861
0.0308887
0.0308815
0.0308858
0.03088
0.0308878
0.0308811
0.03089
0.0308801
0.0308818
0.03089
0.030889
0.0323602
0.02698
0.0330118
0.0305236
0.0299874
0.030438
0.0305543
0.0307005
0.030671
0.0308501
0.0308312
0.0307962
0.0308195
0.0308815
0.0308582
0.030859
0.0308594
0.0308429
0.0308737
0.0308569
0.0308591
0.0308789
0.0308601
0.0308537
0.0308677
0.0308811
0.0308587
0.0308641
0.0308723
0.0308696
0.0284332
0.028187
0.0297685
0.0291153
0.0306867
0.0300584
0.0304929
0.0300526
0.0303705
0.0306905
0.0306724
0.0304081
0.0305182
0.0304636
0.030523
0.0304886
0.0305063
0.0306621
0.0305873
0.0181502
0.0304063
0.0302829
0.0305349
0.0301287
0.0307984
0.0306603
0.0306073
0.030637
0.0306576
0.0306967
0.0307111
0.0307061
0.0308072
0.0307226
0.0307235
0.0307289
0.0308249
0.0307881
0.0281917
0.0318765
0.0279278
0.031453
0.0297514
0.0308418
0.0310428
0.0304155
0.0308409
0.0307099
0.0308216
0.0307098
0.0307517
0.0308907
0.0307772
0.0308067
0.0308126
0.030776
0.0308683
0.030803
0.0308791
0.0308421
0.0307931
0.0308461
0.0308016
0.0308662
0.0308286
0.0308642
0.0308364
0.0308179
0.0308272
0.0308425
0.0308289
0.0308297
0.0308338
0.0308718
0.0308386
0.0271797
0.0238814
0.0314054
0.0316604
0.0312979
0.0310152
0.0309473
0.0310211
0.0308926
0.0309848
0.0308911
0.0309281
0.0309444
0.0309451
0.0308944
0.0309353
0.030904
0.0308984
0.0308914
0.0250761
0.0269248
0.0295517
0.0301557
0.0307152
0.0307687
0.0306637
0.0307484
0.0307783
0.0307766
0.0308116
0.0307569
0.0308499
0.0307694
0.0308344
0.0308297
0.030809
0.0308264
0.0309401
0.0308295
0.0309526
0.0308633
0.0309266
0.03088
0.030846
0.0308958
0.0308802
0.0308809
0.0308673
0.0309106
0.0308977
0.0309057
0.0308679
0.0308917
0.0308828
0.0308813
0.0308987
0.0308992
0.0308746
0.0308712
0.0308959
0.0308713
0.0308805
0.0308725
0.0308791
0.0308766
0.0308742
0.0308965
0.0308937
0.0308777
0.0308956
0.0308842
0.0308754
0.0308879
0.0308818
0.0308937
0.0308925
0.0308795
0.0308931
0.0308803
0.0308873
0.0308844
0.0308877
0.0308778
0.0308826
0.0308845
0.0308845
0.0308787
0.0308823
0.0308898
0.0308852
0.0308796
0.0308879
0.0308897
0.0308833
0.0437851
0.0306689
0.0269597
0.0303043
0.029979
0.0301863
0.0302509
0.0303593
0.030832
0.0305258
0.0333997
0.0180586
0.0317663
0.0315262
0.0306338
0.0302292
0.0305072
0.0309982
0.0309144
0.0307727
0.0307604
0.0307997
0.0307977
0.0308404
0.0308254
0.0308196
0.0308786
0.0308602
0.0308414
0.030809
0.0308091
0.0308115
0.0308747
0.0308287
0.030831
0.0308607
0.0308518
0.0308615
0.0308892
0.0308506
0.0308401
0.0308461
0.0308417
0.030845
0.0308484
0.0314727
0.0279944
0.0302609
0.0309285
0.0310421
0.0304452
0.0309583
0.0306433
0.0307688
0.0307466
0.030855
0.03079
0.030786
0.0307803
0.0308348
0.0308481
0.0307907
0.030835
0.0307994
0.0308419
0.0308079
0.0308203
0.0308497
0.0308098
0.0308229
0.0308761
0.030832
0.0308235
0.0308638
0.030833
0.0308608
0.0308661
0.0308739
0.030858
0.0308693
0.0308398
0.0308403
0.0308887
