0.00729476
0.00957185
0.0142634
0.0141263
0.0140092
0.0141756
0.0140975
0.0141297
0.0141302
0.0168284
0.0200883
0.0137932
0.0144397
0.0146014
0.0149847
0.0128934
0.0130614
0.0128051
0.0152476
0.0134614
0.0130145
0.0146441
0.0135156
0.0136779
0.0149794
0.0137726
0.0133006
0.0139926
0.0138313
0.0144644
0.0141623
0.0147925
0.0147778
0.0144371
0.0147138
0.0143355
0.0139492
0.0135822
0.014218
0.0142988
0.0146356
0.0145214
0.0145281
0.0139444
0.0144412
0.0142147
0.0141762
0.0137005
0.0144496
0.014062
0.0144707
0.0144974
0.0144919
0.0143002
0.0139245
0.0144013
0.0138075
0.0143176
0.0144269
0.0144186
0.0142819
0.0138896
0.0143954
0.0143876
0.014342
0.0139039
0.0138975
0.0143685
0.0112833
0.015644
0.0143721
0.0135313
0.0129162
0.0143187
0.0144282
0.0137635
0.013783
0.0143234
0.0141563
0.0140884
0.0142964
0.0141865
0.0140228
0.0141466
0.0141839
0.014149
0.0140838
0.0140792
0.0140791
0.0141527
0.0141574
0.0140956
0.0141412
0.0141454
0.0140996
0.0140968
0.0140875
0.0140846
0.0140863
0.0141432
0.0141036
0.0141486
0.014143
0.0141338
0.0141443
0.0141088
0.014113
0.0141464
0.0141205
0.0141205
0.0141453
0.0141057
0.0141346
0.0141365
0.0141027
0.0141016
0.0141061
0.0188298
0.0161602
0.0158966
0.0142118
0.0150602
0.0145351
0.0136091
0.0144516
0.0147359
0.0140968
0.0142171
0.0140984
0.0140612
0.0140611
0.0141662
0.0140524
0.014063
0.0141829
0.0141766
0.0141681
0.0141675
0.0141315
0.0140661
0.014138
0.0140911
0.0141581
0.0141203
0.0141571
0.0141567
0.0141022
0.0141304
0.0141314
0.0140828
0.0140901
0.0141537
0.0141505
0.0141055
0.0141274
0.0141404
0.0140927
0.0141197
0.0141437
0.0141428
0.0141096
0.0141334
0.014136
0.0141428
0.0187992
0.0157935
0.0156517
0.0142122
0.0147221
0.0145175
0.013194
0.0148891
0.0145997
0.014137
0.0141919
0.0141386
0.0137378
0.013745
0.013903
0.0142491
0.0143382
0.0140095
0.0140454
0.0139925
0.014001
0.0141428
0.0143035
0.0141101
0.0142367
0.0139548
0.0141566
0.0139731
0.0139749
0.0142036
0.0141086
0.0141028
0.0142541
0.0142355
0.0139962
0.0140112
0.0141882
0.0141099
0.0140563
0.0142262
0.0141379
0.0140416
0.0140446
0.0141709
0.0140821
0.0140715
0.0140448
0.0107116
0.00818082
0.016643
0.0155131
0.0146066
0.0139575
0.0151627
0.0138588
0.0142403
0.0147883
0.0140207
0.0146629
0.0145551
0.0141468
0.0145757
0.0145583
0.0143741
0.0143339
0.0139335
0.0140297
0.0137366
0.0137469
0.0137465
0.0144006
0.0140245
0.0139572
0.0140085
0.0142818
0.0139472
0.0141925
0.0142613
0.0143534
0.0139494
0.014309
0.0143393
0.0143167
0.0139218
0.0140337
0.014246
0.0178042
0.0119347
0.0128619
0.0144188
0.0148234
0.0135318
0.0139613
0.0144622
0.0140444
0.0129758
0.0133142
0.0145617
0.0140725
0.0139102
0.0136421
0.0145555
0.0147587
0.0141261
0.0143569
0.0147011
0.0137545
0.013925
0.013836
0.0136078
0.01363
0.014575
0.0143388
0.0136893
0.014509
0.0141568
0.0143163
0.0137556
0.0141681
0.0144795
0.0140556
0.0139982
0.0138265
0.0140762
0.0144231
0.0142847
0.0139324
0.0144097
0.0140665
0.0142548
0.0139419
0.0143303
0.014213
0.0140394
0.0139025
0.0167733
0.0171969
0.0127273
0.0153011
0.0131013
0.0148667
0.0145394
0.014603
0.013844
0.0139975
0.0141966
0.0141727
0.0141347
0.0141648
0.0140232
0.0140933
0.0142014
0.0141595
0.0141881
0.0140738
0.014117
0.0141492
0.0140514
0.0141797
0.0140655
0.0140635
0.0140667
0.0141729
0.0140997
0.0140766
0.0141476
0.0140839
0.0141617
0.0141247
0.0141057
0.0141577
0.0141564
0.0141559
0.0110269
0.0144925
0.0163396
0.0144831
0.0146895
0.0119536
0.0140487
0.0125456
0.0157593
0.0146839
0.0131415
0.0137891
0.0137074
0.0146518
0.0148585
0.0132204
0.0132388
0.0148316
0.0149498
0.0148843
0.0146026
0.0143615
0.0145397
0.0147932
0.0136331
0.0144372
0.0136315
0.013564
0.0146486
0.0147015
0.01468
0.0136129
0.0144741
0.0142105
0.0144312
0.0139906
0.0138743
0.0141267
0.0137105
0.0137421
0.013823
0.014297
0.0142935
0.0145139
0.0142768
0.0144766
0.0138195
0.0138203
0.0138167
0.0140165
0.0140397
0.0142198
0.0139361
0.0139587
0.0143011
0.0142255
0.0140529
0.0143419
0.00138181
0.014
0.0130079
0.015729
0.0150918
0.0155035
0.0128447
0.015192
0.013263
0.0131758
0.0132828
0.0148716
0.0134747
0.0147468
0.0139557
0.0140814
0.0135755
0.00889763
0.0104614
0.0126602
0.0128574
0.0136449
0.0134473
0.0139179
0.0142404
0.014159
0.014146
0.0141371
0.0141513
0.0141506
0.0142003
0.0140263
0.0141502
0.0140347
0.014174
0.0140551
0.0140934
0.0141507
0.0141617
0.0141369
0.0140732
0.0141504
0.0141529
0.0118114
0.0168552
0.0109652
0.0113768
0.0147744
0.0142007
0.0123441
0.0156914
0.0155767
0.0141619
0.0131426
0.014233
0.015189
0.0135812
0.0140699
0.014898
0.0139888
0.014601
0.0134275
0.0148196
0.0135608
0.0146177
0.0135342
0.0138801
0.0135652
0.0136467
0.014647
0.0144865
0.0146433
0.0140206
0.0138214
0.0143966
0.0143001
0.0141256
0.0145354
0.0137263
0.0140911
0.0138109
0.0137827
0.014463
0.0143026
0.0140052
0.0140722
0.0144173
0.0141599
0.0138565
0.0138917
0.0141122
0.00885086
0.0180017
0.012204
0.0135553
0.0156373
0.0137291
0.0128946
0.014182
0.0132321
0.0142972
0.0139843
0.0143234
0.0142984
0.0139015
0.0145781
0.0141634
0.0137393
0.0144753
0.0144664
0.0137618
0.0138362
0.0137987
0.0137928
0.0139029
0.0141592
0.0139344
0.0143681
0.0143089
0.0139605
0.0142401
0.0142925
0.0139004
0.0142108
0.0142897
0.0142684
0.0139504
0.0141339
0.0142942
0.00855031
0.013677
0.0139436
0.0144708
0.0135942
0.0144088
0.0137426
0.0137904
0.0143383
0.0140904
0.0142861
0.0143153
0.0141017
0.0141188
0.0141482
0.0142276
0.0141297
0.0140385
0.0125106
0.0181787
0.0164081
0.0151621
0.012335
0.0125801
0.015372
0.0142802
0.0148726
0.0138854
0.0143274
0.0137193
0.0147307
0.0147058
0.0141881
0.0142536
0.0144582
0.0143084
0.0143861
0.0137372
0.014231
0.0144347
0.0137438
0.0141431
0.0143898
0.0141065
0.0144153
0.0143636
0.0138364
0.013809
0.0144154
0.0142183
0.0139389
0.0142587
0.0143491
0.0140996
0.0141665
0.0142533
0.00934807
0.00300339
0.0171259
0.0133664
0.0155203
0.0149826
0.0146071
0.0136639
0.0138808
0.0139335
0.0142012
0.0141039
0.0142052
0.0142233
0.0141194
0.0141021
0.0140821
0.0140419
0.0140516
0.0140494
0.0141496
0.0141543
0.0141556
0.014075
0.0140812
0.0141673
0.0141714
0.0141631
0.0140886
0.0140779
0.0141518
0.0141349
0.0141114
0.0141493
0.0140871
0.0141578
0.0141179
0.0141567
0.0214063
0.0252497
0.0102626
0.0153043
0.0139324
0.0143581
0.0144842
0.0139093
0.0143341
0.0141876
0.0148843
0.0141056
0.014462
0.0146453
0.0136179
0.0138172
0.014048
0.0144096
0.013741
0.0141626
0.0138161
0.0138663
0.0141856
0.0138879
0.0138252
0.0140188
0.0140471
0.0143929
0.0138789
0.0140674
0.0139141
0.0143337
0.0139079
0.0139
0.0139605
0.0143291
0.0139242
0.0141188
0.0142881
0.00595108
0.0149451
0.0143644
0.0143308
0.0145878
0.0145155
0.0135797
0.0142244
0.0142433
0.0162899
0.0241874
0.0115755
0.0124223
0.0175215
0.0136966
0.0126294
0.0154526
0.0142255
0.0137547
0.0144405
0.0141955
0.0132968
0.0141656
0.0134271
0.0147889
0.0145193
0.0147169
0.0146799
0.0146363
0.014581
0.0138019
0.0143497
0.0145987
0.0144376
0.013758
0.0145443
0.0145371
0.0145109
0.0137098
0.0145099
0.0137712
0.0143216
0.0137634
0.0144711
0.0138331
0.0138739
0.0143474
0.0138057
0.014013
0.0140054
0.0141708
0.0142171
0.0140881
0.0143829
0.0138737
0.0142592
0.0143598
0.0143555
0.0140206
0.0139899
0.0139056
0.014055
0.0142837
0.0139269
0.0143168
0.0139404
0.0143136
0.014005
0.0142086
0.0100202
0.0173387
0.0124098
0.0144979
0.0132226
0.0143017
0.0144475
0.0135266
0.0142885
0.014046
0.0139827
0.0144375
0.0142618
0.0138083
0.0138653
0.0141895
0.0139128
0.0139316
0.0141842
0.0142867
0.00854082
0.0136783
0.014032
0.0142806
0.0131781
0.0147714
0.0133868
0.0134659
0.0146077
0.0140105
0.0144812
0.0145491
0.0140676
0.0141067
0.014174
0.0143506
0.0141359
0.0139391
0.012561
0.0118694
0.0131867
0.0150642
0.0148876
0.0137257
0.0142631
0.014055
0.0143198
0.014284
0.0142948
0.0143014
0.0140825
0.0139602
0.0140717
0.0142185
0.0140654
0.0138511
0.0124377
0.0185885
0.0112637
0.0123052
0.0162177
0.015483
0.0131064
0.0137217
0.014619
0.0143264
0.0132947
0.0136581
0.0141978
0.0134793
0.0144012
0.014649
0.0147309
0.0146132
0.0145554
0.0146545
0.0143265
0.0144179
0.0136873
0.0145806
0.0141221
0.0145469
0.0141052
0.0145454
0.0145222
0.0143919
0.0139759
0.0139423
0.0138861
0.0143095
0.0144151
0.013799
0.0138017
0.0138372
0.0138619
0.0138884
0.0140355
0.0142455
0.0143564
0.0139407
0.0140517
0.0143232
0.0143487
0.0139439
0.0143532
0.0139528
0.0143499
0.0143391
0.0139148
0.0142854
0.0143116
0.0143081
0.0139425
0.0142205
0.0179351
0.0149692
0.0108773
0.0124764
0.0131475
0.0151292
0.0138321
0.0143231
0.0141168
0.0137346
0.014177
0.0143027
0.0138742
0.0142663
0.0140979
0.0139661
0.0142048
0.0142141
0.0142222
0.0141453
0.0140194
0.0142134
0.0141175
0.0141979
0.0141625
0.0141403
0.0140362
0.0140795
0.0140855
0.0141524
0.0213752
0.0189464
0.0130536
0.0152401
0.0138948
0.0121282
0.0157523
0.0124896
0.0146382
0.0152193
0.0139579
0.0151127
0.0149481
0.0132539
0.0139447
0.0139609
0.0144476
0.014476
0.00749187
0.0213681
0.0125197
0.0129413
0.0141975
0.0147874
0.0136834
0.0134998
0.014516
0.0142656
0.0139045
0.0144536
0.0138286
0.0143589
0.0142301
0.0142976
0.0214701
0.0118028
0.0179662
0.0152539
0.0116038
0.0140673
0.0129961
0.0145617
0.0148261
0.0133678
0.0142027
0.0148216
0.014116
0.0139124
0.014717
0.0145045
0.0141588
0.0137267
0.013908
0.0137154
0.0136601
0.0141451
0.0142575
0.0143168
0.0141171
0.0143792
0.0140744
0.014345
0.0137903
0.0144079
0.013925
0.0138873
0.0139867
0.0138549
0.0141012
0.0143138
0.0143442
0.0141822
0.0143485
0.0169862
0.0124703
0.0158157
0.0142983
0.0136612
0.0138303
0.0142801
0.0138288
0.0138279
0.0143397
0.0143346
0.0139059
0.0142765
0.0141503
0.0139811
0.0139746
0.0140328
0.0140247
0.0141997
0.0142359
0.00362678
0.0183235
0.0116567
0.0150011
0.0129477
0.0142834
0.0142576
0.0141752
0.0137529
0.0141068
0.0137607
0.0138969
0.0143375
0.0139998
0.014307
0.0139669
0.0142684
0.0142459
0.0140002
0.0105579
0.0154957
0.0143303
0.0123517
0.0107119
0.0162797
0.0126299
0.0138288
0.0131669
0.014352
0.0140155
0.014109
0.014986
0.0135826
0.0148419
0.0137202
0.0143985
0.0139842
0.0138418
0.0141305
0.0146721
0.0146505
0.0146452
0.0136882
0.0145307
0.0137675
0.0145165
0.0141768
0.0144466
0.014125
0.0143102
0.0137826
0.0144372
0.0143364
0.0143484
0.013758
0.0144749
0.0137861
0.0139598
0.0138312
0.0138013
0.01386
0.013956
0.0140098
0.0142522
0.0140598
0.0139862
0.0141495
0.014359
0.0143669
0.014006
0.0140532
0.0140544
0.0140511
0.0141293
0.0143158
0.0143324
0.013925
0.0142324
0.0247663
0.0126709
0.0118773
0.0139893
0.0142561
0.0149015
0.0136261
0.0146979
0.0136172
0.0135891
0.0121986
0.00979061
0.01402
0.0113454
0.0138793
0.0155555
0.0140442
0.0143238
0.0138496
0.0135411
0.0141388
0.0147607
0.0135316
0.0135085
0.0137559
0.0146204
0.0136559
0.0137598
0.0142677
0.0137973
0.0141764
0.013749
0.0144676
0.0142976
0.0142013
0.0138395
0.0144164
0.0138055
0.0138842
0.0139286
0.0138685
0.014212
0.0138782
0.0140578
0.0140741
0.0139774
0.0141584
0.0139304
0.0157394
0.00286343
0.00984262
0.0113518
0.016185
0.0153587
0.0125134
0.0140713
0.014091
0.0151463
0.0140283
0.0148109
0.0148158
0.014164
0.0143985
0.0135191
0.0142113
0.013789
0.0143651
0.0137057
0.0140181
0.0143143
0.0145623
0.0144393
0.0138516
0.0139062
0.0137299
0.0137635
0.0144752
0.0137991
0.0143613
0.0140062
0.0138219
0.013916
0.0144047
0.0143996
0.014078
