0.00402024
0.0191485
0.0180102
0.0186343
0.0192149
0.0203437
0.0205204
0.0204139
0.0212662
0.0211089
0.0219047
0.0218956
0.0219367
0.0218887
0.0219236
0.0218546
0.021882
0.0219158
0.0218868
0.02187
0.0218832
0.0219007
0.0219008
0.021914
0.0219027
0.0218846
0.0218808
0.0219141
0.021896
0.0219017
0.0218916
0.0219014
0.0218895
0.0218975
0.0219096
0.0219087
0.0218683
0.0218757
0.0218947
0.0218765
0.0219053
0.0218693
0.0218945
0.021899
0.0218962
0.0218723
0.0218755
0.0218827
0.0218995
0.0218986
0.0218944
0.0218754
0.0218982
0.0218782
0.0218765
0.0218967
0.0218799
0.0218966
0.0218961
0.0218927
0.0218764
0.0218952
0.0218995
0.0219228
0.0228628
0.0224757
0.0215695
0.0224045
0.0221103
0.0216133
0.02183
0.0215944
0.0222454
0.0216348
0.0218449
0.0216945
0.0222076
0.0216694
0.022162
0.0221595
0.0218233
0.0221489
0.0221065
0.0217068
0.0221143
0.0220885
0.0217577
0.0217405
0.0219327
0.0220499
0.0218577
0.0217601
0.0220438
0.0220363
0.022014
0.0217837
0.0218252
0.0217827
0.0218298
0.021814
0.0219051
0.0219892
0.0219737
0.0218041
0.0218217
0.0218324
0.0219737
0.0218352
0.0218071
0.0219283
0.021965
0.0218584
0.0218159
0.0221012
0.0218846
0.0218154
0.0214521
0.0222426
0.0222101
0.0222023
0.0215241
0.0217331
0.0221529
0.0221287
0.0217231
0.0220988
0.0219068
0.0219378
0.0216746
0.0220893
0.0216376
0.0217035
0.022068
0.0216709
0.022026
0.021983
0.021699
0.0217518
0.0219176
0.0220241
0.022029
0.0217212
0.0217825
0.0219925
0.0217593
0.0217624
0.0219826
0.0219241
0.0217868
0.0217887
0.0219481
0.0219748
0.0218335
0.0219663
0.021804
0.0219639
0.0219631
0.0218306
0.0218189
0.0218404
0.0218362
0.0218853
0.0218316
0.0215023
0.0215538
0.0215883
0.0216374
0.0219071
0.0220255
0.022006
0.0219147
0.0217198
0.0220279
0.0217553
0.0219912
0.0217755
0.0218565
0.0218083
0.0217577
0.0217491
0.021964
0.0219934
0.0218934
0.0217818
0.02198
0.0217844
0.0218232
0.021971
0.0219012
0.0217953
0.0219092
0.0219351
0.0218081
0.0218174
0.0218487
0.0219511
0.0219202
0.0218151
0.0218583
0.0218393
0.021932
0.0218243
0.0218608
0.0218861
0.0219035
0.0219328
0.0218853
0.0218683
0.0218728
0.0217365
0.021666
0.0217211
0.0217403
0.0216513
0.0220278
0.0219018
0.0218818
0.0218583
0.0217781
0.0217484
0.0217423
0.021767
0.0217291
0.0217198
0.0217479
0.0218897
0.021934
0.0217449
0.0217578
0.0217863
0.0218136
0.0218707
0.0218006
0.021785
0.0218398
0.021795
0.0217963
0.0217969
0.0219141
0.0218745
0.0218853
0.0218853
0.0218852
0.0216955
0.0219844
0.0218622
0.0219626
0.0219199
0.0218155
0.0219344
0.0218423
0.0219316
0.0218795
0.0219631
0.0218726
0.0218123
0.0218801
0.0218144
0.0218176
0.0219183
0.0218928
0.0218439
0.0218339
0.0219193
0.0218627
0.0218357
0.0219261
0.0218602
0.0219029
0.0218537
0.0218721
0.0218432
0.0218436
0.0219229
0.0218664
0.0218782
0.021855
0.0218936
0.0218619
0.0218734
0.0219143
0.021886
0.0218853
0.0218853
0.0217367
0.0212629
0.0216904
0.0217908
0.0217283
0.0216299
0.0215394
0.0220033
0.0220185
0.0219115
0.0220378
0.0216794
0.0218005
0.0219835
0.0216672
0.0219174
0.0219747
0.0219755
0.0219791
0.0217404
0.0217245
0.0217405
0.0219945
0.0219805
0.0217454
0.0219738
0.0217521
0.0219837
0.0217802
0.0217688
0.0218288
0.0217863
0.0218014
0.0218277
0.0219043
0.0218947
0.0219107
0.0218113
0.0218853
0.0218854
0.0218609
0.0218879
0.0218677
0.0218815
0.0219311
0.0218723
0.0219236
0.0218687
0.0219193
0.0218948
0.0218707
0.0219081
0.0218765
0.0218647
0.0218935
0.0219093
0.0218999
0.0218762
0.0218832
0.0219062
0.0218818
0.0218743
0.0219015
0.0218661
0.0218721
0.0219
0.0219041
0.0218715
0.0219041
0.0219041
0.0218791
0.0218958
0.0218831
0.0219008
0.0218734
0.0219001
0.0218915
0.0218867
0.0218988
0.0218766
0.0218747
0.0218976
0.021897
0.0218777
0.0218856
0.0218958
0.0218797
0.0218771
0.021893
0.0218832
0.017723
0.0218443
0.0214828
0.0216083
0.021627
0.0216744
0.0217119
0.0218739
0.0219572
0.0217102
0.0216849
0.0216462
0.0218634
0.0217727
0.0217301
0.0217431
0.0218548
0.0217356
0.0217383
0.0217971
0.0218625
0.0217791
0.0218853
0.0167279
0.0201374
0.0214699
0.0208628
0.0220072
0.0214898
0.0212375
0.0212581
0.0215088
0.0213104
0.0217657
0.0214986
0.0214837
0.0214948
0.0217292
0.0218363
0.0219568
0.0218184
0.0217361
0.021632
0.0217437
0.0217964
0.0216882
0.0219366
0.0217393
0.02197
0.0217677
0.021753
0.0219665
0.0218853
0.021875
0.0218745
0.0218728
0.021898
0.0218331
0.0218771
0.021945
0.0218608
0.0219172
0.0218398
0.0219167
0.0219279
0.0219276
0.0219275
0.0219092
0.0219158
0.0219223
0.0218552
0.0218673
0.0218502
0.0219136
0.0219181
0.0219158
0.0218808
0.0218952
0.0219139
0.0218997
0.0218781
0.0218846
0.0218679
0.0218633
0.0218875
0.0219082
0.0219016
0.0219063
0.0219028
0.0219019
0.0218667
0.0218906
0.0218939
0.0218721
0.0218682
0.0219009
0.0218757
0.0218861
0.0218999
0.0218853
0.0203889
0.0218814
0.0217831
0.0219505
0.0217638
0.0216549
0.0218123
0.0217026
0.0220143
0.021729
0.0217705
0.0217861
0.0219772
0.0218448
0.0219228
0.0218384
0.0218021
0.021814
0.0219634
0.0217883
0.0217813
0.0218563
0.0218579
0.0219237
0.0219535
0.021952
0.0219416
0.0219412
0.0218272
0.0218094
0.0218135
0.0219287
0.021846
0.0219119
0.0218217
0.0218457
0.0218234
0.0218282
0.0218927
0.0218767
0.0218853
0.021885
0.0180922
0.0202299
0.0200331
0.020101
0.0212644
0.0206408
0.0205424
0.0209492
0.0211223
0.0210258
0.0219054
0.0217267
0.0215387
0.0213616
0.0213905
0.0214486
0.0218853
0.0218853
0.0218279
0.02158
0.0218056
0.0218479
0.021821
0.0217284
0.0217173
0.0219502
0.0219605
0.021901
0.0219759
0.0217838
0.0218454
0.0219412
0.021772
0.0219043
0.0219374
0.0219384
0.0219408
0.021796
0.0217919
0.0217982
0.0219528
0.0219432
0.0218038
0.0219392
0.0218097
0.0219467
0.0218197
0.0218145
0.0218549
0.0218282
0.0218377
0.0218533
0.0218972
0.0218916
0.021901
0.0218396
0.0218853
0.0206815
0.0218842
0.0214214
0.0218944
0.0219222
0.0215868
0.0216052
0.0215062
0.0221162
0.0214861
0.0214888
0.0220723
0.0218038
0.021665
0.0216285
0.0218234
0.0216018
0.0216087
0.0218124
0.0216564
0.0216634
0.0219462
0.0220075
0.0217136
0.0217163
0.021822
0.0217257
0.0219852
0.0218206
0.0218212
0.0219511
0.0218937
0.0217585
0.0218853
0.0218826
0.0218604
0.0218522
0.021857
0.0218484
0.0219064
0.0218925
0.0218211
0.0219705
0.0219951
0.021949
0.021809
0.0218419
0.0217778
0.0218222
0.0219171
0.0217849
0.0218306
0.0218559
0.0218052
0.0218083
0.0218058
0.0218985
0.0218177
0.021818
0.0218265
0.0218208
0.0218265
0.0219366
0.0219297
0.0218783
0.0219103
0.0218702
0.0218394
0.0219014
0.0218908
0.0218492
0.021844
0.0218881
0.0218853
0.0176839
0.0214595
0.0210878
0.0206857
0.0214463
0.0212338
0.0212516
0.0213092
0.0246883
0.0219156
0.0220353
0.0219021
0.0218983
0.0219291
0.0220031
0.0219196
0.0219721
0.0219581
0.0219603
0.0218344
0.0218848
0.0218802
0.0218936
0.021941
0.0219391
0.021842
0.0219471
0.0219205
0.021944
0.0218447
0.021868
0.0219112
0.0218541
0.0219276
0.0218911
0.0219321
0.0218627
0.021929
0.0218984
0.0219295
0.0218698
0.0219275
0.0218831
0.0219224
0.0219187
0.021857
0.0219206
0.0218729
0.0219028
0.0219135
0.0219134
0.0219138
0.0218773
0.021909
0.0219088
0.0219083
0.02191
0.0218939
0.0219087
0.0218893
0.0218853
0.02188
0.019255
0.020975
0.0208055
0.020852
0.0217337
0.0215197
0.0215302
0.0214561
0.0212536
0.0213616
0.0213887
0.0214254
0.021497
0.021976
0.0216003
0.0216272
0.0215828
0.0218233
0.021891
0.0216766
0.0217061
0.0218853
0.0218851
0.0193861
0.0207365
0.0205784
0.0206123
0.0213959
0.0209811
0.0209071
0.0211817
0.0213059
0.0212289
0.021901
0.0217597
0.0216085
0.0214743
0.0214958
0.0215417
0.0218853
0.020118
0.0157952
0.0202958
0.0213256
0.0192292
0.020239
0.0220273
0.0209835
0.0213842
0.0219899
0.0215206
0.0213699
0.0214415
0.0217714
0.0218853
0.0218871
0.0222278
0.0219968
0.0219008
0.022001
0.0219518
0.0218367
0.0218309
0.0218576
0.021854
0.0218507
0.0218314
0.0219487
0.0218382
0.0218219
0.0219478
0.0219623
0.0219587
0.0219575
0.0219509
0.0218565
0.0219395
0.0219423
0.0219267
0.0218371
0.0219042
0.0219208
0.0219401
0.0219372
0.021938
0.0219076
0.0219361
0.0218838
0.0219274
0.0218855
0.021852
0.0219214
0.0218523
0.0218518
0.0218533
0.0218555
0.0218765
0.0218761
0.0219175
0.021862
0.0219022
0.0218655
0.0218738
0.0219095
0.0219124
0.0219096
0.021909
0.0633213
0.0218853
0.0216201
0.0210906
0.0216372
0.0210832
0.0214812
0.0216399
0.0212362
0.0216345
0.0215615
0.0215349
0.0218215
0.0220198
0.0215953
0.0217121
0.0217107
0.0219546
0.0217719
0.0216568
0.0216694
0.0218853
0.0218082
0.0211033
0.0216228
0.021607
0.0215982
0.0215914
0.0216198
0.0217215
0.0219227
0.0217115
0.0217374
0.0217844
0.0218667
0.0217524
0.0217767
0.0218853
0.0216981
0.0212383
0.0211555
0.0208813
0.0211352
0.0213283
0.0211118
0.0215639
0.0215032
0.0214534
0.021341
0.0218409
0.0215203
0.0215662
0.0218796
0.0218297
0.0218853
0.0218717
0.0218753
0.0217599
0.0217011
0.021748
0.0217607
0.021685
0.0220123
0.0218979
0.0218806
0.0218603
0.0217916
0.0217658
0.0217604
0.0217815
0.021748
0.0217397
0.0217629
0.0218884
0.0219281
0.0217604
0.0217717
0.0217965
0.0218212
0.0218717
0.0218095
0.0217955
0.0218442
0.0218043
0.0218054
0.0218061
0.0219108
0.0218752
0.210308
0.0207498
0.0212254
0.0177968
0.0184083
0.0191059
0.0203908
0.0212031
0.0203771
0.0202943
0.0204538
0.0221103
0.0214143
0.021509
0.021626
0.0219161
0.0211832
0.0214922
0.0211425
0.0215014
0.0213356
0.0215108
0.0214588
0.0217138
0.0218853
0.00249251
0.0178768
0.0191075
0.0207803
0.0203812
0.0212367
0.0207665
0.0203599
0.0208364
0.0209682
0.0219558
0.0215563
0.0220007
0.0215082
0.0215681
0.0218853
0.0223491
0.0221585
0.0218885
0.0219309
0.0218424
0.0220146
0.0218805
0.0219898
0.0218711
0.0218243
0.0218975
0.0219605
0.021854
0.0218328
0.0219479
0.0218619
0.0219213
0.021916
0.0218442
0.0218512
0.0218894
0.0218803
0.0218438
0.0219309
0.0218838
0.0218642
0.0218526
0.0218511
0.0218508
0.0218581
0.0219251
0.0218531
0.0218718
0.0219072
0.0219229
0.0218933
0.0219143
0.0218993
0.0219168
0.021883
0.0219113
0.0219073
0.0218949
0.0218822
0.0218619
0.0218701
0.02191
0.0218737
0.021881
0.0218976
0.0218789
0.0219078
0.0219039
0.021899
0.0218682
0.0219046
0.0218928
0.0958745
0.0156921
0.0206704
0.0198497
0.0210844
0.0206808
0.0206736
0.0209442
0.0219259
0.0212735
0.0213546
0.0218853
0.0211563
0.0219222
0.0216989
0.0220973
0.0214512
0.0216412
0.0216194
0.0219797
0.021707
0.0216459
0.0216376
0.021684
0.0216469
0.0220124
0.0217359
0.0218025
0.0217053
0.0219307
0.0217691
0.0217176
0.0217455
0.021743
0.0218503
0.0218579
0.0217683
0.0217705
0.0217736
0.0219205
0.0217942
0.0218039
0.0218811
0.0218399
0.0218179
0.0219425
0.0218849
0.0218872
0.0214707
0.0218481
0.0218628
0.0216588
0.0219738
0.0217343
0.0218313
0.0219533
0.0218608
0.0218323
0.0219017
0.0217652
0.0217766
0.0219177
0.0217997
0.021797
0.021884
0.0219384
0.0219314
0.0219353
0.0219294
0.0218102
0.0219127
0.0219047
0.021939
0.0218225
0.0218636
0.0219271
0.021833
0.0218394
0.0218705
0.0218376
0.0218411
0.0218386
0.0219177
0.021844
0.0219066
0.0219149
0.0218514
0.021912
