0.0199803
0.0191852
0.0218
0.0212856
0.0223641
0.02205
0.0229877
0.0237754
0.0241313
0.0241789
0.0248706
0.0250317
0.0250418
0.0250378
0.0250493
0.0250382
0.0250432
0.0250373
0.0250417
0.0250434
0.0250466
0.0250441
0.0250411
0.0250421
0.0250423
0.0250433
0.0250428
0.0250429
0.0250336
0.0250403
0.0250405
0.0250382
0.0250362
0.0250372
0.0250329
0.0250407
0.0250392
0.0250404
0.025039
0.0250368
0.0250399
0.0250395
0.025036
0.0250351
0.0250336
0.0250338
0.0250368
0.0250339
0.0250374
0.0250363
0.0250359
0.0250366
0.0250347
0.0250366
0.0250348
0.025031
0.025036
0.025036
0.0250329
0.0250358
0.0250337
0.025031
0.0250353
0.0250329
0.0263951
0.025056
0.0251801
0.0250276
0.0251722
0.0251649
0.0251093
0.0250594
0.02509
0.0251501
0.0250984
0.0251268
0.0250433
0.0251131
0.0250552
0.0251324
0.0250684
0.0251023
0.0250172
0.0250845
0.0250151
0.0250962
0.0250828
0.0250953
0.0250903
0.0250668
0.0250513
0.0250843
0.0250503
0.0250188
0.0250415
0.0250814
0.0250654
0.0250687
0.0250744
0.0250356
0.0250317
0.0250621
0.0250511
0.0250623
0.0250613
0.025048
0.0250555
0.0250457
0.0250509
0.0250532
0.0250533
0.0250375
0.0250419
0.0250337
0.0250459
0.0250298
0.0250509
0.0250476
0.0250139
0.0249133
0.0248685
0.0249001
0.0249491
0.0249709
0.0249195
0.0249498
0.0249534
0.0249653
0.0250474
0.0250074
0.02498
0.0249944
0.0250241
0.0250032
0.0250317
0.0249806
0.0249806
0.0250421
0.024987
0.0249868
0.0250119
0.0250362
0.025009
0.025023
0.0250274
0.0250004
0.0250011
0.0250039
0.0250303
0.0250074
0.0250087
0.0250096
0.0250338
0.0250109
0.0250104
0.0250376
0.0250169
0.0250148
0.025018
0.0250301
0.0250377
0.0250166
0.0250161
0.0250246
0.0249591
0.024953
0.024969
0.0249792
0.0250058
0.02497
0.0249825
0.0249964
0.0249999
0.0250422
0.0250148
0.025005
0.0250117
0.0250271
0.0250124
0.0250317
0.025002
0.0250029
0.0250387
0.0250062
0.0250052
0.0250182
0.0250347
0.0250164
0.0250263
0.025029
0.0250125
0.0250126
0.0250142
0.0250308
0.0250165
0.0250168
0.0250173
0.0250331
0.0250186
0.0250179
0.0250357
0.0250217
0.0250208
0.0250228
0.0250306
0.0250359
0.0250219
0.0250214
0.0248303
0.0249776
0.0249382
0.0248953
0.0249126
0.0248226
0.0248923
0.0248607
0.0248731
0.025003
0.0249268
0.0249848
0.024888
0.0249903
0.0250311
0.0250313
0.0249581
0.0250314
0.0249209
0.0249915
0.0249811
0.0249553
0.0249475
0.0249935
0.0249998
0.0249826
0.02496
0.0249749
0.0249808
0.0249682
0.0250138
0.0249814
0.0249758
0.0249871
0.025023
0.025001
0.0250078
0.025007
0.0250013
0.0250079
0.0250202
0.0250184
0.0250179
0.0250216
0.0250243
0.0250304
0.0250173
0.0250321
0.025038
0.0250161
0.0250174
0.0250376
0.0250178
0.025027
0.0250225
0.0250344
0.0250203
0.0250284
0.0250204
0.0250259
0.0250215
0.0250222
0.0250348
0.0250258
0.0250337
0.0250299
0.0250284
0.0250243
0.0250254
0.0250273
0.0250252
0.0250338
0.0250259
0.0250267
0.0250302
0.0243724
0.0249244
0.024919
0.0248522
0.0248649
0.0249658
0.0248057
0.0249286
0.0248422
0.0249283
0.0250017
0.0248697
0.0248958
0.0249563
0.0249458
0.0249994
0.0249663
0.0249972
0.0249342
0.0250167
0.0249368
0.0249642
0.0249482
0.0249588
0.0250253
0.0250078
0.0249565
0.0250126
0.0250178
0.0249621
0.024971
0.0249798
0.0249895
0.0250317
0.0249937
0.0249884
0.0250049
0.0250317
0.0249918
0.0249997
0.0249931
0.0250317
0.0250491
0.0250754
0.0250488
0.0250477
0.0250399
0.0250413
0.0250397
0.0250437
0.025038
0.0250387
0.0250389
0.025038
0.02503
0.0250388
0.0250397
0.0250407
0.025037
0.0250339
0.025036
0.0250366
0.0250342
0.0250377
0.0250336
0.0250364
0.0250349
0.0250313
0.0250323
0.0250339
0.0250379
0.0250376
0.0250373
0.025034
0.0250335
0.0250369
0.0250335
0.0250341
0.025035
0.0250311
0.0250346
0.0250364
0.0250357
0.0250353
0.0250354
0.0250331
0.0250353
0.0250321
0.025034
0.0250341
0.0250353
0.025035
0.0250328
0.0244795
0.0245001
0.0246506
0.024674
0.0246858
0.0247266
0.0247584
0.0247747
0.0249537
0.0249546
0.0248656
0.024852
0.025011
0.0249287
0.0249254
0.0249065
0.0249061
0.0249309
0.0250181
0.0249563
0.0249472
0.0249867
0.0245824
0.024776
0.0242187
0.024528
0.0244479
0.0245235
0.0244795
0.0249033
0.0248624
0.0248655
0.0249307
0.02496
0.0248332
0.0249457
0.0247771
0.024958
0.0247908
0.0249
0.0248137
0.0248161
0.0249126
0.0248297
0.0249
0.0248701
0.0249992
0.0249744
0.0249618
0.0249528
0.0249181
0.0250317
0.0250332
0.0250323
0.0250437
0.0250431
0.0250352
0.0250372
0.0250374
0.0250407
0.0250385
0.0250311
0.0250354
0.02504
0.0250363
0.0250393
0.0250398
0.0250396
0.0250297
0.0250354
0.0250363
0.025034
0.0250349
0.0250328
0.0250311
0.0250332
0.0250369
0.0250299
0.0250372
0.025034
0.0250363
0.0250314
0.0250366
0.0250333
0.025036
0.0250322
0.0250325
0.0250358
0.0250341
0.0250325
0.0250314
0.0250352
0.0250351
0.0250348
0.0250332
0.0250349
0.0250347
0.0250304
0.0250316
0.0247419
0.0248534
0.0249571
0.0248995
0.0248999
0.024931
0.0249249
0.0249334
0.0249672
0.025028
0.0249395
0.0249414
0.0249503
0.0249764
0.0249553
0.0250363
0.0249594
0.0250111
0.0250279
0.024968
0.0249666
0.0249713
0.024979
0.0249818
0.0249848
0.0249958
0.024996
0.0249891
0.02501
0.0250053
0.0249945
0.0249947
0.0250123
0.025004
0.0250008
0.0250242
0.0249999
0.0249999
0.0250038
0.0220397
0.0230869
0.0238094
0.0239379
0.0236213
0.0241082
0.0238834
0.0242324
0.0248879
0.0243826
0.0248513
0.0247273
0.0249685
0.0246572
0.0247613
0.0249889
0.0249866
0.0249597
0.0249485
0.0249919
0.0249308
0.024979
0.0249419
0.0249811
0.025013
0.0249569
0.0249643
0.0249894
0.0249885
0.0250143
0.0249978
0.0250131
0.0249809
0.0250235
0.0249838
0.0249966
0.0249871
0.0249919
0.0250283
0.0250184
0.0249918
0.025021
0.025023
0.0249945
0.0249983
0.0250036
0.0250076
0.0250319
0.02501
0.0250077
0.0250167
0.0250319
0.0250095
0.0250138
0.02501
0.0244417
0.0242496
0.0247946
0.0243874
0.0245559
0.02463
0.0245825
0.0245588
0.0248395
0.0249268
0.0246738
0.0247318
0.0250012
0.0249419
0.0249792
0.0249935
0.024771
0.0248024
0.0249209
0.0249043
0.0249503
0.024999
0.0248776
0.0248841
0.0250303
0.0249118
0.0250066
0.0249778
0.025022
0.0249589
0.024976
0.0250271
0.0249488
0.0249752
0.0250166
0.0250013
0.0249334
0.0249679
0.0249444
0.0249826
0.0249597
0.0249946
0.0250295
0.025007
0.0250319
0.0249854
0.0249951
0.0249913
0.0250197
0.0249953
0.0249978
0.0250123
0.0250014
0.0250087
0.0250097
0.0250047
0.025026
0.0250192
0.0250157
0.0250093
0.0250122
0.0250114
0.025009
0.0250094
0.0250306
0.0250146
0.0250332
0.0250131
0.0250323
0.0250143
0.0250263
0.025017
0.025033
0.0250335
0.02084
0.0221034
0.0229298
0.0247702
0.0236604
0.0236997
0.0239729
0.024485
0.0247628
0.0246256
0.0250317
0.025074
0.0251711
0.0250643
0.0251007
0.0250565
0.0250854
0.0250734
0.0250748
0.0250688
0.0250663
0.0250549
0.0250279
0.0250406
0.0250326
0.0250632
0.0250578
0.0250476
0.0250378
0.0250629
0.0250613
0.0250569
0.0250591
0.0250588
0.0250547
0.0250575
0.0250544
0.0250385
0.0250543
0.0250528
0.025038
0.0250508
0.0250378
0.0250494
0.0250378
0.025029
0.0250475
0.0250296
0.0250467
0.0250452
0.0250469
0.0250442
0.025046
0.0250357
0.025037
0.0250414
0.0250374
0.0250366
0.0250302
0.0250416
0.0250338
0.0250344
0.0246473
0.0240286
0.024055
0.0241043
0.0240521
0.0240619
0.024952
0.024912
0.0245307
0.0248167
0.0244915
0.0245385
0.0246865
0.0249897
0.0246639
0.0248534
0.0248716
0.0249377
0.0247986
0.0247437
0.0249914
0.0248103
0.0227897
0.0237169
0.0241258
0.0242156
0.0240097
0.0243381
0.0241852
0.0244231
0.0249166
0.0245311
0.0248874
0.0247903
0.0249806
0.0247357
0.0232715
0.0224714
0.020677
0.0219444
0.0219855
0.022977
0.0227901
0.0246667
0.0242518
0.0239678
0.0239805
0.0249359
0.0247958
0.0250317
0.0251202
0.0250321
0.0251378
0.0251077
0.0251037
0.0250636
0.0250749
0.0250689
0.0250591
0.025067
0.02507
0.0250513
0.0250692
0.0250449
0.025065
0.0250642
0.025052
0.0250463
0.0250445
0.0250517
0.0250473
0.0250415
0.0250585
0.0250378
0.0250303
0.0250548
0.0250578
0.025039
0.025057
0.025054
0.0250491
0.0250531
0.0250447
0.0250467
0.0250318
0.0250394
0.0250486
0.0250392
0.0250434
0.0250474
0.0250464
0.0250372
0.0250391
0.0250471
0.0250456
0.0250314
0.0250456
0.0250448
0.0250435
0.0250411
0.0250325
0.0250344
0.0244377
0.0232363
0.0238641
0.0241096
0.0246965
0.0241875
0.0247487
0.0244423
0.0247495
0.0248398
0.0245522
0.0245181
0.0246342
0.0245999
0.0246002
0.0250083
0.0249588
0.0249854
0.0248346
0.0247918
0.0248584
0.0250163
0.0248372
0.0249174
0.0248983
0.0243012
0.0248036
0.0247015
0.0249237
0.024738
0.0250178
0.0247482
0.0248653
0.0248615
0.0248629
0.0248846
0.024881
0.024928
0.0249642
0.0249486
0.023516
0.0226457
0.0234141
0.0242412
0.0239888
0.024603
0.0243577
0.0246226
0.0246475
0.024528
0.0245833
0.024505
0.0245891
0.0248367
0.0247818
0.0247256
0.0248848
0.0248631
0.0249874
0.0249541
0.0249176
0.0249241
0.0248496
0.0249069
0.0248821
0.0248932
0.0250056
0.0249389
0.0249896
0.0249059
0.0249944
0.025031
0.0250312
0.024966
0.0250313
0.0249336
0.0249955
0.0249862
0.0249634
0.0249566
0.0249973
0.0250028
0.0249875
0.0249674
0.0249806
0.0249858
0.0249746
0.0250155
0.0249863
0.0249813
0.0249913
0.023989
0.0220555
0.0209324
0.0212113
0.021659
0.0222533
0.0248483
0.0244841
0.0242236
0.0242227
0.0240785
0.0245237
0.024964
0.0243522
0.0240761
0.0247516
0.0245428
0.0247808
0.0244587
0.024573
0.0248092
0.0247584
0.0246508
0.0247329
0.0232958
0.0237685
0.0222675
0.0226452
0.0249039
0.0230281
0.0238892
0.0236049
0.0236801
0.0244893
0.0248964
0.0243448
0.0249144
0.0242849
0.0242169
0.0249449
0.0249472
0.0245707
0.0262579
0.0252136
0.0250319
0.0250619
0.0250942
0.0251054
0.0250506
0.0250711
0.0250524
0.0250557
0.0250542
0.0250391
0.0250484
0.0250602
0.0250629
0.0250622
0.0250602
0.0250574
0.0250605
0.0250596
0.0250313
0.0250475
0.0250428
0.0250571
0.0250512
0.0250486
0.0250353
0.025054
0.0250445
0.0250468
0.0250506
0.0250367
0.0250449
0.0250463
0.0250483
0.0250501
0.0250461
0.0250446
0.0250477
0.0250427
0.0250473
0.0250433
0.02504
0.0250339
0.0250396
0.0250459
0.0250399
0.0250442
0.0250317
0.0250435
0.0250382
0.025043
0.0250341
0.0250425
0.0250423
0.0250385
0.0250416
0.0250406
0.024235
0.0219786
0.0236989
0.0230267
0.0241084
0.0238195
0.0243365
0.0241999
0.0245363
0.0245659
0.0248848
0.0250173
0.0247949
0.0248284
0.0247915
0.0248839
0.02483
0.024921
0.0248206
0.024948
0.0249619
0.0248345
0.0248785
0.0248639
0.024865
0.0248684
0.0248868
0.0249126
0.0248996
0.0250045
0.0249334
0.0249979
0.0249316
0.0249663
0.0249336
0.0250023
0.024993
0.0249516
0.0249576
0.0249707
0.0249817
0.0249743
0.0249868
0.0250168
0.0250319
0.0250116
0.0250279
0.0249181
0.0250152
0.0250375
0.0249718
0.0249467
0.0249752
0.0249737
0.0249904
0.0249672
0.0249964
0.0249728
0.0250153
0.0249818
0.0249844
0.0249902
0.0250069
0.0250002
0.0249941
0.0250215
0.0249904
0.0250267
0.0249963
0.0250097
0.0249992
0.0249991
0.0250077
0.0250131
0.025002
0.0250212
0.0250262
0.0250154
0.0250164
0.0250181
0.0250336
0.0250136
0.0250106
0.0250156
0.025025
