0.0147004
0.0174743
0.015426
0.0158545
0.0178923
0.0179771
0.0184308
0.0191791
0.019175
0.0190701
0.0191144
0.0191401
0.0191623
0.0191677
0.0191648
0.0190923
0.0192116
0.0192443
0.0191347
0.0192118
0.0191286
0.019111
0.0191107
0.019186
0.0192363
0.0191741
0.0191871
0.0192264
0.0191519
0.0192201
0.019152
0.019132
0.0192173
0.0192205
0.0191407
0.0192136
0.0191387
0.0192017
0.019209
0.019178
0.0191909
0.0192084
0.0191469
0.0191689
0.0191734
0.0191952
0.0192037
0.0191601
0.0191934
0.0191954
0.0191809
0.0191896
0.0191902
0.0191529
0.019156
0.0191545
0.0191811
0.0191937
0.0191683
0.0191949
0.0191749
0.0206459
0.0179739
0.0203804
0.0183564
0.0189828
0.0200955
0.020236
0.018408
0.0185547
0.0185082
0.0185224
0.0185184
0.0186604
0.0186072
0.0185678
0.0197185
0.0186946
0.0197066
0.018768
0.019527
0.0187696
0.018978
0.0191227
0.0193739
0.0195404
0.0188022
0.0191324
0.0189064
0.0188925
0.0195098
0.0195051
0.0194567
0.0189094
0.0190468
0.01916
0.0194136
0.0191268
0.0189803
0.0194062
0.0190338
0.0193857
0.0190165
0.0192438
0.0192597
0.0190151
0.0190084
0.0193373
0.0190154
0.0191234
0.0190199
0.0190223
0.0191137
0.0191218
0.0201468
0.0188505
0.0182462
0.0182958
0.0184141
0.018499
0.0198811
0.0189635
0.0194405
0.0195814
0.018655
0.0197224
0.018663
0.0188611
0.0194212
0.0186923
0.01874
0.0190883
0.0195541
0.0191234
0.0187629
0.018822
0.0187874
0.0188729
0.0193064
0.0194824
0.0190471
0.0192904
0.0194534
0.0194329
0.0189016
0.0189246
0.0192907
0.0193915
0.0189701
0.0189631
0.0189765
0.0189671
0.0192514
0.0193181
0.0193199
0.0191056
0.0189974
0.0190058
0.0190302
0.0191934
0.0190887
0.0191536
0.0196852
0.0190415
0.0187019
0.0185926
0.0188074
0.0188594
0.0195685
0.0190797
0.0192995
0.0193756
0.01892
0.0195446
0.0189114
0.0190203
0.0192984
0.0188819
0.0189221
0.0191286
0.0194033
0.019147
0.018913
0.0189293
0.0189331
0.0189913
0.0192522
0.0193848
0.0190991
0.0192442
0.0193606
0.0193448
0.0189937
0.0190032
0.019248
0.0193189
0.0190396
0.0190301
0.0190436
0.0190323
0.0192238
0.0192689
0.0192705
0.0191302
0.0190542
0.0190609
0.0190783
0.0191869
0.0191183
0.0191749
0.0181994
0.0189554
0.0189196
0.0186954
0.018712
0.0191906
0.018787
0.0192156
0.0194109
0.0188317
0.0193768
0.019321
0.0189685
0.018975
0.0189792
0.0189219
0.0189325
0.0189533
0.0193464
0.0189692
0.01899
0.0189911
0.0189984
0.0190053
0.0190589
0.019139
0.0190251
0.0191594
0.0191285
0.0192731
0.019059
0.0192674
0.0191749
0.0191548
0.018916
0.0190207
0.0192686
0.0190742
0.0193799
0.0193664
0.0193855
0.0191808
0.0190813
0.0193703
0.0191175
0.0193541
0.0192427
0.019015
0.0190113
0.0192192
0.0191569
0.0190793
0.0190821
0.01913
0.0191177
0.0192803
0.019232
0.019279
0.0191158
0.0192483
0.019133
0.0191645
0.019085
0.0190897
0.0192474
0.0191626
0.0191066
0.0191021
0.0191382
0.019113
0.0191415
0.0191931
0.0191164
0.0191308
0.0191749
0.0200903
0.0177142
0.0191556
0.0188286
0.0183373
0.0197921
0.0184273
0.0193755
0.0189366
0.0191692
0.0186564
0.0186031
0.0187187
0.019291
0.0188562
0.0194657
0.0187069
0.019507
0.0195507
0.019535
0.0189831
0.0189627
0.0190867
0.0193007
0.0188983
0.019374
0.0189383
0.0192443
0.0190922
0.0189692
0.0192623
0.0192292
0.0190403
0.0190981
0.0192884
0.0190134
0.0190147
0.0191992
0.0190742
0.0191797
0.0191939
0.0191702
0.0191971
0.019083
0.0192119
0.0192615
0.0191871
0.0191903
0.0192148
0.0191949
0.0192299
0.019118
0.0192441
0.0191451
0.0192337
0.0191864
0.0192226
0.019142
0.0192222
0.019182
0.0191744
0.019222
0.019153
0.0192156
0.0191496
0.0191806
0.0191514
0.0191482
0.0191832
0.019201
0.0192099
0.0192098
0.0191881
0.0191435
0.0192033
0.0192041
0.0192034
0.0191506
0.0191891
0.019154
0.0191795
0.0191579
0.019183
0.0191543
0.019168
0.0191572
0.0191963
0.0191585
0.0191937
0.0191901
0.0191551
0.0167481
0.0184196
0.0189713
0.0187367
0.018869
0.0188214
0.0192456
0.0190336
0.0192348
0.0192745
0.0189378
0.019107
0.01907
0.0189693
0.0189719
0.0189935
0.0190259
0.0191608
0.0192356
0.019055
0.0192993
0.0190758
0.0181139
0.0183199
0.0183904
0.0194849
0.0185305
0.0190299
0.0184702
0.0188011
0.0194532
0.0184223
0.0195068
0.0185281
0.019534
0.0186545
0.0187011
0.0194466
0.0190463
0.0191043
0.0188457
0.0192334
0.018883
0.0188713
0.0190311
0.0189136
0.0191243
0.0192785
0.01934
0.0191749
0.0191927
0.0191636
0.0193002
0.0191461
0.0192512
0.0191972
0.0190686
0.0192383
0.0190932
0.0190905
0.0191523
0.0192781
0.0190886
0.0192511
0.0190969
0.0191648
0.0190951
0.0192499
0.0191328
0.0191244
0.019112
0.0192404
0.0191622
0.0191283
0.0191513
0.0191996
0.0191407
0.019215
0.0192045
0.0192178
0.0191513
0.0191715
0.0192154
0.0192137
0.0191357
0.0192128
0.0191459
0.0192099
0.0191696
0.0192077
0.0191773
0.0191174
0.0192249
0.0191343
0.018697
0.019157
0.0191971
0.0190398
0.0194251
0.0193182
0.0188291
0.019025
0.0193752
0.0189822
0.0191803
0.0189926
0.0191498
0.019404
0.0191507
0.0192218
0.018989
0.0189753
0.0191488
0.0191103
0.0189958
0.0193131
0.0192904
0.0190125
0.019315
0.0190246
0.0190316
0.019244
0.0192302
0.0190607
0.0191163
0.0191654
0.0191121
0.0191114
0.019221
0.0190755
0.0190765
0.0191608
0.0184342
0.0192944
0.017493
0.0180876
0.0180022
0.0181528
0.0186914
0.0181438
0.0184387
0.018572
0.018303
0.0193143
0.019148
0.0191488
0.0191749
0.0197123
0.0185091
0.0191688
0.0190317
0.0186751
0.0195327
0.0187783
0.0192711
0.0190735
0.0191753
0.0188553
0.0188381
0.0188877
0.0192356
0.0190181
0.0193336
0.0189033
0.0193632
0.0194048
0.0194019
0.0190755
0.0190597
0.0191286
0.0192466
0.019004
0.0192917
0.0190407
0.0192152
0.01913
0.0190578
0.0192263
0.0192071
0.0190979
0.0191315
0.0192431
0.0190745
0.019076
0.0191899
0.0191167
0.01764
0.0189041
0.019064
0.0191781
0.0191128
0.0178636
0.0198244
0.0182952
0.0183073
0.0197561
0.018702
0.0187743
0.0185738
0.0184772
0.0185292
0.0187676
0.0196214
0.0195246
0.0194655
0.0188102
0.0191331
0.0187725
0.0194517
0.0194164
0.019277
0.0189717
0.0188585
0.0190085
0.0193387
0.0193746
0.0191361
0.0193765
0.0190153
0.0189741
0.0192656
0.0189298
0.0193342
0.0191704
0.0191507
0.0192761
0.0192696
0.0194408
0.0190066
0.0192852
0.0189131
0.0194098
0.0189323
0.0193458
0.0190274
0.01924
0.0189651
0.0191635
0.0189824
0.0192772
0.0193032
0.0193112
0.0190337
0.0193075
0.0190349
0.0192798
0.0192762
0.0191985
0.0190573
0.0192817
0.0191339
0.0192422
0.019247
0.0192427
0.0191413
0.0192391
0.0192478
0.019249
0.019096
0.0183713
0.0169157
0.0178529
0.0197748
0.0171124
0.0178751
0.0185263
0.0186389
0.0187564
0.0186472
0.0191749
0.0190841
0.019004
0.0191947
0.0191777
0.0190779
0.0193965
0.0191649
0.0192903
0.0191721
0.0192996
0.019072
0.0190389
0.0191349
0.0193281
0.0191182
0.0190931
0.0190731
0.019249
0.0192066
0.0191435
0.0192691
0.0190681
0.0192689
0.0190882
0.0191166
0.01927
0.0192218
0.0192552
0.0192532
0.019258
0.0192097
0.0191806
0.0192221
0.0192477
0.0192154
0.0191937
0.0191653
0.0191372
0.0191202
0.0192134
0.0192347
0.0192302
0.0191409
0.0191295
0.0191502
0.0191452
0.0191375
0.0191969
0.0191505
0.0191883
0.0192081
0.0188568
0.0167375
0.0199663
0.0179903
0.0195166
0.0179826
0.0182543
0.0189261
0.0192111
0.0189995
0.0192172
0.0185119
0.018432
0.0191001
0.0185926
0.0187682
0.0190806
0.0192416
0.0188961
0.0189011
0.0192655
0.0188861
0.0197676
0.0168706
0.0162436
0.0180765
0.018048
0.0175622
0.0181883
0.0188912
0.0182123
0.0189548
0.0183451
0.018778
0.0185303
0.0186265
0.0192904
0.0192443
0.0191541
0.0131579
0.0168883
0.0136852
0.0155325
0.0171335
0.0172444
0.0198781
0.0196953
0.0169204
0.0175206
0.0185146
0.0176773
0.0185151
0.0189307
0.018651
0.0191838
0.0183362
0.0191842
0.0195243
0.0192672
0.0195188
0.019096
0.0189846
0.0194615
0.0190151
0.0193391
0.0191147
0.0191791
0.0191308
0.019339
0.0190092
0.0190144
0.0192379
0.0193442
0.0191609
0.0191453
0.0190808
0.0191725
0.0190526
0.019297
0.0190641
0.0190739
0.0192563
0.0192778
0.0192766
0.0191525
0.0190892
0.0191314
0.0192409
0.0192692
0.0192335
0.0191359
0.0191169
0.0192064
0.0191965
0.019215
0.0192479
0.019237
0.0192451
0.0192152
0.0191498
0.0192113
0.019235
0.0192047
0.0192213
0.0192204
0.0192078
0.0192281
0.0192264
0.019144
0.0191356
0.0161845
0.0179366
0.0200522
0.0184745
0.0177096
0.0178579
0.0180607
0.0190214
0.0195115
0.0193816
0.0185279
0.0194246
0.0184981
0.0185216
0.018626
0.0186862
0.0186922
0.0188309
0.0190167
0.019175
0.018951
0.0188752
0.0189735
0.0185493
0.0190107
0.0186457
0.0190081
0.0193031
0.0193269
0.0190588
0.018926
0.0192956
0.0191573
0.0192235
0.0189527
0.0189963
0.019147
0.0190659
0.0190462
0.0164602
0.017296
0.0175604
0.0187953
0.0191295
0.0178626
0.0184161
0.0186614
0.0183479
0.0186457
0.018452
0.0186489
0.0190875
0.0189291
0.0188451
0.0188173
0.0191749
0.0191687
0.0190685
0.0191006
0.0189291
0.0191166
0.018821
0.0192204
0.0193801
0.0193306
0.0194048
0.0192091
0.0192432
0.0192593
0.0189086
0.018947
0.0192771
0.0189811
0.0190407
0.0192689
0.0190249
0.0189846
0.0191549
0.0190035
0.0192046
0.0190479
0.0190394
0.019042
0.0190642
0.0192262
0.0191175
0.0190724
0.0190599
0.0192272
0.0150067
0.0138278
0.0198057
0.0164072
0.0148835
0.0154833
0.0159374
0.0179398
0.0180904
0.0171185
0.0183954
0.0178376
0.0178013
0.0179844
0.0197694
0.0180555
0.0189582
0.0182976
0.0185862
0.0186109
0.0186676
0.0189674
0.0187894
0.015071
0.0166042
0.0178392
0.0167419
0.017009
0.0173036
0.0170372
0.0179777
0.0191202
0.0178807
0.0182081
0.0180184
0.0189325
0.0184128
0.0183879
0.0194889
0.0187541
0.019156
0.0192016
0.019176
0.0195109
0.0189653
0.01904
0.0191816
0.0193739
0.0190322
0.0190843
0.0192509
0.0191957
0.0192925
0.0193292
0.0191072
0.0191108
0.0191275
0.0193183
0.0191695
0.0193089
0.0192964
0.019282
0.0192043
0.0192264
0.0191268
0.0191658
0.0191297
0.019098
0.0190933
0.0192595
0.0192012
0.0191421
0.0192526
0.0192444
0.0192306
0.019108
0.0191891
0.01911
0.0192444
0.0191227
0.019241
0.0192375
0.0192339
0.0191985
0.0192248
0.0191241
0.0191799
0.0192148
0.0191321
0.019226
0.0192084
0.0191578
0.0192128
0.0191359
0.0192171
0.0192167
0.0191981
0.0191377
0.0191389
0.0191913
0.0161898
0.0174589
0.016679
0.019621
0.0172272
0.0177402
0.0186542
0.0184023
0.0183784
0.0188508
0.017962
0.0189814
0.0180961
0.0190894
0.0188603
0.0190989
0.0195768
0.0193425
0.0189198
0.0194563
0.0187654
0.0187392
0.0194565
0.0190445
0.0187729
0.019281
0.0188137
0.0190509
0.018926
0.0189148
0.0194004
0.0193479
0.0191723
0.0190452
0.0189508
0.0189498
0.0193541
0.0190256
0.0192984
0.0193078
0.0190264
0.0190251
0.0190788
0.0191401
0.0192934
0.0190364
0.0191749
0.0196089
0.0192107
0.0191639
0.0194248
0.0191791
0.0189325
0.019216
0.0191853
0.0192207
0.0189622
0.0189535
0.0189751
0.0193321
0.0190541
0.0189786
0.019226
0.0191292
0.019303
0.0192943
0.0191427
0.0190465
0.0191126
0.0191043
0.019054
0.019158
0.0191347
0.0192702
0.0190716
0.0192204
0.0191606
0.0191018
0.0191176
0.0192395
0.0190972
0.0191203
0.0192062
0.0191009
0.0191283
