0.422979
0.00293766
0.00200024
0.00655851
0.00737738
0.0019642
0.00127407
0.00282364
0.00315856
0.0317618
0.00599104
0.00114784
0.00115028
0.00142206
0.00197094
0.00312209
0.00131858
0.00658023
0.00496834
0.00327569
0.00633244
0.00350478
0.00416713
0.0063852
0.00601488
0.00442309
0.00492
0.00504257
0.00522433
0.00490126
0.00575735
0.00504592
0.00603869
0.00511097
0.00516955
0.00534655
0.00530733
0.00536678
0.00543139
0.00527863
0.00544771
0.00578671
0.0058247
0.0054518
0.00543879
0.00992662
0.00339918
0.00382621
0.00292456
0.00678925
0.00845764
0.0070377
0.00434897
0.00733689
0.00502274
0.00703252
0.00639499
0.0047737
0.00481055
0.005156
0.0052508
0.00495793
0.00497282
0.00566953
0.00622439
0.00631773
0.00543311
0.00534844
0.00620327
0.00528893
0.00611216
0.00528187
0.00532549
0.00590655
0.00625088
0.00609536
0.00579807
0.00611085
0.00618093
0.00572025
0.00543337
0.00579095
0.00581195
0.00609785
0.00578775
0.00595894
0.00548988
0.00576981
0.00554788
0.0056145
0.00555649
0.00602084
0.00602182
0.00601167
0.00600829
0.00577092
0.00593743
0.00600261
0.00555423
0.00560065
0.00566022
0.00559033
0.0059729
0.00593796
0.00597022
0.00596058
0.0055878
0.00560398
0.00594004
0.00566008
0.00568292
0.00562352
0.0056243
0.00577924
0.0446916
0.00554888
0.00703377
0.000663726
0.0022915
0.00582272
0.00611399
0.00254999
0.00441417
0.00183445
0.00620248
0.00253779
0.00233631
0.00352635
0.0026767
0.00286395
0.00390747
0.00627073
0.00470227
0.00474088
0.00521305
0.00606193
0.00587047
0.00462562
0.00504357
0.00523199
0.00496289
0.00498085
0.00525397
0.00527266
0.00534919
0.00607957
0.00586561
0.00548981
0.00521562
0.00518965
0.00589947
0.00531098
0.00545182
0.00545743
0.130584
0.000969785
0.00378193
0.00124428
0.00504164
0.00350731
0.00624184
0.00152966
0.00561881
0.0057436
0.00472698
0.00461534
0.00567851
0.0030942
0.00598811
0.00617627
0.00434587
0.006264
0.00614654
0.00576484
0.00548525
0.00463
0.00558399
0.0061378
0.00518256
0.00613713
0.00534891
0.0053427
0.00510348
0.00538781
0.00518134
0.00577136
0.00573945
0.00519031
0.00530578
0.00577205
0.00535218
0.0186175
0.000652706
0.000344736
0.00506842
0.00288884
0.00413599
0.00139922
0.00525917
0.00466436
9.71791e-06
0.00332682
0.0023494
0.00348732
0.00299679
0.00371
0.00580165
0.00543012
0.00512164
0.00446765
0.0041323
0.00505651
0.00472614
0.00457375
0.00529623
0.00595686
0.0048215
0.00602879
0.0055555
0.00502441
0.00507633
0.064152
0.00321239
0.0399582
0.00193451
0.00595963
0.000447266
0.000232654
0.000854702
0.00102881
0.00643326
0.00247098
0.004574
0.00557526
0.00639314
0.00626298
0.00430695
0.00483834
0.00617194
0.00520427
0.00592834
0.00483316
0.00519694
0.00499804
0.00506554
0.0050898
0.00554136
0.00594658
0.00597233
0.0186523
0.037926
0.00200921
0.00428891
0.00390416
0.000609805
0.000167052
0.00361554
0.000896518
0.00100188
0.00279011
0.00399684
0.00324308
0.00318973
0.00523807
0.0063058
0.00615263
0.00616136
0.00500767
0.00473886
0.00599864
0.00516757
0.00485301
0.00488572
0.00599907
0.00516956
0.00516119
0.00514915
0.00584614
0.00535482
0.00699241
0.0410252
0.0485181
0.00625048
0.00670897
0.0064114
0.00605477
0.00138383
0.00317617
0.00124364
0.00542645
0.00191569
0.00399612
0.00592259
0.0027699
0.00609883
0.00506036
0.0062715
0.00500125
0.00500149
0.00459049
0.00625856
0.00465172
0.00528023
0.0049732
0.00486472
0.00479507
0.00567985
0.00586879
0.00491963
0.00496596
0.0060608
0.00602177
0.00581579
0.00577922
0.00510781
0.00589123
0.00571886
0.0059743
0.00424669
0.057197
0.00310182
0.00328667
0.00674789
0.00163728
0.0018838
0.00430656
0.00653869
0.00336891
0.00338821
0.00606477
0.00619027
0.00598164
0.00626512
0.00580866
0.00522316
0.0056692
0.00546065
0.00515144
0.00494987
0.00518359
0.00538436
0.00604964
0.00510072
0.00605061
0.00539394
0.00572361
0.0426525
0.00474609
0.00702893
0.00100763
0.00227388
0.00584975
0.00612808
0.00255547
0.00441567
0.00185292
0.00620571
0.00257876
0.00237283
0.00353225
0.00269643
0.00288434
0.00391828
0.00626928
0.00470485
0.0047438
0.00521432
0.00606141
0.0058711
0.0046326
0.00504875
0.00523606
0.0049662
0.00498584
0.00525565
0.00527431
0.00535055
0.00607851
0.00586551
0.00549179
0.00521798
0.00519226
0.0058991
0.00531309
0.00545312
0.00545936
0.0574433
0.01779
0.0126035
0.00400309
0.00642115
0.00377303
0.00360617
0.00337041
0.0264158
0.00406888
0.00208908
0.00112841
0.00190622
0.00197975
0.00312753
0.00159498
0.00656858
0.00501957
0.00329961
0.0063302
0.0035521
0.00417438
0.00637928
0.00601576
0.00443874
0.00493884
0.00504625
0.00522726
0.00491065
0.00575904
0.0050542
0.00603691
0.00511739
0.00517686
0.00535238
0.00531094
0.00536985
0.00543376
0.00528347
0.00545182
0.00578701
0.00582457
0.00545458
0.00544179
0.00474857
0.00689622
0.00418893
0.00427633
0.00305231
0.00266027
0.00662295
0.000816741
0.00370423
0.00644872
0.00617481
0.00426743
0.00558963
0.00646599
0.00502829
0.00470973
0.00611593
0.00552355
0.00475576
0.00464245
0.00550657
0.00625834
0.00496372
0.00623077
0.00563462
0.00599092
0.00618353
0.00526576
0.00530186
0.00528631
0.00571175
0.00611136
0.00531004
0.00591437
0.00543594
0.00609495
0.00543217
0.00536434
0.00607266
0.00568909
0.00569325
0.00604845
0.00545029
0.00603409
0.00584779
0.00563652
0.00546944
0.00552681
0.00583895
0.00563796
0.00551455
0.00556386
0.00554664
0.00563567
0.00595289
0.00590453
0.00576583
0.0032942
0.0335
0.00628633
0.005735
0.00349456
0.00220575
0.00447748
0.0061163
0.0038139
0.0064848
0.00452065
0.00402176
0.00601274
0.00391083
0.0039922
0.00490409
0.00452146
0.00490011
0.00607124
0.00460678
0.00502408
0.0049832
0.00530901
0.0059657
0.00521276
0.00541706
0.00526624
0.00602798
0.00541136
0.00328717
0.010377
0.00482478
0.00461051
0.0066787
0.00244137
0.00654986
0.00403986
0.00633131
0.00651934
0.00489308
0.00494841
0.00597131
0.00649016
0.00447426
0.00510768
0.00571866
0.00629154
0.00481311
0.00594581
0.00626906
0.0061211
0.0051426
0.00545204
0.00618063
0.00617211
0.00517483
0.00523073
0.00545928
0.00539823
0.00545717
0.0057849
0.00593792
0.00536082
0.00608387
0.00567106
0.00578237
0.0058947
0.00595958
0.00588449
0.00583385
0.00598258
0.00543449
0.00549928
0.00600691
0.00598259
0.00581722
0.00554365
0.00582537
0.0055833
0.00582288
0.00581216
0.00555445
0.00582647
0.00565559
0.00594703
0.00618482
0.043512
0.00654071
0.00391232
0.0100297
0.00386386
0.00467291
0.00059484
0.00145055
0.0036273
0.0049412
0.00348519
0.0050165
0.0022556
0.00629052
0.00486634
0.00469577
0.00465703
0.00516687
0.00499909
0.0630656
0.0149917
0.0110172
0.0039808
0.0127361
0.00450052
0.00654751
0.00362703
0.00615222
0.0024607
0.00116966
0.00370867
0.00318572
0.00651363
0.00650942
0.00623941
0.00341496
0.00594405
0.00458543
0.00467008
0.00409971
0.00541151
0.00425703
0.00577447
0.0060182
0.00479343
0.00596337
0.00514745
0.00521269
0.00510113
0.00581633
0.00585053
0.00569499
0.00591425
0.00535916
0.00600779
0.00567973
0.00555558
0.00437874
0.0122389
0.00227262
0.000619815
0.00128897
0.00616278
0.00380267
0.00416937
0.00407061
0.00395914
0.0035677
0.00644839
0.0063517
0.00637129
0.00634275
0.00564246
0.00486364
0.00499947
0.00514474
0.00483123
0.00515527
0.00506502
0.00605518
0.00571495
0.00598173
0.00598415
0.0055274
0.0053244
0.00538982
0.00576152
0.0058335
0.00606719
0.00599354
0.00604758
0.00602586
0.00548946
0.00543255
0.00592492
0.00563655
0.00593378
0.0058382
0.00599195
0.00548149
0.00580728
0.0055304
0.00591364
0.00586931
0.00569204
0.00556421
0.00845102
0.0906809
0.0321399
0.00978004
0.00328362
0.00656125
0.00771258
0.00333504
0.00669947
0.000488751
0.00553909
0.000393776
0.00653212
0.00322186
0.00494787
0.00373743
0.00605961
0.00420298
0.00499244
0.00623871
0.00616729
0.00486573
0.00484488
0.00459806
0.00610843
0.00479645
0.0023906
0.0701448
0.0070047
0.013159
0.00772527
0.00667987
0.00391748
0.0014877
0.00362823
0.00343631
0.00482708
0.00448315
0.00504529
0.00395451
0.00469426
0.00389861
0.00518948
0.00425481
0.00518359
0.0134686
0.00398458
0.00165933
0.00274145
0.00297155
0.00122008
0.00180028
0.00365049
0.00208333
0.00385332
0.00375036
0.00278805
0.0046205
0.0052869
0.00631919
0.0059606
0.00629841
0.00622898
0.00488395
0.00516744
0.00542031
0.00610504
0.00532853
0.00535745
0.00615464
0.00514656
0.00515018
0.00529178
0.0052884
0.00543901
0.00526008
0.00603673
0.00530055
0.0060285
0.0053699
0.00582484
0.00549417
0.00540926
0.00541728
0.00602421
0.00578206
0.00541824
0.00552512
0.00561625
0.00579466
0.0058671
0.00555775
0.00596483
0.0134686
0.00398458
0.00231308
0.00274145
0.00297154
0.00118559
0.00186879
0.00365049
0.00213515
0.00385361
0.00375152
0.00283707
0.0046587
0.00531133
0.00631685
0.00596317
0.00629517
0.00622704
0.00488656
0.00516847
0.00542741
0.00610394
0.00533445
0.00536203
0.00615285
0.00514934
0.00515361
0.00529552
0.00529196
0.00544184
0.00526217
0.00603557
0.00530275
0.00602741
0.00537147
0.00582481
0.00549592
0.00541116
0.00541909
0.00602322
0.00578217
0.00541986
0.00552649
0.00561713
0.00579463
0.00586672
0.00555852
0.0059641
0.169478
0.00635291
0.00137125
0.0175416
0.0110026
0.00875844
0.00480019
0.00641792
0.00423013
0.000948798
0.00278632
0.00391497
0.00458201
0.00650415
0.00305003
0.00430471
0.00482185
0.00444449
0.00626079
0.00520506
0.00537283
0.00495501
0.00550202
0.00520938
0.00533923
0.00488958
0.00509798
0.00598202
0.086995
0.00575282
0.00369884
0.00791689
0.000994011
0.00266297
0.00564478
0.00314174
0.00210112
0.00330852
0.0148524
0.000731392
0.00403476
0.00287362
0.00384644
0.00646352
0.00176717
0.00497812
0.00274122
0.00641169
0.00367861
0.00290914
0.00400904
0.0056962
0.00482228
0.00433258
0.00486325
0.0602728
0.0178958
0.0024304
0.00336633
0.00651087
0.00460315
0.000900145
0.00239009
0.00557563
0.00348343
0.00288112
0.00502487
0.00607656
0.00430266
0.00396584
0.00465468
0.00449642
0.00459809
0.00512823
0.00478502
0.00483181
0.00485984
0.00571104
0.0052278
0.00519672
0.00604361
0.00604201
0.00597617
0.00605607
0.00525298
0.00576187
0.00599063
0.00526164
0.0060123
0.00538355
0.00536043
0.160721
0.00547905
0.00803812
0.01538
0.0048447
0.00500204
6.12552e-05
0.004506
0.00346275
0.00370628
0.00629079
0.00578705
0.00563134
0.00323126
0.00449661
0.0061426
0.00481697
0.00614703
0.00579516
0.00465153
0.00513898
0.00558787
0.00589763
0.00548853
0.00507659
0.00500636
0.00502476
0.00423427
0.0119522
0.00230863
0.00135042
0.00120658
0.00614222
0.00381907
0.0041819
0.00402861
0.00392482
0.00358311
0.00645376
0.00635494
0.00637546
0.00634593
0.00564086
0.00486851
0.0050032
0.00514708
0.00483608
0.0051584
0.00506875
0.00605666
0.0057168
0.00598293
0.00598518
0.00553003
0.00532632
0.00539104
0.0057632
0.00583484
0.00606722
0.00599401
0.0060474
0.00602568
0.00549043
0.00543452
0.00592528
0.00563853
0.00593394
0.00583895
0.00599158
0.00548344
0.00580813
0.00553227
0.00591354
0.00586951
0.00569348
0.00556555
0.00249816
0.00760963
0.00313382
0.00770161
0.00752795
0.00433258
0.00476099
0.00478499
0.00664717
0.0045416
0.00654322
0.00475221
0.00657548
0.00646693
0.00464803
0.00633864
0.0050694
0.005008
0.00511522
0.00619976
0.00518276
0.00631211
0.00519527
0.00624037
0.00558493
0.00619215
0.00576395
0.00615401
0.00594558
0.00541592
0.00538558
0.00551307
0.00545247
0.00541185
0.00599829
0.00578592
0.00546255
0.00547053
0.00572057
0.00597046
0.00563984
0.00557107
0.0056756
0.00561997
0.00587215
0.00553461
0.00597236
0.00594222
0.00582841
0.00576205
0.00594949
0.00581372
0.00571234
0.00594124
0.0056129
0.00593221
0.00591789
0.0366528
0.024785
0.00566727
0.000386261
0.00413411
0.00653997
0.00165389
0.000941746
0.00266832
0.00577152
0.00173405
0.0035193
0.00492377
0.00314121
0.0050033
0.00418665
0.00628184
0.00495021
0.00489028
0.00515868
0.00587624
0.0045359
0.00620619
0.00499924
0.00501364
0.0049877
0.00513564
0.00518655
0.00604873
0.00595436
0.00521745
0.00521018
0.00527919
0.00607842
0.00528912
0.00592532
0.00579605
0.00594708
0.00534779
0.00598201
0.00551976
0.00545721
0.00560231
0.00542208
0.00546954
0.0055265
0.00589728
0.000143989
0.00751882
0.00704725
0.00402363
0.00724469
0.00218607
0.00383342
0.00432441
0.00602618
0.0065385
0.00426703
0.00641528
0.00451271
0.00649045
0.00658639
0.00664641
0.00500396
0.00487311
0.00496552
0.00638617
0.00602298
0.00523793
0.00520751
0.00525419
0.00624179
0.00523684
0.00616821
0.00563494
0.00535176
0.00537058
0.00615114
0.00541055
0.00537374
0.00589683
0.00609515
0.00560701
0.00545425
0.00606499
0.00549469
0.00604805
0.00553053
0.00576526
0.00556955
0.00602688
0.00591008
0.00602275
0.0059468
0.00552671
0.00581337
0.00556322
0.00558137
0.00560623
0.00595878
0.00557609
0.00564765
0.00575146
0.0056574
0.00590166
0.00565993
0.005691
0.00971374
0.00163589
0.00679242
0.0085032
0.00468372
0.00741218
0.00788194
0.00455193
0.00740626
0.00744707
0.007405
0.00654307
0.00694446
0.00501956
0.0050622
0.00528228
0.00501689
0.00495075
0.00511598
0.00638392
0.00529451
0.00634419
0.00629225
0.00512153
0.00535619
0.00595346
0.0058559
0.00525067
0.00526784
0.0053348
0.00530929
0.00553597
0.005363
0.00617401
0.0054469
0.00613539
0.00545009
0.00609988
0.00543715
0.00600647
0.00544538
0.00607192
0.00608035
0.00582441
0.0058558
0.00605691
0.00560287
0.00561693
0.00602318
0.00553914
0.0058865
0.00569234
0.00554896
0.00593308
0.0055944
0.00572264
0.00561454
0.00570916
0.00558245
0.00595958
0.00594368
0.00594563
0.00592564
0.005693
0.00566122
0.00573101
0.00562232
0.00587204
0.00562604
