0.312328
0.0277431
0.00614002
0.00330587
0.0114824
0.0151656
0.0151361
0.0153372
0.0167038
0.0165805
0.0790894
0.00993986
0.0887631
0.0123581
0.0193048
0.0144437
0.0175812
0.0155644
0.015676
0.0190082
0.0175952
0.0190175
0.0185781
0.0175057
0.0183406
0.0171933
0.0175236
0.0180181
0.018588
0.0176614
0.0177482
0.0177086
0.0177132
0.0178971
0.0184447
0.0180246
0.0178684
0.0179538
0.01867
0.0182575
0.0186628
0.0180638
0.018096
0.0181355
0.0185765
0.018087
0.0185809
0.0181303
0.0181318
0.0184705
0.085898
0.045006
0.0249465
0.0192088
0.026688
0.0198492
0.0178127
0.0182656
0.0178802
0.0192756
0.0180082
0.0190199
0.0178824
0.0191544
0.0197226
0.0195796
0.0183582
0.0180395
0.017969
0.0193007
0.0179929
0.0189231
0.0180467
0.0192344
0.0180195
0.0190146
0.01808
0.0183415
0.0189232
0.0187442
0.0188147
0.0181142
0.0182683
0.0186979
0.0187015
0.01874
0.0187718
0.0181474
0.018677
0.0185946
0.0184816
0.0186678
0.0183803
0.0184592
0.018214
0.0183154
0.0186658
0.0182008
0.018221
0.0182129
0.0185534
0.0186229
0.0185723
0.0182561
0.0185791
0.0184555
0.0184022
0.0183099
0.0185488
0.0182929
0.0185462
0.018302
0.0185712
0.0182725
0.0182919
0.0182788
0.0183583
0.0185463
0.0844621
0.0810324
0.00714537
0.0189432
0.0174693
0.0191743
0.0169084
0.0187776
0.0185413
0.0153778
0.0169806
0.0171987
0.0163423
0.017718
0.0187949
0.017197
0.0175527
0.01842
0.0176363
0.0180839
0.0174213
0.0187788
0.0184185
0.0176655
0.0176732
0.01874
0.0185627
0.0186838
0.0185008
0.0179119
0.0179714
0.0180219
0.0185066
0.0180136
0.0183816
0.0183819
0.0183835
0.0183625
0.018059
0.0181581
0.0882389
0.0279362
0.0150684
0.0196677
0.016848
0.0141035
0.0189939
0.0171404
0.0157601
0.0163708
0.0159437
0.0164166
0.0177026
0.0174287
0.0186679
0.0169581
0.0176166
0.017524
0.0188409
0.0186863
0.0175782
0.0188171
0.0178169
0.0187071
0.0185998
0.0180031
0.0177516
0.0186827
0.0184765
0.0179249
0.0179858
0.0180385
0.0180506
0.0180829
0.0180735
0.0180874
0.0180794
0.0182838
0.138579
0.211049
0.0185209
0.00121621
0.00545259
0.0118175
0.0156018
0.0162291
0.0164781
0.0158375
0.0190241
0.016243
0.0190102
0.016766
0.0177216
0.0170359
0.0175058
0.0187815
0.0172493
0.0173737
0.0174406
0.018576
0.017544
0.0176326
0.0186162
0.018549
0.0186605
0.0180718
0.150329
0.176497
0.0123207
0.00138048
0.0075519
0.0170195
0.014346
0.0191094
0.0155817
0.0189342
0.0174728
0.0170634
0.0187598
0.0172866
0.0168497
0.0187655
0.017427
0.0184711
0.0176779
0.0178712
0.018155
0.0183675
0.0185234
0.0184092
0.018409
0.0183764
0.0181099
0.0185251
0.017991
0.164814
0.254115
0.0404823
0.00342355
0.0187264
0.0191353
0.015792
0.0181157
0.0187842
0.0167397
0.0169721
0.0189596
0.0174012
0.0178221
0.0186633
0.017486
0.0177348
0.0180745
0.0178173
0.0179689
0.018391
0.017866
0.0185483
0.0185037
0.0184922
0.018366
0.0919912
0.102953
0.0747732
0.0118838
0.0194166
0.0114417
0.0181444
0.0159034
0.0183071
0.017433
0.0170648
0.0162049
0.0169727
0.0165509
0.0175193
0.0188628
0.01809
0.0174271
0.0174824
0.0176401
0.0176428
0.0178233
0.0184579
0.0182374
0.0179293
0.0186363
0.0178737
0.0179305
0.0185692
0.0179812
0.0179772
0.0184731
0.018075
0.0183214
0.0180549
0.129515
0.0272836
0.0141125
0.0137879
0.0115955
0.013701
0.0144582
0.0154048
0.0189968
0.0189524
0.016855
0.0180938
0.0187921
0.0177843
0.0183547
0.0174536
0.0179597
0.0185226
0.0185574
0.0175743
0.0176753
0.0177433
0.0187184
0.0178543
0.0186953
0.0179414
0.0185932
0.0180597
0.0186024
0.0185681
0.150248
0.206866
0.00365591
0.0190256
0.0175581
0.019173
0.0169673
0.0187877
0.018556
0.0153961
0.0170101
0.0172005
0.0163605
0.0177322
0.0187952
0.0172001
0.0175548
0.0184218
0.0176384
0.0180879
0.0174271
0.0187777
0.0184199
0.017668
0.0176766
0.0187389
0.0185625
0.0186828
0.0185007
0.0179148
0.0179742
0.0180232
0.0185064
0.0180151
0.018382
0.0183823
0.0183838
0.0183629
0.0180609
0.018159
0.0242063
0.0149755
0.0169432
0.0043226
0.0156736
0.0126158
0.017634
0.0174371
0.0181058
0.0176491
0.0773855
0.00340581
0.01588
0.0123803
0.0192879
0.0144758
0.0176796
0.0155887
0.0157636
0.0190058
0.0175967
0.019011
0.0185858
0.0175373
0.0183513
0.0172079
0.0175367
0.0180275
0.0185882
0.0176688
0.0177529
0.0177178
0.0177213
0.0179054
0.0184457
0.0180305
0.0178732
0.0179587
0.0186679
0.0182599
0.0186608
0.0180662
0.0180982
0.0181373
0.0185751
0.0180897
0.0185794
0.0181326
0.0181345
0.0184701
0.0557255
0.0486346
0.0226092
0.0242979
0.0133619
0.0138026
0.019375
0.0191522
0.0181675
0.0174539
0.0192857
0.0190677
0.0189069
0.0193178
0.0177057
0.0176619
0.0178485
0.0190135
0.0177692
0.0189256
0.01846
0.0187864
0.0189109
0.0184415
0.0187963
0.0179482
0.0179255
0.0187816
0.018593
0.0187682
0.0179964
0.0187611
0.0180398
0.018642
0.01808
0.0182923
0.0186893
0.0185081
0.0181078
0.0181146
0.0186687
0.0181165
0.0181393
0.0185697
0.0182819
0.0186207
0.0184332
0.018513
0.0181969
0.0182051
0.0184141
0.0185511
0.0182065
0.0185593
0.0184231
0.0183548
0.0182607
0.0185125
0.0183128
0.192756
0.167211
0.00798964
0.00130397
0.00722106
0.017002
0.0142659
0.0191062
0.0155587
0.0189332
0.0174613
0.017041
0.0187602
0.0172701
0.016818
0.0187673
0.0174081
0.0184696
0.01766
0.0178575
0.0181474
0.0183644
0.0185234
0.0184072
0.018407
0.0183738
0.0181005
0.0185263
0.0179794
0.0176453
0.0207027
0.0133811
0.0269205
0.0233594
0.0195942
0.0195051
0.0199652
0.0172061
0.0177354
0.0172784
0.0182703
0.0175824
0.0176696
0.0185277
0.0191403
0.0177252
0.017721
0.0190274
0.019006
0.017955
0.0177868
0.018991
0.0185982
0.0183646
0.018879
0.0188784
0.018796
0.0187481
0.0187762
0.0186397
0.0180539
0.0184033
0.0187169
0.0187069
0.0185823
0.0182863
0.0181075
0.0185283
0.0181224
0.0181559
0.0182708
0.0182175
0.0181678
0.0185744
0.0183585
0.0181844
0.0186017
0.0182603
0.0182129
0.018573
0.0185657
0.0185683
0.0185658
0.0183027
0.0182485
0.0183196
0.018514
0.304325
0.0187667
0.0154889
0.00346789
0.0040283
0.0148005
0.0155393
0.0154798
0.0185972
0.0158272
0.0189435
0.0182524
0.0175255
0.018646
0.0170875
0.0172394
0.0179099
0.0173807
0.196928
0.242071
0.017736
0.00937223
0.0146045
0.0180843
0.0172474
0.0174729
0.0190526
0.0187281
0.0164175
0.0174272
0.0175938
0.0185735
0.0179314
0.0184121
0.0188741
0.0178699
0.0177543
0.0177853
0.0177324
0.0174637
0.0175504
0.0187832
0.0175752
0.0179071
0.0185684
0.0185343
0.0179529
0.0182188
0.0185425
0.0179515
0.0179785
0.0181344
0.018637
0.018577
0.018163
0.0117734
0.00343794
0.0227855
0.0210561
0.0158692
0.019218
0.0196183
0.0171979
0.0191873
0.0176981
0.0186998
0.017514
0.0174927
0.0178374
0.0191392
0.0178576
0.0179228
0.018061
0.0188074
0.0188783
0.0185751
0.0188526
0.0188808
0.0188366
0.0180125
0.01804
0.0180776
0.0183493
0.0186335
0.0186325
0.018667
0.0181209
0.0186637
0.0184706
0.0186381
0.0186117
0.0181546
0.0186299
0.0181562
0.0183963
0.0182023
0.0183743
0.0182107
0.0185596
0.0184727
0.0185447
0.0182358
0.0182801
0.00691494
0.0185571
0.0147746
0.0155942
0.012313
0.0118646
0.0122233
0.0174489
0.0144697
0.0184566
0.0190544
0.0149178
0.0155494
0.015725
0.0162641
0.016452
0.0174972
0.0168495
0.0181955
0.0183917
0.0186469
0.0175792
0.018171
0.0179834
0.0179241
0.017872
0.0179669
0.0181337
0.00822216
0.0104098
0.012378
0.00941821
0.0191428
0.0161621
0.0157887
0.0154723
0.016032
0.0168281
0.0174009
0.0183831
0.018139
0.0172077
0.0177977
0.0183123
0.0164701
0.0182032
0.016301
0.0175111
0.0192797
0.0168751
0.0186976
0.0171749
0.0183641
0.0169828
0.0177228
0.01735
0.017847
0.0185241
0.0177995
0.0178263
0.0179259
0.0188468
0.0186501
0.0188091
0.0181653
0.0179521
0.0182457
0.0180534
0.0179607
0.0186729
0.0187251
0.0180497
0.0180103
0.0184887
0.0180527
0.0185038
0.0184327
0.0181847
0.0184804
0.0183946
0.0184105
0.0181808
0.0185785
0.0184868
0.0181682
0.018561
0.0185291
0.0184497
0.01834
0.01821
0.0184332
0.0169709
0.0184213
0.0167233
0.0175111
0.0192781
0.0168762
0.0187237
0.0172251
0.0183912
0.0169914
0.0177231
0.0173534
0.0178608
0.018527
0.0178087
0.0178271
0.0179267
0.0188438
0.0186491
0.0188067
0.0181683
0.0179533
0.0182481
0.0180542
0.0179624
0.0186714
0.0187234
0.0180519
0.0180118
0.0184884
0.0180538
0.0185034
0.0184327
0.0181861
0.0184801
0.0183947
0.0184105
0.0181819
0.0185777
0.0184864
0.0181691
0.0185602
0.0185285
0.0184494
0.0183403
0.0182107
0.018433
0.00908815
0.00849715
0.0248046
0.0176159
0.00870972
0.0188959
0.0123382
0.0132957
0.0191829
0.0172077
0.0181766
0.0174175
0.0158962
0.0170341
0.0190094
0.0169005
0.0174294
0.0177431
0.0177036
0.0177344
0.0187089
0.017697
0.017621
0.0183906
0.0178819
0.0184898
0.0177211
0.0177336
0.017854
0.0185747
0.260285
0.0172175
0.0154229
0.0106222
0.00938036
0.0155519
0.015178
0.0162616
0.0166623
0.0443454
0.00648717
0.0142687
0.0134497
0.00902899
0.0122646
0.0187035
0.0148178
0.0166964
0.0190367
0.0188703
0.0164502
0.0178275
0.0186812
0.0170147
0.0175459
0.017508
0.017548
0.0174095
0.00920223
0.0179385
0.0194634
0.0115223
0.0180648
0.0138222
0.0141418
0.014876
0.0190049
0.0178199
0.0174887
0.0169164
0.0182667
0.0169795
0.0188595
0.0176808
0.017715
0.0183887
0.0181206
0.0178637
0.0186062
0.0182182
0.0182431
0.0179368
0.0186208
0.0179288
0.0185981
0.018032
0.0183441
0.0180332
0.0186493
0.0181036
0.0182393
0.0184751
0.0181286
0.018528
0.0022427
0.013801
0.0151775
0.0183966
0.0162329
0.0116763
0.0134924
0.0184248
0.0174786
0.0148184
0.0166166
0.0163616
0.0167478
0.016456
0.0172356
0.0185953
0.0183428
0.017853
0.0174406
0.017295
0.0180472
0.0176376
0.0176196
0.0179976
0.0186026
0.0177282
0.018639
0.0183295
0.0178701
0.0179569
0.0164346
0.014757
0.0173921
0.0151222
0.0204504
0.0174202
0.0195382
0.0174698
0.0177081
0.0190943
0.0192705
0.0190469
0.017531
0.0175748
0.0176746
0.0188451
0.0189403
0.0188603
0.017879
0.0179574
0.0187252
0.0182198
0.0184634
0.0180322
0.0186931
0.0183528
0.0187091
0.0181144
0.018106
0.0180989
0.0181353
0.0181581
0.0186274
0.0185838
0.0185941
0.0181837
0.0182273
0.0185954
0.0183443
0.018209
0.0182211
0.0184999
0.018514
0.0185441
0.0183257
0.0175821
0.0203563
0.0226782
0.0176196
0.0195593
0.0184177
0.0223916
0.0208154
0.018961
0.018433
0.017866
0.0197035
0.0194784
0.018182
0.0193679
0.0189434
0.0179721
0.0180954
0.0191229
0.0190284
0.0179918
0.0190485
0.0190222
0.0189633
0.0180374
0.0188298
0.0185236
0.0181368
0.0188482
0.0184332
0.0182682
0.0181029
0.0184729
0.0182424
0.0184495
0.0187541
0.0181987
0.0181563
0.0186463
0.018651
0.0181827
0.0186306
0.018622
0.0184132
0.0186122
0.0183604
0.0185829
0.0183621
0.0184001
0.0183154
0.0185954
0.0185786
0.0185584
0.018455
0.018301
0.0184207
0.0182507
0.0184272
0.018543
0.0182618
0.0197463
0.00826328
0.0165112
0.0194329
0.0173001
0.0191059
0.0148912
0.0155661
0.0158155
0.015954
0.0166515
0.016781
0.0165503
0.0190371
0.0172494
0.0175233
0.0189063
0.0178286
0.0188975
0.0185414
0.0187167
0.0176735
0.018815
0.0187926
0.0178864
0.0182884
0.0178389
0.0179051
0.0181674
0.0184982
0.0187238
0.0186723
0.0179498
0.0185445
0.0180693
0.0180756
0.0186425
0.0186228
0.0185863
0.0181027
0.0182631
0.0185012
0.0181483
0.0181689
0.0182487
0.0181812
0.0181785
0.0267477
0.0180478
0.0220152
0.0248767
0.0176541
0.0215178
0.0180585
0.0177003
0.0178021
0.0201262
0.0193116
0.0178392
0.01917
0.0179848
0.0178172
0.0179291
0.0194388
0.0186612
0.0190573
0.0180338
0.0185434
0.0190363
0.0189756
0.0183716
0.0180707
0.0187991
0.0182812
0.0188441
0.0182158
0.0188057
0.0186975
0.0181137
0.0181027
0.018132
0.0181538
0.0181826
0.0186859
0.0186604
0.0181568
0.0182101
0.0186195
0.0186113
0.0185742
0.0186296
0.0185553
0.0182086
0.0182184
0.0184169
0.0184546
0.0183044
0.0185649
0.0185724
0.0185066
0.0185522
0.0184194
0.0184702
0.0184335
0.0182581
0.0304488
0.019463
0.0225243
0.0232315
0.0197567
0.0179578
0.0179118
0.0227077
0.019851
0.0192941
0.0198995
0.0200907
0.0178672
0.0192579
0.0198688
0.0194814
0.0179231
0.0195537
0.0188849
0.0182456
0.0191747
0.0190883
0.0190387
0.0190027
0.0190183
0.018398
0.0189416
0.0189698
0.0188346
0.0187631
0.0185559
0.0184551
0.0180933
0.0188635
0.018096
0.0181147
0.0181732
0.0184777
0.0187136
0.0187507
0.0183949
0.0187341
0.0186875
0.0186695
0.0186124
0.0186396
0.0186669
0.0186136
0.0182369
0.0185957
0.0183622
0.0183323
0.0184661
0.0183302
0.0183569
0.0182338
0.0184817
0.0184383
0.0182817
0.0182681
0.018348
0.0185723
0.0185509
0.0184769
0.0183071
0.0185469
0.0183944
0.0183251
0.0185238
