0.304074
0.0263858
0.00440729
0.00543526
0.0130356
0.0190012
0.0153742
0.0183798
0.019007
0.0217231
0.188514
0.0026337
0.000613023
0.00693131
0.016961
0.0223399
0.0129721
0.0255181
0.0234042
0.0238203
0.020804
0.0249691
0.0205103
0.0220862
0.0212273
0.0211467
0.0220568
0.0212191
0.0243713
0.0217084
0.0217825
0.0220108
0.0241948
0.0243537
0.0223492
0.02366
0.0226697
0.0227429
0.0225937
0.0241848
0.0231149
0.0227705
0.0239159
0.0241309
0.0237041
0.0229697
0.0229569
0.0236061
0.0548407
0.0647857
0.0291721
0.0205559
0.0207995
0.0192062
0.0280594
0.0216813
0.0209397
0.0264548
0.0219803
0.0259268
0.0215072
0.0219753
0.025371
0.0247764
0.021485
0.0236423
0.0248173
0.0249962
0.0221335
0.0242238
0.0224238
0.0247082
0.0246212
0.0224976
0.0226019
0.0224496
0.0226638
0.0225154
0.022765
0.0243965
0.0236401
0.0243301
0.02272
0.0228328
0.0242048
0.0239362
0.0227911
0.0228137
0.024234
0.0241858
0.0229284
0.0241696
0.022892
0.024132
0.0230064
0.0234763
0.023
0.0231038
0.0230046
0.0238307
0.02361
0.0240169
0.0239147
0.0232253
0.0231511
0.0239731
0.0232698
0.023138
0.0239469
0.0238901
0.0233296
0.0237182
0.0236244
0.0232662
0.023203
0.0232213
0.333851
0.242697
0.00273467
0.0458201
0.012239
0.00517051
0.0187024
0.0247342
0.0239592
0.0213807
0.0238782
0.0242612
0.0207972
0.0203303
0.0201143
0.0232356
0.0220252
0.0226212
0.0212078
0.0221596
0.0236472
0.0245894
0.0221215
0.0231867
0.0222758
0.0233245
0.0241255
0.0223298
0.0232176
0.0236754
0.0225687
0.0233343
0.0225637
0.0226814
0.0241173
0.0230511
0.0228168
0.786784
0.203313
0.00921911
0.0227952
0.00627484
0.000209598
0.0190694
0.0136206
0.0196206
0.0230679
0.0250971
0.0186998
0.0250012
0.0249621
0.0208419
0.022577
0.0244
0.0240187
0.0214045
0.0224947
0.0246335
0.0236598
0.0243487
0.0233475
0.0222669
0.0223135
0.0239249
0.0236164
0.0227009
0.0241942
0.0226453
0.022648
0.0240945
0.0233838
0.0228205
0.0230263
0.0240691
0.0240235
0.100973
0.00624305
0.0232948
0.00174472
0.00311145
0.00713192
0.00863303
0.0127861
0.0244558
0.0199689
0.0234273
0.0196226
0.0218705
0.0217223
0.0212357
0.0223886
0.0232901
0.0239933
0.0219336
0.0244306
0.0237192
0.0221455
0.0231992
0.0242232
0.0231051
0.0237495
0.0252472
0.0228453
0.051327
0.0262583
0.0229309
0.0232759
0.0169577
0.0238174
0.0204435
0.0194051
0.0220184
0.0205305
0.0209847
0.0237736
0.0245109
0.0234445
0.0215958
0.0242339
0.0230345
0.0232522
0.0221163
0.0225181
0.0239372
0.0227819
0.0227094
0.0227828
0.0226598
0.0241005
0.0388485
0.0035277
0.00648755
0.0137505
0.0219257
0.0250731
0.0194015
0.0192413
0.0202962
0.0195381
0.0205567
0.0244442
0.0206085
0.0228817
0.0239357
0.0240364
0.0218066
0.0233823
0.0219964
0.024354
0.0239516
0.0223318
0.0228963
0.0226855
0.0231576
0.022765
0.0229001
0.0236531
0.0826467
0.0465296
0.000806803
0.0020967
0.00274102
0.0257554
0.0184401
0.0254927
0.0250488
0.0177308
0.0213411
0.0198667
0.0203216
0.0213553
0.0218513
0.0249437
0.0219976
0.0210067
0.0247371
0.0221205
0.0213113
0.0246281
0.023806
0.0243721
0.0244385
0.0244098
0.0221855
0.0221942
0.0225706
0.024211
0.0242094
0.0227713
0.0238099
0.0242298
0.0228866
0.0226495
0.0228528
0.0228654
0.00930195
0.0156089
0.00918347
0.00946991
0.0194282
0.00736003
0.0162533
0.0158382
0.02081
0.0252161
0.0250574
0.0203492
0.0215778
0.0215283
0.0247998
0.0214855
0.0213918
0.0216102
0.0214978
0.0218611
0.0239253
0.0222805
0.0230166
0.0223941
0.0241314
0.0233564
0.0226491
0.0239208
0.0227456
0.0855132
0.0935352
0.00268373
0.0443817
0.0117782
0.00521009
0.0187094
0.0247627
0.0239892
0.021383
0.0238917
0.0242653
0.0208033
0.0203602
0.0201306
0.0232453
0.0220432
0.0226337
0.0212244
0.0221628
0.0236495
0.0245858
0.0221256
0.0231903
0.0222835
0.023327
0.0241235
0.0223367
0.0232201
0.0236754
0.0225728
0.023336
0.0225684
0.0226856
0.0241151
0.023054
0.02282
0.313229
0.00741613
0.00521324
0.0171432
0.0252261
0.0122144
0.0221928
0.0211916
0.0204326
0.0239475
0.123301
0.00752732
0.00415729
0.00697969
0.0169753
0.0227664
0.0130706
0.0254825
0.0234925
0.0238574
0.0208118
0.02496
0.0205329
0.0220902
0.0212391
0.0211616
0.0220956
0.0212554
0.0243672
0.0217249
0.0218013
0.0220236
0.0241903
0.0243474
0.0223593
0.0236608
0.0226751
0.022748
0.0226023
0.02418
0.0231208
0.0227765
0.0239131
0.0241265
0.0237032
0.0229739
0.0229632
0.023606
0.0241199
0.0255395
0.0258199
0.000653015
0.025879
0.0100792
0.0210105
0.0214461
0.0254298
0.018115
0.0241013
0.0254788
0.0202798
0.0243673
0.0205438
0.0211959
0.0249587
0.0222677
0.024813
0.0244862
0.02339
0.0244927
0.0218809
0.022879
0.0245698
0.0244129
0.022236
0.0237125
0.0244584
0.0244416
0.023468
0.0243801
0.022878
0.0225473
0.0239129
0.0236493
0.0232216
0.0228112
0.023442
0.0241591
0.0227626
0.023711
0.0228779
0.0231278
0.0228866
0.0229034
0.0239458
0.0234872
0.0238683
0.0230513
0.0239947
0.0230535
0.0232892
0.02365
0.0232544
0.023624
0.0230812
0.0239649
0.0238811
0.0122465
0.00712425
0.0152772
0.00219882
0.00601254
0.0182539
0.0138666
0.0208592
0.0130926
0.0189253
0.0246129
0.0193524
0.0242137
0.0236018
0.0236019
0.0241878
0.0210664
0.0212562
0.0222898
0.022253
0.0243636
0.0219595
0.0225748
0.0221122
0.0241157
0.0241291
0.0242609
0.0233612
0.0226104
0.022915
0.0268821
0.0186463
0.0197801
0.0230922
0.00889341
0.0141537
0.0205494
0.0211578
0.0252863
0.0255224
0.0179653
0.0252895
0.0206414
0.0245874
0.0242119
0.0209745
0.0244434
0.0221954
0.0244549
0.0230873
0.0236295
0.0230379
0.0223515
0.0244268
0.0225675
0.0222778
0.0225012
0.0223748
0.024366
0.0225229
0.0240306
0.0227702
0.0226619
0.0229926
0.0228518
0.0237684
0.0231544
0.023037
0.022882
0.0235799
0.0230404
0.0240983
0.0229148
0.0240885
0.0237593
0.0239454
0.02302
0.0231444
0.0230421
0.0234678
0.0231819
0.0231095
0.0233763
0.023521
0.0230969
0.023879
0.0230914
0.0140491
0.0164333
0.0152583
0.0242384
0.0230976
0.0233099
0.0172786
0.0240372
0.021429
0.0235763
0.0213141
0.0217964
0.0207361
0.0242763
0.0212964
0.0219547
0.0224972
0.0214168
0.0227435
0.00753954
0.0556175
0.0413598
0.0226163
0.0186553
0.0117228
0.0252871
0.024675
0.0170319
0.0175254
0.02039
0.0252412
0.0199606
0.0228586
0.0244659
0.0213782
0.0222178
0.021838
0.022922
0.0247012
0.0244326
0.0246535
0.0222781
0.0222421
0.0235482
0.023657
0.0241883
0.0221243
0.0229772
0.0242961
0.0239269
0.0223994
0.0237607
0.024073
0.0234173
0.0241248
0.0228802
0.0226453
0.022719
0.0249334
0.0106123
0.0119959
0.0177523
0.0153249
0.0235549
0.0236254
0.0232337
0.0253846
0.0209494
0.0198977
0.0205175
0.0249639
0.0245694
0.021169
0.0243825
0.0248394
0.0243996
0.024616
0.0230336
0.0245743
0.0223807
0.0240978
0.0223949
0.0243655
0.0229795
0.0239693
0.0235045
0.0235084
0.0238291
0.0239696
0.022738
0.0242036
0.0240426
0.0228203
0.0241113
0.0233671
0.0229208
0.0229528
0.0239281
0.023502
0.0233597
0.0238491
0.0239125
0.0239707
0.0232535
0.0231841
0.0237175
0.0306395
0.115479
0.0832965
0.0140938
0.00881926
0.0166922
0.0059968
0.0181761
0.0163392
0.0157042
0.0166216
0.0169366
0.0172406
0.0181923
0.0232423
0.0230002
0.0217842
0.0217114
0.0216637
0.0228756
0.0215074
0.022209
0.023002
0.0222571
0.0235707
0.0221639
0.0233583
0.0167555
0.0822093
0.00955992
0.0260635
0.0236509
0.0194877
0.0168499
0.0156353
0.0229632
0.0191005
0.0189123
0.024875
0.0200739
0.0216637
0.0214388
0.0214506
0.0235352
0.0226368
0.0239794
0.00301049
0.0240412
0.0255652
0.0222239
0.014421
0.0255584
0.0253276
0.0212757
0.0202187
0.0203424
0.0200296
0.0249262
0.0250344
0.021143
0.0246599
0.0213074
0.0218981
0.0248196
0.0247656
0.022104
0.0233439
0.0245584
0.0221902
0.022466
0.0223527
0.0224314
0.022345
0.0224238
0.0243383
0.022541
0.0240538
0.0240289
0.0242235
0.0231299
0.0227338
0.0228205
0.0229287
0.0228677
0.0229297
0.0237007
0.0239478
0.0235335
0.0230397
0.0234383
0.0232968
0.0231217
0.0231125
0.0239493
0.00301052
0.0245097
0.0256995
0.0227891
0.0144207
0.0255571
0.0253506
0.0215199
0.0202192
0.0203436
0.020103
0.0249234
0.0250215
0.0211454
0.0246572
0.0213447
0.0219
0.0248107
0.0247577
0.0221207
0.0233526
0.0245527
0.0222027
0.0224765
0.0223616
0.0224351
0.0223502
0.0224299
0.0243346
0.022545
0.0240515
0.0240267
0.0242205
0.023133
0.0227379
0.0228244
0.0229324
0.0228701
0.022932
0.0237001
0.0239461
0.0235339
0.0230423
0.023439
0.0232982
0.0231232
0.0231141
0.0239477
0.0047651
0.0163503
0.0557115
0.0010673
0.00289021
0.0243786
0.02224
0.0219277
0.0121407
0.0214109
0.0165675
0.0220875
0.0231923
0.0203252
0.0193996
0.0235798
0.0200478
0.0212157
0.0214361
0.0219141
0.0224715
0.0230749
0.0239552
0.021841
0.0218754
0.0240698
0.0223689
0.0240065
0.0223438
0.409726
0.00643838
0.00109973
0.000811714
0.0138942
0.0133941
0.0176135
0.018142
0.0205819
0.019267
0.0147164
0.185663
0.0109006
0.00887461
0.0168637
0.0106372
0.0199086
0.011553
0.0200043
0.0191629
0.0185998
0.0186526
0.0194626
0.0214883
0.0207084
0.0241438
0.024106
0.0573514
0.0255214
0.0228732
0.0196724
0.0257652
0.012777
0.0134444
0.0199235
0.0208556
0.0192372
0.0179718
0.0252215
0.0211417
0.0214621
0.0249712
0.0203501
0.0243268
0.0210368
0.0221703
0.0217596
0.0245993
0.0233898
0.0224588
0.022542
0.0222522
0.0223152
0.0225483
0.0223024
0.0223981
0.0225784
0.0226974
0.022711
0.022641
0.0226422
0.0241685
0.0234385
0.0229377
0.0240446
0.023732
0.128781
0.00571172
0.00526458
0.00919478
0.017677
0.0145714
0.0139949
0.0176567
0.0180742
0.0236828
0.0248496
0.0241229
0.0217216
0.021508
0.0207128
0.0216531
0.0236539
0.0221195
0.0222034
0.0241308
0.0239948
0.0231894
0.0242262
0.0223719
0.0230921
0.0239924
0.0242714
0.0107404
0.0133953
0.016708
0.0138658
0.023341
0.0234672
0.0230669
0.0254071
0.0209627
0.0199165
0.0205125
0.0249702
0.0245684
0.0211745
0.0243822
0.0248451
0.0244003
0.0246191
0.0230328
0.0245768
0.0223842
0.0240983
0.0223987
0.0243662
0.0229821
0.0239697
0.0235056
0.0235096
0.0238296
0.0239697
0.0227408
0.024203
0.0240422
0.0228234
0.0241105
0.0233691
0.0229229
0.022955
0.0239273
0.0235032
0.0233618
0.0238485
0.0239116
0.0239694
0.023256
0.0231868
0.0237173
0.0276803
0.0262321
0.00899643
0.0104595
0.0137353
0.0252396
0.0266582
0.0263319
0.0261129
0.021104
0.0257052
0.0208168
0.0210474
0.025026
0.0215214
0.0238711
0.0223942
0.0246208
0.024548
0.0247622
0.0224595
0.0236379
0.0223082
0.0224611
0.0243841
0.0236098
0.023271
0.0227616
0.022717
0.0242181
0.0227173
0.0227148
0.0237685
0.022886
0.0241782
0.0234287
0.0228811
0.0228751
0.0230715
0.0229364
0.0240523
0.0237769
0.0230187
0.0234697
0.0237458
0.0230553
0.023977
0.0231241
0.0239619
0.0233404
0.0234333
0.0231406
0.0231496
0.0239236
0.0238898
0.0231583
0.0237859
0.0231762
0.00175112
0.0046006
0.00303578
0.00957228
0.0246719
0.0256484
0.0257564
0.024811
0.025523
0.0204605
0.0177315
0.0251868
0.0251668
0.0242519
0.0204686
0.0200638
0.0218055
0.0248298
0.0207231
0.0217071
0.0215762
0.0245698
0.0218204
0.0245565
0.023877
0.0222382
0.0243625
0.0232265
0.0222196
0.0243671
0.0235186
0.0232996
0.0225118
0.0234601
0.0239753
0.0225832
0.0241844
0.0228514
0.0227439
0.0236205
0.022884
0.0241143
0.0228382
0.02369
0.023814
0.0233722
0.0231014
0.0233151
0.0230203
0.0201507
0.0123282
0.0158529
0.0220588
0.0267572
0.0155048
0.0257635
0.0187699
0.0186672
0.0253072
0.0250648
0.0258351
0.0210229
0.0208864
0.0247547
0.0248817
0.024815
0.0249363
0.0249154
0.0248031
0.0223803
0.0222799
0.0231152
0.024552
0.0224301
0.024515
0.0244749
0.0226033
0.024399
0.024316
0.0243595
0.0226495
0.0229644
0.0230579
0.0227672
0.0240924
0.0236333
0.0228259
0.0228496
0.0229609
0.0241424
0.0234482
0.0240849
0.0240454
0.0239546
0.0240501
0.02327
0.0230893
0.0239435
0.0239285
0.0232176
0.0237287
0.0235123
0.023947
0.0237839
0.0239419
0.0231581
0.0239267
0.0238419
0.0239252
0.0269951
0.00377299
0.0262358
0.0197883
0.0242538
0.0265237
0.0203503
0.0211596
0.0264932
0.0262532
0.0254768
0.0207225
0.0258315
0.0221955
0.0218514
0.0221449
0.0253594
0.0248254
0.0220157
0.0218563
0.022595
0.0220956
0.0224028
0.0238923
0.0223447
0.0225244
0.0224346
0.024495
0.0226036
0.0232134
0.0239619
0.0243007
0.024411
0.0235756
0.0227606
0.0228704
0.0242393
0.0227592
0.0242938
0.023022
0.0240103
0.0229268
0.0229286
0.0235333
0.0241237
0.0240909
0.0239269
0.0240701
0.0230424
0.0235102
0.0230504
0.0238976
0.0235863
0.0240018
0.0239968
0.0233485
0.0230992
0.0239771
0.0231435
0.0238551
0.0235249
0.0232078
0.0238253
0.0232162
0.0232125
0.0237855
