2.74268
0.0167568
0.0222043
0.0139126
0.0154053
0.00117843
0.0134678
0.00395946
0.0076531
0.116151
0.0131099
0.00133602
0.00973888
0.0163529
0.00782064
0.00541046
0.0159978
0.0155728
0.00326671
0.00598045
0.012971
0.0145829
0.0072465
0.0101483
0.0127676
0.00831211
0.00865363
0.00805217
0.0113603
0.0131
0.0084309
0.0129126
0.0118517
0.012067
0.00901247
0.0104162
0.00983055
0.00948035
0.0125765
0.00954483
0.00958582
0.0124826
0.00961521
0.0118474
0.0119952
0.00999023
0.0104053
0.186388
0.0228845
0.0124981
0.0226464
0.0227496
0.0177238
0.00453526
0.00584846
0.0174242
0.0167832
0.00453749
0.0114625
0.0154354
0.0132951
0.0131227
0.0136446
0.00681053
0.00684983
0.00731707
0.0122836
0.013842
0.0138536
0.0135533
0.013537
0.0108314
0.0123974
0.0125228
0.0103687
0.00891408
0.0130583
0.0130885
0.00942451
0.0130107
0.00921653
0.0110789
0.0110791
0.0124825
0.0126422
0.0094844
0.0123838
0.0123828
0.0109463
0.0124625
0.0100999
0.00998697
0.0122873
0.0122691
0.0100109
0.010816
0.0116903
0.0122166
0.0120997
0.0118744
0.0121684
0.0121257
0.0104876
0.0102761
0.0102315
0.011212
0.0107623
0.011089
0.0109058
0.01156
0.0113137
0.0109954
0.0109023
0.0105441
0.0108359
0.291119
0.00733477
0.0136284
0.0411591
0.0096092
0.0147292
0.0108824
0.0109464
0.000227753
0.0146551
0.0141057
0.0050487
0.0148357
0.00570755
0.00950745
0.014082
0.00647731
0.0132707
0.00857361
0.0103051
0.0104409
0.0107283
0.00904307
0.00916611
0.0110396
0.0100704
0.0129834
0.0110587
0.00933752
0.0127567
0.0116103
0.00935482
0.00944118
0.0125804
0.0110956
0.00999574
0.0097879
0.198909
0.0190105
0.00391188
0.00207553
0.0011285
0.0119426
0.000831639
0.00233601
0.0155621
0.0149624
0.015121
0.0127825
0.00938915
0.0129675
0.00511437
0.00575936
0.00851262
0.00668321
0.00681586
0.0078088
0.0135972
0.0132266
0.0133304
0.00849247
0.0130458
0.0087471
0.0112515
0.00941796
0.00900223
0.0127885
0.0123047
0.0094094
0.0107047
0.00955927
0.00937565
0.0124268
0.0117224
0.0122597
0.00987248
0.541544
0.108038
0.146451
0.00335957
0.0188392
0.0145448
0.00241058
0.00475891
0.0147503
0.01212
0.0114045
0.0136863
0.00712896
0.0136171
0.00696518
0.00801089
0.00749729
0.00798726
0.0134223
0.00856318
0.00828624
0.00880828
0.00885395
0.00971327
0.0127734
0.00933293
0.00947636
0.0107552
0.361518
0.149819
0.0100483
0.00502538
0.0157501
0.0158025
0.0005615
0.00531438
0.00340574
0.00416591
0.00980681
0.0123606
0.0138591
0.00851287
0.013808
0.00910314
0.0133364
0.00816219
0.011975
0.00910571
0.00892438
0.0125671
0.0097477
0.00958323
0.011413
0.0123553
0.00957732
0.144903
0.0119895
0.0306484
0.0279215
0.00374041
0.0157698
0.00225673
0.000770907
0.015007
0.0142312
0.00604842
0.0144032
0.00925898
0.0100022
0.00747516
0.0117031
0.0138303
0.00842337
0.013349
0.00832081
0.00877797
0.00995499
0.01108
0.00975552
0.0121315
0.012623
0.00982116
0.0109777
0.0106331
0.211298
0.0428269
0.0962576
0.0176962
8.06285e-06
0.013107
0.014015
0.0151143
0.00330574
0.00107732
0.014584
0.004689
0.00394788
0.0146785
0.00483151
0.00751294
0.0102091
0.00891459
0.00788009
0.0136685
0.00813715
0.00873157
0.0120724
0.0129759
0.00863008
0.00897786
0.0101664
0.010616
0.0125301
0.00913196
0.01231
0.0115403
0.00963067
0.00942922
0.00984474
0.0101308
0.0117501
0.241451
0.00375471
0.0024666
0.00458665
0.0167466
0.00910321
0.0156393
0.00309186
0.0150536
0.00482704
0.00646642
0.00777878
0.00622554
0.0137397
0.00800178
0.00902543
0.0130374
0.0080767
0.00820928
0.0113951
0.0101279
0.00947135
0.0107413
0.00924527
0.0099248
0.00970099
0.00958819
0.483199
0.00732833
0.0143525
0.0406
0.00993298
0.0148214
0.0103651
0.0111578
5.46482e-05
0.0146549
0.0141069
0.00512125
0.0148207
0.00572334
0.00952909
0.0140706
0.00649957
0.0132634
0.00857933
0.0103156
0.0104488
0.0107342
0.00904922
0.00917184
0.0110419
0.010078
0.012977
0.0110604
0.00934336
0.0127509
0.0116087
0.00936362
0.00944975
0.012575
0.0110963
0.0100017
0.00979384
14.7994
0.0106729
0.0202567
0.00203391
0.00361176
0.0118181
0.00865417
0.00797171
0.249363
0.0146933
0.00499104
0.010875
0.0162319
0.0076681
0.00541716
0.0158976
0.015516
0.00334902
0.00599517
0.0129834
0.0145465
0.00725835
0.0102025
0.0127587
0.00836363
0.00866361
0.00807314
0.0113673
0.0130828
0.00845783
0.0128991
0.0118469
0.0120597
0.00902974
0.0104272
0.00984591
0.00949169
0.0125656
0.00955689
0.00959765
0.0124725
0.00962771
0.0118414
0.011988
0.00999992
0.0104131
0.0220341
0.0201756
0.035843
0.0234048
0.0186012
0.00037812
0.0170882
0.00348341
0.00499225
0.00086755
0.0152472
0.00553412
0.00300952
0.0153016
0.00522209
0.0150686
0.0146858
0.00660821
0.0131443
0.0138504
0.0140657
0.00802685
0.0136142
0.0116133
0.0133613
0.00822894
0.00867856
0.013344
0.00853242
0.00915755
0.0130817
0.0129908
0.00926739
0.00918448
0.00908871
0.0107356
0.0124175
0.0113523
0.00946205
0.0113411
0.01256
0.00972361
0.0106344
0.00969889
0.010179
0.0107005
0.0122287
0.0101282
0.0101791
0.0113324
0.0121831
0.0121243
0.0119624
0.0101159
0.0109411
0.0102047
0.0120251
0.0102577
0.0146979
0.0170964
0.0185274
0.0152149
0.0196234
0.000577708
0.00194621
0.0155571
0.00368059
0.00366683
0.014789
0.00369878
0.0105836
0.00564218
0.00589956
0.0115685
0.0100436
0.0118123
0.00851282
0.0127033
0.0106998
0.00911692
0.0129561
0.00928426
0.0127704
0.00903773
0.0105214
0.0114242
0.00973886
0.00968186
0.0295705
0.0682111
0.0358966
0.00829835
0.00208989
0.000892725
0.00298758
0.00430437
0.0147975
9.64054e-05
0.00691486
0.0145377
0.0155799
0.0147176
0.00590416
0.00814738
0.0139332
0.0142353
0.00774812
0.0137105
0.00806126
0.0119518
0.0114554
0.0133378
0.00853603
0.00862755
0.00855387
0.0128232
0.0101147
0.00911444
0.0125451
0.0093322
0.00954149
0.0107921
0.00955442
0.0124706
0.0125682
0.0124772
0.00984466
0.0124036
0.0120293
0.0109758
0.0109785
0.0101629
0.0101329
0.0110658
0.0102545
0.010033
0.0121269
0.0101555
0.0120707
0.0115912
0.0120042
0.0105904
0.0115464
1.26616
0.0186043
0.0593075
0.0201573
0.0175139
0.00292646
0.0158591
0.00141003
0.0138198
0.00486901
0.00497162
0.00649575
0.00854876
0.00778152
0.0112206
0.00839032
0.0870006
0.0794797
0.0184008
0.0206212
0.000444863
0.00171261
0.00356167
0.00197704
0.0156533
0.0146685
0.0151377
0.0142376
0.00454992
0.0143805
0.00722777
0.0083539
0.00681649
0.00978792
0.0134754
0.00851485
0.0115616
0.0132563
0.00838115
0.0105329
0.00917981
0.0100389
0.0122497
0.0122914
0.0104074
0.0092805
0.00973954
0.0123819
0.00952687
0.0105619
0.0124305
0.0195356
0.0164407
0.0177221
0.016984
0.0159075
0.00230671
0.0157308
0.0152699
0.0154447
0.00421067
0.00456848
0.0050148
0.0077536
0.0147986
0.00731648
0.0140326
0.011584
0.00819573
0.00898755
0.00893249
0.00885536
0.00842364
0.00843206
0.00999536
0.0129128
0.0129969
0.0124741
0.0109217
0.00914725
0.00925368
0.0126417
0.0126497
0.0123115
0.0124049
0.00972932
0.00983143
0.0111024
0.0103276
0.0121925
0.0113613
0.0121555
0.0105104
0.0106207
0.0116829
0.0102274
0.0102228
0.0119839
0.0110337
0.0318638
0.0103788
0.0198898
0.0178086
0.0109621
0.0209555
0.0125162
0.00390765
0.0161396
0.00321649
0.00148053
0.0133679
0.00456807
0.00257759
0.00482745
0.0145523
0.0141891
0.00725678
0.0125365
0.0114161
0.0113953
0.00913045
0.00837824
0.0125909
0.0095188
0.0117035
0.0097169
0.00894518
0.249373
0.0173059
0.0169705
0.0335067
0.00259372
0.00823397
0.00209557
0.0158798
0.00373421
0.0150581
0.007952
0.00545361
0.00773935
0.0121153
0.0116264
0.0119164
0.00847569
0.00878982
0.0122728
0.148021
0.0109548
0.0219297
0.0152158
0.00696667
0.0164894
0.013995
0.00271239
0.0158456
0.0151506
0.00719395
0.0149799
0.00461726
0.0144783
0.0066663
0.00952848
0.00740901
0.0135793
0.0133772
0.0120558
0.0132161
0.0133149
0.0100962
0.00862638
0.0130887
0.00891371
0.00914851
0.0107402
0.00948342
0.00931427
0.0105415
0.00964983
0.0103535
0.00969289
0.0121677
0.0122719
0.00992164
0.0122109
0.0122252
0.0106926
0.0101692
0.0101353
0.0112211
0.0107721
0.0110552
0.146834
0.0126436
0.0219247
0.0156021
0.0069078
0.0164944
0.0142174
0.00271336
0.0158057
0.0151076
0.00719523
0.0149419
0.00464354
0.0144508
0.00668281
0.00957689
0.00742778
0.0135637
0.0133635
0.012056
0.0132038
0.0133024
0.0101088
0.00863762
0.0130784
0.0089215
0.00915473
0.0107459
0.00948879
0.00932261
0.0105463
0.00965517
0.0103587
0.00969977
0.0121629
0.0122669
0.0099261
0.0122064
0.0122209
0.0106953
0.0101737
0.010139
0.011221
0.0107742
0.0110559
0.014916
0.0352139
0.0176785
0.00828681
0.00398183
0.0144113
0.0158517
0.00449921
0.00651837
0.00466837
0.00630056
0.0133032
0.00538942
0.014084
0.00942553
0.0100647
0.00718425
0.00859263
0.0125767
0.00823221
0.0131596
0.0111057
0.012859
0.00864759
0.0094096
0.0124755
0.009167
0.0198541
0.0218066
0.0193175
0.0174614
0.00478922
0.00254764
0.00638566
0.0103109
0.0113253
0.0531637
0.0208876
0.0222087
0.0181817
0.0172178
0.00934032
0.00328847
0.00168135
0.00405509
0.0147813
0.00645286
0.00697512
0.00827317
0.0139981
0.00762137
0.0118534
0.00727134
0.00762807
0.012746
0.00848531
0.193364
0.0978293
0.0151035
0.00382037
0.0166058
0.0165915
0.0119931
0.003365
0.0147946
0.00627467
0.00586867
0.00185518
0.00678649
0.0106061
0.0063299
0.00753587
0.0141012
0.00733854
0.00685895
0.0103802
0.0106969
0.0132372
0.0103952
0.00890007
0.00970042
0.00869336
0.00924002
0.00967574
0.0093536
0.0121623
0.00952696
0.00953141
0.0103372
0.0097354
0.0123747
0.0107125
0.00981816
0.0113352
4.10163
0.0172312
0.0182034
0.0286807
0.00250229
0.0100964
0.00848309
0.00434664
0.0019944
0.00101523
0.00396169
0.0128319
0.0148566
0.0146774
0.0128162
0.0076425
0.0124603
0.0116956
0.00742222
0.0073159
0.00873946
0.0128241
0.00856297
0.00843342
0.011805
0.00884616
0.00908076
0.00949938
0.0126169
0.0122877
0.0198793
0.0158185
0.0177416
0.0168552
0.015638
0.00265907
0.0158012
0.0153256
0.0154894
0.00411046
0.00458557
0.0050318
0.00776387
0.0148165
0.00729989
0.0140421
0.0115682
0.00820359
0.00899165
0.00893692
0.00886047
0.00842964
0.00843903
0.00999505
0.0129135
0.0129976
0.0124728
0.0109216
0.00915332
0.00925976
0.0126404
0.0126481
0.0123096
0.0124028
0.00973529
0.00983603
0.0111035
0.0103321
0.0121895
0.0113612
0.0121523
0.0105145
0.0106243
0.011681
0.0102316
0.0102276
0.0119805
0.0110352
0.0208126
0.062665
0.0201329
0.016733
0.0183758
0.0069922
0.00367411
0.002822
0.016147
0.00415298
0.00685415
0.0099532
0.0107256
0.0148085
0.0067201
0.014219
0.00767484
0.00682736
0.0085513
0.00809693
0.00896838
0.0122674
0.0131952
0.00852271
0.0107157
0.0105565
0.0131527
0.0093173
0.013095
0.0107876
0.00919897
0.0123551
0.00983711
0.0127061
0.00989172
0.00956552
0.0104338
0.0121629
0.0104962
0.0116077
0.0123941
0.00984085
0.0122935
0.00995915
0.0100357
0.0100837
0.0112254
0.0100831
0.0105318
0.0119565
0.0101923
0.0120227
0.0116071
0.0105319
0.010462
0.0110532
0.0109552
0.0110616
0.0111658
0.0112781
0.0174235
0.017336
0.00859788
0.00184564
0.0156422
0.00720319
0.00625609
0.00968488
0.00361754
0.0064627
0.00717081
0.0141978
0.00710162
0.0143814
0.0134706
0.0139459
0.00692915
0.0135662
0.0133478
0.0124961
0.00793011
0.00893982
0.0116925
0.0103003
0.013047
0.0117426
0.0128063
0.00924806
0.0100971
0.0128134
0.00940986
0.0096808
0.012269
0.0111214
0.00968109
0.00972972
0.0119212
0.0111292
0.0112954
0.0123198
0.00990979
0.00994404
0.0100881
0.0100195
0.0100344
0.0314257
0.0619436
0.0285568
0.019129
0.000622818
0.0193288
0.0173354
0.00278784
0.00138305
0.0156786
0.0168286
0.00830291
0.0151477
0.0139512
0.0142014
0.00796422
0.00645701
0.0146358
0.00940682
0.00879855
0.00788909
0.0130909
0.0134097
0.00929935
0.0100999
0.00880369
0.00893886
0.0124043
0.010538
0.0127535
0.0128147
0.00943428
0.0127581
0.0122446
0.00960998
0.0124358
0.0098729
0.0114315
0.0120506
0.0104665
0.0108082
0.0103739
0.0101046
0.0118473
0.0119122
0.0108066
0.0106043
0.0120849
0.0115485
0.0111854
0.0112723
0.011512
0.0108965
0.010834
0.0111792
0.0118804
0.0103826
0.0104062
0.0128134
0.0218395
0.0214808
0.0215454
0.00900939
0.00556635
0.0167272
0.00698474
0.00551714
0.00169973
0.0160447
0.00701158
0.0143988
0.01487
0.0115124
0.00615422
0.00757693
0.0145295
0.0071333
0.00861785
0.0141365
0.00813259
0.0081537
0.00903156
0.0112827
0.0134432
0.0136472
0.00982206
0.00887011
0.00903468
0.00896389
0.00970527
0.0127996
0.0127788
0.00944805
0.0123519
0.0111082
0.0122442
0.0110146
0.00960562
0.00956152
0.0125232
0.0105831
0.00981163
0.0112625
0.0100592
0.0113263
0.0123467
0.00997721
0.0113077
0.0122302
0.011459
0.0117863
0.0120018
0.011496
0.0121631
0.0105998
0.0120437
0.0117428
0.0113997
0.0108511
0.0120125
0.0103378
0.0119487
0.0119169
0.0118734
0.0113337
0.0112066
0.01127
