0.0349943
0.00645451
0.000423255
0.00297232
0.00617597
0.00787198
0.0112086
0.000514603
0.00274944
0.0271116
0.113576
0.00450445
0.0745663
0.000286289
0.0105404
0.00753275
0.0112087
0.0056665
0.00374811
0.00306998
0.00302712
0.00469597
0.00195767
0.011206
0.00722142
0.00968906
0.00775002
0.0104338
0.00621618
0.0111969
0.00634979
0.00682355
0.00769084
0.0103461
0.0107908
0.00735058
0.0106385
0.00864968
0.0082063
0.00890645
0.00842865
0.00882291
0.010109
0.00872365
0.00875578
0.00939094
0.0101738
0.0664374
0.00916664
0.0733684
0.0816914
0.00910753
0.00714306
0.0138552
0.0114251
0.00698041
0.000472184
0.00281844
9.3221e-05
0.00343118
0.00334423
0.00314577
0.00652285
0.00753648
0.00772709
0.0113045
0.00657865
0.00699808
0.0100283
0.00805288
0.0075456
0.00896729
0.010884
0.0102761
0.0109573
0.01081
0.0106754
0.00966731
0.0079923
0.00848958
0.00834538
0.0106509
0.00878261
0.00842874
0.00896085
0.00849921
0.00855664
0.008822
0.00980834
0.00930526
0.0104175
0.00968237
0.00893338
0.00934497
0.00889817
0.00990093
0.00896728
0.0103726
0.00898426
0.00934547
0.0091896
0.0103745
0.0102654
0.00911747
0.00912517
0.00913382
0.00932225
0.0092247
0.0103743
0.0101558
0.0103701
0.00922219
0.0102706
0.00934688
0.00950282
0.00967871
0.151337
0.00585168
0.106388
0.0612043
0.00733506
0.0108484
0.00469406
0.00261881
0.00397566
0.00253792
0.00883392
0.00325303
0.00399982
0.00488626
0.011632
0.00118967
0.00619116
0.00481775
0.0107897
0.00929286
0.00495078
0.00615984
0.00786913
0.00797992
0.00774371
0.00703731
0.00839712
0.00853335
0.0073756
0.007532
0.00808794
0.00840506
0.0100337
0.00811251
0.00838648
0.00834464
0.0092486
0.13628
0.130915
0.05472
0.0923555
0.00115223
0.0364721
0.00108549
0.00688755
0.00343586
0.000834037
0.000651106
0.00582279
0.00931991
0.00314118
0.00731859
0.00582898
0.00349501
0.00853671
0.00641702
0.0079614
0.00770229
0.00657065
0.00612999
0.00943896
0.00964597
0.00730224
0.00980114
0.00833372
0.00761333
0.0105041
0.0108379
0.0097132
0.00789723
0.00810902
0.00836599
0.00923142
0.00951516
0.00885384
0.0105335
3.30974
0.0115269
0.00504439
0.0680008
0.0460897
0.0231396
0.0133346
0.0118796
0.00867057
0.00367052
0.00972286
0.00166598
0.00683338
0.00734597
0.00231365
0.0114918
0.00400525
0.00391824
0.00622631
0.00935756
0.0111901
0.00700739
0.00772674
0.00882706
0.00696654
0.0102556
0.00815702
0.0107788
0.0086899
0.00817508
0.00182804
0.0134709
0.00270523
0.0080592
0.0205395
0.00899526
0.0135133
0.00164005
0.00994753
0.000582784
0.00731305
0.00826207
0.000840853
0.0095179
0.00591913
0.00398957
0.0045567
0.00499672
0.0111764
0.00643303
0.00649821
0.0110092
0.00820948
0.00822543
0.00852281
0.00989702
0.00769748
0.00790924
0.0106614
0.0105077
0.377759
0.353341
0.0412792
0.0070995
0.0263526
0.00581461
0.00297405
0.00999505
0.0114163
0.00205478
0.0118498
0.0030425
0.0023263
0.00432335
0.00497351
0.00944319
0.00694731
0.00563267
0.00728433
0.00763619
0.00868173
0.00722682
0.00720073
0.00800363
0.00785418
0.010057
0.00957116
0.00849523
0.0102438
0.0889082
0.11266
0.139774
0.00143193
0.0576988
0.000144303
0.0185886
0.00896965
0.000690003
0.00945363
0.00431053
0.00160201
0.00396129
0.0071084
0.0116386
0.00364639
0.00410959
0.00574111
0.0100993
0.0077099
0.00605431
0.00766063
0.00866134
0.00753446
0.00725309
0.00720375
0.00768132
0.00904324
0.0105375
0.00969518
0.00906369
0.00817884
0.0096196
0.0088871
0.00134226
0.0261174
0.0458327
0.00406728
0.00490656
0.00612827
0.00753353
0.00602668
0.000338529
0.00366775
0.00495378
0.0030513
0.00458503
0.00300672
0.00570252
0.00668679
0.00763747
0.00700499
0.00798324
0.00826191
0.0103444
0.00858954
0.00746888
0.0072376
0.00775566
0.00880534
0.00837421
0.0101847
0.0101709
0.00976019
0.139404
0.144334
0.0073573
0.0365519
0.0425733
0.0411493
0.0120529
0.0061598
0.00351516
0.00612567
0.0103423
0.0100531
0.010698
0.000278459
0.000171458
0.0108747
0.00970075
0.00909714
0.00389226
0.00692743
0.00936319
0.00841624
0.0111532
0.0063896
0.00770289
0.00713523
0.00686873
0.00736531
0.00737844
0.00969402
0.00880899
0.0106677
0.00823343
0.0103432
0.00876923
0.00993077
0.00827932
0.00844314
0.249388
0.0660947
0.0390349
0.00339561
0.00387252
0.00328016
0.00360331
0.0017529
0.00952043
0.00690949
0.130144
0.272888
0.00110613
0.0134758
0.0391236
0.0404952
0.0140362
0.0118508
0.00873436
3.81172e-05
0.0108477
0.00675262
0.00750161
0.00725475
0.011627
0.00503187
0.01137
0.00893345
0.00505873
0.00991816
0.00650659
0.010423
0.00845266
0.00850156
0.0104327
0.00801085
0.0108345
0.0106264
0.00824376
0.0101792
0.00999343
0.00825856
0.00858538
0.0104103
0.010489
0.00956889
0.00995495
3.0467
0.213056
0.0114404
0.0386862
0.00705178
0.00385199
0.0131833
0.00404789
0.00553383
0.0118201
0.0111272
0.00756429
0.00672389
0.000586512
0.00116164
0.00316379
0.00382842
0.00807408
0.0106167
0.00835504
0.010913
0.0111348
0.00798259
0.00791546
0.00730969
0.00750647
0.00791203
0.0103708
0.00999012
0.00758161
0.0107252
0.00998107
0.00826296
0.00813506
0.00972631
0.00864793
0.0098112
0.0081686
0.00822927
0.00853354
0.00840813
0.009019
0.0101837
0.00994054
0.00961851
0.00881393
0.00881837
0.00954464
0.00929346
0.00893399
0.0100737
0.00946868
0.00896882
0.0090516
0.00911074
0.0103102
0.0102842
0.00924164
0.00304728
0.463045
0.0326893
0.00290416
0.00495045
0.000687669
0.0110508
0.00568529
0.00131826
0.000343229
0.0112265
0.00170444
0.00190453
0.00709444
0.00538999
0.00399448
0.00773377
0.00571061
0.00737037
0.00677561
0.00747563
0.00899671
0.00757698
0.00788932
0.00754414
0.00921886
0.00790724
0.00965369
0.00786703
0.155305
0.743589
0.969051
0.0677858
0.00324163
0.0113722
0.00413932
0.00748167
0.00727153
0.00347227
0.00023939
0.00654011
0.00417781
0.000395273
0.00904754
0.00583164
0.00646271
0.0078357
0.00637528
0.00629589
0.0112245
0.00640218
0.00610123
0.0108654
0.0103733
0.00749318
0.0101611
0.00841602
0.00810379
0.00945552
0.0095707
0.00803544
0.0086127
0.00808717
0.00994045
0.00812429
0.00838652
0.00872891
0.00863236
0.00870115
0.00858573
0.00884469
0.00903258
0.0101404
0.00880355
0.00887871
0.0104941
0.00979372
0.00913444
0.00959693
0.0092014
0.00901566
0.00951686
0.0103876
0.01037
0.00927996
0.00929196
3.01075
0.741719
0.0337167
0.0351744
0.00122014
0.0555168
0.00165623
0.00083736
0.00255358
0.01093
0.00305852
0.00127244
0.00472758
0.00397828
0.00546337
0.0113999
0.00963911
0.00587694
0.00714305
0.0109636
0.0964709
0.0675786
0.0742437
0.0117993
0.00231938
0.00866766
0.0136602
0.00342941
0.000315484
0.00593832
0.000524721
0.00548466
0.0112074
0.000417315
0.0111298
0.00316609
0.00249956
0.00761616
0.00443821
0.009462
0.0103306
0.00824615
0.00564337
0.00678105
0.00643851
0.0085569
0.00693806
0.00905998
0.0080153
0.00856366
0.0106861
0.00933542
0.00805522
0.00810166
0.00804939
0.0101846
0.00844281
0.525159
0.0347935
0.0207431
0.00946485
0.012254
0.00593569
0.00639885
0.0070397
0.0118157
0.00692321
0.00857086
0.00599187
0.0107944
0.0113119
0.00342693
0.00650187
0.0104766
0.00511087
0.00679107
0.00840174
0.00690087
0.00732384
0.0110314
0.010767
0.0108872
0.0109079
0.00760376
0.00964184
0.00835412
0.00862494
0.00822287
0.00826741
0.00943836
0.00840672
0.00905591
0.00911965
0.00866764
0.00872601
0.00892002
0.0093255
0.00934065
0.0103215
0.00923249
0.00905159
0.00901327
0.00905546
0.00925284
0.00911596
0.556831
0.316957
0.00833789
0.0110656
0.00877516
0.0110722
0.0127805
0.0166329
0.00676279
0.000805973
0.00159255
0.00292314
0.00262673
0.00614892
0.00439038
0.00963027
0.00512957
0.0114978
0.00681419
0.00432654
0.00692154
0.00713069
0.00693135
0.00632685
0.00803803
0.00651866
0.00808113
0.00817841
0.00805458
0.0316151
0.00125588
0.0192439
0.00713837
0.0131218
0.00375582
0.00604632
0.00373382
0.00921062
0.00602962
0.00673538
0.00458414
0.00894409
0.00625286
0.0047428
0.00728335
0.00751643
0.00836891
0.537971
0.0233102
0.108333
0.0762097
0.0109433
0.0116563
0.00152227
0.0101885
0.00824219
0.00381565
0.000866814
0.00889046
0.0114944
0.0109868
0.00230356
0.00617533
0.0114155
0.0111257
0.00681254
0.00497912
0.0107344
0.00673903
0.0106156
0.00677483
0.00681589
0.00784725
0.00720374
0.010869
0.00811031
0.00967719
0.0101951
0.00986798
0.0099477
0.00887208
0.00826013
0.00841693
0.00877964
0.01057
0.00903719
0.00864673
0.0102299
0.00865393
0.0101633
0.00874488
0.00898447
0.00888092
0.00916833
0.00912599
0.0101661
0.627123
0.0173004
0.108409
0.0702586
0.0109433
0.0116563
0.00182286
0.0101782
0.00820856
0.00338225
0.000603791
0.00885778
0.0114905
0.0109768
0.00244538
0.00622862
0.0114115
0.0111179
0.00681629
0.0050382
0.0107276
0.00676973
0.0106091
0.00680149
0.00684401
0.00786218
0.00722591
0.0108654
0.00812162
0.00967596
0.010192
0.00986599
0.00994598
0.00887658
0.00826977
0.00842511
0.00878484
0.0105674
0.00904069
0.00865304
0.0102281
0.00866059
0.0101618
0.00875079
0.00898843
0.008886
0.00917181
0.00912913
0.0101649
1.00833
0.146445
0.162706
0.00683317
0.106497
0.00490353
0.0141301
0.00385004
0.0137283
0.00760467
0.00213311
0.0121252
0.0103644
0.00496654
0.0103434
0.0112736
0.00264599
0.00618916
0.00399168
0.00768402
0.00963433
0.00817136
0.00622007
0.00992009
0.00826235
0.00814666
0.00793157
0.00727374
2.05052
0.00921794
0.0108728
0.0327547
0.0240273
0.00108303
0.00806001
0.000846554
0.00292673
0.00332794
1.0104
0.329122
0.00296837
0.0618238
0.00220286
0.0403295
0.00350686
0.0111786
0.0041738
0.0096363
5.26306e-05
0.0020232
0.00335047
0.00920078
0.00513474
0.00333746
0.00572398
0.0104683
0.00765648
0.534964
0.120993
0.00540828
0.0175266
0.00392602
0.000679333
0.00487179
0.00414029
0.00330681
0.00871934
0.00124038
0.0013984
0.0108716
0.0046969
0.00286117
0.00448884
0.00626267
0.00958833
0.00724486
0.00607032
0.00739115
0.00761422
0.00658178
0.00775369
0.00728018
0.00900384
0.010838
0.0100961
0.00868982
0.0105913
0.0087628
0.00816356
0.00808972
0.00829367
0.00872553
0.00845838
0.00848579
0.00957218
0.00925292
0.0401088
0.0634969
0.00114059
0.0173867
0.0202035
0.00488358
0.00378753
0.00319628
0.00638668
0.000128169
0.00933667
0.00112301
0.00267429
0.00154439
0.00735601
0.00779925
0.0053673
0.00484538
0.0063235
0.0105156
0.00722053
0.00730028
0.00720968
0.0072279
0.00714833
0.0100723
0.0084981
0.00991517
0.450994
0.0432498
0.0251512
0.00950438
0.0122541
0.00602472
0.00642164
0.00699915
0.0118131
0.00688165
0.00863127
0.00594092
0.0108119
0.0113165
0.00338589
0.00653269
0.0104923
0.0050778
0.00681297
0.00842333
0.00689708
0.00731919
0.01103
0.0107686
0.0108871
0.0109071
0.00760637
0.00964859
0.00835419
0.00863204
0.0082288
0.0082703
0.00944295
0.00841227
0.00906165
0.00912503
0.00867125
0.00873129
0.00892572
0.0093298
0.00934486
0.0103203
0.00923716
0.00905531
0.00901843
0.00905983
0.00925565
0.00912038
0.0908908
0.13466
0.0151848
0.0222059
0.0106148
0.00211018
0.00374272
0.00302682
0.00191791
0.00134666
0.00433204
0.0106411
0.00880987
0.0113422
0.00596487
0.00731757
0.0064183
0.0110583
0.00804113
0.00656831
0.00742629
0.0071851
0.00789828
0.00770646
0.00813976
0.010448
0.00924351
0.00836257
0.00813502
0.00870096
0.00848891
0.00958793
0.0106345
0.00909907
0.00880351
0.0104283
0.00979613
0.0106409
0.0105901
0.00884741
0.00945056
0.0093365
0.00895768
0.00903374
0.0103056
0.0090851
0.00909901
0.00998968
0.0102281
0.00986438
0.00915972
0.0101825
0.00953513
0.00979317
0.010122
0.00927767
0.0102295
0.0114215
0.237094
0.122613
0.0870634
0.00143506
0.00211741
0.0119023
0.000620942
0.00185752
0.0110085
0.00437204
0.00677136
0.00138969
0.00030467
0.00862031
0.0110511
0.00419234
0.00316709
0.00667292
0.00758653
0.00997764
0.00607031
0.0103812
0.0109628
0.00700438
0.00938668
0.0109215
0.010878
0.00857395
0.0104748
0.00752298
0.0082361
0.00820239
0.0100309
0.0106221
0.00902455
0.00828042
0.00856462
0.00906816
0.0103307
0.00891461
0.0105762
0.00862922
0.00894235
0.00969726
0.00893873
0.00889173
0.287814
0.00814001
0.186472
0.017354
0.00546548
0.0068619
0.00104524
0.00939032
0.00330243
0.00531431
0.0105435
0.00960293
0.00451846
0.00660884
0.0114134
0.0104045
0.0112868
0.00554967
0.00771995
0.00848382
0.0088309
0.00679732
0.00690907
0.00788698
0.0105942
0.0109754
0.010109
0.00854074
0.00812513
0.00832882
0.010302
0.00858334
0.00967008
0.0086876
0.00846014
0.0105182
0.0100364
0.00873812
0.00879287
0.0100704
0.00932475
0.0088062
0.010224
0.0090059
0.00894916
0.00963529
0.0100683
0.0091223
0.0100444
0.00915139
0.00960263
0.0103158
0.00952961
0.00936609
0.00994873
0.0100995
0.00928605
0.00939177
0.315829
0.0444422
0.00605469
0.0118032
0.00339359
0.0165738
0.018752
0.0038918
0.00399271
0.00580509
0.0065008
0.00412092
0.00215974
0.00513691
0.00763965
0.00785388
0.00878536
0.00889322
0.00649815
0.0112541
0.00823134
0.00674106
0.00748279
0.0109011
0.00916196
0.00734033
0.0108433
0.00752469
0.0107371
0.00772705
0.00965483
0.00878909
0.0100781
0.00816849
0.00962746
0.00881255
0.00965208
0.00972657
0.00855887
0.00926481
0.00951591
0.00872696
0.00873584
0.0100142
0.0105453
0.00887693
0.00885367
0.00880154
0.00987021
0.00905686
0.0101756
0.00997086
0.0101193
0.00923868
0.0103166
0.0092773
0.009472
0.00906875
0.0102889
0.0103895
0.00928659
0.00921594
0.0102322
0.00931517
0.00962705
0.0101317
0.00980603
0.0102883
0.00991814
