2.41261
0.0140991
0.012824
0.00277976
0.00712374
0.00505918
0.00424552
0.513465
0.240985
0.0620293
0.00596521
0.00126246
0.00768106
0.00067813
0.00106237
0.0089377
0.00965256
0.00760249
0.00648464
0.00767379
0.006643
0.00960689
0.00856735
0.00924112
0.00997608
0.00872531
0.00934484
0.00822581
0.00992196
0.00872581
0.00878445
0.00832501
0.00837019
0.00908937
0.00949108
0.00936559
0.0087151
0.00897376
0.00926579
0.00897333
0.00887969
0.00966995
0.00882991
0.0734323
0.0531008
0.00157889
0.0107306
0.00117966
0.00793323
0.0041794
0.00632208
0.00810552
0.00628141
0.00847909
0.0100607
0.0104518
0.010337
0.00892402
0.00795689
0.00840214
0.00851996
0.00817297
0.0101914
0.00850402
0.00872611
0.00998211
0.00892491
0.0100189
0.00847829
0.00860996
0.00973531
0.00868261
0.00981942
0.00986711
0.00988405
0.009158
0.00985476
0.00885777
0.00879844
0.00885607
0.00908407
0.00949785
0.00904242
0.00979776
0.00920753
0.00940702
0.00963501
0.00902702
0.00972357
0.00947921
0.00907286
0.00969294
0.00900284
0.00903194
0.00941444
0.00967856
0.00908983
0.00913137
0.00959735
0.00908244
0.00964625
0.0090895
0.00963011
0.00962506
0.00925961
0.0092628
0.00954416
0.00958659
0.00953823
0.00914451
0.00954479
0.0333706
0.127904
0.00258899
0.00508211
0.00304354
0.00513878
0.00270897
0.00231414
0.00894381
0.000596999
0.00947479
0.00808775
0.00614885
0.00817663
0.00705599
0.00696226
0.00773077
0.00773284
0.00860244
0.00973087
0.00995691
0.00971179
0.00956307
0.00819204
0.00852011
0.00806839
0.0086584
0.00984002
0.00973292
0.00846255
0.00843609
0.00890866
0.00869527
0.00905811
0.00887116
0.00863682
0.00972876
0.0792896
0.0461611
0.150474
0.0118803
0.00198627
0.00683115
0.00428646
0.00278525
0.00170991
0.00315395
0.0103389
0.00793469
0.0100985
0.00989207
0.00618205
0.00782118
0.00711889
0.00708756
0.00811752
0.00756371
0.00774927
0.00827288
0.00842797
0.00998548
0.00933616
0.0087368
0.00981575
0.0082402
0.00939902
0.00924083
0.00861735
0.00852003
0.00860064
0.00874991
0.00869804
0.00897588
0.00916932
0.00967606
0.473417
0.502019
0.202915
0.00869823
0.00937217
0.000458027
0.00884278
0.00333826
0.00375505
0.00107931
0.00640527
0.00595059
0.0054536
0.00823673
0.00663255
0.00708853
0.00837644
0.00974137
0.00802062
0.00979143
0.00930895
0.0078534
0.00914065
0.00811059
0.00839491
0.00820071
0.00823222
0.00876754
0.26111
0.0361609
0.143135
0.0106111
0.0151301
0.00466722
0.00475372
0.0021049
0.0105235
0.00339625
0.0102386
0.00427405
0.0070895
0.00872204
0.00734936
0.00748356
0.00879023
0.00741545
0.00859109
0.00901957
0.00994544
0.00816041
0.00811711
0.00881893
0.00870008
0.00946143
0.00865362
0.00925414
0.0816645
0.191253
0.0133918
2.41734e-05
0.0023143
0.0042368
0.00139082
0.00527272
0.00907946
0.00727795
0.00574559
0.00988923
0.00603764
0.00599879
0.00778862
0.00763098
0.00855885
0.00857423
0.00786523
0.00766609
0.00800017
0.00812325
0.0082282
0.00837378
0.00865641
0.00843847
0.00872094
0.1601
0.200518
0.00948808
0.0101959
0.00728743
0.00942925
0.00490512
0.00480849
0.0074199
0.00736678
0.00200136
0.00469551
0.00733449
0.00700936
0.00610832
0.00603562
0.00821765
0.0087715
0.00965215
0.00767656
0.00717353
0.0100778
0.00974871
0.00772258
0.00855029
0.00835825
0.00904687
0.00876133
0.00847929
0.00840066
0.00864046
0.0086912
0.00891068
0.00974503
0.00852709
0.00866331
0.00896782
0.00919791
0.00898194
0.312919
0.00962032
0.0639293
0.00909851
0.00531987
0.00385548
0.0019072
0.00801122
0.0030841
0.00321444
0.0102531
0.00935519
0.00793048
0.0065246
0.00729778
0.00959593
0.0073191
0.0087482
0.00774496
0.00785543
0.00799237
0.00865234
0.00975037
0.00977231
0.00883095
0.00939835
0.00928859
0.00892295
0.00956199
0.0657799
0.0400449
0.00100535
0.00538869
0.00334168
0.0053541
0.00265357
0.00215481
0.00897894
0.000486044
0.00948983
0.0080895
0.00618428
0.00819491
0.00708172
0.00697993
0.00774585
0.00774789
0.00861097
0.00973067
0.00995529
0.00971146
0.00956355
0.00819598
0.00852279
0.00807441
0.0086606
0.00983849
0.00973178
0.00846635
0.00844025
0.00891166
0.00869806
0.00906019
0.0088742
0.00864056
0.00972746
2.00324
0.0218151
0.020618
0.00925585
0.0043512
0.0040458
0.00685569
0.00909208
0.00494267
0.00603402
0.528323
0.113275
0.0521999
0.00408954
0.00123802
0.00796654
0.000413621
0.00117791
0.00901834
0.009692
0.00760543
0.00654336
0.00772596
0.00667048
0.00961353
0.008587
0.00924962
0.00997217
0.00874143
0.00934964
0.00824593
0.00991813
0.00872913
0.00879465
0.00833625
0.00837939
0.00909427
0.00949095
0.00936669
0.00872297
0.0089787
0.00926757
0.00897635
0.00888383
0.00966777
0.00883554
0.126729
0.391918
0.00868173
0.00973957
0.00257489
0.005678
0.0072931
0.0105417
0.0102815
0.0103697
0.0101526
0.0103297
0.00828549
0.00702668
0.0101688
0.00848886
0.00752819
0.00924054
0.00858139
0.0100708
0.00918778
0.0100316
0.00996052
0.0086545
0.00924785
0.0082886
0.00990189
0.00840559
0.00845524
0.00844688
0.00901923
0.00882046
0.00929398
0.00979232
0.00977638
0.00969278
0.00895339
0.00891648
0.00934339
0.00955346
0.00911942
0.00972938
0.00908115
0.00887728
0.00928186
0.00928428
0.00919294
0.00892032
0.00912567
0.00897538
0.0090804
0.00931135
0.00952661
0.00944263
0.00945544
0.00904794
0.00906357
0.37644
0.0049283
0.121639
0.0091533
0.0136324
0.00488874
0.00466228
0.0019804
0.0105198
0.00329032
0.0102398
0.00420877
0.0070651
0.00872154
0.00731821
0.00745097
0.00878226
0.00737575
0.00858126
0.00901284
0.00995127
0.00813261
0.00809161
0.00880976
0.00868266
0.00946167
0.00863827
0.00924978
0.0740642
0.0668265
0.0590419
0.0145673
0.0182364
0.000495862
0.0104168
0.00524162
0.0061569
0.0103529
0.0102874
0.00832179
0.00789138
0.0101232
0.00974788
0.00849044
0.00716577
0.00847572
0.00889989
0.0100814
0.00962283
0.00999884
0.00806621
0.00906171
0.00992617
0.00994387
0.00837878
0.00879632
0.00975022
0.0084987
0.00989072
0.00858947
0.00863634
0.00865858
0.00982751
0.00979213
0.00882142
0.00917221
0.00894986
0.00972156
0.00876753
0.00976007
0.00884828
0.00921112
0.0088973
0.00946395
0.0089477
0.00908182
0.00935837
0.00949242
0.00932287
0.00906536
0.00900239
0.00914629
0.0090485
0.00963957
0.00940939
0.00957705
0.00942217
0.668652
2.51408
0.0502396
0.00152299
0.0076213
0.0195579
0.0047777
0.00626999
0.00379018
0.0030553
0.0045401
0.00761037
0.00613491
0.00778807
0.00603506
0.00815521
0.00743554
0.00799927
0.00731492
0.845745
0.0878858
0.12524
0.0280311
0.00693026
0.0184247
0.00689982
0.00731587
0.0022712
0.00261232
0.0102643
0.00810577
0.00604692
0.00715407
0.0066342
0.00920149
0.0100596
0.0078428
0.0088196
0.00730168
0.00924694
0.00752488
0.00855958
0.00785381
0.00801585
0.00843424
0.00955802
0.00936723
0.00867811
0.00848805
0.00947199
0.00947134
0.00868247
0.00946338
0.00965357
0.00950287
0.181409
0.279938
0.0371881
0.00887367
0.00720216
0.00534986
0.0100909
0.00997895
0.00958702
0.010336
0.00906362
0.00836926
0.00944141
0.010187
0.0100539
0.0098747
0.00781477
0.00848237
0.00995659
0.0100027
0.00925849
0.00997147
0.00988412
0.00841041
0.00864571
0.00978553
0.00976033
0.00855574
0.00862952
0.00956151
0.00893582
0.0096409
0.00929823
0.00895895
0.00974121
0.00955044
0.00946202
0.00953797
0.0090509
0.00917623
0.00899008
0.00900912
0.00896866
0.00961142
0.00958613
0.00933983
0.00935684
0.00958593
0.659974
0.00414607
0.0252988
0.00932338
0.00770228
0.00300603
0.00263619
0.0105476
0.00141154
0.00565108
0.00609251
0.0102993
0.0061244
0.00695687
0.00780056
0.010162
0.00889773
0.00990166
0.0101088
0.0100632
0.00738863
0.00796138
0.00839654
0.00954569
0.00883136
0.00811537
0.00793125
0.00903687
1.39487
0.0209528
0.0156715
0.00126201
0.00953912
0.0104378
0.00793014
0.000327505
0.00603085
0.00966089
0.00666729
0.00568832
0.00907931
0.00777456
0.00788758
0.0067472
0.00703088
0.00738294
0.00839356
0.00798484
0.00361998
0.235036
0.00674409
0.00773105
0.0103108
0.00713845
0.00621195
0.00750686
0.000523179
0.00926248
0.00873628
0.00963848
0.0095674
0.00979126
0.0061003
0.00671868
0.0101742
0.00955165
0.0101366
0.00747004
0.00860859
0.00773316
0.00874621
0.00910197
0.00945696
0.00833402
0.00880042
0.00960996
0.00838143
0.00883629
0.00872288
0.00854833
0.00939392
0.0088413
0.00891975
0.00924588
0.00953741
0.00925896
0.00883653
0.00888617
0.0090995
0.00905368
0.00946806
0.00926111
0.00941417
0.0095808
0.00942881
0.0089815
0.0090034
0.00157367
0.166316
0.00674409
0.00492042
0.0102013
0.00713834
0.00646991
0.00768929
0.00062794
0.00931954
0.00879149
0.00966217
0.0095902
0.00980079
0.0061192
0.00673523
0.0101687
0.00955947
0.010132
0.00747613
0.0086098
0.00774136
0.0087561
0.00910817
0.00945936
0.00833845
0.00880663
0.00960966
0.00838681
0.00883778
0.00872483
0.0085516
0.00939481
0.00884293
0.00892118
0.00924731
0.00953694
0.00926013
0.00883868
0.00888798
0.00910134
0.00905572
0.00946786
0.00926197
0.00941419
0.00958001
0.00942869
0.00898333
0.00900494
0.92205
0.102104
0.0196736
0.00133923
0.0109681
0.0020484
0.0103193
0.0103201
0.0105532
0.00805401
0.0096209
0.00287356
0.00675488
0.00396525
0.00518952
0.00959532
0.00809394
0.00991493
0.00696394
0.00690578
0.0071635
0.00965078
0.0092858
0.00846624
0.00784661
0.00826877
0.00982689
0.0086013
0.00974548
1.2827
0.00395336
0.0136924
0.00962637
0.00755684
0.000736079
0.00846828
0.00356874
0.00797321
1.24786
0.261562
0.0028107
0.0094291
0.0127432
0.00548984
0.0031448
0.00424972
0.00244118
0.0088482
0.00414329
0.00785891
0.00543476
0.00663581
0.00848693
0.00792983
0.00867376
0.00781336
0.0073866
0.414626
0.0171479
0.0336341
0.00154164
0.00593611
0.0061121
0.00632809
0.00197793
0.00458266
0.010207
0.0104231
0.00510314
0.00499777
0.00556228
0.00710689
0.00682643
0.0076472
0.00810925
0.00752836
0.00971038
0.00781341
0.00992489
0.00883428
0.00858732
0.00847311
0.00896976
0.00948708
0.00841715
0.0093752
0.00852406
0.00970766
0.0095092
0.00872233
0.00953888
0.00924317
0.00862018
0.00887104
0.0095351
0.00890351
0.00954688
0.507937
0.14897
0.124072
0.00657849
0.0108962
0.00693253
0.00169328
0.000265069
0.00865751
0.0068549
0.0064936
0.00867196
0.00543032
0.00924834
0.0075799
0.00834674
0.00709018
0.00808309
0.00983398
0.00737425
0.00740088
0.00767085
0.00800489
0.00809328
0.00975578
0.00867147
0.00822401
0.00862342
0.141596
0.0724956
0.00812822
0.00373053
0.00651364
0.00442078
0.00847142
0.00343826
0.00612027
0.00973658
0.0093565
0.00695986
0.00961178
0.0094413
0.00678518
0.0101467
0.00907445
0.0101159
0.00986737
0.0100252
0.00838681
0.0086061
0.00997025
0.00939401
0.00989014
0.00961873
0.00879621
0.00960554
0.0098592
0.00909774
0.00923678
0.0086457
0.00874492
0.00879279
0.00959655
0.00974961
0.00900102
0.00951596
0.00970816
0.00890337
0.00943216
0.00959002
0.00897102
0.00896837
0.0090676
0.00908037
0.0093229
0.00963966
0.00905737
0.0109457
0.0530775
0.0049349
0.00210197
0.0105885
0.00520949
0.0088775
0.0102084
0.0103062
0.00625598
0.010299
0.00816078
0.0101716
0.00845588
0.0102748
0.00828917
0.00861317
0.00811073
0.00862647
0.00856185
0.00902882
0.00943003
0.00877766
0.00856205
0.00983434
0.00976413
0.00867441
0.00863329
0.00867973
0.00980891
0.00878108
0.00959296
0.0098278
0.00894587
0.0095296
0.00896673
0.00888794
0.0092304
0.0091489
0.00894554
0.00909515
0.00941902
0.00941613
0.00970009
0.00943188
0.00962971
0.0090442
0.00965706
0.00956506
0.00912249
0.00907294
0.00963378
0.0094195
0.00959447
0.00912502
0.00960406
0.0091264
0.00917862
0.289982
0.0412765
0.0212039
0.0293356
0.00193085
0.00645521
3.44358e-05
0.00221473
0.00555786
0.00931734
0.0101386
0.00808717
0.00780939
0.00504562
0.00684903
0.0101595
0.00658674
0.00715617
0.00939938
0.00981299
0.00809215
0.00794808
0.00774253
0.0080761
0.00992695
0.00829982
0.00842402
0.00978457
0.00929333
0.00940444
0.00831927
0.00935442
0.00984086
0.0088869
0.00962934
0.00923772
0.00877818
0.00867047
0.00877133
0.00881123
0.00922537
0.00883245
0.00892607
0.0089618
0.00885778
0.00960188
0.0091235
0.00891804
0.1057
0.0174396
0.0124658
0.00358846
0.0110063
0.00434193
0.00716724
0.00635637
0.00685307
0.0104373
0.00659441
0.00643843
0.00699089
0.0102224
0.00760926
0.0102741
0.00848666
0.0101145
0.0101172
0.00921251
0.00961747
0.00845041
0.00991424
0.00860487
0.00867786
0.00871165
0.00872682
0.0099003
0.00864479
0.0091338
0.00981464
0.00869243
0.00977809
0.00980953
0.00884012
0.00889742
0.00975884
0.00886342
0.00938002
0.00960398
0.00933846
0.00960616
0.00899798
0.00906917
0.00934413
0.00936465
0.00966548
0.00966179
0.0091678
0.00965053
0.00906775
0.0095824
0.0093583
0.00948237
0.00913476
0.00953067
0.0933819
0.00398602
0.00124627
0.00298036
0.00945197
0.0076708
0.00793132
0.00823788
0.00569336
0.0104685
0.00784146
0.00718572
0.0104601
0.00846567
0.0102388
0.00767178
0.00771576
0.0102317
0.0101807
0.00804392
0.00861169
0.00852664
0.0100457
0.00897523
0.0100176
0.00947276
0.00966482
0.00903257
0.00884086
0.00881134
0.00991411
0.0089669
0.0094069
0.00986773
0.00947349
0.00984843
0.00893174
0.00959638
0.00947652
0.00977825
0.00977717
0.00889445
0.00933004
0.00897229
0.00941844
0.00924786
0.00931581
0.00955184
0.00904683
0.00944534
0.00902006
0.00944153
0.00963821
0.00967047
0.00905363
0.00907678
0.00944541
0.00963755
0.00964803
0.00920713
0.00910102
0.00927103
0.00911751
0.00918925
0.00914816
0.00914168
0.00919542
