0.00688006
0.00210003
0.00216113
0.00421548
0.00163806
0.000674382
0.00271424
0.00067772
8.14858e-06
0.00020497
0.000622978
0.00129638
0.000979307
0.00181162
0.00199027
0.00199038
0.00199047
0.00200999
0.00211124
0.00200007
0.00192429
0.00195736
0.00203931
0.00207088
0.00191617
0.00198587
0.0019217
0.00206022
0.00193577
0.00193053
0.00193821
0.00199847
0.00197606
0.00204489
0.00204768
0.00202134
0.00200915
0.00195907
0.00201771
0.00196509
0.00197996
0.00203174
0.00196622
0.00199804
0.00200561
0.00200843
0.00197884
0.00202983
0.00198745
0.00200485
0.00202669
0.00197262
0.00198542
0.00202367
0.00199021
0.00195977
0.00201982
0.00197116
0.00201967
0.00200509
0.00201079
0.00198545
0.00201158
0.00200297
0.00196931
0.00200007
0.00200399
0.00199266
0.00200391
0.00199692
0.000112482
0.00102122
0.00184127
0.00365213
0.00306342
0.0015953
0.00284002
0.00218369
0.00125517
0.00267083
0.00267677
0.00121284
0.00132508
0.00147533
0.00168896
0.00263145
0.00140848
0.00147684
0.00255668
0.00248865
0.0025212
0.00252439
0.001522
0.00248518
0.00156852
0.00243698
0.00241675
0.00190474
0.00162021
0.00210998
0.00233335
0.00214814
0.00166382
0.00168439
0.0023085
0.00169432
0.00221223
0.00173134
0.00221183
0.00206872
0.00224306
0.00225126
0.00180365
0.00209777
0.00215994
0.0020794
0.002028
0.00187109
0.00184475
0.00218997
0.0021765
0.00195036
0.00217787
0.00181982
0.00206036
0.00214838
0.00188962
0.00198807
0.00198945
0.00284498
0.00064027
0.000947275
0.00286877
0.00108173
0.00121789
0.00270539
0.00258295
0.00144612
0.00137426
0.00246625
0.0025179
0.0025066
0.00147774
0.00149445
0.00148293
0.00239968
0.00239829
0.00156645
0.00237361
0.00218287
0.00178207
0.00214536
0.00174035
0.00216361
0.00230259
0.00217082
0.00221641
0.00207412
0.00171353
0.00172772
0.00219834
0.00173772
0.0017529
0.00221362
0.00208328
0.00177255
0.00178568
0.00186575
0.00196373
0.00181411
0.00199254
0.00214631
0.00198938
0.00198993
0.00243067
0.00132032
0.00149714
0.00255529
0.00142291
0.00147256
0.00246426
0.00238704
0.00171439
0.00157743
0.00225806
0.00234233
0.00232005
0.00164929
0.0016622
0.0016624
0.00225014
0.00224934
0.00173645
0.00224277
0.00210426
0.00186896
0.0020831
0.00183949
0.00209635
0.00219945
0.00210185
0.00213545
0.00204224
0.00179809
0.00180923
0.00212651
0.00181477
0.00183217
0.00214558
0.00205012
0.00184362
0.00184914
0.00190953
0.0019731
0.00187075
0.00199174
0.00209678
0.00198701
0.000774475
0.00158179
0.00187671
0.0022869
0.00176171
0.00145601
0.00151894
0.00154476
0.00207273
0.0016272
0.00161563
0.00174471
0.00205976
0.00171838
0.00173437
0.00189021
0.00212111
0.00207958
0.00186515
0.00215783
0.0017999
0.00204284
0.00214268
0.00197738
0.00181747
0.00182926
0.00185528
0.00198827
0.00207866
0.0019203
0.00194044
0.00229954
0.0018487
0.00225886
0.00190847
0.00202687
0.00213004
0.00178425
0.00219524
0.00201555
0.00217955
0.00180122
0.0018051
0.00181427
0.00181477
0.00214833
0.00183216
0.00183712
0.00208172
0.00209657
0.00203988
0.00199437
0.00208616
0.00194269
0.00208757
0.00195704
0.00208569
0.00209349
0.00188173
0.00195767
0.00208432
0.00189658
0.00192864
0.00200467
0.00204411
0.00193559
0.00205333
0.0019509
0.00192429
0.00192036
0.00198312
0.00199025
0.00187477
0.00105886
0.00190758
0.00175261
0.00202383
0.00247385
0.00239454
0.00252609
0.00142626
0.00246382
0.00234282
0.0015192
0.00141873
0.00227564
0.00186815
0.00153131
0.00154401
0.00165684
0.00216909
0.00223967
0.00168275
0.00229954
0.00163817
0.00226744
0.00170425
0.00192582
0.0018931
0.00220214
0.00181707
0.0017785
0.00177566
0.00199279
0.00205308
0.00192124
0.00179636
0.00199243
0.00185009
0.00180466
0.00205672
0.00199206
0.00199025
0.00198586
0.00200404
0.00205467
0.00200205
0.00194927
0.00192817
0.00205695
0.00204854
0.00198433
0.00193106
0.00197445
0.00200956
0.00192065
0.00205529
0.00204728
0.0020225
0.00203974
0.00195508
0.0020297
0.00202384
0.00202848
0.00200067
0.00197523
0.0019434
0.00203957
0.00194923
0.00199246
0.0019465
0.00201115
0.00195764
0.0020235
0.00197357
0.00199511
0.00200527
0.00201991
0.00195443
0.00201375
0.00200284
0.00197395
0.00201761
0.00196129
0.00201519
0.00201641
0.00201402
0.00201918
0.00196997
0.00197167
0.00197433
0.00201265
0.00198311
0.00201493
0.00199396
0.00201212
0.00196756
0.00153809
0.00149796
0.00156936
0.00173989
0.00156852
0.00187705
0.00173624
0.00173467
0.00189313
0.00179439
0.00183158
0.00188793
0.00185369
0.00199025
0.00130244
0.00203312
0.00184486
0.000818399
0.00248883
0.00162669
0.00212163
0.0011809
0.00168703
0.00160505
0.00233116
0.00136315
0.0016405
0.00143096
0.00162244
0.00228381
0.00174865
0.00165209
0.00174068
0.0016249
0.00171003
0.00173366
0.00170317
0.00171788
0.00172687
0.00199025
0.00160984
0.00199431
0.0018625
0.00191494
0.00186498
0.00191898
0.00193162
0.00206768
0.0021096
0.00203011
0.00200524
0.0020831
0.00209921
0.0018845
0.00192364
0.00208753
0.00198875
0.00199965
0.00194748
0.00190543
0.00190758
0.00196306
0.00193062
0.00191948
0.00206297
0.00204155
0.00203589
0.00205829
0.00201389
0.0020302
0.00193852
0.00193878
0.00198426
0.00193874
0.00195562
0.00198489
0.00203812
0.00203298
0.00194306
0.00194621
0.00200857
0.00203816
0.00199495
0.00201945
0.00197451
0.00199629
0.00198631
0.0020147
0.00197873
0.00200595
0.0020096
0.00195574
0.00198132
0.00197246
0.00133041
0.00194842
0.00173894
0.00199582
0.00231786
0.00188236
0.00216838
0.00205456
0.00214267
0.00231758
0.00171582
0.0018742
0.00165464
0.00178217
0.00219146
0.00216316
0.00210658
0.00178669
0.00183139
0.00206798
0.00181666
0.0021315
0.00188671
0.00185221
0.00212518
0.00216533
0.00203003
0.00194753
0.00181367
0.00188683
0.00197959
0.00206532
0.00201788
0.00198844
0.00186069
0.00185882
0.00192773
0.00203442
0.00204935
0.00189935
0.000604797
0.000692551
0.00102553
0.000739266
0.000524013
0.000750715
0.00100481
0.00141156
0.00126215
0.00161401
0.0014561
0.00199025
0.00194367
0.00156967
0.00195763
0.0018915
0.00200841
0.00225674
0.00220254
0.00231497
0.00164566
0.00228129
0.00218164
0.0016961
0.00167646
0.00214476
0.00193166
0.0017443
0.00174523
0.00181601
0.00209002
0.00213344
0.00182554
0.00218176
0.00178088
0.00215834
0.00181242
0.00195605
0.00193795
0.00211631
0.00189334
0.00187008
0.00186777
0.00199277
0.00202742
0.00195185
0.00187698
0.00199245
0.0019094
0.0018765
0.00203006
0.00199209
0.00428941
0.000335075
0.000579215
0.000214098
0.00154726
0.00269714
0.00276628
0.00192588
0.00267129
0.00247698
0.00114831
0.00259971
0.00253047
0.00121997
0.0012632
0.0025401
0.00252073
0.00132975
0.00148749
0.00189878
0.0013727
0.0020902
0.00152114
0.00187988
0.00150553
0.00195606
0.00153201
0.00156081
0.0015953
0.00172566
0.00161093
0.00160238
0.00216989
0.00163985
0.00226896
0.00223293
0.00221601
0.00172302
0.00219233
0.0017451
0.00174687
0.00175536
0.00179322
0.00199025
0.00198981
0.00187902
0.00217528
0.0021449
0.00162021
0.00165489
0.00217719
0.00171361
0.00210124
0.00168799
0.00170042
0.00205828
0.00173744
0.00174201
0.00185323
0.00174563
0.00214605
0.00191218
0.00180805
0.00211315
0.00216038
0.00195352
0.00182739
0.00182183
0.0019659
0.00182781
0.00204606
0.00201375
0.00184642
0.00206501
0.00209005
0.00204013
0.00186753
0.00186552
0.00207253
0.00190587
0.0020919
0.00205636
0.0020317
0.0020369
0.00198209
0.00206387
0.00121159
0.00209425
0.000275996
0.00189988
7.75217e-06
0.00104232
0.00134911
0.00212841
0.00173567
0.00144267
0.0013377
0.00159857
0.00151095
0.00199025
0.00199025
0.00177377
0.0017357
0.00226521
0.00225867
0.00195148
0.00218505
0.00202065
0.00181771
0.00182035
0.00206763
0.00208338
0.00188604
0.00215009
0.00197553
0.00192476
0.00194475
0.00210901
0.00205626
0.00212408
0.00198652
0.00196366
0.00209159
0.00209734
0.00203008
0.00197022
0.00189363
0.00205596
0.0018928
0.00191764
0.00202298
0.00201236
0.00191112
0.00194803
0.00203507
0.00202904
0.00193702
0.00205594
0.00206205
0.00206459
0.00200924
0.00199078
0.00198088
0.00198833
0.001935
0.00195341
0.00201932
0.00194352
0.00199272
0.00199851
0.00195817
0.00204252
0.00198147
0.00195336
0.00200605
0.00203868
0.000985345
0.00171662
0.00203126
0.00240845
0.00106174
0.00164341
0.00118617
0.00135069
0.00227846
0.00148214
0.00153909
0.00163625
0.0016131
0.00172045
0.000980829
0.000102842
0.00129287
0.00109229
0.000884153
0.00104779
0.00124385
0.00152729
0.00142036
0.00168616
0.0015714
0.000296978
0.00480969
0.00263818
0.00124872
0.000698165
0.000282935
0.000349961
0.000550726
0.00246927
0.000966494
0.00182829
0.00200603
0.00263691
0.00200824
0.00205799
0.00215857
0.00230674
0.00183308
0.00192535
0.00184492
0.00178348
0.00214466
0.00183071
0.00182478
0.00213643
0.00212809
0.00213985
0.00182729
0.00184585
0.00202066
0.00200805
0.00204685
0.00208441
0.00185314
0.00205805
0.0019744
0.00191745
0.00196066
0.0019564
0.00210015
0.00204441
0.00207423
0.0020197
0.00188653
0.00200568
0.0020825
0.00196375
0.00195144
0.00205041
0.00204907
0.00201571
0.00206713
0.00196355
0.00191242
0.00202159
0.00204358
0.00200614
0.001933
0.00192445
0.00195748
0.00203846
0.00199234
0.0020102
0.00203563
0.00193346
0.00204659
0.00195736
0.00249982
0.000877801
0.000613057
0.000753173
0.00149675
0.00226626
0.00248778
0.00254942
0.0010107
0.00118516
0.00124312
0.00232975
0.0012313
0.00120467
0.00224986
0.0017716
0.00198538
0.00148312
0.00146315
0.00208955
0.00184202
0.00221111
0.00159187
0.00209525
0.00172619
0.00168734
0.00164269
0.00171379
0.00145375
0.00174013
0.00151158
0.0019869
0.00199443
0.00190875
0.00174216
0.00201595
0.00178279
0.00183039
0.0019215
0.00199385
0.00114289
0.00101303
0.00125775
0.00094059
0.0010272
0.00150452
0.00116757
0.00213429
0.00206651
0.00142472
0.00159759
0.000686603
0.00179722
0.00243223
0.00222254
0.00204676
0.00198805
0.00156457
0.00185175
0.00163487
0.00174395
0.00222042
0.00174235
0.00171101
0.00220556
0.00174696
0.00216683
0.00208004
0.00192647
0.00179176
0.00181971
0.00183378
0.00193187
0.00207785
0.00197166
0.00200336
0.00204946
0.00188757
0.00743524
0.0045502
0.00540149
0.00362916
0.00134456
0.000896077
0.00106597
0.000524565
0.00124474
0.000971916
0.000720576
0.00201328
0.000543644
0.00266096
0.00130456
0.00126404
0.00140916
0.00247847
0.00187216
0.0021143
0.00139621
0.00141221
0.00147481
0.00147079
0.000788784
0.00121156
0.00226327
0.00209943
0.00248978
0.0013758
0.00156924
0.00122442
0.00146753
0.00166467
0.00142985
0.00199025
0.0025788
0.00207444
0.00191958
0.00182739
0.00210902
0.00212231
0.0020398
0.0021573
0.00193863
0.00213221
0.00207629
0.00194014
0.00204449
0.00198497
0.00212095
0.00202566
0.00210597
0.00200697
0.00192852
0.00209367
0.00188606
0.00204863
0.00196002
0.00189686
0.00201072
0.00192017
0.00197574
0.00199608
0.00191392
0.00191449
0.00199583
0.0019717
0.0019166
0.00191462
0.00200612
0.00198972
0.00205279
0.00205521
0.00202387
0.00202329
0.00202858
0.00203496
0.00195115
0.00194829
0.00202657
0.00200556
0.00196987
0.00202932
0.00195363
0.00200029
0.0019427
0.0020125
0.00197101
0.00196753
0.00194994
0.00202455
0.00170237
0.000359403
0.000729245
0.000296251
0.000705322
0.000679019
0.00149281
0.000636917
0.00196446
0.0011013
0.00160868
0.00218657
0.0012228
0.00199025
0.00199025
0.00188584
0.00158609
0.00246769
0.00232431
0.00186532
0.00172456
0.00232597
0.0015038
0.00189165
0.00229438
0.00195145
0.00217965
0.00175283
0.00168968
0.00171925
0.00168979
0.00216948
0.00181607
0.00217338
0.00175391
0.00175942
0.00184295
0.0021341
0.00213601
0.00181499
0.00181925
0.0018401
0.00187135
0.00199025
0.00195581
0.00194975
0.00205908
0.00148281
0.00233661
0.0016425
0.00206159
0.00170086
0.00208128
0.00189383
0.00175935
0.00174691
0.00176846
0.00197281
0.00179368
0.00178959
0.00207536
0.00211148
0.00179567
0.00190803
0.0018267
0.00186412
0.00212718
0.00183381
0.00208388
0.00203729
0.00205413
0.00204996
0.00210917
0.00186219
0.0019231
0.00191018
0.00197081
0.00192071
0.00192219
0.00188511
0.00197343
0.00206951
0.00199746
0.00201788
0.00190797
0.00206512
