0.00961904
0.0167849
0.0221157
0.0217503
0.0218973
0.0218974
0.0219037
0.0219203
0.0219062
0.0219696
0.0216561
0.0217797
0.0221473
0.0219223
0.0219814
0.0218825
0.0220064
0.0219372
0.0219474
0.0219442
0.0219281
0.0219323
0.0219297
0.0219461
0.0218908
0.0219422
0.0219307
0.0219434
0.0219271
0.0219206
0.0219295
0.0218938
0.0219357
0.0219011
0.021917
0.0219289
0.0219164
0.0219065
0.0219284
0.0219276
0.0219211
0.0218968
0.021928
0.0219264
0.0219086
0.0219061
0.0219067
0.0219079
0.0219226
0.021918
0.0219022
0.0219241
0.0219215
0.0219167
0.0219213
0.0219014
0.0219206
0.0224565
0.0226975
0.0219595
0.021972
0.0219253
0.0218954
0.0219221
0.0218996
0.0219051
0.0219101
0.0219145
0.0219164
0.0219025
0.0219068
0.0219045
0.0219058
0.0219096
0.0219066
0.0219063
0.0219063
0.0219082
0.0219076
0.0219066
0.0219065
0.0219084
0.0219088
0.021908
0.0219084
0.0219088
0.0219082
0.0219082
0.0219084
0.0219074
0.0219081
0.0219074
0.021907
0.021907
0.0219073
0.0219079
0.0219071
0.0219078
0.0219073
0.0219071
0.0219072
0.0219072
0.0219073
0.0219073
0.0219077
0.0219074
0.0219916
0.0218067
0.0220329
0.0217962
0.0219013
0.0217961
0.0219099
0.0219223
0.0218904
0.0218916
0.0219226
0.0219172
0.0219007
0.021903
0.0219087
0.0219126
0.0219096
0.0219112
0.0219088
0.0219102
0.0219096
0.021909
0.0219098
0.0219092
0.0219082
0.0219081
0.0219094
0.0219092
0.0219093
0.0219092
0.0219079
0.0219092
0.0219081
0.0219081
0.0219079
0.0219081
0.021909
0.021909
0.0219073
0.0219088
0.0219916
0.0218067
0.0220306
0.021781
0.0218802
0.0217733
0.0219032
0.0219152
0.0218772
0.0218774
0.0219127
0.0219043
0.0218879
0.0219061
0.0218947
0.0219059
0.0218972
0.0219036
0.0218978
0.0219
0.0218991
0.0219063
0.0219012
0.0219002
0.0219081
0.0219084
0.0219009
0.0219022
0.0219022
0.0219026
0.0219084
0.0219026
0.0219078
0.0219078
0.0219083
0.0219076
0.0219038
0.0219039
0.0219102
0.0219047
0.0125569
0.0212812
0.0215363
0.0216876
0.02177
0.0218905
0.021813
0.0218896
0.021885
0.0218905
0.0218765
0.0218537
0.0218598
0.0218527
0.0218912
0.0218776
0.0218614
0.0218824
0.0218704
0.0218875
0.0218923
0.0218927
0.0218821
0.02188
0.0218803
0.0218948
0.0221846
0.0222087
0.0216387
0.0217231
0.0219227
0.0218803
0.0219117
0.0219197
0.0219318
0.0219238
0.0218653
0.0218713
0.0218944
0.0218709
0.0219149
0.0218924
0.0218855
0.0219217
0.0218977
0.0218872
0.0218982
0.0219089
0.0218878
0.0219171
0.021903
0.0218886
0.0219191
0.0218919
0.0219053
0.0219073
0.0218945
0.0218989
0.0219012
0.0218964
0.0219121
0.0218991
0.0219065
0.0204213
0.0222252
0.0213962
0.0217586
0.0220538
0.0218109
0.0219917
0.0218947
0.0218444
0.0218699
0.0219161
0.0219075
0.0218938
0.0219053
0.0219022
0.0219007
0.0219096
0.0219071
0.0219016
0.021905
0.0219031
0.021904
0.0219095
0.0219041
0.0219044
0.0219047
0.021908
0.0219063
0.0219052
0.0219092
0.0219055
0.0219058
0.0219058
0.0219051
0.021909
0.0219067
0.0221494
0.0219968
0.0218178
0.0219095
0.0220068
0.0219658
0.0220157
0.0219842
0.0219119
0.0219116
0.0219378
0.0218788
0.0218995
0.0218878
0.0219218
0.0219438
0.0218982
0.0219405
0.0218899
0.021939
0.0218918
0.0219117
0.0219308
0.021935
0.0219318
0.0219028
0.0219053
0.0219292
0.0219159
0.0218989
0.0219139
0.0219233
0.0219254
0.0219232
0.021911
0.0219237
0.0219019
0.021913
0.0218971
0.0219228
0.0218987
0.0219077
0.021902
0.021919
0.0219168
0.0219206
0.02192
0.021916
0.0219169
0.0196813
0.0212182
0.0211067
0.0212808
0.0215072
0.0213867
0.0214198
0.0214486
0.0215375
0.0215375
0.0219151
0.0216741
0.0216468
0.0216841
0.0216754
0.0216828
0.0218028
0.0220535
0.0226541
0.0205509
0.0212526
0.021454
0.0218713
0.0219119
0.0218527
0.0218671
0.0219003
0.0219209
0.021884
0.021901
0.0219032
0.0219061
0.0219071
0.0218949
0.0219
0.0219085
0.021908
0.0218981
0.0218983
0.0219087
0.0219015
0.0219009
0.0219021
0.0219037
0.0219022
0.0218259
0.0220048
0.021834
0.0220159
0.0218382
0.021932
0.0219045
0.021918
0.0218781
0.0219428
0.0219377
0.0219091
0.021943
0.0219062
0.0219391
0.0218934
0.0219269
0.0219105
0.0218909
0.0218904
0.0218893
0.0219214
0.0218883
0.0219203
0.0219057
0.0219252
0.0218916
0.0219246
0.0218999
0.0218972
0.0218977
0.02191
0.0219219
0.0219062
0.0219215
0.021921
0.0218967
0.0219091
0.0218973
0.0219056
0.0219192
0.0219132
0.0219171
0.0219181
0.0219176
0.0218985
0.0219045
0.0219117
0.0219135
0.02191
0.0196157
0.0212185
0.0222918
0.0211942
0.0221173
0.0216244
0.0219996
0.0219169
0.0218617
0.0218446
0.021918
0.0218863
0.021878
0.0219093
0.0218988
0.0218648
0.0218881
0.0218794
0.0218716
0.0218737
0.0218935
0.0218735
0.0219013
0.0218783
0.0218877
0.0218869
0.0218862
0.0218854
0.0218939
0.0218839
0.021897
0.0218976
0.0219124
0.021903
0.0219014
0.0219117
0.0218897
0.0218903
0.0218937
0.022598
0.0220667
0.0196797
0.0231037
0.0223763
0.0214881
0.0216984
0.0217444
0.02187
0.0218541
0.0218502
0.0219079
0.021877
0.0218558
0.021833
0.021863
0.021872
0.0218633
0.0204253
0.0222149
0.0212671
0.0217848
0.0220124
0.0217762
0.0219458
0.021865
0.021807
0.0218211
0.0218729
0.0218794
0.021857
0.0218971
0.0218697
0.0218747
0.0219193
0.0219027
0.0218757
0.0218927
0.0218781
0.0218815
0.0219178
0.0218868
0.0218874
0.0218867
0.0219078
0.0218966
0.0218901
0.0219158
0.0218933
0.0218952
0.0218941
0.0218907
0.0219143
0.0219006
0.0218915
0.0223837
0.0217739
0.0215594
0.0218294
0.0217266
0.02191
0.0219533
0.0218914
0.0219376
0.0219314
0.0219002
0.0219104
0.0219116
0.0219076
0.0219121
0.0219134
0.021915
0.0219145
0.0219131
0.0219065
0.0219086
0.0219132
0.0219121
0.0219124
0.0219122
0.0219119
0.0219107
0.0219115
0.0220165
0.0198469
0.0220889
0.0217425
0.0219809
0.0216978
0.0217644
0.0218373
0.0218861
0.021864
0.0218808
0.0218858
0.0218599
0.021871
0.0218644
0.0218861
0.0218752
0.021911
0.0218839
0.0219037
0.021886
0.0219099
0.0218862
0.0219154
0.0218871
0.0218856
0.0219087
0.0218857
0.021901
0.021894
0.0218944
0.0218983
0.0219047
0.0219107
0.0218943
0.0219051
0.0218966
0.0219
0.0218942
0.0219089
0.0166385
0.0215386
0.0212204
0.0216217
0.0216191
0.0215942
0.0218976
0.0216761
0.0218791
0.0218774
0.0216426
0.0225153
0.0227861
0.0221359
0.0222164
0.0220279
0.0220055
0.0219704
0.0219287
0.0219591
0.0219153
0.0219421
0.0218998
0.0219564
0.0219261
0.0219405
0.0219099
0.0219305
0.0219367
0.0219233
0.0219279
0.0219357
0.0219227
0.0219283
0.0219215
0.0219309
0.0219242
0.0219185
0.0219241
0.0219121
0.0219278
0.0219141
0.0219053
0.0219255
0.0219157
0.0219195
0.0219193
0.0219103
0.0219014
0.0219229
0.0219223
0.0219108
0.0219207
0.0219015
0.0219127
0.0219195
0.0219125
0.0219154
0.0219172
0.0219087
0.0233184
0.0237032
0.0221277
0.0204603
0.0215458
0.0220353
0.0217077
0.0218325
0.021876
0.0218217
0.0218114
0.0218039
0.0218885
0.0218841
0.0218521
0.0218462
0.0218525
0.0218945
0.0218584
0.0224969
0.021901
0.0193943
0.0229857
0.0222231
0.0213892
0.0216254
0.0216017
0.0218472
0.0217639
0.0217568
0.0219063
0.0218306
0.021803
0.0217441
0.0218141
0.0218279
0.0218096
0.0115907
0.0155169
0.0220423
0.0239174
0.0216579
0.0224859
0.0219424
0.0218322
0.0219963
0.0220102
0.0219834
0.0219719
0.0219391
0.0219634
0.0219656
0.0219547
0.0219466
0.0233787
0.0218892
0.022207
0.021798
0.0221494
0.0219099
0.0220013
0.0218935
0.0219543
0.0218956
0.0219458
0.0219634
0.0219036
0.0219275
0.0219437
0.0219048
0.021905
0.0219094
0.0219051
0.0219322
0.0219039
0.0219336
0.021895
0.0219295
0.0219189
0.021905
0.021928
0.0219239
0.0219272
0.0219206
0.0219256
0.0219203
0.0219207
0.0219232
0.0219208
0.0219001
0.021905
0.0219145
0.0219174
0.0219214
0.0219185
0.0219207
0.0219068
0.0219068
0.0219103
0.0219125
0.0219176
0.0219117
0.0219178
0.023516
0.0228013
0.0215257
0.0219805
0.0216882
0.0218005
0.0218033
0.0218326
0.0218939
0.0218817
0.0218675
0.0218825
0.0218963
0.0219046
0.0218953
0.0219001
0.0218879
0.0218952
0.0219019
0.0218935
0.0123973
0.0209062
0.0205074
0.0195667
0.0215577
0.0210213
0.021702
0.0212734
0.0214609
0.0216095
0.0214086
0.0214786
0.0217918
0.0218842
0.0216236
0.0217443
0.0216313
0.0216893
0.021745
0.0218253
0.0142542
0.0162476
0.0211269
0.0199109
0.0214211
0.0219866
0.0217743
0.0217603
0.0217105
0.0217137
0.0217319
0.0218117
0.0218802
0.0217816
0.0217951
0.0218308
0.0218819
0.0218272
0.0219005
0.0219183
0.0213906
0.0205668
0.0222768
0.0217947
0.0216211
0.021866
0.0218378
0.0218547
0.0218022
0.0218765
0.0218903
0.0218807
0.0218683
0.0218826
0.0218861
0.0218488
0.0218649
0.0218704
0.0218965
0.0218897
0.0219157
0.0218835
0.0219007
0.0218739
0.0218791
0.0218926
0.0219118
0.0218811
0.0222024
0.0183306
0.0228757
0.0203511
0.0219806
0.0222271
0.0220083
0.0219262
0.0219956
0.0219804
0.0219229
0.0219494
0.0219381
0.0219402
0.0219556
0.0219544
0.0219446
0.0219423
0.0219068
0.0219382
0.0135694
0.0221533
0.0193862
0.0208023
0.0208291
0.0222499
0.0216995
0.0218169
0.0217648
0.0217484
0.0218239
0.0217927
0.021898
0.0218498
0.0218397
0.0218356
0.0218893
0.0229257
0.0216963
0.0224494
0.0221124
0.0220719
0.0221509
0.0219028
0.0219892
0.0220366
0.0220347
0.0219752
0.0219489
0.0219696
0.0219544
0.0219272
0.0219658
0.0219116
0.0219161
0.0219425
0.0218908
0.0219364
0.0219417
0.0219316
0.0219192
0.0219339
0.0219149
0.021925
0.0219364
0.021911
0.0219217
0.0219233
0.0219299
0.0219309
0.0219226
0.0219135
0.0218977
0.0219259
0.0219261
0.0219269
0.0219277
0.021905
0.0219137
0.021913
0.0219051
0.0219204
0.0219015
0.0219177
0.0219132
0.0219176
0.021916
0.0219155
0.0219041
0.0219107
0.0219208
0.0219212
0.021915
0.0219163
0.0219186
0.00915189
0.019571
0.0211069
0.0216542
0.021343
0.0215042
0.0214766
0.0214768
0.021615
0.0153892
0.0213976
0.0209355
0.0217079
0.0214472
0.0214695
0.0218726
0.0218729
0.0218647
0.0218989
0.0218617
0.0218662
0.0218527
0.0219036
0.021853
0.0218645
0.0218894
0.0218684
0.021868
0.0218685
0.0218685
0.0218789
0.0218994
0.0218766
0.0218837
0.0219115
0.0218907
0.0223567
0.0203683
0.0208083
0.0210812
0.0215272
0.0217364
0.0217299
0.0217593
0.0218098
0.02192
0.0218209
0.0218181
0.0218259
0.0218608
0.0218642
0.021846
0.0218982
0.0218552
0.0218867
0.0219167
0.0218856
0.0218785
0.0219101
0.0218658
0.0218685
0.0218677
0.0218876
0.021872
0.0218854
0.0218738
0.0218938
0.0218778
0.0218887
0.0218805
0.0218902
0.021907
0.0218877
0.0218933
