0.0296839
0.0260514
0.0214939
0.0219671
0.0218982
0.0218352
0.0218658
0.0218352
0.0218213
0.0218221
0.0373955
0.0216307
0.0220336
0.0219255
0.0218069
0.0217572
0.021868
0.0219269
0.0218676
0.0218984
0.0218777
0.0218733
0.0218957
0.0218724
0.0218617
0.0218664
0.0218391
0.0218407
0.0218616
0.021863
0.0218616
0.0218548
0.0218566
0.0218564
0.0218458
0.0218513
0.0218472
0.0218356
0.0218423
0.0218414
0.0218454
0.0218482
0.0218442
0.0218292
0.0218454
0.0218451
0.0218315
0.0218292
0.0218283
0.021841
0.0218236
0.0218368
0.0218385
0.0218389
0.021827
0.0218341
0.02183
0.0218341
0.0218355
0.0232618
0.0221583
0.0219798
0.0218296
0.0219614
0.0217842
0.0217854
0.0218239
0.0218631
0.0218047
0.0218328
0.0218247
0.0218297
0.0218275
0.0218237
0.0218271
0.0218258
0.0218206
0.0218262
0.0218249
0.021824
0.021823
0.021823
0.0218231
0.021823
0.0218237
0.0218241
0.0218236
0.0218235
0.0218238
0.0218245
0.0218245
0.0218235
0.0218237
0.0218237
0.0218236
0.0218236
0.0218236
0.021824
0.0218238
0.0218239
0.0218237
0.0218239
0.0218238
0.0218239
0.0218243
0.0218238
0.0218243
0.0218238
0.021824
0.0217927
0.021838
0.0214163
0.0218618
0.0218481
0.0218336
0.0218321
0.0218314
0.0218315
0.0218298
0.0218254
0.0218257
0.0218219
0.0218226
0.0218249
0.0218246
0.0218258
0.0218251
0.0218253
0.0218239
0.0218239
0.0218252
0.0218249
0.0218248
0.0218244
0.021824
0.021825
0.0218248
0.0218242
0.0218249
0.0218245
0.0218247
0.0218247
0.0218248
0.0218248
0.0218241
0.0218246
0.0218245
0.0217927
0.0218337
0.0213789
0.021858
0.0218421
0.0218258
0.0218244
0.0218265
0.0218253
0.0218248
0.0218193
0.0218216
0.0218209
0.0218238
0.0218219
0.0218215
0.0218206
0.021821
0.0218212
0.0218253
0.0218248
0.0218215
0.0218216
0.0218218
0.0218232
0.0218249
0.0218218
0.0218222
0.0218243
0.0218221
0.0218231
0.0218225
0.0218228
0.0218223
0.0218224
0.0218249
0.0218231
0.0218234
0.0219383
0.0203183
0.0221246
0.021563
0.0216025
0.0216945
0.021809
0.0217773
0.0217737
0.0217648
0.0217821
0.0217841
0.0217733
0.0218024
0.0217784
0.0218009
0.0217967
0.0217999
0.0218027
0.0218149
0.0218015
0.0217937
0.0217953
0.0218059
0.0217966
0.0218043
0.0218183
0.0218112
0.021858
0.0219341
0.0218677
0.0218849
0.0218133
0.0218375
0.02178
0.021814
0.0218008
0.0218134
0.0218056
0.0218113
0.0218158
0.0218166
0.0218129
0.02182
0.0218169
0.0218296
0.0218205
0.021814
0.0218174
0.0218139
0.0218165
0.0218222
0.0218164
0.0218162
0.0218157
0.021818
0.0218169
0.0218172
0.0218199
0.0218259
0.0218179
0.0218195
0.0218208
0.0218266
0.0218213
0.0218223
0.0218613
0.0199818
0.0221118
0.0220876
0.0216772
0.0219071
0.0217252
0.0218034
0.0218039
0.0217989
0.0218195
0.0218275
0.0218269
0.0218183
0.0218188
0.0218195
0.021823
0.0218228
0.021822
0.0218231
0.0218213
0.0218211
0.0218213
0.021823
0.0218216
0.0218217
0.0218217
0.0218216
0.021824
0.0218239
0.0218235
0.021822
0.0218238
0.0218222
0.0218222
0.021823
0.0218233
0.0218232
0.0218225
0.0216894
0.0221485
0.0216724
0.0216736
0.0221388
0.0219153
0.0218256
0.0218937
0.0218183
0.0218409
0.0218776
0.0218487
0.0218506
0.0218695
0.021819
0.0218364
0.0218519
0.0218598
0.0218458
0.0218516
0.0218396
0.0218367
0.0218395
0.0218323
0.0218411
0.0218395
0.0218486
0.0218398
0.0218463
0.0218453
0.0218387
0.0218421
0.0218222
0.0218211
0.0218365
0.0218228
0.0218327
0.0218314
0.0218258
0.0218309
0.0218312
0.0218365
0.0218285
0.0218252
0.0218346
0.0218343
0.00670962
0.023283
0.0203414
0.022643
0.0211986
0.0211949
0.0214315
0.0216838
0.0215971
0.0216209
0.0214709
0.0215458
0.0216802
0.0216714
0.0217202
0.0216924
0.0217602
0.0216788
0.0236906
0.0163175
0.0204044
0.0218451
0.0215861
0.021654
0.0217706
0.0218316
0.0217978
0.0218125
0.0218218
0.0218179
0.0218195
0.0218182
0.0218148
0.0218135
0.0218133
0.021817
0.0218159
0.0218232
0.0218179
0.0218177
0.0218209
0.0218226
0.0218179
0.0218221
0.0218219
0.0218229
0.0218195
0.022071
0.0217731
0.0219657
0.0217392
0.0218923
0.0218486
0.0218691
0.0218619
0.021885
0.0218142
0.0218391
0.0218353
0.0218391
0.0218361
0.0218466
0.0218459
0.0218313
0.0218262
0.0218305
0.021844
0.0218219
0.0218393
0.0218366
0.0218278
0.0218345
0.0218381
0.0218195
0.0218268
0.0218318
0.0218235
0.0218355
0.0218231
0.021821
0.0218281
0.0218299
0.0218319
0.021834
0.0218311
0.0218324
0.0218324
0.0218325
0.021827
0.0218309
0.0218311
0.0218298
0.0218268
0.0218263
0.0218283
0.0218286
0.0218218
0.0218494
0.0205003
0.0217277
0.0215935
0.0216726
0.0219117
0.021709
0.0217635
0.0217933
0.0218096
0.0217807
0.0217992
0.0217941
0.0218061
0.0217965
0.0218191
0.0218026
0.0217967
0.0218186
0.0217992
0.0218003
0.0218016
0.0218256
0.0218198
0.0218076
0.0218049
0.0218095
0.021813
0.0218105
0.0218093
0.0218084
0.0218084
0.0218112
0.0218245
0.0218127
0.0218121
0.0218227
0.0301928
0.00991998
0.0195719
0.0202728
0.0212775
0.0218562
0.0217717
0.0217588
0.0217613
0.021807
0.0217671
0.0217674
0.0217747
0.0217536
0.0217836
0.0217929
0.0217788
0.0217728
0.0218024
0.0217987
0.0218614
0.020003
0.0221013
0.0220758
0.0216607
0.021878
0.0217142
0.0217916
0.0217896
0.0217919
0.0218224
0.0217975
0.021797
0.021794
0.0217962
0.0218134
0.0218174
0.0218165
0.0218201
0.0218169
0.0218011
0.0218009
0.0218027
0.0218158
0.0218097
0.0218064
0.0218096
0.0218071
0.0218233
0.0218226
0.0218192
0.02181
0.0218221
0.0218113
0.0218109
0.0218159
0.0218187
0.0218183
0.0218135
0.0103067
0.0222959
0.0214162
0.0220304
0.0217881
0.0217082
0.0218373
0.0218041
0.0218019
0.0218266
0.0218384
0.0218262
0.0218289
0.0218236
0.0218238
0.0218254
0.0218295
0.0218253
0.0218252
0.0218248
0.0218284
0.0218239
0.0218273
0.0218263
0.0218248
0.0218245
0.0218243
0.0218252
0.021826
0.0222805
0.0219528
0.0221186
0.0212209
0.0217591
0.021828
0.0217186
0.0218041
0.0218
0.0218023
0.0218109
0.0218009
0.0218145
0.0218062
0.021803
0.0218084
0.0218186
0.021804
0.0218042
0.0218057
0.0218108
0.021808
0.021812
0.0218096
0.0218188
0.0218124
0.02181
0.0218149
0.021812
0.0218114
0.0218117
0.0218126
0.0218129
0.0218143
0.0218169
0.0218248
0.0218154
0.0218172
0.0218165
0.0226852
0.0182212
0.0211872
0.0212236
0.0214886
0.0217828
0.0217515
0.0216303
0.0216882
0.0217776
0.0217471
0.0231263
0.021705
0.0225865
0.0216463
0.0218977
0.0219575
0.0218684
0.0219049
0.0219037
0.0218655
0.0218778
0.0218443
0.0218665
0.0218676
0.0218201
0.0218499
0.0218572
0.0218519
0.0218535
0.0218526
0.0218394
0.0218529
0.021842
0.0218503
0.0218414
0.0218459
0.0218225
0.0218379
0.0218469
0.0218411
0.0218323
0.0218228
0.0218438
0.0218399
0.0218369
0.0218313
0.0218411
0.0218402
0.021828
0.0218304
0.0218343
0.0218381
0.0218275
0.0218359
0.0218342
0.0218344
0.0218364
0.0218287
0.021823
0.0218482
0.0150625
0.0228001
0.0226159
0.0216645
0.0218508
0.0216966
0.0217546
0.021784
0.0217249
0.0218103
0.021769
0.021811
0.0218077
0.0217866
0.0217698
0.0217723
0.0217689
0.021798
0.0302491
0.00925248
0.0193001
0.0200278
0.0211381
0.0217044
0.0216409
0.0216354
0.0216441
0.0217829
0.0216809
0.0216825
0.0217042
0.0216662
0.0217294
0.0217614
0.021722
0.0217097
0.0217785
0.021767
0.0247039
0.0244875
0.0196864
0.022109
0.021465
0.0220477
0.0217886
0.0219675
0.0219211
0.0218383
0.0218311
0.0218293
0.0218436
0.0218715
0.0218596
0.0218566
0.0218325
0.021844
0.0218732
0.0213831
0.0222541
0.0218885
0.0225744
0.0216658
0.0218723
0.0218133
0.0218566
0.021919
0.0218504
0.0218636
0.0218498
0.0218703
0.0218494
0.0218546
0.0218488
0.0218563
0.0218561
0.0218429
0.0218525
0.0218507
0.0218205
0.0218469
0.0218394
0.0218401
0.0218385
0.0218324
0.0218223
0.0218466
0.0218441
0.0218349
0.0218301
0.0218396
0.0218369
0.0218397
0.0218273
0.0218367
0.0218352
0.0218274
0.0218238
0.0218366
0.0218358
0.0218344
0.0218294
0.0218296
0.0218356
0.0218316
0.0218345
0.021735
0.0223015
0.0209591
0.0209311
0.0218812
0.0217336
0.0217874
0.0217962
0.0218008
0.021798
0.0218194
0.021805
0.0218074
0.0218013
0.0218144
0.0218037
0.0218084
0.0218239
0.0218225
0.0218133
0.0219538
0.0225381
0.0228973
0.0202261
0.0209833
0.0211288
0.0212682
0.0217319
0.0216721
0.0217825
0.021458
0.0216001
0.0217015
0.0215231
0.0216165
0.0216527
0.0218001
0.0216857
0.0219824
0.0202726
0.0204862
0.0220458
0.0217161
0.0218094
0.0215882
0.0216681
0.021767
0.0216524
0.0216623
0.0216667
0.0216836
0.0218093
0.0217633
0.0217744
0.0217828
0.0217918
0.0218034
0.021788
0.0219372
0.0202667
0.0221293
0.0215499
0.021589
0.021685
0.0218022
0.0217692
0.0217658
0.0217576
0.0217775
0.0217783
0.021766
0.0217994
0.021772
0.0217977
0.0217928
0.0217966
0.0217999
0.0218136
0.0217984
0.0217894
0.0217912
0.0218034
0.0217927
0.0218015
0.0218175
0.0218094
0.000672061
0.0176456
0.0213935
0.0215402
0.0218631
0.0220436
0.0219385
0.02188
0.0219031
0.0218323
0.0218413
0.0218664
0.0218278
0.0218652
0.021863
0.021836
0.0218585
0.0218536
0.0218543
0.0218547
0.0235733
0.0219804
0.0211451
0.0196222
0.0221263
0.0215263
0.0217434
0.021731
0.0216625
0.0217513
0.021706
0.021743
0.0218009
0.0217606
0.0217561
0.021773
0.0217539
0.0217576
0.021759
0.0215033
0.0256281
0.0215338
0.0217651
0.0223895
0.0222003
0.0220541
0.0218788
0.0217445
0.0217977
0.0219481
0.0218866
0.0218678
0.0218314
0.0218618
0.0218548
0.0218746
0.0218565
0.0218543
0.021852
0.0218658
0.021843
0.0218528
0.0218586
0.0218525
0.0218537
0.0218556
0.0218379
0.0218504
0.0218232
0.0218439
0.0218475
0.021839
0.0218476
0.0218368
0.0218374
0.0218429
0.0218446
0.021831
0.0218418
0.0218393
0.0218413
0.0218289
0.0218273
0.021842
0.0218281
0.0218406
0.0218408
0.0218367
0.0218326
0.0218284
0.0218319
0.0218285
0.0218306
0.0218257
0.0218356
0.0222
0.0159961
0.0195285
0.0214714
0.0213168
0.0214228
0.0216728
0.0217869
0.0111094
0.0227044
0.0221457
0.0220616
0.0219369
0.021717
0.0216949
0.0217465
0.0217959
0.0217766
0.0217742
0.0217773
0.0217972
0.0217779
0.0217776
0.0218139
0.0217878
0.0217939
0.0217852
0.0218055
0.0218053
0.0218162
0.0217962
0.0217987
0.0218183
0.0218083
0.0218008
0.0218091
0.0218026
0.0218136
0.0220708
0.0223532
0.0192684
0.0215212
0.0216109
0.021619
0.0216052
0.0217245
0.0217436
0.0217939
0.0217943
0.0217696
0.0218066
0.0217889
0.0218291
0.0217885
0.0218123
0.0218069
0.021807
0.0218012
0.0217896
0.0218105
0.0217889
0.021791
0.021795
0.0218135
0.0218151
0.0217974
0.0217986
0.0218064
0.0218195
0.0218002
0.021818
0.0218131
0.0218066
0.0218062
0.0218047
0.0218074
0.0218216
0.0218217
