0.0215012
0.01793
0.020535
0.0229656
0.0224003
0.0246322
0.0237774
0.0243927
0.0250501
0.0251573
0.025066
0.0250653
0.0250594
0.02506
0.0250606
0.0250623
0.0250621
0.025061
0.0250567
0.0250551
0.025052
0.0250604
0.0250552
0.0250576
0.0250491
0.0250602
0.0250576
0.0250571
0.025056
0.0250594
0.0250585
0.0250533
0.0250577
0.0250552
0.0250513
0.0250503
0.0250527
0.0250498
0.0250514
0.0250532
0.0250546
0.0250521
0.0250542
0.0250496
0.0250522
0.0250551
0.0250506
0.025055
0.0250541
0.0250526
0.0250522
0.0250514
0.0250521
0.0250525
0.0250509
0.0260595
0.025659
0.0254084
0.0252435
0.0253539
0.0251622
0.0251909
0.0252163
0.0251656
0.0250383
0.0250202
0.0251229
0.0251057
0.0250546
0.0250276
0.025147
0.0251328
0.025137
0.0251034
0.0251285
0.0251176
0.025034
0.0250416
0.0250805
0.0251094
0.0251002
0.0250421
0.0250845
0.0250834
0.0250702
0.0250441
0.0250854
0.0250765
0.025069
0.0250775
0.0250814
0.0250654
0.0250795
0.0250685
0.025073
0.0250744
0.0250661
0.0250464
0.0250688
0.0250522
0.0250623
0.0250659
0.0243668
0.0249995
0.025025
0.0249483
0.0249067
0.0248917
0.0250057
0.0250042
0.0249741
0.0250198
0.024978
0.0249763
0.0249798
0.0249843
0.0249861
0.0250265
0.02502
0.0250576
0.0250412
0.0250666
0.0250462
0.0250481
0.0250161
0.0250642
0.0250221
0.0250247
0.0250282
0.0250274
0.0250299
0.0250586
0.0250553
0.0250448
0.0250347
0.0250571
0.0250354
0.0250554
0.0246755
0.0250297
0.02504
0.0250048
0.0249851
0.0249619
0.0250281
0.0250186
0.0250126
0.025029
0.0250138
0.0250128
0.0250111
0.0250123
0.0250159
0.0250369
0.0250295
0.0250549
0.0250447
0.0250614
0.0250477
0.0250488
0.025029
0.0250599
0.0250319
0.0250342
0.0250355
0.0250358
0.0250366
0.0250559
0.0250536
0.0250466
0.0250396
0.0250549
0.0250405
0.0250537
0.0235096
0.0246329
0.024643
0.024819
0.0247011
0.0249157
0.0249873
0.0249655
0.024915
0.0248973
0.0249392
0.024932
0.0249379
0.0249143
0.0249597
0.0250264
0.0250076
0.0249525
0.0249781
0.0249832
0.0250198
0.0249778
0.0250294
0.0249823
0.024984
0.0249964
0.0249965
0.0249993
0.0250127
0.0248841
0.0250387
0.0250387
0.0249981
0.0250137
0.0250392
0.0250201
0.0250288
0.0250309
0.025029
0.0250581
0.0250467
0.0250446
0.0250433
0.0250349
0.0250336
0.0250427
0.0250509
0.0250459
0.0250362
0.0250492
0.0250396
0.0250405
0.0250422
0.0250424
0.0250437
0.0250446
0.0250468
0.0250437
0.0250467
0.0250453
0.0250432
0.0250534
0.0250493
0.025044
0.0250507
0.0250481
0.0245387
0.0248965
0.0246536
0.0248891
0.0247258
0.0247128
0.0248287
0.0248817
0.0248797
0.0249232
0.024913
0.0250467
0.0249098
0.0249686
0.0249383
0.024918
0.0250146
0.0249448
0.0250265
0.0249547
0.0250079
0.0250185
0.0250511
0.0249897
0.0249989
0.0250583
0.0250269
0.0250134
0.0249916
0.0250157
0.0250602
0.0250563
0.0250098
0.0250265
0.02504
0.0250173
0.0250236
0.0250378
0.0251938
0.0250728
0.0250627
0.0250646
0.0250494
0.0250691
0.025059
0.0250531
0.0250496
0.0250579
0.0250577
0.0250581
0.0250598
0.0250608
0.0250585
0.0250486
0.0250598
0.0250589
0.0250579
0.0250545
0.0250578
0.0250565
0.0250503
0.0250515
0.0250568
0.0250555
0.0250494
0.0250563
0.025053
0.025054
0.0250545
0.0250545
0.0250551
0.0250542
0.0250541
0.0250539
0.0250499
0.0250487
0.0250524
0.0250523
0.0250521
0.0250537
0.0250535
0.0250518
0.0250508
0.0250535
0.0250535
0.025052
0.0249821
0.0249469
0.0246645
0.0249519
0.0247501
0.0250409
0.0248015
0.0248962
0.02489
0.024899
0.0248788
0.0250454
0.0249531
0.0250134
0.0249578
0.0249598
0.0249886
0.0249509
0.0250137
0.0249143
0.0238357
0.024655
0.0242026
0.0245522
0.0244613
0.0250376
0.0248497
0.0250648
0.0248839
0.0250128
0.0246507
0.0246937
0.0246983
0.0248506
0.0249089
0.0249849
0.0247999
0.0248868
0.0250111
0.0249715
0.0248683
0.0249502
0.0250354
0.0248922
0.0250023
0.0249377
0.0250161
0.0249378
0.0250501
0.0250648
0.0250514
0.0250598
0.025058
0.025054
0.0250657
0.0250546
0.0250616
0.0250528
0.0250553
0.0250625
0.0250576
0.0250609
0.0250451
0.0250576
0.0250589
0.0250594
0.0250575
0.025058
0.025057
0.025058
0.0250575
0.0250567
0.0250559
0.0250531
0.0250531
0.025056
0.0250501
0.0250531
0.0250557
0.0250475
0.0250534
0.0250499
0.0250538
0.0250548
0.0250547
0.0250476
0.0250537
0.0250529
0.0250534
0.025052
0.0250529
0.0250534
0.0250498
0.0250517
0.0250489
0.0250531
0.025053
0.0250501
0.0246392
0.0247737
0.0248781
0.0250471
0.0249436
0.0249949
0.0249577
0.0249509
0.0250102
0.0249531
0.0249808
0.0249637
0.0249844
0.0250303
0.0249851
0.0249954
0.0250142
0.0250575
0.0250019
0.0250363
0.025039
0.0250006
0.0250082
0.0250147
0.0250059
0.0250082
0.0250059
0.0250477
0.0250093
0.0250547
0.0250359
0.0250205
0.0250497
0.0250274
0.0250177
0.0250338
0.0250313
0.025035
0.0202956
0.0213149
0.0227111
0.0227512
0.0232115
0.023563
0.0249863
0.0241113
0.0243143
0.0241387
0.0241364
0.0243784
0.0244095
0.0244531
0.0244791
0.0245435
0.0249168
0.0250501
0.0248979
0.0249407
0.0249663
0.0250023
0.0249614
0.0249731
0.0249721
0.0250151
0.0250119
0.0249739
0.0250633
0.0250189
0.0250154
0.0249879
0.0250084
0.0250486
0.025019
0.0250188
0.0250529
0.0250108
0.0250527
0.0250255
0.0250185
0.0250146
0.025037
0.0250392
0.0250232
0.025023
0.0250413
0.0250233
0.0250349
0.0250262
0.0250403
0.0250282
0.0250295
0.0240258
0.0245747
0.0248404
0.0249059
0.0248538
0.0247813
0.0246561
0.0249317
0.0248174
0.0247187
0.0248561
0.0249736
0.0248801
0.0250079
0.0248941
0.0249062
0.0248883
0.0249775
0.0248998
0.0249946
0.0249697
0.0249783
0.0249864
0.0249583
0.0250022
0.0250263
0.0249892
0.025011
0.0241665
0.0249392
0.0250415
0.0249594
0.0249839
0.0249989
0.0250602
0.0250119
0.0249915
0.0250022
0.0250039
0.0250133
0.0250247
0.0250069
0.0250068
0.0250309
0.025052
0.0250067
0.0250503
0.0250334
0.0250407
0.025016
0.0250205
0.0250381
0.0250267
0.0250416
0.0250245
0.0250474
0.0250308
0.0250296
0.0250349
0.0250333
0.0250389
0.0250434
0.0250343
0.0250469
0.0250424
0.0246798
0.0235473
0.023584
0.0234533
0.0248111
0.0248243
0.024447
0.0249863
0.0243875
0.0245167
0.0256514
0.0251662
0.0251096
0.025076
0.0251138
0.0251032
0.0250957
0.0250828
0.0250526
0.0250635
0.0250499
0.0250629
0.0250868
0.0250585
0.0250841
0.0250787
0.0250591
0.02507
0.0250469
0.0250741
0.0250747
0.025067
0.0250691
0.0250745
0.0250683
0.025062
0.0250556
0.025067
0.0250709
0.0250471
0.0250557
0.0250676
0.0250598
0.0250669
0.0250619
0.0250549
0.0250653
0.0250607
0.0250579
0.0250506
0.0250631
0.0250567
0.0250609
0.0250531
0.0250555
0.0250501
0.0250568
0.0239644
0.0246433
0.0244535
0.0241536
0.0240915
0.0249663
0.0244221
0.0247297
0.0244118
0.0245595
0.0249288
0.0246266
0.0245776
0.0246428
0.0247619
0.0249304
0.0247314
0.0250453
0.0249512
0.0248149
0.0217049
0.022493
0.0232815
0.0233898
0.0237485
0.0239746
0.0249987
0.0243468
0.0244873
0.0243626
0.0243614
0.0245347
0.0245561
0.0245875
0.024607
0.0246545
0.024943
0.0233548
0.018168
0.0191207
0.0205704
0.0245329
0.0225961
0.0236825
0.0228008
0.0234539
0.0245433
0.0238056
0.0241656
0.0240241
0.0243069
0.0242501
0.0245118
0.0242719
0.0249633
0.0255348
0.0250461
0.0250566
0.0250534
0.0251378
0.0250781
0.0251091
0.0250932
0.0250785
0.0250958
0.0250944
0.0250528
0.0250763
0.0250735
0.0250796
0.0250521
0.0250637
0.025084
0.0250831
0.0250651
0.0250813
0.0250802
0.0250772
0.0250657
0.0250677
0.0250536
0.025068
0.0250643
0.0250496
0.0250642
0.0250537
0.0250566
0.0250708
0.0250708
0.0250658
0.0250565
0.0250643
0.0250649
0.0250631
0.0250627
0.0250648
0.0250655
0.0250648
0.0250649
0.0250628
0.0250475
0.0250556
0.0250594
0.0250513
0.0228412
0.0232821
0.0243969
0.024497
0.0242523
0.0244272
0.024814
0.0245489
0.0246973
0.0246929
0.0247327
0.0249185
0.0247363
0.0247664
0.0249698
0.0247905
0.0248248
0.0248465
0.0248686
0.0248451
0.0248667
0.0246585
0.0246884
0.0247229
0.0248299
0.0247543
0.0247709
0.0248031
0.024922
0.0249817
0.0248962
0.0248885
0.0249381
0.0249286
0.0249164
0.0250122
0.0249265
0.024939
0.0225141
0.0228613
0.0233606
0.0238497
0.0239573
0.0243699
0.0244076
0.0241519
0.0249071
0.0243576
0.0246965
0.0244351
0.0249851
0.0249092
0.0247103
0.0246461
0.0247229
0.0247973
0.0247849
0.0249115
0.0250224
0.0249431
0.0248709
0.024891
0.024952
0.0250336
0.0249838
0.0249067
0.0249529
0.0249389
0.0249291
0.0250414
0.0250165
0.0250273
0.0249561
0.0250224
0.0250171
0.0250252
0.0250111
0.0250021
0.0250129
0.0250334
0.0249873
0.0250105
0.0250312
0.0250156
0.0233386
0.0235099
0.0219746
0.0218983
0.024992
0.0234828
0.0229709
0.0232423
0.0235562
0.0246192
0.0244767
0.0247927
0.024248
0.0249535
0.0243924
0.0246878
0.0246145
0.0244932
0.0249993
0.0249516
0.0190195
0.0202868
0.0229017
0.023064
0.024184
0.0231091
0.0233498
0.0236511
0.023475
0.023652
0.0243335
0.0238719
0.0245614
0.0245147
0.0248004
0.0244904
0.0245914
0.0243748
0.0249096
0.0252827
0.025144
0.0250553
0.0250745
0.0250683
0.0250619
0.0250832
0.0250756
0.0250802
0.0250879
0.0250853
0.0250763
0.0250775
0.0250746
0.0250757
0.0250789
0.0250678
0.0250736
0.0250727
0.0250765
0.0250498
0.0250645
0.0250604
0.0250564
0.0250692
0.0250496
0.0250652
0.0250654
0.0250639
0.025063
0.0250648
0.0250695
0.0250686
0.0250677
0.0250535
0.0250465
0.0250571
0.0250586
0.0250658
0.0250592
0.0250577
0.0250619
0.0250561
0.0250547
0.0250536
0.0250632
0.0250625
0.0250533
0.0250621
0.0250617
0.0250579
0.0250598
0.0250602
0.0250559
0.0250498
0.0250528
0.0250547
0.0242197
0.023
0.0233907
0.0239725
0.0247188
0.0242936
0.0244561
0.0243502
0.0245875
0.0244844
0.0248462
0.0250374
0.0247685
0.0248862
0.0248383
0.0248431
0.0249741
0.0248873
0.0248475
0.0248617
0.0248809
0.0249147
0.0249644
0.0249397
0.0249488
0.0250294
0.0249516
0.0250162
0.0249844
0.0249467
0.0249789
0.0249627
0.0250286
0.0249722
0.0250046
0.0250162
0.0250111
0.0250184
0.0250266
0.024866
0.0250483
0.0250402
0.0249455
0.0249708
0.0249879
0.0249879
0.0249922
0.025061
0.0250426
0.0249845
0.0249947
0.0250311
0.0249939
0.0249947
0.024998
0.0250408
0.0250157
0.0250522
0.0250122
0.0250152
0.0250115
0.0250115
0.0250155
0.0250425
0.0250548
0.025042
0.025038
0.0250203
0.0250275
0.0250213
0.0250235
0.0250547
0.0250339
0.0250427
0.0250513
0.0250286
0.0250387
0.0250359
0.0250418
