0.0234931
0.020774
0.0221642
0.0234404
0.0249078
0.0242262
0.0245407
0.0243092
0.0247192
0.0255523
0.0255987
0.0255523
0.0255601
0.0255662
0.0255629
0.0255612
0.0255618
0.0255658
0.0255645
0.0255608
0.0255633
0.025564
0.0255626
0.0255632
0.025563
0.025561
0.0255622
0.0255582
0.0255566
0.0255545
0.0255538
0.02556
0.025556
0.0255582
0.0255595
0.0255537
0.0255602
0.0255586
0.0255597
0.0255533
0.0255585
0.0255575
0.0255583
0.0255568
0.0255568
0.0255576
0.0255578
0.0255532
0.0255546
0.0255572
0.0255569
0.0255537
0.0255571
0.0255558
0.0255564
0.0255526
0.0255525
0.0255561
0.0255523
0.0260947
0.0255598
0.0256784
0.0256495
0.0257558
0.02562
0.0256773
0.0256751
0.0256519
0.0256787
0.025561
0.0256623
0.0256351
0.0256597
0.0255737
0.0256024
0.025576
0.0256209
0.0256066
0.0255576
0.0256007
0.0255699
0.0255928
0.02555
0.0255548
0.0256012
0.0255482
0.0255991
0.0255681
0.0255628
0.0255896
0.0255574
0.0255674
0.0255552
0.0255624
0.0255781
0.0255676
0.0255725
0.0255788
0.0255774
0.0255576
0.0255631
0.0255598
0.0255668
0.0255704
0.0255711
0.0255677
0.025564
0.0226066
0.0255523
0.0252116
0.025523
0.0254972
0.0254772
0.0254874
0.0254776
0.0254774
0.0254841
0.0254855
0.0255194
0.0254912
0.0255281
0.0255186
0.0255007
0.0255518
0.0255255
0.0255164
0.025556
0.0255216
0.0255473
0.0255274
0.0255221
0.0255446
0.0255419
0.0255265
0.0255335
0.0255549
0.0255478
0.0255354
0.0255473
0.025536
0.0255396
0.0255546
0.0255371
0.0255461
0.025541
0.0237003
0.0255523
0.0254006
0.0255405
0.0255185
0.0255182
0.0255136
0.0255191
0.0255173
0.0255196
0.0255175
0.0255316
0.0255212
0.0255366
0.0255315
0.0255238
0.0255519
0.0255364
0.0255316
0.0255549
0.0255343
0.025549
0.0255373
0.0255343
0.0255472
0.0255452
0.0255363
0.0255401
0.0255541
0.0255492
0.0255413
0.025549
0.0255417
0.0255439
0.0255539
0.0255424
0.0255481
0.0255448
0.0228125
0.024588
0.024978
0.0254499
0.0253212
0.0253753
0.0254359
0.0255207
0.0253777
0.0254899
0.0254213
0.0254108
0.0255088
0.025431
0.0255453
0.0254665
0.0254659
0.0254501
0.0255412
0.0254927
0.0254886
0.0255004
0.0255071
0.0254948
0.0255375
0.02549
0.0254969
0.0255041
0.0255315
0.0255523
0.0255523
0.0255517
0.0255054
0.0255456
0.0255388
0.0255349
0.0255367
0.0255344
0.0255376
0.025554
0.0255373
0.0255414
0.0255364
0.0255369
0.0255427
0.0255504
0.02554
0.0255415
0.0255519
0.0255488
0.0255448
0.0255422
0.0255452
0.0255488
0.0255455
0.0255459
0.0255501
0.0255453
0.0255503
0.0255462
0.0255494
0.0255467
0.0255465
0.0255462
0.0255475
0.0255468
0.0255491
0.0255486
0.0242294
0.0245767
0.0251025
0.0252574
0.0254422
0.0255268
0.025377
0.0255314
0.0254013
0.0253843
0.0254928
0.0255447
0.0254831
0.0255357
0.0254215
0.0255324
0.0255332
0.0254457
0.0255186
0.025485
0.0255089
0.0254922
0.0255271
0.0255404
0.0254811
0.0254912
0.0255278
0.0254939
0.0255216
0.0255136
0.0254989
0.0255211
0.0255234
0.025542
0.0255294
0.0255211
0.0255214
0.0255207
0.0255313
0.0261024
0.0255682
0.0255559
0.0255815
0.0255824
0.0255558
0.0255656
0.0255605
0.0255618
0.0255624
0.0255612
0.0255564
0.0255607
0.0255614
0.0255607
0.0255596
0.0255606
0.0255601
0.0255596
0.0255593
0.0255582
0.0255595
0.025559
0.0255523
0.0255538
0.0255551
0.0255587
0.025554
0.0255571
0.0255534
0.0255573
0.0255576
0.0255573
0.0255555
0.0255534
0.0255534
0.025556
0.0255547
0.0255562
0.0255527
0.025556
0.0255548
0.0255553
0.0255557
0.0255534
0.0255548
0.0255551
0.0255547
0.0235961
0.0251412
0.0252181
0.0250847
0.025367
0.0253587
0.0253107
0.0252819
0.0253111
0.0254307
0.0253558
0.0254097
0.0253972
0.0255145
0.0254061
0.0255349
0.0254333
0.0254579
0.025463
0.0227817
0.0227589
0.0243398
0.0248174
0.0252071
0.0249637
0.0254949
0.0251081
0.0250819
0.0254653
0.0252011
0.0251386
0.0252861
0.0254459
0.0253587
0.0253642
0.0252866
0.0253235
0.0253422
0.0253861
0.025392
0.0254147
0.0253793
0.0254466
0.0254074
0.0254031
0.0255056
0.025464
0.0254396
0.0262354
0.0255951
0.0255659
0.0255625
0.0255583
0.0255554
0.0255586
0.0255622
0.025559
0.0255577
0.0255591
0.0255593
0.0255595
0.0255585
0.0255595
0.0255558
0.0255549
0.0255548
0.0255572
0.0255571
0.0255587
0.0255582
0.0255582
0.0255559
0.0255548
0.0255559
0.0255552
0.0255569
0.0255572
0.0255536
0.0255526
0.0255552
0.0255542
0.0255544
0.025555
0.0255553
0.025556
0.0255558
0.0255554
0.025553
0.025553
0.0255553
0.0255542
0.0255517
0.0255524
0.0255523
0.0255518
0.0255539
0.0255536
0.0255523
0.0255523
0.0255521
0.0255333
0.0254159
0.0254354
0.0254283
0.0254404
0.0254515
0.0255352
0.0254587
0.0254735
0.0255005
0.0255104
0.0254854
0.0255318
0.0255254
0.0255136
0.0255434
0.0255005
0.025553
0.0255382
0.0255117
0.0255069
0.0255313
0.0255255
0.0255403
0.025551
0.0255381
0.0255306
0.0255204
0.0255244
0.0255289
0.0255238
0.0255221
0.025543
0.0253378
0.022615
0.024547
0.0239193
0.0252081
0.0238967
0.0241333
0.0248247
0.0244507
0.0247043
0.0245631
0.0248755
0.0251258
0.0248182
0.0248203
0.0251594
0.0254675
0.0251188
0.0251831
0.025129
0.0250207
0.0250893
0.0253293
0.0254134
0.0254915
0.0255377
0.0254729
0.0255404
0.0254823
0.0254766
0.0255188
0.025548
0.0255143
0.0255422
0.0254891
0.0255409
0.0255413
0.025499
0.0255334
0.0255167
0.0255276
0.0255201
0.025538
0.025545
0.0255147
0.0255195
0.0255383
0.0255208
0.0255346
0.0255303
0.0255232
0.0255344
0.0255356
0.0255461
0.0255389
0.0255347
0.0255346
0.0255343
0.02554
0.0253746
0.0254885
0.0251159
0.0252286
0.025062
0.0250961
0.0255004
0.0254144
0.0252413
0.0254195
0.0254886
0.0254319
0.0252775
0.0253488
0.0253795
0.0253919
0.0253983
0.0254776
0.0254663
0.0254092
0.0255521
0.0254877
0.0255361
0.0254688
0.0255365
0.025469
0.0254856
0.0255523
0.0255523
0.0253617
0.0253842
0.0255243
0.0254915
0.0254921
0.0254953
0.0255008
0.0255322
0.0255006
0.0255028
0.0255025
0.0255171
0.0255318
0.025512
0.0255272
0.0255434
0.0255435
0.025516
0.0255171
0.0255256
0.0255409
0.0255282
0.0255327
0.0255513
0.0255351
0.0255425
0.0255403
0.0255495
0.0255403
0.0255319
0.0255481
0.0255364
0.0255371
0.0255453
0.0255409
0.0255447
0.0255414
0.0255395
0.000998068
0.0239611
0.0240684
0.0253499
0.0241655
0.0247446
0.0245088
0.0250439
0.0252473
0.0253731
0.0255523
0.0255899
0.0257665
0.0256341
0.0255656
0.0255596
0.0255851
0.0255904
0.0255909
0.02557
0.0255855
0.025586
0.0255779
0.0255807
0.025559
0.0255839
0.0255831
0.0255636
0.0255793
0.0255747
0.0255664
0.0255759
0.0255738
0.0255782
0.0255515
0.0255671
0.0255708
0.0255705
0.0255746
0.0255559
0.0255635
0.0255552
0.0255596
0.0255696
0.025557
0.0255569
0.0255682
0.0255667
0.0255537
0.0255645
0.0255605
0.0255594
0.0255656
0.025565
0.0255635
0.0255529
0.025554
0.0255615
0.0255625
0.0255387
0.0253869
0.0252999
0.0248527
0.0248358
0.0250995
0.025444
0.0252319
0.0251858
0.0249376
0.0249891
0.025449
0.0251683
0.0252666
0.0252251
0.0253469
0.0253532
0.0254196
0.0253461
0.0254199
0.0232732
0.024915
0.0244949
0.0252789
0.0243806
0.0245234
0.0249951
0.0247364
0.0249106
0.0248121
0.0250334
0.0252184
0.0249909
0.024992
0.0252438
0.025484
0.025212
0.0252606
0.0252191
0.0255507
0.014793
0.0224942
0.0234746
0.0220733
0.0224428
0.0226756
0.022805
0.0246099
0.0236432
0.0253129
0.0244707
0.0243634
0.0248837
0.0245688
0.02443
0.0248691
0.0247873
0.0254377
0.0249484
0.0255523
0.0260977
0.0257801
0.0256841
0.0256786
0.0256184
0.0255787
0.0255885
0.0255593
0.0255537
0.0255815
0.025559
0.0255888
0.025566
0.0255782
0.0255723
0.025585
0.025578
0.0255725
0.0255799
0.0255814
0.0255627
0.0255705
0.025559
0.0255729
0.0255765
0.0255748
0.0255684
0.02557
0.0255583
0.0255563
0.0255665
0.0255574
0.0255632
0.0255699
0.0255655
0.0255599
0.0255549
0.025553
0.0255657
0.0255582
0.0255665
0.0255667
0.025556
0.0255615
0.0255564
0.0255552
0.0255584
0.0210086
0.0255457
0.0245754
0.0250371
0.0252727
0.0251169
0.0251397
0.0251186
0.0254878
0.0249965
0.0253195
0.0251836
0.0251771
0.025223
0.0252548
0.0253035
0.0252905
0.0253049
0.0254092
0.0255013
0.0232807
0.025452
0.0252107
0.025221
0.0252216
0.0253613
0.025382
0.0252857
0.0253004
0.0253481
0.0253641
0.0255146
0.0254256
0.0254305
0.0254268
0.0254403
0.0254461
0.0250896
0.0240809
0.0248302
0.0251572
0.0254307
0.0244367
0.0246884
0.0250485
0.0247558
0.0248196
0.0252848
0.0249829
0.0252784
0.0250865
0.0255222
0.0253514
0.0251822
0.0252855
0.0252914
0.0244732
0.0255523
0.0251214
0.025342
0.0254396
0.0253991
0.0254434
0.0254015
0.0254007
0.0254854
0.0254971
0.0254144
0.0254524
0.0255197
0.0255203
0.0255406
0.0255109
0.0255316
0.025468
0.0254707
0.0254869
0.0255478
0.0255512
0.0254985
0.0255127
0.0255414
0.0255102
0.0255287
0.0255522
0.00490276
0.0214871
0.0222054
0.0248107
0.023393
0.0236972
0.025306
0.0252626
0.0245791
0.0255111
0.0252714
0.0255169
0.0254286
0.0251094
0.0249384
0.0250895
0.0251166
0.0255032
0.0139374
0.0254954
0.024725
0.0233072
0.0233686
0.0247985
0.0244934
0.025194
0.0252516
0.0249532
0.0244653
0.0245396
0.025474
0.0250776
0.0249336
0.0250838
0.0251345
0.0252099
0.0258165
0.0255523
0.0255523
0.0255989
0.0256585
0.0255722
0.0255816
0.025597
0.0255665
0.0255874
0.0255693
0.0255826
0.0255616
0.0255824
0.0255774
0.0255812
0.0255801
0.0255816
0.0255583
0.0255589
0.0255614
0.0255793
0.0255743
0.025571
0.025574
0.0255515
0.0255717
0.0255559
0.0255737
0.0255548
0.0255594
0.0255528
0.0255723
0.0255709
0.0255709
0.025554
0.0255679
0.0255625
0.0255537
0.0255673
0.0255585
0.0255605
0.0255638
0.0255526
0.0255599
0.0255623
0.025554
0.0255629
0.0255611
0.0255622
0.0255519
0.0255541
0.0255567
0.0255593
0.0255539
0.0255554
0.0255619
0.0255544
0.0255612
0.0226072
0.0235225
0.023954
0.0240264
0.0241305
0.0247295
0.0245158
0.0246528
0.0253757
0.0255523
0.0248663
0.0248332
0.0254119
0.0252662
0.0255106
0.0254266
0.0253426
0.025405
0.0254787
0.0254834
0.0254659
0.0254644
0.0254881
0.0254851
0.0254174
0.0254445
0.0254851
0.0255439
0.0254581
0.0255467
0.0255288
0.0255331
0.0254693
0.0254833
0.0255135
0.0255135
0.025496
0.0254924
0.0255107
0.0249778
0.0255454
0.0255523
0.0254105
0.0254839
0.0254685
0.0255014
0.0255241
0.0255074
0.0254945
0.0254939
0.025495
0.0255044
0.0254983
0.0255058
0.0255019
0.0255108
0.0255434
0.0255118
0.0255156
0.0255403
0.0255193
0.0255314
0.0255428
0.0255318
0.0255288
0.0255347
0.0255292
0.0255241
0.0255281
0.0255332
0.0255306
0.02553
0.0255481
0.0255467
0.0255339
0.0255403
