0.00461841
0.00932626
0.000698738
0.0114204
0.00446684
0.00572372
0.0099343
0.00610783
0.00663456
0.0083635
0.00820142
0.00805614
0.00830452
0.00853044
0.00857441
0.00862471
0.0081468
0.00825296
0.00840279
0.00857996
0.00817595
0.00848881
0.0082309
0.00822675
0.00846887
0.00835912
0.00847878
0.00829963
0.0084975
0.00827654
0.008245
0.00847424
0.00824059
0.0084861
0.00847134
0.00843721
0.00843888
0.00827532
0.00830141
0.00830244
0.00843755
0.00840956
0.00843077
0.00844658
0.00844144
0.00836556
0.00843948
0.00836263
0.00839106
0.00844587
0.0083574
0.00833501
0.00830308
0.00830507
0.00832806
0.00840645
0.00839449
0.00312262
0.00540653
0.0122764
0.00523017
0.005096
0.00541615
0.00563545
0.00617592
0.00650154
0.0107295
0.00825652
0.00648871
0.00663673
0.00648034
0.0101749
0.00994637
0.00738751
0.00731928
0.00690078
0.00933721
0.00849232
0.00866984
0.00959986
0.00870289
0.0071811
0.00729342
0.00937869
0.00944099
0.00917113
0.00867346
0.00873702
0.00930417
0.00926836
0.00909891
0.0090405
0.00777418
0.00786468
0.00784743
0.00767223
0.0088727
0.0089409
0.00816564
0.00804019
0.00782685
0.00781719
0.00783724
0.00784723
0.00803341
0.0085564
0.00400209
0.00993435
0.0083907
0.00503108
0.00685252
0.00710672
0.0055082
0.0108113
0.00743376
0.0081616
0.00635627
0.00996216
0.00683058
0.00748019
0.00696072
0.00792954
0.00895997
0.00784012
0.00849753
0.00900616
0.00940168
0.00899082
0.00821664
0.00869928
0.00750494
0.00783635
0.00754321
0.00913738
0.00762043
0.00877967
0.00810299
0.00774063
0.007743
0.00841691
0.00815227
0.0080086
0.00862657
0.00848545
0.00613942
0.00905672
0.00837607
0.00625148
0.0077028
0.0078172
0.00667027
0.00991569
0.00793312
0.0082687
0.00718513
0.00946607
0.00740524
0.00787507
0.00752218
0.00812858
0.00869722
0.00806739
0.00844023
0.00873787
0.00901613
0.00873775
0.00827723
0.00857048
0.00780066
0.00803627
0.00779473
0.00889582
0.00787005
0.00862832
0.00820099
0.00795191
0.00794659
0.00839869
0.0082276
0.00813207
0.00853599
0.00844394
0.00610032
0.0088044
0.00933838
0.00877547
0.0069243
0.00947629
0.00774611
0.00833231
0.0073175
0.0088888
0.00803013
0.00762463
0.00757235
0.00758692
0.00766681
0.0077103
0.00774858
0.00894271
0.00807868
0.00783525
0.00826257
0.00850022
0.00875745
0.00878143
0.00800995
0.00868087
0.00799597
0.00814379
0.00836424
0.00740472
0.00908761
0.00809446
0.00933114
0.00741014
0.00896625
0.00907865
0.00764637
0.00780196
0.00892661
0.00898667
0.00783981
0.0078438
0.00784404
0.00788187
0.00831766
0.00798213
0.00852311
0.00877507
0.00878311
0.0087254
0.00873781
0.00849232
0.00864818
0.00865205
0.00803596
0.00865851
0.00808265
0.00819087
0.00865413
0.00841475
0.00835482
0.00861167
0.00823361
0.00834642
0.00855362
0.00843368
0.00850564
0.00908902
0.00615386
0.0110582
0.0109052
0.0102178
0.00559664
0.0107668
0.00804086
0.00737671
0.00951275
0.0100437
0.00682942
0.00713604
0.00695181
0.00790563
0.0088423
0.00963217
0.00721565
0.00916284
0.00918284
0.00878686
0.00931566
0.00825435
0.00772409
0.00919466
0.00918753
0.00755058
0.00774213
0.00770019
0.00762969
0.00844585
0.00774021
0.00893989
0.00821974
0.00791268
0.00782223
0.00850637
0.00771183
0.00867318
0.0085145
0.00829716
0.00836993
0.00827017
0.00833803
0.00823871
0.00843975
0.00862199
0.00837889
0.00814951
0.00851769
0.00835851
0.00830384
0.0085311
0.00829551
0.00849983
0.00830933
0.0083781
0.00852843
0.00851253
0.008421
0.00822971
0.0082287
0.00824281
0.0084355
0.00837548
0.00835141
0.00829986
0.00834005
0.00825364
0.00844858
0.00829657
0.00840504
0.00836203
0.00841579
0.00827574
0.00846465
0.00844126
0.00827972
0.00828708
0.00832071
0.00829944
0.00844296
0.00836868
0.00830483
0.00842818
0.00843083
0.0083007
0.00650154
0.00656283
0.0072784
0.00727277
0.00750169
0.00836777
0.00774721
0.00770382
0.00774984
0.00875265
0.00788986
0.00805783
0.00840309
0.00839924
0.00806598
0.00808399
0.00815199
0.00836101
0.0086602
0.00441105
0.00882192
0.0108165
0.0098757
0.00578349
0.00575105
0.00586013
0.00615424
0.00799654
0.00697122
0.00970467
0.00940823
0.00810444
0.00936578
0.0092321
0.0078788
0.00884874
0.00920176
0.00734022
0.00743084
0.00891227
0.00751375
0.00803457
0.00908103
0.00758992
0.00770771
0.00877048
0.00739799
0.00836591
0.00793385
0.00859763
0.00840829
0.00831468
0.00831283
0.00832521
0.00871064
0.00876279
0.0083265
0.0080499
0.00868095
0.00852962
0.00856028
0.00809986
0.00856214
0.00848496
0.00854763
0.00819974
0.00845565
0.00855623
0.0085586
0.00837277
0.00817795
0.00857479
0.00827377
0.00822564
0.0081764
0.00827871
0.00854401
0.0084493
0.00833501
0.00849752
0.00843767
0.00833209
0.00846995
0.00846865
0.00837046
0.00822089
0.00831157
0.00848657
0.00833495
0.00848717
0.00841077
0.00840759
0.00842169
0.00843367
0.00846217
0.00592825
0.00645523
0.00786044
0.00710729
0.00675108
0.00800644
0.00689275
0.00705603
0.00855019
0.00936596
0.0088746
0.00755229
0.00757474
0.00882721
0.00777302
0.00788731
0.00910814
0.00850767
0.00764073
0.0076604
0.00900199
0.00812153
0.00802459
0.00827627
0.00837639
0.00797132
0.00885752
0.00790953
0.00827471
0.008137
0.00875022
0.00826377
0.00814866
0.00855028
0.00835308
0.00840919
0.0080265
0.00810672
0.00846945
0.00484367
0.00777216
0.00749672
0.00621204
0.00511087
0.00492872
0.00918249
0.0103445
0.0102276
0.00735616
0.00623739
0.0089708
0.00698363
0.00879142
0.00712511
0.00732442
0.00729738
0.00867991
0.00738029
0.00976837
0.00967017
0.00924493
0.00685021
0.00978717
0.00823061
0.00792577
0.00892332
0.00940178
0.00758536
0.00772378
0.00755752
0.00813966
0.00860877
0.00911501
0.00764661
0.00879568
0.00881163
0.00859235
0.00895357
0.00830783
0.00800555
0.0088714
0.0088724
0.00787962
0.00800615
0.00797616
0.00791209
0.00841263
0.00797975
0.008717
0.00828252
0.00809815
0.00802899
0.00844873
0.00133977
0.0102061
0.00843277
0.0106253
0.0106513
0.0108396
0.00607127
0.00579631
0.0104889
0.00613331
0.00638011
0.00978275
0.00717746
0.0074284
0.00704971
0.0085471
0.00801467
0.00718374
0.00944888
0.00727291
0.00817128
0.00748976
0.00830977
0.00894519
0.0090903
0.00761731
0.0090008
0.00870412
0.00774331
0.00899459
0.00697624
0.00766708
0.00704756
0.00874072
0.00937225
0.00893512
0.00865438
0.00920685
0.00844371
0.00882996
0.00811091
0.00773156
0.00850375
0.0077312
0.00842583
0.00784511
0.00833044
0.00804566
0.0081619
0.00798255
0.00872557
0.00817303
0.00877264
0.00845936
0.00826884
0.00871281
0.00860335
0.00852468
0.00859693
0.00863139
0.00837813
0.0082197
0.00863704
0.0082318
0.0068698
0.00487094
0.00530652
0.00590319
0.00615913
0.00983639
0.00935456
0.00710125
0.00751723
0.0083662
0.00861474
0.00901359
0.00909971
0.00863077
0.00764833
0.00880328
0.00898695
0.00787554
0.00864088
0.00881679
0.00828945
0.00808347
0.00849693
0.0088046
0.00874923
0.00826788
0.00829682
0.0082306
0.00858137
0.00812379
0.00850282
0.00805515
0.00852902
0.0086169
0.00811766
0.00809639
0.00857061
0.00859371
0.00853505
0.00813144
0.00856902
0.00847531
0.0082068
0.00848739
0.00815627
0.00851314
0.00823792
0.00838045
0.00853973
0.00829648
0.00846975
0.00825415
0.00822228
0.00826508
0.00826872
0.00790516
0.00816824
0.0102006
0.00643053
0.00741022
0.00861678
0.00817521
0.00941948
0.0097733
0.00972282
0.00689097
0.00940607
0.00928076
0.00893168
0.00908627
0.0075341
0.00780019
0.00883253
0.00608884
0.00799329
0.00778501
0.00691665
0.0061093
0.00570467
0.00895707
0.00993687
0.00984604
0.00761919
0.00675014
0.00883275
0.00726059
0.0086996
0.00738069
0.00752442
0.0075094
0.00667786
0.00583707
0.00170209
0.00834375
0.0113934
0.00172317
0.00241642
0.00401022
0.0102567
0.00731378
0.00509089
0.00515237
0.00656502
0.00608563
0.00854963
0.00916285
0.00656209
0.00659828
0.00914495
0.00686354
0.00836621
0.00987853
0.00831561
0.00930178
0.00926583
0.00843292
0.00852154
0.00912716
0.00765051
0.00840188
0.00898436
0.00895231
0.00890917
0.00785669
0.00878274
0.00788425
0.0080067
0.00856022
0.008268
0.00794831
0.00874942
0.00798951
0.00871838
0.00864431
0.00824905
0.00841145
0.00869623
0.00834703
0.00866719
0.00863489
0.00821423
0.00864524
0.00809883
0.00862367
0.00813701
0.00845113
0.00855325
0.00816726
0.00852994
0.00848847
0.00855714
0.00856606
0.00854593
0.00855346
0.00834398
0.00826226
0.00849509
0.00832764
0.00836618
0.00792794
0.0101634
0.00821957
0.00611662
0.0100872
0.00995745
0.00670214
0.00656517
0.00728162
0.00941978
0.00717211
0.00939927
0.00933618
0.00734941
0.0081755
0.00851251
0.0083662
0.00785559
0.00933816
0.00910744
0.00749093
0.00763775
0.00894356
0.00759706
0.00846469
0.00886528
0.0088659
0.00838933
0.0086733
0.00862839
0.00872011
0.00838444
0.00803495
0.00802942
0.00821305
0.00836618
0.0125881
0.0046667
0.00660774
0.00512056
0.00935798
0.00978545
0.00639882
0.00824842
0.00917066
0.00690356
0.00711692
0.00782404
0.00763836
0.00745412
0.00741852
0.00792502
0.00762759
0.00858862
0.00522496
0.00657883
0.00755066
0.00859598
0.00934331
0.0086414
0.00796222
0.00733237
0.00747508
0.00827969
0.00761732
0.00771199
0.00766238
0.00879775
0.00890825
0.0079406
0.00807512
0.00828443
0.00814209
0.00816111
0.00878913
0.00868967
0.0084007
0.00800352
0.00835605
0.00861777
0.00806888
0.000910079
0.00398782
0.00630284
0.00267106
0.00719021
0.0116289
0.00476026
0.0104576
0.00825902
0.00828415
0.00584445
0.00635579
0.0070878
0.00635396
0.00965297
0.00904072
0.00730143
0.00709299
0.00939349
0.00211452
0.00813192
0.00832192
0.0117324
0.0103803
0.00444863
0.0108418
0.00686341
0.0103119
0.00596479
0.00602812
0.00987577
0.00966117
0.00693321
0.00701496
0.00754587
0.00796448
0.00713867
0.0083662
0.00836908
0.00836601
0.00924557
0.00903661
0.00807403
0.00864016
0.0089543
0.00867105
0.00853651
0.0085249
0.00841426
0.00797708
0.00883037
0.00834994
0.00845872
0.00801021
0.00798751
0.00873656
0.00848951
0.00861442
0.00871111
0.00804982
0.00853301
0.00868425
0.00862197
0.00854938
0.00814743
0.00853431
0.00863714
0.00849823
0.00816884
0.00830966
0.00839148
0.00847807
0.00824706
0.00818844
0.00816413
0.00843907
0.00818125
0.00842122
0.00851269
0.00824909
0.00854705
0.00819006
0.00850332
0.00853865
0.00821511
0.00824747
0.00845889
0.00850001
0.00839106
0.00831484
0.00824755
0.00850321
0.00839824
0.00845562
0.00849558
0.00829929
0.00758605
0.00730113
0.00529779
0.00689604
0.00755346
0.00892709
0.00774523
0.00775575
0.00740433
0.0083662
0.0082252
0.00764921
0.00925074
0.00895698
0.0082005
0.00948827
0.00716607
0.00729776
0.00802396
0.00849822
0.00744419
0.00912755
0.00749599
0.00807775
0.00771917
0.00779012
0.0082103
0.00796703
0.0080036
0.00883153
0.00796879
0.00882341
0.00862714
0.00797707
0.00876957
0.00875039
0.0083662
0.0102795
0.00893005
0.00832911
0.00714978
0.00920362
0.00753874
0.00851438
0.00762766
0.00868638
0.00904342
0.00798344
0.00782459
0.00777261
0.00788299
0.00785521
0.00827705
0.00882154
0.00876738
0.00838827
0.00878015
0.00861576
0.00803695
0.00872558
0.0080019
0.00856146
0.00812379
0.00854861
0.00803597
0.00810132
0.00823384
0.00840911
0.00861663
0.00819564
0.00860217
0.00833141
