0.00909911
0.0202945
0.0249138
0.0217612
0.0215994
0.0229856
0.0250137
0.0232425
0.0239776
0.024622
0.0248168
0.0246463
0.0245369
0.0245256
0.0247026
0.0247091
0.0246995
0.0246877
0.0246785
0.0245538
0.0246171
0.024582
0.0246794
0.0246728
0.0245785
0.0245768
0.0245757
0.0246664
0.0246684
0.0246569
0.0246531
0.0246341
0.0245973
0.0246582
0.0246569
0.0246545
0.0246572
0.0245877
0.0246564
0.0246283
0.0246544
0.0246543
0.0246005
0.0246354
0.0246486
0.0246253
0.0246489
0.0246175
0.0246101
0.0246025
0.0246118
0.0245997
0.0246002
0.0246436
0.0246427
0.024642
0.0246264
0.025739
0.0266645
0.0246065
0.0260371
0.0236067
0.024276
0.0253714
0.0254272
0.0239258
0.0253217
0.0252906
0.0252543
0.0252041
0.0252874
0.0252101
0.024119
0.0251892
0.0251206
0.0244176
0.0245891
0.0242491
0.0247908
0.0243724
0.0250218
0.0250093
0.0249841
0.024705
0.0243393
0.0246578
0.0249332
0.0243495
0.0246849
0.0247543
0.0243725
0.0248851
0.0244796
0.0248544
0.0248128
0.0248233
0.0244556
0.0244685
0.0244968
0.0246653
0.0248062
0.0245024
0.0246686
0.0245202
0.0247105
0.0262883
0.0259221
0.0256977
0.0234493
0.025377
0.0253719
0.0247925
0.0240233
0.0248489
0.0249259
0.0249658
0.0241045
0.0251015
0.0250898
0.025026
0.0249249
0.0250178
0.0243903
0.0242495
0.0249724
0.0248097
0.02457
0.0245703
0.0249147
0.0247442
0.0243244
0.0248955
0.0243781
0.024769
0.0247349
0.0247476
0.0247539
0.0247917
0.0244169
0.0247766
0.0244612
0.0244508
0.0244577
0.024499
0.0244766
0.0255448
0.0253612
0.0253061
0.0239004
0.0250543
0.0250711
0.0246963
0.0242068
0.0247282
0.0247672
0.0247994
0.0242714
0.0249309
0.024924
0.0248629
0.0247941
0.0248722
0.0244921
0.0243996
0.0248616
0.0247335
0.0245911
0.0245912
0.0248209
0.0246962
0.0244266
0.0248117
0.0244525
0.0247155
0.0246933
0.0247023
0.0247067
0.024734
0.0244836
0.024725
0.0245156
0.024505
0.0245096
0.0245404
0.0245239
0.0243807
0.0246036
0.025067
0.0240512
0.0250647
0.0249821
0.0247013
0.0248741
0.0247459
0.0244038
0.0244456
0.0245635
0.0243186
0.024339
0.0248464
0.0243636
0.0246105
0.0244859
0.0245465
0.0247609
0.0244992
0.0247266
0.0245117
0.0246236
0.0244896
0.0246756
0.0244967
0.0246455
0.0247062
0.0237853
0.0245299
0.0248171
0.0249643
0.0248797
0.0247139
0.0248478
0.0245935
0.0244166
0.0248155
0.0247726
0.0247932
0.0244573
0.0245307
0.0247812
0.024779
0.0244852
0.0245702
0.0244953
0.024539
0.024547
0.024505
0.0245082
0.0246885
0.0247271
0.0245134
0.0245441
0.0246688
0.0246451
0.024662
0.0245765
0.0246588
0.0245432
0.0246702
0.0245562
0.0246602
0.0246475
0.0245648
0.0246142
0.0246861
0.0246268
0.0246792
0.025286
0.0245157
0.0245414
0.02393
0.0240924
0.0242523
0.0240327
0.0246856
0.0249654
0.0243504
0.0247076
0.0248377
0.0245391
0.0245421
0.0245974
0.0248767
0.0243652
0.0246405
0.0244769
0.0248046
0.0243259
0.0247923
0.0246488
0.0246215
0.0246941
0.0244211
0.0244158
0.024414
0.0244434
0.0247724
0.0246041
0.0245259
0.0246768
0.0246245
0.0244888
0.0245208
0.0247466
0.0246763
0.0246279
0.0245873
0.0246538
0.0245455
0.0246862
0.0245811
0.0245688
0.0246872
0.0246688
0.0246635
0.0246294
0.0245653
0.0246759
0.024675
0.0245965
0.0246713
0.0245817
0.0246162
0.0246475
0.0246507
0.0245834
0.024655
0.0246519
0.0246399
0.024658
0.0245904
0.0245906
0.0245943
0.0246005
0.0245945
0.0246418
0.0246163
0.0246496
0.0246446
0.0246048
0.0245996
0.0246347
0.0246214
0.0246454
0.0246039
0.0246021
0.0246379
0.0246364
0.0246136
0.0246133
0.0245685
0.0243567
0.0244758
0.0242267
0.0247905
0.0243817
0.0246368
0.0243795
0.0247315
0.02435
0.024338
0.0244159
0.0244364
0.0246662
0.0246653
0.0244877
0.024701
0.0245838
0.0244783
0.0245433
0.024376
0.0223917
0.0232637
0.024677
0.0237176
0.0236148
0.0243472
0.0246463
0.0238931
0.0247102
0.0250374
0.0250437
0.0246206
0.0250179
0.0249281
0.0244301
0.0242709
0.0246497
0.0248925
0.024883
0.0242974
0.0243276
0.0243743
0.024356
0.0247737
0.0245087
0.0246372
0.0244085
0.0246217
0.0248097
0.0249029
0.0245829
0.0246279
0.0245434
0.0247543
0.0245112
0.0245
0.0246034
0.0246929
0.024681
0.0245484
0.0245677
0.024607
0.0247116
0.0247071
0.0245487
0.0245421
0.0246924
0.0246921
0.0245505
0.0245517
0.02469
0.0246864
0.0245559
0.0245679
0.0245702
0.0246698
0.0246576
0.0246284
0.0245981
0.0246658
0.0246568
0.0246665
0.0246321
0.0246032
0.0246536
0.0246263
0.0246554
0.0246583
0.0246501
0.0246568
0.0246523
0.0246024
0.0246367
0.0246498
0.0245901
0.0246217
0.0245132
0.0246796
0.023904
0.0246533
0.0241535
0.0249779
0.0249271
0.0242225
0.0242309
0.024287
0.0247395
0.0248666
0.0243652
0.0247866
0.0243484
0.0246134
0.0243715
0.024395
0.024453
0.0247658
0.0244416
0.0247889
0.0247113
0.0244692
0.0244423
0.0244917
0.024721
0.0247495
0.0247564
0.0244879
0.0246736
0.0244965
0.0245095
0.0246898
0.0245361
0.0246897
0.0245244
0.0245233
0.0246199
0.0240093
0.0254907
0.0226165
0.0229263
0.0250567
0.0241553
0.0232466
0.0240728
0.0233333
0.0240549
0.0242376
0.0242729
0.0238742
0.0241092
0.0242581
0.0240986
0.0241122
0.0246185
0.024669
0.0246288
0.0246517
0.0250339
0.0245792
0.0245897
0.0242788
0.0243814
0.024453
0.024314
0.0246554
0.0248106
0.0244902
0.0246673
0.0247387
0.0245823
0.0245834
0.0246111
0.0247685
0.0244825
0.0246335
0.0245451
0.024727
0.0244498
0.0247221
0.0246381
0.0246228
0.0246641
0.0245058
0.0244998
0.0244948
0.0245104
0.0247144
0.0246123
0.0245665
0.0246548
0.0246217
0.0243728
0.0249061
0.0235897
0.0253882
0.0253253
0.0249822
0.0241287
0.0244531
0.0246936
0.0243561
0.0241079
0.0243968
0.0244555
0.0249792
0.0249147
0.0249167
0.0245296
0.0242705
0.0244195
0.0243355
0.0248367
0.0243187
0.0243815
0.0243624
0.0248101
0.0247177
0.024405
0.0244119
0.0245195
0.0246368
0.024032
0.0243835
0.0244921
0.0247787
0.0242911
0.0246666
0.0248792
0.024888
0.0246719
0.0245574
0.0248151
0.0244063
0.0247282
0.0244476
0.0245709
0.0245932
0.0247046
0.0244707
0.0247541
0.0247117
0.0244759
0.024746
0.0246577
0.0245781
0.0245026
0.02461
0.0247214
0.0245127
0.0247054
0.0245284
0.0246397
0.0245363
0.0245397
0.024684
0.0245787
0.0243593
0.0227804
0.0225228
0.0251782
0.0240238
0.0236401
0.0234782
0.0240737
0.0247076
0.0241038
0.0246217
0.0243228
0.0246237
0.024876
0.0245667
0.0248174
0.0247274
0.0247588
0.0245975
0.024794
0.0246177
0.0247444
0.0247288
0.024588
0.0244999
0.0247331
0.0245524
0.0247508
0.0247415
0.0247346
0.0245179
0.0247238
0.0245402
0.0245798
0.0247161
0.0247028
0.0245368
0.0246181
0.0246673
0.0246069
0.0246415
0.0245599
0.0245603
0.024692
0.0246597
0.0246581
0.0245692
0.0246811
0.0245948
0.0246234
0.0246636
0.0246726
0.0246495
0.0245839
0.024665
0.0246689
0.0246215
0.0245966
0.0245802
0.0154222
0.0230053
0.0253684
0.0247454
0.0239336
0.0239962
0.0239629
0.0249717
0.0244778
0.0238677
0.0248672
0.024479
0.0240902
0.0248203
0.024289
0.0247769
0.0243554
0.0247866
0.0246206
0.0242382
0.0253072
0.0232325
0.0234226
0.0249614
0.0242709
0.0236078
0.0242087
0.0236658
0.0241886
0.0243258
0.0243515
0.0240347
0.0242237
0.0243281
0.0242053
0.0242232
0.0243832
0.014589
0.0216292
0.0215163
0.0204491
0.024134
0.0213748
0.0250062
0.0223878
0.0223388
0.0225164
0.0225087
0.0234312
0.0232565
0.0246367
0.0239221
0.0238714
0.0244553
0.0239631
0.0238263
0.0246217
0.0246352
0.0246218
0.0246361
0.0246269
0.0244494
0.0248069
0.024496
0.0246679
0.0247373
0.0248215
0.0245019
0.0247902
0.0247073
0.0247771
0.0247317
0.0247074
0.0247518
0.0245037
0.0245392
0.0247479
0.0246813
0.0247405
0.0246712
0.0247176
0.0245472
0.0247267
0.0246782
0.0245369
0.0246234
0.0246641
0.0246132
0.0246512
0.0247059
0.0245582
0.0245666
0.0245996
0.0246604
0.0246874
0.0246252
0.0246726
0.0246619
0.0246817
0.0246483
0.0246773
0.0246774
0.0246711
0.0245768
0.0246738
0.0244226
0.0241571
0.0226399
0.024112
0.0237092
0.0251469
0.0243157
0.0236214
0.023908
0.024673
0.0248772
0.0239331
0.0241072
0.0246237
0.0243316
0.0246495
0.0246942
0.0243671
0.0243396
0.0226566
0.0235043
0.0244299
0.0246287
0.0244173
0.0243206
0.0245203
0.0242678
0.0242885
0.0243545
0.0243405
0.0243225
0.0244308
0.0243907
0.0245911
0.0245917
0.024524
0.0246799
0.0245477
0.0246516
0.0246217
0.0209958
0.0245566
0.0235916
0.0238018
0.0233553
0.0251183
0.0248145
0.0238081
0.0250218
0.0241201
0.0247475
0.0240526
0.0242117
0.0241019
0.0248183
0.0242346
0.0243597
0.0242801
0.0173673
0.0245008
0.0238105
0.0245722
0.0242878
0.024208
0.0248665
0.0242337
0.0249062
0.0246217
0.024815
0.0245736
0.0247535
0.0247918
0.0245701
0.0247309
0.0244956
0.0247244
0.0246007
0.0245183
0.0244727
0.0246887
0.0244786
0.0245111
0.0246522
0.0244945
0.0245065
0.0245085
0.0246217
0.0105205
0.0204387
0.0197665
0.0221752
0.0241652
0.021923
0.0224429
0.0228398
0.0247605
0.0231196
0.0237574
0.0245627
0.0240895
0.0238193
0.0241825
0.0241467
0.0246217
0.0234614
0.0251216
0.0220132
0.0224867
0.0253606
0.0238799
0.0232424
0.02303
0.0250609
0.0233538
0.023385
0.0236509
0.0238726
0.0237654
0.0240646
0.0238766
0.0241863
0.0248901
0.0246217
0.0246217
0.0251188
0.0246009
0.0246188
0.0246091
0.0248404
0.0245906
0.0246365
0.0247466
0.0247514
0.0246176
0.0246732
0.0245069
0.0245129
0.0247398
0.0247444
0.0247366
0.0247315
0.0245961
0.0245779
0.0245209
0.0245636
0.0245257
0.0245342
0.0247023
0.0245769
0.0247062
0.0246529
0.0245556
0.0245934
0.0245853
0.0245756
0.0247038
0.0245983
0.0245531
0.0246897
0.0246924
0.0246033
0.0246875
0.0245971
0.0245683
0.0246802
0.0245727
0.0246412
0.0246479
0.0246114
0.0246263
0.0246367
0.0246085
0.0246661
0.0246668
0.024637
0.024607
0.0246162
0.0245947
0.0245878
0.0246116
0.0246169
0.0108102
0.0233092
0.0241545
0.023029
0.0240685
0.0237033
0.0240315
0.0238063
0.0242587
0.0244125
0.0246216
0.0244862
0.0251583
0.0241265
0.0240921
0.0247677
0.024268
0.0246845
0.0241899
0.0242234
0.0246399
0.0245739
0.0242605
0.0243077
0.0243716
0.0243655
0.0243725
0.0244087
0.0245356
0.0246682
0.0245205
0.0245872
0.0244969
0.0245819
0.0244714
0.0245293
0.0244726
0.0244711
0.0245421
0.0246217
0.0245072
0.0244896
0.0246053
0.0247524
0.0243227
0.0246959
0.0247745
0.0247621
0.0248392
0.0247489
0.0244311
0.0244098
0.0244335
0.024431
0.0244859
0.0244779
0.0247554
0.0244669
0.0244841
0.0245098
0.0247535
0.0244954
0.0244916
0.0247308
0.0244993
0.0246804
0.0247191
0.0245191
0.0245631
0.024628
0.0247007
0.0246927
0.0245449
0.0246499
0.0246596
0.0246344
