0.00490446
0.0168105
0.0193829
0.0195487
0.0181956
0.0192532
0.0191558
0.0192538
0.0192537
0.0192523
0.0191831
0.019229
0.0192957
0.019256
0.0191956
0.019281
0.0192528
0.0192774
0.0192183
0.0192091
0.0192851
0.0192914
0.0192328
0.0192701
0.01925
0.0192904
0.01929
0.0192866
0.019235
0.019278
0.0192461
0.0192361
0.0192256
0.0192808
0.019243
0.0192793
0.0192566
0.0192732
0.0192698
0.0192783
0.0192323
0.0192745
0.0192499
0.0192699
0.019262
0.0192722
0.0192477
0.0192368
0.0192612
0.0192384
0.0192375
0.019256
0.0181975
0.0205162
0.0182829
0.0187278
0.0186201
0.0192329
0.0187478
0.019957
0.0187331
0.0194878
0.0197008
0.0197879
0.0197114
0.019711
0.0197431
0.0196435
0.0192374
0.0194332
0.0196393
0.0195072
0.019413
0.01896
0.0195797
0.0189796
0.0191401
0.0189984
0.019175
0.019317
0.0192587
0.0191865
0.0191872
0.0190814
0.0192902
0.0194665
0.0193763
0.019463
0.0194419
0.0193647
0.019273
0.0191115
0.0191168
0.0192206
0.0191159
0.0191117
0.0191429
0.0191651
0.0192033
0.0192464
0.0192033
0.0199946
0.0198485
0.0187661
0.0197627
0.0190629
0.0187268
0.0193272
0.0197412
0.0195079
0.0188107
0.0194564
0.0190104
0.0192273
0.0194834
0.0188919
0.0195078
0.0193158
0.0189599
0.0194657
0.0190194
0.0190747
0.0194739
0.0194699
0.0192407
0.0190396
0.0191351
0.0193241
0.0191681
0.019072
0.0193311
0.0194135
0.019392
0.0191005
0.0193676
0.019318
0.0191195
0.0193845
0.0192505
0.0192332
0.0196483
0.0196604
0.0190311
0.0195201
0.0191676
0.0188989
0.0192874
0.0195723
0.0193836
0.0189633
0.0193649
0.0191193
0.0192392
0.0193863
0.019028
0.0194074
0.0192888
0.0190546
0.0193863
0.0191066
0.019144
0.0193984
0.019403
0.0192456
0.0191067
0.0191784
0.019298
0.0191992
0.0191312
0.0193033
0.0193644
0.0193458
0.0191498
0.0193292
0.0192955
0.019164
0.0193441
0.0192532
0.0184451
0.0193567
0.0191863
0.0186689
0.0187971
0.0195298
0.0194026
0.0189059
0.0189239
0.0189424
0.0194151
0.0193076
0.01918
0.019398
0.0190608
0.0190505
0.0191249
0.0190791
0.0191017
0.0192337
0.0191531
0.0193696
0.0192883
0.0191789
0.0191388
0.0191413
0.0193306
0.0191606
0.0192532
0.0192516
0.0192807
0.018908
0.0190211
0.0193106
0.0192093
0.0191106
0.0191116
0.0191062
0.0192095
0.0194093
0.019403
0.019235
0.0191195
0.0191223
0.0192057
0.019329
0.0191664
0.0191668
0.0193529
0.019226
0.0193136
0.0193385
0.0191953
0.0192425
0.0192135
0.019306
0.0192019
0.0192851
0.0192974
0.0193055
0.0191896
0.0191907
0.0191946
0.0192743
0.0191963
0.0192272
0.0202843
0.0192376
0.0198038
0.0193008
0.0194201
0.0195461
0.0197059
0.0186618
0.0194015
0.0195685
0.0193915
0.0194011
0.0195183
0.0188628
0.0190703
0.0188835
0.0189236
0.0193893
0.019513
0.0189685
0.0194473
0.0194737
0.0193606
0.0194528
0.0190298
0.0194479
0.0191298
0.0192978
0.0193974
0.019361
0.0191974
0.019082
0.0191926
0.0191054
0.0192304
0.0193865
0.0192929
0.0191218
0.0192532
0.0193487
0.0192533
0.0192569
0.019233
0.0192526
0.0193277
0.0193292
0.0191802
0.0193008
0.0193161
0.0192311
0.0193054
0.0192685
0.0192045
0.0193049
0.0192874
0.0193016
0.019298
0.0192951
0.0192764
0.0192168
0.0192822
0.0192675
0.0192316
0.0192884
0.0192889
0.019243
0.019224
0.0192848
0.0192756
0.0192424
0.0192318
0.0192804
0.0192752
0.0192791
0.0192307
0.0192337
0.0192343
0.0192394
0.019266
0.0192743
0.0192392
0.0192366
0.0192717
0.0192403
0.019268
0.0192431
0.0187928
0.0192376
0.0187517
0.0189244
0.0188945
0.0189232
0.0188874
0.0189535
0.0191456
0.0193624
0.0190032
0.0190687
0.0190557
0.0190716
0.0191398
0.019121
0.0191294
0.0192215
0.0127861
0.0190356
0.0179649
0.0184982
0.0188199
0.0196709
0.0197387
0.0193714
0.0191323
0.0192724
0.0187758
0.0189132
0.0192754
0.0195487
0.019567
0.0195564
0.0191538
0.0194385
0.0189126
0.0192683
0.0194696
0.0189792
0.0190123
0.0189879
0.0191081
0.0190163
0.0191941
0.0194003
0.0190562
0.0196133
0.0192565
0.0192533
0.0192381
0.019329
0.0193763
0.0192834
0.0192237
0.0191535
0.0193513
0.0193448
0.0193444
0.0192108
0.0193369
0.0193268
0.0192209
0.0191944
0.0192172
0.01931
0.0193172
0.0192314
0.0192871
0.0192129
0.0192539
0.0192316
0.0192028
0.0192956
0.0193049
0.0192438
0.0192185
0.0192556
0.0192795
0.0192165
0.0192845
0.0192835
0.0192184
0.0192773
0.0192809
0.0192781
0.0192664
0.0192219
0.0192852
0.0192656
0.0192257
0.0192333
0.0192546
0.0192756
0.0194247
0.0192226
0.0191598
0.0191569
0.0192402
0.0193224
0.0188138
0.0189067
0.0191253
0.0194778
0.0189404
0.0194728
0.019038
0.0189972
0.0192585
0.0190989
0.0194242
0.0190461
0.0191171
0.0193276
0.0193913
0.0193913
0.0193751
0.0191026
0.0193653
0.0190988
0.0191473
0.0191234
0.0191358
0.0192219
0.0193152
0.0191721
0.019299
0.0191547
0.0191735
0.0191588
0.0193301
0.0192131
0.0191639
0.0191711
0.0192314
0.0172746
0.0180603
0.0182047
0.0173473
0.0175654
0.0183444
0.0181732
0.0180789
0.0183155
0.0194108
0.0189514
0.018326
0.0184635
0.0185334
0.018915
0.0187555
0.018827
0.0170359
0.0182552
0.0192528
0.0192306
0.0193023
0.0192492
0.0191521
0.0194783
0.0194596
0.0192987
0.0191981
0.0193794
0.0190957
0.0191146
0.0194527
0.019329
0.0190324
0.0190547
0.0194302
0.0190899
0.0193663
0.0191077
0.0193628
0.0193262
0.0193296
0.0191792
0.0191692
0.019304
0.0193384
0.0191316
0.0192736
0.0191494
0.0192073
0.0191496
0.0193156
0.0193177
0.0192278
0.0192412
0.0191646
0.0191715
0.0149266
0.0192458
0.0166774
0.0199177
0.0185612
0.0181618
0.0189097
0.0195758
0.0190879
0.0196862
0.0196798
0.0195063
0.0193946
0.0194915
0.019569
0.0188998
0.0195139
0.0191555
0.0189371
0.0189569
0.0194721
0.0193419
0.0190001
0.0193734
0.0190928
0.0190801
0.0193971
0.0190989
0.0184925
0.0192526
0.0197137
0.0190586
0.0191196
0.0195333
0.0189256
0.0194052
0.0191032
0.0190512
0.0194481
0.0194143
0.0192857
0.019178
0.0193194
0.01934
0.0194112
0.0193122
0.0193737
0.0191161
0.0193478
0.0191259
0.0192162
0.0191646
0.019366
0.0191735
0.0192604
0.0192953
0.0191563
0.0192826
0.019192
0.0191923
0.0193228
0.0192907
0.0192931
0.0192939
0.0192103
0.0191829
0.0192176
0.011294
0.0171573
0.0186192
0.0184141
0.0183478
0.0185259
0.0185835
0.0189324
0.0186723
0.0192532
0.0190812
0.0195938
0.0192585
0.0192546
0.0190839
0.0194426
0.0192211
0.0193832
0.0192885
0.0191469
0.0193772
0.0191602
0.0193828
0.019192
0.0191482
0.0191812
0.0193483
0.0193545
0.0193547
0.0192076
0.0192867
0.0192314
0.0193372
0.0191841
0.0192062
0.019332
0.0193252
0.0191878
0.019218
0.0193002
0.0192696
0.0192773
0.0193113
0.0192717
0.0192318
0.0192012
0.0192092
0.0192764
0.0192638
0.0192991
0.0192916
0.0192855
0.0192644
0.0192838
0.0192742
0.0192169
0.0192853
0.0192906
0.0125162
0.0175616
0.017886
0.0184917
0.0180481
0.0190723
0.0191885
0.0186591
0.0184986
0.0185438
0.0186961
0.0186494
0.0186972
0.0188169
0.0190301
0.0193659
0.0188746
0.0190562
0.0193382
0.018981
0.01924
0.0179839
0.018368
0.0185033
0.0179374
0.0180707
0.0185334
0.0184152
0.0183494
0.0185241
0.0193766
0.0190202
0.0185458
0.0186417
0.0186971
0.0189895
0.0188562
0.0189181
0.0186896
0.0156335
0.01926
0.0159537
0.0152227
0.0158443
0.0166426
0.0160566
0.0198784
0.0186712
0.0176218
0.018817
0.0187234
0.0181397
0.0180483
0.0192861
0.0189944
0.0185132
0.0192779
0.0185103
0.0192532
0.0192667
0.0192597
0.0195609
0.0194861
0.0194622
0.0191461
0.0191836
0.0191195
0.0192048
0.0194074
0.0193513
0.0192469
0.019383
0.0193841
0.0191505
0.0193723
0.0193784
0.0193273
0.0193591
0.0192097
0.0192076
0.0191675
0.0193514
0.0192803
0.0192311
0.0193389
0.0193392
0.0192222
0.0193352
0.0193224
0.0192183
0.0191992
0.0192779
0.0192522
0.019319
0.0192354
0.0192152
0.0192137
0.0193104
0.0192107
0.0192524
0.019305
0.0192965
0.0193008
0.0192525
0.0192896
0.0192872
0.0192526
0.0129871
0.018478
0.0170907
0.0198106
0.0180731
0.0187138
0.0183764
0.0190719
0.0187924
0.0195568
0.0186376
0.018731
0.0191791
0.0188705
0.0189646
0.0189913
0.0189162
0.0190437
0.019268
0.0192401
0.0177785
0.0188732
0.0187532
0.0189304
0.0190885
0.0189924
0.0189211
0.0189189
0.0189823
0.0193039
0.0190899
0.0193459
0.0190694
0.0191152
0.0191205
0.0193143
0.0192099
0.0191622
0.0192517
0.0169517
0.0184868
0.0174529
0.0185252
0.018063
0.0181777
0.0188705
0.0192199
0.0186649
0.0188086
0.0187258
0.0193907
0.0187877
0.0188906
0.0193845
0.0191788
0.0192532
0.0192532
0.0190572
0.0191652
0.0191942
0.0192159
0.0194953
0.0191418
0.019062
0.019459
0.0189707
0.0190319
0.019074
0.0190599
0.0191715
0.0192233
0.0191967
0.019325
0.0191286
0.0193442
0.0192227
0.0191289
0.0191355
0.0191961
0.0192231
0.019152
0.0193046
0.0185011
0.0182531
0.0177069
0.0161124
0.0174528
0.0168108
0.0185287
0.0192623
0.0177474
0.0196273
0.0195039
0.0194115
0.0188024
0.0184432
0.0195999
0.0188698
0.0191005
0.0190532
0.0188325
0.0106142
0.0164329
0.0171036
0.0179503
0.0177619
0.017664
0.0180318
0.0174257
0.0195799
0.0188546
0.018345
0.0182316
0.0186256
0.0194764
0.0184682
0.0188547
0.0186354
0.0189083
0.0192532
0.0192389
0.0190288
0.019602
0.0192644
0.0192506
0.0194042
0.0192599
0.0192229
0.0191619
0.0192127
0.0192069
0.0192065
0.019143
0.0193195
0.0193671
0.0192843
0.0192936
0.0193358
0.0191808
0.0191803
0.0193012
0.0193406
0.0192261
0.0193084
0.0193337
0.0193336
0.0192234
0.0193189
0.019208
0.0192329
0.0192696
0.0192454
0.0192663
0.0192683
0.0193092
0.0192695
0.0192485
0.0192646
0.019202
0.0193051
0.0192654
0.0192894
0.0192182
0.0192393
0.0192239
0.0192478
0.0192953
0.0192469
0.0192165
0.0192704
0.0192925
0.019289
0.0192886
0.0192884
0.0192637
0.01926
0.0192868
0.0146831
0.0175185
0.016741
0.0193136
0.0175548
0.0187446
0.0193094
0.0184349
0.01886
0.0189261
0.0190579
0.0191283
0.0191028
0.0195693
0.0186983
0.0187771
0.0192237
0.0190493
0.0191749
0.0189557
0.0193032
0.0190604
0.0189683
0.0190891
0.0191502
0.0194145
0.0190579
0.0191772
0.0192493
0.0190901
0.0193119
0.0191109
0.0192329
0.0191172
0.0191787
0.0193127
0.0192532
0.0192134
0.0196302
0.019637
0.0192547
0.0191733
0.0191604
0.0191932
0.0191095
0.0190451
0.01905
0.0191536
0.0193089
0.0191375
0.0190944
0.0193332
0.0190933
0.0193714
0.0193781
0.0192961
0.0191364
0.0192965
0.0191856
0.0191703
0.0192322
0.0191478
0.0191577
0.0191591
0.0193044
0.0193016
0.0191877
0.0193187
0.019269
0.0192401
0.0191896
0.0192308
0.0192511
0.0191917
