0.0274676
0.028692
0.0287376
0.0282249
0.0275731
0.0279253
0.0276817
0.0276146
0.0276786
0.0278271
0.0277041
0.0276578
0.0277507
0.0277054
0.0277818
0.0277575
0.0276933
0.0277723
0.0277011
0.0276794
0.0276415
0.027733
0.027755
0.0276954
0.0277333
0.0277478
0.0276366
0.0277414
0.0276843
0.0277336
0.0277395
0.0276455
0.0276933
0.0277068
0.02767
0.0276468
0.0277094
0.0276868
0.0276851
0.0277033
0.0277201
0.02771
0.0276664
0.0276565
0.0277091
0.0276938
0.0276957
0.027717
0.0277167
0.0277155
0.027714
0.0277105
0.0277116
0.0276933
0.0276969
0.0277095
0.0277093
0.0276683
0.0276635
0.0282166
0.0279383
0.0278504
0.0276003
0.0276833
0.0276815
0.0276785
0.0276718
0.0276838
0.0276799
0.027679
0.0276798
0.0276858
0.0276859
0.0276813
0.0276816
0.0276855
0.0276846
0.0276801
0.0276855
0.0276805
0.0276826
0.0276828
0.0276817
0.027681
0.0276843
0.0276812
0.0276822
0.0276845
0.027683
0.0275104
0.0278383
0.0276496
0.0277613
0.0276482
0.0276798
0.0276629
0.0276814
0.0276724
0.0276807
0.0276898
0.0276794
0.0276814
0.0276866
0.0276794
0.0276865
0.0276826
0.0276846
0.0276858
0.0276852
0.0276839
0.0276811
0.0276843
0.0276816
0.0276846
0.0276829
0.0276834
0.0276825
0.0276833
0.0276852
0.0275104
0.0278365
0.0276037
0.0277363
0.0276535
0.0277117
0.0276872
0.0277099
0.0276902
0.0276543
0.0276815
0.0276921
0.02769
0.0276669
0.0276955
0.0276705
0.0276877
0.0276809
0.0276736
0.0276768
0.0276821
0.027691
0.0276799
0.0276896
0.0276783
0.0276849
0.027683
0.0276862
0.0276834
0.0276756
0.0280568
0.0268342
0.0280345
0.0271313
0.0272673
0.0277499
0.0274999
0.0276298
0.0276683
0.0277044
0.027597
0.0276087
0.0276107
0.0276483
0.0276212
0.0276421
0.0276463
0.0276894
0.0277027
0.0276983
0.0276876
0.0276499
0.0276513
0.0276625
0.0276537
0.0276564
0.0269478
0.0273754
0.027776
0.0274816
0.027759
0.0276694
0.0276318
0.0276984
0.0277093
0.0277267
0.0277108
0.0276784
0.0276324
0.02772
0.0277128
0.0277175
0.0277082
0.0276449
0.0276726
0.0276762
0.0276661
0.0276826
0.0276852
0.0276942
0.0276694
0.027695
0.0277027
0.0276933
0.0276649
0.027693
0.0279623
0.0274764
0.0277177
0.0277389
0.0276507
0.0276458
0.0276668
0.0276416
0.0276899
0.0276805
0.0276869
0.0276683
0.0276771
0.0276776
0.0276865
0.0276856
0.0276851
0.0276867
0.0276874
0.0276794
0.0276817
0.0276786
0.0276802
0.0276793
0.0276867
0.0276803
0.0276795
0.0276848
0.0276862
0.0312818
0.0280192
0.027564
0.0276517
0.027865
0.0278185
0.0277676
0.0277508
0.0276578
0.0277424
0.0277234
0.0277486
0.0277336
0.0276957
0.027642
0.0276905
0.027713
0.0276594
0.0277231
0.0276867
0.027656
0.0277125
0.0276799
0.0276994
0.027666
0.0276751
0.0276615
0.0277092
0.0292503
0.0274372
0.0268748
0.0271809
0.0274453
0.0275675
0.0276247
0.0276141
0.0276779
0.0276903
0.0276817
0.02768
0.0276854
0.0276785
0.0276741
0.0276793
0.0276713
0.0276858
0.0276829
0.0276776
0.0276774
0.0276836
0.027677
0.027687
0.0276757
0.0276796
0.0274801
0.0280566
0.0276949
0.0277597
0.0277091
0.0275658
0.0277516
0.0277536
0.0277071
0.0277053
0.0277516
0.0276684
0.0276314
0.0277405
0.027729
0.0276471
0.0276809
0.0276526
0.0277232
0.0277238
0.0277131
0.0277185
0.0277142
0.0277152
0.0277112
0.0276665
0.0276852
0.0277101
0.0276761
0.0276702
0.0284456
0.0273628
0.0270185
0.027209
0.0277935
0.0276816
0.0276902
0.0276702
0.0276735
0.027656
0.0277225
0.0276809
0.0276664
0.0276342
0.0276405
0.027688
0.0277098
0.0276893
0.0276514
0.0276725
0.0276521
0.0276668
0.0276575
0.0276644
0.0276661
0.0276962
0.02766
0.0276769
0.0276719
0.0276963
0.0279624
0.0274558
0.0277013
0.0277996
0.0277049
0.0276964
0.0277119
0.0275899
0.0276721
0.0276305
0.0276635
0.0276232
0.0276359
0.0276387
0.0277079
0.0277
0.0276958
0.0277062
0.0277101
0.0276568
0.027672
0.0276541
0.0276634
0.0276582
0.0277048
0.0276647
0.0276608
0.0276931
0.0277017
0.0279963
0.0266762
0.0271863
0.0276683
0.0276103
0.0276612
0.0276579
0.0276625
0.0276719
0.0276824
0.027682
0.0276866
0.0276938
0.0276873
0.0276913
0.0276899
0.0276879
0.0276868
0.0276888
0.0276887
0.0276822
0.0276864
0.0276878
0.0276873
0.0276862
0.027681
0.0276863
0.0276815
0.0276817
0.0207944
0.027262
0.0278772
0.0273466
0.0274903
0.0275115
0.0275831
0.0276141
0.0276179
0.0277187
0.0276917
0.0276425
0.0277064
0.0276634
0.0276622
0.0277122
0.0276717
0.0276514
0.0276685
0.0276569
0.027692
0.0276618
0.0276731
0.027661
0.0276856
0.0276932
0.0276714
0.0276667
0.0273037
0.0284648
0.0287397
0.0284431
0.0274814
0.0278071
0.02784
0.0277369
0.0277763
0.027674
0.0277414
0.0277929
0.027716
0.0276975
0.0277181
0.0276566
0.0277473
0.0277036
0.0276587
0.0277476
0.0276711
0.0277283
0.0276472
0.0277361
0.027697
0.0276953
0.0276918
0.0276774
0.027674
0.0277188
0.0277097
0.0277252
0.027723
0.0277208
0.027655
0.0277147
0.0276677
0.0277115
0.0277172
0.0277119
0.027707
0.0276772
0.0276674
0.0277121
0.0277024
0.0277091
0.0277045
0.02767
0.0276676
0.027667
0.027698
0.0276682
0.027705
0.0276803
0.0276994
0.0277028
0.0277028
0.0276879
0.0272646
0.0281586
0.0282918
0.0280715
0.0275732
0.0279617
0.0276984
0.0278838
0.0276901
0.0278155
0.0277113
0.0276169
0.0277737
0.0276969
0.0276976
0.0277163
0.0277117
0.0276698
0.0277396
0.0276854
0.0276432
0.0276799
0.027728
0.0277256
0.0276431
0.0276626
0.0277274
0.0277016
0.027682
0.0276618
0.0276668
0.0276763
0.0277203
0.027658
0.0276843
0.0277181
0.0277158
0.0277127
0.0277105
0.0277127
0.0276786
0.0277056
0.0276993
0.0276936
0.0277078
0.0276924
0.0277095
0.0276733
0.0277039
0.0277071
0.0277057
0.0276853
0.0277028
0.0276974
0.0276711
0.0276663
0.0276741
0.0276954
0.0297632
0.0229337
0.0280384
0.028507
0.0277552
0.0272389
0.0278358
0.0274197
0.0275745
0.0276968
0.0275919
0.0276551
0.0276414
0.0276664
0.02765
0.0276394
0.0276506
0.0276625
0.0276531
0.0276615
0.0276618
0.0276615
0.0276704
0.0276638
0.0276767
0.0276877
0.0276784
0.027915
0.0253987
0.026869
0.0279155
0.0274194
0.0275094
0.0275835
0.0277112
0.0275273
0.0276308
0.0275839
0.0275945
0.0276634
0.0276157
0.0276341
0.0276454
0.0276257
0.0276237
0.0276926
0.0276523
0.0276787
0.0277066
0.0277052
0.0276946
0.0276447
0.0276835
0.027659
0.0276851
0.0280276
0.0275192
0.0278283
0.0276219
0.0274911
0.0275653
0.0276962
0.0277892
0.0277176
0.0277515
0.0277239
0.0277156
0.0277035
0.0276474
0.0277592
0.0277571
0.0277482
0.0277004
0.0276673
0.0276464
0.0276611
0.0277004
0.0277379
0.0277379
0.02772
0.0277346
0.0277298
0.027726
0.0276852
0.0277254
0.0276523
0.0276616
0.0277188
0.0277229
0.0277072
0.027674
0.027719
0.0276734
0.027714
0.0277139
0.0276819
0.027706
0.027714
0.0277119
0.0276687
0.0277067
0.0276651
0.0276794
0.0276769
0.0277075
0.0277084
0.0276673
0.0277068
0.0277046
0.027706
0.0276687
0.0277021
0.0221369
0.0256719
0.0269122
0.0278944
0.0276422
0.027573
0.0276922
0.0276055
0.027667
0.027623
0.0276783
0.0276852
0.027668
0.0276266
0.0276576
0.0276333
0.0276661
0.0276785
0.0277008
0.0277024
0.0276482
0.0276644
0.0276492
0.0276547
0.0276639
0.0276968
0.027656
0.0253166
0.0270062
0.0273812
0.0275141
0.0275088
0.0276025
0.0275794
0.0276658
0.027732
0.0275872
0.0276019
0.0277257
0.0276056
0.0276234
0.0277062
0.0276282
0.0276282
0.0276314
0.0276373
0.0276329
0.027675
0.0276653
0.0276715
0.0276435
0.0277049
0.0276983
0.0276493
0.0276522
0.0276956
0.0276713
