0.0302456
0.0289226
0.0295449
0.0291529
0.0299194
0.0293827
0.0297595
0.0293872
0.0293689
0.0293925
0.0293948
0.0295859
0.029288
0.029443
0.0294424
0.0293505
0.0293077
0.0294969
0.0292855
0.0295444
0.0295567
0.0295067
0.0293239
0.0292704
0.0292635
0.0293095
0.029475
0.0293766
0.0292975
0.0295176
0.0293643
0.0294787
0.0294515
0.0295042
0.0293839
0.0293043
0.029496
0.0293315
0.0294827
0.0293223
0.0294797
0.0293615
0.0294845
0.0293365
0.0294733
0.0293821
0.0293308
0.0293269
0.0293882
0.029347
0.0293943
0.0293374
0.0294608
0.0293661
0.0293441
0.0294592
0.0294104
0.0294314
0.0294154
0.0293612
0.0293318
0.029712
0.0292758
0.0292752
0.0294323
0.0294555
0.0294071
0.0293994
0.0293933
0.0294122
0.0294088
0.0294035
0.0293891
0.0294029
0.0293893
0.0293905
0.0293926
0.0293912
0.0293929
0.0293932
0.0294004
0.0294028
0.0294001
0.029393
0.0294026
0.0293935
0.0293999
0.0294025
0.030095
0.0292663
0.0290699
0.0295861
0.0295499
0.0293816
0.0293813
0.0293687
0.0294207
0.0293994
0.0293994
0.0294027
0.0294062
0.0294051
0.0293876
0.0294062
0.0293939
0.0293955
0.029399
0.0293922
0.029404
0.0294002
0.0294049
0.0293924
0.0294047
0.0294007
0.0293985
0.0293935
0.0294005
0.0300938
0.0291189
0.0291024
0.0295616
0.0295187
0.0294602
0.0294543
0.0294195
0.0293882
0.0294075
0.0294075
0.0293436
0.029392
0.0293895
0.0294338
0.0293704
0.0294178
0.029413
0.0294008
0.0294218
0.029378
0.0293946
0.0293737
0.0294204
0.0293748
0.0293914
0.0293997
0.0294168
0.0293915
0.0284392
0.026258
0.0280427
0.0292898
0.0291639
0.0293476
0.029406
0.0291694
0.0294415
0.0292465
0.0294
0.0294754
0.0292809
0.0292866
0.0294794
0.0293141
0.0294179
0.0293462
0.0294574
0.029342
0.0293569
0.0293701
0.0294422
0.0293416
0.0294228
0.0294185
0.0294086
0.0294406
0.0293551
0.0283834
0.0293957
0.0293172
0.0296294
0.0296254
0.0294523
0.0292147
0.0295674
0.0295333
0.0292552
0.0293402
0.0293695
0.0292753
0.029351
0.0293439
0.0294578
0.0293648
0.0294047
0.0293228
0.0293379
0.0294602
0.0294193
0.029452
0.0293658
0.0293465
0.0293998
0.0302044
0.0290219
0.0293793
0.0290799
0.0291585
0.0293831
0.0292913
0.0294202
0.02942
0.0293542
0.0293819
0.0293862
0.0293715
0.0293995
0.029403
0.0294034
0.0293997
0.0293922
0.0293876
0.0293857
0.0293908
0.0293867
0.0293872
0.0293986
0.0293881
0.0293884
0.0294066
0.0294016
0.0293902
0.0294055
0.0288234
0.0290583
0.0300624
0.0298293
0.0295891
0.029235
0.0294606
0.0294327
0.0295807
0.0293413
0.0294219
0.02949
0.0295414
0.0295302
0.0293411
0.0293669
0.0294006
0.0293378
0.0294041
0.0293766
0.0294858
0.0293239
0.0294768
0.0294395
0.0294645
0.029413
0.0294545
0.0293395
0.0293416
0.0281428
0.0286305
0.0293491
0.0298401
0.0297012
0.0296164
0.0293284
0.029486
0.0293834
0.029401
0.0294057
0.0293472
0.0294023
0.0293675
0.0293691
0.0294062
0.0293735
0.0293959
0.0294087
0.0293805
0.0293991
0.0293817
0.0293961
0.0293868
0.0293918
0.0294054
0.0294063
0.0293907
0.0293878
0.0288474
0.0295673
0.0299908
0.0291256
0.0294437
0.029141
0.0294939
0.0293386
0.0293831
0.0293915
0.0295573
0.0292388
0.029258
0.0292883
0.0295071
0.0292879
0.0293337
0.0294849
0.0294169
0.0294803
0.0294208
0.0293427
0.0294027
0.0294715
0.0294681
0.0293861
0.0294604
0.0294575
0.0282642
0.0300751
0.0284888
0.0289022
0.0293422
0.0295301
0.0294085
0.0294055
0.0293201
0.029443
0.0294115
0.029434
0.0294171
0.0293147
0.029422
0.0293428
0.0293656
0.0294548
0.029353
0.0293469
0.0294482
0.0293639
0.0294225
0.0293502
0.0293768
0.0294299
0.0294328
0.0301879
0.0290155
0.0293712
0.0289277
0.0289972
0.0295159
0.0291513
0.0293103
0.0293298
0.0292379
0.0292801
0.0292917
0.029267
0.0293769
0.0294244
0.029428
0.0293981
0.0293493
0.0293276
0.0293201
0.0293461
0.0293261
0.0293295
0.0293976
0.0293355
0.0293377
0.029449
0.0294175
0.0293475
0.0294415
0.0302725
0.0289322
0.0294741
0.0297157
0.0291324
0.0293129
0.0294048
0.0293317
0.0293617
0.0293975
0.029398
0.0294109
0.0293886
0.0294133
0.0293846
0.0293827
0.0294107
0.0294102
0.0294099
0.0293987
0.0294071
0.0293904
0.0294072
0.0294079
0.029408
0.0294018
0.0293976
0.0294013
0.0293937
0.0280329
0.0292597
0.0292659
0.0292753
0.0294199
0.0294836
0.0291782
0.0294754
0.0293228
0.0293183
0.0294435
0.0294437
0.0294885
0.0294046
0.0294784
0.0293069
0.0293309
0.0293283
0.0293548
0.0294395
0.0294531
0.0294355
0.0294275
0.0293927
0.0293832
0.0293819
0.029402
0.0293554
0.0294382
0.029379
0.0288938
0.0302381
0.0301935
0.0294698
0.0293974
0.0298485
0.0291677
0.0295276
0.0295729
0.0295611
0.0293214
0.0293302
0.0294407
0.029569
0.0295366
0.029412
0.0292778
0.0295235
0.0295139
0.0295184
0.0294447
0.0294548
0.0293074
0.0293171
0.0293753
0.0294068
0.0293364
0.029376
0.0293828
0.0293237
0.029481
0.0294422
0.0294413
0.0294778
0.0294157
0.0294706
0.0294703
0.02936
0.0293527
0.0293708
0.0293464
0.0293846
0.0293918
0.0294551
0.0293864
0.0294541
0.0294269
0.0294246
0.0293795
0.0293983
0.0293734
0.0294372
0.0294391
0.0294423
0.0294412
0.0293629
0.0299084
0.029409
0.0290799
0.0293618
0.0292994
0.0290515
0.0292202
0.0294401
0.0295157
0.0292723
0.0294912
0.029458
0.0292754
0.0292077
0.0292491
0.0294635
0.0293757
0.0294366
0.0294989
0.0293783
0.0295202
0.0293021
0.0295095
0.0295071
0.0294861
0.0295034
0.0293101
0.0293693
0.0294943
0.0294672
0.0293589
0.0293844
0.0293296
0.0294774
0.0293941
0.0294756
0.0294685
0.0294631
0.0294546
0.0294661
0.0294634
0.0294608
0.0294234
0.0294571
0.0294546
0.029455
0.0293617
0.0293896
0.0293664
0.029356
0.029447
0.0293806
0.0294442
0.0293909
0.0294196
0.0293975
0.0293685
0.0298454
0.0266052
0.0288632
0.0288702
0.0299837
0.0291076
0.029005
0.0292954
0.0294925
0.0294132
0.0294087
0.0293399
0.0293487
0.0294147
0.0293389
0.029423
0.0294176
0.0293636
0.0293915
0.0293797
0.0294108
0.0293676
0.0293723
0.0293701
0.0293708
0.0293966
0.0294096
0.0293965
0.0293799
0.0283908
0.0261367
0.0279786
0.0292658
0.0291597
0.0293466
0.0294025
0.0291467
0.029447
0.0292287
0.0293986
0.0294844
0.0292661
0.0292726
0.0294888
0.029303
0.0294196
0.0293389
0.0294643
0.0293343
0.0293511
0.029366
0.0294474
0.0293348
0.0294256
0.0294208
0.0294096
0.0294457
0.0293493
0.0286072
0.0313277
0.0290568
0.0304353
0.0301009
0.0294709
0.0292915
0.0292842
0.029669
0.0293519
0.0296259
0.0294064
0.0292375
0.0295883
0.0294064
0.0292598
0.0295683
0.0293973
0.0292788
0.0294777
0.0293714
0.0292934
0.0293986
0.029302
0.0294994
0.0292972
0.0294881
0.0293939
0.029412
0.0293362
0.0294834
0.0293173
0.0293178
0.0293217
0.0294543
0.0294562
0.0294767
0.0294115
0.0293734
0.0293631
0.0294657
0.0293405
0.0294425
0.0294391
0.0294488
0.0293426
0.029453
0.0293466
0.0294488
0.02944
0.0294164
0.0293742
0.0294419
0.0293612
0.0294384
0.0294044
0.0294374
0.0294427
0.0274131
0.0281871
0.0289203
0.029394
0.0291649
0.0290573
0.0290737
0.0292934
0.0292036
0.0292863
0.0294702
0.029485
0.0294226
0.0294712
0.0294272
0.0292945
0.0293956
0.0294409
0.0294665
0.0294534
0.0293996
0.0293256
0.0293299
0.0293445
0.0293665
0.0294053
0.0293566
0.0293871
0.0293543
0.0294379
0.0302112
0.0280679
0.0290175
0.0292304
0.029406
0.029035
0.0292772
0.0295532
0.0294902
0.0292103
0.0295512
0.0292403
0.0292455
0.0294998
0.0292713
0.0293066
0.0295026
0.0293573
0.02943
0.0293374
0.0293467
0.0293279
0.0293548
0.0294568
0.0293362
0.0294157
0.0293484
0.0293454
0.0293375
