0.0314763
0.0334635
0.0424437
0.0407667
0.0376474
0.0369432
0.0386804
0.0376142
0.0384421
0.0389698
0.0381511
0.0382055
0.0383239
0.0376734
0.0390544
0.0389563
0.0389629
0.0389314
0.0378136
0.0383924
0.0379285
0.037865
0.0388185
0.0379016
0.0381199
0.0380198
0.0379858
0.0379561
0.0380146
0.0379714
0.0379682
0.0385313
0.0379996
0.0380465
0.0386651
0.0385947
0.0382313
0.0386538
0.0384028
0.0382029
0.0386207
0.0384086
0.0385335
0.0384147
0.0385949
0.0383334
0.0381215
0.038343
0.0384044
0.0383175
0.0385607
0.0381339
0.0384861
0.0384692
0.0385007
0.0385042
0.0383425
0.038168
0.0406134
0.0397268
0.0370223
0.0382041
0.0386215
0.0382757
0.0383809
0.0384712
0.0383688
0.038398
0.0383868
0.0383055
0.0383095
0.0383581
0.0383421
0.0383175
0.0383187
0.0383659
0.0383647
0.0383544
0.0383237
0.0383216
0.0383307
0.0383584
0.0383277
0.038337
0.0383535
0.0383352
0.0383442
0.0356123
0.036366
0.0381361
0.0376596
0.0386622
0.0382559
0.038313
0.0384806
0.038434
0.0382751
0.0383763
0.0383818
0.0383836
0.0383481
0.0383772
0.0383802
0.0383624
0.0383732
0.0383181
0.0383188
0.0383364
0.0383188
0.0383625
0.0383622
0.0383438
0.0383597
0.0383381
0.0383261
0.038358
0.0356123
0.035937
0.0381369
0.037789
0.0385872
0.0385075
0.0380475
0.0383529
0.0382744
0.038323
0.0381552
0.0382292
0.0381983
0.0382931
0.038221
0.0382118
0.0382575
0.0382307
0.0384232
0.0384192
0.0383418
0.0384241
0.0382607
0.0382623
0.038322
0.0382702
0.0383454
0.0383931
0.0382774
0.0329857
0.0359891
0.039073
0.0373034
0.0388343
0.0389844
0.0379731
0.0382541
0.0379859
0.037937
0.0380129
0.0386337
0.0381258
0.0382886
0.0383606
0.0382872
0.0382839
0.038471
0.0383021
0.0381534
0.038161
0.0384193
0.0384224
0.0382405
0.0328954
0.0390794
0.0371347
0.0380775
0.0375037
0.0375393
0.0382532
0.0380454
0.037791
0.0378086
0.0379193
0.0387755
0.0379534
0.0387203
0.0380303
0.0379966
0.038039
0.0380298
0.0383712
0.0381025
0.0383438
0.0384454
0.038399
0.0384233
0.0382324
0.0384083
0.0381543
0.038473
0.0384412
0.0384967
0.0307459
0.0360623
0.0364989
0.0376245
0.0384323
0.0382739
0.0383222
0.0381628
0.0383373
0.0384354
0.0383184
0.0384004
0.0383529
0.038354
0.0382849
0.0382878
0.0383011
0.0383273
0.0383214
0.0382976
0.0383078
0.0383341
0.0383758
0.0383321
0.0383477
0.0383728
0.0383249
0.038339
0.0383613
0.0400998
0.0383485
0.0374901
0.0371326
0.0377501
0.0383249
0.0386037
0.0390745
0.0377155
0.0380726
0.0380363
0.0388502
0.0386772
0.0383632
0.0385072
0.038143
0.0382029
0.0382243
0.038063
0.0381841
0.0384591
0.0386176
0.0382478
0.0382961
0.038499
0.0381524
0.0385296
0.0384092
0.0409652
0.0406686
0.0398022
0.0373544
0.0382483
0.0380271
0.0380977
0.0384246
0.0382914
0.0385095
0.038253
0.038416
0.038265
0.0383618
0.0382835
0.0384082
0.0383421
0.0382897
0.0383572
0.0383269
0.038385
0.0383758
0.0383703
0.0383809
0.0383456
0.0383456
0.0383352
0.0383529
0.0383596
0.0383693
0.0360421
0.0380513
0.0373157
0.0400121
0.0383553
0.0392957
0.0386434
0.038191
0.0388876
0.037943
0.0381965
0.037939
0.0381638
0.0378711
0.0386438
0.0387514
0.0387235
0.0386902
0.0383692
0.0386226
0.0384419
0.0384818
0.0385887
0.0381034
0.0384077
0.0383874
0.0381339
0.0382256
0.0400312
0.0394388
0.0370893
0.0390907
0.0392514
0.0381943
0.0380207
0.0385978
0.03799
0.0380126
0.0380084
0.0384862
0.0386134
0.0381067
0.0381012
0.0381136
0.0383419
0.0381536
0.0385024
0.0384639
0.0385202
0.0381781
0.0382166
0.038183
0.0384936
0.038434
0.0382257
0.0382141
0.0355219
0.037627
0.0374833
0.0378995
0.0376796
0.0390246
0.0384557
0.0380512
0.0388461
0.0385841
0.0379367
0.0385769
0.0383412
0.0379886
0.0380262
0.0380738
0.0386381
0.0382754
0.0382796
0.0381818
0.0381157
0.0382584
0.038503
0.0385347
0.0384111
0.0381539
0.0384426
0.0382733
0.0384496
0.0393724
0.0395569
0.039594
0.0380425
0.0386081
0.0379328
0.0382331
0.0384829
0.0383845
0.0382539
0.038296
0.0382868
0.0384056
0.0383863
0.0383012
0.0383016
0.0383277
0.0383466
0.0383798
0.0383654
0.0383197
0.0383779
0.0383081
0.0383667
0.0383138
0.0383706
0.0383128
0.0383523
0.038333
0.0378855
0.0368225
0.040199
0.0397569
0.0390706
0.0383361
0.0382439
0.0382075
0.0382688
0.0382301
0.0379682
0.0381565
0.0383427
0.0384944
0.0381732
0.038403
0.0385899
0.0382295
0.0381042
0.0384894
0.0384115
0.0385442
0.0381903
0.0385241
0.0382297
0.0382816
0.038235
0.0383073
0.0382222
0.0379093
0.0370239
0.0386227
0.0393675
0.0373727
0.037933
0.0380494
0.0381394
0.0375338
0.0384206
0.0377232
0.0387273
0.0386967
0.0384373
0.0383447
0.0379993
0.0378962
0.038809
0.0381377
0.0387098
0.0383146
0.0380497
0.0387031
0.0385801
0.0380859
0.0383556
0.0386686
0.0380313
0.0382659
0.0384555
0.038092
0.0383029
0.0383154
0.0381522
0.0385203
0.0385928
0.0384961
0.0383902
0.0381142
0.038304
0.0381808
0.0383456
0.038269
0.0384901
0.038539
0.038153
0.0381837
0.0384998
0.0384588
0.0384786
0.0381758
0.0383741
0.0384057
0.0382832
0.0384703
0.038297
0.0382019
0.0384508
0.0383245
0.0382098
0.0377601
0.0401843
0.0421451
0.0361797
0.0400043
0.037683
0.0387203
0.0391882
0.037663
0.038346
0.0383077
0.037837
0.0383852
0.0386682
0.0380072
0.0386185
0.038558
0.0383428
0.0379378
0.0383831
0.038745
0.0385477
0.0387027
0.0380052
0.0381416
0.0382397
0.0382414
0.0381529
0.0383603
0.0385962
0.0384668
0.0380709
0.0381163
0.0380856
0.0385303
0.0382653
0.0381
0.0381346
0.0383915
0.0381995
0.0381917
0.0385283
0.0382401
0.0382131
0.0381679
0.0383689
0.038452
0.0382375
0.0381932
0.0382841
0.038185
0.0382603
0.0382138
0.0381903
0.0382445
0.0382347
0.0383607
0.0382088
0.0413029
0.0378802
0.0398701
0.0385866
0.038833
0.0381128
0.0386511
0.0380589
0.0382079
0.0381552
0.0381945
0.0382863
0.0382564
0.0382883
0.0382384
0.0382711
0.0384082
0.0382486
0.0383401
0.0383355
0.038294
0.0384198
0.0382923
0.0384132
0.0383133
0.0382778
0.0384
0.038285
0.0383806
0.0362653
0.0369086
0.0396927
0.0385368
0.0381723
0.0382166
0.0382401
0.037834
0.0378264
0.0378903
0.037972
0.0379882
0.0379826
0.0381828
0.0386635
0.0384373
0.038621
0.0384762
0.0381187
0.0383322
0.0384938
0.0381102
0.0385588
0.0382328
0.0383591
0.0381921
0.0385221
0.0383368
0.0381728
0.0398135
0.0425532
0.0390208
0.0376166
0.0389679
0.0386799
0.0385714
0.0385514
0.0392238
0.0377147
0.0381747
0.037694
0.0382161
0.0378179
0.0387669
0.0383997
0.0378732
0.0379546
0.0379566
0.0386441
0.03794
0.0382722
0.0379719
0.0383264
0.0386134
0.0386283
0.0384424
0.0382211
0.0386197
0.0383179
0.0383302
0.0386334
0.0383856
0.0385879
0.0386129
0.0382379
0.038538
0.0381264
0.0382795
0.0385103
0.0382996
0.0385616
0.0384754
0.0382358
0.0384613
0.0382228
0.0381489
0.0383424
0.0383703
0.0383817
0.0383992
0.0384984
0.038299
0.0384861
0.0384202
0.0382034
0.0384594
0.0382198
0.0384017
0.0390417
0.0361275
0.0367168
0.0379064
0.0385645
0.0382498
0.0389406
0.0382992
0.0378727
0.0382433
0.0379766
0.0381604
0.0386555
0.0381723
0.0380474
0.0381418
0.0382942
0.0380937
0.0385597
0.038391
0.0383309
0.0381604
0.0384773
0.038475
0.0384466
0.0381988
0.0383998
0.0382864
0.0412235
0.0378367
0.0392393
0.0383026
0.0384056
0.0381982
0.0384957
0.0382467
0.0383209
0.038053
0.0388757
0.0381451
0.0378547
0.0379004
0.03792
0.0380168
0.0386897
0.0381911
0.0379998
0.0385769
0.0384662
0.038159
0.0380848
0.0385956
0.0381625
0.0381006
0.0383653
0.0383089
0.0385248
0.0381699
