0.0231466
0.0214135
0.0200429
0.0235002
0.0223235
0.0224032
0.0227844
0.0239844
0.0241547
0.023931
0.0238865
0.0240988
0.025112
0.025027
0.0250277
0.0250492
0.0250337
0.0250414
0.0250422
0.0250385
0.0250421
0.0250392
0.0250279
0.0250302
0.0250301
0.025033
0.0250382
0.0250279
0.0250367
0.0250313
0.0250371
0.0250299
0.0250292
0.0250366
0.0250363
0.0250262
0.0250331
0.0250332
0.0250325
0.0250289
0.0250318
0.0250345
0.0250339
0.0250258
0.0250301
0.0250257
0.0250331
0.025033
0.0250316
0.0250328
0.0250325
0.0250315
0.0250317
0.0250311
0.02503
0.0250313
0.0250308
0.02503
0.025031
0.0250299
0.025029
0.0250293
0.0250301
0.0250293
0.0250269
0.0259327
0.0254666
0.0251788
0.0250255
0.0251128
0.0251995
0.0251773
0.0251759
0.0250782
0.0251232
0.0250761
0.0251421
0.0251107
0.0251263
0.0250833
0.0250232
0.0250518
0.0250569
0.0250708
0.025056
0.0250909
0.0250572
0.0250402
0.0250711
0.0250261
0.0250546
0.0250707
0.0250693
0.0250537
0.0250696
0.0250481
0.0250535
0.0250196
0.0250563
0.0250226
0.0250406
0.0250509
0.025019
0.0250371
0.0250435
0.0250448
0.0250442
0.0250375
0.0250474
0.0250463
0.0250415
0.0250215
0.0250248
0.0246393
0.0249002
0.0249754
0.0248846
0.0249709
0.0249258
0.02503
0.0249688
0.0249599
0.0249486
0.025005
0.0249992
0.0250306
0.0250342
0.0250071
0.0249785
0.0249959
0.0249982
0.0249886
0.0249933
0.0250052
0.0250154
0.0250039
0.0249953
0.0250118
0.0250308
0.0250008
0.0250026
0.0250311
0.0250107
0.0250052
0.025014
0.025015
0.0250232
0.0250184
0.0250109
0.0250113
0.0250114
0.0250133
0.025026
0.0248568
0.0249739
0.0250059
0.0249478
0.0250034
0.0249799
0.0250289
0.0249991
0.0249963
0.0249902
0.0250117
0.0250081
0.0250293
0.0250317
0.0250133
0.0250002
0.0250069
0.0250102
0.0250047
0.0250058
0.0250124
0.0250197
0.025013
0.0250078
0.0250165
0.0250295
0.0250104
0.0250113
0.0250298
0.0250159
0.0250133
0.0250186
0.0250187
0.0250244
0.025021
0.0250166
0.0250166
0.0250168
0.0250178
0.0233989
0.0246357
0.0247299
0.024729
0.024863
0.0248367
0.024979
0.0248747
0.0248838
0.0248522
0.0249814
0.0249608
0.0249246
0.0249719
0.0249047
0.0249626
0.0250083
0.0250005
0.0249226
0.0249431
0.0250175
0.0249431
0.0250091
0.0249855
0.0249845
0.0249811
0.0249771
0.0249836
0.0249992
0.0248981
0.024937
0.0250111
0.0250014
0.0249896
0.0250101
0.0250122
0.025033
0.0250144
0.0250148
0.0250153
0.0250075
0.0250298
0.0250093
0.0250175
0.0250139
0.0250123
0.0250197
0.0250124
0.0250152
0.0250195
0.0250234
0.0250155
0.0250184
0.025021
0.0250163
0.0250194
0.0250174
0.025028
0.0250206
0.0250207
0.0250279
0.0250257
0.0250208
0.0250227
0.0250216
0.0250236
0.0250211
0.0250269
0.0250245
0.0249649
0.0248611
0.0249731
0.0247372
0.0247338
0.0248711
0.0248405
0.0248476
0.0249849
0.0249796
0.0249421
0.0248688
0.0248926
0.0249706
0.0248891
0.0249124
0.0249302
0.0249784
0.0249204
0.0249409
0.0250073
0.0250078
0.0249503
0.0250098
0.024984
0.0249465
0.0249641
0.0250131
0.0249684
0.0250064
0.025012
0.0249776
0.0249884
0.0249765
0.0250276
0.0250294
0.0250035
0.025029
0.0250164
0.0249966
0.0250283
0.0250844
0.0250847
0.0250416
0.0250491
0.0250329
0.0250372
0.0250387
0.0250243
0.0250356
0.0250387
0.0250333
0.0250338
0.0250352
0.0250311
0.0250364
0.0250362
0.0250357
0.0250356
0.0250342
0.0250286
0.0250328
0.0250343
0.0250338
0.0250302
0.025027
0.0250313
0.0250322
0.0250314
0.0250335
0.0250333
0.0250311
0.0250273
0.0250273
0.025031
0.0250309
0.0250309
0.0250314
0.0250318
0.0250304
0.0250271
0.0250299
0.0250304
0.0250282
0.0250295
0.0250303
0.0250288
0.0250277
0.0250302
0.0250298
0.0250262
0.0250284
0.0250287
0.0250258
0.0245519
0.0246621
0.0248506
0.0247316
0.0249457
0.0247993
0.0247915
0.0249181
0.0248366
0.0249286
0.0249078
0.0249234
0.0249037
0.0249365
0.0250052
0.0249398
0.0240015
0.0248451
0.0243182
0.0249874
0.0243655
0.0249607
0.0244659
0.0244923
0.0246233
0.0245375
0.0247106
0.0246312
0.0249176
0.024797
0.0247678
0.0250112
0.0248298
0.0248319
0.0250037
0.0248554
0.024913
0.0249663
0.0248859
0.0250105
0.02491
0.0249041
0.0250943
0.0250301
0.0250598
0.0250477
0.0250345
0.025044
0.0250317
0.0250397
0.0250392
0.0250384
0.0250282
0.0250322
0.0250341
0.0250314
0.0250273
0.0250307
0.0250243
0.0250346
0.0250323
0.0250332
0.0250341
0.0250319
0.0250339
0.0250326
0.0250315
0.0250309
0.0250321
0.0250313
0.0250317
0.0250313
0.0250296
0.0250313
0.0250315
0.0250312
0.0250301
0.0250254
0.0250298
0.0250286
0.0250302
0.0250288
0.025027
0.0250255
0.0250268
0.0250298
0.0250295
0.0250295
0.0250267
0.0250157
0.0250206
0.0249615
0.0249418
0.0249737
0.0249835
0.0250111
0.0249919
0.0249365
0.0249787
0.0249451
0.0250231
0.0249763
0.0249461
0.0250273
0.0249967
0.0249799
0.0249639
0.0250248
0.0250142
0.0249682
0.0249813
0.0250012
0.0250019
0.0250039
0.0249939
0.0250047
0.024999
0.0250129
0.0250258
0.0250258
0.024998
0.025001
0.0250197
0.024557
0.0234564
0.0228831
0.0237105
0.0241164
0.0245245
0.0239111
0.0245451
0.0245353
0.0238828
0.0242144
0.0245104
0.0242672
0.0249932
0.0249952
0.0249989
0.0245338
0.0250018
0.024961
0.0250052
0.0249037
0.0248995
0.0249521
0.0249489
0.0249517
0.0250013
0.0250017
0.0249799
0.0249554
0.02496
0.0249945
0.0249614
0.0249713
0.0249761
0.025001
0.0249738
0.0249831
0.025016
0.0250151
0.0249858
0.0250173
0.0250036
0.0249848
0.0249923
0.0250191
0.0249954
0.0250154
0.0250184
0.0249993
0.0250048
0.0249992
0.0250275
0.0250286
0.0250136
0.0250283
0.0250209
0.0250098
0.0244982
0.0242705
0.024662
0.0242725
0.0246296
0.0245857
0.0246479
0.0245764
0.0246247
0.0247519
0.0248246
0.02482
0.0247923
0.0249755
0.0247363
0.0249814
0.0249446
0.0248267
0.0250296
0.0248198
0.0248539
0.0249951
0.024871
0.0248899
0.0248891
0.0249198
0.0249147
0.0249999
0.0249138
0.0249359
0.0249638
0.0249367
0.0249821
0.0249968
0.0249515
0.0250268
0.0248359
0.0249881
0.0249894
0.0249311
0.0249823
0.0249778
0.0249784
0.0249772
0.0249996
0.0250005
0.02503
0.0249799
0.0249789
0.0249791
0.0250267
0.0249897
0.024991
0.0249903
0.0250284
0.0250216
0.0250024
0.0250074
0.0250031
0.0250176
0.0250213
0.0250091
0.025016
0.0250132
0.0250194
0.0250083
0.0250243
0.0250079
0.0250185
0.0250197
0.0250097
0.0250099
0.025011
0.0250218
0.0250117
0.0250115
0.0250238
0.019475
0.0233252
0.0233377
0.0240394
0.0247289
0.023833
0.024158
0.0242649
0.0243978
0.0250269
0.0252645
0.025031
0.0251495
0.0251105
0.0250252
0.0250391
0.0250374
0.0250463
0.0250595
0.0250572
0.0250376
0.0250324
0.0250352
0.0250432
0.0250534
0.025057
0.0250544
0.0250518
0.0250531
0.0250371
0.0250419
0.0250341
0.0250409
0.0250516
0.0250484
0.02505
0.0250364
0.0250412
0.0250409
0.0250446
0.0250458
0.0250333
0.0250278
0.0250278
0.0250392
0.0250439
0.0250368
0.0250252
0.0250292
0.0250342
0.0250413
0.0250285
0.0250289
0.0250276
0.0250396
0.0250392
0.0250356
0.025039
0.0250282
0.0250316
0.0250284
0.0250306
0.0247615
0.0221124
0.0223928
0.0246671
0.0244342
0.024132
0.0248315
0.0241971
0.0244936
0.0249225
0.0244978
0.0244636
0.0248755
0.0245107
0.0249292
0.0246784
0.0247708
0.0248514
0.0247424
0.024912
0.0249681
0.0247923
0.0249704
0.024039
0.024179
0.0237378
0.0237772
0.0238341
0.0244686
0.024119
0.0248041
0.0248247
0.0248998
0.0244313
0.0244617
0.0247031
0.0248869
0.0247061
0.0249007
0.024933
0.0206094
0.016462
0.0228781
0.0237142
0.0237982
0.0245712
0.0242145
0.0233858
0.0245158
0.0243206
0.0237699
0.0243522
0.0249243
0.0247611
0.0242932
0.0246534
0.0243656
0.0250269
0.0252273
0.025036
0.0250762
0.0250669
0.0250585
0.0250398
0.0250659
0.0250761
0.0250617
0.0250578
0.0250661
0.0250477
0.0250305
0.0250217
0.0250447
0.0250608
0.0250613
0.0250537
0.0250571
0.0250472
0.0250287
0.0250492
0.0250453
0.0250533
0.025036
0.0250375
0.025032
0.0250504
0.0250467
0.0250383
0.0250381
0.0250428
0.0250465
0.0250423
0.0250462
0.0250433
0.0250421
0.0250432
0.0250353
0.0250354
0.0250423
0.0250327
0.0250418
0.0250413
0.0250333
0.0250333
0.0250349
0.0250384
0.0250363
0.025034
0.025037
0.025029
0.0249548
0.0246286
0.0243684
0.0246596
0.0243761
0.0250143
0.0245799
0.0246394
0.0247488
0.0245052
0.0248663
0.0246387
0.0249769
0.024685
0.0247714
0.024744
0.0250073
0.0247664
0.0248739
0.0249883
0.0248836
0.0249205
0.0249907
0.0243098
0.0244494
0.0246809
0.0249276
0.0247118
0.0247452
0.0247375
0.0248102
0.0248397
0.0248376
0.0250057
0.02498
0.0249307
0.0248865
0.0249727
0.0250042
0.0250043
0.0232875
0.0245715
0.0247502
0.0239756
0.0241525
0.0241329
0.0245435
0.0243895
0.0249229
0.0249312
0.0249666
0.0249696
0.0248355
0.0249355
0.0248192
0.0250268
0.0249924
0.0249337
0.0247208
0.0248507
0.0248783
0.0248784
0.0248907
0.0248721
0.0248834
0.0249141
0.0249164
0.0250198
0.0250149
0.0249789
0.0250119
0.0249664
0.0250257
0.0249974
0.0249532
0.0250005
0.0249629
0.0249649
0.024987
0.0249888
0.02501
0.0249773
0.0249809
0.0249816
0.00840035
0.0225893
0.0192625
0.0225052
0.0217009
0.0232714
0.0230654
0.0243716
0.0231765
0.0244351
0.0240298
0.0243998
0.0242397
0.0239891
0.0248235
0.0246403
0.0244431
0.0247797
0.0248006
0.0249633
0.0247068
0.0246304
0.0249891
0.0234093
0.0213447
0.0225129
0.024783
0.023157
0.0236375
0.0237278
0.0240384
0.0247996
0.0240954
0.0241705
0.0244124
0.0244519
0.0252453
0.0250276
0.0250274
0.0251196
0.0250616
0.0250482
0.025047
0.0250581
0.0250508
0.0250488
0.0250551
0.0250557
0.0250553
0.0250551
0.0250557
0.0250529
0.0250555
0.0250474
0.0250394
0.0250517
0.0250314
0.0250499
0.02505
0.0250459
0.0250495
0.0250487
0.0250473
0.0250444
0.0250464
0.0250397
0.025039
0.0250401
0.0250337
0.0250435
0.0250272
0.0250332
0.025035
0.0250315
0.0250403
0.0250382
0.0250403
0.0250397
0.0250384
0.0250393
0.0250313
0.0250381
0.0250271
0.0250291
0.0250378
0.0250332
0.0250329
0.0250313
0.0225641
0.0240176
0.0238461
0.0235671
0.0237174
0.0249084
0.0240323
0.0242082
0.0247942
0.0250268
0.0246874
0.0243906
0.024956
0.024891
0.0247645
0.0248168
0.0248163
0.0248273
0.0248168
0.0248353
0.0249847
0.0250175
0.0249168
0.0249973
0.0248864
0.0248839
0.0248941
0.0249444
0.0249811
0.0250309
0.0250261
0.0249588
0.024987
0.0250042
0.0249425
0.0249542
0.02498
0.0249698
0.0249593
0.0249607
0.0249807
0.0249755
0.0249739
0.0250268
0.0245712
0.0248672
0.0249845
0.0249102
0.0249577
0.0249572
0.0249564
0.0249687
0.0249987
0.0249678
0.0249763
0.0249851
0.0250027
0.0250278
0.0250111
0.0249971
0.0250035
0.0249841
0.0250134
0.0249984
0.024997
0.0249986
0.0249993
0.0250164
0.0250077
0.025021
0.0250294
0.0250048
0.0250181
0.0250068
0.025015
0.0250107
