0.0171958
0.0168438
0.0181916
0.0193692
0.0244122
0.0220597
0.0208327
0.023497
0.0219034
0.0248792
0.0232065
0.0238985
0.0238985
0.0238116
0.0238746
0.0238965
0.0240766
0.0240186
0.0237302
0.0236925
0.0238869
0.0240312
0.0237425
0.0240437
0.0240594
0.024015
0.0237658
0.0240228
0.0238564
0.0239754
0.0240329
0.0239242
0.0238017
0.0240026
0.0238958
0.0238109
0.023904
0.023855
0.0238637
0.0238853
0.023907
0.0238381
0.0239579
0.023983
0.0239307
0.0238619
0.0238762
0.0239613
0.0239689
0.0238578
0.0238866
0.0238943
0.0239191
0.0238777
0.0239017
0.0238863
0.0239301
0.0238427
0.0239054
0.0239505
0.0238448
0.0238614
0.0238903
0.0238985
0.0238985
0.0238841
0.0238855
0.0262448
0.0221378
0.0220241
0.0260159
0.0247738
0.0256639
0.0253289
0.0255183
0.0254881
0.025449
0.0234504
0.0227028
0.0245062
0.0249006
0.0251987
0.0230293
0.0234788
0.0228788
0.0232206
0.0235959
0.0230722
0.0241921
0.0234834
0.0233881
0.024643
0.0245842
0.0234067
0.0241057
0.0245818
0.0244827
0.0232667
0.0232945
0.024531
0.0239524
0.0244661
0.0244581
0.0244087
0.0241726
0.0234181
0.0243723
0.0238061
0.0236712
0.0234652
0.0241948
0.0424234
0.0231479
0.0238985
0.0233626
0.0225642
0.0258122
0.0258223
0.0220095
0.0251946
0.0225465
0.0223931
0.0253417
0.0252669
0.0228391
0.0226375
0.0227883
0.024909
0.0249316
0.0230138
0.0248905
0.0229476
0.0229984
0.0230192
0.0241517
0.0243432
0.0232343
0.0233743
0.0245378
0.023321
0.0232636
0.0244931
0.0236765
0.0233504
0.0242957
0.0242364
0.0243454
0.0241971
0.0238881
0.0241676
0.0239531
0.0346018
0.0235957
0.0238985
0.0236791
0.0233032
0.0251592
0.0249799
0.0228163
0.0245688
0.0229835
0.022995
0.0248179
0.0247282
0.0233155
0.0230986
0.0231373
0.0245227
0.0245695
0.0233692
0.0245297
0.0232723
0.0232895
0.023328
0.0240507
0.0241706
0.0234645
0.0235676
0.024319
0.0235241
0.023472
0.024297
0.0237581
0.0235227
0.0241604
0.0241201
0.0242001
0.0240947
0.0238918
0.0240755
0.0239339
0.0238985
0.0238928
0.0235865
0.024981
0.0238482
0.0229143
0.0242591
0.0240093
0.0246317
0.0247301
0.023305
0.0234444
0.023899
0.0232818
0.0236236
0.02405
0.0233789
0.0243788
0.0236177
0.0235979
0.0238413
0.0235022
0.0238115
0.0241455
0.0236187
0.0236581
0.02407
0.0241828
0.024141
0.0239467
0.0238985
0.0238985
0.0238958
0.0243509
0.0233268
0.0245837
0.0245486
0.0232737
0.024367
0.0235161
0.0235689
0.0235172
0.0243717
0.0235617
0.0243302
0.0234738
0.0239553
0.0236451
0.0235351
0.0235397
0.0235658
0.0240113
0.0235735
0.0242179
0.0241084
0.0237312
0.024156
0.0241518
0.0241431
0.0237321
0.0241387
0.0240127
0.0238587
0.0240645
0.0237651
0.0237928
0.0237335
0.0240791
0.0237378
0.0237594
0.0239837
0.0239631
0.0238985
0.0238419
0.0194272
0.0256563
0.0244741
0.0222083
0.0241747
0.0231066
0.0246013
0.0250934
0.0251905
0.0237069
0.0227771
0.023067
0.0242068
0.022932
0.0248477
0.0229254
0.0233403
0.0241289
0.0240086
0.0245857
0.0230975
0.0231404
0.0235416
0.0232418
0.0232691
0.024042
0.0232853
0.0233128
0.0242371
0.0235378
0.02439
0.0243009
0.0234986
0.0235951
0.0242082
0.0235972
0.024246
0.023558
0.0238985
0.0239026
0.0238985
0.0238978
0.0238662
0.0238421
0.0239176
0.0240658
0.0239946
0.0240958
0.0237517
0.0237803
0.0237357
0.0240312
0.0237478
0.0237506
0.0239932
0.0240408
0.0239108
0.0237703
0.0239455
0.0238149
0.0240238
0.02399
0.0240121
0.0238916
0.0240028
0.0237961
0.0239523
0.0240026
0.0238365
0.0239934
0.0239915
0.0239475
0.0239598
0.0239812
0.0238275
0.0238343
0.0238294
0.0238937
0.0239263
0.0238858
0.0239676
0.0239273
0.0238605
0.023961
0.0239272
0.0238539
0.0239078
0.0238751
0.0239387
0.0239431
0.0238985
0.0238985
0.0238793
0.0245902
0.0243772
0.0242844
0.0243565
0.0241011
0.0234559
0.0237919
0.0237968
0.0236883
0.0236175
0.0239303
0.0241273
0.0236893
0.023657
0.0238868
0.0190285
0.0211053
0.0242674
0.0249466
0.0249669
0.0255839
0.0237678
0.0220566
0.0230229
0.0249375
0.0231296
0.0226532
0.0228488
0.022936
0.0240787
0.0239835
0.0229453
0.0241138
0.0246629
0.0238041
0.0235168
0.0232437
0.0236856
0.0233171
0.0232836
0.0237953
0.0233729
0.0235741
0.0238985
0.0238985
0.0238985
0.0238851
0.0239423
0.0241194
0.0241398
0.0235613
0.0235835
0.0236146
0.0240497
0.0236889
0.0236954
0.0241406
0.0236766
0.0236863
0.0236869
0.0241231
0.0238114
0.0240821
0.0237072
0.0237098
0.0239823
0.0240649
0.0240674
0.0238475
0.0237588
0.0239774
0.0239156
0.0239518
0.0238171
0.0239653
0.0238212
0.0238345
0.0238632
0.0238637
0.0240027
0.0237916
0.0239986
0.0238064
0.0238171
0.0239958
0.0238565
0.0238438
0.0239822
0.0239055
0.0239018
0.0238985
0.0238985
0.023898
0.0235061
0.024909
0.0228687
0.0248298
0.0230792
0.0232073
0.0245271
0.0231517
0.0231348
0.0232314
0.0233196
0.024429
0.0244547
0.024453
0.0236015
0.0239285
0.024118
0.0237007
0.023591
0.0242334
0.0235975
0.0240988
0.0236351
0.0235657
0.0237675
0.0236425
0.0236558
0.0240598
0.0236899
0.0241181
0.0236194
0.0236544
0.0210786
0.0190463
0.024364
0.0203397
0.0256642
0.025808
0.0254819
0.0252474
0.0219424
0.0223355
0.0221154
0.0224028
0.0241187
0.0227705
0.0243779
0.0246945
0.0232969
0.0228732
0.0249673
0.0247588
0.0247041
0.022694
0.0227633
0.0235346
0.0237398
0.0237326
0.0247776
0.0234129
0.0234582
0.0242298
0.024612
0.0233698
0.0240584
0.0232943
0.0232602
0.0238982
0.0241538
0.0241488
0.0233867
0.023398
0.0233967
0.023436
0.0238218
0.0239916
0.0242669
0.0235352
0.0241981
0.0240233
0.0237677
0.0235577
0.0242175
0.0238298
0.0242186
0.0236037
0.0236187
0.0236294
0.0236973
0.0237921
0.0240691
0.0200991
0.0233928
0.0215544
0.0260062
0.0235053
0.0217671
0.0216895
0.0248777
0.0254696
0.0223595
0.0244789
0.0238424
0.0233169
0.0222564
0.0251575
0.0248444
0.0236785
0.0228437
0.0246449
0.0246313
0.0245697
0.0230022
0.024221
0.0237759
0.0231776
0.0245581
0.023248
0.0233193
0.0244999
0.0236131
0.0244748
0.0239574
0.0234511
0.023492
0.0243579
0.0249007
0.0232036
0.0239091
0.0248107
0.0239139
0.0237465
0.0231675
0.0246785
0.0244285
0.0233431
0.0232921
0.0236627
0.0232978
0.0233268
0.0235694
0.0233588
0.0238875
0.0233635
0.0235052
0.0233955
0.0241161
0.0235163
0.0239537
0.0242232
0.0238552
0.0241985
0.0241686
0.024109
0.023629
0.0241875
0.0241149
0.0240488
0.0239738
0.023634
0.0236572
0.0236935
0.0237182
0.0237034
0.0240975
0.0237003
0.0238205
0.022738
0.0186464
0.0254118
0.0214459
0.0221627
0.0235775
0.0234716
0.0227229
0.0247313
0.022813
0.0230448
0.023883
0.0240945
0.0240618
0.0235889
0.0240903
0.0243829
0.0237535
0.0238331
0.0234627
0.024106
0.0235157
0.0236023
0.0243059
0.0238853
0.0238474
0.0240083
0.0237466
0.0239316
0.0236314
0.0239087
0.0240898
0.0236363
0.023787
0.0241487
0.0239917
0.0241109
0.0237497
0.0241329
0.0236765
0.0240595
0.0239685
0.0239274
0.0238274
0.0237414
0.0239748
0.024054
0.0238617
0.0237656
0.0240616
0.0237915
0.0238928
0.0240263
0.023929
0.0240276
0.0239909
0.0240163
0.0240316
0.0238401
0.0238175
0.0238939
0.023966
0.0237941
0.0238433
0.0200101
0.0245531
0.0237841
0.0222128
0.0248448
0.0247109
0.0241106
0.0220383
0.0245459
0.0243673
0.0224692
0.0245732
0.0249142
0.0228367
0.0233815
0.0243231
0.0240858
0.022988
0.0241756
0.0232401
0.0244565
0.0244147
0.0240249
0.0220723
0.0201663
0.0242118
0.0213284
0.0252577
0.0254053
0.0251264
0.0249632
0.0223734
0.0226463
0.0225182
0.0227564
0.0240672
0.0229908
0.0242758
0.0245383
0.0234313
0.0230845
0.0210409
0.0229912
0.0193085
0.0236064
0.0191456
0.0194771
0.0254075
0.0227149
0.0210263
0.0210169
0.0229391
0.0222954
0.0247137
0.0249425
0.0242274
0.0250381
0.0223448
0.0249801
0.0238985
0.0244107
0.0245771
0.0236445
0.0245196
0.0244127
0.0240416
0.0241316
0.0236383
0.0241028
0.0244289
0.0240722
0.0242989
0.0242308
0.0235855
0.0242814
0.0235264
0.0241999
0.0242043
0.0239129
0.0235707
0.0235719
0.0242116
0.0236212
0.0239225
0.023831
0.0236782
0.0241644
0.0238076
0.0239568
0.0236545
0.0240184
0.024001
0.024124
0.0238228
0.0240373
0.023943
0.0240915
0.0239206
0.0238424
0.0240284
0.0240276
0.0238555
0.0240322
0.0237842
0.0237408
0.0240569
0.0239214
0.0239854
0.0237607
0.0240312
0.0238114
0.0237865
0.0252613
0.0221428
0.0226388
0.0243228
0.0218294
0.0219587
0.0250395
0.0251592
0.0227511
0.0221879
0.0251025
0.0224998
0.0227577
0.0226332
0.0249048
0.0242001
0.0229666
0.024295
0.0246896
0.0236387
0.0232657
0.0232665
0.0241672
0.0229309
0.022938
0.0227368
0.0245976
0.0230913
0.023139
0.0243568
0.0234
0.0240223
0.0234385
0.0238838
0.0238482
0.024199
0.0239458
0.0240914
0.023583
0.023836
0.0243613
0.0226658
0.0224444
0.0220501
0.0235607
0.0249604
0.0236822
0.0227859
0.0247451
0.0240866
0.0241723
0.023355
0.0233938
0.0231294
0.0240133
0.0231704
0.023206
0.0239925
0.0249062
0.0246908
0.0243243
0.0248655
0.0237615
0.0242949
0.0231854
0.0245146
0.0232246
0.0245555
0.0238548
0.0244698
0.0238619
0.0233832
0.0240302
0.0235706
0.0242513
0.0236695
0.0239693
0.0235202
0.0239199
0.0235649
0.0241526
0.0241651
0.0236793
0.0240842
0.0237427
0.0140955
0.0197104
0.0170831
0.0273824
0.0215992
0.02064
0.0196218
0.0207458
0.0256351
0.0238561
0.021627
0.0254533
0.025106
0.0215719
0.025193
0.0221546
0.0229582
0.0222867
0.0237623
0.0243863
0.0243819
0.0240911
0.0228176
0.0189044
0.0227736
0.0201606
0.0214275
0.0212702
0.024333
0.02064
0.0215236
0.0250553
0.022217
0.0220535
0.0225586
0.0224217
0.0226694
0.0226494
0.0247728
0.0238989
0.0237975
0.0240848
0.0241502
0.0239148
0.0238217
0.0240957
0.0242021
0.0235563
0.0242587
0.0242955
0.0242973
0.0240449
0.0241587
0.0241568
0.023946
0.023956
0.0237209
0.023961
0.0241623
0.0236457
0.0238652
0.0240671
0.0240904
0.0238526
0.0241039
0.0237228
0.0239178
0.0240858
0.0238023
0.0239631
0.0240118
0.0238821
0.023732
0.0240334
0.0239626
0.0238006
0.023782
0.0239327
0.0240414
0.0238593
0.0238866
0.0240247
0.0239097
0.0237782
0.0239484
0.0239831
0.0240181
0.0238921
0.0240064
0.02393
0.0240031
0.0238052
0.0220092
0.0240906
0.0232592
0.0211104
0.0229121
0.0229638
0.0230178
0.0234543
0.0224533
0.0226946
0.0244649
0.0238952
0.0253968
0.0220896
0.022464
0.0240882
0.0223533
0.022531
0.0250156
0.0228879
0.0245583
0.0242936
0.0247537
0.0236256
0.0247141
0.0235683
0.0230535
0.0244312
0.0244265
0.0242932
0.024438
0.0232898
0.0236478
0.0234474
0.0238577
0.0237164
0.0237094
0.0241496
0.0242946
0.0234989
0.0242184
0.0240854
0.0242064
0.0239292
0.0238528
0.0229565
0.0238307
0.0239275
0.0231287
0.0241788
0.023181
0.0232817
0.0235947
0.0233387
0.023526
0.0243989
0.0243855
0.0243315
0.0237529
0.024254
0.0242151
0.0241663
0.0241136
0.0235562
0.0236893
0.0241195
0.0236615
0.0235892
0.0236235
0.0241598
0.0237732
0.0237962
0.0239066
0.0240956
0.0237648
0.0239393
0.0237511
0.0239047
0.0240755
