0.0210833
0.016813
0.0180551
0.0178699
0.0171224
0.0188979
0.0192408
0.0202897
0.0205529
0.0214843
0.0205602
0.0212281
0.0215521
0.0212282
0.0214633
0.0212288
0.0211856
0.021225
0.0212245
0.0212867
0.021229
0.0212875
0.0212069
0.0212221
0.0212444
0.0211754
0.0212444
0.021263
0.0212385
0.0212745
0.0212191
0.0212255
0.0212316
0.021263
0.0212663
0.0212628
0.021192
0.0211924
0.0212325
0.0212398
0.0212504
0.0212493
0.0212444
0.0212001
0.0212566
0.0212264
0.0212098
0.0212125
0.0212028
0.0212539
0.0212121
0.0212386
0.0212522
0.0212143
0.0212083
0.0212365
0.021249
0.0212343
0.0212411
0.02121
0.0212444
0.0212371
0.0212393
0.0209375
0.0212281
0.0211821
0.0230286
0.0229569
0.0216466
0.0218373
0.0218629
0.0207283
0.0206804
0.0207031
0.0209893
0.0216648
0.020773
0.0215948
0.0214128
0.0216584
0.0216194
0.0212121
0.0209642
0.0215501
0.0208951
0.0209946
0.021512
0.0215411
0.0212997
0.0214998
0.0211251
0.0209952
0.0210787
0.0210429
0.0214469
0.0214474
0.0214404
0.0210743
0.0210469
0.021373
0.0212484
0.0212737
0.0212224
0.0214018
0.0213787
0.0211032
0.0213825
0.021203
0.0213363
0.021359
0.0212281
0.0212281
0.0212281
0.0194615
0.0224638
0.0196466
0.0208744
0.0214161
0.0217336
0.0206639
0.0208105
0.0207297
0.0207866
0.020743
0.0213933
0.0215419
0.0208543
0.0208984
0.0215621
0.0212075
0.0215163
0.0215019
0.0211942
0.0212288
0.0211542
0.0209848
0.0210837
0.0214435
0.0213701
0.0210172
0.0210678
0.0213997
0.0210464
0.0211394
0.0213914
0.0213456
0.0211396
0.0211179
0.0212216
0.0212976
0.0212281
0.0213832
0.0205572
0.0211199
0.0215365
0.0212444
0.0214146
0.021566
0.0209103
0.0208618
0.0214952
0.0215207
0.0209342
0.021492
0.0214331
0.0209867
0.0213821
0.0214468
0.0212664
0.0210135
0.0213706
0.0211974
0.0213971
0.0210584
0.0211445
0.0210799
0.0212201
0.0210764
0.0212437
0.0212621
0.021248
0.0213386
0.021247
0.0213423
0.0211172
0.0213387
0.0212283
0.0213371
0.0212336
0.0212127
0.0211973
0.0212281
0.0215957
0.0211472
0.0211488
0.0212678
0.0211002
0.0214712
0.0211716
0.0209167
0.0210409
0.0209613
0.021406
0.0213244
0.0212056
0.0210341
0.0212861
0.0210286
0.0211174
0.0210636
0.021062
0.0211557
0.0212611
0.0211099
0.0212743
0.0211257
0.0211195
0.0212696
0.0163982
0.0212327
0.0212272
0.0213875
0.0214693
0.0209923
0.0212031
0.0212235
0.0210378
0.0213921
0.0210918
0.021372
0.0211694
0.0213797
0.0212092
0.0213569
0.0210951
0.021346
0.0211133
0.0211024
0.0211908
0.0211895
0.0213026
0.0212149
0.02124
0.0213267
0.021317
0.0211379
0.0211593
0.0212415
0.0211803
0.0212125
0.0212195
0.0212229
0.0211744
0.0212584
0.0211652
0.0212791
0.0211797
0.0211674
0.0212741
0.02126
0.0135635
0.0204524
0.022036
0.02059
0.0207665
0.0207898
0.0213894
0.0209307
0.0216773
0.0206481
0.0206143
0.0215659
0.0208257
0.0215997
0.0212911
0.0212852
0.021487
0.0210267
0.0214088
0.0215144
0.0212935
0.0209232
0.0209827
0.0214672
0.021042
0.0213256
0.020979
0.0214284
0.0209899
0.021022
0.0213919
0.0213967
0.0212315
0.0213698
0.0213553
0.021332
0.021231
0.0210612
0.0210609
0.0213634
0.0211022
0.0211866
0.0212281
0.0213837
0.0212286
0.0212284
0.0212265
0.0212279
0.0212343
0.0212615
0.0211813
0.0212615
0.0212019
0.021172
0.0211957
0.0211743
0.021172
0.0212834
0.0212141
0.0212678
0.0211836
0.0212634
0.0212019
0.0212369
0.0212685
0.0212332
0.0212519
0.0212271
0.0212014
0.0212111
0.0212141
0.0212335
0.0212188
0.0212464
0.0212101
0.0212055
0.0212207
0.0212146
0.0212055
0.0212035
0.0212284
0.0212102
0.0212023
0.0212074
0.0212138
0.0212493
0.0212173
0.0212129
0.0212498
0.0212223
0.0212216
0.0212389
0.0212478
0.0212115
0.0212382
0.0212281
0.0208514
0.0209221
0.0208739
0.0208657
0.0209966
0.0209379
0.0209716
0.020975
0.0210195
0.0213063
0.0210522
0.0210581
0.0212906
0.0211732
0.0211284
0.0212281
0.017711
0.0209371
0.0201263
0.0204387
0.0202285
0.021349
0.0207391
0.0206607
0.0203929
0.0206971
0.0216157
0.0213003
0.0215487
0.0207062
0.0209029
0.0214115
0.0210061
0.0213003
0.0210693
0.0209602
0.0208933
0.0214332
0.0209187
0.0211075
0.0209996
0.021294
0.0210053
0.0212879
0.0213449
0.0212281
0.0212278
0.0212319
0.0213878
0.0211758
0.021358
0.0212582
0.0212833
0.0212374
0.0211262
0.0211965
0.021146
0.0212288
0.0212027
0.0213144
0.0211813
0.0211627
0.0211767
0.0211814
0.0211605
0.021215
0.0212615
0.0211769
0.0211958
0.0211794
0.0212565
0.021265
0.0212346
0.0211801
0.0211943
0.0212416
0.0212733
0.0211835
0.0212667
0.0211921
0.0212366
0.0211992
0.0212327
0.0212145
0.0211936
0.0212578
0.021209
0.0212138
0.0212087
0.0212565
0.0212012
0.0212281
0.0205807
0.0204043
0.0212478
0.0215535
0.0214363
0.0214996
0.0209021
0.021115
0.0209341
0.0209435
0.0210939
0.0214145
0.0213262
0.0210044
0.0210169
0.021382
0.0212148
0.0210534
0.0213752
0.021072
0.021306
0.0212807
0.0211036
0.0211393
0.0212963
0.0211122
0.021261
0.0213115
0.021194
0.0212265
0.0212948
0.0212859
0.00133216
0.0163727
0.0192492
0.0187812
0.0217039
0.0192661
0.0195549
0.0199528
0.0203002
0.0204084
0.0202318
0.0213725
0.0214352
0.0208406
0.0204996
0.0207421
0.0206981
0.0210228
0.00681799
0.0209076
0.0217142
0.0209453
0.021032
0.0210415
0.0213055
0.0211008
0.0214934
0.0209462
0.0208937
0.0214083
0.0210369
0.0214586
0.0212617
0.0212593
0.0213747
0.0211282
0.0213278
0.0213987
0.0212646
0.0210503
0.0210959
0.0213718
0.0211291
0.0212834
0.0210838
0.0213493
0.0210857
0.021111
0.0213274
0.0213316
0.0212311
0.0213136
0.0213044
0.0212901
0.0212307
0.021126
0.0211266
0.0213111
0.0211554
0.0212048
0.0212281
0.020384
0.0218494
0.0199307
0.0217981
0.02018
0.0211196
0.0210639
0.0205135
0.020603
0.021202
0.0216684
0.0206991
0.0216149
0.0215172
0.0213692
0.0215903
0.0208064
0.0208152
0.0214613
0.0208324
0.0214677
0.0208862
0.0209421
0.0212377
0.0209687
0.0209604
0.0213895
0.0212072
0.0213128
0.0209995
0.0212012
0.0213665
0.0210651
0.0210624
0.0212281
0.021217
0.0207378
0.0211482
0.0211684
0.0212864
0.0209457
0.0209697
0.0214594
0.0214436
0.0212974
0.0210017
0.0210193
0.0210251
0.0211743
0.0211949
0.0212409
0.0210794
0.0212055
0.0213301
0.0212992
0.0212528
0.0211366
0.0211057
0.021094
0.0212061
0.0213396
0.0211165
0.0212991
0.021323
0.0212935
0.0212485
0.0212905
0.0211487
0.0212001
0.0211469
0.0212057
0.0212758
0.0211483
0.021279
0.0212281
0.0209211
0.021491
0.0195729
0.0213058
0.020278
0.0215604
0.0206494
0.0207611
0.0214299
0.0211978
0.0212281
0.0210354
0.0215521
0.02137
0.0210795
0.021285
0.0212535
0.0211678
0.0213121
0.0213846
0.0213493
0.0212288
0.0213164
0.021142
0.0212451
0.0213095
0.0211271
0.0212696
0.0211605
0.021269
0.0213315
0.0211606
0.0213209
0.0213172
0.0213068
0.021315
0.0211625
0.0213089
0.021163
0.021294
0.0212992
0.0212887
0.0212656
0.0212133
0.0212834
0.021214
0.0211719
0.0212886
0.0212563
0.0212838
0.0212859
0.0211786
0.0212045
0.0212769
0.021264
0.0212528
0.0211999
0.0211975
0.0211994
0.0211963
0.0212579
0.0212673
0.0212281
0.0196482
0.0216907
0.0206485
0.0198178
0.0204382
0.0201981
0.0201786
0.0216527
0.0202778
0.0205985
0.0214673
0.0207691
0.0205686
0.0207076
0.0206515
0.0207621
0.0211558
0.0214003
0.0209675
0.0212535
0.0209862
0.020931
0.00856851
0.0176033
0.0199314
0.0194739
0.0216022
0.0198037
0.0200013
0.0203052
0.0205007
0.020583
0.0204575
0.021342
0.0213928
0.0209282
0.0206615
0.0208411
0.0208133
0.0210657
0.0212281
0.0204581
0.0181568
0.0175173
0.0178085
0.0216563
0.0194333
0.0191598
0.0189373
0.0212964
0.0215978
0.0210582
0.0203988
0.0204145
0.0204721
0.0212281
0.0212446
0.021113
0.021237
0.0212701
0.0212155
0.0211155
0.021053
0.0214277
0.0212535
0.0214006
0.021142
0.0213956
0.021161
0.0211022
0.0213762
0.0211854
0.0211515
0.0213418
0.0213386
0.0211187
0.0213435
0.0213338
0.0212374
0.0211416
0.0213284
0.0213215
0.0212545
0.0213105
0.0213145
0.0213095
0.0212674
0.021169
0.0213026
0.0213019
0.0213
0.0211755
0.0212708
0.0212368
0.0211955
0.0212391
0.0212265
0.0211697
0.0212063
0.0212569
0.021258
0.0212817
0.0211816
0.021266
0.0212786
0.0212746
0.0212321
0.0212204
0.0212281
0.0193235
0.0204506
0.0202123
0.0211541
0.0203744
0.0211513
0.0204367
0.0205528
0.0206594
0.0205787
0.0214111
0.0206602
0.0207061
0.0212295
0.0208321
0.0214285
0.0213059
0.0209878
0.0209913
0.0209354
0.0211534
0.0212281
0.0212179
0.020782
0.0207342
0.0212904
0.0209368
0.0212943
0.0209546
0.0209435
0.0210273
0.0209975
0.0212733
0.0210268
0.021266
0.0210946
0.0210837
0.0212796
0.0212281
0.0152814
0.0200986
0.0207468
0.0210189
0.020628
0.021092
0.0205115
0.0203951
0.0204384
0.0205185
0.0207286
0.0207706
0.0212562
0.0213705
0.0208804
0.0212281
0.0215535
0.0211585
0.0211595
0.0212594
0.0211186
0.0214432
0.0211779
0.020953
0.0210653
0.0209922
0.0213864
0.0213126
0.0212074
0.0210547
0.0212786
0.0210508
0.0211295
0.0210808
0.0210799
0.0211633
0.021257
0.0211217
0.0212691
0.0211361
0.0211303
0.021265
0.0212281
0.0128174
0.0207494
0.016588
0.0184428
0.0204835
0.0189763
0.0192412
0.0201441
0.0209733
0.0218812
0.0202729
0.0199239
0.0212619
0.0215196
0.0205882
0.0214105
0.0204897
0.0204874
0.020593
0.0207083
0.0207277
0.0210092
0.0212281
0.0210966
0.0187979
0.0208798
0.0217034
0.0191991
0.0195356
0.0213745
0.0200579
0.0199548
0.0213393
0.0212412
0.0206466
0.0208476
0.0206684
0.0212281
0.0212283
0.021283
0.021231
0.0213432
0.0211899
0.0213631
0.0212912
0.0211264
0.0213469
0.0211745
0.021217
0.0211232
0.0211445
0.0213339
0.0211457
0.0213284
0.0213164
0.0213215
0.0212428
0.0213125
0.0212077
0.0211641
0.021293
0.0212489
0.0212999
0.0212057
0.0211635
0.0212909
0.0212917
0.0212885
0.0212141
0.021278
0.0212863
0.0212843
0.0212613
0.0212641
0.0212813
0.0212794
0.0212799
0.0211802
0.0212222
0.0212629
0.021272
0.0212687
0.0212107
0.021269
0.0212573
0.0212606
0.0212567
0.0212323
0.0185411
0.0201642
0.0199298
0.019848
0.021306
0.020103
0.0202077
0.0207194
0.0206357
0.0207733
0.0206546
0.0198308
0.021181
0.0211631
0.0205967
0.0215541
0.0214242
0.0213336
0.0214818
0.0210296
0.020908
0.0214803
0.0208433
0.0213929
0.0212005
0.0209154
0.0214114
0.0212564
0.0209689
0.0213863
0.0210474
0.0210112
0.0210072
0.0212499
0.0210712
0.0211756
0.0211036
0.0213373
0.0213211
0.0212003
0.0213265
0.021148
0.0211126
0.0211804
0.0212243
0.0212465
0.0211803
0.021225
0.0211353
0.0209462
0.0210248
0.0210519
0.0212712
0.0210552
0.0213874
0.021099
0.0211491
0.0211585
0.0213097
0.0210829
0.021355
0.0212249
0.0212385
0.0211595
0.0211508
0.0213287
0.0212764
0.0212887
0.021249
0.0212259
0.0212925
0.0211667
0.0212985
0.0212074
0.0211651
0.0212471
0.0212845
0.0212865
