0.0229017
0.0228934
0.0195629
0.0206143
0.0243021
0.020395
0.0210675
0.0214997
0.0224228
0.0227457
0.0231645
0.0231641
0.0231624
0.0234556
0.0234218
0.0231065
0.0230732
0.0233058
0.0233105
0.0232559
0.0229993
0.0233397
0.0230703
0.0233035
0.0230124
0.0233084
0.0232978
0.0231019
0.0231698
0.0231531
0.0230723
0.0231491
0.0231116
0.0230792
0.0232066
0.0231956
0.0232664
0.0230854
0.0231118
0.0232519
0.0232222
0.0231257
0.0231279
0.0231013
0.0231732
0.0232324
0.0232251
0.0231405
0.023201
0.0232146
0.0232227
0.0231268
0.0232204
0.023104
0.0232112
0.0231746
0.023219
0.0231223
0.0231305
0.023141
0.0231913
0.0231998
0.0231425
0.0231632
0.0252713
0.0207267
0.0219277
0.0226606
0.0224316
0.0214304
0.0237907
0.0247899
0.0215301
0.0216849
0.0247492
0.024692
0.0242916
0.0244296
0.0221024
0.0241845
0.0242481
0.0241459
0.0229882
0.0222424
0.0223298
0.0233904
0.0224172
0.0224111
0.0239026
0.02366
0.0227561
0.023698
0.0227094
0.0237476
0.023739
0.0226005
0.0229982
0.0236956
0.0226495
0.0226742
0.0226617
0.0234066
0.0235993
0.0235985
0.0229562
0.023269
0.0235763
0.0235604
0.022792
0.0235342
0.0231369
0.0239516
0.0256452
0.0254127
0.0212754
0.0213983
0.0234564
0.0245887
0.0245256
0.0216784
0.0242844
0.0245015
0.0240442
0.0242637
0.0221904
0.0232442
0.0223606
0.0240689
0.0222925
0.0235784
0.022376
0.0236211
0.0236667
0.0238832
0.0226017
0.023577
0.0224935
0.0226021
0.0231321
0.0226383
0.0234045
0.0233873
0.0229935
0.0232148
0.0227027
0.0227163
0.0235899
0.0232994
0.0233589
0.0227826
0.0232848
0.0231088
0.0231535
0.0234973
0.0244642
0.0246128
0.0220673
0.0222016
0.0232915
0.0239068
0.0238662
0.0224051
0.0237406
0.0239053
0.0236305
0.023794
0.0226083
0.0232067
0.0227112
0.0237019
0.0225652
0.023399
0.0226761
0.0234367
0.023469
0.0236523
0.0228187
0.0234176
0.0227295
0.0228094
0.0231447
0.0228196
0.0233169
0.0233069
0.0230557
0.0231965
0.0228496
0.0228619
0.0234605
0.0232512
0.0232912
0.022907
0.0232425
0.0231283
0.0231494
0.023075
0.0216774
0.0232775
0.0223412
0.0237678
0.022386
0.0225764
0.0230775
0.022848
0.0237453
0.0236711
0.0225176
0.0229348
0.0228496
0.0228274
0.0226888
0.0233272
0.0227601
0.0228584
0.0231701
0.0228132
0.0234547
0.0234179
0.0233883
0.0231682
0.0229221
0.0234325
0.0231658
0.0229218
0.0239137
0.0229479
0.0235436
0.0229831
0.0227162
0.0232696
0.0237061
0.0226572
0.0236216
0.0234254
0.0230339
0.0235104
0.0228891
0.0235066
0.0234445
0.0234947
0.023202
0.0229071
0.0234423
0.0229982
0.0234171
0.0233612
0.0234178
0.0229351
0.0233724
0.0233458
0.0233267
0.0230786
0.0233256
0.0233352
0.0232008
0.0229917
0.0232482
0.0230066
0.0231004
0.0230465
0.0230662
0.0230536
0.0194859
0.0257797
0.0231668
0.020955
0.0231071
0.022078
0.0227644
0.0217772
0.0222455
0.0217902
0.0242718
0.022556
0.0222333
0.0240171
0.0224909
0.023117
0.0239874
0.0224507
0.0227554
0.0224824
0.0238416
0.0233489
0.0233764
0.023712
0.0237694
0.023689
0.0228714
0.023313
0.0231192
0.023582
0.02271
0.0235076
0.0233599
0.0233902
0.0229459
0.0230246
0.0231284
0.023213
0.0233707
0.0231651
0.0232694
0.0231472
0.0231459
0.0229293
0.0229611
0.0230098
0.0231651
0.0231032
0.023035
0.0230304
0.0231298
0.0232577
0.0229934
0.0232331
0.0230191
0.0230776
0.0230362
0.0230814
0.0232805
0.023058
0.0231652
0.0231397
0.0231935
0.0232507
0.0230589
0.0231303
0.0232336
0.0232378
0.0230928
0.0232102
0.0232415
0.0231417
0.0232425
0.0231952
0.0230918
0.0232351
0.0231144
0.0231364
0.0231569
0.0231376
0.0232032
0.0231479
0.0231261
0.0232223
0.0231118
0.0231219
0.0231668
0.0231553
0.0231131
0.0231238
0.0231595
0.0232075
0.0231602
0.0231545
0.0227115
0.0224973
0.0236848
0.0229133
0.0232271
0.0229601
0.0234123
0.0226835
0.0231008
0.0234377
0.0232934
0.0228078
0.0232258
0.0231263
0.0231044
0.0230981
0.0228742
0.022559
0.0230436
0.0229241
0.0241653
0.0241141
0.0235673
0.0232022
0.0216554
0.0243519
0.0219047
0.0230853
0.0219792
0.0226716
0.0241667
0.0240166
0.022328
0.0222225
0.0225671
0.0226477
0.0224063
0.0230846
0.0236644
0.022547
0.0226351
0.0233617
0.0235238
0.0235449
0.0227196
0.0231611
0.0231647
0.0231961
0.0230261
0.0234119
0.0228594
0.0234653
0.0230764
0.0229417
0.0233533
0.0231695
0.0231859
0.0233554
0.0229631
0.0230931
0.0229398
0.0230842
0.0233557
0.023316
0.0229762
0.0230574
0.0231621
0.0230155
0.023319
0.0231623
0.0230223
0.0231251
0.0232969
0.023188
0.0232856
0.0230442
0.0230462
0.0232717
0.0232569
0.0232613
0.023188
0.0230603
0.023159
0.0231852
0.0231393
0.0231091
0.0232184
0.0232459
0.0230897
0.0231054
0.02324
0.0231806
0.0247337
0.02456
0.0233003
0.0238
0.0240257
0.0232403
0.0230981
0.0225342
0.0224588
0.0228747
0.0235468
0.0225544
0.0235024
0.0231402
0.0232453
0.0229038
0.0236232
0.0232965
0.0232225
0.0229333
0.0230761
0.0233431
0.0229102
0.0228458
0.0231704
0.0231362
0.022862
0.0229468
0.0231693
0.0234107
0.0230881
0.0233986
0.0233401
0.0232759
0.0229755
0.0228983
0.0226795
0.0197376
0.0198763
0.0230066
0.021042
0.0239516
0.0236823
0.0212305
0.0243635
0.0214147
0.0234139
0.0217831
0.0229701
0.0225286
0.0223242
0.0231277
0.0223806
0.0214408
0.0247557
0.0231658
0.0218354
0.0231426
0.0226786
0.0229955
0.0223031
0.0227455
0.0223491
0.0238291
0.0228779
0.0226818
0.0236333
0.0228255
0.0231435
0.0236486
0.0227741
0.0229489
0.0227819
0.0235808
0.0232658
0.0232818
0.0234825
0.023535
0.0234782
0.023001
0.0232498
0.0231399
0.0234175
0.0228852
0.0233681
0.0232783
0.0232968
0.0230395
0.0230845
0.0231446
0.0231934
0.0232867
0.0207039
0.0181561
0.0182407
0.0234888
0.0209902
0.0210893
0.0241667
0.0211044
0.0240665
0.0244599
0.0234867
0.0219457
0.0236749
0.0235703
0.022081
0.0233839
0.0228103
0.0239369
0.0228841
0.0239788
0.022339
0.0238982
0.0235555
0.0224915
0.0225191
0.0237522
0.0232344
0.0225913
0.0231597
0.0230325
0.0232481
0.0236129
0.0235483
0.0231657
0.023173
0.0231963
0.0240992
0.0236761
0.0223921
0.0238017
0.0238296
0.0224855
0.0227258
0.0225159
0.0232239
0.023513
0.0236918
0.0234157
0.0228093
0.022898
0.0236072
0.0227349
0.022963
0.0235279
0.0235287
0.0233129
0.0230031
0.0229463
0.0233693
0.0234851
0.0228779
0.0233426
0.0231523
0.0231531
0.0233798
0.0230183
0.02294
0.0230212
0.0231119
0.0233007
0.022969
0.0232736
0.0232397
0.0232595
0.018051
0.0228337
0.0209761
0.0217146
0.0211275
0.0217048
0.022064
0.0221674
0.022698
0.0231645
0.0233036
0.0226948
0.0233833
0.0231571
0.023621
0.0230383
0.0227704
0.0230863
0.023359
0.023093
0.0229229
0.0234655
0.0234527
0.0228698
0.0228537
0.0234446
0.0230893
0.0231526
0.0234219
0.0232221
0.023328
0.0229938
0.0233816
0.0233978
0.0229345
0.0233944
0.0229596
0.0229753
0.0233116
0.0232657
0.0231137
0.0232673
0.0230508
0.0230095
0.0232988
0.023098
0.0230134
0.0230347
0.0230213
0.0233104
0.0230743
0.0232873
0.0232439
0.0232323
0.0231145
0.0232582
0.0231009
0.0230657
0.0230681
0.023122
0.0231537
0.0231444
0.0167124
0.0240282
0.0214307
0.0236452
0.0243085
0.024387
0.0218054
0.0241739
0.0240479
0.0234203
0.0227788
0.0222125
0.0227572
0.0223138
0.0225349
0.0229166
0.0233828
0.0232814
0.0232319
0.023
0.0228599
0.0208528
0.0206935
0.0230474
0.0216688
0.0237583
0.0235562
0.0216692
0.0241182
0.02182
0.0233553
0.022095
0.0230146
0.0226748
0.02251
0.0231351
0.0225387
0.023155
0.0270163
0.021695
0.0175478
0.0215849
0.0253385
0.0246636
0.0203585
0.0206962
0.022297
0.0209651
0.021374
0.0212938
0.0239409
0.0220517
0.0218523
0.0239559
0.0221908
0.0231734
0.0230224
0.0232116
0.0230229
0.0235272
0.0229397
0.0228751
0.0230586
0.0228603
0.0235061
0.0227248
0.0236186
0.0233367
0.0227733
0.0230055
0.0232973
0.023125
0.0233913
0.023092
0.0229522
0.0229453
0.0230118
0.0234442
0.0234433
0.0230339
0.0229243
0.0233417
0.0233673
0.0232593
0.022976
0.0233614
0.0229964
0.0229809
0.0231929
0.0231572
0.0230564
0.0233069
0.0230228
0.0232574
0.0230081
0.0232314
0.0232325
0.0231227
0.0230267
0.0230275
0.02328
0.0230513
0.0231547
0.0232384
0.0231215
0.0232489
0.0231311
0.0231366
0.024661
0.0245242
0.0235519
0.0215291
0.0240801
0.0214729
0.0215791
0.0217046
0.0229111
0.0238871
0.0225495
0.0225669
0.0222205
0.0228043
0.0224033
0.022395
0.0235749
0.0237097
0.0229724
0.0226046
0.0235443
0.0231617
0.0233413
0.0222735
0.0224379
0.0229079
0.023131
0.0233589
0.0225797
0.0235216
0.0226589
0.0227621
0.0227767
0.0234108
0.0234274
0.0233077
0.0228986
0.023352
0.0231642
0.0217978
0.0204853
0.0245402
0.0238552
0.0213244
0.0218184
0.0240069
0.0219964
0.0230123
0.0230335
0.0224563
0.0224146
0.022459
0.0234356
0.0235561
0.0194876
0.0224785
0.0223399
0.0221939
0.0230938
0.0225191
0.0222865
0.0236373
0.0225975
0.0229626
0.0225124
0.0236852
0.0226503
0.0236175
0.0232633
0.0235266
0.0235716
0.022739
0.0230143
0.0233047
0.0228084
0.0230644
0.0234702
0.0234021
0.022919
0.0233256
0.0232648
0.0232988
0.0229435
0.0198214
0.0201554
0.0183437
0.0187728
0.0187832
0.0185016
0.0247151
0.019882
0.0203596
0.024044
0.0234071
0.0217981
0.0211706
0.0217687
0.0216248
0.0218138
0.0218194
0.0237203
0.0222319
0.0239704
0.0227594
0.022066
0.0235787
0.0230591
0.0207451
0.0249798
0.0255315
0.0191574
0.0202028
0.0205263
0.0206869
0.0222158
0.0239162
0.0238405
0.0217347
0.021797
0.0218712
0.0237869
0.0224084
0.022257
0.0223368
0.0231645
0.0225726
0.0231645
0.0231885
0.0227604
0.0229936
0.0229874
0.0230021
0.0231039
0.0235191
0.0233172
0.0234982
0.0232535
0.0231683
0.0230578
0.0231959
0.0229163
0.0232864
0.0234039
0.0232589
0.0231595
0.0231993
0.0229626
0.0232718
0.0232769
0.0232701
0.023027
0.0229837
0.0230912
0.0233388
0.0232838
0.0231313
0.0232304
0.0232062
0.0230605
0.0231354
0.0231716
0.0230818
0.0230467
0.0232456
0.0230809
0.0232651
0.0232153
0.0231377
0.0230766
0.0232294
0.023108
0.0231756
0.0232525
0.023178
0.023084
0.0192203
0.0234257
0.0222187
0.0202208
0.0205614
0.0226279
0.0216024
0.0234524
0.0218539
0.0230583
0.0220875
0.0230737
0.0258717
0.0229574
0.0229114
0.0224072
0.0215722
0.0218525
0.0240027
0.023426
0.0233834
0.0235484
0.0234292
0.0229926
0.022645
0.0224553
0.0226942
0.0237508
0.0234176
0.0225902
0.0233393
0.0227218
0.0234935
0.0228208
0.022709
0.0227399
0.022754
0.0229917
0.0232556
0.022882
0.0228074
0.0229416
0.0231803
0.0228511
0.02289
0.022976
0.0231645
0.0229921
0.0219815
0.022702
0.0239141
0.0225096
0.0231858
0.0236313
0.0226185
0.0233187
0.0226678
0.0230372
0.0227337
0.0227398
0.0233107
0.0235276
0.0233293
0.0232881
0.0233342
0.0232333
0.0230345
0.0228628
0.0229016
0.0233178
0.0230384
0.023385
0.0233194
0.0230648
0.0229614
0.02335
0.0229992
0.0233279
0.0230704
0.0230095
