0.0182148
0.0506467
0.0281625
0.002358
0.0240221
0.0246756
0.0141562
0.0226369
0.0171705
0.0197149
0.0211921
0.0216703
0.000550625
0.0275886
0.0106641
0.0288453
0.0235034
0.0201585
0.0244278
0.0247392
0.0204035
0.0213416
0.0206251
0.0237257
0.0208998
0.0235036
0.0234935
0.0219038
0.0233379
0.0227547
0.0223065
0.0215044
0.0225008
0.0230239
0.022307
0.02163
0.0229616
0.0221832
0.0217939
0.39846
0.0310471
0.0231708
0.0458482
0.0215656
0.0380666
0.0198359
0.0255079
0.0203567
0.020677
0.0231869
0.0272779
0.0255341
0.0207749
0.0210599
0.0230449
0.0208708
0.0235036
0.0234666
0.0216284
0.0241009
0.0211422
0.0211454
0.0212332
0.022733
0.0219783
0.0232274
0.0213694
0.0234917
0.0214584
0.0230527
0.0232213
0.0224938
0.0230608
0.0215907
0.0216814
0.022213
0.0219962
0.0216547
0.0222959
0.0220072
0.0226819
0.0229837
0.0220635
0.0217806
0.0229153
0.0222989
0.0227228
0.022802
0.0218657
0.0218719
0.0218682
0.0218875
0.0227545
0.0222459
0.0220589
0.0219328
0.022709
0.0225235
0.000281608
0.0148083
0.0046157
0.0271779
0.0172619
0.0258508
0.0248124
0.0205232
0.0248051
0.0245344
0.0205327
0.0204098
0.022693
0.0226662
0.021444
0.0219992
0.0209166
0.0235169
0.0230389
0.0212031
0.0233113
0.0221392
0.0225507
0.0214795
0.0228621
0.0230569
0.0216894
0.0215887
0.0225943
0.0232929
0.0107219
0.026698
0.0257387
0.0188327
0.0161524
0.0172962
0.0199613
0.021216
0.0245456
0.0204987
0.0226644
0.0204769
0.0213042
0.0207678
0.0235996
0.0210969
0.0223442
0.0210708
0.0233582
0.0212289
0.0220866
0.0214245
0.0214255
0.0231167
0.0215319
0.0220497
0.0229426
0.0216581
0.0226542
0.00101374
0.0254823
0.00710478
0.00458184
0.0182208
0.0149773
0.0183331
0.0248395
0.0189729
0.0186382
0.0199022
0.0194793
0.0240927
0.0203285
0.0220959
0.0225228
0.0234819
0.0236479
0.0209675
0.0211915
0.0230257
0.0222076
0.0212929
0.0220335
0.0231818
0.0214155
0.0214171
0.102846
0.0121571
0.00946678
0.0188151
0.0258575
0.0182195
0.017605
0.0197322
0.0248183
0.0201442
0.0204521
0.0202054
0.0203929
0.0212239
0.0206312
0.0215658
0.020854
0.0210087
0.0227418
0.0231557
0.0214748
0.0214636
0.0229294
0.0217277
0.0218103
0.0224987
0.0180562
0.0219261
0.0146368
0.0184819
0.0175926
0.0261242
0.0163591
0.0176547
0.0249235
0.0243179
0.0200239
0.0240276
0.0204703
0.0238048
0.0207382
0.0232926
0.0234996
0.0235436
0.0209624
0.0210993
0.0212521
0.0212647
0.0212522
0.0215511
0.0228713
0.0230923
0.0228544
0.0228534
0.0142345
0.0277582
0.0265421
0.0188847
0.0147946
0.0152062
0.0198886
0.0193651
0.024846
0.02138
0.0197208
0.0203988
0.0231235
0.023222
0.0208036
0.0230836
0.0235505
0.0210564
0.0210115
0.0211445
0.0231987
0.0213196
0.0231687
0.02316
0.0216519
0.0230329
0.0228716
0.022524
0.0228932
0.112742
0.00527826
0.0174287
0.0256973
0.0252
0.0242282
0.0249313
0.0198231
0.0246652
0.0236923
0.0198175
0.0202143
0.0203415
0.0207676
0.0237551
0.0206978
0.0207996
0.0209776
0.0208894
0.0211562
0.0232059
0.0227642
0.0231062
0.0223424
0.0230402
0.0231077
0.0227123
0.0230011
0.0215497
0.108379
0.0114732
0.0262951
0.0253135
0.0191029
0.0187261
0.0250471
0.0196617
0.0247097
0.0241259
0.0199876
0.0206803
0.0238536
0.0237245
0.0236566
0.0208813
0.0235314
0.0218491
0.0230776
0.0211446
0.0230393
0.021384
0.0218614
0.0227657
0.0226579
0.0216202
0.0215796
0.0226289
0.0219767
0.0422398
0.0119413
0.00734224
0.0132224
0.0248318
0.0237659
0.0171441
0.0181111
0.0183947
0.01874
0.0191594
0.0196173
0.0201019
0.0205467
0.0326266
0.014418
0.0276042
0.0267464
0.0163412
0.0172508
0.0189844
0.0194201
0.0235862
0.02036
0.0239206
0.0241006
0.0207287
0.0208876
0.0235758
0.0235657
0.0234529
0.0234126
0.0212382
0.0231523
0.0229805
0.0214057
0.0218551
0.0225426
0.0216332
0.0216558
0.0216336
0.0218022
0.0226843
0.0218723
0.0307283
0.0185534
0.0171247
0.0334196
0.0281609
0.0179909
0.0200496
0.0195194
0.0195603
0.0252205
0.0248746
0.0203896
0.020761
0.0211006
0.0208564
0.0239495
0.0239088
0.0235361
0.0238338
0.0216086
0.0237379
0.0234932
0.0225189
0.0225112
0.0233538
0.0233511
0.0214336
0.0229858
0.0231068
0.0222194
0.023086
0.0229955
0.0219238
0.0230282
0.0230182
0.0228325
0.0217269
0.021742
0.0227371
0.0219225
0.0227442
0.0228502
0.0218328
0.0221201
0.0219018
0.160697
0.00591496
0.00918759
0.0187849
0.0257921
0.0181662
0.0175742
0.0197071
0.0248089
0.0201249
0.0204351
0.0201729
0.0203658
0.0212035
0.020606
0.0215495
0.020833
0.0209905
0.0227459
0.0231668
0.0214557
0.0214448
0.022939
0.0217125
0.0217965
0.0225006
0.0123799
0.0189811
0.0399088
0.019148
0.0254949
0.0279615
0.0268913
0.0255224
0.0255846
0.0199736
0.0251874
0.0208442
0.0205604
0.0243022
0.0209544
0.0239018
0.0237915
0.0211835
0.0210134
0.0237346
0.0210843
0.0228108
0.0213519
0.0214745
0.0213453
0.0232749
0.0232054
0.0216172
0.021795
0.0230143
0.0226829
0.0229516
0.0228538
0.0223977
0.0216753
0.0227267
0.0217817
0.0218257
0.0219373
0.0218083
0.0219725
0.0227862
0.0227292
0.212097
0.0240109
0.0254569
0.0176454
0.024637
0.0236615
0.0190771
0.0195989
0.0201777
0.0205419
0.0209859
0.0213723
0.0228374
0.273288
0.00936855
0.00998716
0.0265989
0.0264395
0.0261538
0.0250875
0.0248254
0.0200684
0.0202735
0.0240485
0.0239952
0.0202219
0.0236579
0.0207855
0.0209417
0.0208798
0.0208909
0.021373
0.0232337
0.0215364
0.0229302
0.0229731
0.0214514
0.0214739
0.0216067
0.0227874
0.0160876
0.0171569
0.0179837
0.0192385
0.0269886
0.0259092
0.0268139
0.0250586
0.0194137
0.0244952
0.0202766
0.0243267
0.0227372
0.0243555
0.0209134
0.0210925
0.0237627
0.0238532
0.023506
0.0235875
0.023396
0.0214357
0.0213266
0.0216511
0.021999
0.0233206
0.0228436
0.0217222
0.0217951
0.0215636
0.0216543
0.0216492
0.0216263
0.0229641
0.0216493
0.0229981
0.0228922
0.0217469
0.0228768
0.0219332
0.0222743
0.0222746
0.0228061
0.0225269
0.0225794
0.0796827
0.0206241
0.0149805
0.0193278
0.0189441
0.0215473
0.0240433
0.0217901
0.0237673
0.0226743
0.0227738
0.0209769
0.0213417
0.0231439
0.00349793
0.0265686
0.0257306
0.0251519
0.0181632
0.0182326
0.0184611
0.0238495
0.0238103
0.0237953
0.0206538
0.0211794
0.0217763
0.0215099
0.0556099
0.0371761
0.0332415
0.0159764
0.0197657
0.0251105
0.0280447
0.0196077
0.0194878
0.0242903
0.0252941
0.019731
0.0207479
0.0209212
0.0239934
0.020724
0.0238363
0.0215994
0.0238026
0.0231968
0.0233339
0.0224155
0.0229584
0.0233325
0.0212629
0.0233177
0.0217201
0.023233
0.0227637
0.0225318
0.0215423
0.0215468
0.0215835
0.0215751
0.0228431
0.0225745
0.0224217
0.0228759
0.0222751
0.0221408
0.0220971
0.0228175
0.0227925
0.0469444
0.0362127
0.0325306
0.0166098
0.0197657
0.0250433
0.0278873
0.0196082
0.01949
0.0242661
0.0252508
0.0197646
0.0207769
0.0209227
0.0239786
0.020733
0.0238238
0.0216118
0.0237908
0.0231925
0.0233287
0.0224176
0.0229553
0.0233272
0.0212678
0.0233122
0.0217246
0.0232278
0.0227615
0.022531
0.0215453
0.0215498
0.0215867
0.0215779
0.0228405
0.0225732
0.0224213
0.0228733
0.0222754
0.0221418
0.0220983
0.0228155
0.0227904
0.00321466
0.0115499
0.0159763
0.0251386
0.0248164
0.0240368
0.0236023
0.020548
0.0207173
0.021006
0.0225714
0.0231131
0.0213873
0.30043
0.0181494
0.0229997
0.00627981
0.00569073
0.0121582
0.0227304
0.0249537
0.0171269
0.0201478
0.0242771
0.0190983
0.019079
0.021237
0.0220863
0.099059
0.00251515
0.01481
0.0253454
0.0250535
0.0244068
0.0245486
0.019753
0.0204815
0.0201344
0.020939
0.0206529
0.0228047
0.0211698
0.0416092
0.0288604
0.0257644
0.0272314
0.0259797
0.0190422
0.0258136
0.0248432
0.0197185
0.0202079
0.0242773
0.0206607
0.0206436
0.0205567
0.0209738
0.0224239
0.0223064
0.0222038
0.0211579
0.0233013
0.0231996
0.0214495
0.021974
0.0225526
0.0230136
0.0217508
0.0218414
0.0229059
0.0224765
0.000699672
0.0268253
0.00674652
0.00449748
0.0180686
0.0149819
0.0183351
0.0248474
0.0189735
0.0186293
0.0199022
0.0194778
0.0240955
0.0203278
0.0220942
0.0225224
0.0234831
0.0236492
0.020967
0.0211906
0.0230263
0.0222075
0.0212926
0.0220334
0.0231823
0.0214152
0.0214169
0.0176197
0.0171064
0.0180108
0.0192509
0.0266944
0.0260113
0.0269354
0.025106
0.019417
0.024492
0.0202832
0.0243459
0.0227281
0.0243687
0.0209167
0.021095
0.0237673
0.0238588
0.0235094
0.0235912
0.0233982
0.0214383
0.0213287
0.0216533
0.0220005
0.0233211
0.0228438
0.0217249
0.0217978
0.0215666
0.0216573
0.0216511
0.021629
0.0229631
0.0216516
0.0229968
0.0228907
0.0217493
0.0228752
0.0219358
0.0222755
0.0222757
0.0228043
0.0225266
0.0225787
0.000183844
0.0191074
0.0197847
0.0194719
0.022279
0.0196239
0.0244161
0.0244285
0.0203637
0.0271337
0.0238339
0.020363
0.0207449
0.0239955
0.020921
0.0210799
0.0241023
0.0242417
0.024219
0.0219732
0.0231958
0.0211673
0.021505
0.0213005
0.0228866
0.0236563
0.0226248
0.0228357
0.0223837
0.0233357
0.0231301
0.0215293
0.0216579
0.0215902
0.0221476
0.021714
0.021887
0.0225476
0.021729
0.0230002
0.0228678
0.022678
0.0217841
0.0225601
0.0225585
0.0228263
0.0228603
0.0227715
0.021859
0.0228113
0.0223997
0.0219456
0.0225445
0.0220291
0.022109
0.0227133
0.0227032
2.50232
0.00728018
0.0263995
0.0189818
0.0244574
0.0193031
0.0250175
0.0177586
0.0262242
0.0194257
0.0241855
0.0209733
0.0202531
0.0208901
0.0239421
0.0237267
0.0237651
0.0214756
0.0210313
0.0208071
0.0235613
0.0213683
0.0234544
0.0235158
0.0211456
0.0231496
0.0233499
0.0229669
0.0226391
0.021447
0.0231021
0.0217672
0.0231191
0.023002
0.0216574
0.0216478
0.0218713
0.0216877
0.0229132
0.0217589
0.0217401
0.0228408
0.0228505
0.0226728
0.0350657
0.0472345
0.0356043
0.0253673
0.0195353
0.0197752
0.0196907
0.0204842
0.0240145
0.0239658
0.0249163
0.0250367
0.0237776
0.0209547
0.0237103
0.0243539
0.0209897
0.023696
0.0226536
0.0211386
0.0238369
0.0231399
0.0238865
0.0211933
0.0215019
0.021602
0.0213874
0.0224686
0.0214944
0.0233765
0.0233214
0.021532
0.0231928
0.0216665
0.0219589
0.0219571
0.0230637
0.0230438
0.0225247
0.0230608
0.0230034
0.0222843
0.0229806
0.0227056
0.0220258
0.0224627
0.0219481
0.0228845
0.0228585
0.0228347
0.0220321
0.0227346
0.0225965
0.0226257
0.0227598
0.0227489
0.0219673
0.02272
0.0221427
0.155108
0.0304778
1.59256
0.0318492
0.0198152
0.0198506
0.0204378
0.0203492
0.0206201
0.0202319
0.0206842
0.020657
0.0258838
0.0251666
0.0242156
0.021393
0.0245636
0.0211925
0.0237172
0.022893
0.02187
0.0212237
0.0212296
0.0234864
0.0213117
0.0213831
0.0215539
0.0221547
0.0232928
0.0214425
0.0221621
0.0217293
0.0216461
0.0215601
0.0221615
0.021619
0.0226355
0.0216436
0.0226978
0.0229225
0.0217111
0.0219214
0.0228672
0.0218672
0.0228825
0.0228915
0.0224111
0.0226841
0.0218255
0.0228259
0.0218828
0.0221637
0.0218903
0.0227614
0.0219123
0.0227147
0.0225761
0.0219955
