0.611636
0.0528693
0.0286167
0.0100054
0.00126456
0.00148751
0.00829765
0.0089229
0.00292367
0.00731184
0.00904357
0.0066003
0.0491824
0.0031566
0.00617572
0.00453555
0.00515079
0.00801338
0.00968969
0.00593615
0.00938828
0.00684476
0.00936809
0.00691916
0.00702175
0.00907382
0.00817109
0.00775975
0.00852205
0.0082754
0.00795727
0.00883739
0.00880626
0.00852266
0.00806724
0.00778363
0.00792755
0.00832287
0.00787933
0.00790585
0.00798481
0.0648401
0.138065
0.0159099
0.0077799
0.00984864
0.0109849
0.00811278
0.00708362
0.0102617
0.00951376
0.0101631
0.00995424
0.00744331
0.0100106
0.00932655
0.00964832
0.00964627
0.0075418
0.00758501
0.00946973
0.00771175
0.007721
0.00767492
0.00903115
0.00910327
0.00911714
0.00791431
0.00896639
0.00881343
0.00890451
0.00785436
0.00887323
0.00851837
0.00885872
0.00805632
0.00871063
0.00805584
0.00802369
0.00878958
0.00805716
0.00864334
0.00860672
0.00818303
0.00865095
0.00834392
0.00846229
0.00806713
0.00804815
0.00861105
0.00863276
0.00829834
0.00862829
0.00824255
0.00858222
0.00807821
0.00856629
0.00811392
0.0868544
0.613637
0.00506938
0.00172791
0.00369008
0.00505875
0.00663711
0.00962484
0.00592042
0.00949822
0.00633246
0.00943799
0.00711415
0.00705021
0.00903092
0.00738326
0.0090725
0.00756559
0.00823169
0.00894281
0.00753116
0.00769138
0.0076907
0.00765452
0.00767942
0.00800323
0.00830637
0.00786417
0.00823812
0.00833852
0.0510053
0.00914567
0.000335323
0.00722616
0.00991122
0.00670712
0.0098272
0.00500127
0.00972408
0.00946028
0.00943149
0.00674766
0.00682202
0.00764851
0.00784084
0.00902115
0.00895619
0.0075961
0.00754666
0.008808
0.0076504
0.00876217
0.00771296
0.00832323
0.00868944
0.00873089
0.00788568
0.00867541
0.0101951
0.0342473
0.00948911
0.00162407
0.00767797
0.00556033
0.00240772
0.00541753
0.00666434
0.00664811
0.00621294
0.00624695
0.00575282
0.00698209
0.00787536
0.00721983
0.00675848
0.00872662
0.00825932
0.00733133
0.00895549
0.00872581
0.00763912
0.00746243
0.0076633
0.00789348
0.0197485
0.0130023
0.0243895
0.0016082
0.00922928
0.0062512
0.00644848
0.00906104
0.00570308
0.00907687
0.00678083
0.00638781
0.00873437
0.00921767
0.00734118
0.00735922
0.00894368
0.00887168
0.00821443
0.00753132
0.00808999
0.00787874
0.00767107
0.00760269
0.00763654
0.00774326
0.00776613
0.0081102
0.000594675
0.034859
0.0243138
0.00809396
0.00304142
0.0060601
0.0099319
0.00452854
0.00670761
0.00748187
0.00948692
0.00609791
0.00646491
0.0073556
0.00905183
0.00694955
0.00834563
0.00870548
0.00833998
0.0082589
0.00754919
0.00808688
0.00754767
0.00833044
0.00847281
0.00770242
0.00875467
0.00832545
0.0102742
0.0178506
0.00788924
0.00094431
0.00988205
0.00987846
0.00982522
0.00885143
0.00630288
0.00631161
0.00914368
0.0083364
0.0091623
0.0070734
0.00911028
0.00897324
0.00739232
0.00747335
0.00856356
0.00755869
0.0077858
0.00801936
0.00881888
0.00771256
0.00783065
0.00783949
0.00782488
0.00784967
0.632869
0.0061967
0.0123293
0.00822489
0.0101983
0.00456158
0.00297069
0.00951104
0.0097473
0.00957426
0.00729417
0.00672511
0.00933298
0.00905657
0.00699138
0.0071839
0.00725301
0.00722817
0.00890141
0.00846593
0.00878539
0.00750775
0.00852408
0.00884103
0.00764198
0.00770594
0.00773599
0.00777597
0.00823771
0.0236832
0.0215659
0.00515221
0.00196128
0.0037801
0.00510805
0.00665025
0.00961787
0.00594228
0.00949658
0.00634844
0.0094352
0.00711989
0.00705661
0.00902795
0.00738701
0.00906995
0.00757027
0.00823221
0.00894065
0.00753558
0.007695
0.00769426
0.0076576
0.0076823
0.00800513
0.00830661
0.00786588
0.00823872
0.00833859
0.471979
0.012858
0.00532655
0.00401566
0.00466116
0.00818011
0.00039374
0.0100314
0.00602415
0.00837556
0.00523623
0.00681531
0.00577371
0.00688397
0.00642542
0.128284
0.00214657
0.00509659
0.00470335
0.0052693
0.00795164
0.00968696
0.0059912
0.00938539
0.00686907
0.00935909
0.00694013
0.00704128
0.00907
0.00817119
0.00776644
0.00851891
0.00827555
0.00796143
0.00883318
0.0088024
0.00852058
0.0080701
0.00778858
0.00793178
0.00832296
0.00788319
0.00790972
0.00798815
0.0223438
0.00393056
0.00278476
0.00461308
0.00666069
0.0118609
0.0116885
0.0101963
0.00981136
0.0102238
0.0102099
0.00727438
0.00951933
0.00957855
0.00797865
0.00945238
0.00776897
0.00737099
0.00751856
0.00801804
0.00753662
0.00910235
0.00768739
0.007663
0.00896812
0.00892576
0.00893591
0.00777294
0.00843283
0.00804345
0.00787731
0.00792778
0.00876344
0.0087532
0.00871628
0.00872922
0.00870004
0.00856906
0.00795679
0.00864496
0.00797325
0.00850575
0.00823642
0.00836925
0.00802101
0.0928279
0.0142983
0.0243227
0.00124011
0.00914873
0.00627005
0.00635266
0.00903723
0.00568663
0.00906441
0.00673985
0.00635529
0.00872928
0.009225
0.00731589
0.00733558
0.00894907
0.00887573
0.00820592
0.00751274
0.00808007
0.00786524
0.00766201
0.00758714
0.00762264
0.00773303
0.007756
0.00810248
0.0309427
0.00406373
0.0175966
0.0164255
0.00585734
0.0104176
0.00678638
0.010686
0.0100265
0.00949165
0.00684069
0.00734771
0.0094916
0.00721996
0.00816256
0.00870396
0.00927687
0.00755254
0.00763767
0.00762746
0.00769041
0.00908655
0.00814882
0.00895097
0.00776133
0.0078007
0.0083298
0.00879706
0.00785544
0.00877636
0.00789104
0.00874398
0.00873587
0.00858189
0.00793605
0.00820494
0.00855117
0.00824796
0.0085904
0.00863825
0.00801468
0.00832091
0.0081652
0.0554952
0.00378896
0.00450916
0.00292677
0.00189118
0.00411147
0.0059819
0.00679375
0.0069842
0.00762886
0.00750225
0.291695
0.0169765
0.00240723
0.00147588
0.00344284
0.00966717
0.00630393
0.00615977
0.00624055
0.00941633
0.00757672
0.00934782
0.0071272
0.00919085
0.00913933
0.00854811
0.00893017
0.00737088
0.00764045
0.00889203
0.00765463
0.00776631
0.00764715
0.00777642
0.0079125
0.00830136
0.00782984
0.0736306
0.00088623
0.000936612
0.0126349
0.0134108
0.00579739
0.00630076
0.00897306
0.00950734
0.00984575
0.0095175
0.00979327
0.00702658
0.00725733
0.00943835
0.00913158
0.00918952
0.00803839
0.00868767
0.00910078
0.0076076
0.00891202
0.00786106
0.00898817
0.0076748
0.00886988
0.00882408
0.00880405
0.00817446
0.00821738
0.00872447
0.00876029
0.00875424
0.0085672
0.00795281
0.00868666
0.00841389
0.00796184
0.00805761
0.00838768
0.00862703
0.00825975
0.00820133
0.00840388
0.00394479
0.010282
0.00447803
0.00897806
0.00371802
0.007911
0.00725293
0.00671017
0.00668705
0.00702215
0.00702086
0.00818133
0.00757299
0.110345
0.019765
0.00159027
0.00254766
0.00920031
0.00998458
0.00478632
0.00595769
0.00635054
0.00620025
0.00697962
0.00701028
0.00895317
0.00818945
0.00974388
0.00585981
0.000507602
0.0122558
0.00606063
0.0104726
0.0100669
0.0103593
0.00652593
0.00723691
0.00977101
0.00693286
0.00721259
0.00730325
0.00941639
0.008
0.00734188
0.00738405
0.00740834
0.00854381
0.00760219
0.00903539
0.00764536
0.00827731
0.00857395
0.00883057
0.0077257
0.00810431
0.00780124
0.0087999
0.00870146
0.00865392
0.00790126
0.00788995
0.00795285
0.00870572
0.00794124
0.00867084
0.00802263
0.00797625
0.008545
0.00840537
0.00590642
0.00597095
0.000154346
0.0122552
0.00612792
0.0104654
0.0100654
0.0103443
0.00655567
0.00724754
0.00976255
0.00694764
0.00722111
0.00731147
0.0094086
0.00799709
0.00734933
0.00739103
0.00741479
0.00853965
0.00760699
0.00903289
0.00764945
0.00827656
0.00857171
0.00882782
0.0077287
0.00810522
0.0078036
0.00879824
0.0086996
0.00865216
0.00790334
0.00789198
0.00795465
0.00870414
0.00794289
0.00866943
0.008024
0.00797761
0.00854395
0.00840488
0.0190194
0.00489073
0.00368098
0.000679352
0.00513076
0.00450337
0.00932637
0.00680976
0.00876429
0.00900862
0.0074314
0.00796421
0.00782107
0.00759097
0.0107446
0.0358741
0.0119716
0.00766038
0.0105611
0.0096951
0.00743849
0.00344116
0.00699266
0.00917831
0.00948409
0.00649464
0.00797424
0.0108985
0.00487655
0.00209519
0.00765431
0.00324971
0.00965485
0.00603584
0.005759
0.00887185
0.00915885
0.00764608
0.00706465
0.00871796
0.00720015
0.00785155
0.0105462
0.010156
0.00952767
0.00575074
0.00961735
0.00920614
0.00949802
0.00678319
0.0094258
0.00723676
0.00717607
0.00700797
0.0073529
0.0072142
0.0085479
0.0090715
0.00770346
0.00837372
0.00888325
0.00785352
0.00831415
0.00835652
0.00842698
0.00778138
0.00824766
0.0084336
0.00789827
0.00799365
0.0585027
0.0315748
0.00443332
0.0103742
0.00475505
0.00262883
0.00958136
0.0060509
0.00491998
0.00861464
0.00601558
0.00673976
0.00855573
0.00853631
0.00658406
0.00671208
0.00727562
0.00756469
0.0080469
0.00765409
0.00737991
0.00771187
0.00755013
0.00799575
0.0076132
0.00774925
0.00866904
0.0667114
0.0115097
0.0115416
0.011237
0.00603599
0.00597429
0.0106063
0.00633866
0.00642665
0.00709097
0.00990904
0.00685302
0.00742268
0.00879234
0.00718457
0.00900777
0.00944472
0.00903213
0.00869521
0.00899912
0.00763035
0.009025
0.00902298
0.00884012
0.00885447
0.00851305
0.00787029
0.008833
0.00779706
0.0087369
0.00785291
0.00816801
0.00806565
0.00871112
0.00872472
0.00795301
0.00798518
0.00801495
0.0081677
0.00858222
0.00847715
0.00829501
0.00804367
0.0082384
0.0195033
0.196537
0.00661269
0.0188821
0.00677648
0.0128016
0.00679565
0.0118178
0.00907216
0.00959588
0.0108959
0.00733508
0.00768736
0.00803917
0.00753728
0.00951907
0.00909435
0.00853372
0.00917078
0.00782593
0.00760705
0.00819228
0.00913191
0.00815633
0.00899309
0.00905535
0.00891708
0.00900331
0.00884705
0.00836982
0.00877002
0.00827457
0.00785308
0.00881526
0.00863223
0.008829
0.00874306
0.00871409
0.00877429
0.00794724
0.00795228
0.00836846
0.00863316
0.00820516
0.00868472
0.00803648
0.00862742
0.00863286
0.00835501
0.00862717
0.00804421
0.00861752
0.00841299
0.00860069
0.00857363
0.00857356
0.00807956
0.018158
0.000772987
0.0112813
0.00382753
0.0106196
0.010036
0.00629406
0.00985043
0.00690954
0.00995191
0.00657186
0.00608047
0.00623878
0.00668704
0.00758938
0.00679852
0.00680435
0.00939657
0.00923995
0.00916016
0.00723483
0.00787805
0.00800471
0.00749947
0.00818315
0.00879355
0.0079982
0.00892101
0.00886242
0.00862713
0.00880859
0.00860872
0.00878757
0.00780667
0.00804431
0.00875836
0.00815214
0.00802349
0.00865807
0.00841456
0.0086859
0.00814743
0.00816369
0.0081639
0.0189131
0.0161291
0.00887556
0.0124027
0.00653555
0.0066444
0.0107929
0.0121946
0.0125513
0.0113453
0.0070034
0.0109033
0.00918347
0.00736275
0.00922384
0.007374
0.00733057
0.00975624
0.00915699
0.00744592
0.00932484
0.00756563
0.00760251
0.00906385
0.00767516
0.00902977
0.00773964
0.00906951
0.00893327
0.00899023
0.00793426
0.00884418
0.00787148
0.00824415
0.0079845
0.00877041
0.0080734
0.00805367
0.00855714
0.00807054
0.00874503
0.00872135
0.00809777
0.00861122
0.0080559
0.0083289
0.00852249
0.00802179
0.00807012
0.0081466
0.00864914
0.00863986
0.00811245
0.00863066
0.00861123
0.00858919
0.00805174
0.00858103
0.00852179
0.0294226
1.12628
0.0097702
0.0157526
0.0132544
0.0068807
0.00998449
0.00699081
0.00790102
0.0107814
0.00990887
0.00727367
0.0072971
0.00739777
0.00909606
0.00883335
0.00960444
0.00920243
0.00954218
0.00919323
0.0076571
0.00892999
0.00764521
0.00888917
0.00819189
0.00776762
0.00776158
0.00779203
0.0082202
0.00793258
0.00877025
0.00885233
0.00879133
0.0088336
0.00889151
0.00846987
0.00788593
0.00843628
0.00820387
0.00799557
0.00798575
0.00869698
0.00868789
0.00797366
0.00815913
0.00799462
0.00799704
0.00845006
0.00844885
0.00861029
0.00835031
0.00861852
0.00858381
0.00852983
0.0084388
0.00854411
