1.27083
0.0575836
0.0205466
0.0313454
0.00876339
0.0119493
0.00521295
0.00423905
0.00664167
0.00407882
0.00509597
0.00542004
0.00577051
0.0557758
0.0226877
0.0056419
0.0036284
0.00644143
0.00558704
0.00426453
0.00528677
0.00333261
0.00443115
0.00423579
0.0039425
0.00331461
0.0033444
0.00354514
0.00339078
0.00348886
0.00327104
0.00342719
0.00333824
0.00334872
0.00346166
0.00345584
0.00336472
0.00343473
0.00329967
0.00340209
0.00342239
0.00340835
0.0615438
5.09035e-05
0.0072847
0.00597004
0.000232261
0.000451403
0.000608314
0.000446244
0.00221231
0.00257987
0.00317357
0.0021792
0.00282127
0.00275715
0.00322952
0.00322991
0.00306266
0.00333143
0.00307904
0.00331712
0.00296486
0.00294168
0.00311185
0.00318185
0.0031825
0.00320698
0.00324626
0.00318183
0.00315772
0.00319552
0.00313777
0.00319114
0.00323529
0.00317075
0.00322505
0.00326566
0.00316759
0.00330084
0.00327388
0.00324849
0.00332488
0.00322384
0.00318668
0.00318892
0.00325925
0.00319443
0.00320433
0.00331963
0.00331246
0.00325695
0.00322885
0.00324084
0.0032271
0.00330076
0.003231
0.0032508
0.00326797
0.00325111
0.00329569
0.0331051
0.0323337
0.00328271
0.00562668
0.0036656
0.00392728
0.00348999
0.0059674
0.00345422
0.00508905
0.00437179
0.0036782
0.00343527
0.00357424
0.00372232
0.00402516
0.0037497
0.00385452
0.00377882
0.00369633
0.00332816
0.00360827
0.00346129
0.00342113
0.00330906
0.00339414
0.00347804
0.00329832
0.00349815
0.0653073
0.0393887
0.00412273
0.00468325
0.0054487
0.0039026
0.00436375
0.00505398
0.00339077
0.00476643
0.00429604
0.00400454
0.00344753
0.00360405
0.0038556
0.00392453
0.00361338
0.00333705
0.00330433
0.00326794
0.00353593
0.00354025
0.0033912
0.00355833
0.00354945
0.00352656
0.00347844
0.00349584
0.00333466
0.00344232
0.208611
0.0457539
0.0185593
0.00720905
0.0117659
0.00979402
0.0114709
0.00368184
0.00491886
0.00700896
0.00642371
0.00462812
0.00387526
0.0050207
0.00398662
0.00381415
0.00406078
0.00384661
0.00414766
0.00347503
0.00393108
0.00399811
0.00398224
0.0038589
0.00364158
0.00345447
0.00338943
0.00370913
0.137818
0.0310471
0.0087298
0.0156781
0.00743455
0.00468585
0.00433303
0.00800737
0.00330672
0.00364388
0.00530692
0.00474838
0.00376147
0.00441934
0.00420622
0.00347394
0.0041307
0.00334891
0.00364022
0.00337431
0.00362331
0.00350406
0.003483
0.00368818
0.00362673
0.00335381
0.00341821
0.00360176
0.00350605
0.0985285
0.00642119
0.00998827
0.00331324
0.00604855
0.00866159
0.0048775
0.00367614
0.00356537
0.00586646
0.00517641
0.00468382
0.00350593
0.00428702
0.00355377
0.00413381
0.00389081
0.00355568
0.00390291
0.00331649
0.00348106
0.00377424
0.00329522
0.0036658
0.00340575
0.00364593
0.00340522
0.00350296
0.127274
0.0180549
0.0145051
0.00503411
0.00848052
0.00694243
0.00381706
0.00480072
0.00398346
0.00485949
0.00340821
0.00393851
0.00406446
0.00340892
0.0040318
0.00351531
0.0035075
0.00326772
0.00343754
0.0035845
0.00336848
0.00362873
0.00352727
0.00343912
0.00355898
0.00355749
0.00346316
0.00333007
0.094373
0.00998428
0.00467083
0.0140778
0.00376081
0.00356985
0.00741377
0.0034033
0.00360557
0.00453834
0.00437716
0.00510317
0.0034387
0.0041623
0.00396202
0.00427526
0.00409797
0.0038638
0.00388905
0.00359401
0.0033704
0.00385924
0.00357397
0.00349964
0.00353881
0.00362194
0.00345134
0.00355973
0.00358642
0.144379
0.0369893
0.0032824
0.00554847
0.0036584
0.00391415
0.00348929
0.00595478
0.00345289
0.00506706
0.00435897
0.00367435
0.00343507
0.00357352
0.00372064
0.00402014
0.00374717
0.00385071
0.00377551
0.00369384
0.00332804
0.00360625
0.00346042
0.00342049
0.00330899
0.00339362
0.00347696
0.0032983
0.00349689
1.05503
0.0371219
0.0137979
0.00475874
0.0062821
0.00673149
0.00591754
0.00451383
0.00825761
0.00482573
0.00698727
0.00401666
0.00470503
0.00507462
0.00373021
0.0607637
0.0201872
0.00563064
0.0036087
0.00637433
0.00546378
0.00421593
0.00520776
0.00333289
0.00440094
0.00421321
0.00392558
0.00331479
0.00334447
0.00354332
0.0033897
0.00348712
0.00327121
0.00342599
0.00333794
0.00334832
0.00345968
0.00345389
0.00336409
0.0034331
0.00329963
0.00340093
0.00342086
0.003407
0.00120572
0.00358085
0.00405818
0.00319293
0.00330672
0.00326406
0.00371542
0.00321347
0.00346246
0.00321634
0.00347398
0.00322502
0.00343165
0.00341262
0.0033277
0.00337584
0.00328223
0.00324761
0.00336865
0.00336248
0.00326934
0.00325763
0.00326174
0.003348
0.00332605
0.00334238
0.00328661
0.00334384
0.00334116
0.00334
0.00327135
0.0032784
0.00333228
0.0033308
0.00333056
0.00332691
0.00332636
0.0032773
0.00328886
0.00329654
0.00328045
0.00330998
0.00328597
0.155509
0.0320786
0.00893846
0.0159629
0.00760087
0.0046446
0.00430807
0.00809974
0.00330936
0.00364188
0.0053229
0.00479091
0.00376399
0.00444925
0.00423145
0.00347505
0.0041529
0.00335083
0.00365004
0.00337514
0.0036295
0.00350806
0.00348849
0.00370015
0.00363691
0.00335471
0.0034209
0.00361142
0.003512
0.00421996
0.00362307
0.0026667
0.00319752
0.00350356
0.00340916
0.00347901
0.0034679
0.00338893
0.00342345
0.00320476
0.00336354
0.0032073
0.00336368
0.00321543
0.00321951
0.0033691
0.0033593
0.00335575
0.00332242
0.0033529
0.00324994
0.00325327
0.00325288
0.00325408
0.0032582
0.00326083
0.00329548
0.00326417
0.00330692
0.00326684
0.0032745
0.00328088
0.00330032
0.00332833
0.00327264
0.00328725
0.00327415
0.00328731
0.00331483
0.0032762
0.00328659
0.00327952
0.00328804
0.0032951
0.317742
0.0277758
0.00703798
0.0145442
0.00802203
0.00572168
0.00680698
0.00564955
0.0044313
0.00403496
0.00495181
0.00414627
0.00348503
0.00428977
0.174178
0.0157916
0.00370642
0.00421333
0.0068533
0.00534763
0.00517972
0.00619354
0.00562108
0.00539641
0.00364941
0.00443481
0.00421116
0.00384508
0.00364828
0.00398868
0.0038946
0.00377957
0.00383338
0.00379214
0.00366184
0.00350012
0.00364193
0.00343914
0.00343761
0.00355508
0.00355143
0.0037725
0.00486974
0.00363094
0.00364789
0.00347255
0.00320917
0.00321688
0.00322577
0.00345683
0.00322586
0.00349425
0.00322862
0.00336782
0.00343319
0.00323919
0.00324496
0.0032503
0.00337793
0.00337376
0.00337108
0.00334697
0.0033595
0.00335302
0.00327356
0.00326308
0.00334312
0.00333469
0.00327464
0.0033268
0.00326938
0.00328814
0.00332684
0.00327968
0.00333483
0.00332621
0.00333296
0.00327557
0.00332911
0.0033237
0.00332905
0.00328344
0.00328959
0.00332159
0.00332449
0.46919
0.0220151
0.005193
0.00957073
0.00610517
0.00404836
0.00349257
0.00410942
0.00458082
0.00419386
0.00427291
0.00425064
0.0038432
0.00394673
0.00375946
0.654095
0.0192469
0.0036935
0.00602253
0.0056564
0.00331912
0.00356439
0.00420581
0.00370873
0.00379566
0.00383947
0.0484191
0.0132544
0.00775351
0.00415547
0.00349602
0.00375346
0.00341326
0.00325841
0.00421486
0.00346938
0.00372815
0.00388673
0.00351113
0.00345365
0.00352434
0.00326025
0.00326153
0.00338208
0.0034648
0.00353943
0.00342799
0.0034119
0.00345282
0.00347464
0.00336098
0.00339496
0.00338999
0.00340614
0.0033651
0.00339534
0.00330391
0.00334105
0.00327806
0.00330008
0.00336735
0.0033819
0.00336083
0.00327677
0.0032878
0.00331113
0.00336995
0.00335848
0.00335457
0.00333444
0.00332634
0.0418618
0.0132592
0.0077536
0.00415618
0.00348874
0.00373187
0.00341336
0.00325844
0.0042157
0.00346557
0.00371603
0.00387136
0.00350741
0.00345445
0.00352442
0.00326046
0.00326173
0.00338135
0.00346418
0.00353702
0.00342678
0.00341091
0.00345195
0.00347304
0.00336061
0.00339457
0.00338962
0.00340541
0.00336473
0.00339471
0.00330397
0.00334086
0.00327815
0.00330012
0.00336701
0.00338144
0.00336052
0.00327685
0.00328786
0.00331111
0.00336958
0.00335819
0.00335431
0.0033343
0.00332623
0.415565
0.0115833
0.0128868
0.00384179
0.0070638
0.00615037
0.00530225
0.00521278
0.00437834
0.00394894
0.00332609
0.00387253
0.00348382
0.699311
0.0580737
0.0190093
0.0305721
0.0088009
0.011712
0.00522274
0.00424203
0.00663208
0.00407915
0.0050799
0.00541203
0.00575793
0.0382333
0.0133541
0.0108177
0.0130647
0.0117984
0.00861542
0.00758166
0.0036408
0.00350279
0.0047791
0.00377963
0.00391192
0.00352604
0.00400041
0.00417006
0.208853
0.0388305
0.0133605
0.00391107
0.00389983
0.00523046
0.00484257
0.00438641
0.00355155
0.00365016
0.00393409
0.00349778
0.00390469
0.00394558
0.00352696
0.00382376
0.00339882
0.00340734
0.0035994
0.00336214
0.00360648
0.00359093
0.00345894
0.0034866
0.00349781
0.00336971
0.00343184
0.00347881
0.00337312
0.191387
0.0672065
0.0254782
0.0118045
0.0178983
0.00414324
0.00430353
0.00353664
0.00367658
0.0069036
0.00555333
0.00509873
0.00333239
0.00555335
0.00469459
0.00374105
0.0046529
0.00353227
0.00352812
0.00414513
0.00364559
0.00356499
0.00406144
0.00395751
0.00337372
0.00364655
0.00336628
0.00379889
0.00355623
0.00357847
0.00556158
0.00369305
0.00364414
0.00385037
0.00356079
0.00360508
0.00340131
0.00351794
0.00357973
0.00339124
0.00322923
0.00337808
0.00332649
0.00345209
0.00323178
0.00340442
0.00336621
0.00335631
0.00326348
0.00337554
0.00337513
0.00336425
0.00326366
0.00334124
0.00326512
0.00328167
0.00329237
0.00333117
0.00326715
0.00331549
0.00330095
0.00333243
0.0033333
0.00333163
0.00327609
0.00333343
0.00332616
0.00327718
0.00327927
0.00328051
0.0032935
0.00329705
0.00332063
0.00332105
0.00328837
0.0210309
0.0214792
0.0194761
0.00225041
0.0015924
0.00105301
0.00175103
0.00134747
0.00318138
0.0033399
0.00277312
0.003045
0.0028064
0.00322241
0.00318359
0.00331536
0.00322136
0.00307982
0.00333424
0.0033405
0.00314072
0.00308747
0.00322408
0.00307668
0.00307649
0.0030874
0.00310161
0.00312491
0.00321969
0.00319817
0.00315572
0.00324138
0.00318065
0.00328618
0.00331103
0.00320875
0.00326724
0.00320946
0.00324761
0.00323897
0.00323644
0.00328159
0.00322765
0.00321948
0.00331863
0.00322657
0.00326703
0.00322946
0.00326096
0.003231
0.00329055
0.00327681
0.00329838
0.00330982
0.00324626
0.00326977
0.00330717
0.00325915
0.00329428
0.180619
0.0693153
0.0171011
0.00718649
0.00378865
0.00342379
0.00351662
0.00342314
0.00334461
0.003261
0.00435911
0.00351998
0.00381686
0.00333182
0.00359362
0.00393711
0.00337226
0.00325766
0.00370611
0.00348846
0.00338173
0.00326552
0.00355933
0.00329052
0.0035215
0.00342986
0.00337625
0.00340789
0.00338802
0.00339526
0.0033613
0.00342334
0.00342808
0.00335567
0.00337849
0.00334255
0.00340124
0.00334954
0.00335723
0.00336764
0.0033984
0.00329551
0.00332113
0.00327254
0.00286592
0.0010346
0.0028011
0.00298051
0.00331386
0.000303845
0.00315621
0.00267537
0.00300512
0.0030517
0.00253817
0.00316122
0.00270243
0.00314356
0.00320714
0.00309977
0.00316092
0.00299206
0.00298103
0.00324642
0.00316776
0.00312998
0.00327913
0.003104
0.00312766
0.00312028
0.00318732
0.00315143
0.00315525
0.00324479
0.00329357
0.00331623
0.00321474
0.00326521
0.00331023
0.00324067
0.00320277
0.0032587
0.0032606
0.00321631
0.00330044
0.00322702
0.00323386
0.0032565
0.00323196
0.00324988
0.00330048
0.00323534
0.00325967
0.0032684
0.00331628
0.00331114
0.00324684
0.00326369
0.00331076
0.00326153
0.00331571
0.0275282
0.00451009
0.0130196
0.0011189
0.000485269
0.00333703
0.000959903
0.000904431
0.00312738
0.00265954
0.00266688
0.00333393
0.00254138
0.0029169
0.00315441
0.00240419
0.00274971
0.00325342
0.00311057
0.00289912
0.00330675
0.00324687
0.00307012
0.00299826
0.00331615
0.00308785
0.00323029
0.00307203
0.00325296
0.00316601
0.00321109
0.00330759
0.00329707
0.00318032
0.00317318
0.00324061
0.00317608
0.00322999
0.00328666
0.00321771
0.00332203
0.00326663
0.00326775
0.00323944
0.00324873
0.00321937
0.0032283
0.00331404
0.00322091
0.00324034
0.00323265
0.00323999
0.00331363
0.00324356
0.00327682
0.00324626
0.00327739
