0.421093
0.089133
0.00332776
0.0514878
0.00598094
0.0110446
0.00149412
0.00546094
0.00105304
0.00460407
0.00181628
0.000399772
0.00136921
0.0673885
0.00354316
0.0209068
0.00722882
0.00355132
0.00214342
0.000449087
0.00135212
0.000227816
0.00157263
0.00118527
0.000322388
0.000590324
0.000151464
8.57907e-05
0.000463023
8.65093e-05
0.000538903
0.000359901
0.000468776
0.000439655
0.00039798
9.79359e-05
9.5689e-05
0.000306768
0.000247747
0.000228848
0.000266458
0.00018696
0.000134335
0.0297756
0.029443
0.0185007
0.00428163
0.000142984
0.000224328
0.000406857
0.00140699
0.000479032
0.000471834
0.00041648
0.000621836
9.11489e-05
0.000114733
0.000241441
4.41691e-05
3.98457e-05
2.90504e-05
0.000142505
0.000191317
0.000146734
1.55307e-05
0.000118766
9.73961e-06
1.72009e-05
4.62462e-06
8.54021e-05
3.30858e-05
3.97558e-05
4.47408e-05
5.29204e-05
3.13784e-05
3.81629e-05
2.53627e-05
3.32293e-05
4.3862e-05
5.25034e-05
4.96985e-05
1.5269e-05
4.20397e-05
3.19006e-05
3.81397e-05
9.43547e-07
4.22976e-05
1.03612e-05
1.28326e-05
9.8104e-06
1.49791e-05
5.25695e-05
4.74758e-05
4.56592e-05
2.95902e-05
1.74524e-05
2.96841e-05
5.30394e-05
3.26379e-05
4.76648e-05
4.08722e-05
0.0894756
0.011511
0.00357622
0.00370524
0.00602163
0.00451578
0.000293012
0.000139652
0.000476414
0.00139014
0.000397321
0.000713359
0.000979489
0.000844475
0.000447075
7.68365e-05
0.000502832
0.000274683
0.000210132
0.000569214
0.000523501
0.000438533
0.000104201
6.98166e-05
0.000421873
0.00037891
0.000337362
0.000105296
0.0115609
0.00410466
0.00461645
0.00175061
0.00696084
0.00151428
0.000380993
0.000340711
0.00272508
0.000446832
0.000609245
0.00157479
0.00013916
0.00100152
0.000746331
0.000787179
7.57111e-05
0.000582803
9.44597e-05
0.000154009
0.000523327
0.000507605
0.000162695
6.88676e-05
0.000356673
0.000378076
0.000258696
0.000357567
0.000259744
0.000120632
0.0295059
0.0338334
0.0316708
0.0186523
0.000386748
0.00379988
0.00861418
0.00484934
0.0019828
0.00519092
0.0033764
0.00313879
0.000988506
0.00249157
0.000191509
0.000657127
0.00153482
0.000287404
0.000652438
0.00125861
0.000710616
0.000804039
0.000765358
0.000798033
0.000219559
0.000448465
0.000741469
0.000345497
0.00044551
0.000174921
0.00808741
0.0116206
0.0154883
0.00593757
0.00373137
0.00647711
0.00396751
0.00552796
0.00144444
0.00278931
0.00207511
0.000112217
0.00197257
0.000331343
0.00104109
0.00106601
0.00108358
0.000203463
0.000239584
0.000188891
0.000679441
0.000627266
0.000574125
0.000653517
0.000310373
0.000223972
0.000320476
0.000461883
0.000456002
0.019604
0.00688396
0.0112682
0.00337517
0.00143394
0.00549614
0.00650681
0.00159164
0.000301361
0.00265626
0.000148689
0.00150374
0.00114774
0.000701774
0.000359648
0.000115082
0.000418912
0.000445529
0.000613212
0.000105592
0.000173234
0.000419472
9.85395e-05
0.000283376
0.000427753
0.00583725
0.0390979
0.00489628
0.0132191
0.00194404
0.00423078
0.00287894
0.000108929
0.00216634
0.000180895
0.000595894
0.000631063
0.000623898
0.000945481
0.000873684
0.000669623
0.000733653
0.000709264
0.000781246
0.000691621
0.000612746
0.000493229
0.000129753
0.000517698
0.000358085
7.01823e-05
0.000365007
0.000245759
0.000268112
0.0204674
0.0100601
0.000349729
0.00024127
0.000985688
0.00259984
0.00557946
0.000518199
0.0034191
0.000725463
0.00027566
0.00191543
0.000419583
0.000565888
9.43458e-05
0.000936279
0.000701162
0.000644862
0.00101302
0.00069961
0.000493501
0.000654562
0.000570352
7.70176e-05
0.0002338
7.4519e-05
0.000480637
0.00012669
0.000418898
0.131457
0.0944769
0.00325017
0.00691256
0.00113837
0.00670302
0.000880643
0.00161796
0.00303503
0.00228519
0.000560957
0.00113776
0.000916815
0.000518126
0.000872346
0.000586906
0.000235627
0.000678191
0.000459329
0.000720903
0.000602556
0.000410863
0.000485423
0.000265727
7.23523e-05
0.000114956
0.000323015
7.00376e-05
8.11157e-05
0.000263435
0.0394005
0.0561209
0.00142125
0.00114414
0.0049978
0.0129748
0.00123297
0.00302225
0.00216256
0.00398555
0.0015831
0.00214379
0.00220476
0.00236365
0.00175982
0.0400931
0.00341395
0.0089672
0.00202814
0.00771857
0.00404796
0.000269206
0.00249287
0.00193801
0.000203235
0.00111073
0.000209152
0.000153896
0.000644002
0.000264581
7.00356e-05
0.000337496
0.000408768
6.91559e-05
0.000226191
0.00023706
0.000129784
0.000330364
0.000266823
0.000298417
0.000157638
0.000192469
0.000210881
0.000132606
0.00140143
0.00626238
0.00353563
0.000273174
0.000850396
0.00141462
0.000662114
7.8759e-05
0.00094221
0.00035062
0.00026391
0.000657842
9.67643e-05
0.000487969
0.000101117
0.000241071
0.00032445
0.000322652
8.43553e-05
0.000212714
0.000210272
0.000110038
0.000160119
5.78109e-05
0.000114323
0.000125268
0.000157905
0.000124548
6.97808e-05
0.000146228
7.88445e-05
7.73018e-05
0.000118786
9.12613e-05
0.000124407
0.000116352
0.00011503
0.00011327
8.81728e-05
0.000100627
5.77601e-05
0.00540539
0.0086153
0.0142074
0.00614185
0.00385459
0.00617417
0.00388585
0.00557217
0.0014262
0.00286342
0.00208375
0.000113714
0.00200402
0.000338324
0.00105237
0.00109075
0.00110857
0.00020519
0.000243687
0.000191831
0.000695794
0.000642734
0.000586718
0.0006696
0.000316335
0.000228248
0.000327618
0.000474177
0.000468189
0.000883715
0.00549226
0.000605092
0.00290897
0.00322824
0.00276192
0.000808038
0.00108852
0.000292102
0.000264414
0.000200602
0.000309594
8.82446e-05
0.000401292
0.000206295
0.000298828
0.000220618
0.000226775
0.000134521
0.000162303
6.34151e-05
7.5277e-05
0.000103097
9.09129e-05
7.44285e-05
0.000172065
0.000129481
5.90269e-05
0.000145687
9.93569e-05
7.69695e-05
0.000108277
0.000126773
6.34402e-05
6.13637e-05
0.000102626
0.000102109
6.07251e-05
9.97572e-05
6.19039e-05
9.79165e-05
9.47847e-05
9.45401e-05
9.4162e-05
0.0430297
0.0374566
0.0200485
0.0135105
0.00580039
0.00119358
0.00314835
0.00287523
0.00244179
0.00119405
0.000153721
0.00119391
0.0031336
0.0017416
0.00533231
0.0100412
0.00337519
0.00132486
0.000840202
0.00331784
0.000235854
0.00236678
0.00215182
0.000456915
0.000132169
0.00135061
0.00101381
0.000921595
0.000146191
0.000709705
0.000592124
8.16234e-05
0.000208859
0.000194917
0.000577567
0.000393238
0.000474462
0.000319049
0.000167145
0.000358822
0.000256443
0.00253522
0.00787283
0.0052392
0.00156483
0.000390274
0.00160641
0.000310223
0.000816723
0.000263371
0.000107308
0.000629633
0.000462055
0.000302894
0.000512186
0.000417285
0.000394686
6.09831e-05
6.27032e-05
0.000312333
0.00011898
7.99095e-05
0.000226708
0.000206854
0.000138368
6.41952e-05
0.0001777
0.000123409
0.000162749
0.000144249
7.65997e-05
6.25742e-05
0.000141824
8.81865e-05
0.000123812
0.000131062
0.000126919
6.1149e-05
0.000120337
9.47076e-05
8.89371e-05
9.06325e-05
8.80561e-05
7.53646e-05
7.86176e-05
0.0227852
0.00082229
0.00295649
0.0107057
0.00327754
0.00290876
0.00201919
0.000614485
0.00084677
0.000822573
0.00141527
0.00113647
0.000491726
0.000852093
0.000555787
0.0199426
0.0425237
0.00630189
0.0133496
0.00968449
0.00321996
0.00224916
0.000904355
0.00148112
0.00121953
0.000570596
0.000767848
0.0218812
0.00869009
0.0105702
0.00502044
0.00103386
0.000487001
0.00298434
0.00182184
0.000513972
0.000317107
0.000128677
0.000845026
0.000231604
0.000567344
0.000401275
7.48224e-05
0.000321432
0.000124935
0.000501555
8.62804e-05
0.000185472
0.000313769
6.84006e-05
0.000172383
7.41426e-05
0.00023835
7.81391e-05
9.57202e-05
0.000115665
0.000213677
0.000192818
0.000120702
6.07475e-05
0.000197121
9.61303e-05
0.000156032
0.000123022
0.000146796
0.000101469
0.000155116
0.000153771
0.000152079
0.0218819
0.00719432
0.0105814
0.00502056
0.000946948
0.000487006
0.00294325
0.00182065
0.000515298
0.000317794
0.000128843
0.00082917
0.000228122
0.000565438
0.00040065
7.48757e-05
0.000317506
0.000123948
0.000498305
8.63005e-05
0.000185343
0.000311216
6.82872e-05
0.000172119
7.41232e-05
0.000236915
7.79867e-05
9.54546e-05
0.000115257
0.000212611
0.000191948
0.000120486
6.07355e-05
0.000196337
9.59146e-05
0.000155473
0.000122667
0.0001464
0.000101244
0.000154602
0.0001533
0.000151586
0.0524247
0.00685675
0.0101728
0.00118127
0.00265329
0.00410571
0.00323235
0.000135274
0.00119039
0.000504154
0.00119451
0.000105272
0.000950271
0.000645704
0.000469423
0.220841
0.0210014
0.00202412
0.033222
0.00578851
0.00456739
0.002275
0.00580623
0.000498521
0.00318815
0.00328692
0.00280114
0.0409092
0.0169899
0.000527788
0.000439749
0.00827751
0.00416555
0.00129715
0.00104484
0.000562731
0.00141231
0.00185891
0.000163431
0.000818805
0.000918051
0.0747173
0.00661964
0.0146971
0.000166875
0.00569294
0.00604571
0.0028507
0.00165771
0.000383293
0.00183436
0.000617339
0.00110495
0.000591688
0.000938695
0.000220004
0.000195427
0.000649766
0.00039964
0.00038599
0.000349224
0.000422911
0.000425002
0.000258366
9.07588e-05
0.000344885
0.000135864
0.000249156
0.000288358
0.0315853
0.0356208
0.0322876
0.0189827
0.000386331
0.00386925
0.00864104
0.00489441
0.00197858
0.00521544
0.00339045
0.00314083
0.000987299
0.00249406
0.000191322
0.000658691
0.00153649
0.000287862
0.000652216
0.00125929
0.000710568
0.000804868
0.000765512
0.000798651
0.000219528
0.000448717
0.000741758
0.000345655
0.000445515
0.000174961
0.00307081
0.0087342
0.00508622
0.00170388
0.000410821
0.00168196
0.000303109
0.000793665
0.000266301
0.000107481
0.000614837
0.00045044
0.000296117
0.000505978
0.000412254
0.000388698
6.0872e-05
6.26096e-05
0.000307798
0.000118153
7.95189e-05
0.000223025
0.000203899
0.000136361
6.40431e-05
0.000174886
0.00012206
0.000160463
0.000142149
7.61807e-05
6.24319e-05
0.000139777
8.74188e-05
0.000122219
0.000129253
0.000125211
6.10248e-05
0.000118757
9.37867e-05
8.81292e-05
8.97741e-05
8.72721e-05
7.48936e-05
7.80651e-05
0.0104823
2.56728e-05
5.18658e-05
0.000171954
0.00058977
3.53039e-05
0.000220723
0.000153422
0.00043979
1.77179e-05
0.000289794
4.58374e-05
0.000192135
4.30798e-05
1.685e-05
0.000102495
7.91807e-06
2.57449e-06
3.51744e-05
3.47846e-05
4.7108e-05
5.11632e-05
1.52392e-05
3.53066e-05
6.89674e-06
3.57412e-05
4.71278e-06
9.6869e-06
5.58422e-05
2.54851e-05
3.47723e-05
4.79991e-05
2.03059e-05
2.73163e-05
1.90428e-05
3.15085e-05
5.16484e-05
2.76778e-05
3.63283e-05
3.83982e-05
3.42857e-05
2.93124e-05
3.39404e-05
3.07216e-05
3.17759e-05
5.21111e-05
3.70571e-05
4.33795e-05
4.8309e-05
5.34195e-05
4.6839e-05
5.06211e-05
5.41352e-05
4.14158e-05
4.16774e-05
4.02781e-05
5.26989e-05
4.16659e-05
0.0308937
0.100931
0.00964901
0.00204043
0.00432816
0.00200584
0.00215897
0.00200777
0.00182223
0.00232161
0.000321901
0.000482094
0.000224639
0.000533175
0.00126322
0.00090035
0.000257492
0.000589121
0.000649475
0.000200311
0.000154754
0.000485621
0.00015616
0.000313757
0.000377092
0.00018089
9.30065e-05
0.000122252
7.36598e-05
0.000210541
0.000330375
0.000123543
0.000146939
8.59828e-05
9.21573e-05
0.000253583
0.000111609
7.57701e-05
0.000152011
0.000231329
0.00020521
0.000199064
0.000128101
0.000126508
0.00183809
0.00315703
0.000620592
2.87719e-05
0.000475169
9.20647e-06
0.000364041
6.74685e-05
0.000305761
1.92852e-05
0.00010334
0.000127466
8.99993e-05
3.854e-05
3.60796e-05
6.82868e-05
6.008e-06
5.50475e-05
1.82119e-05
1.78828e-05
4.60738e-05
5.41465e-05
5.02785e-05
1.99867e-05
4.52557e-05
3.36057e-05
4.94981e-05
5.10198e-05
5.4896e-05
5.4351e-05
2.17658e-05
3.0359e-05
5.45109e-05
5.40375e-05
3.08321e-05
3.16774e-05
3.74514e-05
4.94395e-05
3.23761e-05
5.08371e-05
5.60658e-05
4.03086e-05
5.06036e-05
4.42161e-05
5.36513e-05
4.17376e-05
4.60811e-05
4.31784e-05
5.10732e-05
5.39054e-05
5.36763e-05
4.57545e-05
4.32572e-05
4.34563e-05
4.46527e-05
5.36385e-05
4.49861e-05
4.67223e-05
4.66861e-05
0.00863083
5.46416e-05
0.000463145
0.00485736
0.000450136
0.00174917
0.000670288
0.000357465
3.52505e-05
0.000451679
3.22326e-05
0.000150923
4.36611e-05
0.000315969
5.35208e-05
1.28068e-05
0.00012257
0.000133936
2.67048e-05
3.04685e-05
4.61028e-05
3.03499e-05
3.77322e-05
4.91164e-05
6.39388e-06
2.46944e-05
2.31271e-05
1.15384e-05
2.32598e-05
6.98625e-06
4.56453e-05
3.53083e-05
2.10076e-05
4.37566e-06
3.67592e-05
3.49345e-06
7.67531e-07
3.93183e-05
2.31386e-05
5.26658e-05
1.95449e-05
3.81702e-05
3.51553e-05
4.50263e-05
3.64797e-05
2.56135e-05
5.46437e-05
3.13439e-05
4.36627e-05
3.81286e-05
2.30994e-05
5.12797e-05
4.65736e-05
4.90232e-05
3.70371e-05
5.03059e-05
5.50457e-05
3.27134e-05
4.15097e-05
