0.199425
0.0584932
0.00578118
0.0012523
0.005792
0.000754136
0.00148425
0.00605639
0.00603734
0.00171637
0.00278934
0.00297441
0.000490616
0.00214211
0.0718748
0.00269591
0.00519104
0.00362791
8.33158e-05
0.00381084
0.000410978
0.00121575
5.70748e-06
0.000369178
0.000469152
2.98701e-05
0.000251689
0.000184101
2.78031e-05
0.000258684
5.02713e-06
8.5149e-05
0.000101116
9.1466e-05
9.16671e-06
8.83502e-05
7.87386e-06
2.97846e-05
2.1255e-06
1.33498e-06
1.02265e-05
0.000106398
0.0489244
0.0247509
0.0398129
0.00811427
0.00522655
0.00269857
0.000877755
0.000233711
0.000767094
0.000218267
0.00111512
0.000995732
0.00117819
0.000176337
0.000567108
0.000172511
0.000377092
0.000523278
0.000470265
0.000450347
0.000338047
0.000473184
0.000479299
0.000183965
0.000275882
0.000353784
0.000172806
0.000326927
0.00017341
0.000179641
0.000326698
0.000187493
0.000200876
0.000185227
0.000192581
0.000275189
0.00021414
0.000244753
0.000169842
0.000179948
0.000192039
0.000236121
0.000177572
0.000217768
0.000225718
0.000159518
0.000225108
0.000195299
0.000182202
0.000188794
0.00021363
0.000205389
0.000177935
0.000187488
0.000201164
0.000154557
0.000205348
0.000699111
0.00466656
0.00846212
0.0181294
0.0016479
0.00123264
0.0030663
1.18578e-05
0.000508765
0.00169985
0.000171059
0.000404039
3.43414e-05
0.000719298
9.84345e-05
0.000692258
0.000127113
1.07583e-05
0.000108598
0.00033308
5.43565e-05
7.08927e-05
0.000200743
0.000117394
8.28992e-06
7.36858e-05
6.33383e-05
6.87994e-06
6.33214e-06
7.22038e-05
0.0714827
0.003364
0.000173866
0.0121886
0.00423817
0.000168536
4.77498e-05
0.00138463
0.000357364
0.000159106
2.36645e-05
5.05133e-05
0.000280275
4.41333e-05
0.000551583
0.00019134
0.000284843
0.000319296
7.58315e-05
0.00011109
0.000131663
0.000135059
0.000183268
0.000123505
9.88888e-05
6.06602e-05
2.20222e-05
0.000128635
3.76892e-05
0.209683
0.0640373
0.0218282
0.00806978
0.0152469
0.000550577
0.000724815
0.000223195
0.000361763
0.0035651
0.00210833
0.00161065
3.23048e-05
0.00219225
0.00122752
0.000392748
0.0012275
0.000159803
2.65711e-05
0.000754938
0.000152111
0.000176073
0.00062535
0.000514712
0.000116574
0.000243667
4.48038e-05
0.000368305
0.000145071
0.000161922
0.0493387
0.0494365
0.00386298
0.00435881
1.06502e-05
0.00744681
0.000857796
0.0033206
0.0022978
0.000535327
0.000560785
4.69528e-05
0.000282818
0.00145131
0.000769215
0.000203484
0.000291804
0.000729381
1.85861e-05
0.000311265
0.000456169
9.47651e-05
0.00040905
0.000202958
8.7589e-05
0.000127818
2.03066e-05
0.000181655
0.000108905
6.25807e-05
0.0535232
0.00616881
0.000535865
0.00768268
0.00138398
0.00136504
0.00322294
0.00423137
6.41603e-06
6.13522e-05
0.00130444
0.00162288
0.000172812
0.00091954
0.000601573
0.00104263
0.0001151
4.8347e-05
4.06551e-05
0.000429892
9.60263e-05
0.00038205
0.000397405
0.000336212
0.00010983
0.000161548
4.63201e-05
0.000215352
3.07167e-05
0.000148239
0.0727444
0.000416093
0.00945887
0.00309754
0.00309256
0.00471495
0.00419293
0.00121962
0.00040625
0.00138884
0.000201693
1.80161e-05
8.80759e-05
0.000278272
0.000121472
0.000197402
2.70297e-06
0.000124611
0.000288976
4.17893e-05
3.36592e-05
1.40692e-05
0.000125843
6.41102e-05
1.51363e-05
8.2579e-05
0.092658
0.0106869
0.0248348
0.0157093
0.00031108
0.00385071
4.22381e-07
5.05225e-05
0.000571182
0.00108791
0.00156071
0.000514784
0.000204185
0.000629761
0.000114359
8.32581e-05
5.9548e-05
0.000434394
0.000148898
0.000495579
0.000371495
0.000126156
7.43578e-05
0.000306541
6.66302e-05
9.7596e-05
9.83197e-05
9.17926e-05
1.5375e-05
6.63378e-05
0.00427912
0.00463462
0.00843357
0.0176998
0.0016421
0.00119202
0.00300069
8.99019e-06
0.000499202
0.00168015
0.000167657
0.000402577
3.54207e-05
0.000714927
9.63748e-05
0.000685319
0.000125001
1.02519e-05
0.000108734
0.000329677
5.34157e-05
7.13539e-05
0.0001986
0.000117533
9.00149e-06
7.22596e-05
6.20715e-05
7.66205e-06
5.44259e-06
7.26518e-05
1.09263
0.0543093
0.00507146
0.012909
0.00192724
0.000883835
0.00119723
0.00452063
0.00389612
0.00330296
0.00255392
0.00171878
0.000238375
0.0933982
0.00212287
0.005168
0.00360892
8.76922e-05
0.00358568
0.000409978
0.00120711
1.04921e-05
0.00036758
0.000462549
2.96144e-05
0.0002491
0.000182402
2.82395e-05
0.00025298
6.01923e-06
8.25033e-05
9.73024e-05
8.79445e-05
7.52455e-06
8.50745e-05
5.75309e-06
2.74753e-05
3.94154e-06
6.19006e-07
1.19645e-05
0.000106897
0.00746734
0.00919866
0.000466424
0.000130367
0.000879477
0.000215249
7.15878e-05
7.36073e-05
0.000147309
0.000117582
1.26981e-05
2.06828e-05
0.000128959
9.526e-05
0.000140719
7.63787e-05
0.000145909
0.00011401
0.000127256
0.000111887
0.000152673
0.00014563
0.000142574
0.00011242
0.00014517
0.000146531
0.000120726
0.000122253
0.00013508
0.000136923
0.000148876
0.000144694
0.000132117
0.000152588
0.000132974
0.000132878
0.000133506
0.000134815
0.000144395
0.000139136
0.000142861
0.000146009
0.164854
0.0329294
0.0354483
0.0111297
0.00109742
0.00337914
0.00107554
0.00203165
3.57081e-05
0.00023677
0.000684866
2.86839e-05
0.000118194
0.00116904
0.000386451
0.000179685
0.000247012
0.000441276
2.04392e-06
6.75375e-05
0.000133791
0.000399254
4.08137e-05
1.08115e-05
0.00026268
0.000200881
0.000170127
0.00150575
0.000151102
0.000312434
0.000255595
0.000192846
5.73714e-05
8.35376e-05
0.000158001
0.000104096
0.000157352
0.000151969
0.00013714
0.000127319
0.000143531
0.000156148
0.000123502
0.000125922
0.000130407
0.000137828
0.000150363
0.000148275
0.000141014
0.000139962
0.000136941
0.000137096
0.00014076
0.000149835
0.000146673
0.000146411
0.000141908
0.000145217
0.000142837
0.00014667
0.000144173
0.000148482
0.000144428
0.000151025
0.000152503
0.000145582
0.000146073
0.000145994
0.000151728
0.123722
0.0248237
0.00231604
0.00203099
0.00423346
0.00161774
0.00242175
0.00224746
0.000230577
5.17236e-05
0.00077762
0.000679045
0.000719965
7.53879e-05
0.0754569
0.0330786
0.0227199
0.00169016
9.6772e-05
0.000645333
0.000948791
0.000264487
5.08914e-05
0.000147387
6.37766e-05
0.00102697
0.000172539
0.000497157
0.000494015
0.000190412
0.000220426
0.000356696
0.000399706
0.000200065
0.000217509
0.000240021
0.000256661
6.60072e-05
0.000165881
9.35671e-05
1.03312e-05
4.91646e-05
0.00484065
0.00759596
0.00136832
0.000105324
9.11697e-05
5.64968e-05
6.28174e-05
8.98579e-05
0.000147935
9.72923e-05
0.000140564
2.54267e-05
0.000111503
0.000154721
0.000135444
0.000118835
0.000108336
0.000126762
7.93635e-05
7.65988e-05
0.000126222
0.000115664
9.97519e-05
0.00012399
0.000124431
0.000132306
0.000109014
0.000118896
0.00012693
0.000125187
0.000147776
0.000123356
0.000133341
0.000127674
0.000130531
0.000131089
0.000132527
0.000135799
0.00013417
0.000137173
0.000135337
0.000143406
0.000136408
0.000135039
0.000136072
0.0344855
0.0445464
0.00109613
0.000927194
0.00397807
2.82542e-05
0.00187102
0.000321021
1.93083e-05
0.000356621
0.000813306
4.88442e-05
2.353e-05
0.000443808
0.217665
0.0656431
0.00536926
0.0160253
0.00514043
0.00200795
0.00369594
0.000113185
0.00202082
0.000417774
0.000501215
8.48352e-06
0.000813919
8.24658e-05
0.0127612
0.0236426
2.58076e-05
0.00585492
0.00167947
0.00211684
0.000205222
0.000544017
0.000110803
0.000431626
0.000176926
0.000354822
0.000229657
5.65132e-05
0.000126296
0.000181249
0.000166941
9.59023e-05
7.32341e-05
3.04621e-05
4.0419e-05
3.55105e-05
8.61907e-05
9.93134e-05
5.82562e-06
0.00014881
9.06371e-05
0.000137352
4.13558e-05
7.88204e-05
7.27725e-05
0.000141971
0.000111473
6.17008e-05
0.000115071
9.5322e-05
8.15121e-05
0.000125863
0.000133149
9.21842e-05
0.000107454
0.000111947
0.000111428
0.00741657
0.0187334
4.27017e-05
0.00523891
0.00153027
0.00211095
0.000206211
0.000545382
0.000110665
0.000428761
0.000177652
0.000345414
0.000227852
5.22609e-05
0.000126169
0.000177375
0.000163522
9.66391e-05
7.06145e-05
3.07232e-05
3.88587e-05
3.58515e-05
8.62552e-05
9.93441e-05
4.63828e-06
0.000148802
9.10828e-05
0.000137433
4.20659e-05
7.91092e-05
7.31128e-05
0.000142017
0.000111703
6.22047e-05
0.000115193
9.55631e-05
8.19063e-05
0.000125985
0.000133232
9.24704e-05
0.00010764
0.000112108
0.000111596
0.0081325
0.0434603
0.000146856
0.0084061
0.000633113
0.00145325
0.000710248
0.000396117
0.000872854
0.000778736
0.000522298
0.00044413
0.000411703
3.15915e-05
0.355753
0.063633
0.00259976
0.0413118
0.00489984
0.00899365
0.00107091
0.004409
0.000703238
0.00368833
0.00134632
0.000130472
0.000968548
0.0600083
0.0728277
0.021107
0.0105439
0.000879152
0.00364475
0.00175686
0.00260742
0.00146957
7.82265e-05
5.31002e-05
0.00107913
0.00111695
8.77257e-05
0.000741653
0.0817721
0.0183993
0.000286991
0.000940921
0.00278846
1.55233e-05
6.59462e-05
0.000131742
0.00106724
0.000120359
2.66382e-05
0.000796476
6.09946e-05
0.000588191
0.000130583
5.15682e-05
8.49188e-05
5.43721e-05
0.000126847
8.24705e-05
0.000105068
8.84468e-05
9.85491e-05
4.90627e-05
5.17169e-05
0.000129776
2.15229e-05
7.85963e-05
1.19849e-05
0.00868766
0.00140676
0.0265139
0.00495504
0.0029197
4.61061e-05
0.00271543
0.00219516
0.00191831
0.00170582
0.00177321
0.000110479
0.000622929
0.000897281
0.0011716
0.000873642
0.000681368
0.00018263
0.000715143
0.000666025
0.000151604
0.000493808
0.00042692
0.000243121
6.61906e-05
0.000190098
0.000191189
0.000160532
0.010223
0.00125232
0.000109869
9.66975e-05
5.73177e-05
5.76618e-05
8.13247e-05
0.000148841
0.000102197
0.000142006
1.3764e-05
0.000115156
0.000154934
0.000135847
0.000121808
0.000110304
0.000127722
8.44659e-05
8.17425e-05
0.000128429
0.000117493
0.000103062
0.000125348
0.000126605
0.000133153
0.000111735
0.00012124
0.000128261
0.000127138
0.000148255
0.000125312
0.000134763
0.000129392
0.000132072
0.000132588
0.000133922
0.000136986
0.000135445
0.000137999
0.000136498
0.000143774
0.000137501
0.000136186
0.000137083
0.0159051
0.0159678
0.00619236
0.000831553
0.000246996
0.000860358
0.00139894
0.000442945
0.000228397
0.000229599
0.000904046
0.000987771
0.000574431
0.000216958
0.000149252
0.00016201
0.000293354
0.000332416
0.000395732
0.00020584
0.000194912
0.000173869
0.000148961
0.000197547
0.000217155
0.000265405
0.000328292
0.000288458
0.000306169
0.000185909
0.000269692
0.000268785
0.000163183
0.000246221
0.000165469
0.000232957
0.000171203
0.000205269
0.000160959
0.000223611
0.000237053
0.000225579
0.000169475
0.000164162
0.00022061
0.000192518
0.00016773
0.00020223
0.000176675
0.000169487
0.000186719
0.000187782
0.000159675
0.000199256
0.000189328
0.000154351
0.000169986
0.000160026
0.000192382
0.000184526
0.0764865
0.00244278
0.0200162
2.69162e-05
0.0021334
0.000794489
0.000761381
3.69513e-05
0.00163749
2.2735e-05
0.00095806
8.94126e-06
0.000141568
0.000109861
0.000352032
3.36455e-05
0.000139544
0.000331447
0.000193553
0.000167569
2.11344e-05
0.000157538
0.000161049
0.000150073
7.69688e-05
2.05549e-05
0.000100394
4.3368e-05
0.000118519
0.000139319
0.000150069
1.20501e-05
0.000116437
6.53383e-06
6.05989e-06
3.44519e-05
2.19267e-05
7.57247e-05
3.76092e-05
0.0001269
6.27699e-05
0.000143558
0.0393397
0.0389749
0.0175848
0.0023025
0.000220358
0.00131923
0.00143109
0.0015152
0.000662806
0.000834906
0.000222889
0.000880334
0.000646907
0.000228599
0.000626077
0.000254337
0.000179555
0.00027429
0.000236072
0.000292177
0.000333122
0.000293461
0.00030184
0.000292532
0.000316914
0.000305492
0.000289094
0.000157635
0.000192255
0.000196033
0.000206518
0.000253918
0.000197562
0.00021451
0.000171383
0.000186385
0.000218523
0.000173449
0.000191315
0.000177532
0.000208514
0.000218018
0.000183638
0.000178383
0.0001887
0.000199352
0.000156112
0.000193487
0.000174508
0.000159622
0.000170016
0.000165885
0.000176259
0.000154293
0.000181921
0.000189074
0.000151
0.0513986
0.0795268
0.00569324
0.00876997
0.00173514
0.000161745
0.000490106
0.00225987
0.0003402
0.000400285
0.000360324
0.00030599
0.000534837
0.000194681
0.000409927
0.000210498
0.00054909
0.000297457
0.000394996
0.00023344
0.000493959
0.000218873
0.000378989
0.00022997
0.000358678
0.000290659
0.000164601
0.000221338
0.000160649
0.000192521
0.000178947
0.00017222
0.000190696
0.000241515
0.000167526
0.000170194
0.000214116
0.000252823
0.000223978
0.000194908
0.000191478
0.000181304
0.000175071
0.000232134
0.000206286
0.000151802
0.000161938
0.000219916
0.000215834
0.00021275
0.000213581
0.000204766
0.000210188
0.000204718
0.000163936
0.00019606
0.000202425
0.000152834
