0.0027791
0.0158648
0.00201846
0.00518763
0.0135522
0.0102925
0.00515319
0.0108782
0.0123668
0.00757608
0.00746311
0.0076271
0.00793455
0.0108177
0.00808219
0.00869081
0.00897244
0.00825621
0.0089094
0.0107778
0.0087123
0.00896707
0.00883608
0.0107485
0.00888357
0.00893876
0.0106344
0.0101642
0.160319
0.0182597
0.00473429
0.027679
0.0148618
0.00551071
0.00704394
0.0123729
0.016675
0.0127878
0.0074419
0.00694311
0.0134564
0.00745854
0.00784964
0.0118476
0.00808651
0.0108921
0.0125743
0.0115998
0.0107942
0.00846125
0.00832985
0.00842522
0.00838862
0.00858984
0.0084663
0.00877023
0.0106727
0.00860773
0.00861847
0.00879712
0.00943041
0.0109216
0.00945387
0.00892348
0.00929906
0.010827
0.00899847
0.00930797
0.00958864
0.0107428
0.0096473
0.0092386
0.00964591
0.0106121
0.0101401
0.00923485
0.0105527
0.00929932
0.00971611
0.00944151
0.0097014
0.00931098
0.00945318
0.0104143
0.00993674
0.00934572
0.0101763
0.0103586
0.0298045
0.0144336
0.0042545
0.0142521
0.0140357
0.00910406
0.0121362
0.00652143
0.00723249
0.0123978
0.0121013
0.0101573
0.0119843
0.0115463
0.011584
0.0115155
0.0108506
0.00839081
0.0109694
0.00848873
0.0086678
0.00869303
0.00987123
0.00995645
0.00887644
0.00958854
0.00911652
0.0601634
0.0163788
0.00121834
0.00215123
0.00230377
0.00664282
0.00294473
0.0128544
0.00621189
0.012733
0.00673097
0.00755823
0.00768244
0.0118501
0.00990799
0.00757884
0.0115885
0.00925118
0.0113894
0.0104577
0.0101115
0.0111004
0.00968961
0.0109831
0.0087869
0.0108879
0.0101041
0.0107296
0.00943923
0.0456818
0.0121718
0.00407455
0.000300074
0.00271754
0.0126674
0.00652859
0.00711588
0.0120541
0.00766396
0.0115538
0.0111217
0.00979938
0.00968582
0.0085575
0.00973175
0.0540019
0.0159295
0.0122461
0.00314463
0.0143551
0.0141519
0.0135859
0.0115971
0.00518005
0.0125551
0.0115585
0.0116629
0.00678321
0.0121666
0.00771138
0.0115134
0.0115213
0.0115658
0.0109851
0.00933832
0.00847358
0.00837888
0.00969479
0.0110216
0.00862767
0.00863584
0.00991089
0.00923651
0.00704943
0.0143055
0.0431852
0.00985841
0.00644826
0.00127112
0.000189938
0.0129717
0.013025
0.00570092
0.0118904
0.0125178
0.0122809
0.00758501
0.00951915
0.0110885
0.0116429
0.011331
0.00807292
0.00788121
0.0102986
0.0105487
0.0089542
0.0109149
0.00963969
0.00851823
0.00889987
0.00888933
0.0106578
0.0148339
0.0351866
0.00267298
0.0151685
0.00572507
0.0103593
0.00363842
0.0135229
0.00404972
0.00793646
0.0123448
0.00683948
0.00711429
0.0077586
0.00947667
0.00932647
0.0115502
0.00794278
0.0114167
0.0108455
0.00854482
0.0106848
0.0109114
0.0109669
0.00878519
0.0088327
0.0107884
0.010761
0.0639923
0.0239094
0.00490379
0.0148877
0.00263749
0.00162292
0.000871138
0.0102018
0.00329517
0.00531475
0.00597959
0.00658268
0.0114306
0.00753869
0.00674124
0.0119489
0.00820265
0.00772542
0.00822024
0.00873752
0.00994145
0.0106973
0.010988
0.0109014
0.00860974
0.0100026
0.00954153
0.0295195
0.0144309
0.00432995
0.0142464
0.0140145
0.00908017
0.0121065
0.00654323
0.00724511
0.0123878
0.0120934
0.0101518
0.0119788
0.0115384
0.0115797
0.01151
0.0108455
0.00839811
0.0109647
0.00849525
0.00867217
0.00869782
0.00987136
0.00995615
0.0088802
0.0095902
0.00912049
0.0135333
0.0413456
0.0183767
0.00835778
0.00070756
0.00333689
0.00945856
0.0114251
0.00566527
0.0119173
0.00566757
0.00697982
0.00669167
0.00847585
0.00324223
0.0158624
0.0019962
0.00530829
0.0135443
0.0102153
0.00525404
0.0108348
0.012354
0.00760644
0.00749199
0.00765189
0.00795305
0.0108026
0.00809952
0.00870419
0.00898219
0.00827244
0.00891973
0.0107693
0.00872353
0.00897656
0.00884486
0.0107414
0.00889208
0.00894717
0.0106283
0.0101615
0.0182094
0.0157363
0.00468245
0.00619132
0.00506543
0.0133704
0.00484811
0.0141996
0.0131351
0.00740999
0.00957246
0.00703444
0.0124899
0.00803045
0.0116143
0.00767176
0.0117379
0.00794405
0.00822141
0.0113643
0.0113377
0.0114123
0.0110172
0.00876577
0.0111557
0.0085749
0.0111329
0.0109865
0.0088579
0.00883184
0.00887981
0.0105354
0.010708
0.0101703
0.0107033
0.0091121
0.0105111
0.00919154
0.0105817
0.00974417
0.01012
0.00925106
0.00925457
0.0518725
0.015904
0.0129714
0.00332111
0.0143295
0.0141306
0.0135829
0.0115094
0.00512385
0.0125575
0.0115437
0.011665
0.00676952
0.0121839
0.00769643
0.0115293
0.0115385
0.0115829
0.0109989
0.00932134
0.00845639
0.00835822
0.00968634
0.0110386
0.00860808
0.00861375
0.0099084
0.00921897
0.00349276
0.0178844
0.00396075
0.00233047
0.00241232
0.0142545
0.00475281
0.0161409
0.013804
0.0122121
0.00730429
0.0122804
0.011996
0.0107228
0.012051
0.00760753
0.0116205
0.0079595
0.00897702
0.00823874
0.0113885
0.0110456
0.00861081
0.0109656
0.00857042
0.00927697
0.0086313
0.0109827
0.008912
0.00868728
0.00884456
0.00884415
0.0108437
0.0105384
0.0108014
0.0107518
0.0100616
0.0100157
0.00910849
0.00924905
0.0105619
0.010518
0.0102145
0.00960604
0.0167404
0.0445142
0.0292597
0.011747
0.00731049
0.00959939
0.0116095
0.00644223
0.0051559
0.00626788
0.0108564
0.010913
0.00748433
0.010284
0.0113937
0.0124168
0.0114019
0.0160496
0.0149696
0.0142822
0.0140665
0.0139288
0.00385903
0.00560885
0.00690843
0.0124016
0.00698643
0.00770301
0.0115389
0.00723942
0.00922658
0.00778004
0.010715
0.0113185
0.0108908
0.00827975
0.00836793
0.00838978
0.0106024
0.0109143
0.0109596
0.00871955
0.0108041
0.00880965
0.0115304
0.028401
0.00522572
0.021258
0.0179882
0.0122287
0.0141226
0.00703921
0.00668288
0.0127024
0.00643125
0.0124766
0.012912
0.0109051
0.0124966
0.0117749
0.0117441
0.00803753
0.00806707
0.011406
0.0112708
0.00887104
0.0113502
0.0111426
0.0111056
0.0086948
0.00949482
0.0099386
0.0108166
0.00872073
0.00878384
0.00890883
0.00985838
0.00897269
0.0108124
0.0106153
0.00930295
0.00912536
0.0105021
0.0100741
0.00913279
0.00919074
0.00925362
0.0104965
0.00934176
0.00488394
0.0150264
0.0124713
0.00507059
0.000406601
0.00504346
0.00967483
0.00624874
0.00642541
0.0117656
0.0076998
0.0100064
0.00909386
0.00966341
0.0107972
0.0178881
0.0159547
0.0139321
0.0138497
0.000456749
0.00603168
0.00753773
0.0065909
0.0119775
0.0105988
0.0110122
0.00943856
0.00829977
0.142874
0.0197105
0.00162747
0.0195977
0.0129105
0.00103287
0.00595511
0.00438039
0.0128508
0.0131686
0.00656834
0.007588
0.00823961
0.0071973
0.0069722
0.01222
0.0120962
0.0120099
0.00771188
0.0117616
0.0102573
0.0113884
0.00857093
0.00926419
0.0110328
0.00839491
0.00947894
0.0105719
0.0111464
0.00900453
0.0110253
0.00870239
0.00966967
0.00879487
0.0106846
0.0108487
0.0106731
0.0107585
0.00901485
0.00929884
0.0091948
0.00910139
0.00915323
0.0105579
0.0104748
0.906285
0.0197105
0.000904819
0.0195205
0.0122492
0.0013237
0.00604022
0.00452091
0.0128501
0.0131024
0.00659607
0.00760966
0.00822564
0.00722411
0.0070016
0.0122118
0.0120821
0.0120011
0.0077296
0.0117486
0.0102481
0.0113843
0.00857915
0.00926586
0.0110249
0.00840324
0.00947975
0.010566
0.0111408
0.00900932
0.0110212
0.00870846
0.00967009
0.00880028
0.0106803
0.0108446
0.0106694
0.010755
0.00901845
0.00930165
0.00919807
0.00910474
0.00915617
0.0105553
0.0104723
0.0720224
0.0013352
0.0140509
0.00201876
0.00536345
0.00390522
0.00532261
0.0115988
0.0101085
0.0109963
0.00798928
0.0101691
0.00957122
0.0103887
0.0621672
0.00229356
0.000969331
0.0117964
0.00325378
0.00578042
0.00618527
0.0120319
0.0117745
0.00755478
0.0101563
0.00920031
0.0186455
0.0197085
0.0115222
0.00253152
0.000885587
0.00308296
0.00263043
0.0136633
0.00707369
0.0123668
0.00851821
0.0121054
0.00693784
0.0118415
0.00757709
0.00794278
0.00783671
0.0105618
0.0112401
0.0112353
0.0103239
0.0102846
0.0097547
0.00865961
0.00894503
0.00879024
0.00881573
0.00917652
0.00980225
0.0106592
0.00109163
0.000871008
0.000142012
0.00792615
0.0133688
0.00662048
0.00534434
0.00717454
0.0107392
0.00753836
0.00849839
0.0080149
0.0112484
0.00850294
0.00971491
0.0153608
0.00685753
0.00302389
0.0183352
0.0139556
0.00258243
0.00688301
0.00714947
0.00565963
0.00589178
0.00630888
0.00642964
0.0128325
0.0122028
0.00778607
0.00909096
0.0116757
0.0117384
0.00904245
0.011686
0.00902246
0.00875873
0.0086664
0.0113263
0.00898358
0.0105506
0.0111591
0.00880418
0.0102342
0.00886337
0.00999954
0.00935714
0.00913935
0.00916966
0.00959199
0.0107572
0.00937164
0.00914433
0.0103756
0.0105901
0.00963323
0.00918644
0.00953726
0.0105121
0.0097706
0.027653
0.00174319
0.0290362
0.00358729
0.00411697
0.00708568
0.0150709
0.00657348
0.00729213
0.00792577
0.00679454
0.00925379
0.0125603
0.00879523
0.0118126
0.00924228
0.0117457
0.0117546
0.00856398
0.00892738
0.0110303
0.0108369
0.00973059
0.00875096
0.0110185
0.00872827
0.00925912
0.00889187
0.00955535
0.010488
0.0108409
0.0107821
0.0107742
0.00930026
0.0106537
0.0091935
0.0104488
0.0103542
0.00954919
0.00934172
0.00956865
0.0099106
0.009831
0.0100614
0.00921828
0.00109643
0.00521077
0.00720146
0.00332603
0.0146714
0.0134376
0.0134063
0.00797841
0.00674371
0.01212
0.00696591
0.0091755
0.0115083
0.0115739
0.0111365
0.0100819
0.00948759
0.0111447
0.00973959
0.0088398
0.0100068
0.0109017
0.00884495
0.0106563
0.0093405
0.0107096
0.00944321
0.0103537
0.0335113
0.0383999
0.000985705
0.0139314
0.00674128
0.0046578
0.016798
0.0162172
0.00774738
0.00702846
0.0131353
0.0070031
0.0119588
0.00826894
0.00784101
0.00788645
0.0090279
0.0115053
0.0083628
0.0083944
0.00900502
0.0111599
0.00860108
0.00880675
0.0111787
0.00899566
0.00904719
0.0108629
0.0089895
0.0107681
0.00930781
0.0107197
0.00931664
0.00909048
0.0106763
0.010631
0.00946427
0.0102706
0.01053
0.00926692
0.00966241
0.00931852
0.00931584
0.00989042
0.0589131
0.00931818
0.0186181
0.0221493
0.00567478
0.0154312
0.0149597
0.00762464
0.0126104
0.0121098
0.013287
0.0132806
0.0125604
0.0120398
0.0121247
0.00820909
0.0115807
0.00825831
0.00856102
0.0101657
0.0112889
0.0108221
0.0111652
0.0108942
0.0106269
0.00930373
0.01097
0.00974813
0.00893956
0.00970677
0.00915361
0.010393
0.0101732
0.0102917
0.0100577
0.00914637
0.0103151
0.00921355
0.0105655
0.00931671
0.00928343
0.010384
0.0104233
0.00936732
0.0102267
