0.0208216
0.00246168
0.00372488
0.00297288
0.00869899
0.00153904
0.00394157
0.00197826
0.0014753
0.00238301
0.0015923
0.00130083
0.00110442
0.00151251
0.000148251
0.000323839
0.00113075
0.000857737
0.000762612
0.000565056
0.00059423
0.000880148
0.000623968
0.000553096
0.000432226
0.000215585
0.000180956
0.00036412
0.109758
0.00962563
0.0030556
0.00229819
0.00269924
0.00396281
0.00281268
0.00497241
0.00292994
0.000829197
0.00365963
0.00149566
0.00117136
0.0016262
0.00142428
0.00140032
0.00194446
0.00109927
0.00128929
0.000800885
0.00123309
0.00140606
0.00112499
0.00100558
0.00117946
0.00115598
0.00108512
0.00016216
0.000645953
0.00075987
0.000806064
0.000316277
0.000747667
0.000543851
0.000383985
0.000620157
0.00070514
0.000681387
0.000610354
0.000575709
0.000495627
0.000476897
0.00054671
0.000193598
0.000478746
0.000471646
0.000516998
0.000184741
0.000437149
0.000305434
0.000468783
0.000458546
0.000275961
0.000419616
0.000335053
0.000373367
0.00040994
0.000319768
0.00018906
0.119137
0.00423447
0.00209878
0.00307492
0.00316826
0.00467578
0.00282707
0.00435424
0.00314783
0.00181952
0.00205155
0.00118032
0.00147658
0.00131585
0.00195539
0.00112347
0.00159971
0.00108565
0.000977145
0.0011356
6.13583e-05
0.00101812
0.000374417
0.000943166
0.000496173
0.000607911
0.000564691
0.000710291
1.10657e-05
0.0756691
0.0415739
0.00206426
0.00303745
0.00283722
0.00257031
0.00232952
0.00301697
0.00333327
0.00262631
0.00211024
0.00137987
0.00161891
0.00135546
0.000979024
0.00102996
0.00107423
0.00139551
0.000815598
0.00124632
0.00117813
0.000785699
0.000397364
0.000101866
0.000797343
0.000779018
0.000732435
0.000675659
0.000609313
0.209112
0.00205015
0.0117648
0.00163373
0.00119073
0.00391942
0.00112758
0.00116395
0.00173919
0.00113838
0.00140921
0.00088755
0.00032453
0.000713492
0.000568097
0.0758833
0.00536354
0.008514
0.00209209
0.0130308
0.00259911
0.000794687
0.00489803
0.00389377
0.00244142
0.00188527
0.00196278
0.0014749
0.00235583
0.00210092
0.00144976
0.000276069
0.0018219
0.000339726
0.000429098
0.000984348
0.000454984
0.00121226
0.0005744
0.00100593
0.000339075
0.000144097
0.000779481
0.000115036
0.283109
0.0659776
0.00340537
0.00297075
0.00292767
0.00265229
0.00201958
0.00222443
0.000710029
0.00356204
0.00110132
0.000990809
0.00265334
0.000564995
0.00125323
0.000609387
0.00179863
0.00107524
0.00151344
0.00146358
8.70077e-05
0.000911249
0.00120173
8.35791e-05
0.000852138
0.000765516
0.000207975
0.000601397
0.000501751
0.138955
0.015801
0.00281951
0.00403213
0.00276128
0.00547506
0.00569328
0.00246897
0.00187873
0.00194137
0.00260253
0.000471567
0.00123512
0.000947624
0.00191715
0.000954298
0.000691137
0.000136788
0.00136065
0.000591214
0.000988749
0.000957849
0.00084146
0.000811443
0.000727782
0.000575255
0.131112
0.0321383
0.0038871
0.00352391
0.00266129
0.00810452
0.00207961
0.00264556
0.00212112
0.00270664
0.00318263
0.00281569
0.000658086
0.00189367
0.00188348
0.00198104
0.00016997
0.000164897
0.00145968
0.000852803
0.00100935
0.00118398
0.000828065
0.00111719
0.000769778
3.64063e-05
0.000531998
0.00016145
0.000578704
3.7081e-05
0.0680563
0.00421814
0.00211238
0.00307737
0.00313103
0.00461694
0.00280407
0.00431221
0.00312318
0.001811
0.00204077
0.00117277
0.00147236
0.00131328
0.00194402
0.00111856
0.0015917
0.00108222
0.000973763
0.00113147
6.13696e-05
0.00101433
0.00037252
0.000938384
0.00049385
0.000604807
0.000562287
0.000706863
1.10896e-05
0.643928
0.0834345
0.0112671
0.0250802
4.63959e-07
0.0119413
0.00974797
0.00478666
0.00341234
0.000104284
0.00276541
0.00315965
0.00107608
4.64955e-05
0.0892273
0.00249617
0.00373767
0.00287618
0.00830561
0.00143485
0.00383892
0.00197216
0.0014719
0.00234427
0.00157083
0.00128981
0.00109348
0.00149605
0.000143855
0.000317943
0.00111875
0.000851542
0.000755995
0.000559435
0.000588672
0.000871987
0.000619064
0.000547796
0.000428105
0.000213141
0.000178887
0.000360618
0.0424081
0.00644801
0.0113034
0.0010898
0.00380185
0.00393526
0.00247971
0.00349655
0.00178533
0.000146349
0.00239785
0.00151756
0.00155868
0.00139904
0.00189294
0.0011127
0.00150748
0.00116718
0.00125377
0.00125887
0.00112342
0.00114724
0.00110631
0.000989109
0.000616182
0.000845259
0.000468116
9.30152e-05
0.000481088
0.00044516
0.000680785
0.000287127
5.63062e-05
0.000293668
0.000469965
0.000548035
0.000603823
0.000357055
0.000312619
0.000380673
0.000548116
0.000427177
0.000379903
0.000473768
0.000371351
0.0877414
0.00588596
0.00927946
0.00261872
0.0133075
0.00260898
0.0009547
0.00496428
0.00388352
0.00252247
0.0018827
0.00196401
0.00148004
0.00236668
0.00213533
0.00148435
0.000269343
0.00184671
0.000337646
0.000444603
0.000995467
0.000469076
0.00122961
0.000581324
0.00101961
0.000349411
0.000145087
0.000793369
0.000116201
0.0956305
0.00741639
0.0115325
0.00795427
0.00726988
0.00501763
0.00176138
0.00212589
0.00248051
0.00254443
0.00207625
0.0017103
0.0017165
0.00164465
0.00178735
0.0014259
0.000829762
0.00140599
0.000698095
9.78798e-05
0.000938365
0.000344327
0.00102712
8.47291e-06
0.000969135
0.000780935
0.000247653
0.000685386
0.000703075
0.000538629
0.000693426
0.000670531
0.000428712
6.69647e-07
0.000172719
0.000185433
0.000457572
3.72344e-05
0.000406116
0.000478936
0.000291468
4.36197e-05
0.000223912
0.0349096
0.0190407
0.00307723
0.0079438
0.00363856
0.00408765
0.000674692
0.000966638
0.0020287
1.0391e-05
1.49245e-05
1.34953
0.0603968
0.00743346
0.0166967
0.00766841
0.0022734
0.00363272
0.00281312
0.00184383
0.00168772
0.00157839
0.0024632
0.00142689
0.00150742
0.000633239
0.000857577
0.000504044
0.00149533
0.00112601
0.000706913
0.000560549
0.000113302
0.00072213
0.00101119
0.000875854
0.000802456
0.00011563
9.58515e-05
0.00049373
0.00733287
0.0125795
0.00336726
0.00235428
0.00523296
0.00278937
0.00369326
0.00197885
0.00212711
0.0015361
0.00193545
0.00199072
0.000755311
0.00114866
0.00104899
0.00126504
0.000190406
0.00121129
0.00105629
0.00121037
0.000816061
0.000663937
0.000853484
0.000768482
0.000666291
0.000417442
0.000820297
0.00073988
0.000683544
0.000661939
0.000596566
0.00057855
0.000460268
0.000531024
0.000476566
0.000552099
0.000108592
0.000392024
0.00054282
0.000418538
0.00047285
0.000296439
0.000295464
0.415761
0.00833163
0.00401154
0.0048098
0.00597003
0.00275305
0.000441778
0.00285584
0.00106455
0.0020256
0.00171111
0.00163557
0.00125078
0.000375185
0.000695423
0.00735637
0.0202379
0.00206405
0.00254179
0.00541004
0.00507755
0.000941862
0.00268543
0.0002225
0.00145644
0.00164906
0.00102586
0.000534411
0.00808255
0.0069642
0.0175744
0.00414064
0.00388597
0.00331163
0.00267059
0.00214082
0.00127569
0.00147477
0.00210633
0.00179169
0.00134505
0.00135094
0.00147822
0.00123931
0.00121861
0.00110729
3.40434e-05
0.000658133
0.00125537
0.001152
0.00114301
0.00104391
0.000762318
0.000764364
0.00058567
0.000785455
0.000561173
0.000354918
0.000695126
0.000328126
0.00068891
0.000302187
0.000627103
0.000346029
0.000624267
1.39991e-05
0.000449527
0.000529107
0.000272476
0.000409871
0.00805483
0.00696419
0.0189536
0.00414064
0.00388224
0.00330229
0.00262175
0.00211052
0.00130548
0.00147416
0.00209704
0.00178633
0.00132087
0.00134156
0.00147373
0.00122569
0.0012151
0.00110446
3.85217e-05
0.000649966
0.00124662
0.00114427
0.001136
0.00103834
0.000758296
0.000761455
0.000581901
0.000782285
0.00055807
0.000352335
0.000691756
0.000325794
0.000686205
0.000300221
0.000624728
0.000344611
0.000621727
1.43569e-05
0.000447628
0.000527124
0.000270979
0.000408224
0.00465515
0.0248866
0.00889694
0.00499665
0.00226872
0.00253656
0.00218068
0.000262184
0.00138424
0.00173177
0.00111957
0.000867788
0.00125732
0.000753346
0.00104048
0.00311122
0.00679028
0.0208619
0.00474176
0.00767771
0.00133851
0.00135312
0.0026244
0.00164815
0.00197099
8.72691e-05
0.00152393
0.00141671
2.58087
0.00411939
0.0110223
0.00380741
0.00934702
0.00755325
0.00231027
0.00230576
0.00147608
0.000409862
0.00268664
0.00114857
0.00136886
0.000746609
0.00124357
0.00159115
0.000716426
0.00134385
0.0012671
0.000219156
0.00111523
0.000526064
0.000908277
0.000875985
0.000481102
0.000372781
0.000571625
0.00017012
0.000626848
0.00066027
0.0884174
0.0233753
0.00306973
0.00235811
0.0049859
0.00125622
0.00200607
0.00225317
0.000701292
0.00151217
0.0013385
0.000995079
0.000957741
0.000129544
0.0210839
0.0123585
0.0106969
0.00925524
0.00274531
0.00470907
0.00193057
0.00385527
0.00194337
0.00245352
0.00154509
0.00171517
0.00172775
0.00125803
0.00132271
0.00138244
3.66479e-05
0.00134365
0.00121249
0.00119214
0.000664205
0.00108643
0.000815601
0.000917635
0.000757271
0.000828327
4.54688e-05
0.000817487
0.000706587
0.000593434
0.000609663
0.000607206
0.000451364
0.000466849
0.000447706
0.000149561
0.00022279
0.000106886
0.000546056
0.000157433
0.000403049
0.000166317
0.000319331
0.000439918
0.0265165
0.00701957
0.00674423
0.0029313
0.00540179
0.00183162
0.00162976
0.00230825
0.00176343
0.00138167
0.00139027
0.000973696
0.000974427
0.00161949
0.00127316
0.00111044
0.00107388
0.000918198
8.52208e-05
0.00115201
0.000856061
0.000817889
0.000864269
0.000769344
0.000724485
0.00076398
0.000698441
0.000676915
0.000408606
0.000182644
0.000314934
0.000282838
0.000450563
0.000436118
0.000416563
0.000304097
0.0003974
0.000371401
0.000217336
4.52408e-05
7.51001e-06
0.021924
0.00234999
0.00587519
0.00702912
0.00296179
0.00218596
0.00219461
0.00194579
0.00211355
0.00165173
0.00160611
0.00151598
0.00122871
0.00103338
0.00150152
0.00117868
0.000523844
0.000705857
0.00097101
0.000850837
0.000660278
0.000624575
0.000581811
0.000564684
0.000258543
0.00050308
0.000482362
0.000551952
0.0528924
0.0103143
0.00156442
0.00971352
0.00597743
0.00121575
0.00441597
0.00185524
0.00232587
0.00150589
0.00192336
0.00188266
0.00120238
0.00112577
0.0010612
0.000269418
0.001147
0.0011076
0.00095141
0.000818042
0.000903147
0.000188295
0.000604306
0.000857057
0.000811684
0.000678837
0.000190648
0.000516988
0.000701609
0.000445771
0.00029646
0.000324042
0.000428681
0.000396251
0.000520175
0.000528865
0.000167813
0.000397273
5.52978e-05
0.000474673
0.000366561
0.000355945
0.000107721
0.000300431
0.0124627
0.00291924
0.0236127
0.00240326
0.00702456
0.0025274
0.00230967
0.00177915
0.00207892
0.00289306
0.00068986
0.00142908
0.00130713
0.000938064
0.00105273
0.00131559
0.00112861
0.00103672
0.000800728
0.000953773
0.00097132
0.000467512
0.000851079
0.000797006
0.00077918
0.000171886
0.00053585
0.000294009
0.000649696
0.000489869
0.000287418
0.000213029
0.000395349
0.000169479
0.000460631
0.000399216
6.80263e-05
0.000371235
0.00025232
0.000109366
0.00025741
0.000315368
0.00023203
