0.200665
0.0730552
0.0312765
0.0138061
0.0124977
0.0143458
0.0129139
0.0056269
0.00561064
0.00749083
0.00570709
0.00698361
0.00582667
0.0069261
0.00667241
0.0060994
0.00657955
0.00528396
0.00617891
0.00535489
0.00555841
0.00508567
0.00564798
0.00571853
0.00573394
0.00569497
0.00528197
0.00553796
0.0195863
0.00980193
0.0217464
0.0177494
0.0161209
0.00735142
0.00676696
0.00855873
0.00556278
0.00764117
0.00544286
0.00565599
0.00573898
0.00497427
0.00508257
0.00612528
0.00606602
0.00587532
0.00539866
0.0049725
0.0056748
0.00549657
0.00500413
0.00550834
0.00551546
0.00566276
0.00521518
0.00509497
0.00550405
0.00509215
0.00511802
0.00518887
0.00528072
0.00533244
0.00532854
0.00523616
0.00537374
0.00536978
0.00507007
0.00539759
0.00532514
0.00516293
0.00532821
0.00521056
0.00533663
0.00526462
0.00512923
0.00531988
0.0052789
0.00525483
0.00511833
0.00509747
0.00527151
0.00522763
0.00528544
0.00508815
0.00526244
0.0051384
0.00518284
0.181996
0.0279136
0.0264483
0.0231877
0.0155333
0.011408
0.0133175
0.0111955
0.00704884
0.00498354
0.00698297
0.00543227
0.00799049
0.00506626
0.0056266
0.00704394
0.00641351
0.0057378
0.00504086
0.00608395
0.00643961
0.00554916
0.00548119
0.00584271
0.00569872
0.00595576
0.00540749
0.00544049
0.00576304
0.0771465
0.0323733
0.0380377
0.010076
0.015917
0.0176663
0.0132612
0.0120369
0.00825985
0.00492497
0.00738121
0.00565576
0.00685064
0.00700354
0.00506717
0.00608085
0.00608403
0.00626338
0.00578612
0.0061978
0.00610092
0.00595042
0.00599647
0.00532568
0.00525298
0.0053863
0.0053147
0.00547301
0.0875032
0.00984539
0.0119934
0.0166705
0.00725201
0.00591001
0.00866598
0.00946379
0.00710671
0.00730657
0.00735838
0.00607511
0.00504185
0.00604619
0.00614991
0.156399
0.184563
0.0376432
0.0396187
0.031059
0.00675035
0.0203899
0.00489572
0.00586165
0.00530457
0.0064166
0.00621966
0.00513113
0.00855791
0.00640415
0.00619271
0.00768787
0.00663079
0.00552476
0.00573674
0.00646243
0.00635881
0.00590426
0.00637033
0.00542773
0.0062209
0.00580561
0.00588873
0.00554236
0.00573073
0.0170617
0.047813
0.00927827
0.0187152
0.0171444
0.0241462
0.00958285
0.00489345
0.0118051
0.00781188
0.00932509
0.00493459
0.0057589
0.00759622
0.0058633
0.00595906
0.00579181
0.00505615
0.00549965
0.00525874
0.00553832
0.00608844
0.00621389
0.0057645
0.0051808
0.00569724
0.00607521
0.0055295
0.0055125
0.0359109
0.0263754
0.042459
0.00563939
0.0171449
0.0142349
0.0132211
0.00615927
0.00545638
0.00641872
0.00526916
0.00547127
0.00796411
0.00770309
0.00656433
0.00559775
0.00715453
0.00624448
0.00673774
0.00549851
0.00638836
0.00626371
0.00567787
0.0059965
0.00597574
0.00588776
0.00511623
0.00582718
0.00546457
0.945053
0.013962
0.0348256
0.0210862
0.00826152
0.00748412
0.00834537
0.0119359
0.00556271
0.00817134
0.00491981
0.00870285
0.00850971
0.00519469
0.00715526
0.00559801
0.0070186
0.00644429
0.0060508
0.00639096
0.00636061
0.00538581
0.00619401
0.00536047
0.00545977
0.00558379
0.00520475
0.294629
0.0259736
0.0255021
0.0231805
0.0155272
0.0112588
0.0132998
0.0110812
0.00702608
0.00498399
0.0069804
0.00543281
0.00796544
0.00506675
0.00562622
0.00703021
0.00640807
0.00573599
0.00504124
0.00607958
0.00643167
0.0055477
0.00547978
0.00583908
0.00569601
0.00595122
0.0054064
0.00543919
0.00575966
0.128379
0.264096
0.0632961
0.0356386
0.0244298
0.0166111
0.0209934
0.0100292
0.00625409
0.0127357
0.00530411
0.00648128
0.00569519
0.960634
0.0728812
0.0285678
0.0138077
0.0125144
0.0138318
0.0128008
0.00561646
0.00560255
0.0074269
0.00569728
0.00694122
0.0058157
0.00690444
0.00664577
0.00608531
0.00655859
0.00528389
0.00616689
0.00535328
0.00555487
0.00508619
0.00564276
0.00571232
0.00572751
0.00568902
0.00528085
0.00553405
0.0251878
0.0163717
0.00717504
0.00671117
0.0161025
0.00556407
0.00992886
0.0124569
0.00507501
0.00874432
0.00624407
0.00671867
0.00584443
0.00495495
0.00620656
0.0066514
0.00509535
0.00566397
0.00602273
0.00546288
0.00554563
0.00534626
0.00582996
0.0056397
0.00508967
0.00550926
0.00540589
0.00534615
0.00506876
0.00514108
0.00553188
0.00559245
0.00519317
0.00535549
0.00533957
0.00527053
0.00516557
0.00536146
0.00543782
0.00523482
0.00538714
0.00507795
0.00540043
0.156608
0.165218
0.0345174
0.0379226
0.0306414
0.00680976
0.0205158
0.00489781
0.00585602
0.00531605
0.0064566
0.00621524
0.00513528
0.00862088
0.00640803
0.00621715
0.00773245
0.00664869
0.00552772
0.00574275
0.00648288
0.00637903
0.00592181
0.00639656
0.00543436
0.00624583
0.0058183
0.0059077
0.00555249
0.00574635
0.0541508
0.0442505
0.00849219
0.0108951
0.0154197
0.00834536
0.0113143
0.0121866
0.00567223
0.00552622
0.00502855
0.00814318
0.00713487
0.00504103
0.00648883
0.0055446
0.00602262
0.0049694
0.00536474
0.00564717
0.00582285
0.00590439
0.00589311
0.00539888
0.00540772
0.0051776
0.0054653
0.00534589
0.00531364
0.00531679
0.00558872
0.00507221
0.00554557
0.00546864
0.0053767
0.00541287
0.00545139
0.00526539
0.00507223
0.00508444
0.00534393
0.00534678
0.00527324
0.0052587
0.116874
0.159011
0.0108849
0.0116496
0.00510497
0.0155711
0.00549171
0.00911346
0.00648102
0.00840575
0.00730008
0.00776448
0.00765162
0.00666611
0.00629511
0.471669
0.0170868
0.0485434
0.019171
0.0140205
0.0177036
0.0142091
0.00912012
0.0114775
0.0064565
0.00724378
0.00721651
0.00663488
0.00583876
0.00699808
0.00557209
0.0050492
0.00568046
0.00607213
0.00633235
0.00570209
0.00537547
0.00583996
0.00610852
0.00595317
0.00561177
0.00591461
0.00533727
0.206411
0.153837
0.0438787
0.00520339
0.0206042
0.00896476
0.00644863
0.00559576
0.00741707
0.00939842
0.00780329
0.00773954
0.00547582
0.00688317
0.00621177
0.00582976
0.00542037
0.00638249
0.00553609
0.00627697
0.00566151
0.00499065
0.00504013
0.00601859
0.00586336
0.00569675
0.00563324
0.00555241
0.00548337
0.00511915
0.00560396
0.00532705
0.00542119
0.00504958
0.0055148
0.00536764
0.00546696
0.0053463
0.00514898
0.00525114
0.0053325
0.00531306
0.00539777
0.00530843
0.244496
0.11379
0.0195393
0.0105375
0.0202727
0.00821617
0.0112241
0.00726547
0.00579685
0.00658254
0.00701822
0.0063947
0.00713756
1.53922
0.0152501
0.0259258
0.0136585
0.0109513
0.0105417
0.00957491
0.00791443
0.00694693
0.00626855
0.00684245
0.00522983
0.00660257
0.296834
0.311336
0.0943137
0.0188961
0.00584767
0.00800016
0.0147718
0.00644695
0.0067413
0.00581218
0.00808627
0.00632517
0.00830343
0.00685923
0.0068162
0.00554461
0.00514421
0.0065125
0.00649187
0.00630607
0.00598415
0.00503958
0.00504083
0.00582594
0.00534679
0.00504265
0.00594237
0.0058489
0.00518325
0.00575844
0.0054009
0.00574609
0.00560158
0.00519703
0.00535398
0.0051919
0.00519174
0.00551546
0.00537744
0.00552624
0.00544709
0.00544803
0.00529495
0.0053088
0.274834
0.698973
0.082244
0.0174385
0.00584767
0.00776733
0.0146768
0.00640358
0.00668564
0.00579722
0.00801405
0.0062992
0.00825952
0.00685378
0.00681074
0.00554063
0.00514556
0.00649433
0.00648425
0.00629177
0.00598072
0.00504024
0.00504148
0.00582296
0.00534583
0.00504313
0.00593642
0.00584361
0.00518348
0.00575483
0.00539961
0.00574234
0.00559889
0.00519707
0.00535332
0.00519188
0.00519172
0.00551352
0.00537651
0.00552428
0.00544565
0.00544658
0.00529442
0.00530815
1.05064
0.0327743
0.0279951
0.00946621
0.00730842
0.0110394
0.00712049
0.0056949
0.00542671
0.00585104
0.00648233
0.00504368
0.00672151
0.00563129
0.006349
1.16728
0.199222
0.0114677
0.00771109
0.00781078
0.0102816
0.0108057
0.00588804
0.0075592
0.00775069
0.00872299
0.00819243
0.00508901
0.00660803
0.00707597
0.473817
0.0352325
0.0212402
0.0187224
0.0261202
0.00746186
0.0108288
0.0109743
0.00607397
0.00571516
0.00510172
0.00701848
0.00625989
0.00680925
0.00502987
0.0060749
0.00581635
0.00639185
0.00566267
0.00600394
0.0050588
0.0050599
0.00588811
0.00521071
0.00560587
0.00579855
0.00560256
0.00527085
0.0648446
0.00649562
0.0250277
0.00611704
0.0057288
0.00917628
0.0060705
0.00738657
0.00736295
0.00615577
0.00542434
0.00618722
0.00634876
0.00610535
0.122136
0.10464
0.0486662
0.00519708
0.0203612
0.00890436
0.0064235
0.00560231
0.00747778
0.00940964
0.00782418
0.0077589
0.00546653
0.00688817
0.00621884
0.00581979
0.0054144
0.00638084
0.00552937
0.00627298
0.00565484
0.00499083
0.00503966
0.00601429
0.00586021
0.00569467
0.00562901
0.00555129
0.00548226
0.00511859
0.00560073
0.00532663
0.00542001
0.00504984
0.00551168
0.00536532
0.00546412
0.00534415
0.00514853
0.00524981
0.00533143
0.00531214
0.00539582
0.00530665
0.0352815
0.0359403
0.0133912
0.008982
0.0057816
0.013604
0.00785064
0.00706675
0.00781836
0.00697874
0.00513064
0.00596438
0.0059229
0.00590886
0.00505949
0.00545492
0.00545359
0.00499664
0.00552355
0.0053387
0.00544101
0.00544797
0.00553085
0.00536031
0.00548951
0.00545538
0.00545371
0.00543296
0.00509366
0.00520618
0.00526874
0.00507183
0.00528045
0.00522206
0.00533025
0.00522734
0.00516779
0.00528058
0.00528321
0.00524584
0.00526881
0.00521204
0.00519833
0.298475
0.0207259
0.0370298
0.0179074
0.00891288
0.00501203
0.0105523
0.00909291
0.00575826
0.00507828
0.00641192
0.00678517
0.00604843
0.00588764
0.0060119
0.00573593
0.00614983
0.00588061
0.00594832
0.00539526
0.00560084
0.00579861
0.00517431
0.0056604
0.00562887
0.00535336
0.0055936
0.00541627
0.00533499
0.183648
0.163755
0.0557058
0.0135823
0.0216621
0.0108126
0.00951673
0.00739537
0.00669764
0.00498756
0.00496666
0.00600222
0.00497291
0.00567157
0.00522453
0.00590209
0.0054735
0.00561995
0.00527496
0.00501902
0.00517272
0.0051727
0.00566435
0.00543786
0.00547475
0.00532832
0.00531137
0.00531294
0.0054407
0.00542373
0.00524715
0.00526348
0.00538053
0.00512976
0.00535468
0.00535375
0.00534206
0.00533423
0.00527836
0.00531118
0.00531361
0.00515141
0.00525937
0.0830635
0.0105123
0.029457
0.00594003
0.00931314
0.00597015
0.00592159
0.00503938
0.00646829
0.00683199
0.00544365
0.00514305
0.00508241
0.00592553
0.00560614
0.00535693
0.00576304
0.0052878
0.00564931
0.00499879
0.00500048
0.00558738
0.00525408
0.00553473
0.00514488
0.00506132
0.00521445
0.00541384
0.00534934
0.00540454
0.00533432
0.00536539
0.00528976
0.0053491
0.0052009
0.00529896
0.00509279
0.00529953
0.00525599
0.00523361
0.00518271
0.00525291
0.00512264
