0.0258378
0.000764761
0.0120345
0.0213295
0.0201989
0.0224977
0.0216033
0.0220033
0.0226179
0.0220762
0.0220478
0.0225664
0.022537
0.0222508
0.0222904
0.0224064
0.0225225
0.0225701
0.0224154
0.0225586
0.0222884
0.0224048
0.0223567
0.0224033
0.022341
0.0223537
0.0224378
0.0224234
0.0224541
0.0224489
0.0358242
0.0304748
0.0288375
0.0234632
0.0242356
0.0253902
0.0228509
0.0232077
0.0247587
0.0245116
0.02244
0.0226293
0.0232403
0.0234246
0.0228268
0.0227883
0.0226925
0.0230268
0.0227024
0.0228393
0.0227652
0.0226565
0.0228829
0.0225299
0.0224523
0.0224674
0.0224736
0.0225029
0.022762
0.0226826
0.0225033
0.0227099
0.0227198
0.022607
0.0224903
0.0226307
0.0226575
0.0224949
0.022475
0.0225902
0.0225591
0.022612
0.0226155
0.0225611
0.0225601
0.0225969
0.0225989
0.0225411
0.0225109
0.022579
0.0225541
0.0225977
0.0225818
0.0225138
0.0225946
0.0225961
0.0225449
0.0225222
0.0225414
0.0225384
0.0797695
0.012358
0.0216295
0.0137886
0.019583
0.0201798
0.0209551
0.020813
0.0221915
0.0221962
0.0222568
0.0218925
0.0222197
0.0222335
0.0220499
0.0218309
0.0220412
0.0220194
0.0223176
0.0221805
0.0222186
0.0221348
0.0222629
0.0223787
0.0223602
0.0223081
0.0224463
0.0223802
0.0727316
0.0437802
0.019229
0.0207555
0.0170452
0.0211723
0.0203711
0.0226097
0.0206896
0.0214319
0.0215242
0.0220764
0.0221158
0.0220382
0.0224859
0.0220747
0.0222311
0.0225478
0.0221969
0.0222132
0.0222593
0.0222462
0.0224973
0.0222914
0.0223618
0.0223649
0.0223451
0.0225417
0.0188789
0.0214737
0.0207196
0.0210917
0.0208883
0.0217512
0.0214953
0.0225479
0.0215759
0.021911
0.0225386
0.021949
0.0225346
0.0222382
0.153845
0.0288286
0.0197888
0.00944778
0.0151254
0.0202699
0.0210215
0.0216625
0.0194766
0.0220272
0.0208275
0.0223456
0.0223532
0.0219138
0.0220058
0.0223536
0.0222524
0.0218815
0.0218096
0.0221443
0.0223681
0.0220271
0.0220305
0.0222372
0.0221756
0.0221949
0.022203
0.0222691
0.0222404
0.00561412
0.0226071
0.0221084
0.0193055
0.0216454
0.019576
0.0222132
0.0222532
0.0213045
0.0216213
0.0218693
0.0215913
0.0218621
0.0216773
0.0219996
0.0223167
0.0218376
0.0222857
0.0221937
0.0224658
0.0220667
0.0223833
0.022269
0.022134
0.0225148
0.0222293
0.0222383
0.0156191
0.0197364
0.0196744
0.0193684
0.0214411
0.0218788
0.0214681
0.0200651
0.0208116
0.0221829
0.0212399
0.0214291
0.0223706
0.0218343
0.0217087
0.0219533
0.0218183
0.0223577
0.0224117
0.0221964
0.0222353
0.0220967
0.0225604
0.0225442
0.0223106
0.0224457
0.0223484
0.0223331
0.0223261
0.0223656
0.0356092
0.0197622
0.0168761
0.022097
0.0222211
0.0218809
0.0212168
0.0215542
0.0202359
0.0206142
0.0213879
0.0212541
0.0223275
0.0214313
0.0217783
0.0217469
0.0220048
0.0223205
0.0222069
0.0224239
0.0221144
0.0222712
0.0223746
0.0223176
0.0224857
0.0223075
0.0225186
0.0223483
0.00707282
0.0166988
0.0219979
0.01911
0.019473
0.0224324
0.0219309
0.0225082
0.0211288
0.0212174
0.0223988
0.0220219
0.0225851
0.0223318
0.0218653
0.0219803
0.0223596
0.0221971
0.0221001
0.0223408
0.0225612
0.0224534
0.0225671
0.0224047
0.0225492
0.022309
0.0223169
0.00413215
0.00526027
0.0125586
0.0208066
0.0217392
0.0151796
0.0193143
0.0178513
0.0221249
0.019905
0.0211196
0.0220063
0.021038
0.00940512
0.000616629
0.0177895
0.0213487
0.0222634
0.021762
0.022266
0.0211039
0.0221121
0.0225849
0.0222524
0.0217497
0.0221109
0.0222865
0.0224307
0.0222798
0.0221439
0.0222175
0.0225688
0.0222724
0.0224236
0.022338
0.0223577
0.0224027
0.022394
0.0223728
0.0224668
0.0212045
0.0227833
0.0212219
0.0218244
0.0223433
0.0227502
0.0222617
0.0221983
0.0226837
0.0226637
0.0226588
0.0226598
0.0223253
0.0226393
0.0226302
0.022365
0.0223628
0.022627
0.0224233
0.0226078
0.0224153
0.0225984
0.0225906
0.0225815
0.0225858
0.0225315
0.0224404
0.0225774
0.0225706
0.0224893
0.0224993
0.0225551
0.0225479
0.022467
0.0225401
0.0225597
0.0224667
0.0224685
0.0225401
0.0224736
0.0224751
0.0225349
0.0225496
0.022544
0.00784937
0.00491478
0.00968945
0.0170617
0.022057
0.0190057
0.0191974
0.0194402
0.0206384
0.021789
0.0203822
0.0221828
0.0220197
0.0211193
0.0214637
0.0225689
0.0216322
0.0216817
0.0218069
0.0223673
0.0222093
0.0219916
0.0219875
0.0221474
0.0222585
0.022239
0.0224256
0.0223104
0.0223893
0.0219564
0.023669
0.023122
0.0230741
0.0229051
0.022915
0.022352
0.0223449
0.0223425
0.0226399
0.0226225
0.0226472
0.0223646
0.0223784
0.0226139
0.0226287
0.0224597
0.0226353
0.0224269
0.0224225
0.0226004
0.0224604
0.0225898
0.0225801
0.0225394
0.0224602
0.0225817
0.0225701
0.0224565
0.0224811
0.0225659
0.0224749
0.0225689
0.0225635
0.0224673
0.0225632
0.0224703
0.0225601
0.0224775
0.0224771
0.0225535
0.0224988
0.0225516
0.022528
0.0225481
0.0206319
0.0195652
0.0200301
0.0222
0.0143917
0.022543
0.0187928
0.0215628
0.0223054
0.0209632
0.0214915
0.0216849
0.0215847
0.0209345
0.00930988
0.0125207
0.0180081
0.0203854
0.0221337
0.0195132
0.0220592
0.0207346
0.0223982
0.0220231
0.022046
0.0223594
0.0217095
0.0221876
0.0224802
0.0220878
0.0224626
0.0223502
0.0221826
0.0221857
0.0223248
0.0222814
0.0222616
0.0224724
0.0227775
0.0227672
0.0227107
0.0223237
0.0226804
0.0219651
0.0226569
0.022641
0.0221801
0.0226767
0.0224603
0.0226347
0.0224327
0.0223296
0.0223649
0.0223941
0.0223722
0.0226097
0.022599
0.022468
0.0224092
0.0224331
0.0224248
0.0225564
0.0224405
0.0225599
0.0224863
0.0225272
0.0225229
0.0224618
0.0224556
0.0225655
0.0225559
0.0225517
0.0225607
0.0225563
0.0224657
0.0224726
0.0224801
0.0225334
0.022529
0.0225211
0.0224812
0.0225318
0.0257215
0.0134192
0.01965
0.0224785
0.0199577
0.0201578
0.021105
0.0208826
0.0212285
0.0214386
0.0219234
0.022467
0.0223637
0.0220975
0.0399469
0.0139805
0.018453
0.0223481
0.0177186
0.0220666
0.0210073
0.0220193
0.0215933
0.0209213
0.0212532
0.0213231
0.0223067
0.0222443
0.0221484
0.0174024
0.0219144
0.0224954
0.02223
0.0222849
0.0214752
0.0225511
0.0226334
0.0217619
0.0220267
0.0226219
0.0223488
0.0220738
0.0225122
0.0223994
0.0223464
0.0225648
0.0224577
0.022587
0.0225092
0.0224085
0.0224093
0.0223368
0.0225048
0.0223875
0.0224246
0.0223904
0.0224367
0.0224921
0.0224575
0.0224147
0.0224125
0.0225171
0.0224636
0.0224253
0.0224334
0.0224448
0.0224483
0.0224494
0.0224459
0.022459
0.0225316
0.0224676
0.0222402
0.0174023
0.021977
0.0225082
0.02223
0.0223031
0.0214818
0.0225544
0.0226325
0.0217753
0.0220408
0.0226212
0.0223488
0.0220774
0.0225137
0.0224027
0.0223465
0.0225649
0.0224592
0.0225867
0.0225097
0.0224098
0.0224104
0.0223377
0.022505
0.0223885
0.0224248
0.0223912
0.0224369
0.0224923
0.0224577
0.0224151
0.022413
0.0225171
0.0224638
0.0224257
0.0224337
0.0224451
0.0224487
0.0224497
0.0224462
0.0224592
0.0225315
0.0224678
0.00787138
0.0130904
0.0207176
0.0186748
0.0216325
0.0204962
0.0217492
0.0214038
0.0215885
0.0218124
0.0222692
0.0218437
0.0224867
0.0219347
0.0220638
0.0593562
0.0176022
0.00601617
0.0218068
0.0221384
0.0196093
0.0208474
0.0202376
0.0216385
0.0212829
0.0225411
0.0213129
0.0216041
0.0216673
0.0211129
0.0202847
0.0225122
0.0209792
0.0219951
0.021854
0.0206073
0.0211512
0.0225437
0.0226253
0.0214733
0.0220805
0.0224334
0.0217959
0.0219814
0.0221248
0.0220239
0.0224607
0.0223667
0.0221158
0.0221884
0.0224364
0.0223292
0.0223503
0.0222765
0.0224343
0.0223419
0.0223408
0.0225214
0.0264398
0.0139989
0.022047
0.0196806
0.0217934
0.0223732
0.0217707
0.0213765
0.0225789
0.0222632
0.0218813
0.0220745
0.0220403
0.0221519
0.0228034
0.0227949
0.0227491
0.0223252
0.0226837
0.0219885
0.0226591
0.0226544
0.0221916
0.022685
0.0224702
0.0226361
0.0224407
0.0223344
0.022371
0.0223953
0.0223774
0.0226116
0.0225993
0.0224724
0.0224114
0.0224361
0.0224262
0.0225586
0.0224413
0.0225616
0.0224887
0.0225291
0.0225248
0.0224621
0.0224564
0.0225655
0.0225567
0.0225525
0.0225609
0.0225568
0.0224666
0.0224737
0.0224812
0.0225342
0.0225299
0.0225221
0.022482
0.0225325
0.0239957
0.0290029
0.0257941
0.0252178
0.0224751
0.0244185
0.022825
0.0232011
0.0232316
0.0227464
0.0226478
0.022622
0.0227555
0.0224355
0.0227113
0.0227293
0.0228467
0.0227739
0.022765
0.0226569
0.0227092
0.0227031
0.0224588
0.0226051
0.0225959
0.0225163
0.0225972
0.0224815
0.0225059
0.0225772
0.0224787
0.0224921
0.0225159
0.0226035
0.0225454
0.0225976
0.0225876
0.0224883
0.0225748
0.0225699
0.0225775
0.0225759
0.0225605
0.0225493
0.00574379
0.00668278
0.0189941
0.0196741
0.0226383
0.0218004
0.0221793
0.0214906
0.0217042
0.0222014
0.0218701
0.0220112
0.022412
0.022323
0.0222629
0.022219
0.0223615
0.0224162
0.0223134
0.0223467
0.0225297
0.0224468
0.022443
0.022458
0.0225003
0.0225388
0.0224381
0.0224718
0.0224306
0.0235489
0.0259442
0.0232812
0.0247577
0.0225925
0.0223976
0.022872
0.0228544
0.0233028
0.0228093
0.0224695
0.0227644
0.0224303
0.0228717
0.0227788
0.022719
0.0226678
0.0227622
0.0226855
0.0227496
0.0226984
0.0226933
0.0224614
0.0226581
0.0224697
0.0226452
0.0225866
0.0225147
0.0226258
0.0225995
0.0224816
0.0226072
0.0225306
0.0225638
0.0225772
0.0225835
0.0225885
0.0225058
0.0224866
0.0225374
0.0225728
0.0225579
0.0225421
0.0225654
0.0266888
0.0333409
0.0230274
0.0234481
0.0233555
0.0228682
0.023902
0.0226878
0.0234233
0.0229922
0.0229234
0.023142
0.0229242
0.0230019
0.022785
0.0224611
0.0228024
0.0224467
0.0226793
0.0224777
0.0227374
0.0224973
0.0227214
0.0226642
0.0225981
0.0225204
0.0226494
0.0226509
0.0225681
0.0226444
0.0226174
0.0225997
0.0225744
0.0226191
0.0225931
0.0225606
0.0226021
0.0225973
0.0225761
0.0225113
0.0225736
0.0225423
0.0225764
0.0225332
