0.023598
0.0207364
0.0251515
0.00528744
0.0282613
0.0266298
0.0244243
0.0244252
0.0127381
0.0233189
0.014246
0.0130718
0.022332
0.0141031
0.0167918
0.0148608
0.0192815
0.0151795
0.0156296
0.0203328
0.0167022
0.0201771
0.0162272
0.0163726
0.0163528
0.0195173
0.0183614
0.00730201
0.0261292
0.00435384
0.00337693
0.0388807
0.0111497
0.0287745
0.0288683
0.0260968
0.0283839
0.0104574
0.0239716
0.0126277
0.0120835
0.0240547
0.0234446
0.0174227
0.0150391
0.0141131
0.0206518
0.0145952
0.0146204
0.0149144
0.0153895
0.0157955
0.0152097
0.0206773
0.015333
0.0158988
0.0158736
0.0158203
0.0189575
0.0159938
0.0161407
0.0189466
0.0161702
0.0166697
0.0177267
0.0181138
0.0190394
0.018589
0.019715
0.0165682
0.0188877
0.0185454
0.0195569
0.0194106
0.018818
0.0168517
0.0170537
0.0194065
0.0192792
0.0172022
0.0192647
0.0170708
0.0191981
0.017079
0.0170896
0.0192354
0.0411633
0.0245833
0.0304931
0.0106499
0.00672161
0.0106348
0.00330395
0.00688664
0.0246461
0.0242465
0.0115779
0.0186356
0.0191642
0.0150595
0.0146481
0.0156927
0.0149998
0.01469
0.0211373
0.0167675
0.0152111
0.0159442
0.0193553
0.018952
0.0199244
0.0174374
0.020037
0.0198783
0.0164928
0.190818
0.0387989
0.00575122
0.0102525
0.0253132
0.00441019
0.0193051
0.0191711
0.00938765
0.0133951
0.0230357
0.014038
0.0225478
0.0224601
0.0134113
0.0211222
0.0142702
0.0145552
0.0152152
0.0151624
0.0207833
0.0157825
0.0159457
0.0177881
0.0160515
0.0200704
0.0195777
0.0195714
0.0465346
0.0301071
0.0157346
0.00609633
0.0118031
0.024826
0.0236033
0.011437
0.0154425
0.0145632
0.0140488
0.018031
0.01515
0.0154735
0.0194809
19.1713
0.0310453
0.0301291
0.00844356
0.0295817
0.0284976
0.000811524
0.00924648
0.0246515
0.0242319
0.0242337
0.01118
0.0115451
0.0129168
0.0219304
0.0217067
0.0163402
0.0196247
0.0151997
0.014751
0.015609
0.0155188
0.0158725
0.0204627
0.0190076
0.0157946
0.018539
0.0168993
0.75742
0.0645478
0.0282755
0.00655474
0.0170671
0.028542
0.00401035
0.00465235
0.0241986
0.0112577
0.0229466
0.0232945
0.0207892
0.0115208
0.021178
0.0129876
0.0135297
0.0172219
0.0143936
0.0162956
0.0210031
0.015024
0.0155327
0.0153287
0.0155027
0.0200595
0.0204041
0.015784
0.0166453
0.0161497
0.0639097
0.00087748
0.0149344
0.00020423
0.0104356
0.0257861
0.0262668
0.012341
0.0235702
0.0235222
0.0112923
0.0229032
0.0194306
0.0140081
0.0144437
0.0200667
0.0150794
0.0212033
0.0149907
0.0153219
0.0204907
0.0203626
0.0158625
0.0158117
0.0201379
0.0159581
0.0197726
0.0198487
0.0338969
0.028514
0.0296392
0.00290131
0.00964315
0.00771564
0.00344509
0.0248017
0.012008
0.0228307
0.0100711
0.0113152
0.0203975
0.0123471
0.0125649
0.0183438
0.014332
0.0212564
0.020369
0.0213886
0.0147513
0.0208734
0.0203565
0.0173215
0.0204704
0.0156476
0.0176441
0.0195757
0.0199797
0.0199401
0.0379848
0.0245481
0.030472
0.0100564
0.00636905
0.0105046
0.00346087
0.00696889
0.0246346
0.024236
0.0116223
0.0186172
0.0191477
0.0150759
0.0146608
0.0157056
0.015011
0.0147057
0.0211269
0.0167746
0.0152231
0.0159553
0.0193493
0.0189479
0.0199167
0.0174412
0.0200294
0.0198719
0.0164993
0.0381848
0.0988778
0.014258
0.0144869
0.0280126
0.0270301
0.0129347
0.00912645
0.00836264
0.0127247
0.0209435
0.01179
0.0129191
0.013957
0.0236785
0.0170897
0.0241459
0.00583084
0.0282436
0.0265445
0.0244127
0.0243915
0.0127943
0.0232672
0.0142841
0.0131401
0.022305
0.0141456
0.0168016
0.0148994
0.019266
0.0152087
0.0156557
0.0203136
0.0167172
0.0201621
0.0162424
0.01639
0.016367
0.0195057
0.0183594
0.0288028
0.0312376
0.00312974
0.026621
0.0286609
0.00890343
0.0285011
0.0278494
0.0118133
0.0119392
0.0115591
0.013543
0.0233032
0.0146294
0.0225702
0.0174675
0.0142123
0.0144835
0.0168336
0.021271
0.0151947
0.0151772
0.0202335
0.0174643
0.0196228
0.0205607
0.0161208
0.0189906
0.0190709
0.0166312
0.0162002
0.0194764
0.0166145
0.0164206
0.0193476
0.0196579
0.0166309
0.0179565
0.0166601
0.0173323
0.0182079
0.0173322
0.0186556
0.0189242
0.215609
0.0308863
0.0300301
0.00733659
0.0295731
0.0285152
0.000848145
0.0089174
0.0246963
0.0242743
0.0242728
0.0111703
0.0114854
0.0129061
0.0219568
0.0217378
0.0162912
0.0196373
0.0151463
0.0147072
0.0155605
0.0154838
0.0158267
0.0204955
0.0190205
0.01575
0.0185441
0.0168675
0.0390955
0.00793959
0.039442
0.00495684
0.00351653
0.00473415
0.0267641
0.0071547
0.00985441
0.0249652
0.022378
0.0164772
0.0129044
0.0216307
0.0225983
0.0216526
0.0215081
0.0150313
0.0214184
0.0179383
0.0210121
0.0160098
0.0208947
0.0159342
0.0165603
0.0197697
0.0186793
0.0163439
0.0196315
0.0201264
0.0162044
0.0181875
0.019792
0.019766
0.0197957
0.0175441
0.0195732
0.0196194
0.0171301
0.0194978
0.016822
0.0177412
0.0169759
0.0274606
0.00452026
0.0278412
0.00610604
0.00225152
0.0213651
0.0242303
0.0237214
0.0230481
0.0207186
0.0137716
0.0143949
0.0208534
0.02828
0.0111708
0.0300953
0.0157563
0.0277429
0.0235715
0.0229661
0.0179799
0.0244504
0.0110271
0.0181006
0.0147386
0.0139987
0.0133382
0.0185228
0.0194102
0.0164967
0.0155339
0.0196829
0.0170346
0.0156972
0.0158499
0.0157639
0.0202875
0.0174249
0.0170175
0.0162536
0.0299286
0.0324101
0.00119759
0.00669353
0.0207073
0.00948418
0.00691052
0.0242262
0.0113646
0.0104158
0.0236786
0.0231976
0.0141909
0.0229213
0.0222483
0.0219157
0.0140343
0.0175601
0.0193152
0.0201599
0.0179473
0.0154439
0.0171716
0.0207107
0.0196723
0.0194272
0.0204099
0.0203185
0.020156
0.019963
0.0165245
0.016496
0.0194147
0.016458
0.0166804
0.0170449
0.0184218
0.0175281
0.0194372
0.0169103
0.0192351
0.0192248
0.0169213
0.0114673
0.026599
0.0279023
0.0271217
0.0260392
0.025383
0.00973946
0.0149961
0.0118456
0.0221928
0.0135697
0.0188908
0.0149855
0.0153498
0.0167061
0.201736
0.0310282
0.0287794
0.0029437
0.0161066
0.00562819
0.00729922
0.0109654
0.0122381
0.013038
0.0149797
0.014056
0.0182852
0.0178682
0.0151448
0.0830631
0.0374875
0.0364646
0.00991209
0.0255688
0.00148357
0.00365151
0.011955
0.00961994
0.025218
0.00944035
0.0239644
0.0118996
0.0116746
0.0223814
0.0229405
0.0142579
0.0136692
0.0143227
0.0201557
0.0217706
0.0152065
0.0207691
0.0189246
0.0150162
0.0177319
0.0154084
0.0155941
0.0155777
0.0203321
0.0163323
0.0202218
0.0201571
0.0200243
0.0196687
0.0177637
0.0193765
0.0185694
0.0165832
0.0188699
0.017193
0.0195748
0.0192214
0.0194416
0.0734377
0.0372111
0.0357858
0.010178
0.0255688
0.000942623
0.00380638
0.0120647
0.00949823
0.0250954
0.00958233
0.0239548
0.0119673
0.0117506
0.0223754
0.0229156
0.0142874
0.0137066
0.0143529
0.0201281
0.0217509
0.0152227
0.0207514
0.0189125
0.0150359
0.0177302
0.0154258
0.0156098
0.0155918
0.0203255
0.0163424
0.0202148
0.0201487
0.0200172
0.0196611
0.0177653
0.0193705
0.0185668
0.0165906
0.018866
0.0171976
0.0195694
0.0192166
0.0194365
0.0910111
0.00549473
0.00245024
0.0254738
0.00636204
0.019502
0.0234207
0.0228114
0.0141722
0.0138788
0.0205933
0.020944
0.0181591
0.0197958
0.0389386
0.00865624
0.00498414
0.0269712
0.0263394
0.0195859
0.0248637
0.0243273
0.0120827
0.0139413
0.0223255
0.0143293
0.0215384
0.0145263
0.0204238
0.0013281
0.0328323
0.00263942
0.00907044
0.00994246
0.00169053
0.0219375
0.00777384
0.0128962
0.023447
0.0198473
0.0129618
0.022472
0.0219371
0.0215024
0.0142713
0.0207921
0.0150149
0.0153069
0.0153465
0.0198152
0.0158504
0.0170047
0.0201459
0.0196457
0.0186243
0.0197673
0.0190177
0.0494183
0.0301105
0.0158765
0.00603636
0.0117863
0.0248318
0.0236063
0.0114234
0.0154417
0.0145596
0.0140445
0.0180318
0.015148
0.0154721
0.0194816
0.303653
0.0443787
0.0174443
0.0366532
0.0322301
0.0214601
0.026129
0.0113994
0.011192
0.0235494
0.0111177
0.0231215
0.0237563
0.0198296
0.02306
0.0218136
0.0217503
0.0145584
0.0146094
0.0211213
0.0208636
0.0160838
0.0209888
0.0205177
0.0205381
0.0157967
0.0173133
0.0181742
0.0199043
0.015917
0.0160312
0.0162935
0.0180478
0.0163748
0.0199472
0.0195411
0.0170084
0.016679
0.0193337
0.0184941
0.0167187
0.0168411
0.0169436
0.0193641
0.0171097
0.0720418
0.00183578
0.0107181
0.0198276
0.0268383
0.00706415
0.0090709
0.0111007
0.0254533
0.0127271
0.0132402
0.0232087
0.0215379
0.0222641
0.01511
0.0143532
0.0217981
0.017514
0.0155721
0.0153778
0.0155177
0.0207311
0.0177561
0.0199104
0.0161224
0.0159597
0.0160195
0.0177434
0.0178797
0.0162631
0.0166073
0.0164506
0.0198471
0.0182158
0.0182141
0.0186122
0.0186132
0.0194625
0.01888
0.0176291
0.019342
0.0172687
0.0192309
0.0181937
0.0315182
0.0275345
0.0290555
0.00832447
0.0142358
0.0126786
0.0241278
0.0135954
0.0117173
0.0128164
0.0156682
0.0215304
0.021502
0.0211462
0.0185799
0.0181029
0.0183274
0.0203733
0.019211
0.0202157
0.0195412
0.0192688
0.0187262
0.0163516
0.016736
0.0196736
0.0172238
0.00554059
0.00161047
0.00446121
0.0380848
0.00487525
0.0131999
0.022291
0.0235738
0.0192456
0.0242665
0.0220325
0.0236705
0.0234532
0.0223611
0.0212838
0.0213289
0.0150482
0.0212801
0.0207956
0.0161505
0.020975
0.015533
0.0207517
0.0200099
0.0178718
0.020064
0.0160392
0.0201106
0.0163117
0.0163926
0.0181642
0.0199029
0.0166682
0.0185076
0.0197465
0.0190255
0.0177403
0.0173643
0.0193029
0.01786
0.01845
0.0189899
0.0175888
0.0172845
0.171991
0.00625664
0.00326709
0.00546592
0.00523104
0.00701634
0.0227292
0.0235529
0.0140194
0.0137621
0.0174235
0.0143118
0.0148919
0.021869
0.0213844
0.0183952
0.0211471
0.0215095
0.0206984
0.0151342
0.0165503
0.0156557
0.0157812
0.0198626
0.0173567
0.0160249
0.0191944
0.0161365
0.0189054
0.0166425
0.016778
0.0198431
0.0197507
0.0196907
0.0170516
0.0176946
0.0169246
0.0189474
0.0173277
0.0169627
0.0169766
0.0170575
0.0183479
0.0192076
0.0171712
