0.00137528
0.0137759
0.0124643
0.0122881
0.0121508
0.0120607
0.0120823
0.0120657
0.0120586
0.010993
0.0125925
0.0112209
0.0118667
0.0128967
0.0126712
0.0116977
0.0123925
0.012039
0.0126566
0.0118608
0.0120515
0.0121255
0.0123366
0.0116267
0.01243
0.0117481
0.0117816
0.0120918
0.0124264
0.0118872
0.0124149
0.012217
0.0122954
0.0117409
0.0123638
0.0123533
0.0119694
0.0121661
0.0122456
0.0118557
0.0121177
0.0118056
0.0122606
0.0119667
0.0120563
0.0119431
0.0122494
0.0120554
0.0120262
0.0120554
0.012179
0.0122004
0.0122241
0.0120486
0.0120935
0.0121514
0.0119994
0.0121964
0.0121998
0.0120603
0.0120175
0.0119726
0.0121881
0.0125371
0.0124876
0.0108848
0.0130978
0.0115184
0.0126035
0.0115943
0.0117522
0.0121171
0.0119235
0.0121671
0.0121223
0.0120399
0.0120033
0.0121336
0.012077
0.0120665
0.0120887
0.0120765
0.0120359
0.0120672
0.012032
0.0120308
0.012036
0.0120688
0.0120721
0.0120692
0.0120405
0.0120647
0.0120705
0.0120517
0.0120644
0.0120697
0.0120469
0.0120433
0.0120677
0.0120375
0.0120671
0.0120392
0.0120467
0.0120404
0.0120599
0.0120634
0.0120478
0.0120491
0.0120499
0.0120426
0.0120448
0.0120605
0.0120598
0.0120494
0.0120541
0.0157151
0.0107372
0.00993993
0.0100376
0.0101485
0.0117366
0.0119767
0.0119342
0.0119235
0.0122272
0.0119505
0.0120333
0.0120393
0.0120435
0.0120459
0.0120122
0.0120199
0.0120245
0.0120946
0.0120908
0.0120195
0.0120856
0.0120727
0.0120345
0.0120338
0.0120724
0.0120717
0.012073
0.0120727
0.0120333
0.0120399
0.0120416
0.0120689
0.0120426
0.0120488
0.0120456
0.0120609
0.0120564
0.0120574
0.0120656
0.0120562
0.0120578
0.0120529
0.0120651
0.0161894
0.0109576
0.00959742
0.00981116
0.00982085
0.011743
0.0122057
0.0121431
0.0117288
0.0121456
0.0120911
0.0120583
0.0122175
0.0118701
0.0120709
0.0121014
0.0121673
0.012179
0.0120052
0.0120252
0.0121481
0.0119959
0.0119486
0.012122
0.0121239
0.0119744
0.0119816
0.0119689
0.0119712
0.0121243
0.0121068
0.0121017
0.0119965
0.0120976
0.0120767
0.0120869
0.01203
0.012047
0.0120428
0.0120098
0.0120472
0.012041
0.0120594
0.012012
0.0140358
0.0132458
0.0138
0.0137418
0.0113179
0.0118951
0.0113754
0.0121484
0.0114948
0.0118369
0.0116238
0.0116631
0.011696
0.0118231
0.0121168
0.011764
0.0121846
0.0122173
0.0119427
0.0119561
0.0122554
0.0120193
0.0118895
0.0120434
0.0121178
0.0120015
0.0119503
0.0119037
0.0119097
0.0120889
0.0121156
0.0119269
0.0120731
0.0121219
0.0120707
0.0149628
0.0109704
0.0112937
0.0107532
0.0120107
0.0114974
0.0124442
0.0121971
0.0124692
0.0121747
0.0124724
0.0118478
0.0118897
0.0120922
0.0116931
0.0121993
0.0122934
0.0123611
0.0117361
0.0119512
0.0119021
0.0122109
0.0118486
0.0121077
0.0120463
0.0118425
0.0119226
0.0120854
0.01202
0.0118713
0.0119589
0.0121601
0.0122252
0.0118932
0.0121374
0.0119449
0.0120687
0.0121851
0.0119225
0.0120089
0.0119575
0.011968
0.010477
0.0117814
0.0115518
0.0126863
0.0115727
0.012522
0.0116086
0.0117786
0.0122266
0.0122001
0.0121047
0.0120685
0.0121053
0.0119763
0.0120432
0.0119944
0.0120661
0.0120996
0.0120458
0.0120104
0.0120112
0.0120355
0.0120839
0.0120486
0.0120811
0.0120557
0.0120237
0.0120549
0.0120252
0.0120675
0.0120796
0.0120771
0.012059
0.0120765
0.012074
0.0120501
0.0120448
0.012056
0.0120407
0.012044
0.0139343
0.0125247
0.012784
0.0111473
0.0118655
0.0125332
0.0106854
0.0118083
0.0115665
0.0114383
0.0114563
0.0114662
0.0115186
0.0116542
0.0119876
0.0125261
0.0120151
0.0119979
0.0116583
0.0123493
0.0116867
0.0119689
0.0119727
0.0123904
0.0120987
0.0119506
0.0122084
0.012217
0.0119529
0.011789
0.0121216
0.0122658
0.0119055
0.0122436
0.0122821
0.012162
0.0121324
0.0119123
0.012124
0.012178
0.0122075
0.0118902
0.0121031
0.0118894
0.011894
0.0122114
0.0119997
0.0119742
0.0122066
0.0121812
0.0121042
0.011986
0.0125001
0.0128713
0.000444588
0.0131639
0.00951874
0.010013
0.0123781
0.012055
0.0110041
0.0114274
0.0111245
0.0125831
0.0119254
0.0119308
0.0117297
0.0121451
0.011493
0.0124859
0.0115213
0.0116122
0.0120443
0.0117713
0.0123039
0.0138677
0.01413
0.0103573
0.011314
0.011456
0.0116942
0.0122173
0.011751
0.0119691
0.0120756
0.0120963
0.0119782
0.0121017
0.0120487
0.0120245
0.0120734
0.0120861
0.0120032
0.0120734
0.0120692
0.0120157
0.0120335
0.0120209
0.0120295
0.0120541
0.0120296
0.0120344
0.0120513
0.0139323
0.00984219
0.0144852
0.0122658
0.0113458
0.0118373
0.01094
0.0120313
0.0123416
0.0126388
0.0115519
0.0125844
0.0116407
0.011527
0.0121803
0.0116299
0.0119543
0.0123616
0.0116447
0.0124382
0.0122111
0.0118603
0.0119713
0.0123728
0.0119394
0.0121757
0.0117958
0.0120033
0.0123103
0.0123061
0.0118124
0.0122751
0.011849
0.0120588
0.0122785
0.0120212
0.0122398
0.011861
0.0121759
0.0118964
0.0121224
0.0120568
0.012213
0.0120695
0.0119714
0.0119002
0.011925
0.0121783
0.0136908
0.0140547
0.0105307
0.00935317
0.0137405
0.0130339
0.0117839
0.0116712
0.0115551
0.0115808
0.0117723
0.0120499
0.0120638
0.0120201
0.0117564
0.0120376
0.0118419
0.0118601
0.0122602
0.0119263
0.011845
0.012028
0.011908
0.0121452
0.0121765
0.0118786
0.0119516
0.0121519
0.0121806
0.0121855
0.0119336
0.011912
0.0121706
0.01213
0.0119389
0.0119361
0.0119853
0.0120429
0.0120145
0.0174155
0.0157109
0.0121974
0.0116378
0.0118168
0.0117673
0.0120426
0.011858
0.0121513
0.0119704
0.012142
0.0119353
0.012048
0.0120023
0.0120247
0.0113451
0.0117721
0.011546
0.0126722
0.0115672
0.0124983
0.0111415
0.0114588
0.0125439
0.0125098
0.0120686
0.0123459
0.0119499
0.011689
0.0118354
0.0117387
0.0122271
0.0123367
0.0119111
0.0118022
0.0118096
0.0119115
0.0122496
0.0120026
0.012233
0.0120544
0.0118712
0.0120539
0.0118801
0.0121399
0.0122164
0.0121998
0.0120833
0.0121942
0.0121808
0.0120262
0.0119947
0.0120655
0.0119702
0.0119904
0.0136237
0.00742244
0.0136951
0.0115854
0.0122819
0.0118796
0.0119296
0.0119086
0.0120099
0.0120391
0.012147
0.0120042
0.0120836
0.0120844
0.0120269
0.0120832
0.0120486
0.0120833
0.0120283
0.0120463
0.0120174
0.0120688
0.012033
0.0120774
0.0120688
0.0120713
0.0120779
0.012076
0.0120422
0.0120754
0.0120699
0.0120746
0.0120724
0.012072
0.0145925
0.0139276
0.0108659
0.011617
0.0114706
0.0125821
0.0118101
0.0121067
0.0120796
0.0123386
0.0120723
0.0122407
0.0118481
0.0122829
0.0121844
0.0119723
0.0122924
0.0120808
0.0122358
0.0120157
0.0122222
0.0120703
0.0122249
0.0119158
0.0118821
0.0121958
0.0119335
0.0121825
0.0121933
0.0120993
0.0121176
0.0121783
0.0121543
0.0121081
0.0119583
0.0120572
0.0121282
0.0121365
0.00158402
0.0195959
0.0104946
0.0106519
0.0121473
0.0119864
0.01163
0.0117495
0.0117282
0.0117903
0.0121568
0.0109179
0.0108103
0.0142026
0.0138018
0.0136898
0.0132855
0.0119942
0.012093
0.012576
0.0124101
0.0121952
0.0116777
0.0117408
0.0122072
0.0117324
0.0123627
0.0117763
0.012287
0.0117975
0.0121044
0.0117967
0.012306
0.0120307
0.012288
0.0122292
0.0119235
0.0118707
0.0122031
0.0118945
0.0119971
0.0120542
0.0119091
0.0119168
0.0122003
0.0120412
0.0119959
0.0121869
0.0121387
0.0121925
0.0121832
0.0119665
0.0119371
0.0120934
0.0119786
0.0119737
0.0121573
0.0120845
0.0120052
0.0121486
0.012013
0.0120786
0.0119778
0.0149724
0.0133588
0.00685459
0.0137448
0.0108009
0.0117982
0.0120569
0.0121444
0.0116762
0.0118962
0.0120412
0.0120335
0.0120496
0.0118482
0.0119579
0.0118681
0.0118934
0.0119451
0.0121042
0.0119759
0.0119369
0.0121566
0.0120119
0.0197982
0.0157294
0.0118294
0.0117608
0.0115646
0.0115518
0.0119767
0.0116659
0.0122676
0.0118532
0.0122457
0.011806
0.0120362
0.0119378
0.0119882
0.0173791
0.0163675
0.015049
0.01105
0.0115462
0.0116392
0.0121692
0.012091
0.0121927
0.0121725
0.0121618
0.012033
0.011964
0.011973
0.0121096
0.0120526
0.0179306
0.00934465
0.0125767
0.0120304
0.0142262
0.0105607
0.012419
0.0124403
0.0120236
0.0120636
0.0120655
0.0117901
0.0119423
0.0124222
0.0122222
0.0123462
0.012184
0.0120129
0.0120673
0.0117799
0.012197
0.0121174
0.0122915
0.0122862
0.0122196
0.011901
0.0119026
0.0120317
0.0121253
0.0122452
0.0121834
0.0118906
0.0118924
0.0120964
0.0121512
0.0120066
0.0121677
0.0119334
0.0119867
0.0120921
0.012138
0.0120118
0.0121819
0.0121589
0.0120052
0.0119459
0.0121616
0.0121351
0.0121341
0.0119899
0.0121505
0.00910467
0.0108215
0.00897012
0.0120786
0.0121686
0.0120368
0.0117505
0.0120439
0.0121109
0.0119586
0.0119381
0.0119484
0.0119599
0.0119859
0.0119962
0.0121031
0.0120295
0.0120022
0.0120136
0.0120871
0.0120161
0.0120875
0.00580224
0.00893301
0.0105903
0.00985227
0.0115063
0.0130963
0.011991
0.0114249
0.0118259
0.0118657
0.0113402
0.0123992
0.0122619
0.0114865
0.0115593
0.0116175
0.0121781
0.0116325
0.00167983
0.0151919
0.010512
0.0116144
0.0122886
0.0121429
0.0122137
0.0117187
0.0117219
0.0117568
0.0118045
0.0117741
0.0121012
0.0118262
0.0120203
0.0118636
0.012135
0.0118888
0.0138274
0.0108443
0.0134943
0.0109745
0.00953892
0.0109384
0.01175
0.0120491
0.0116804
0.0121701
0.0121994
0.0120855
0.0122848
0.0122429
0.0117477
0.0121356
0.0117524
0.0122684
0.0117918
0.0118362
0.012002
0.0122249
0.0120159
0.0118538
0.011866
0.0118871
0.0120983
0.0118871
0.0118994
0.0120937
0.0119181
0.0120143
0.0119619
0.011968
0.0120856
0.0090238
0.0118112
0.0115207
0.0122654
0.0122837
0.0118858
0.0121831
0.0121777
0.0119514
0.0121474
0.0121567
0.0120079
0.012039
0.0121416
0.0121497
0.0120746
0.0121334
0.0121276
0.0120155
0.0120981
0.00561437
0.0164845
0.0140642
0.0108028
0.0107583
0.0120137
0.0121905
0.0121755
0.0119976
0.0119629
0.0119128
0.0118987
0.0121207
0.0121257
0.0119317
0.0120564
0.0139501
0.013966
0.0105526
0.0129393
0.0132755
0.0124116
0.012818
0.0116074
0.0119629
0.0121075
0.0120737
0.0123299
0.0120678
0.0123561
0.0122441
0.0122137
0.0119596
0.0120646
0.0122977
0.0119585
0.0120438
0.0122782
0.0117906
0.0123001
0.0118869
0.0120137
0.0121915
0.0118195
0.0118718
0.0120765
0.011917
0.0120333
0.0121862
0.0122417
0.0119647
0.0118879
0.0122328
0.0120432
0.0119078
0.0120962
0.0120945
0.0122226
0.0122214
0.012204
0.0119002
0.0119774
0.0119074
0.0121195
0.012195
0.0121947
0.0121761
0.0121096
0.0120224
0.0121001
0.0120277
0.0120363
0.0121581
0.0119733
0.0197648
0.0143095
0.0126534
0.0103525
0.0107741
0.0108649
0.0113297
0.0120862
0.0117361
0.0116384
0.0120008
0.0116798
0.0143261
0.00869522
0.0129201
0.0133592
0.010902
0.0116661
0.0119213
0.0120461
0.0120231
0.0120539
0.0117503
0.0121915
0.0121391
0.0120672
0.0121402
0.0119067
0.0119336
0.0118928
0.01212
0.0121179
0.0121023
0.0119957
0.0118631
0.0118769
0.0118982
0.0118861
0.0121938
0.0119092
0.0121911
0.01199
0.0119249
0.0119745
0.0119375
0.0121223
0.0120556
0.0121365
0.0115734
0.00875073
0.0130792
0.0132129
0.0127458
0.0123909
0.0120648
0.0115457
0.0120358
0.0118801
0.0124609
0.0115969
0.0124023
0.0120745
0.011838
0.0123102
0.0119468
0.0123919
0.0119302
0.0122305
0.0117915
0.0121756
0.011922
0.0118063
0.0117989
0.0118598
0.0120134
0.0122456
0.012152
0.011853
0.0119736
0.0118819
0.0121475
0.0121426
0.0120496
0.0118828
0.0119179
0.012194
0.0121719
0.0121796
