0.0112868
0.00809871
0.00575665
0.00757538
0.00692373
0.00672526
0.00676083
0.00677562
0.00677655
0.00677578
0.0158702
0.00865105
0.00755868
0.00664038
0.00608316
0.00598369
0.00618112
0.00604747
0.00673038
0.00677333
0.00673523
0.00656739
0.00670961
0.00635905
0.00723838
0.00697388
0.00662792
0.00654288
0.00677088
0.0070587
0.00713531
0.007131
0.00678466
0.00699452
0.00708398
0.00685658
0.00695487
0.0065583
0.00678387
0.00660695
0.00653661
0.00664572
0.00699902
0.00699565
0.00672264
0.00695043
0.00664903
0.00658757
0.00681959
0.00693941
0.00674426
0.00695819
0.00660395
0.00666415
0.00692351
0.00686335
0.00672532
0.00679353
0.00668771
0.00667805
0.00679244
0.00668318
0.00806891
0.00668349
0.0069672
0.00653249
0.00743841
0.00635963
0.00662267
0.00675989
0.0069952
0.00697631
0.00665018
0.00691834
0.0066687
0.00674853
0.00678045
0.00673233
0.00678042
0.006778
0.00679108
0.00676273
0.00678025
0.00674554
0.00679219
0.00679211
0.00675131
0.00675477
0.00675211
0.00675682
0.00678869
0.00678542
0.00675324
0.00677941
0.00676298
0.00676068
0.00677215
0.00675915
0.00677834
0.00678154
0.00675837
0.00678516
0.00678296
0.00677648
0.00675622
0.00678393
0.00675754
0.00675754
0.00677096
0.00678217
0.00675878
0.00676506
0.00675838
0.00677007
0.00676363
0.00676551
0.00612605
0.00686986
0.00729576
0.00736347
0.00717707
0.0064059
0.0066583
0.0069616
0.00696599
0.00698286
0.00679496
0.00682514
0.00677977
0.00678008
0.00681319
0.0068095
0.00672812
0.0067519
0.00675929
0.00680111
0.00674795
0.00675202
0.00679337
0.00677857
0.00675081
0.00679539
0.00679645
0.00675076
0.00675228
0.00679208
0.00675153
0.00675771
0.0067874
0.006782
0.00676988
0.00675301
0.0067603
0.006785
0.00677082
0.00676087
0.00677724
0.00676197
0.00677628
0.00676514
0.00675619
0.00678252
0.00675764
0.00612841
0.00661534
0.00710843
0.00731039
0.00713893
0.0064565
0.00667004
0.00717568
0.00716827
0.00687545
0.00698645
0.00700009
0.00660806
0.00660856
0.00667658
0.00666537
0.00678733
0.0067713
0.00676031
0.00667363
0.00686439
0.00688023
0.00669516
0.00672846
0.00686496
0.00668654
0.0066849
0.00685753
0.00684055
0.00669544
0.00684767
0.00681091
0.00670769
0.00672326
0.00676309
0.00683689
0.00680291
0.00671521
0.00676116
0.00680179
0.00673999
0.00679774
0.00674375
0.00678506
0.00682159
0.00672365
0.00681496
0.00809894
0.00760266
0.00718419
0.00606862
0.00667368
0.00607165
0.00676254
0.00678681
0.00665127
0.00670586
0.00697443
0.00687263
0.00692219
0.00669284
0.00653948
0.00669656
0.00699786
0.00682235
0.00658334
0.00662417
0.00676452
0.00688699
0.00691422
0.00692504
0.00690242
0.00672519
0.00662805
0.00688956
0.00663584
0.00684349
0.00685177
0.00680961
0.00684364
0.00688318
0.00665972
0.00584469
0.00794167
0.00820722
0.0071701
0.00694239
0.00654522
0.00645174
0.00640777
0.00674826
0.00736849
0.0071944
0.00641322
0.00706783
0.00643738
0.00659184
0.00656105
0.00704416
0.0069238
0.00704002
0.00686252
0.00695479
0.00700436
0.00699986
0.006983
0.00655475
0.00656424
0.00659253
0.00689983
0.00695673
0.00675645
0.00686662
0.00677346
0.00663796
0.00678677
0.00689918
0.0066924
0.00673294
0.00669844
0.00688649
0.00668277
0.00790665
0.00651652
0.00632212
0.00621907
0.00675448
0.00668817
0.00684718
0.00695505
0.00679111
0.00677101
0.00676337
0.00671241
0.00675869
0.0068261
0.00674399
0.00673718
0.00674416
0.00672835
0.00681171
0.0067743
0.00679742
0.00676547
0.00680233
0.00679173
0.00680406
0.00677817
0.00674157
0.00678707
0.0067953
0.00677265
0.00674596
0.00677268
0.00678188
0.00678374
0.00675068
0.00676857
0.0067742
0.00676597
0.00678303
0.00675522
0.0070062
0.00697308
0.00698743
0.00812115
0.00803901
0.00715234
0.00608355
0.00712032
0.00673955
0.00619072
0.00617466
0.00659241
0.00631348
0.00672516
0.00658634
0.00658615
0.00722676
0.00672465
0.00644175
0.00694789
0.00709486
0.00714151
0.00668719
0.00645634
0.00660299
0.00663001
0.00647293
0.0070401
0.00673615
0.00670294
0.00650429
0.00704634
0.00703818
0.00687732
0.00653484
0.00658799
0.00674475
0.00663506
0.00694055
0.00698512
0.00696461
0.00672298
0.00684261
0.00696279
0.00690629
0.00691176
0.00662289
0.0068425
0.00661312
0.00670499
0.00662569
0.00675581
0.00687899
0.00616953
0.00784512
0.00785018
0.00555803
0.00632817
0.00573645
0.00586594
0.00713013
0.00705305
0.00607977
0.00684706
0.00618991
0.00619699
0.00688984
0.00719268
0.00674798
0.00650475
0.0067503
0.00653579
0.0064296
0.00646364
0.00644128
0.00830257
0.00733455
0.00756851
0.00589459
0.00651685
0.00708302
0.0066326
0.00677755
0.00673888
0.006692
0.00684587
0.00675543
0.00675814
0.00681158
0.00680501
0.00681449
0.00674943
0.00674184
0.00674187
0.00673703
0.00674162
0.00676986
0.00677734
0.00679766
0.00679939
0.00677362
0.00674516
0.0067627
0.00679189
0.00675759
0.00913051
0.00542231
0.00728528
0.00722677
0.00798114
0.00596969
0.00761271
0.0069328
0.00710118
0.00647832
0.00676673
0.0066709
0.00700174
0.00697151
0.00661557
0.00683928
0.00684001
0.00641873
0.00685505
0.00701526
0.00711883
0.00690696
0.00661174
0.00663337
0.00700051
0.00698288
0.00652944
0.00661607
0.00682723
0.0066647
0.00692857
0.00673169
0.00656612
0.0069669
0.00661757
0.00675304
0.00694033
0.00662791
0.00661997
0.00672103
0.00674104
0.00661435
0.00686372
0.00534917
0.00585047
0.00618569
0.00568565
0.0074292
0.00642179
0.00742737
0.00623872
0.00665182
0.006717
0.00677821
0.00682537
0.00688236
0.00651804
0.0070446
0.00698145
0.00699436
0.00677238
0.00680479
0.00694262
0.00659693
0.00691975
0.00695543
0.00663859
0.00660009
0.00670863
0.00669556
0.00682437
0.00691763
0.00662231
0.00688445
0.0068195
0.00672106
0.00665847
0.00669081
0.00668935
0.00687715
0.00686765
0.00684263
0.00681793
0.00389383
0.00534842
0.00670958
0.00713511
0.00657135
0.00690286
0.00669509
0.0067313
0.00663604
0.0067175
0.00676293
0.00672077
0.00679191
0.0067819
0.00681606
0.00667371
0.00833479
0.00603559
0.0063582
0.00647303
0.00710591
0.00670333
0.00679161
0.00673621
0.00706354
0.0065726
0.0067243
0.00644068
0.00688564
0.00705945
0.00655249
0.00653524
0.00657471
0.00650855
0.00701722
0.0068268
0.00695163
0.00675922
0.00696853
0.00691938
0.00696984
0.00683694
0.00658759
0.00688701
0.0069285
0.00679701
0.0066163
0.00679582
0.00685206
0.00686106
0.00664945
0.00676495
0.00680051
0.00674767
0.00685436
0.0066788
0.007166
0.00709888
0.00758641
0.00659711
0.00708761
0.00637555
0.00654796
0.00646627
0.00686451
0.00678591
0.00683238
0.00674176
0.00673989
0.00674128
0.00674303
0.00677784
0.00674337
0.00677728
0.00675116
0.00680066
0.00674305
0.00674348
0.00674355
0.00677252
0.00674625
0.00674727
0.00676293
0.0067555
0.00679018
0.00676937
0.00675694
0.00679082
0.00675055
0.00678528
0.00611005
0.00753404
0.00795034
0.00726155
0.00715533
0.00674272
0.00617004
0.00681285
0.00684926
0.00671385
0.0066833
0.00662922
0.00692574
0.00709082
0.00705844
0.00653508
0.00702448
0.00655157
0.00679339
0.006557
0.0068862
0.00678393
0.00675655
0.00659237
0.00664605
0.00693297
0.00689454
0.00688019
0.00681945
0.00689568
0.00691009
0.00666978
0.00682178
0.00663745
0.00679207
0.00687617
0.0068784
0.00685667
0.00685072
0.0066688
0.00669246
0.00196792
0.00600919
0.00645248
0.00643777
0.00653268
0.00674021
0.0065973
0.00649195
0.00653323
0.00663136
0.00597051
0.00745292
0.00823967
0.00643211
0.00718505
0.00642921
0.00666077
0.00665086
0.0071949
0.00687441
0.00633785
0.00722284
0.00682694
0.00713261
0.00687798
0.00705908
0.00709099
0.0068192
0.00693351
0.00690801
0.00675731
0.0066379
0.00677569
0.00687758
0.00662582
0.00698842
0.00665879
0.00676875
0.00669768
0.00660267
0.00692642
0.00695819
0.00694765
0.00666696
0.00673767
0.00662381
0.00693364
0.00674813
0.00686758
0.00675388
0.00688014
0.00664384
0.00670504
0.00685828
0.00689243
0.0067835
0.00678766
0.00669154
0.00680309
0.00684824
0.00676635
0.00686563
0.00669222
0.00880915
0.00672166
0.00532026
0.00635078
0.0072208
0.0064226
0.00671713
0.00661857
0.00668581
0.00698171
0.00664257
0.00664271
0.00661635
0.00675842
0.00681066
0.00689193
0.0066411
0.00665792
0.00667015
0.00685747
0.00675869
0.00380787
0.00485923
0.00694017
0.00735849
0.00631931
0.00705322
0.00662972
0.00672588
0.00645801
0.00667716
0.0067598
0.00666462
0.00682138
0.00679832
0.00687012
0.00804552
0.00523209
0.00773014
0.007333
0.00689336
0.0065651
0.00698182
0.00665155
0.00695651
0.00694202
0.00681814
0.00688968
0.00687955
0.00684352
0.00685684
0.00672223
0.00676445
0.00678867
0.0077675
0.0082957
0.00728871
0.00713057
0.00640282
0.0072208
0.00658044
0.0074213
0.00676998
0.00703003
0.00681321
0.00681312
0.00639566
0.00713638
0.0070219
0.00699546
0.00697508
0.00667104
0.00674111
0.00684142
0.00657368
0.00657256
0.00655668
0.00699739
0.00698728
0.00661018
0.00696808
0.00665939
0.00697488
0.00661205
0.00664473
0.00686254
0.00666811
0.0065988
0.00662006
0.0069285
0.00688456
0.00691306
0.00665017
0.00692001
0.0068257
0.00667679
0.0068822
0.00687178
0.0066587
0.00664905
0.00678886
0.00685132
0.00688887
0.00672164
0.00681652
0.00679949
0.00687063
0.00459603
0.00742975
0.00688126
0.00615558
0.00678561
0.00668184
0.00672007
0.0066636
0.00672242
0.00668992
0.00681741
0.00670933
0.00676011
0.00682987
0.00672711
0.00671676
0.00681864
0.00671959
0.00672978
0.00680814
0.00675863
0.00688755
0.00510173
0.00515662
0.00612052
0.0072263
0.00748704
0.00713211
0.00591817
0.00731708
0.00667738
0.00689781
0.00629248
0.00641051
0.00635799
0.00631412
0.00640223
0.00515626
0.00705285
0.00622113
0.00674174
0.006433
0.00667275
0.00701147
0.00646297
0.00649453
0.00677436
0.00693495
0.00691693
0.00660732
0.00674867
0.00662117
0.00662304
0.00810268
0.00761035
0.0071926
0.00606594
0.00663782
0.00601925
0.00676148
0.00678476
0.00665376
0.00669447
0.00700033
0.00688802
0.00694145
0.00668318
0.0065112
0.0066873
0.00702323
0.00682901
0.00656023
0.0066056
0.00676372
0.00690119
0.00693143
0.00694333
0.00691828
0.00671922
0.00661112
0.00690399
0.00661945
0.00685251
0.00686181
0.00681441
0.0068527
0.00689687
0.00664603
0.00278751
0.00500803
0.00721211
0.00588639
0.00647001
0.00656463
0.00691851
0.00693535
0.00687638
0.00687531
0.00693387
0.00665988
0.00686969
0.00687332
0.00672269
0.00687477
0.00686617
0.00670264
0.00684512
0.00684331
0.0068194
0.00683634
0.00565062
0.00608256
0.00618926
0.00717814
0.00670178
0.006605
0.00660562
0.00658847
0.00660162
0.00683655
0.00663927
0.00664727
0.00669403
0.00677343
0.00678581
0.00667446
0.00667733
0.00619363
0.00729557
0.00725645
0.00586866
0.00638612
0.00717067
0.0068666
0.0075728
0.00746515
0.00733631
0.00734712
0.00662299
0.00675763
0.00681857
0.00684993
0.00684422
0.00657385
0.00666383
0.00662699
0.00648504
0.00705686
0.00653649
0.00676365
0.00703705
0.00657586
0.00661488
0.00701914
0.00701516
0.00666552
0.00655464
0.0068488
0.00689024
0.00686812
0.00698062
0.00669938
0.00697845
0.00696549
0.00659319
0.00662802
0.00679361
0.00666818
0.00693458
0.00663666
0.00668461
0.00664078
0.00664856
0.00684486
0.00666026
0.00686043
0.00670527
0.00690232
0.00671452
0.00673219
0.00689831
0.00665139
0.00689297
0.00669229
0.00688894
0.00669268
0.00599653
0.0068454
0.00618324
0.00613325
0.00623417
0.0064874
0.00631737
0.00640446
0.00653927
0.00526915
0.00693684
0.00694693
0.00729401
0.00504874
0.00606464
0.00677288
0.0072188
0.00626887
0.00725582
0.00672574
0.00647666
0.00669313
0.006691
0.00685728
0.00702615
0.00699731
0.00669785
0.00656119
0.00655988
0.00656307
0.00662681
0.00673836
0.00675269
0.00691609
0.00672553
0.00690795
0.00689085
0.00688145
0.00668246
0.00671817
0.00671241
0.00665144
0.00686752
0.00682759
0.00683685
0.00854407
0.00706438
0.00807923
0.00819344
0.0094108
0.00605266
0.00801752
0.00732323
0.00728431
0.00673878
0.00665205
0.00654304
0.00700353
0.00646984
0.00679135
0.00662191
0.00712311
0.00661223
0.00668487
0.00697082
0.00701558
0.00652323
0.00691321
0.00654035
0.00654642
0.00700519
0.00697852
0.0067347
0.0068884
0.00665995
0.00657617
0.0068498
0.00676774
0.00675916
0.00669997
0.00660333
0.00664242
0.00662495
0.00686608
0.00689927
