0.0166659
0.0258641
0.022058
0.0215476
0.0221502
0.0219693
0.0218767
0.0219167
0.0219412
0.0219205
0.0238649
0.0226235
0.0226396
0.0222067
0.0219954
0.0221764
0.0218422
0.0221601
0.0220242
0.0219439
0.0219948
0.0220181
0.0219447
0.0219851
0.0219712
0.0219674
0.0219563
0.0219758
0.0219509
0.0219373
0.0219593
0.0219626
0.0219597
0.0219579
0.0219628
0.0219633
0.0219607
0.0219616
0.0219459
0.0219562
0.0219414
0.0219527
0.0219354
0.0219406
0.0219539
0.0219477
0.0219454
0.0219451
0.021946
0.0219321
0.0219259
0.0219265
0.0219401
0.0219284
0.0219394
0.0219346
0.0219426
0.0219435
0.0219309
0.0219314
0.0219317
0.0219356
0.0219331
0.0222774
0.0221058
0.0218455
0.0218839
0.0220307
0.0218676
0.0219668
0.0219751
0.0219168
0.0219396
0.0219554
0.0219147
0.0219282
0.0219185
0.0219372
0.021932
0.0219276
0.0219254
0.0219262
0.0219259
0.0219285
0.0219295
0.0219277
0.0219299
0.0219279
0.021928
0.0219289
0.0219282
0.0219284
0.0219285
0.0219285
0.0219284
0.0219285
0.0219293
0.0219288
0.0219297
0.0219286
0.0219292
0.0219288
0.0219289
0.0219288
0.0219291
0.0219294
0.021929
0.0219289
0.0219289
0.0219288
0.0219289
0.0219288
0.0219296
0.021929
0.0219294
0.0219291
0.021993
0.0220167
0.0219841
0.0219731
0.0219753
0.0218773
0.0218901
0.0219285
0.0219172
0.0219409
0.0219273
0.0219362
0.0219336
0.021926
0.021933
0.0219294
0.0219319
0.0219272
0.0219315
0.0219303
0.0219306
0.0219289
0.0219297
0.0219292
0.0219291
0.0219302
0.021929
0.0219294
0.0219292
0.021929
0.0219292
0.0219301
0.0219295
0.0219297
0.0219298
0.0219298
0.0219297
0.0219297
0.0219299
0.0219299
0.0219294
0.0219296
0.021993
0.0220166
0.0219816
0.0219717
0.0219725
0.0218729
0.0218874
0.0219197
0.0219145
0.0219369
0.0219316
0.0219294
0.0219264
0.0219291
0.0219265
0.0219239
0.0219258
0.021927
0.0219262
0.0219263
0.0219258
0.0219309
0.0219274
0.0219291
0.0219299
0.0219267
0.0219311
0.0219288
0.0219299
0.021931
0.0219301
0.021927
0.0219288
0.0219281
0.0219278
0.021928
0.021928
0.021928
0.0219275
0.0219275
0.0219294
0.0219287
0.0219491
0.0225184
0.021426
0.0217
0.0220497
0.0221876
0.0218713
0.021832
0.0218219
0.0218284
0.0218844
0.0218679
0.0218673
0.0218685
0.0218846
0.0219156
0.0218983
0.0218855
0.0218847
0.0219074
0.0218914
0.0219049
0.021895
0.0219146
0.0219017
0.0218966
0.0219175
0.0219189
0.0219037
0.0219156
0.0219049
0.0219081
0.021916
0.0219178
0.0221134
0.0218956
0.0219434
0.0219443
0.0218644
0.0218471
0.0218663
0.0218971
0.021931
0.0219265
0.0219335
0.0219183
0.0219089
0.021911
0.0219143
0.0219177
0.0219161
0.0219203
0.0219255
0.0219154
0.0219224
0.0219183
0.0219212
0.021921
0.0219293
0.0219236
0.0219228
0.0219233
0.0219335
0.0219219
0.0219297
0.0219243
0.021929
0.0219234
0.0219319
0.0219247
0.0219268
0.0219237
0.0219291
0.0219249
0.0219283
0.0178708
0.0220217
0.0218508
0.0219407
0.0216927
0.0219568
0.0217786
0.0219844
0.0219471
0.0218954
0.0219052
0.0219187
0.0219178
0.0219268
0.0219289
0.0219291
0.021929
0.0219238
0.0219287
0.0219267
0.0219279
0.0219297
0.0219283
0.021927
0.021928
0.0219266
0.0219267
0.0219268
0.0219274
0.0219281
0.0219295
0.0219277
0.021927
0.0219273
0.0219286
0.0219275
0.0219287
0.0219277
0.0219289
0.0219616
0.0218763
0.0220686
0.0218317
0.0218475
0.0220895
0.0218477
0.0219347
0.022003
0.0219553
0.0219183
0.0219317
0.02197
0.0220056
0.0219621
0.0219534
0.0219203
0.0219424
0.0219583
0.0219383
0.0219469
0.0219534
0.0219248
0.0219495
0.0219543
0.0219558
0.0219419
0.0219292
0.0219542
0.021952
0.0219459
0.0219527
0.0219244
0.0219404
0.0219311
0.0219475
0.0219405
0.0219465
0.0219258
0.0219426
0.0219297
0.021939
0.0219411
0.0219374
0.0219367
0.0219365
0.0219424
0.0219363
0.0219343
0.0219336
0.0219332
0.0219388
0.0232195
0.0229115
0.0193422
0.0219072
0.021785
0.0211709
0.0215437
0.0216044
0.0217262
0.0218887
0.0218629
0.0216411
0.0216859
0.0216545
0.0217183
0.0219027
0.021905
0.0218444
0.0218962
0.0218466
0.0144935
0.0225369
0.0211224
0.0223839
0.0214869
0.021803
0.0220306
0.0219388
0.0218698
0.0218911
0.021897
0.0219127
0.0219313
0.0219081
0.0219294
0.0219222
0.0219237
0.0219208
0.0219233
0.0219218
0.0219227
0.0219248
0.0219239
0.0219251
0.0219233
0.021923
0.0219233
0.0219261
0.0219244
0.0219659
0.0218896
0.022161
0.0218372
0.022169
0.0220206
0.0219729
0.0219538
0.0219245
0.0219789
0.0219516
0.021965
0.0219339
0.0219465
0.021939
0.0219415
0.0219506
0.0219417
0.0219492
0.0219425
0.0219218
0.0219352
0.0219419
0.0219373
0.0219389
0.0219388
0.0219238
0.0219251
0.0219259
0.0219303
0.0219243
0.0219403
0.0219384
0.0219404
0.0219402
0.0219287
0.0219378
0.0219274
0.0219382
0.0219294
0.0219309
0.0219358
0.0219361
0.0219363
0.0219346
0.0219266
0.0219337
0.0217775
0.0221106
0.0221569
0.0214394
0.0222837
0.0210423
0.0218749
0.0219392
0.0218797
0.0218934
0.0219281
0.021894
0.0219186
0.0218982
0.0219033
0.021905
0.0219043
0.0219097
0.0219199
0.0219042
0.0219155
0.0219113
0.0219316
0.0219084
0.0219072
0.0219094
0.0219104
0.0219101
0.0219116
0.0219268
0.0219235
0.0219295
0.021913
0.0219202
0.0219302
0.0219309
0.0219162
0.021925
0.021917
0.0219237
0.0326021
0.023274
0.0221371
0.0210716
0.0213173
0.021677
0.021864
0.0218674
0.0218341
0.0218835
0.0219158
0.0219213
0.0218611
0.0218666
0.0219222
0.0218839
0.0218959
0.0218995
0.0219838
0.0212688
0.0205214
0.0208666
0.0218995
0.021809
0.0219376
0.0219547
0.021881
0.0219125
0.0219139
0.0219152
0.0219015
0.0219034
0.0219032
0.021932
0.0219079
0.0219334
0.0219058
0.0219095
0.0219075
0.0219072
0.0219141
0.02191
0.0219158
0.0219241
0.0219155
0.0219126
0.0219278
0.0219133
0.0219245
0.0219144
0.0219152
0.0219194
0.0219322
0.0219271
0.0219219
0.0219186
0.0219184
0.020228
0.0219832
0.022515
0.021942
0.0216614
0.0209296
0.0219334
0.0219205
0.0219605
0.0219255
0.0219126
0.0219252
0.021925
0.0219155
0.021926
0.0219357
0.0219284
0.0219345
0.0219316
0.0219295
0.0219319
0.0219352
0.0219334
0.0219345
0.0219309
0.0219312
0.0219338
0.0219331
0.0219335
0.0219324
0.0219308
0.0219292
0.0219328
0.0219293
0.0219323
0.0219309
0.0210353
0.0211218
0.0208967
0.0220695
0.0211872
0.0213919
0.0218132
0.0218636
0.0219056
0.0219035
0.0218979
0.0219152
0.0219073
0.0219118
0.0219096
0.0219085
0.0219079
0.0219101
0.0219134
0.021913
0.0219211
0.0219139
0.0219111
0.0219246
0.0219296
0.0219138
0.0219138
0.021922
0.02192
0.0219273
0.0219303
0.0219168
0.0219192
0.0219181
0.0219227
0.0219311
0.0219209
0.0219205
0.0219309
0.0219273
0.0219244
0.0223467
0.0193842
0.0212458
0.0217376
0.0215301
0.0217322
0.0218456
0.0218653
0.021804
0.0219101
0.0219784
0.0215418
0.0219508
0.0225869
0.0218532
0.0224815
0.0219222
0.0219583
0.0220137
0.0219868
0.0220138
0.0219159
0.0219706
0.0219509
0.0219397
0.0219536
0.021957
0.0219369
0.0219447
0.0219268
0.0219573
0.0219347
0.0219403
0.0219594
0.0219519
0.0219499
0.021957
0.0219565
0.0219545
0.0219545
0.0219381
0.0219536
0.0219362
0.021936
0.0219397
0.021947
0.0219352
0.0219464
0.0219366
0.0219367
0.0219451
0.0219417
0.0219384
0.0219388
0.0219451
0.0219376
0.0219435
0.0219287
0.0219365
0.021939
0.0219413
0.021939
0.0219376
0.0219404
0.0255267
0.0213635
0.0218431
0.0171228
0.0215484
0.0215099
0.0217781
0.0218469
0.0218408
0.0218293
0.0218498
0.0218331
0.0218466
0.0218411
0.0218458
0.0218898
0.0218839
0.0218908
0.0219224
0.0218801
0.0219119
0.0218979
0.0218877
0.0348774
0.0232622
0.0220223
0.020885
0.0211729
0.0216293
0.0217438
0.0217576
0.0217662
0.0218122
0.0218967
0.0219102
0.0217749
0.0217964
0.0219129
0.0218329
0.0218549
0.021863
0.0207829
0.019835
0.0100406
0.0225379
0.0227163
0.0217322
0.0219897
0.0219118
0.0219741
0.0220081
0.0219475
0.0219853
0.0219315
0.0219947
0.0219757
0.0219762
0.026811
0.0219422
0.0217051
0.0226335
0.0226325
0.0219826
0.0220391
0.0219662
0.0220563
0.0219557
0.0219942
0.0219495
0.0219833
0.0219566
0.0219539
0.021965
0.0219538
0.0219647
0.0219617
0.0219446
0.0219263
0.021959
0.021945
0.0219401
0.0219494
0.0219403
0.0219248
0.0219515
0.0219278
0.0219492
0.0219342
0.0219511
0.0219443
0.0219372
0.0219256
0.0219422
0.0219424
0.0219403
0.0219453
0.0219413
0.0219312
0.0219428
0.0219339
0.0219366
0.0219441
0.0219426
0.0219416
0.0219378
0.021941
0.021935
0.0219377
0.02194
0.0219403
0.0219385
0.0245563
0.0147796
0.0228422
0.0212506
0.0220724
0.0216455
0.0218749
0.0218799
0.0219077
0.0218871
0.0219035
0.0219155
0.0218967
0.0218985
0.0219003
0.0219245
0.0219121
0.0219292
0.0219263
0.0219144
0.021919
0.0219161
0.021925
0.026604
0.0251339
0.0121216
0.0212141
0.0208855
0.0214991
0.0216163
0.0215749
0.0218142
0.0216472
0.0216214
0.0215923
0.0217798
0.0218316
0.021686
0.0217539
0.0219059
0.0232781
0.0213861
0.0123832
0.0224815
0.022148
0.0218551
0.0217614
0.021913
0.0218923
0.0218951
0.0217909
0.0218808
0.0218397
0.0218577
0.0218738
0.0218752
0.0179134
0.0192272
0.021892
0.0194216
0.0206199
0.0208142
0.0220202
0.0218366
0.0219171
0.0218523
0.0218583
0.0218716
0.0218575
0.0218734
0.0219005
0.0218879
0.0218969
0.021887
0.0219152
0.0219025
0.0218808
0.0218792
0.0218948
0.0218948
0.0218953
0.0218921
0.0219115
0.0218929
0.0218959
0.0218941
0.0219176
0.0218995
0.0219163
0.0219159
0.021904
0.0223291
0.0223341
0.0109351
0.023564
0.0216845
0.0218011
0.0218683
0.021967
0.0220008
0.0219478
0.0219699
0.0219433
0.0219281
0.0219898
0.0219852
0.0219799
0.0219658
0.0219433
0.0219346
0.0219442
0.0219602
0.0219532
0.0219467
0.0218152
0.0232212
0.0264728
0.0208208
0.0214865
0.0218226
0.0217806
0.0218831
0.0219135
0.0218735
0.0219206
0.0218408
0.0219044
0.0218562
0.0218779
0.0218943
0.0219662
0.0223003
0.0217928
0.0226786
0.0223061
0.0218268
0.0219412
0.0220702
0.0219113
0.0219026
0.0219232
0.0219667
0.0220138
0.0219923
0.0219915
0.0219258
0.0219727
0.0219583
0.0219269
0.0219607
0.021954
0.0219626
0.0219644
0.0219593
0.0219622
0.021957
0.0219561
0.0219574
0.021937
0.021955
0.0219572
0.0219444
0.0219541
0.0219478
0.021926
0.021944
0.0219529
0.0219361
0.0219502
0.0219502
0.0219488
0.0219435
0.0219416
0.0219328
0.0219438
0.0219359
0.0219455
0.0219451
0.0219361
0.0219443
0.0219417
0.0219343
0.0219338
0.0219364
0.0219408
0.0219416
0.0219371
0.0529863
0.00308182
0.0206171
0.0223661
0.0211867
0.0212683
0.0214351
0.0214866
0.0216087
0.0217986
0.0216794
0.0180437
0.0219923
0.0219095
0.0224037
0.0215168
0.0205907
0.0217181
0.0219071
0.0218511
0.0218998
0.0219156
0.021909
0.02189
0.0218826
0.0218918
0.0218887
0.0218939
0.021892
0.0219223
0.0219075
0.0219036
0.0219023
0.0218975
0.0218967
0.0218984
0.0219131
0.0219038
0.0219269
0.0219039
0.0219048
0.021918
0.0219061
0.0219229
0.0219205
0.0225932
0.0220804
0.0221459
0.0217717
0.0213868
0.0212643
0.0219894
0.0219517
0.021869
0.0218938
0.0218855
0.0218752
0.0218819
0.0218878
0.0218913
0.0218878
0.0218876
0.0219
0.0219015
0.0218909
0.0219154
0.0218922
0.0219228
0.0218985
0.0219011
0.0219039
0.0219073
0.0219005
0.0219174
0.0219056
0.0219096
0.0219046
0.0219151
0.0219075
0.0219161
0.0219145
0.0219094
0.0219104
0.0219142
0.0219251
0.0219121
