0.0403206
0.0358253
0.0341598
0.0323881
0.0326813
0.032777
0.0329585
0.0330548
0.0330199
0.0330108
0.0330196
0.0330078
0.0326911
0.0335661
0.0325137
0.0333272
0.0336059
0.0333044
0.0330616
0.0330551
0.0330484
0.0329601
0.0331751
0.0331796
0.033158
0.0330207
0.0329659
0.0331485
0.0328967
0.0329337
0.0331359
0.0329117
0.0329422
0.03312
0.0330887
0.0330935
0.0331075
0.0330477
0.0330986
0.0331016
0.0329788
0.0330989
0.0329495
0.0330942
0.0329977
0.0330248
0.0329472
0.0330821
0.0330823
0.0330046
0.0329707
0.0330615
0.0330148
0.0330411
0.0330623
0.0330412
0.0330595
0.0329782
0.0330459
0.0330506
0.0329724
0.0329914
0.0330565
0.032762
0.0326901
0.0327246
0.032778
0.0329586
0.0331268
0.0328985
0.0330901
0.03309
0.03307
0.0330252
0.0329908
0.0329919
0.0330236
0.0330117
0.0330229
0.0330057
0.0330268
0.0330208
0.0330036
0.033018
0.0330182
0.0330151
0.033017
0.0330066
0.0330174
0.0330066
0.0330157
0.03301
0.0330166
0.0330094
0.0330168
0.033015
0.0330127
0.0330157
0.0330086
0.0330097
0.0330134
0.03301
0.0330123
0.0330091
0.0330143
0.0330085
0.0330102
0.0330138
0.0330144
0.0330153
0.0330086
0.0330087
0.0330101
0.0330137
0.0333939
0.0328773
0.0326333
0.0332633
0.0331412
0.0331608
0.0330078
0.0330473
0.0330032
0.0330474
0.032992
0.0330333
0.033005
0.0330014
0.033029
0.0330273
0.0330211
0.0330224
0.0330217
0.0330027
0.0330167
0.0330124
0.0330196
0.0330176
0.0330173
0.0330137
0.0330172
0.0330099
0.0330064
0.0330054
0.0330162
0.0330178
0.0330133
0.0330062
0.033006
0.0330162
0.0330086
0.0330084
0.0330079
0.0330144
0.0330153
0.0330144
0.0330133
0.0330148
0.0330138
0.0330162
0.0330131
0.0330097
0.0333913
0.0328774
0.0326457
0.0333511
0.0331393
0.033125
0.0330765
0.0329868
0.0329422
0.0330215
0.0330132
0.0329939
0.033021
0.0330235
0.0330087
0.0329901
0.0330118
0.0329867
0.0329982
0.0330407
0.0329735
0.0330188
0.0329921
0.032977
0.0330004
0.0330129
0.0329934
0.0330229
0.0330324
0.0330346
0.032998
0.0329879
0.0330102
0.0330324
0.0330328
0.0329967
0.0330255
0.0330261
0.0330274
0.0330042
0.0329999
0.0330039
0.0330082
0.0330021
0.033006
0.0329963
0.0330087
0.0330213
0.0338178
0.0327092
0.0334728
0.0319042
0.0316851
0.032636
0.0328692
0.0329918
0.0328586
0.033011
0.0330187
0.0329946
0.0330556
0.0330429
0.0328984
0.0330071
0.0329032
0.0330617
0.0329266
0.0329276
0.0329708
0.0330505
0.032976
0.0329398
0.032947
0.0329545
0.0330075
0.0329566
0.0329598
0.0330078
0.0329654
0.0329854
0.0329735
0.032975
0.0330084
0.0325956
0.0321588
0.0328625
0.0325968
0.0331882
0.0332786
0.0332104
0.0328618
0.0329195
0.0328871
0.0330608
0.0329063
0.0330063
0.0329105
0.0329597
0.0330096
0.0330643
0.0329654
0.0331014
0.032942
0.0329656
0.0330787
0.0329772
0.0329579
0.0329433
0.0329625
0.0330674
0.0329469
0.0329763
0.0329927
0.033002
0.0329599
0.0329687
0.0330598
0.0330248
0.0329732
0.0330057
0.0329666
0.0329989
0.0329728
0.0329782
0.032171
0.0329917
0.0329407
0.0333236
0.033211
0.03285
0.0329244
0.0330183
0.0330262
0.0330112
0.0330077
0.0330102
0.0330138
0.0329752
0.0330134
0.0329907
0.0330054
0.0329927
0.0329925
0.0330171
0.0329997
0.033011
0.033
0.0330014
0.0330012
0.0330006
0.0330173
0.0330156
0.0330099
0.0330104
0.0330191
0.0330196
0.0330035
0.0330042
0.0330041
0.0330177
0.0330053
0.0330102
0.03301
0.0330078
0.0340927
0.0326508
0.033307
0.033187
0.0335106
0.0330938
0.0329701
0.0330182
0.0332623
0.0330225
0.0329038
0.0331628
0.0330361
0.0330593
0.032891
0.0330758
0.0329803
0.0330658
0.033139
0.03296
0.0331075
0.0330902
0.0329506
0.0331156
0.0330956
0.0329625
0.0331075
0.0330193
0.0330003
0.0330962
0.0329617
0.0330875
0.0330886
0.0329477
0.0330173
0.0330829
0.0329486
0.0330257
0.0329514
0.0330745
0.0329925
0.0330229
0.033018
0.0329925
0.0330012
0.0330609
0.032978
0.0330616
0.032967
0.0330589
0.0329744
0.0267161
0.0327177
0.0335574
0.0328116
0.0320918
0.032859
0.0326512
0.0325324
0.0325349
0.0327309
0.0331007
0.0326029
0.0330059
0.0330059
0.0328803
0.0327685
0.0329842
0.0327521
0.032785
0.0328133
0.0329904
0.0328171
0.0325144
0.0308262
0.0316433
0.032273
0.0325066
0.0328973
0.033049
0.0330266
0.032994
0.0330185
0.0329966
0.0330109
0.0330152
0.0329857
0.033014
0.0329937
0.032994
0.0330004
0.032999
0.0330025
0.0330127
0.0330036
0.0330176
0.0330031
0.0330129
0.0330027
0.0330031
0.0325902
0.033147
0.0333246
0.0329721
0.0328761
0.0327853
0.0332594
0.0331224
0.0331036
0.0329857
0.0330901
0.0330999
0.0329632
0.0331499
0.0330308
0.0329017
0.0328912
0.0328999
0.0330606
0.0329895
0.0329286
0.0329497
0.0329169
0.0329437
0.0330443
0.0329359
0.0329363
0.0330261
0.0329379
0.0329512
0.0330862
0.0330457
0.0330059
0.0330207
0.033077
0.0329626
0.0329629
0.0330094
0.0330259
0.0330424
0.0330342
0.0329748
0.0330386
0.0329734
0.0329727
0.031811
0.0330767
0.0332587
0.0332309
0.0329965
0.033138
0.0325939
0.0328574
0.0330027
0.0329762
0.0329963
0.03302
0.0329654
0.0330712
0.0329093
0.0329817
0.0330784
0.0330598
0.0329619
0.0330597
0.0330137
0.032993
0.0330165
0.0329573
0.0330624
0.0329934
0.0329727
0.0329897
0.0330546
0.0330247
0.0330196
0.0330498
0.0329702
0.0329899
0.0330298
0.0330297
0.0329768
0.0330086
0.0330053
0.0329894
0.0330356
0.0368453
0.0349525
0.0313508
0.0326696
0.0327273
0.032873
0.0329698
0.0329884
0.0329249
0.0329573
0.0329501
0.0330018
0.032955
0.0329671
0.0329828
0.0329623
0.0322127
0.032982
0.0329307
0.0333099
0.0331061
0.0329494
0.0327833
0.033013
0.0329553
0.0330262
0.0330413
0.03303
0.0330191
0.032885
0.0330641
0.0329043
0.0329359
0.0329129
0.0329188
0.0330494
0.0329398
0.0329999
0.0329427
0.0329464
0.0329456
0.0329438
0.0330452
0.0330337
0.0329957
0.0329992
0.0330569
0.0330593
0.032961
0.0329633
0.0329641
0.0330475
0.0329699
0.0329997
0.0329988
0.032985
0.0334425
0.0321108
0.0334513
0.0327769
0.0330833
0.0329853
0.0330245
0.0330069
0.0330465
0.0330004
0.0330037
0.0329994
0.0330156
0.0330269
0.0330078
0.0330221
0.0330131
0.0330221
0.0330209
0.033019
0.0330124
0.033002
0.0330154
0.0330177
0.0330197
0.0330161
0.0330193
0.0330132
0.0330162
0.0330162
0.0330091
0.0325117
0.0335511
0.0328585
0.0327665
0.0331905
0.0330092
0.0329373
0.0330728
0.0327864
0.0328133
0.0331213
0.033113
0.0330164
0.0330227
0.0330709
0.0329334
0.0329236
0.0330264
0.0330314
0.0330118
0.0330667
0.0329608
0.0329575
0.0330678
0.0329908
0.0329514
0.0329549
0.0330593
0.0329596
0.0330035
0.0330448
0.033057
0.0329834
0.0329692
0.0329858
0.0329745
0.0329908
0.033011
0.0329805
0.0330301
0.0330416
0.0330388
0.0228457
0.028582
0.0325944
0.0329193
0.0327867
0.0330215
0.0328526
0.0328494
0.0328669
0.0329157
0.0328564
0.033556
0.0388607
0.0351141
0.0333618
0.0329027
0.0333854
0.0330463
0.0330644
0.0328538
0.0330072
0.0331816
0.0329367
0.0330277
0.0330261
0.0331356
0.0331108
0.0330259
0.0329415
0.0331125
0.032972
0.0330904
0.0330343
0.0330678
0.0329454
0.0330532
0.0330839
0.0329628
0.0330641
0.0329609
0.0330565
0.0330728
0.0330725
0.0330709
0.0330701
0.0329715
0.0330697
0.0329963
0.0330585
0.0329697
0.0330121
0.0330041
0.033017
0.0329996
0.03305
0.0329812
0.032994
0.0330427
0.0330041
0.0329963
0.0330346
0.0330478
0.0329809
0.0330469
0.0330461
0.0338525
0.0335251
0.0314453
0.0334012
0.0322409
0.0327262
0.0329198
0.0326201
0.0328296
0.0330038
0.0328795
0.0329363
0.0330204
0.0330247
0.0329559
0.0329764
0.0329404
0.0330105
0.0329847
0.0329695
0.034263
0.0321447
0.0333337
0.0327934
0.0325354
0.0328762
0.0330531
0.0328099
0.0328247
0.0327964
0.032815
0.0328425
0.0330277
0.032859
0.0328986
0.0329306
0.0329273
0.0451561
0.0347201
0.0316634
0.0326524
0.0328165
0.0333003
0.0329825
0.0330929
0.0330297
0.0330725
0.0331107
0.0330767
0.0330653
0.033072
0.033072
0.0330114
0.0330411
0.0330109
0.0325807
0.0338045
0.0327684
0.0330817
0.0328818
0.0330237
0.0332937
0.0328717
0.033077
0.0329977
0.0330709
0.0330457
0.0330255
0.0331469
0.033082
0.0329037
0.0329293
0.0330781
0.0329484
0.0329347
0.0330264
0.0329599
0.0330404
0.0329492
0.0330543
0.033
0.0330407
0.0330722
0.0330741
0.032963
0.0329528
0.0329855
0.0330732
0.0330636
0.0330261
0.033051
0.0330606
0.0329955
0.033059
0.0329836
0.0330572
0.0329935
0.0330554
0.0330566
0.033011
0.0329988
0.0330152
0.0329886
0.033015
0.0330486
0.0330085
0.0330201
0.0329909
0.0388465
0.0335746
0.0333676
0.0322984
0.0324212
0.0328029
0.0330428
0.0329494
0.0329127
0.033023
0.0330288
0.0329891
0.0329637
0.0330292
0.0330219
0.0330226
0.033012
0.0329892
0.0329877
0.0329862
0.0330231
0.032992
0.0329968
0.0329933
0.278602
0.0309805
0.0328361
0.0327102
0.0326014
0.0323763
0.0323296
0.0323061
0.0326054
0.0331859
0.0327003
0.0331049
0.0328338
0.033098
0.03307
0.0328885
0.0320501
0.0337352
0.0318041
0.0325029
0.0327195
0.0330303
0.0326962
0.0328452
0.0328789
0.0329798
0.0328566
0.0328939
0.0329715
0.0328811
0.0329113
0.0329289
0.0325159
0.0317459
0.0335475
0.033308
0.0328456
0.0332161
0.0330201
0.0326482
0.0329076
0.0330905
0.0327823
0.0330028
0.0330905
0.0328942
0.0329406
0.032946
0.0329128
0.0329084
0.0329768
0.0329241
0.0329782
0.0329645
0.0329507
0.0329523
0.0329807
0.0330627
0.0329657
0.0329743
0.0329629
0.0329598
0.0329784
0.0330102
0.0329656
0.108457
0.0336556
0.0329105
0.0325956
0.0334801
0.0329326
0.0328936
0.0330878
0.0330206
0.0329708
0.0330457
0.0330553
0.0329914
0.0330295
0.0329946
0.0330631
0.0330327
0.0330603
0.0330584
0.0330545
0.0330299
0.0330398
0.0330101
0.0330431
0.197312
0.0344686
0.0320921
0.0325692
0.0330129
0.0329578
0.0327276
0.0329451
0.0329807
0.0330209
0.0329616
0.0329913
0.0329084
0.0330401
0.0330287
0.0329793
0.0330141
0.0326646
0.0322935
0.0332316
0.0335681
0.0333026
0.032931
0.0331942
0.0329649
0.0329449
0.0330085
0.0329916
0.0330506
0.0331753
0.0330364
0.0331649
0.0330536
0.0330261
0.0330288
0.0331195
0.0329325
0.0329259
0.0329349
0.0330613
0.0330964
0.0329771
0.0330122
0.0330003
0.0329758
0.0330641
0.0330901
0.0330869
0.0329499
0.0330209
0.0330138
0.0329612
0.0330022
0.0330753
0.0330359
0.0329618
0.0330016
0.0329892
0.0329783
0.0329651
0.0329988
0.0330639
0.033056
0.032973
0.0330593
0.0330269
0.033055
0.0329804
0.0330235
0.0329795
0.033051
0.0329779
0.0330351
0.0330378
0.032998
0.032994
0.0297654
0.0326457
0.0317607
0.0331042
0.0327178
0.0323742
0.0328489
0.0329708
0.033068
0.032688
0.0329316
0.0347814
0.0330884
0.0322258
0.0323135
0.0332623
0.032663
0.0327018
0.0331075
0.0330307
0.0327771
0.033086
0.032991
0.0328884
0.0329077
0.0330704
0.0329081
0.032918
0.0329219
0.0330303
0.0329384
0.0329407
0.032959
0.033002
0.0329496
0.0329709
0.0330541
0.0330524
0.0329701
0.0329623
0.0329585
0.033015
0.0329657
0.0330098
0.0329707
0.0330166
0.0329992
0.03269
0.0316524
0.033344
0.0329104
0.03311
0.0329577
0.0327739
0.0330162
0.0329155
0.0329542
0.032959
0.0329219
0.0328635
0.0329031
0.0330723
0.0331175
0.0330895
0.0330888
0.0329191
0.0329657
0.0330086
0.0329212
0.0330554
0.0330131
0.0329418
0.03293
0.0330244
0.0329651
0.0329385
0.0329744
0.032947
0.0330594
0.0329482
0.0330259
0.032968
0.0330482
0.0329748
0.032963
0.0329935
0.0329644
