0.0606796
0.0162808
0.00085157
0.00213857
0.000507771
0.0010074
0.000919042
0.000944174
0.000935675
0.00092513
0.000921581
0.000367897
0.000977275
0.00043302
0.00245754
4.08576e-05
0.000581375
0.000457238
0.00102686
0.000630266
0.000811205
0.00122026
0.00110823
0.000893475
0.000750515
0.00081108
0.00109131
0.00112119
0.00111469
0.000942642
0.00107004
0.00109049
0.00107748
0.00102141
0.000810802
0.000936107
0.00104229
0.000795732
0.00105008
0.000795697
0.000822396
0.00094665
0.00093644
0.00102111
0.000913431
0.000989057
0.000836962
0.00101026
0.00092836
0.00100641
0.000862714
0.000904068
0.000871066
0.000985535
0.000993669
0.000991058
0.000890271
0.000952181
0.000914706
0.000982145
0.000982761
0.00160224
2.49423e-05
0.000260752
0.000348567
0.000662011
0.000654674
0.000772606
0.00101464
0.000766269
0.00100146
0.00101144
0.000823037
0.000894179
0.00090333
0.000904858
0.000912635
0.000898523
0.000933663
0.000935417
0.000925333
0.00092089
0.000923595
0.000928479
0.000925498
0.000905785
0.000921617
0.000906952
0.000924906
0.000924231
0.000922354
0.000907645
0.000921647
0.000907235
0.000912614
0.000910977
0.000914171
0.000919397
0.000916708
0.000920643
0.000916942
0.000913565
0.000913258
0.000922811
0.000911709
0.0009176
0.000910919
0.000922355
0.000921372
0.000919196
0.000921582
0.000918942
0.000918935
0.000919095
0.000912068
0.00229062
1.89897e-07
5.75907e-08
0.000541211
0.00135333
0.000854859
0.000913062
0.000833279
0.00102943
0.000969687
0.00097986
0.00091379
0.000903094
0.000898612
0.000926128
0.000897915
0.000925831
0.000901493
0.00092987
0.000927623
0.000902295
0.000903986
0.000917732
0.000904232
0.000910656
0.000924979
0.000906916
0.000919901
0.000925851
0.000916914
0.00092208
0.000920428
0.000925806
0.000907527
0.000914617
0.00091356
0.000909595
0.000923261
0.000917792
0.000912255
0.000923037
0.000910796
0.00092186
0.000915199
0.000916437
0.00227525
2.1875e-07
2.27031e-05
0.000343723
0.00135252
0.000962413
0.00101657
0.000912209
0.000966339
0.00106982
0.000951763
0.00100024
0.000983663
0.000970807
0.000853897
0.000960326
0.000922115
0.000957691
0.000874675
0.000891417
0.000963945
0.000959169
0.000925133
0.000958548
0.000942388
0.000890577
0.000951769
0.000913077
0.000879902
0.000923004
0.000901947
0.000908436
0.000880454
0.000949377
0.000928619
0.000931755
0.000943724
0.000893349
0.000916051
0.000934994
0.00089432
0.000939213
0.000898929
0.000924403
0.000919864
0.00762072
0.00189358
0.000178066
0.000447229
0.000422258
0.000411622
0.00101343
0.000677942
0.000701918
0.000721214
0.000718183
0.000928137
0.000783541
0.000730016
0.000752746
0.000773471
0.000996975
0.0007963
0.00101407
0.000996036
0.000919348
0.000882984
0.000947823
0.000947787
0.000947285
0.000858108
0.000834128
0.000891093
0.00086842
0.000891866
0.000845714
0.000892035
0.000961364
0.000859977
0.000913603
0.000634545
0.00092834
0.00181048
0.00052568
0.0013257
0.000927507
0.000761828
0.0009639
0.000779867
0.001026
0.000874258
0.000967996
0.000781526
0.000968952
0.00078583
0.000825533
0.000796096
0.000972619
0.000914823
0.000777305
0.0010276
0.0010273
0.00081753
0.000799829
0.000817646
0.00081676
0.000878755
0.000971155
0.000973697
0.000902455
0.000922539
0.000832606
0.000859854
0.000980863
0.00092474
0.000856203
0.000936347
0.000930138
0.00086426
0.00090184
0.00096681
8.93886e-05
0.00149964
8.21877e-05
0.000689905
0.000304998
0.000811046
0.000988925
0.000843162
0.00089349
0.000917358
0.000925682
0.00093329
0.000916922
0.000914981
0.00091398
0.000901385
0.000887606
0.000888695
0.000920925
0.000896346
0.000914649
0.000896543
0.000899646
0.000919183
0.000908526
0.00093056
0.0009071
0.000910495
0.000915479
0.000903095
0.000910707
0.000903665
0.000922519
0.000915012
0.000906552
0.000923793
0.000910853
0.0009216
0.000912849
0.00160209
0.00222233
0.000586726
0.00057489
0.00121496
0.000735223
0.000909972
0.000877095
0.000941289
0.00110246
0.000814881
0.00107708
0.000809545
0.00106223
0.00108402
0.000916606
0.00108464
0.000856246
0.000752984
0.000906532
0.000906519
0.00110377
0.00100935
0.000792654
0.00107369
0.000990097
0.00102333
0.00104714
0.000846998
0.00103323
0.00104079
0.000810955
0.000948227
0.000845678
0.000817523
0.00102875
0.00100675
0.00100937
0.000959043
0.00101375
0.00100307
0.00101361
0.00100774
0.000914556
0.000942459
0.000954497
0.000909041
0.000863649
0.000849929
0.000982969
0.000862795
0.000986725
0.00575551
0.000231047
0.00251164
0.000715485
0.000667104
0.000665006
6.03264e-05
0.000486174
0.000334854
0.000452291
0.000973143
0.00110976
0.000690222
0.000610445
0.000692219
0.00108508
0.000594952
0.000707763
0.0010021
0.000663346
0.00104683
0.000563685
0.000653763
0.00110227
0.000763766
0.000733012
0.000825402
0.0009643
0.000899515
0.000911066
0.000919522
0.000879256
0.00092337
0.000922845
0.000928178
0.000917884
0.000892172
0.00089358
0.000928235
0.000930595
0.0008978
0.000898885
0.000917325
0.000925067
0.000921661
0.000909035
0.000914914
0.000905859
9.75106e-06
0.00075863
0.000520643
0.000962722
0.000752623
0.00145311
0.000580275
0.000787211
0.00118674
0.00103295
0.000799716
0.000689682
0.000904544
0.00113214
0.0011037
0.000854705
0.000735254
0.000759467
0.0008425
0.000757554
0.00108992
0.000836792
0.00105726
0.0010402
0.00105443
0.00103699
0.00101612
0.00102303
0.00101155
0.00101577
0.000943824
0.000821437
0.000946559
0.000814109
0.000841361
0.000987262
0.00101411
0.000824964
0.000853776
0.000964861
0.000972558
0.000860552
0.000991583
0.000873821
0.000987444
0.000953584
0.000198071
0.000253904
0.000126057
0.00123805
0.000679644
0.000866443
0.000945453
0.000937553
0.00106607
0.000937621
0.00101831
0.000940532
0.000798463
0.000874029
0.000808377
0.000831076
0.000797228
0.000801597
0.000924733
0.000841462
0.000991438
0.00083351
0.000988312
0.000855461
0.000952478
0.000896578
0.000928811
0.00086083
0.000874849
0.000887703
0.000934486
0.000876075
0.000881325
0.000933547
0.000937507
0.000867782
0.00087354
0.00440504
0.00374907
0.00215536
0.00189575
0.000958698
0.00108207
0.000912194
0.000801369
0.000764933
0.000865383
0.000811741
0.000964112
0.000906663
0.000940992
0.000861175
0.000943476
0.00088093
8.95851e-05
0.00148739
0.000154373
0.000418423
0.000370856
0.00058532
0.000963203
0.000676079
0.000740987
0.00104015
0.000922979
0.000872863
0.000852044
0.000845436
0.000852982
0.000801608
0.000771401
0.000775316
0.000930913
0.000803142
0.00088917
0.000802832
0.000810697
0.000926577
0.000858085
0.00100426
0.000852578
0.000872516
0.000904084
0.000833325
0.000874424
0.000836528
0.000951721
0.000902981
0.000852488
0.000959917
0.000877663
0.000945907
0.000890343
0.00211122
0.00181396
0.00158359
0.00127031
0.000776781
0.00101448
0.00101169
0.00088885
0.000948431
0.000903828
0.000922133
0.000937371
0.000930567
0.000928057
0.00092819
0.000933468
0.000931331
0.000900102
0.000911166
0.000925367
0.000926561
0.000901028
0.000929585
0.000912873
0.000912903
0.000922975
0.000928144
0.000920959
0.000907841
0.000909733
0.000909616
0.000925762
0.000923851
0.000912106
0.00166107
0.0015007
0.000290955
3.25356e-05
0.000700517
0.00116894
0.00081564
0.000900498
0.000853157
0.000939912
0.000791579
0.000773813
0.000780898
0.000837393
0.000974369
0.000987158
0.000813892
0.000806907
0.000826086
0.000903543
0.000872002
0.000860121
0.000912834
0.000851856
0.00083364
0.000949999
0.000937034
0.000855105
0.000960515
0.000864777
0.000976678
0.000863792
0.000878909
0.000968585
0.0009575
0.000888012
0.000948452
0.00096034
0.00352659
0.00520146
0.000294283
4.39539e-05
0.00104894
0.000550511
0.000882925
0.000853537
0.000751286
0.000976916
0.000832047
0.00264425
0.00046169
0.00172052
0.000567053
0.00107423
0.00111939
0.000971765
0.00100559
0.000896885
0.000737602
0.00103001
0.000922163
0.000826025
0.0010771
0.00103082
0.000807225
0.00104736
0.0010453
0.000857238
0.000814228
0.000870514
0.000936959
0.000876936
0.000933784
0.00101221
0.000960765
0.00100663
0.00101007
0.000942295
0.000958699
0.000943775
0.000873956
0.000856927
0.000986856
0.000918303
0.000897152
0.000949196
0.000983744
0.00091561
0.00091567
0.000973102
0.000903817
0.000955564
0.000970196
0.000939148
0.000872565
0.000886866
0.000924671
0.000934704
0.000231817
0.00241386
0.0024843
0.000486302
0.000609177
0.000501185
0.000951893
0.000875899
0.00075034
0.000893822
0.000873562
0.000919116
0.000982959
0.000802434
0.000835808
0.000928425
0.000833342
0.000830795
0.000964326
0.000925211
0.00092518
0.00439534
0.00398751
0.00262993
0.00177081
0.00106899
0.000951151
0.000905936
0.000651611
0.000636963
0.000784642
0.000696423
0.00101996
0.000884838
0.000966182
0.000791271
0.000973815
0.000836252
0.00304857
0.00396517
0.00147841
0.00118782
0.00136888
0.000856049
0.00097873
0.000858215
0.000991482
0.000958924
0.000990385
0.00096702
0.000987498
0.000897374
0.000946683
0.000961679
1.72316e-05
0.00264347
0.00112669
0.00100152
0.000636389
0.000862263
0.00117602
0.00102646
0.000942961
0.000847463
0.000931058
0.00110194
0.000993177
0.00109839
0.000833154
0.00107345
0.000991846
0.000866459
0.00105424
0.000810032
0.00105294
0.000810728
0.000937539
0.00100521
0.00102194
0.00102431
0.000985755
0.000950494
0.000869056
0.000864065
0.00101185
0.000985787
0.000988557
0.000914139
0.000994258
0.000996837
0.000851107
0.000908585
0.000955365
0.000847196
0.000880749
0.000889106
0.000856983
0.000885377
0.00097793
0.000974987
0.000866542
0.000901608
0.000956397
0.000942332
0.000899057
0.000966928
0.000876284
0.0183035
0.000621101
0.000229119
0.000784381
0.000656015
0.00101894
0.00100623
0.000923584
0.000878253
0.000872912
0.000936428
0.000878168
0.000934624
0.000942592
0.000887387
0.000909518
0.000887488
0.000908129
0.000904605
0.000889811
0.000912166
0.00113089
0.000975001
0.00332729
0.000685499
0.000621298
0.00014104
0.000420259
0.00125487
0.000469567
0.00072955
0.00108853
0.000828248
0.00056452
0.000544787
0.00105978
0.000645861
0.00080185
0.00389794
0.000848102
0.00165501
0.000695005
0.000324428
0.0010529
0.000645944
0.000727276
0.000702405
0.000740794
0.000743409
0.000770643
0.000944182
0.00078329
0.000847783
0.000979631
0.000811816
0.00194497
0.00179561
0.00082863
0.00117003
0.00141637
0.000901584
0.000937957
0.000990222
0.000900706
0.000747357
0.00102073
0.00105236
0.000765534
0.000866391
0.00076784
0.00079412
0.000794255
0.000792137
0.000792512
0.000806708
0.000820346
0.000851073
0.000822641
0.000840866
0.000823928
0.000850088
0.000836933
0.000888655
0.000851268
0.000876121
0.000954828
0.000852979
0.000876169
0.00433338
0.00109603
0.000160533
0.000879876
0.000857013
0.000812784
0.000899289
0.000977369
0.000868448
0.000934638
0.000981292
0.000975343
0.00098335
0.000969386
0.000971322
0.000925037
0.000971868
0.000901966
0.000911584
0.00091529
0.000960081
0.000927636
0.00792769
0.00594709
0.00203324
0.00151301
0.00109931
0.000667665
0.000716778
0.000978896
0.000778532
0.000818193
0.000796554
0.000843735
0.000822911
0.000842589
0.000847018
0.000939612
0.000302129
0.0010366
0.00218375
0.00093136
0.000507021
0.000741394
0.00102679
0.00104531
0.00113574
0.000779034
0.000889199
0.00111861
0.00109711
0.000886605
0.000811219
0.000859545
0.00101511
0.000867908
0.000782813
0.000837431
0.00098033
0.00102527
0.0010548
0.000820921
0.000879576
0.000892454
0.000859558
0.000853263
0.000969924
0.000999356
0.000988444
0.00101664
0.000892272
0.00098343
0.000960601
0.000904252
0.000980267
0.000966443
0.000922885
0.000997198
0.000989265
0.00098658
0.000941906
0.00092198
0.000931963
0.000919338
0.000857052
0.000976438
0.000982695
0.000863312
0.000869838
0.000974428
0.00097024
0.000949576
0.00088681
0.0360556
0.00662598
0.000474528
0.00147435
0.000787551
0.000372169
0.000577919
0.000680042
0.000879302
0.000839496
0.00191255
0.00298582
0.00123149
0.000272133
0.000666603
0.000618155
0.000622589
0.000934432
0.000714839
0.000947724
0.000945738
0.000731246
0.000846145
0.000831894
0.000779987
0.000954565
0.000791514
0.000904569
0.000916323
0.000812176
0.000922074
0.000822379
0.000833917
0.000915609
0.000860108
0.000860866
0.000949153
0.000962267
0.000977497
0.000972835
0.000854218
0.000928671
0.000958256
0.000891916
0.000774333
0.00127483
0.000288089
0.000595418
0.0010068
0.000911937
0.000904997
0.00092596
0.000989567
0.000702301
0.000672737
0.000787916
0.000745982
0.000789651
0.000894331
0.000919503
0.000886289
0.000979293
0.00091089
0.000781292
0.00103831
0.000863522
0.000849006
0.000885052
0.000870251
0.000983662
0.000891128
0.000873123
0.000972861
0.000908275
0.00091694
0.00085786
0.000939376
0.000860193
0.000847552
