0.580115
0.0270198
0.000490915
0.0508912
0.00351533
0.0111253
0.0078539
0.00936843
0.0106283
0.013722
0.0113171
0.0120536
0.0135855
0.149632
0.0466172
0.017697
0.00450345
0.0141284
0.0141043
0.0121534
0.0176246
0.0134273
0.0162766
0.0147901
0.0146525
0.0176334
0.0159354
0.0158506
0.0161946
0.0161141
0.017153
0.0159175
0.0160522
0.0163349
0.0169225
0.016478
0.0168543
0.0163255
0.0163378
0.0172159
0.0164536
0.016587
0.00293197
0.0158175
0.0182771
0.0180325
0.0137814
0.0149579
0.0151958
0.0148152
0.0159402
0.0152986
0.0177726
0.0180235
0.0154813
0.0177101
0.0175961
0.0160455
0.0176376
0.0162552
0.0164328
0.0163954
0.0174223
0.0165176
0.017462
0.0173526
0.0165987
0.0162674
0.0164414
0.0170977
0.0173199
0.0173603
0.0164069
0.0172776
0.0164504
0.0170854
0.0165302
0.016623
0.0172232
0.0166536
0.017001
0.0165532
0.0171603
0.0171762
0.0171951
0.0165923
0.016656
0.0167696
0.0169943
0.0169674
0.0166471
0.017142
0.0169075
0.0167507
0.0171137
0.0166857
0.0168078
0.0167339
0.16403
0.0738243
0.0135234
0.00662217
0.0146414
0.0179959
0.0101712
0.00982242
0.0137885
0.013544
0.0138458
0.0176917
0.0158755
0.0156266
0.0170563
0.0156078
0.0162465
0.01708
0.0173564
0.0163186
0.0171964
0.0170811
0.0169016
0.0171679
0.017117
0.016273
0.016413
0.0163521
0.0155955
0.0672605
0.0152764
0.00134855
0.0147396
0.00251414
0.0174587
0.0150791
0.0149259
0.0146055
0.014545
0.0177241
0.0169979
0.0170883
0.0150157
0.0175551
0.0158288
0.0158156
0.0170342
0.0158631
0.0159359
0.0172665
0.0162338
0.0163766
0.0162754
0.0163616
0.0163036
0.0172549
0.0163375
0.0163742
0.584116
0.179278
0.012041
0.0117992
0.00745111
0.00618252
0.00528435
0.00776035
0.0118859
0.0117868
0.0111865
0.0129426
0.0176985
0.0161383
0.0166669
0.016281
0.0158254
0.0143439
0.0160973
0.0154335
0.0150147
0.0151976
0.0154931
0.0172602
0.0171093
0.0170354
0.0157176
0.0160492
0.015897
0.0166891
0.460026
0.072798
0.0103552
0.00951427
0.0116889
0.0169276
0.0168797
0.0176619
0.0179336
0.0133992
0.0171443
0.0177428
0.0148866
0.0144062
0.0157778
0.016508
0.0161121
0.0152918
0.0167148
0.0153983
0.0166571
0.0161389
0.015857
0.0164373
0.0162542
0.0160023
0.0162951
0.0163926
0.0165147
0.200129
0.091249
0.00314233
0.0161623
0.0171621
0.0145651
0.0179291
0.0144445
0.017858
0.0165284
0.0151845
0.0154452
0.0153249
0.0169354
0.0151089
0.0150773
0.0160243
0.0161785
0.0168548
0.0169271
0.0157493
0.0163811
0.0161097
0.0159718
0.0160645
0.0161509
0.180863
0.0941528
0.00201369
0.01844
0.00867076
0.0161005
0.0176565
0.0114153
0.015568
0.0172617
0.017442
0.0169029
0.0171454
0.0160343
0.0157095
0.0175856
0.0151166
0.0174549
0.0174196
0.0156284
0.0158074
0.016604
0.0160445
0.0160632
0.0163313
0.0160776
0.0164676
0.0170339
0.0165133
0.0162981
0.430486
0.0541044
0.0185873
0.0197882
0.0182919
0.0179143
0.0101774
0.0165381
0.0174799
0.0156903
0.0147038
0.0151777
0.015738
0.014486
0.0176125
0.0149954
0.015982
0.0154704
0.0153757
0.0159902
0.0172454
0.0161666
0.0167674
0.0169503
0.0160385
0.0161886
0.016098
0.0162204
0.376641
0.0960612
0.0138953
0.00664492
0.0147596
0.0179968
0.0102041
0.00988912
0.0138297
0.0135614
0.0138603
0.017689
0.0158774
0.01563
0.0170571
0.0156123
0.0162483
0.0170799
0.0173549
0.0163204
0.0171955
0.0170806
0.016902
0.017167
0.0171163
0.0162766
0.0164159
0.0163552
1.76802
0.153684
0.0179509
0.0181387
0.0182635
0.0164265
0.0108336
0.00829664
0.0137319
0.0146532
0.0119857
0.0147071
0.0140852
0.0170866
2.31931
0.00579057
0.00181602
0.0179225
0.00615296
0.0136083
0.0167157
0.013251
0.0177514
0.0163303
0.0153339
0.0164489
0.0153672
0.0149989
0.0171358
0.015787
0.0159749
0.017432
0.0173282
0.0173608
0.0170422
0.0163795
0.016199
0.0162873
0.0172152
0.0172276
0.0164237
0.0170518
0.0360187
0.0049721
0.0122872
0.0183226
0.00720025
0.00665051
0.0164013
0.017855
0.0136334
0.015983
0.0144926
0.017706
0.0159397
0.0174019
0.0169147
0.0160034
0.0169977
0.0154905
0.0166887
0.0166916
0.0163121
0.0163054
0.0173386
0.0162251
0.0172645
0.0173258
0.017292
0.017247
0.0169433
0.0172737
0.0168883
0.0165155
0.0171392
0.0164799
0.0171628
0.0169116
0.0171942
0.0165429
0.0165677
0.0165609
0.0168012
0.0170917
0.0170302
0.372981
0.0581681
0.0116235
0.010304
0.011582
0.0169947
0.0169063
0.0176661
0.0179313
0.0134028
0.0171497
0.0177441
0.0148554
0.014361
0.0157653
0.0165039
0.0161042
0.0152599
0.0167108
0.0153661
0.0166513
0.0161265
0.0158357
0.0164255
0.0162378
0.0159817
0.0162836
0.0163833
0.0165036
0.0503025
0.0131568
0.00510574
0.0130372
0.0164178
0.0177912
0.0178288
0.0139651
0.0175857
0.0177597
0.0158941
0.0176979
0.0156316
0.0150997
0.0154571
0.0160612
0.0162083
0.0160791
0.0172693
0.0159392
0.01596
0.0162119
0.01696
0.0162535
0.0162677
0.0162224
0.0163268
0.0162727
0.0163593
0.0164257
0.0164384
0.0163915
0.0165274
0.016524
0.0170269
0.0170435
0.0171357
0.016538
0.0168413
0.0166058
0.0166048
0.0170871
0.0171492
0.0171456
0.610707
0.0271275
0.00534762
0.0130457
0.00532309
0.0170842
0.0106153
0.0170605
0.0138636
0.0170335
0.0157272
0.0150627
0.014584
0.0172572
0.31872
0.0199992
0.0180138
0.00895945
0.0117595
0.0158712
0.0116807
0.0114231
0.0119677
0.0162516
0.0138941
0.0131696
0.0149803
0.0149846
0.0153258
0.0162979
0.0152478
0.015571
0.0159394
0.0161454
0.0169984
0.0174178
0.0168052
0.0159579
0.0160036
0.016096
0.0160786
0.0169643
0.0164871
0.0172311
0.133448
0.00816896
0.0179326
0.0137103
0.0170056
0.012329
0.0177821
0.0129344
0.0177532
0.0174855
0.017701
0.0161401
0.0150492
0.0154618
0.015353
0.0175244
0.0159737
0.0165932
0.0159676
0.0174565
0.0161078
0.0173904
0.0170176
0.0163016
0.0161708
0.0173576
0.0163037
0.0167926
0.0169583
0.0164727
0.0166933
0.0168984
0.0169838
0.0170397
0.0172106
0.017193
0.0170045
0.0165492
0.01716
0.0171137
0.0170571
0.0166047
0.993709
0.0164607
0.000834059
0.0183486
0.014334
0.0170262
0.0155886
0.0157896
0.0137246
0.0143345
0.0151393
0.0153208
0.016137
0.0153794
0.017266
1.6079
0.0120326
0.00567063
0.0122968
0.011222
0.0143432
0.0169252
0.0145729
0.0136395
0.0156935
0.0143948
0.0150155
0.0154458
0.0157079
0.203405
0.0676167
0.00569952
0.0170604
0.000227855
0.00548852
0.0179364
0.0116269
0.0131799
0.0177345
0.0157566
0.0139164
0.0159099
0.0176404
0.0166
0.01753
0.0174682
0.0154285
0.0163346
0.0160411
0.0173885
0.0158424
0.0163427
0.0173696
0.0162611
0.0160482
0.0171389
0.0163664
0.0161855
0.0164016
0.0162245
0.0169499
0.0171029
0.016694
0.0171193
0.0166719
0.0164942
0.0164639
0.0171539
0.0170359
0.0171582
0.0165154
0.0171071
0.0166461
0.217922
0.06514
0.00569952
0.0172146
0.000223951
0.00408068
0.0179254
0.0116446
0.013346
0.0177317
0.0157567
0.013965
0.0159103
0.0176369
0.0166143
0.0175275
0.0174666
0.0154429
0.0163434
0.0160429
0.0173864
0.0158477
0.0163441
0.0173674
0.016263
0.0160518
0.0171383
0.0163707
0.0161899
0.0164031
0.0162278
0.0169501
0.0171021
0.0166955
0.0171185
0.0166733
0.0164957
0.0164657
0.0171528
0.0170354
0.0171571
0.0165171
0.0171063
0.0166474
0.82227
0.00359375
0.017267
0.0110361
0.00669334
0.0159864
0.0137087
0.0177535
0.014278
0.0155931
0.0148295
0.0167434
0.015577
0.0156427
0.0170144
1.18139
0.104951
0.00348223
0.0138714
0.00180007
0.00682602
0.00173236
0.0126682
0.0177367
0.0081842
0.0140112
0.0104312
0.0112568
0.0168875
0.0128295
0.99062
0.0145467
0.00576696
0.0120353
0.000698244
0.00573598
0.00963275
0.0114007
0.0138813
0.0139272
0.0156402
0.0146111
0.0153128
0.0173143
0.0172552
0.645532
0.00312899
0.0128114
0.00252599
0.0145326
0.0117746
0.0139333
0.0151404
0.0137704
0.0144052
0.0153945
0.0173822
0.0170515
0.0175485
0.0171059
0.0151808
0.0174878
0.0159113
0.0156258
0.0159272
0.0163969
0.0172905
0.0164135
0.0166162
0.0162727
0.0164829
0.0170524
0.0169577
0.0164251
0.0165064
0.581414
0.178186
0.0120072
0.0118032
0.00746221
0.00619585
0.00526978
0.00776387
0.011854
0.0117881
0.0111782
0.0129433
0.0176992
0.0161329
0.0166646
0.0162778
0.0158252
0.0143403
0.0160953
0.0154331
0.0150129
0.0151968
0.0154921
0.0172604
0.0171093
0.0170354
0.0157172
0.016049
0.0158968
0.016689
0.189048
0.00638711
0.0179063
0.0137338
0.0168929
0.0123538
0.0177855
0.0129527
0.0177592
0.0174849
0.0177057
0.016127
0.0150577
0.0154695
0.0153561
0.0175265
0.0159773
0.016593
0.0159715
0.0174575
0.016111
0.0173909
0.0170186
0.0163037
0.0161747
0.0173575
0.016306
0.0167943
0.0169593
0.016474
0.0166955
0.0168996
0.0169845
0.0170401
0.01721
0.0171923
0.0170049
0.016551
0.0171591
0.0171131
0.0170569
0.016607
0.0118101
0.0179482
0.0150516
0.00835655
0.0148104
0.0173509
0.0155397
0.0157468
0.0153221
0.0179763
0.0155978
0.0172997
0.0178456
0.0159961
0.0159239
0.0157443
0.017693
0.0176472
0.0158547
0.0175757
0.0174606
0.0174402
0.0175057
0.016503
0.0173146
0.0163952
0.0161984
0.0174384
0.0163805
0.0171069
0.0173657
0.016932
0.0173465
0.0172958
0.016526
0.0169538
0.0168486
0.0167393
0.0164724
0.0164964
0.0165423
0.0171698
0.0165093
0.0171843
0.0172099
0.0165791
0.0166482
0.0166994
0.0171728
0.0166032
0.0167045
0.0168403
0.017133
0.0167801
0.0166491
0.0171245
0.0167189
0.0170589
0.0167254
0.219511
0.00840866
0.00973143
0.00305693
0.0137182
0.0101519
0.0166156
0.0134019
0.0145676
0.0145362
0.0171698
0.0159368
0.0164666
0.0175097
0.0155254
0.0157793
0.0160489
0.0169295
0.0159793
0.0168337
0.0161467
0.0166866
0.0172422
0.0165124
0.017253
0.0171745
0.0171227
0.0164868
0.0164691
0.0171789
0.0915933
0.0892185
0.0637741
0.0113425
0.0161009
0.0128054
0.0134464
0.018119
0.0149934
0.0143995
0.0142836
0.0177374
0.0152943
0.0154784
0.0159627
0.0176302
0.017713
0.0176128
0.0156381
0.0163461
0.0160262
0.0157668
0.0159777
0.0160755
0.0174982
0.016107
0.0161968
0.0161071
0.0174049
0.0162637
0.0162497
0.0163097
0.0173327
0.0163529
0.0163878
0.0172954
0.0165822
0.017264
0.0164727
0.0164943
0.0165401
0.0172553
0.0166284
0.0165206
0.0165317
0.0165597
0.0165656
0.0165811
0.0165849
0.0171669
0.0171471
0.0166894
0.0168378
0.0166804
0.0166342
0.0170902
0.0166493
0.0170401
0.0170506
0.0169816
0.0666256
0.310059
0.00586336
0.0164203
0.0130998
0.0182191
0.0138116
0.0181733
0.013783
0.0170352
0.0177433
0.017943
0.0155432
0.017854
0.0157291
0.0155389
0.0175529
0.0158999
0.017636
0.0175468
0.0163042
0.0173039
0.0160731
0.0171313
0.017403
0.0164499
0.0171052
0.0163716
0.0164068
0.0171937
0.016896
0.0163459
0.0172818
0.0164025
0.0165064
0.0169237
0.0172194
0.0172587
0.0165474
0.0165023
0.0165469
0.017233
0.0165258
0.0172023
0.0165962
0.0166029
0.0165878
0.0167234
0.0171589
0.0170088
0.0167837
0.0169975
0.0169489
0.0167692
0.0166634
0.0166694
0.0169993
0.0166749
0.016684
0.0171049
