0.805856
0.0218541
0.0073381
0.030754
0.005798
0.0134936
0.0116496
0.00811256
0.00209102
0.00982213
0.00996565
0.00937619
0.196099
0.0537715
0.0100081
0.0161815
0.00314878
0.000703808
0.0122562
0.00306909
0.0101034
0.0101016
0.00429747
0.00498822
0.0081772
0.00665666
0.00933919
0.00929881
0.00909446
0.00564116
0.00790727
0.00734273
0.00709993
0.00754647
0.00826275
0.00666499
0.00651644
0.00617245
0.00710904
0.00704742
0.00643441
0.00693493
0.0929786
0.117136
0.019763
0.0102378
0.0123501
0.0168049
0.0046981
0.0103114
0.0130602
0.0044415
0.0116262
0.00474845
0.00537714
0.00534783
0.0100114
0.0102258
0.00520207
0.00884114
0.00526392
0.00675871
0.00594653
0.00563068
0.00602061
0.00887283
0.00864657
0.00865987
0.00870165
0.00855209
0.00795972
0.00752736
0.00638874
0.00852399
0.00842471
0.00844934
0.00630316
0.00625979
0.0063731
0.00838004
0.00831631
0.00818399
0.00697067
0.00675243
0.008134
0.00808217
0.0068096
0.00653925
0.00724485
0.00656605
0.00803257
0.00677556
0.00682249
0.0067084
0.0078948
0.00782719
0.00787982
0.00678973
0.00678655
0.105008
0.0098209
0.00278841
0.000712107
0.0128681
0.0129594
0.0118426
0.00252815
0.00320682
0.010496
0.00988479
0.00456324
0.0091008
0.0053252
0.00927931
0.00783513
0.00911044
0.00860222
0.00628883
0.00710802
0.00725018
0.00602312
0.00649659
0.00848217
0.00621545
0.00618356
0.00819491
0.00753698
0.0305688
0.0178375
0.0197344
0.0063658
0.0110033
0.00139815
0.000389615
0.00817463
0.00564668
0.0045482
0.00427771
0.00466852
0.00970617
0.00592549
0.0093593
0.00666629
0.00918253
0.00866972
0.00891213
0.00567496
0.0058339
0.00852156
0.00611071
0.0060632
0.00627816
0.00796561
0.00818299
0.00674347
0.0649413
0.0993345
0.0422789
0.000249838
0.0134507
0.01342
0.00189107
0.0118565
0.00233564
0.0108134
0.00275325
0.00405477
0.00448115
0.00788593
0.00702017
0.00438689
0.00825898
0.00623519
0.00936973
0.00531952
0.00813602
0.00547679
0.00650106
0.00572382
0.00748326
0.00666907
0.00744938
0.00614905
0.00837285
0.142589
1.04177
0.0124808
0.000623551
0.000570769
0.00198717
0.00581431
0.0122078
0.00382149
0.0101876
0.0101167
0.00737028
0.00414523
0.00462235
0.00951274
0.00469657
0.00610087
0.0051971
0.00754887
0.0089661
0.0064846
0.00791496
0.00691009
0.0085992
0.00584753
0.00817819
0.00604179
0.00799044
0.00826982
0.0373309
0.317318
0.0159661
0.00646256
3.83436e-05
0.0108946
0.012282
0.0110614
0.00384734
0.0030974
0.00411498
0.0044248
0.00952187
0.00485397
0.00526868
0.00900535
0.00481476
0.00499996
0.0076646
0.00555021
0.00612278
0.00580661
0.00861474
0.00842629
0.00736237
0.00704863
0.006279
0.00774975
0.16874
0.0304613
0.0194683
0.0154734
0.0143029
0.00224656
0.00390317
0.00274769
0.0105524
0.00814912
0.00988476
0.00764207
0.00832941
0.0089977
0.00754587
0.0092476
0.00655289
0.00551886
0.00564145
0.00882909
0.0080413
0.00609402
0.00598739
0.00770396
0.00772034
0.0081014
0.00783742
0.00630591
0.31104
0.0176089
0.00431684
0.00604653
0.0133843
0.0129185
0.0121979
0.0022853
0.00314622
0.0101998
0.00853635
0.00896118
0.0046906
0.00457503
0.00929919
0.00493098
0.00610299
0.00912592
0.00897887
0.00556714
0.00659069
0.00657457
0.008608
0.00838013
0.00629125
0.00642573
0.006756
0.049619
0.00979234
0.00222155
0.000526576
0.0128421
0.0129134
0.0118156
0.00255587
0.0032177
0.0104788
0.00987324
0.00457155
0.0090925
0.00533781
0.0092703
0.00783428
0.00910271
0.00859639
0.00629509
0.00711017
0.00725137
0.006029
0.00650106
0.00847727
0.00621923
0.00618773
0.00819106
0.00753599
0.0966878
0.0170206
0.00709667
0.00167002
0.000608423
0.00652053
0.007458
0.00422963
0.0039805
0.00430514
0.00462694
0.0317747
2.67512
0.00995989
0.0158426
0.00359217
0.000765081
0.0121892
0.00308467
0.0100763
0.01007
0.00433911
0.00499651
0.00817657
0.00667761
0.00931742
0.0092789
0.00907594
0.00564992
0.00790315
0.00734575
0.0071044
0.0075455
0.00825361
0.00667234
0.00652468
0.00618076
0.00711154
0.0070505
0.00644137
0.00693879
0.241749
0.180994
0.00347098
0.0193272
0.00332202
0.0104165
0.00650223
0.0106064
0.0103506
0.0106414
0.00510807
0.00578362
0.00511499
0.00911581
0.00661062
0.00706126
0.00528738
0.00895959
0.00620835
0.00567228
0.00891294
0.00844655
0.00835479
0.00590302
0.00606892
0.00854347
0.0062574
0.00773137
0.00616751
0.00770019
0.00775574
0.00792187
0.00761362
0.00711984
0.00814267
0.00646848
0.00808836
0.00732083
0.00802907
0.00797528
0.00662556
0.103847
0.0173805
0.000504437
0.00105572
0.0127759
0.000725162
0.0120587
0.0117646
0.0115187
0.00743312
0.0105171
0.0044935
0.00416313
0.00427977
0.00967761
0.00937002
0.00922579
0.00925802
0.00523891
0.00731789
0.00893745
0.00786097
0.00829944
0.00806841
0.00650851
0.00830964
0.00849706
0.00792011
0.00808861
0.00984698
0.0303994
0.00203325
0.00395684
0.010012
0.00302926
0.011465
0.00394904
0.00365682
0.00900633
0.0109345
0.00856746
0.0103228
0.00925958
0.00981424
0.00875845
0.00576062
0.00721509
0.00926605
0.00807999
0.0058963
0.00582423
0.00864808
0.00763343
0.00852763
0.00776818
0.00671038
0.0062873
0.00623668
0.00830231
0.00643907
0.0075994
0.00651903
0.00761832
0.00649878
0.00648778
0.00652661
0.00653903
0.00805216
0.0072691
0.00737189
0.0566172
0.0132419
0.0140616
0.0100154
0.00241902
0.000117234
0.0101231
0.00998501
0.00932618
0.00671052
0.00936591
0.00585285
0.00532317
0.00629492
0.00582042
0.0176549
0.0123035
0.0150616
0.00164045
0.0121821
0.0116119
0.00341127
0.00334675
0.0109637
0.00966096
0.0101601
0.00419277
0.00788023
0.0058806
0.00531624
0.00623254
0.00915043
0.0081016
0.0088117
0.00872394
0.00727705
0.00740602
0.00788968
0.00695692
0.00845721
0.00697084
0.00784433
0.00641647
0.000379905
0.00141952
0.0174492
0.00329126
0.00513741
0.00201704
0.01019
0.00327004
0.0105408
0.0114133
0.00424997
0.0105842
0.00518461
0.00981804
0.00848106
0.00516902
0.00958451
0.0090696
0.00929736
0.00549348
0.00587187
0.0079606
0.00746194
0.00867554
0.0059069
0.00871294
0.00802366
0.0082784
0.0061302
0.00626473
0.00637499
0.00835485
0.00825683
0.00651709
0.00636585
0.00746364
0.00816477
0.00662798
0.00677597
0.00671081
0.00766611
0.0076299
0.0066658
0.00665569
0.0783071
0.0106404
0.0139891
0.00251396
0.0114173
0.0110324
0.00384452
0.0060855
0.00404358
0.00934118
0.00788865
0.00912444
0.00550752
0.00628709
0.00719925
0.271213
0.0144188
0.00471197
0.00830567
0.00805652
0.000949128
0.00900989
0.010413
0.00335875
0.00951207
0.00839097
0.00938554
0.0055562
0.00539975
0.00810441
0.00862993
0.00902539
0.0303481
0.0126072
0.012052
0.00286982
0.0071669
0.0128466
0.00549958
0.0121409
0.00329447
0.00341919
0.0049632
0.0102114
0.00912788
0.00503148
0.0095068
0.00979455
0.00705158
0.00617771
0.00933401
0.00910099
0.0057134
0.0090566
0.005608
0.00875813
0.00593193
0.00584236
0.00771117
0.00717828
0.00642338
0.00844026
0.00843637
0.00843129
0.00741325
0.00674437
0.00761295
0.00792901
0.00644816
0.00698441
0.00763494
0.00698162
0.00801272
2.41655
0.00902539
0.0287055
0.0124613
0.011931
0.00286989
0.00742864
0.0127398
0.00565932
0.0120766
0.00333841
0.00343902
0.00501561
0.0101822
0.0091216
0.00505401
0.00948928
0.00977326
0.00706469
0.00619321
0.00931877
0.00908972
0.00571733
0.00904458
0.00561475
0.0087506
0.00593571
0.00584883
0.00770999
0.00718069
0.00642849
0.00843419
0.00843124
0.00842571
0.00741299
0.00674752
0.00761145
0.00792589
0.00645138
0.00698612
0.00763331
0.0069832
0.00800973
0.162043
0.0149048
0.0032341
0.0122771
0.00785885
0.0107603
0.0103053
0.00670122
0.00432482
0.00928428
0.00912071
0.00529013
0.00689383
0.00853375
0.00806155
0.052956
0.0473628
0.0385643
0.00546389
0.00123373
0.00654967
0.0124599
0.00111827
0.0107687
0.00233323
0.00611139
0.00449854
0.00422139
0.00391336
0.00511948
0.140919
0.0108
0.0137001
0.00122528
0.00131596
0.0107344
0.00997778
0.00332229
0.00483386
0.0087928
0.00838726
0.00865449
0.00770004
0.0279534
0.0155191
0.0150497
0.0116
0.0112305
0.00298931
0.0036913
0.00292059
0.00318749
0.0101323
0.0100385
0.00948608
0.00665405
0.00953059
0.00540658
0.00570548
0.00668195
0.00858144
0.0084224
0.00608946
0.00613097
0.00618889
0.00816453
0.00778247
0.00782078
0.00693428
0.149899
0.0152557
0.00104422
0.0150625
0.00444338
0.0125657
0.00022162
0.0105522
0.0115152
0.0106327
0.0080885
0.00405839
0.00827895
0.00466617
0.00409685
0.00453785
0.00483441
0.00516891
0.00523583
0.00524294
0.00540024
0.00874112
0.00827364
0.00702459
0.00847024
0.00808575
0.00861176
0.00596306
0.0222647
0.00135541
0.0176888
0.00330581
0.00477244
0.00201387
0.0102224
0.00323826
0.010523
0.0114485
0.0042585
0.0106031
0.00518939
0.00982596
0.00847742
0.00517123
0.00959297
0.00907436
0.00930144
0.00549729
0.0058751
0.00795964
0.00746112
0.00867617
0.00591084
0.0087126
0.0080229
0.00827741
0.00613282
0.00626744
0.00637889
0.00835314
0.00825502
0.00652086
0.00636917
0.00746386
0.00816222
0.00663163
0.00677921
0.00671429
0.00766506
0.00762886
0.00666938
0.00665922
0.000368774
0.036078
0.0355538
0.0145115
0.00637584
0.00370446
0.0104248
0.013782
0.0120473
0.0034512
0.0114511
0.00418035
0.00435757
0.0044667
0.00661227
0.00850061
0.00960611
0.00928158
0.00600211
0.00758968
0.00544818
0.00947996
0.00545263
0.0056267
0.00824308
0.00581964
0.00893031
0.00789562
0.00596403
0.00851453
0.00849239
0.00605411
0.00622015
0.00690426
0.00812091
0.00827498
0.0065842
0.00625437
0.00834621
0.00798059
0.00637119
0.00706796
0.00746984
0.0067926
0.00820805
0.00813355
0.00646323
0.00801708
0.00683581
0.00801843
0.00797543
0.00770741
0.00796485
0.00793056
0.00783819
0.00678533
0.0074977
0.0275016
0.0210153
0.0144845
0.0135198
0.0045914
0.00325864
0.010888
0.0107935
0.0103986
0.00999857
0.00498514
0.00896942
0.00515679
0.00900843
0.0080117
0.00561256
0.00636622
0.00605092
0.00860298
0.00859288
0.00771425
0.00630518
0.00716993
0.00645464
0.00724167
0.00648667
0.0064215
0.00709023
0.00528468
0.0571096
0.0401832
0.00160391
0.0040622
0.0157938
0.00297867
0.00344218
0.0124174
0.0114649
0.00998799
0.00446665
0.00556204
0.00916207
0.00479408
0.010182
0.0100579
0.00528736
0.00925519
0.0068004
0.00953187
0.00540606
0.00562402
0.00554936
0.00899264
0.00865736
0.00601226
0.00834782
0.00591255
0.00758276
0.00864831
0.00646366
0.00810427
0.00616547
0.00853818
0.00638044
0.00623333
0.00747088
0.00633032
0.00827399
0.00808304
0.00685477
0.00758409
0.00651936
0.00656695
0.00809192
0.00650218
0.0066985
0.0068688
0.00657209
0.00792981
0.00796896
0.00693516
0.00794297
0.00749663
0.00675169
0.00697438
0.00792304
0.0903981
0.0411972
0.00218707
0.0198444
0.0029331
0.00297723
0.0111931
0.00316824
0.0117502
0.00401975
0.0132069
0.0102731
0.00947782
0.00531367
0.00994782
0.010174
0.00518956
0.00976404
0.00525815
0.00931506
0.00558671
0.00550745
0.00562983
0.00578267
0.00923752
0.00592998
0.00592843
0.0088308
0.00758194
0.00711654
0.00606925
0.0061552
0.00785997
0.00810496
0.00846219
0.00682096
0.00628576
0.00632849
0.00639737
0.00827494
0.00639732
0.00655871
0.0064391
0.00691183
0.0071568
0.00658842
0.00728667
0.00800757
0.00798306
0.00670662
0.00662479
0.00664102
0.00797867
0.00793276
0.00676353
0.00670461
0.00791331
0.00690564
