0.101942
0.0164051
0.0287104
0.0294638
0.019615
0.00450354
0.00518127
0.00424683
0.00379903
0.00407496
0.00542682
0.00441973
0.00413693
0.0181378
0.010539
0.00424697
0.00364965
0.00395136
0.00335288
0.00335091
0.00335917
0.00374097
0.00340834
0.00369291
0.00337452
0.00356361
0.00359052
0.00357092
0.00344668
0.00341488
0.00343171
0.00347985
0.00348208
0.0034396
0.00341741
0.00337173
0.00344622
0.00337422
0.00341774
0.00343221
0.00342627
0.00337566
0.00341979
0.15503
0.0439628
0.054857
8.61494e-05
0.00335414
0.00300338
0.00320915
0.0027999
0.000951714
0.00185534
0.00263426
0.00308949
0.00216061
0.00326731
0.00295658
0.00278823
0.00323831
0.00296647
0.00300917
0.00330635
0.00338278
0.00301299
0.0032925
0.00300146
0.00304628
0.00297091
0.00336593
0.00320361
0.00313177
0.00311618
0.00314636
0.00313408
0.00313084
0.00334845
0.00333767
0.00334126
0.00324972
0.00318017
0.003252
0.00334745
0.0032283
0.00336423
0.0032328
0.00329712
0.00325429
0.00333559
0.0032425
0.00324256
0.00325974
0.00325367
0.00331578
0.00333451
0.00327612
0.00326823
0.00330893
0.00327932
0.00333169
0.0152619
0.0175771
0.0153826
0.00439325
0.00492281
0.0059031
0.00369242
0.00489896
0.00448414
0.00361457
0.00343512
0.00361682
0.00349443
0.00342936
0.00372443
0.0036764
0.0035233
0.00355091
0.00358221
0.00356549
0.0034885
0.00344296
0.00343062
0.00346001
0.00340202
0.00339414
0.0033678
0.00346767
0.0134578
0.0164783
0.00993578
0.00393296
0.00345909
0.00389436
0.00362988
0.00398499
0.00366323
0.00341677
0.00397337
0.00387805
0.00365528
0.00346667
0.00369481
0.00360784
0.00352717
0.00343143
0.00348299
0.00351301
0.00351701
0.00336406
0.00348907
0.0035009
0.00343722
0.00338842
0.00338246
0.00340733
0.00344511
0.0443588
0.0301634
0.0122708
0.00506714
0.00478319
0.00408539
0.00475026
0.00605468
0.00539541
0.00362128
0.0039547
0.00374515
0.00429318
0.00435722
0.00337015
0.00362012
0.00402695
0.00342224
0.0036276
0.00352846
0.00383327
0.00343695
0.00342717
0.00342606
0.00342522
0.00341634
0.00363268
0.0255157
0.0681271
0.0152239
0.0175026
0.00402249
0.00554872
0.00572807
0.00406296
0.00416979
0.00359511
0.00463189
0.0036662
0.00361527
0.00424529
0.00399277
0.00404146
0.0037256
0.00343533
0.00375959
0.00346861
0.0036052
0.00368614
0.00369738
0.00345694
0.00360834
0.00350288
0.0035797
0.00347927
0.00345767
0.0230238
0.0385705
0.0216297
0.00471865
0.00721165
0.00423032
0.00336443
0.00362859
0.00391952
0.00348169
0.00432675
0.00377088
0.00378973
0.00350007
0.00398422
0.00356882
0.00387321
0.00364163
0.00366218
0.00372034
0.00347904
0.00344545
0.00343826
0.00359408
0.00343011
0.00360342
0.00344583
0.00355814
0.00355371
0.0341351
0.00973412
0.0192648
0.0126912
0.00739919
0.00463152
0.00428479
0.00360678
0.00345377
0.00397749
0.00356284
0.00406485
0.00384717
0.00394349
0.00369513
0.00367289
0.00371205
0.00370337
0.00366415
0.00357121
0.00349204
0.00358763
0.00357853
0.00354806
0.00344416
0.00352393
0.00350864
0.00344621
0.00347235
0.00348871
0.00494175
0.0052523
0.0182518
0.00868908
0.00946839
0.00387313
0.00340133
0.00449507
0.00524871
0.00364262
0.00358898
0.00399196
0.00350283
0.00409702
0.00363036
0.00389393
0.00348541
0.00347598
0.00348396
0.00365344
0.00354567
0.00367188
0.00359879
0.00343122
0.00359227
0.00358818
0.00358128
0.00346657
0.00346701
0.00348054
0.0112992
0.0164315
0.0153655
0.00438889
0.0049169
0.00586347
0.00369149
0.00487639
0.0044662
0.00361399
0.00343501
0.0036136
0.00349288
0.0034292
0.00372157
0.00367397
0.00352195
0.00354987
0.00358051
0.00356392
0.00348753
0.00344258
0.0034303
0.00345947
0.00340187
0.00339403
0.00336779
0.00346692
0.0470188
0.0117437
0.0315623
0.00744693
0.00829973
0.00870481
0.00392111
0.00639679
0.00543445
0.00474245
0.00392937
0.00453264
0.00484223
0.0241301
0.0128147
0.00348567
0.00529631
0.00357725
0.00358922
0.0038682
0.00339867
0.0038278
0.00355017
0.00363898
0.00360348
0.00335317
0.0034254
0.00354188
0.00340361
0.00349231
0.00339696
0.00347268
0.00345344
0.00345407
0.00340783
0.00344056
0.00340828
0.00341281
0.0034209
0.00336313
0.00339989
0.00341735
0.0160649
0.00712216
0.00802701
0.00270764
0.00323751
0.00304551
0.00232947
0.00309162
0.00239211
0.00310555
0.0030693
0.00313999
0.00327008
0.00338801
0.00321654
0.00322164
0.00331889
0.00330276
0.00333908
0.00337546
0.00324157
0.00328617
0.00337984
0.00325175
0.00326169
0.00330701
0.00330205
0.00330277
0.00328508
0.00329061
0.00329503
0.00335093
0.0033039
0.00330394
0.00333402
0.00333032
0.00330999
0.00332021
0.00335346
0.00332248
0.00334383
0.00333484
0.0241774
0.0354817
0.0202036
0.0128049
0.00433849
0.00375375
0.00511159
0.00521291
0.00367694
0.00418521
0.00355173
0.00393721
0.00406928
0.00368206
0.00348726
0.00358359
0.00367749
0.00344075
0.00369652
0.00350543
0.00340116
0.00341385
0.00338727
0.00362134
0.00340632
0.00346383
0.00339388
0.00356198
0.0024944
0.0444887
0.00443636
0.00161509
0.00197622
0.00300515
0.00320789
0.0026037
0.00288892
0.00289256
0.00335785
0.0030878
0.00327412
0.00282463
0.00297354
0.00301846
0.0033722
0.00317751
0.00315646
0.00333156
0.00337309
0.0032788
0.00326049
0.00335307
0.00324524
0.00324611
0.00329155
0.00335127
0.00325686
0.00335374
0.00331522
0.0033485
0.00331537
0.00329348
0.00329853
0.00331298
0.00331865
0.00332778
0.00330927
0.00337729
0.00331641
0.00336057
0.00336029
0.00334819
0.0414445
0.0449499
0.0152817
0.00627273
0.00347847
0.00667564
0.00485006
0.00534256
0.00472099
0.00342082
0.00394963
0.0041493
0.00422891
0.00385179
0.00396789
0.0648871
0.0161767
0.0141325
0.0101241
0.00488862
0.00613026
0.00461788
0.00349642
0.00399962
0.00346147
0.00358803
0.00365037
0.00389557
0.00402056
0.00356119
0.00361697
0.00335866
0.0035884
0.00368612
0.00366031
0.00363338
0.00359337
0.00360509
0.00349519
0.00342479
0.00340323
0.00340696
0.00342434
0.00343259
0.0134348
0.00166631
0.00324129
0.00138271
0.00318114
0.00324512
0.00209956
0.00301628
0.00316245
0.00335002
0.00318359
0.0032959
0.00332389
0.00320976
0.00312988
0.0032885
0.00331244
0.00320244
0.00319265
0.00322742
0.00324302
0.00331036
0.00329481
0.00329114
0.00329886
0.0033648
0.0033813
0.00329056
0.00330674
0.00336346
0.00332573
0.00333953
0.00334428
0.00330712
0.00332939
0.00331436
0.00331912
0.00332256
0.00337509
0.00332252
0.00334629
0.00332986
0.00335541
0.21892
0.00528807
0.0079077
0.00674205
0.00568218
0.00430034
0.00338648
0.00397542
0.00431889
0.00409604
0.003969
0.00389343
0.00360455
0.157434
0.0277732
0.00886606
0.00392318
0.00491719
0.00382781
0.00357211
0.00454473
0.00346195
0.00398496
0.00339721
0.00353837
0.00339164
0.00281856
0.00162517
0.00277638
0.00305152
0.00328886
0.00283152
0.00330337
0.00320687
0.00340173
0.00337598
0.00326471
0.0033335
0.00323831
0.00333456
0.00331355
0.0033883
0.00338169
0.0033119
0.0033884
0.00332525
0.00333126
0.00332522
0.00333935
0.00338719
0.00338627
0.00333563
0.00334385
0.00337588
0.00334291
0.00338383
0.00337504
0.00334878
0.00334992
0.00334791
0.00335277
0.00335029
0.00336098
0.00336783
0.00335557
0.00335239
0.00335329
0.00338006
0.00336475
0.0033779
0.00336788
0.00293454
0.00191954
0.00285411
0.00305126
0.003292
0.00284395
0.00330517
0.00321315
0.00340171
0.0033757
0.00326498
0.00333394
0.00324093
0.00333497
0.00331443
0.00338817
0.00338151
0.00331259
0.00338831
0.00332568
0.00333151
0.00332561
0.00333958
0.00338712
0.00338622
0.00333588
0.00334402
0.00337583
0.00334308
0.00338378
0.003375
0.00334891
0.00335003
0.00334803
0.00335287
0.0033504
0.00336102
0.00336783
0.00335564
0.00335249
0.00335338
0.00338003
0.00336477
0.00337787
0.00336789
0.00487692
0.00998477
0.010364
0.00533553
0.00374339
0.00402398
0.00457614
0.00436105
0.00350489
0.00346799
0.00337553
0.00365628
0.0037922
0.00360664
0.167326
0.0222039
0.00904479
0.0312446
0.011269
0.00500134
0.00657511
0.00603555
0.00630421
0.00516262
0.00544048
0.00554949
0.00500559
0.0429442
0.0109509
0.00662032
0.00978376
0.00724519
0.00357056
0.00531657
0.00374393
0.00372188
0.00395998
0.00346401
0.00435109
0.00385684
0.00392479
0.00348367
0.0394728
0.00485256
0.00702717
0.00491786
0.00355262
0.00489232
0.00357215
0.00335943
0.00375906
0.00350438
0.00342754
0.00373354
0.00361619
0.00343002
0.00337352
0.00352677
0.00341697
0.0033567
0.00345905
0.00351229
0.00347408
0.00343613
0.00343378
0.00345993
0.00339998
0.00345156
0.00345675
0.00345105
0.00341056
0.0109052
0.109103
0.00604893
0.0110441
0.0078473
0.0040795
0.00641745
0.00694669
0.00565905
0.00377368
0.00419089
0.00474195
0.00353777
0.0034818
0.00355578
0.00388835
0.00410835
0.00373951
0.00384266
0.00341646
0.00372523
0.00355908
0.00371002
0.00374498
0.00340636
0.00358971
0.00363586
0.00366902
0.00340015
0.0230634
0.00163791
0.0032378
0.00135253
0.00316811
0.00324224
0.0020573
0.00301074
0.00315402
0.00334912
0.00317685
0.00329386
0.00332263
0.00320671
0.00312282
0.00328649
0.00331095
0.00319828
0.00318852
0.00322421
0.00324016
0.00330881
0.00329303
0.0032893
0.00329751
0.00336433
0.00338119
0.00328879
0.00330531
0.003363
0.00332462
0.00333914
0.00334352
0.00330592
0.00332844
0.00331339
0.00331807
0.00332159
0.00337494
0.00332171
0.00334603
0.00332908
0.00335494
0.00347127
0.00298461
0.172549
0.00732529
0.00382425
0.00318422
0.00110854
0.000344793
0.00232241
0.00133707
0.0026227
0.00172348
0.0018037
0.00223715
0.00234947
0.00257424
0.0025489
0.00275591
0.00305989
0.00272454
0.00331094
0.00331123
0.00311734
0.00306694
0.0032991
0.00332338
0.00311896
0.00308966
0.00336304
0.0031766
0.00316245
0.00318575
0.00335998
0.00334106
0.003338
0.00317296
0.00322792
0.00323831
0.00331559
0.00332565
0.00333433
0.00334532
0.00333047
0.00328153
0.00334926
0.00329731
0.00329408
0.00327504
0.00327425
0.00327434
0.00327706
0.00332432
0.00328241
0.00330733
0.00333855
0.00328988
0.00329556
0.00923087
0.0036325
0.00350761
0.00345823
0.00341436
0.00353548
0.0035688
0.00356848
0.00336397
0.00340745
0.00341538
0.00337121
0.00345092
0.00343293
0.00339547
0.00342541
0.00338557
0.0033902
0.00337908
0.00339181
0.0033902
0.00338799
0.00338262
0.00336496
0.00336004
0.00339021
0.00338207
0.00338302
0.0199823
0.0742105
0.0332456
2.80422e-05
0.00174169
0.00068269
0.00271324
0.00270061
0.00100484
0.00185604
0.00144694
0.00281871
0.00329905
0.00328609
0.0031396
0.00262086
0.0033706
0.00309635
0.0031326
0.00332237
0.00336054
0.00311055
0.00290078
0.00311814
0.00315164
0.00306501
0.00307784
0.00338239
0.00337786
0.00334611
0.0032653
0.00321534
0.00323798
0.00315946
0.00336097
0.0032068
0.00332456
0.00330155
0.00330511
0.0032504
0.00335757
0.00325774
0.00334098
0.00332954
0.00332973
0.00329611
0.0033393
0.00328057
0.00331924
0.00329038
0.0033321
0.00330356
0.00337207
0.00335933
0.0883367
7.76286e-05
0.000469886
0.014436
0.000937239
0.000632776
0.00113521
0.00304046
0.0030429
0.00324997
0.00138142
0.00156581
0.00165455
0.00302001
0.00220996
0.00299839
0.00334101
0.00258498
0.00318297
0.00299718
0.00324301
0.00298461
0.00325534
0.00307217
0.00317864
0.00318839
0.00304016
0.00299398
0.00333388
0.00311287
0.00306826
0.00319811
0.00324019
0.00315252
0.00328451
0.00323236
0.0032869
0.0033548
0.00322405
0.00318397
0.00336789
0.00321883
0.00324154
0.00337158
0.00334739
0.00325913
0.00328223
0.0032889
0.00328057
0.00326652
0.00335669
0.00325394
0.00326264
0.00335473
0.00328811
0.00329156
0.00328655
0.00337567
0.003328
0.00335258
