0.0994447
0.0651863
0.0252173
3.58158e-05
0.00584842
0.0122542
0.00905998
0.00308102
0.00267764
0.00679418
0.00560371
0.376672
0.0363758
0.0163248
0.013754
0.00300094
0.00500192
0.00218485
0.00805843
0.00757875
0.00771299
0.00656431
2.67671e-05
0.000422934
0.00279743
0.00209762
0.00116516
0.00538984
0.00126972
0.0028502
0.00146033
0.00180407
0.00230977
0.00468616
0.00472622
0.00205572
0.00450767
0.00308706
0.00333385
0.00232761
0.00924997
0.000534313
0.0140575
0.0111999
0.00164471
0.0136106
0.000887979
0.00876027
0.000851847
0.00053502
0.00346133
0.00168403
0.00590119
0.000516849
0.00403056
0.00131746
0.000726898
0.00125265
0.00125581
0.00522873
0.00551104
0.00213467
0.0051673
0.00516788
0.00504042
0.00173764
0.0017745
0.00194016
0.00177714
0.00184054
0.00289795
0.00471165
0.00229045
0.00451767
0.00290435
0.00464265
0.00224275
0.00345935
0.0044913
0.00288214
0.00396496
0.00234855
0.00395115
0.00248539
0.00340526
0.00370098
0.00372905
0.00414022
0.00366613
0.00290773
0.00282139
0.00297176
0.00275761
0.00377665
0.019147
0.0135093
0.0249408
0.00497811
0.0107828
0.00890076
0.000666399
0.00787632
0.0074173
0.00245478
0.00489112
0.00544024
0.00616485
0.00606868
0.00555624
0.00273254
0.0056232
0.00100121
0.00532958
0.00131454
0.00460308
0.0016724
0.00415812
0.00198589
0.00209148
0.00461566
0.00337914
0.00426088
0.00217701
0.072458
0.0307911
0.0247195
0.00749575
0.00750567
0.00836372
0.00214587
0.00751956
0.00737576
0.00662779
0.000754786
0.00091809
0.000536251
0.000681073
0.00553934
0.00129121
0.00114041
0.00128021
0.00507884
0.00475999
0.00171677
0.00279585
0.00212186
0.00457478
0.00201136
0.00312152
0.00395883
0.00226941
0.00274478
0.0950498
0.0135106
0.0238418
0.0162976
0.00167982
0.00905519
0.00515832
0.00364476
0.00407915
0.00705082
0.00686703
0.00686802
0.000823233
0.00620232
0.00381064
0.00600767
0.000318401
0.00428031
0.00416638
0.00541043
0.00129567
0.00127302
0.00157077
0.00148339
0.00155479
0.0043596
0.00335708
0.115796
0.0716998
0.0106106
0.0123976
0.00586935
0.0108058
0.00765115
0.00346066
0.0083125
0.00701352
0.000945889
2.25293e-05
0.00121177
0.00615298
0.000608871
0.000416889
0.000464832
0.000704392
0.00529996
0.00128131
0.00124518
0.00158508
0.00498191
0.0020243
0.00170532
0.00359573
0.00463225
0.00372874
0.144522
0.0433268
0.0356977
0.0119054
0.011443
0.00477263
0.00744096
0.00754244
0.00399014
0.00373746
0.000254141
0.00688375
0.000536173
0.0062127
0.0052382
0.00571287
0.00460325
0.00245401
0.00491453
0.00116492
0.00522346
0.0045987
0.00140304
0.00235531
0.00436099
0.0018383
0.00385922
0.0045656
0.00452696
0.0569659
0.0386062
0.0177853
0.013802
0.00996097
0.000344073
0.00341843
0.0069419
0.0026266
0.0065784
0.00234553
0.000455158
0.00621643
0.00488862
0.000473955
0.00208813
0.00565612
0.00435698
0.00231621
0.00503577
0.00410054
0.0024795
0.00289922
0.00192539
0.0022063
0.00250334
0.00207404
0.00264533
0.00430484
0.0601786
0.0149289
0.0133535
0.0109355
0.0103259
0.0106864
0.00361601
0.00847766
0.00795809
0.00259619
0.00406883
0.000803413
0.00657853
0.00345571
0.00226472
0.00182228
0.000835358
0.00114348
0.00515701
0.0049369
0.00378329
0.00474739
0.00146297
0.00398209
0.00172868
0.00361699
0.0044579
0.00267795
0.00453068
0.00238255
0.0488451
0.0170595
0.0248733
0.00545604
0.0108134
0.00891662
0.000662128
0.0078539
0.00739389
0.00242182
0.00488894
0.00543229
0.00615273
0.00605695
0.00554823
0.00273915
0.00561348
0.0010103
0.0053211
0.00132182
0.00459738
0.00167975
0.00415451
0.00199211
0.00209751
0.00461068
0.00337929
0.0042567
0.00218178
0.0396958
0.00157145
0.0135457
0.00720898
0.00883069
0.00615983
0.00146715
0.0024962
0.00712161
0.00466496
0.000973889
0.000489658
0.00555276
0.000470553
0.173784
0.0361777
0.0156981
0.0133734
0.00299199
0.00472933
0.00212077
0.00797671
0.00751169
0.00764315
0.0065232
2.24235e-06
0.000436896
0.0028198
0.00212484
0.00119006
0.00537126
0.0012818
0.00286026
0.00147251
0.00181968
0.00232196
0.00467591
0.00471442
0.00206564
0.00449859
0.00309033
0.00333444
0.00233558
0.0216359
0.0134255
0.0353528
0.0104128
0.00594035
0.0104203
0.00723347
0.000989736
0.00632501
0.00104371
0.000339303
0.0021158
0.000305204
0.0060857
0.000579156
0.00132976
0.000577905
0.00533958
0.0029816
0.00114919
0.00303022
0.00542933
0.00539167
0.00237557
0.00338058
0.00313728
0.00240807
0.00465732
0.00424383
0.00475468
0.00466146
0.00198076
0.00414126
0.00302233
0.00234074
0.00440399
0.00425541
0.00437094
0.00367726
0.004212
0.0042227
0.00417138
0.00414502
0.00386461
0.128369
0.0733454
0.0108208
0.0126722
0.00599111
0.0107518
0.00762157
0.00353609
0.00829567
0.00701449
0.00099232
5.14359e-05
0.00118876
0.00616234
0.000582495
0.000377061
0.000427878
0.000668744
0.00532187
0.00125758
0.00121093
0.00156298
0.00500395
0.00199637
0.00167657
0.0035989
0.0046536
0.00373584
0.00680516
0.00638214
0.0074668
0.0249743
0.0135455
0.0145929
0.00714577
0.00126549
0.00834871
0.00662706
0.00744549
0.00508418
0.00581072
0.000483802
0.00583902
0.00123649
0.000995057
0.00130808
0.00133777
0.0035021
0.00536921
0.00151125
0.00510969
0.00278622
0.00479368
0.00201076
0.00323778
0.00264805
0.00201702
0.00212353
0.00206834
0.00441168
0.00260656
0.00269665
0.00434103
0.00355132
0.00321618
0.0027054
0.00279701
0.0041957
0.0030689
0.00410271
0.00409858
0.0498955
0.0729095
0.0113193
0.0109512
0.00525887
0.00196847
0.000926789
0.00378787
0.000162958
0.00598589
0.00119874
0.00265595
0.00269039
0.234194
0.0478736
0.0183723
0.0177667
0.00785295
0.00324402
0.00682829
0.00305507
0.00815485
0.00659416
0.00428197
0.000418468
1.16091e-06
0.000164079
0.00584643
0.0027354
0.00274411
0.00127697
0.00545221
0.00413413
0.00152095
0.00178169
0.00187681
0.0017725
0.00276953
0.00207078
0.00268218
0.0205493
0.0223894
0.0252286
0.01842
0.0222657
0.0130131
0.00294902
0.000146812
0.00073505
0.00115257
0.00643582
8.64525e-05
0.000351782
0.00660221
0.00576697
0.000619574
0.00571369
0.000930025
0.00125183
0.00129235
0.00264982
0.00437221
0.00151069
0.00224069
0.00487979
0.00228009
0.0041994
0.0047333
0.00436938
0.00258808
0.00322492
0.00252195
0.00244976
0.002931
0.00420039
0.00435755
0.00426287
0.00245041
0.00423125
0.00244099
0.00272256
0.00292982
0.00326795
0.00260214
0.0126865
0.0125574
0.00899932
0.000723729
0.00783302
0.00486901
0.00612472
0.00210454
0.00231466
0.00495405
0.00294528
0.00155091
0.00454566
0.0855912
0.0119371
0.0194892
0.011563
0.00971038
0.00613835
0.00140349
0.00243736
0.00435411
0.00638766
0.00321989
0.00558838
0.00516466
0.00373423
0.0416099
0.00753213
0.012629
0.000770802
0.0107682
0.00169732
0.00687283
0.00716737
0.00692369
0.00558776
0.00786225
0.00760575
0.00365375
0.000242583
0.0061779
0.00628822
0.00620027
0.00243512
0.00562786
0.00369004
0.0056292
0.0054171
0.00507801
0.00154675
0.00498985
0.00315509
0.00339123
0.0017592
0.00250299
0.00196734
0.00348371
0.00218383
0.00212332
0.00426986
0.003925
0.00442636
0.00322539
0.00277334
0.00335523
0.00392969
0.0038866
0.00388183
0.0040465
0.0231427
0.00753213
0.012629
0.00256475
0.010462
0.00275517
0.00682484
0.00711229
0.00687761
0.00560968
0.00780294
0.0075544
0.00370063
0.000216499
0.00615369
0.00626277
0.00617606
0.00245569
0.00561259
0.0036956
0.00561325
0.00540254
0.005069
0.00155289
0.00498152
0.00315815
0.00339252
0.00176526
0.00250882
0.00197153
0.00348391
0.00218892
0.00212778
0.00426503
0.00392203
0.0044213
0.00322628
0.00277628
0.0033553
0.00392678
0.00388392
0.00387918
0.00404315
0.132986
0.0026906
0.0104117
0.00158626
0.00716028
0.00514861
0.00494081
0.00161819
0.00517056
0.000670699
0.00408087
0.00156177
0.00444453
0.00341206
0.48595
0.0170585
0.00936531
0.0372191
0.0104848
0.0104758
0.00843549
0.00450413
0.0025986
0.00630037
0.0064312
0.00577824
0.295971
0.0205403
0.0110807
0.00506374
0.00554594
0.0027202
0.000472619
0.00167281
0.00304674
0.00541152
0.0052227
0.0042032
0.0449142
0.123983
0.00451071
0.0126024
0.00867268
0.00526751
0.000885193
0.00176283
0.00728949
0.00675251
0.00150316
0.00566124
0.00314346
0.00111973
0.00495212
0.00093238
0.00119406
0.00143675
0.00157127
0.00395589
0.00161191
0.002493
0.00432109
0.00198529
0.00221543
0.00439616
0.00432587
0.00423325
0.0803723
0.108013
0.0539426
0.00484004
0.0105265
0.0104874
0.00731616
0.00865056
0.0024217
0.00742838
0.00193838
0.000429667
6.57114e-05
0.00402513
0.00301806
4.38606e-05
0.00445772
0.00210518
0.00574591
0.0010402
0.00431316
0.00122054
0.0024131
0.00150749
0.003554
0.00260779
0.00351415
0.0020028
0.00458463
0.0294252
0.0169858
0.0399844
0.00211838
0.0075948
0.0137248
0.00371037
0.000988124
0.000444837
0.00324831
0.000363143
0.000544524
0.00646417
0.00665992
0.00546763
0.00565198
0.00583405
0.0059053
0.000905305
0.000942512
0.00108787
0.00127678
0.00213509
0.00505079
0.00482801
0.00171168
0.0049944
0.00187445
0.00472044
0.00358192
0.00366339
0.00451542
0.00205305
0.00218006
0.00445985
0.00423306
0.00228052
0.00401939
0.00423444
0.00276663
0.00248183
0.0040267
0.00255146
0.00400543
0.0432786
0.0341381
0.00269253
0.0145493
0.0160349
0.0120856
0.00524912
0.00135675
0.00707884
0.00941064
0.00819651
0.000445938
0.00637252
0.00741564
0.000193418
0.00105743
0.000407911
0.00368956
0.00631194
0.00605019
0.00140377
0.00516577
0.0043555
0.00554845
0.00167601
0.00490082
0.00416989
0.00200218
0.00513518
0.00471189
0.00222417
0.00191736
0.00469887
0.00195223
0.00448449
0.00228025
0.00461612
0.00240306
0.0022132
0.00319125
0.00229751
0.00253831
0.00227451
0.00413915
0.0024086
0.00433994
0.00430884
0.00336496
0.00286415
0.00266677
0.0041504
0.00412455
0.00274589
0.00274181
0.00356004
0.00321876
0.00389264
0.00395247
0.00401991
0.0297195
0.0338787
0.0210672
0.00772663
0.0111417
0.00399009
0.00323316
0.00337238
0.0066151
0.000437956
0.00647715
0.000811106
0.00595446
0.00542209
0.00527747
0.00113562
0.00422341
0.00522096
0.0015449
0.00402692
0.00196213
0.00210168
0.00441381
0.00452617
0.00441359
0.0029093
0.0022346
0.0029739
0.00326577
0.00426917
0.00716636
0.0292761
0.00156752
0.0144093
0.00129189
0.00229562
5.36791e-05
0.000484364
0.00810509
0.000557157
0.00010981
0.00565835
0.00553134
0.0010199
0.00216355
0.00690633
0.00539452
0.00340857
0.00532798
0.00319004
0.00570689
0.00306078
0.00547196
0.00160613
0.00535574
0.00523936
0.00167451
0.00203312
0.00241053
0.00494305
0.0022209
0.00484468
0.0019941
0.00274893
0.00210388
0.00433629
0.00456736
0.00269892
0.00298681
0.00230205
0.00228742
0.00255371
0.0042602
0.00278021
0.00241696
0.00424334
0.00405849
0.00249242
0.00359995
0.00409987
0.00255826
0.00406596
0.00402594
0.00265936
0.00401956
0.00310563
0.018737
0.0157882
0.00257819
0.00303695
0.00201446
0.00771667
0.013992
0.00101298
0.00104094
0.00833468
0.00845699
0.00597219
0.000372492
0.00125889
0.000425828
0.000416382
0.00567726
0.000531585
0.00501537
0.00100188
0.00568416
0.0059076
0.00495339
0.00150825
0.00547236
0.00456322
0.00284641
0.00252187
0.001797
0.00268066
0.00192308
0.00408887
0.00446703
0.00210411
0.00464309
0.00208605
0.00463794
0.0034842
0.00233377
0.0045235
0.00439167
0.0043522
0.00424677
0.00379441
0.00386572
0.00272927
0.00422788
0.00303859
0.00261849
0.00361672
0.00396121
0.00410683
0.00410267
0.00363191
0.0040635
0.00399221
0.00286841
0.00377277
0.00361756
