0.00925919
0.0215868
0.0201338
0.0198925
0.0217456
0.0213259
0.0240107
0.0220469
0.0223902
0.0232195
0.0237967
0.0237711
0.0237713
0.0238632
0.0237097
0.0237755
0.023772
0.0238381
0.0237857
0.0238033
0.0238232
0.0237914
0.0237401
0.0237456
0.0237457
0.0237445
0.0237762
0.0237304
0.0237422
0.0237398
0.0237851
0.0237994
0.0237552
0.0237495
0.0237896
0.0237594
0.0237489
0.0237418
0.0237692
0.0237884
0.0237743
0.0237957
0.0237929
0.0237465
0.0237647
0.0237936
0.0237934
0.0237625
0.0237473
0.0237884
0.0237659
0.0237872
0.0237883
0.0237886
0.0237807
0.0237779
0.0237844
0.0237796
0.0237709
0.0237648
0.0237857
0.0237844
0.0237545
0.0237695
0.0237832
0.023778
0.0237833
0.0237553
0.0237736
0.0243029
0.0244997
0.0239617
0.0231177
0.0237541
0.0238457
0.0233065
0.0235865
0.0233489
0.0233134
0.0243243
0.0238466
0.0239913
0.0241976
0.0241527
0.0241198
0.024072
0.0241379
0.0234907
0.0234943
0.0240579
0.0235274
0.0235925
0.0239213
0.0237312
0.0237608
0.023925
0.023713
0.0239973
0.0237507
0.0239794
0.0237846
0.0235888
0.0239488
0.0239548
0.0239154
0.0238804
0.0238519
0.0238448
0.0236337
0.0238938
0.0238561
0.0239083
0.0236431
0.0236449
0.0236688
0.0237217
0.0238735
0.0236944
0.0237687
0.0227394
0.0242252
0.0237102
0.023791
0.023601
0.0240843
0.0232166
0.0233044
0.0233059
0.0237026
0.0233586
0.0241117
0.0239723
0.0240774
0.0240634
0.024056
0.0236825
0.0237632
0.0239998
0.0240089
0.0237151
0.0235448
0.023527
0.0237355
0.0235383
0.0235507
0.0237521
0.0238362
0.0238552
0.0236656
0.0239546
0.0235756
0.0238874
0.0238171
0.0238081
0.0237259
0.023814
0.0237289
0.0238247
0.0238105
0.0238842
0.0236403
0.0237532
0.023817
0.0238568
0.0238759
0.0238164
0.0237687
0.02319
0.0239949
0.0237451
0.0237778
0.0236985
0.0239219
0.0234497
0.0235377
0.0235231
0.0237372
0.023535
0.0239757
0.0238763
0.0239751
0.0239706
0.0239445
0.023722
0.0237657
0.0239139
0.0239231
0.0237383
0.0236129
0.0236177
0.0237495
0.0236208
0.0236215
0.0237589
0.0238095
0.0238215
0.0237062
0.0238971
0.0236372
0.0238441
0.0237991
0.0237935
0.0237418
0.0237973
0.0237435
0.0238045
0.0237953
0.0238455
0.0236831
0.0237588
0.0238003
0.0238276
0.0238428
0.0238002
0.0236824
0.0236225
0.0237277
0.0237052
0.0235976
0.0234885
0.0239106
0.0235041
0.0237243
0.0236782
0.0235456
0.0234587
0.0235602
0.0239357
0.0238109
0.0235461
0.0235371
0.0237315
0.0235527
0.0237005
0.0236977
0.0236296
0.0236337
0.0236125
0.023885
0.023615
0.0236207
0.0236413
0.0236537
0.0236357
0.0236583
0.023639
0.0236788
0.0238505
0.0237122
0.0238076
0.0238259
0.0236857
0.0236778
0.0236788
0.0237687
0.0231854
0.0237235
0.0240085
0.0234912
0.023654
0.0239025
0.0237558
0.0235816
0.0239255
0.0238224
0.0238458
0.0237262
0.0236646
0.023678
0.0236804
0.023875
0.0237425
0.0237998
0.0238583
0.0238425
0.0237398
0.0236775
0.0238382
0.0237122
0.0237149
0.0238434
0.0237214
0.0238066
0.023697
0.0238297
0.0237849
0.0237216
0.0237035
0.023718
0.023825
0.0237766
0.0237202
0.0238135
0.0238188
0.0237861
0.0237478
0.0237327
0.0237429
0.0237729
0.0237587
0.0238063
0.0237687
0.0237687
0.0232542
0.0237277
0.0240863
0.023617
0.0232096
0.0237607
0.0240858
0.0233043
0.0240811
0.0234381
0.0239196
0.0234643
0.0240174
0.0240044
0.0239803
0.0235036
0.0238417
0.0238837
0.0239189
0.0239197
0.0235512
0.023676
0.0236175
0.0236037
0.0238852
0.0237021
0.0237882
0.0236605
0.0236166
0.0238942
0.0237122
0.0238021
0.0237761
0.0236503
0.0238689
0.0236676
0.0238167
0.0237687
0.0237687
0.0237973
0.0237672
0.0237771
0.0237176
0.0237709
0.0238352
0.0237172
0.0237827
0.0237589
0.0238167
0.0237478
0.0238049
0.0237404
0.0237844
0.0237419
0.0238087
0.0237353
0.0237609
0.0237342
0.0238044
0.0237415
0.0237501
0.0238028
0.0237991
0.0237789
0.0237915
0.0237473
0.0237981
0.0237463
0.0237499
0.0237937
0.0237523
0.0237523
0.0237579
0.0237876
0.0237712
0.0237896
0.0237579
0.0237655
0.0237528
0.0237588
0.0237632
0.0237838
0.023758
0.0237674
0.0237527
0.0237713
0.0237795
0.023757
0.0237814
0.0237811
0.0237759
0.0237818
0.0237604
0.0237601
0.0237129
0.023097
0.0231833
0.0233097
0.0233864
0.0234989
0.0234549
0.0235186
0.0238441
0.0238636
0.0235631
0.0236344
0.0236038
0.0236963
0.0236826
0.0236693
0.0236593
0.0237027
0.0237214
0.0237687
0.0168177
0.023706
0.023713
0.024086
0.0242197
0.0230509
0.0239688
0.0239379
0.0234974
0.0233159
0.0232481
0.0234108
0.02364
0.0233949
0.0233506
0.0234217
0.0238842
0.0234605
0.0236764
0.0235566
0.0235552
0.0235199
0.0237832
0.0235372
0.0235421
0.0238672
0.0237569
0.0236102
0.0236248
0.0237688
0.0237775
0.0236529
0.0236542
0.0238495
0.0236774
0.0238558
0.023731
0.0236818
0.0237874
0.0237789
0.0237046
0.0238066
0.0237153
0.0237691
0.0237301
0.0238115
0.0237909
0.0237964
0.0238161
0.0238211
0.0238149
0.0237386
0.0238153
0.0237394
0.0238128
0.0237469
0.0237689
0.0237428
0.0237424
0.0237335
0.0237464
0.0237416
0.0237743
0.0237503
0.02374
0.0237411
0.0237823
0.0237911
0.0237478
0.0237619
0.0237505
0.0237766
0.0237887
0.0237464
0.0237735
0.023753
0.0237904
0.0237745
0.0234892
0.0237609
0.0237278
0.0237068
0.0234343
0.0237258
0.023864
0.0234828
0.0237927
0.0237411
0.023604
0.0238411
0.023549
0.0235888
0.0236027
0.0235956
0.0235997
0.0236069
0.0238916
0.0238382
0.0238287
0.023806
0.0237625
0.0238142
0.0238081
0.0238498
0.0237117
0.0238413
0.0236691
0.0238514
0.0236832
0.0236881
0.0238423
0.0236989
0.0236874
0.0237091
0.0238092
0.0236989
0.0237231
0.0175345
0.0226249
0.0219176
0.020969
0.0226779
0.0230501
0.022927
0.0226521
0.022733
0.0228492
0.0229505
0.0229963
0.023451
0.0230908
0.0234702
0.0234408
0.0233971
0.0237687
0.0237687
0.0235565
0.023752
0.023943
0.0237071
0.0234941
0.0237682
0.0239523
0.0235081
0.0239499
0.0236079
0.0238498
0.0235853
0.0239197
0.0239143
0.023897
0.0236118
0.0238098
0.0238342
0.0238566
0.0238578
0.0236396
0.0237199
0.0236871
0.023665
0.023838
0.023733
0.0237809
0.0237082
0.0236768
0.0238472
0.0237374
0.023789
0.0237738
0.0236968
0.0238311
0.0237055
0.0237978
0.0237687
0.0211465
0.023694
0.0233666
0.0230305
0.0232902
0.0239294
0.0232364
0.0229402
0.0241404
0.0230462
0.0238779
0.0232772
0.0232587
0.024059
0.0233194
0.023432
0.0235563
0.0233664
0.0234048
0.0234301
0.0238753
0.0239246
0.0237655
0.0235083
0.0238754
0.0239652
0.0235134
0.0235205
0.0235653
0.0238142
0.0235994
0.0236031
0.0238742
0.0237369
0.0238314
0.0236874
0.0236391
0.0237095
0.023694
0.0237687
0.0237687
0.0240786
0.0233406
0.0235344
0.023986
0.0235441
0.0239656
0.0235545
0.0238819
0.0235651
0.0239393
0.0237545
0.0238381
0.023622
0.0236217
0.0238715
0.0236477
0.0238346
0.0238224
0.0237242
0.0236602
0.0238458
0.0236708
0.0238038
0.0237221
0.023788
0.0237789
0.0238346
0.0237456
0.0238076
0.0236988
0.0237665
0.0237536
0.0237347
0.0237209
0.0238048
0.0237905
0.0237145
0.0237176
0.0196409
0.0225796
0.0233213
0.0229391
0.0235543
0.0234999
0.0231957
0.0237687
0.0237687
0.0237771
0.0238577
0.0237821
0.0239452
0.0239521
0.023814
0.0236856
0.0237867
0.0239176
0.0238953
0.0237782
0.0237655
0.0238768
0.0238684
0.0238196
0.023693
0.0236976
0.0238571
0.0238409
0.0238536
0.0237786
0.0238486
0.0237351
0.0238474
0.0237641
0.0238333
0.0237846
0.0237081
0.0237196
0.0238318
0.0238303
0.0238277
0.0237191
0.0237901
0.0237579
0.0237222
0.02382
0.0237622
0.0238095
0.0237692
0.0237709
0.0237547
0.0237465
0.0238114
0.0237445
0.0237619
0.0238079
0.0237417
0.023747
0.0237531
0.0238054
0.023806
0.0238033
0.0238003
0.0237637
0.0237862
0.0237871
0.0237966
0.0237687
0.0204487
0.022816
0.0224271
0.0226548
0.0226741
0.0228082
0.0229844
0.0238853
0.023079
0.0231742
0.0239785
0.0234684
0.0233978
0.0239289
0.0235148
0.0236535
0.0235694
0.0235431
0.0198125
0.0230407
0.0225724
0.0217388
0.0229856
0.0231953
0.0231517
0.0229636
0.022971
0.0230837
0.0231506
0.0231807
0.0235128
0.0232416
0.0235348
0.0235055
0.0234717
0.023766
0.0232292
0.0214093
0.0187206
0.0206414
0.0205727
0.0222295
0.0224854
0.0236475
0.0213924
0.0219467
0.0226056
0.0222887
0.0232288
0.0232428
0.0231466
0.0230357
0.0236481
0.0230939
0.0231279
0.0240633
0.0239025
0.0237703
0.0237152
0.0238607
0.0237294
0.0239551
0.0236287
0.0237887
0.0237924
0.0236506
0.0237405
0.0236554
0.0237537
0.0236908
0.0238884
0.0238553
0.0237261
0.0237146
0.0237353
0.0238613
0.0238676
0.0238615
0.0237173
0.0238596
0.0237707
0.0238304
0.0237434
0.0238487
0.0238314
0.023782
0.0237845
0.0237309
0.0238225
0.023802
0.0238335
0.0237654
0.0237152
0.0237512
0.0237367
0.0238252
0.0237385
0.0237454
0.0238214
0.0238185
0.0237733
0.0238172
0.0237972
0.0237955
0.023768
0.0238147
0.0238122
0.0237727
0.023735
0.0237642
0.0237758
0.0237363
0.0237877
0.023744
0.0237686
0.0237687
0.0206912
0.0225141
0.0228486
0.0242286
0.0241384
0.0239195
0.0241747
0.0237375
0.0230641
0.0229308
0.023895
0.0233056
0.023886
0.0237383
0.0234134
0.0233146
0.023337
0.0238736
0.0235017
0.0234161
0.023624
0.0237269
0.0235204
0.023663
0.0239193
0.023755
0.0238713
0.0236226
0.0237687
0.0225657
0.0235008
0.0231807
0.0233614
0.0234852
0.0235912
0.0234225
0.0237939
0.0237939
0.0236313
0.0235558
0.0237544
0.0236161
0.0236695
0.023626
0.0236618
0.0237209
0.0132473
0.0226144
0.0231873
0.0229935
0.0229001
0.0236846
0.0227017
0.0229749
0.0229652
0.0234672
0.0233558
0.023214
0.0238262
0.0237475
0.023639
0.0237506
0.0234827
0.0234858
0.0231732
0.0203977
0.0237557
0.0237526
0.0236502
0.0235178
0.0236313
0.0235083
0.0234901
0.0236873
0.0239614
0.023562
0.0235937
0.0236119
0.0235668
0.0235926
0.0236064
0.0237698
0.0236352
0.0238925
0.0236097
0.0238579
0.0237942
0.0236376
0.0237913
0.0236432
0.023815
0.023659
0.0236811
0.0237032
0.0236702
0.0237747
0.0236762
0.0237276
0.0237066
0.0236903
0.023813
0.0237687
0.0225702
0.0182856
0.0209552
0.022064
0.0225217
0.0218012
0.0226061
0.0228124
0.022999
0.0225893
0.0228582
0.0230422
0.0232469
0.023989
0.0231994
0.0233461
0.0233562
0.0237686
0.0173091
0.0190681
0.0225878
0.022899
0.0236531
0.022524
0.0220816
0.0240273
0.02378
0.0231358
0.0226911
0.023497
0.0228734
0.0235476
0.0234885
0.0230722
0.0233483
0.023875
0.0237883
0.0237687
0.0238563
0.0238527
0.023966
0.0237764
0.0237606
0.0239116
0.0238766
0.0236621
0.0238667
0.0237575
0.0238366
0.0238279
0.0237751
0.0238136
0.0238185
0.0238277
0.0238124
0.0238237
0.0238383
0.0238405
0.0237263
0.0237096
0.0237106
0.0237137
0.0237412
0.0238299
0.0238216
0.0237166
0.0237401
0.0237628
0.0238203
0.0238192
0.0237968
0.0237293
0.0237816
0.0238119
0.0237796
0.0238109
0.0238121
0.0237456
0.0237371
0.0238096
0.0238069
0.0237504
0.0238052
0.0237462
0.0237992
0.0237864
0.0238024
0.0237721
0.0237424
0.0237447
0.0237725
0.0237442
0.0237553
0.0237444
0.0213412
0.0218826
0.0218674
0.0237275
0.0229182
0.0239227
0.0231624
0.0238872
0.0237668
0.0231046
0.0237687
0.0216144
0.0237317
0.0238645
0.0234461
0.0232026
0.023943
0.0236997
0.0237658
0.0236882
0.0238134
0.0238699
0.0239596
0.02345
0.023555
0.023506
0.0235619
0.0238078
0.0235403
0.0235345
0.0239117
0.0239104
0.0236128
0.0236998
0.023837
0.0238451
0.0235977
0.0236031
0.023786
0.0236161
0.0236836
0.0236538
0.0236376
0.0237265
0.0238408
0.0236524
0.023851
0.0237964
0.0236747
0.0238404
0.0237687
0.0237406
0.023757
0.0233856
0.0236681
0.0235723
0.023515
0.0239113
0.0235661
0.0239244
0.0237579
0.023685
0.0236822
0.0238777
0.0236367
0.0236406
0.0236531
0.0238684
0.0236551
0.0236659
0.0236767
0.0236654
0.0238512
0.0237925
0.0236918
0.0237603
0.0236829
0.0236898
0.0237253
0.0238256
0.0237026
0.0237053
0.0237817
0.0237365
0.0237077
0.0237256
0.0237277
0.0237317
0.0237278
