0.00712018
0.00735649
0.00534194
0.00642562
0.00662092
0.00467762
0.00322459
0.00476905
0.00321967
0.00288803
0.00295089
0.00337803
0.00332435
0.0030246
0.00333242
0.00321091
0.00333896
0.00310045
0.00312038
0.00310242
0.0031793
0.00312948
0.00311074
0.00311839
0.00326433
0.00328577
0.00327091
0.00312678
0.00324003
0.00324373
0.00322866
0.00313528
0.00323241
0.00321025
0.00325054
0.00315253
0.00320125
0.00321446
0.00318508
0.00315238
0.00317486
0.00317354
0.00325798
0.00315934
0.00316105
0.00319599
0.00320655
0.00316418
0.00323387
0.00317359
0.00321541
0.00321378
0.0031822
0.00324386
0.00323995
0.00317959
0.00317801
0.00324269
0.00317427
0.00320135
0.0032226
0.0032084
0.00317756
0.00320216
0.00321151
0.00328254
0.00314636
0.00326195
0.00141017
0.00472534
0.00449054
0.00190844
0.00327068
0.00180329
0.0024029
0.00229331
0.00229995
0.00398231
0.00379483
0.00391643
0.00387861
0.00326758
0.00377927
0.00330836
0.00380242
0.0035787
0.00260924
0.00375039
0.00264429
0.00306132
0.00268788
0.00366777
0.00274141
0.00277957
0.0027671
0.00283645
0.00338787
0.00309206
0.00291549
0.00296199
0.00306151
0.00290771
0.00351073
0.00297898
0.00340453
0.00346185
0.00294253
0.00335903
0.00296305
0.0033779
0.00298537
0.00341333
0.00342433
0.0022371
0.00322687
0.00472471
0.0048567
0.00313607
0.00451888
0.0030787
0.00275797
0.00439633
0.00205704
0.0022778
0.00412427
0.00301582
0.00396581
0.00397653
0.00260169
0.0028144
0.00264872
0.00310737
0.002689
0.00382443
0.00281604
0.00337842
0.00267313
0.00272455
0.00274872
0.00325884
0.0027716
0.00361707
0.00330314
0.00280048
0.00359337
0.00284024
0.00285175
0.00287981
0.00343831
0.00295326
0.00327742
0.00351459
0.00315815
0.0030941
0.00300685
0.00346864
0.0034143
0.00335778
0.00324066
0.00341208
0.00342978
0.00278387
0.0032161
0.00425227
0.00409299
0.00317955
0.00406155
0.00315525
0.00301367
0.00385262
0.0024975
0.00262534
0.00373513
0.00311384
0.00370829
0.00365325
0.00286253
0.00299129
0.00287917
0.00315411
0.00289911
0.00360441
0.00298183
0.00330485
0.00286714
0.00287719
0.00288844
0.00323823
0.00291816
0.00349332
0.00326546
0.00293224
0.00346638
0.00295404
0.0029599
0.00298024
0.00335493
0.00304398
0.0032517
0.0034207
0.00317663
0.00313495
0.00307638
0.00338533
0.00334408
0.00330678
0.00322955
0.00334584
0.00336238
0.0055395
0.00325238
0.004165
0.00322971
0.00373465
0.00356286
0.00344788
0.00298607
0.00375871
0.00385245
0.00334953
0.00296144
0.0031885
0.0031611
0.0030351
0.00289403
0.0031646
0.00356266
0.00328582
0.00290503
0.00317121
0.00325764
0.00353485
0.00307614
0.00342714
0.00326496
0.00331266
0.00343255
0.00337189
0.00343407
0.00338435
0.00308728
0.00340312
0.00340406
0.0030512
0.003242
0.00331567
0.00332135
0.00320896
0.00302216
0.00315259
0.0029717
0.0035359
0.00303408
0.00364115
0.00344533
0.00353986
0.00353457
0.00318641
0.00348867
0.00294304
0.00325106
0.00300123
0.00343162
0.00327005
0.00336684
0.00304354
0.00312817
0.00319099
0.00338711
0.00333884
0.00339409
0.00314996
0.00319444
0.00337544
0.00327099
0.00328896
0.00325148
0.00310326
0.00308323
0.00325221
0.00320467
0.00331535
0.00332126
0.00332692
0.00330401
0.00311896
0.00330962
0.00323755
0.00316589
0.00329079
0.00324576
0.00324537
0.00312552
0.0031985
0.00336037
0.00320968
0.00320302
0.00188593
0.00231443
0.00441284
0.00224517
0.00370021
0.00281248
0.00272462
0.00242531
0.00399074
0.00386228
0.00278141
0.00383906
0.00298461
0.00373106
0.00314341
0.00339135
0.00372385
0.00369172
0.00306535
0.00276673
0.00300591
0.00352761
0.00298901
0.00319205
0.00356497
0.00302226
0.00326642
0.00292731
0.00314858
0.00316646
0.00346735
0.00321267
0.00332516
0.00312471
0.00332358
0.00312151
0.0032398
0.00320867
0.00302828
0.00315735
0.00321428
0.00317559
0.00320981
0.00311973
0.00309008
0.00317418
0.00327309
0.00313559
0.00330641
0.00310821
0.00327921
0.00320887
0.00312028
0.00320589
0.00325449
0.00327946
0.00315667
0.00326876
0.00313604
0.00327341
0.00314215
0.00321132
0.00326161
0.00326611
0.00315637
0.00323406
0.00315279
0.00324658
0.00316991
0.0031584
0.00323679
0.00315897
0.00319823
0.00322875
0.00322072
0.00324357
0.00317629
0.00324929
0.00316939
0.00320891
0.00318949
0.003233
0.00317727
0.0032076
0.00318237
0.00321532
0.0031933
0.00317611
0.00319949
0.00320775
0.00318085
0.00321843
0.00323371
0.0036622
0.00366399
0.00401123
0.00331359
0.00337482
0.00352634
0.00339173
0.00292869
0.00361061
0.00354017
0.00347038
0.00304282
0.00341786
0.00338296
0.00341948
0.00337068
0.0033449
0.00329614
0.00336076
0.00415848
0.0036989
0.00384713
0.00518712
0.00243972
0.00261454
0.00230255
0.00248014
0.0041452
0.00430238
0.00245415
0.00405448
0.00380373
0.00356107
0.00303087
0.00268308
0.00386961
0.00278436
0.0036413
0.00331798
0.00325146
0.0030792
0.00337445
0.00356938
0.00292515
0.00291516
0.00294614
0.00301058
0.00320891
0.00315382
0.00293054
0.00317034
0.00324899
0.00320214
0.00305675
0.00324122
0.00325641
0.00337207
0.00312865
0.00334702
0.00321494
0.00334599
0.00308437
0.00328653
0.00329043
0.00310705
0.00309875
0.00312051
0.00311724
0.00329069
0.00322653
0.00329658
0.00326411
0.003295
0.00317491
0.00316072
0.00312459
0.00323212
0.00325458
0.00328279
0.0032201
0.00320656
0.00314987
0.00316287
0.00317008
0.0032661
0.00321579
0.00315324
0.00315555
0.00319874
0.00324001
0.00323858
0.00320915
0.00321447
0.00323968
0.00305676
0.00312716
0.00312605
0.0032453
0.00368293
0.00313858
0.00381374
0.00349483
0.00327154
0.00373784
0.00290924
0.00355702
0.0032207
0.00344074
0.00357503
0.00353179
0.00298222
0.00314608
0.00292924
0.00348896
0.00315132
0.00349481
0.00327867
0.00342747
0.00325806
0.00332943
0.00298881
0.00315663
0.00316324
0.00319373
0.00330148
0.0030547
0.00320458
0.00305176
0.0030751
0.00325172
0.0031898
0.00309201
0.00472282
0.0035221
0.00492932
0.00369916
0.00462284
0.00281351
0.00366256
0.00472838
0.00300799
0.0043851
0.00421399
0.00403652
0.00401305
0.00395404
0.0038217
0.00331767
0.00377483
0.00366311
0.00327077
0.00320572
0.00320555
0.00241131
0.00274095
0.00388323
0.00261126
0.00341883
0.00302134
0.00297495
0.00272589
0.00363571
0.00354718
0.00298072
0.00355464
0.00309207
0.00353779
0.00317326
0.00330089
0.00349795
0.00348162
0.00313062
0.00293545
0.00309627
0.00338481
0.00308452
0.00319818
0.00342131
0.00309981
0.00324017
0.00303624
0.00317341
0.0031836
0.00336272
0.00321007
0.00327555
0.00315898
0.0032747
0.00315685
0.00320974
0.00320962
0.00337552
0.0022493
0.00224792
0.00248864
0.00498815
0.00437843
0.00222854
0.00463431
0.00424389
0.00410196
0.00417302
0.00407879
0.00250697
0.00382473
0.00265318
0.00372205
0.00387281
0.00322282
0.00304167
0.00353113
0.00334591
0.00275329
0.00282216
0.00308702
0.00368485
0.0036594
0.00357867
0.00351103
0.00296318
0.00335308
0.00317096
0.00353668
0.00353999
0.00345363
0.0029792
0.00350247
0.00306261
0.00450161
0.00320903
0.00321264
0.00318739
0.00357626
0.00308545
0.00302835
0.00289688
0.00293521
0.00292043
0.00312517
0.00310892
0.00292379
0.00304779
0.00315153
0.00339013
0.00339348
0.003445
0.00346105
0.00313473
0.00344964
0.00308349
0.0031295
0.00343049
0.00328603
0.00340984
0.00327126
0.00329665
0.00308557
0.00308186
0.00326558
0.00336081
0.00315486
0.00334026
0.0033413
0.00317187
0.00330034
0.00330331
0.00310628
0.00309962
0.00411113
0.00651259
0.00607058
0.00369877
0.00277259
0.00313631
0.00439755
0.00353572
0.00378435
0.00320235
0.00318952
0.00303122
0.00319385
0.00315429
0.0032902
0.00316654
0.0029013
0.00304353
0.00336093
0.00318668
0.00302731
0.00316351
0.00298902
0.00298274
0.00302261
0.00301068
0.00331561
0.00338072
0.00303165
0.00326844
0.00324393
0.00307095
0.00313629
0.0030511
0.00334571
0.00334615
0.0031446
0.00307212
0.00333634
0.00308078
0.00323052
0.0032429
0.00310936
0.00324635
0.00328531
0.00328725
0.0032348
0.0032339
0.00319632
0.0032987
0.00311679
0.00329711
0.0031509
0.00328994
0.00316371
0.00323468
0.00315209
0.00327871
0.00326175
0.00313436
0.00319159
0.00316819
0.00320535
0.00317001
0.00314074
0.00325666
0.00326164
0.003208
0.00313906
0.00222196
0.00314953
0.00379939
0.00478941
0.00243489
0.00424851
0.00269006
0.00310587
0.00430363
0.00410557
0.00395314
0.00385439
0.00309045
0.0037223
0.00311873
0.00312048
0.00358787
0.0029697
0.0041871
0.00340343
0.004318
0.00356448
0.00420273
0.00291139
0.00354458
0.00438593
0.00305556
0.00409731
0.00399989
0.00383864
0.00384454
0.00378547
0.00368376
0.00329463
0.0036616
0.00356589
0.00442578
0.00444175
0.00589876
0.00746037
0.00763231
0.00544846
0.00297761
0.00562759
0.00454356
0.0040915
0.00427767
0.00308194
0.0044522
0.00411115
0.00409097
0.00405563
0.00311958
0.00320483
0.00317542
0.00316734
0.0032074
0.00363277
0.00280765
0.00347105
0.00283409
0.00294883
0.00282942
0.00288295
0.00291573
0.00312942
0.00311172
0.0029462
0.00317189
0.00302134
0.00310109
0.00340188
0.0032851
0.00323759
0.00301719
0.00302993
0.00317814
0.00308868
0.00306203
0.00334257
0.00304589
0.00336098
0.00305248
0.00314543
0.00317422
0.00323459
0.00334426
0.00329766
0.00310682
0.00315572
0.00314119
0.0033031
0.00330274
0.00318691
0.00310422
0.00330137
0.00330244
0.00310844
0.00313768
0.00326619
0.00313517
0.00324346
0.00324323
0.00316403
0.00312246
0.00327432
0.00322306
0.00313235
0.00315899
0.00321086
0.00313621
0.00887047
0.00903413
0.0052058
0.00481877
0.00360206
0.00255579
0.00407856
0.00346033
0.00436004
0.00426776
0.00366066
0.00398277
0.00409766
0.0032941
0.0035896
0.00372563
0.00337306
0.00376222
0.00302081
0.00321993
0.00374783
0.00297869
0.00363694
0.0035442
0.00358307
0.0029148
0.00355192
0.00575437
0.00388738
0.00321403
0.00295631
0.003248
0.00330529
0.00296216
0.00306032
0.00294172
0.00334671
0.00353081
0.00349575
0.00345521
0.00342656
0.00343695
0.00339047
0.00340143
0.00332639
0.0032149
0.00324446
0.0051604
0.00595524
0.00233275
0.00505759
0.0025071
0.002633
0.00420958
0.00415572
0.00288617
0.00402312
0.00361479
0.0030593
0.00312751
0.00370322
0.00353229
0.00322601
0.00322545
0.00513904
0.00341433
0.00341367
0.0032315
0.00395647
0.00339875
0.00368988
0.00354716
0.00370162
0.00373971
0.00368107
0.00368728
0.00289125
0.00304493
0.0035917
0.00311295
0.0034168
0.0033186
0.00345493
0.00340855
0.00307737
0.00350589
0.00302513
0.00299735
0.00315483
0.00302306
0.00344838
0.0033054
0.00339169
0.00322524
0.00338879
0.00332561
0.00338658
0.00332339
0.003212
0.00329882
0.0032522
0.00320894
0.0219519
0.00479599
0.00160678
0.00611695
0.0027295
0.00565803
0.00510623
0.00324455
0.00295916
0.00237062
0.0034719
0.00342333
0.00341298
0.00315387
0.00335054
0.00385707
0.00306452
0.00321152
0.00321622
0.00831026
0.00562955
0.00188568
0.0055852
0.00220118
0.00491773
0.00524795
0.00481862
0.00495681
0.00472997
0.00266761
0.00337943
0.0042111
0.00413897
0.00404335
0.0036678
0.00379236
0.00366011
0.00320761
0.00320465
0.00323192
0.00332473
0.00320353
0.00349622
0.00320027
0.00336175
0.00333373
0.00316715
0.00301005
0.00299047
0.00323646
0.0033458
0.00337315
0.00327231
0.00320873
0.003364
0.00306612
0.00328893
0.00315316
0.00305365
0.00307281
0.00330186
0.00321925
0.00310025
0.00308442
0.00332231
0.0033055
0.00310257
0.0032047
0.00312251
0.003099
0.00320116
0.00323533
0.0033029
0.00324409
0.00311436
0.00326299
0.00315764
0.00312254
0.00314298
0.00312768
0.00323852
0.00318978
0.00313416
0.00317988
0.0032592
0.00314884
0.00324775
0.00325233
0.00317068
0.00323292
0.00318555
0.00322976
0.00319443
0.00324454
0.0031971
0.0159207
0.00647944
0.00467621
0.00449632
0.00362603
0.00389925
0.00396576
0.00320892
0.00320897
0.00180779
0.00320974
0.00426175
0.00398737
0.00263891
0.00310622
0.00396564
0.00361684
0.00342794
0.0038242
0.00380713
0.00272026
0.00366319
0.00364991
0.0034489
0.00284903
0.00363698
0.00355721
0.00286345
0.00304296
0.00359319
0.0035638
0.0030992
0.00340618
0.00303224
0.00349591
0.00297786
0.0034789
0.00344121
0.00344829
0.00316196
0.00304787
0.00342402
0.00315469
0.00341597
0.00338485
0.0033809
0.00336876
0.00436414
0.00307139
0.00318469
0.00331889
0.00313212
0.00357424
0.00297015
0.00287095
0.00354919
0.00355294
0.00294297
0.00351615
0.00341102
0.00295903
0.00302438
0.00343992
0.00344126
0.00299096
0.00341826
0.00321755
0.00308621
0.00311281
0.00339564
0.00338103
0.00314612
0.0032836
0.00336621
0.00330661
0.00309845
0.0031104
0.00311355
0.00333202
0.00330452
0.00331318
0.00311022
0.00310871
0.00330649
0.00312029
