0.0243381
0.0199034
0.0225318
0.0210217
0.0225314
0.0217985
0.0223805
0.0246165
0.0238461
0.0236261
0.0249285
0.0240708
0.0239496
0.0250581
0.0250581
0.0255238
0.0250625
0.0250598
0.0250666
0.025054
0.0250681
0.0250646
0.02507
0.0250679
0.0250647
0.0250625
0.0250682
0.0250536
0.0250575
0.0250698
0.025059
0.025069
0.0250673
0.025067
0.0250671
0.0250589
0.0250549
0.0250626
0.0250681
0.0250678
0.025067
0.0250621
0.0250617
0.0250661
0.0250615
0.0250642
0.0250645
0.0250659
0.0250622
0.0250644
0.0250616
0.0250605
0.0250643
0.0250642
0.0250608
0.0250626
0.0250613
0.0250616
0.0250611
0.0250637
0.0250569
0.0250577
0.0250622
0.0250614
0.0250627
0.025062
0.0250602
0.0250621
0.0250588
0.0250623
0.0250621
0.0250581
0.0253127
0.0252678
0.0250922
0.0252333
0.0252125
0.0250974
0.0251731
0.0251095
0.0250925
0.02518
0.0251322
0.0251676
0.0251189
0.0251419
0.0250668
0.0250583
0.0251229
0.025079
0.0251044
0.0251147
0.0251045
0.0250876
0.0250879
0.0250771
0.0251069
0.0250842
0.0250863
0.0250932
0.0250765
0.0250897
0.0250465
0.0250802
0.02509
0.0250793
0.0250655
0.0250685
0.0250798
0.0250782
0.0250779
0.0250754
0.0250787
0.0250581
0.0250581
0.0248253
0.0250482
0.0250067
0.025064
0.0249567
0.0249539
0.0250976
0.0250859
0.0249824
0.0250595
0.024976
0.0249946
0.0250207
0.0250208
0.0250027
0.0250633
0.0250853
0.0250698
0.0250648
0.0250785
0.0250175
0.0250624
0.0250424
0.0250241
0.0250286
0.0250219
0.0250375
0.0250354
0.0250535
0.0250489
0.025073
0.0250649
0.0250334
0.0250433
0.0250555
0.0250667
0.0250383
0.0250377
0.0250617
0.0250423
0.0250405
0.0250581
0.0250581
0.0249578
0.0250541
0.0250362
0.0250616
0.0249949
0.0250082
0.0250853
0.0250761
0.0250124
0.0250589
0.025014
0.0250198
0.0250326
0.0250326
0.0250275
0.0250613
0.025077
0.0250656
0.0250623
0.0250719
0.025032
0.0250608
0.0250486
0.0250357
0.0250403
0.0250354
0.0250437
0.0250442
0.0250552
0.0250523
0.0250684
0.0250626
0.0250424
0.0250487
0.0250564
0.0250639
0.0250447
0.0250447
0.0250605
0.0250478
0.0250462
0.0250581
0.0250581
0.0248735
0.0249586
0.024957
0.0248869
0.0249261
0.0249049
0.0250645
0.0248765
0.0249939
0.0250187
0.0250715
0.0250199
0.0249337
0.0249596
0.0249838
0.0250134
0.024957
0.024965
0.0249819
0.0249956
0.0249852
0.0249852
0.0250012
0.0250139
0.0249955
0.0250498
0.0250174
0.0250401
0.0250581
0.0247742
0.0250146
0.0250367
0.0250523
0.0250481
0.0250477
0.0250483
0.0250275
0.0250352
0.0250297
0.0250485
0.0250716
0.0250584
0.0250419
0.0250628
0.0250405
0.0250388
0.0250405
0.0250406
0.0250563
0.0250424
0.025047
0.0250583
0.0250478
0.0250571
0.0250462
0.0250487
0.025046
0.0250484
0.0250534
0.0250478
0.0250591
0.0250509
0.0250492
0.0250496
0.0250506
0.0250509
0.0250509
0.0250512
0.0250626
0.0250523
0.0250581
0.0250114
0.024873
0.0246804
0.0249969
0.0248291
0.0248371
0.0248071
0.0248812
0.024854
0.0249716
0.0249036
0.0249176
0.0249872
0.024949
0.0249343
0.024965
0.02508
0.0249953
0.0249627
0.0250614
0.0249871
0.0250157
0.0249674
0.0249722
0.0249887
0.0249898
0.0249821
0.0250016
0.0250239
0.0250504
0.025033
0.02501
0.0250114
0.0250258
0.0250185
0.0250134
0.0250297
0.0250143
0.0250336
0.0250183
0.0250581
0.0250581
0.0250581
0.025086
0.0250716
0.02506
0.0250772
0.0250728
0.0250665
0.0250651
0.0250651
0.0250703
0.0250703
0.0250664
0.0250685
0.0250684
0.025064
0.0250552
0.0250666
0.0250639
0.025056
0.0250608
0.0250618
0.0250651
0.0250645
0.0250615
0.0250642
0.0250644
0.025063
0.0250603
0.0250625
0.0250607
0.0250638
0.025058
0.0250573
0.0250612
0.0250615
0.0250625
0.0250624
0.0250601
0.0250621
0.0250611
0.0250605
0.0250612
0.0250615
0.0250555
0.0246049
0.0247453
0.0249456
0.0248365
0.0247896
0.0248452
0.0248741
0.0248666
0.0250422
0.0249854
0.0249821
0.0250567
0.0249569
0.0250431
0.0250581
0.0193584
0.0240582
0.0243002
0.0242953
0.0244731
0.0248075
0.0247474
0.024914
0.0249688
0.0248895
0.0250793
0.0246953
0.0248042
0.0249787
0.024853
0.0249874
0.0248288
0.0250232
0.0250061
0.0249877
0.0249324
0.0248937
0.0249313
0.0249144
0.0249184
0.0249416
0.0249842
0.0250322
0.0250581
0.0250581
0.0250648
0.0250628
0.0250703
0.0250626
0.0250703
0.0250675
0.0250685
0.0250696
0.0250588
0.025054
0.0250651
0.0250543
0.0250685
0.0250674
0.0250555
0.0250555
0.0250568
0.0250667
0.0250664
0.0250647
0.0250546
0.0250637
0.0250605
0.0250621
0.025064
0.0250639
0.0250552
0.0250604
0.0250627
0.0250636
0.0250627
0.0250631
0.0250607
0.0250628
0.0250624
0.0250626
0.0250619
0.0250615
0.0250579
0.0250561
0.0250617
0.0250581
0.0250581
0.025058
0.0248598
0.024999
0.0249576
0.0249343
0.0249443
0.0249805
0.0249606
0.0249924
0.0249968
0.0250489
0.0249918
0.0250148
0.025028
0.0249979
0.0250029
0.0250146
0.0250291
0.0250122
0.025013
0.0250639
0.0250407
0.0250306
0.0250301
0.0250414
0.0250487
0.0250342
0.0250342
0.0250529
0.0250109
0.0197603
0.0230648
0.0246115
0.0246263
0.0239799
0.0240691
0.0242437
0.0246054
0.0242653
0.0247645
0.0245878
0.0249112
0.0250045
0.0250581
0.0250388
0.0249842
0.0248994
0.0250337
0.0249365
0.0249641
0.0249398
0.0249842
0.0249682
0.0250073
0.0249904
0.0249943
0.0250164
0.0250064
0.0249987
0.0250124
0.025072
0.025026
0.0250065
0.0250606
0.0250181
0.0250326
0.0250108
0.0250123
0.0250219
0.0250201
0.0250173
0.0250259
0.0250375
0.0250541
0.0250427
0.0250306
0.0250327
0.0250403
0.0250364
0.0250324
0.0250423
0.0250336
0.0250434
0.0250355
0.0250584
0.0250581
0.0250581
0.0249465
0.0246371
0.0245502
0.0250082
0.0247029
0.0246682
0.0246979
0.0247466
0.0247329
0.0248168
0.0248548
0.0248311
0.0249764
0.0249394
0.0250483
0.0249974
0.0249469
0.0250208
0.0250294
0.0250691
0.0249905
0.0249864
0.0250601
0.0250115
0.0250398
0.0250049
0.0250581
0.0250581
0.0248404
0.0250372
0.0249274
0.0250222
0.0249834
0.0249864
0.0250096
0.0250175
0.0249917
0.0249995
0.025005
0.0250212
0.0250608
0.0250096
0.0250255
0.0250634
0.0250191
0.0250318
0.0250403
0.0250312
0.0250357
0.0250404
0.0250434
0.0250624
0.0250405
0.025034
0.0250463
0.0250311
0.0250356
0.0250442
0.0250398
0.0250353
0.025045
0.0250411
0.0250368
0.0250622
0.0250394
0.0250627
0.0250425
0.0250446
0.025047
0.0230351
0.0238511
0.024801
0.0234241
0.0237021
0.0237468
0.0245975
0.02397
0.0249262
0.0249563
0.0248325
0.0245586
0.0250581
0.0250581
0.0250581
0.0251293
0.0251672
0.0250955
0.0251115
0.0250914
0.0250876
0.0251103
0.0251017
0.025088
0.025078
0.0250893
0.0250694
0.0250762
0.0250906
0.0250595
0.0250695
0.0250867
0.0250892
0.0250758
0.0250701
0.0250817
0.0250825
0.0250791
0.0250835
0.0250515
0.0250599
0.0250677
0.0250606
0.0250746
0.0250699
0.0250795
0.0250714
0.0250701
0.0250784
0.0250654
0.0250687
0.0250655
0.0250753
0.0250631
0.0250661
0.0250695
0.0250636
0.0250559
0.0250729
0.0250668
0.0250722
0.025066
0.0250663
0.0250633
0.0250594
0.0250687
0.0250612
0.02506
0.0242531
0.0242435
0.0242149
0.0248899
0.0245976
0.0245359
0.0246661
0.0247774
0.024765
0.0247684
0.0249856
0.02499
0.025029
0.0213524
0.0236581
0.0247096
0.0247182
0.0242548
0.0243165
0.0244414
0.0247055
0.024454
0.0248251
0.0246906
0.02494
0.0250147
0.0250581
0.0236341
0.0243706
0.0224714
0.0220809
0.0239559
0.0232176
0.0236588
0.0235578
0.0239765
0.0244414
0.0241757
0.0243232
0.0247353
0.0250581
0.0250581
0.0250581
0.0251897
0.025113
0.0250804
0.0251023
0.0251215
0.025113
0.025093
0.0250922
0.0250901
0.0250732
0.0250927
0.0250993
0.0250771
0.0250921
0.0250769
0.0250949
0.025077
0.0250909
0.0250509
0.0250853
0.0250901
0.0250841
0.0250498
0.0250768
0.0250849
0.0250839
0.0250722
0.0250831
0.0250827
0.0250815
0.025081
0.0250596
0.025075
0.0250769
0.025068
0.0250775
0.0250717
0.0250771
0.0250684
0.0250681
0.0250671
0.0250682
0.0250668
0.0250663
0.0250557
0.0250688
0.0250705
0.0250693
0.0250697
0.0250569
0.0250666
0.0250689
0.0250578
0.0250685
0.0250698
0.0208527
0.0248154
0.024129
0.0242356
0.024138
0.0247496
0.0243064
0.0249357
0.0247004
0.0247126
0.0247641
0.0245696
0.0245495
0.0246734
0.0245769
0.0246066
0.0250675
0.0247148
0.0247992
0.0249225
0.0247689
0.0249291
0.0247941
0.0248072
0.0249064
0.0249451
0.024884
0.0249511
0.0228828
0.0246649
0.0247588
0.0248201
0.0248295
0.0247672
0.0248143
0.0248564
0.024863
0.024957
0.0249406
0.025007
0.0249568
0.0249915
0.0250574
0.0243989
0.0238374
0.023927
0.0243808
0.0242641
0.0243652
0.0250418
0.024538
0.0247038
0.0249734
0.024655
0.0247508
0.0247296
0.0249784
0.0250581
0.0241913
0.0249613
0.0248327
0.0248442
0.0249032
0.0248885
0.0249332
0.0249115
0.0249279
0.0249829
0.0249766
0.0249368
0.0250413
0.024995
0.0249855
0.0250025
0.0249972
0.025015
0.025025
0.0250478
0.025013
0.0249959
0.0250105
0.0250015
0.0250053
0.0250427
0.025022
0.0250409
0.00164366
0.0217419
0.0217353
0.021941
0.0248709
0.0238261
0.0234606
0.0238526
0.024282
0.0242299
0.0244031
0.0249472
0.0245308
0.0246655
0.000887815
0.0206407
0.0235979
0.0226831
0.02373
0.0231277
0.0235761
0.0239661
0.0240615
0.0249501
0.0247454
0.0243882
0.024509
0.0249374
0.0250581
0.0253091
0.0250889
0.0250598
0.0251218
0.0250908
0.0251006
0.0250982
0.0250822
0.0251025
0.0250848
0.0250945
0.0250754
0.0250702
0.0250802
0.0250914
0.0250886
0.0250865
0.0250852
0.0250705
0.0250833
0.0250869
0.0250685
0.0250683
0.0250708
0.0250821
0.0250782
0.0250576
0.0250541
0.0250548
0.0250807
0.0250692
0.025079
0.0250756
0.0250565
0.0250772
0.0250658
0.025071
0.0250726
0.0250752
0.0250738
0.0250648
0.0250735
0.0250739
0.0250722
0.0250726
0.0250724
0.0250544
0.0250696
0.0250705
0.0250662
0.0250668
0.0250696
0.0250695
0.0250623
0.0250683
0.0250622
0.0250592
0.0250616
0.0209284
0.0225126
0.0245439
0.0238014
0.0242824
0.0236749
0.0242889
0.0238541
0.0245194
0.0242311
0.0242394
0.0246444
0.024608
0.0245302
0.0230426
0.024971
0.0250125
0.0248243
0.0249194
0.024986
0.0248294
0.0248348
0.0249937
0.0249383
0.0250426
0.02492
0.025009
0.0249393
0.0249303
0.0249248
0.0249735
0.025071
0.0250077
0.0249627
0.0250466
0.0249727
0.0249666
0.0249808
0.0249781
0.0250203
0.0250206
0.0250002
0.0250174
0.024996
0.0248277
0.0250098
0.0249967
0.0250241
0.0250401
0.0250004
0.0250085
0.025031
0.0250075
0.0250211
0.0250148
0.0250397
0.0250205
0.0250677
0.0250225
0.0250332
0.0250405
0.0250265
0.0250492
0.02503
0.0250286
0.0250285
0.0250643
0.0250377
0.0250364
0.0250615
0.025052
0.0250423
