0.0247273
0.0167091
0.0199973
0.0208761
0.0205418
0.0245927
0.0227161
0.0225288
0.0227471
0.0248153
0.0238034
0.0235036
0.0245497
0.0239976
0.0249328
0.0252005
0.025082
0.0250799
0.0250801
0.0251163
0.0251043
0.0251064
0.0250872
0.0250902
0.0250822
0.0250903
0.025094
0.0250893
0.025084
0.0250911
0.0250915
0.0250817
0.0250807
0.0250859
0.0250852
0.0250905
0.0250878
0.0250799
0.02509
0.0250824
0.0250885
0.0250824
0.0250891
0.0250823
0.0250872
0.0250841
0.0250824
0.0250833
0.0250819
0.0250793
0.0250869
0.0250869
0.0250816
0.0250867
0.0250852
0.0250859
0.0250812
0.0250835
0.0250807
0.0250849
0.0250844
0.0250851
0.0250845
0.0250829
0.0250844
0.0250832
0.0250842
0.0250795
0.0250838
0.0250825
0.025082
0.0250834
0.0250838
0.0250812
0.0250798
0.0252003
0.0255061
0.0251898
0.0250962
0.0251934
0.0252242
0.0251679
0.0251412
0.0250638
0.0251201
0.0250894
0.0251701
0.0251185
0.0251422
0.0251093
0.0251481
0.0251005
0.0251032
0.0251216
0.0251077
0.0250962
0.0250839
0.0251032
0.0251104
0.0251053
0.025109
0.025098
0.025102
0.0251068
0.025077
0.0250739
0.0251054
0.0251035
0.0250976
0.0250882
0.0250926
0.0250812
0.0250962
0.0250864
0.0250976
0.025089
0.0250798
0.0250344
0.0249123
0.0250261
0.0249953
0.0250192
0.0250247
0.0250745
0.0249965
0.0250814
0.0250313
0.0250147
0.0250128
0.0250464
0.0250609
0.0250815
0.0250891
0.0250213
0.0250314
0.0250328
0.0250346
0.0250878
0.0250515
0.0250418
0.0250604
0.0250507
0.0250805
0.0250825
0.0250557
0.0250511
0.0250733
0.0250651
0.0250569
0.0250559
0.0250602
0.0250857
0.0250787
0.0250611
0.0250599
0.0250866
0.0250654
0.0250677
0.0250828
0.02507
0.0250653
0.0250798
0.0250502
0.0250087
0.0250578
0.0250243
0.0250547
0.0250439
0.0250764
0.0250423
0.0250808
0.0250491
0.0250419
0.0250437
0.0250579
0.0250667
0.0250809
0.025086
0.0250483
0.0250531
0.0250522
0.0250533
0.0250852
0.0250614
0.0250577
0.0250681
0.0250612
0.0250802
0.0250816
0.0250641
0.0250622
0.0250756
0.0250706
0.0250656
0.0250648
0.0250669
0.0250839
0.0250791
0.0250676
0.025067
0.0250846
0.0250701
0.025072
0.0250819
0.0250731
0.0250702
0.0250798
0.0249956
0.0248585
0.0248971
0.0249078
0.0250407
0.0248968
0.0249362
0.0249846
0.0249827
0.0249725
0.0249509
0.0249938
0.0250404
0.0249655
0.0249657
0.0250226
0.0250111
0.0249975
0.0249927
0.0250178
0.0250276
0.0250074
0.0250613
0.0250655
0.0250662
0.0250391
0.0250428
0.0250361
0.0249134
0.0250798
0.0250521
0.0250626
0.0250666
0.0250652
0.0250552
0.0250689
0.0250815
0.0250669
0.0250644
0.0250729
0.0250787
0.0250651
0.0250659
0.0250652
0.0250652
0.0250726
0.0250762
0.025067
0.0250675
0.0250691
0.0250706
0.0250817
0.0250726
0.0250739
0.0250828
0.0250732
0.0250786
0.0250723
0.0250723
0.0250754
0.0250723
0.0250737
0.0250743
0.0250806
0.025074
0.0250738
0.0250761
0.025075
0.0250754
0.0250749
0.0250798
0.0250798
0.0248499
0.0247824
0.0249928
0.0249581
0.0249127
0.0249049
0.0249067
0.0250042
0.024939
0.0249366
0.0249745
0.0249167
0.0250113
0.0250539
0.0249493
0.0249978
0.0250556
0.0250065
0.024976
0.0250583
0.0250673
0.0250013
0.0250236
0.0250026
0.0250233
0.0250307
0.0250112
0.0250276
0.0250395
0.0250568
0.0250297
0.0250289
0.0250435
0.0250456
0.0250575
0.0250501
0.0250387
0.0250689
0.0250418
0.0254273
0.0250853
0.025096
0.0250889
0.0250849
0.025097
0.025086
0.0250903
0.0250875
0.0250844
0.0250883
0.0250884
0.0250874
0.0250892
0.0250863
0.0250866
0.0250887
0.0250887
0.0250873
0.0250822
0.0250818
0.025085
0.0250793
0.0250864
0.0250818
0.0250849
0.0250857
0.025084
0.0250843
0.0250845
0.0250849
0.0250827
0.0250801
0.0250832
0.0250844
0.025082
0.0250832
0.0250827
0.0250812
0.025083
0.0250804
0.025083
0.0250829
0.0250809
0.0250799
0.0250796
0.0247654
0.024772
0.0247957
0.0249665
0.024845
0.025053
0.024927
0.02506
0.0249526
0.0249565
0.0249605
0.0250326
0.0250798
0.0248485
0.0241867
0.0245601
0.0244971
0.0245066
0.0245126
0.0247256
0.0249361
0.0249396
0.0249506
0.0246701
0.0248845
0.0247797
0.0250287
0.024908
0.0250032
0.0247892
0.0249835
0.0248646
0.0249928
0.0250261
0.0249109
0.0249366
0.0250822
0.0250178
0.02495
0.025022
0.0249714
0.0252504
0.0251586
0.0251268
0.0250999
0.0250857
0.0250881
0.0250859
0.0250916
0.0250926
0.0250877
0.0250872
0.0250895
0.025087
0.0250869
0.0250857
0.025079
0.0250812
0.0250843
0.0250851
0.0250788
0.0250849
0.0250856
0.0250851
0.025085
0.0250836
0.0250811
0.0250808
0.0250823
0.0250809
0.0250836
0.0250835
0.0250827
0.0250787
0.0250825
0.0250835
0.0250816
0.0250833
0.025083
0.0250802
0.0250824
0.0250821
0.0250826
0.0250811
0.0209068
0.0250237
0.0250003
0.0248881
0.02499
0.0249728
0.0250417
0.0250117
0.0250078
0.0249822
0.0250159
0.0250861
0.0250257
0.0250224
0.0250082
0.0250274
0.0250311
0.0250225
0.0250304
0.0250436
0.0250359
0.0250326
0.0250649
0.0250477
0.02506
0.0250651
0.0250518
0.0250528
0.0250721
0.0250656
0.0250469
0.0244672
0.0233011
0.0231352
0.0236123
0.0247096
0.0239084
0.0249106
0.0241719
0.0246703
0.0245453
0.024783
0.0248791
0.0250798
0.0250798
0.0249881
0.0249389
0.0250285
0.0250309
0.0250109
0.0249975
0.0250075
0.0250364
0.0250145
0.025014
0.025024
0.0250051
0.0250411
0.0250638
0.0250151
0.025038
0.0250664
0.0250396
0.0250273
0.0250667
0.0250728
0.0250391
0.0250498
0.0250392
0.0250483
0.0250532
0.0250431
0.0250506
0.0250567
0.0250669
0.0250525
0.025052
0.0250597
0.02506
0.0250666
0.0250631
0.0250568
0.0250731
0.0250585
0.0250778
0.0249462
0.0244467
0.0249413
0.0247051
0.0249361
0.0249819
0.0249023
0.0248035
0.0249742
0.0250903
0.024813
0.02499
0.0250479
0.0248656
0.0250363
0.0248831
0.0250116
0.0249368
0.0249645
0.0250653
0.025053
0.0249688
0.0249767
0.0250427
0.0250445
0.0250578
0.0250165
0.0250066
0.0250798
0.0250796
0.0250798
0.0250562
0.0250113
0.0250867
0.0250109
0.0250339
0.0250461
0.0250214
0.0250278
0.0250335
0.0250517
0.0250303
0.0250845
0.0250639
0.0250673
0.0250427
0.0250793
0.025062
0.025069
0.0250554
0.0250458
0.0250482
0.0250475
0.0250514
0.0250585
0.0250519
0.0250535
0.0250708
0.0250596
0.0250575
0.0250735
0.0250586
0.0250587
0.0250591
0.0250599
0.0250656
0.0250728
0.0250632
0.0250639
0.0250669
0.0250685
0.0213934
0.0212329
0.0232914
0.0236228
0.0248869
0.0244531
0.0238088
0.0247259
0.0241189
0.0244214
0.0246418
0.0245083
0.0250798
0.0250798
0.0250802
0.0251096
0.0250945
0.0251294
0.0251006
0.0251178
0.025104
0.025116
0.0251195
0.0250774
0.0251162
0.025113
0.0251132
0.02511
0.0251114
0.025113
0.0251111
0.0250893
0.0250915
0.0250988
0.0250902
0.0251053
0.0251074
0.0251037
0.0250981
0.0250848
0.0250939
0.025087
0.0251026
0.0250948
0.0250772
0.0251001
0.025094
0.0250774
0.025091
0.0250936
0.0250946
0.0250959
0.0250919
0.0250956
0.0250903
0.0250882
0.0250854
0.0250857
0.0250935
0.0250892
0.0250894
0.0250794
0.0250904
0.0250845
0.0250848
0.0250883
0.0250891
0.0250885
0.0250904
0.0196677
0.0249162
0.0238584
0.0241978
0.0248141
0.0243789
0.0249253
0.0245008
0.0245621
0.0246229
0.0249336
0.0247332
0.0248703
0.0250598
0.0246951
0.0239171
0.0237595
0.0240243
0.0247896
0.0242156
0.0249446
0.024395
0.024759
0.0246638
0.0248441
0.0249191
0.0250671
0.0196091
0.0208756
0.0214306
0.0220454
0.023853
0.0237568
0.0232158
0.0245123
0.0237105
0.023874
0.0250267
0.0241915
0.0244638
0.0245162
0.0250798
0.0250798
0.025237
0.0251565
0.0251109
0.0251556
0.0251391
0.0251258
0.0251257
0.025125
0.0251292
0.0250796
0.025116
0.0251124
0.0251118
0.0251137
0.0251173
0.0250819
0.0251148
0.0251102
0.0251123
0.0251088
0.0251087
0.0250903
0.02509
0.0250977
0.0250811
0.0250925
0.0251032
0.0251044
0.0250885
0.0250979
0.0250901
0.0251025
0.0250835
0.0250885
0.0250839
0.0250898
0.0250861
0.0250965
0.0250989
0.0250986
0.0250868
0.0250955
0.0250958
0.0250903
0.0250908
0.0250869
0.0250945
0.025094
0.0250787
0.0250815
0.0250896
0.0250921
0.025081
0.0250883
0.0250881
0.0250798
0.0231512
0.023752
0.02425
0.0250373
0.0246577
0.0248043
0.0243133
0.0245243
0.0246758
0.0245784
0.0245036
0.0250087
0.0248403
0.0246112
0.0247841
0.0249915
0.0249236
0.0250121
0.0249997
0.0249618
0.0248117
0.0249809
0.0249902
0.0249946
0.0249915
0.0248808
0.0248928
0.0239823
0.0241293
0.0246596
0.0247958
0.0248738
0.0249308
0.0248032
0.0249389
0.0249525
0.0249151
0.0249634
0.0249987
0.0249623
0.0249685
0.0250783
0.0248583
0.0248968
0.0248055
0.0241492
0.0246197
0.02426
0.0248258
0.0248198
0.0249204
0.0247876
0.0248084
0.0249805
0.024966
0.0248091
0.0250798
0.0250102
0.0248811
0.0249241
0.0249285
0.0250442
0.0249203
0.0249541
0.0249951
0.0249935
0.0249848
0.0249666
0.0250033
0.0250443
0.0249788
0.024979
0.0250286
0.0250183
0.0250063
0.0250021
0.0250242
0.0250328
0.0250149
0.0250629
0.0250668
0.0250674
0.025043
0.0250463
0.0250402
0.0105905
0.0244276
0.0224918
0.022246
0.0239481
0.0240962
0.0242526
0.0238229
0.0244818
0.0248602
0.0247894
0.0244416
0.0247709
0.0246531
0.0242893
0.0235999
0.0229895
0.0247941
0.023353
0.0242459
0.0249512
0.0239747
0.0248863
0.0249102
0.0246877
0.0244514
0.0250415
0.0247049
0.0250798
0.0250827
0.0250838
0.0250855
0.0251312
0.0250889
0.0250981
0.0251125
0.0251273
0.025109
0.0250825
0.0251067
0.0250925
0.0251021
0.0251093
0.0251083
0.0251034
0.0251017
0.0251093
0.0250886
0.0251071
0.0250928
0.0250783
0.0251065
0.0251031
0.0250966
0.0251048
0.0251024
0.0250865
0.0250798
0.0250924
0.0251007
0.0250972
0.0250938
0.0250906
0.0250986
0.0250935
0.0250976
0.0250829
0.0250948
0.0250949
0.0250926
0.0250942
0.0250925
0.0250871
0.0250784
0.0250926
0.0250877
0.0250895
0.025091
0.0250913
0.0250816
0.0250904
0.0250883
0.0250818
0.0250858
0.0250897
0.0250855
0.0250852
0.0250847
0.0214767
0.0233958
0.022881
0.0237879
0.02396
0.0238936
0.024219
0.0246298
0.0244994
0.0246877
0.024179
0.0244982
0.0243989
0.0241352
0.0243918
0.0249888
0.0249407
0.0249605
0.0248846
0.0248634
0.024899
0.0248727
0.0248934
0.0249882
0.0249003
0.0249426
0.0249659
0.0249601
0.0249904
0.0249919
0.0250485
0.0250535
0.0250379
0.0250157
0.0250419
0.0250579
0.0250062
0.0250562
0.0250065
0.0250385
0.0250108
0.0250629
0.0250642
0.0246938
0.0249231
0.0249805
0.024994
0.0250792
0.0250189
0.0250592
0.0250438
0.0250287
0.0250234
0.0250277
0.0250257
0.025074
0.0250322
0.0250355
0.0250347
0.025054
0.0250487
0.0250548
0.0250457
0.0250571
0.0250816
0.0250629
0.0250658
0.0250655
0.0250742
0.0250648
0.0250649
0.0250716
0.025076
