0.00854423
0.00285684
0.00424635
0.00480621
0.00443357
0.00327785
0.00222112
0.000315253
0.00210735
0.0019637
0.000183985
0.00115416
0.000935129
0.000727513
0.00013981
0.00013981
0.0001968
0.000169182
0.000141693
0.00014892
0.000149883
0.000145662
0.00014487
0.000149927
0.000158516
0.000152707
0.000132668
0.000145859
0.000154767
0.000132127
0.000153136
0.000144117
0.000140345
0.000151412
0.000152381
0.000150771
0.000149421
0.000138432
0.000146244
0.000145475
0.000136692
0.00015059
0.000137141
0.000136839
0.00014927
0.00014722
0.00014337
0.00014677
0.000148028
0.000147497
0.000145142
0.000142608
0.000135193
0.000141937
0.000147207
0.000140344
0.000135682
0.000144707
0.000145687
0.000146231
0.000144745
0.000145506
0.00014456
0.000141512
0.000144239
0.000144481
0.000139133
0.000144256
0.000138673
0.000144357
0.000139368
0.000355627
0.000143463
0.000144213
9.85295e-05
0.000455678
4.19249e-05
0.000148069
0.000171396
0.000172615
0.000283913
0.000246063
0.000228551
0.000225653
0.000258218
0.000251639
0.00011499
6.95106e-05
0.000132411
0.000115863
7.64246e-05
8.1165e-05
8.23886e-05
0.000203708
8.51985e-05
8.74843e-05
0.000200021
9.39767e-05
0.00019352
9.48205e-05
0.000122118
0.000113643
0.000100022
0.000154244
0.000109266
0.000159458
0.000114589
0.000115999
0.000173598
0.000138932
0.000119975
0.000121094
0.00016411
0.000168666
0.000169652
0.000119799
0.000139518
0.000126364
0.000365616
0.000341002
0.000265589
0.000218755
0.000133953
8.15749e-05
3.23571e-05
1.60175e-05
2.20063e-05
1.76129e-05
7.34385e-06
3.55923e-05
1.46429e-05
0.00010234
3.07639e-05
9.40499e-05
9.83781e-05
4.09919e-05
7.93011e-05
6.01226e-05
4.85233e-05
5.7231e-05
0.000186649
9.53473e-05
9.86044e-05
7.13939e-05
0.00018121
0.000118752
8.5178e-05
0.00012873
0.000158149
9.44589e-05
9.02283e-05
0.000140847
0.000167701
0.000123564
0.000142572
0.000105535
0.000100743
0.000100549
0.000131803
0.000139693
0.000134424
0.000137783
9.45916e-05
9.43354e-05
0.000190916
3.93915e-06
3.50904e-05
3.07186e-05
4.29998e-05
4.39749e-05
6.05592e-05
7.2252e-05
7.06664e-05
6.36256e-05
0.000118531
7.15346e-05
0.000113691
0.000115734
7.86341e-05
0.000104575
8.73274e-05
8.36559e-05
8.69941e-05
0.000172453
0.0001127
0.00011465
9.69449e-05
0.000168678
0.000126595
0.000104841
0.000132728
0.000152018
0.000108909
0.000107521
0.000140488
0.000159107
0.00012928
0.000141634
0.000116142
0.00011346
0.000113451
0.000139472
0.000132848
0.000339625
4.78166e-05
5.55094e-05
8.04285e-05
7.49744e-05
4.27778e-05
0.000121894
0.000153956
7.70126e-05
0.000153531
1.7803e-05
6.45776e-05
7.32218e-05
0.000151071
1.64116e-05
0.000102812
3.70441e-05
0.000100335
8.08732e-05
5.08401e-05
9.15494e-05
7.1435e-05
9.51482e-05
7.49116e-05
0.00013981
0.000139541
0.000120436
0.000137891
0.000125448
0.000128741
7.16229e-05
7.56908e-05
0.000167536
9.70435e-05
0.000134499
9.55294e-05
0.000141104
9.4191e-05
9.80161e-05
0.000160174
0.000163421
0.000124866
0.000160908
0.000122758
0.000130736
0.000126983
0.000148177
0.000112801
0.000138053
0.000155919
0.000137122
0.000120551
0.000156055
0.000117063
0.000119261
0.000144017
0.000140356
0.000131237
0.000133654
0.000153236
0.000129986
0.000125829
0.000136747
0.000150457
0.000125416
0.00013319
0.000144399
0.000145968
0.00013981
0.000930511
0.000181063
0.000334714
8.71413e-05
5.12175e-05
4.35667e-05
1.15173e-05
5.57822e-05
0.000206068
2.60605e-05
5.82672e-05
0.000103167
0.000187252
0.000101527
6.15558e-05
6.8388e-05
0.000104285
3.61937e-05
1.26545e-07
0.000141472
0.000147137
5.54736e-06
4.62311e-05
3.22836e-06
0.000160249
2.95524e-05
0.000110126
4.14255e-05
5.84217e-05
8.02851e-05
7.68294e-05
8.72585e-05
0.00014438
9.43825e-05
0.000138012
8.8994e-05
7.86558e-05
7.59277e-05
8.75132e-05
8.83413e-05
0.000114853
0.000212645
0.00013981
0.000118813
0.000160306
0.000144677
0.00012788
0.000142622
0.000144253
0.000131049
0.000132126
0.000152621
0.000131897
0.000152337
0.000146109
0.000138056
0.000148697
0.000148878
0.000144042
0.000148764
0.000136429
0.000148693
0.000146314
0.00014549
0.000134531
0.000147672
0.000138013
0.000146733
0.000134077
0.000142034
0.000144049
0.000146055
0.000139032
0.000141068
0.000144745
0.000144649
0.000145001
0.000144737
0.000136361
0.000143755
0.000143449
0.000143542
0.000141356
0.000139687
0.00388164
0.00015872
0.000198064
3.64454e-05
9.8426e-05
1.42617e-05
6.93326e-05
6.32825e-05
6.18475e-05
7.2568e-06
0.000114292
3.83691e-05
4.68626e-05
0.00536049
3.91298e-05
0.000852009
0.000442488
0.000305715
0.000443244
0.000263664
1.56637e-05
0.00016326
0.000329281
0.000205002
0.000225933
0.000258003
0.000206195
0.000175603
4.0882e-05
0.000139567
1.61279e-06
0.000115725
8.07723e-05
0.000117285
5.94593e-05
0.000165799
4.95875e-05
2.02123e-05
8.08335e-05
6.26689e-05
9.9111e-06
6.36949e-05
0.000139142
0.000150721
0.000135607
0.000144909
0.000126039
0.000124173
0.000125801
0.000119738
0.000131169
0.000127738
0.00012317
0.000151805
0.000156399
0.000134943
0.000151394
0.000153608
0.000133042
0.00015122
0.000148734
0.000132958
0.000132365
0.000151042
0.000137054
0.000140621
0.000149886
0.000135685
0.000149393
0.000132519
0.000131902
0.000133034
0.000144841
0.000135988
0.000132522
0.000143492
0.000146558
0.000142998
0.000135357
0.000142634
0.000144107
0.000135221
0.000135272
0.000139796
0.000139195
7.74149e-05
4.45373e-05
3.56632e-05
2.88313e-05
0.000132259
2.37662e-08
5.59482e-05
1.83775e-05
0.000127297
8.11776e-05
3.83411e-05
8.16235e-05
8.6346e-05
5.70758e-05
8.12797e-05
0.000102597
0.00015746
0.000162336
9.24381e-05
8.73025e-05
8.34581e-05
8.84897e-05
9.72825e-05
0.000133492
0.000105363
0.000129954
0.000112829
0.000131301
0.0015866
0.00204095
0.00139098
0.00152159
0.000720068
0.000735945
0.000775869
0.000459062
5.44135e-05
0.000323368
0.00013981
0.000292034
1.02297e-05
6.88525e-05
4.86552e-05
0.000104198
6.49678e-05
5.96357e-05
2.62097e-05
0.000181419
6.94272e-05
3.02528e-05
2.30326e-05
0.000169341
0.000120891
4.36036e-05
9.49066e-05
0.000121732
5.00769e-05
7.00664e-05
0.000141737
0.000144965
6.30943e-05
8.44973e-05
6.77681e-05
0.000152677
7.96301e-05
0.000123802
8.47261e-05
9.56062e-05
0.000107164
0.000102217
0.000107784
0.000143046
0.000111959
0.000139256
0.000109206
0.000104098
0.000103634
0.000108652
0.000110782
0.000125795
7.64606e-05
0.000819254
0.00124937
0.00037463
0.000157597
0.000370791
0.000407042
0.00019301
0.000324045
6.61413e-05
0.000170653
0.000151794
0.00010354
0.000112077
6.87446e-05
0.000171208
3.44464e-05
4.66365e-05
1.35897e-05
0.00013832
7.55569e-05
0.000125053
9.2201e-05
7.99091e-05
4.67615e-05
2.59816e-05
0.000124933
0.000136786
0.00013981
5.11543e-05
0.000123642
0.000127319
9.44016e-05
7.82866e-05
3.11854e-05
0.000153966
3.71578e-05
0.000122481
8.41797e-05
7.16572e-05
8.86216e-05
6.60209e-05
0.000163882
9.56853e-05
0.000111766
0.000143902
8.20558e-05
0.000125686
0.000164836
8.28672e-05
8.44209e-05
0.000104029
0.000132384
9.52917e-05
0.000119507
0.000101969
0.000149946
0.000141072
0.000107384
0.00011203
0.000128447
0.000113288
0.000114507
0.000151194
0.000152017
0.000115896
0.000121816
0.000138213
0.00013583
0.00015209
0.000141746
0.0109176
0.0052987
0.00137808
0.00197431
0.00129471
0.00141447
0.000726297
0.00043272
0.000127373
0.000456855
0.000504239
0.000504672
0.000425264
0.000168799
0.000180209
0.000207342
0.000142848
0.000152959
0.000230897
0.000158008
0.000160021
0.00015546
0.000186631
0.000137764
0.000155498
0.000137997
0.000167131
0.000177791
0.000172784
0.000164784
0.000121809
0.000137808
0.000168235
0.000139816
0.000163202
0.000168454
0.000167005
0.000139571
0.00015386
0.000166752
0.000149191
0.000161412
0.000129921
0.000126335
0.000133795
0.000159202
0.000160998
0.000149265
0.000136202
0.00015408
0.000129743
0.000158555
0.000154947
0.000156102
0.000139546
0.000137362
0.000133389
0.000145525
0.000132087
0.000149219
0.000135871
0.000137717
0.000147256
0.00013478
0.000153502
0.000144759
0.000134241
0.000151673
0.0126653
0.00186606
0.000936707
0.000922205
0.000280314
0.000336201
1.55857e-05
5.83404e-05
0.000199211
5.97149e-05
0.000157112
8.08087e-05
0.000134668
0.000966412
0.00143704
0.000990858
0.0010735
0.000523269
0.000529621
0.000556542
0.000326097
7.10679e-05
0.000224437
0.000138049
0.00445671
0.00119258
0.0034548
0.000136075
0.000765759
0.00102557
0.00102513
0.000724746
0.000149922
0.000798441
7.13952e-05
0.000286901
0.000250243
0.00013981
0.000496166
0.00013981
0.000154131
0.000143054
0.000246502
0.000237568
0.000147242
0.000185873
0.000105608
0.000182314
0.000195457
0.000192977
0.000177326
0.000173585
0.000177788
0.0001232
0.000178678
0.000176233
0.000166755
0.000166067
0.000124826
0.000173016
0.000168644
0.000119019
0.000123746
0.000158771
0.00016948
0.000158613
0.000161382
0.00013285
0.000138397
0.000146785
0.000126018
0.000161584
0.000153888
0.000158003
0.000159346
0.000146963
0.000133034
0.000155154
0.000134016
0.000156492
0.000153052
0.000137572
0.000138321
0.000155045
0.000137339
0.000154727
0.000146563
0.000147506
0.000153111
0.000132449
0.000140387
0.000152427
0.000149131
0.000139802
0.000139783
0.00231653
0.000560062
0.0010432
0.00079952
5.92845e-05
7.62944e-05
0.000432575
0.000261439
0.000513377
0.000303983
0.000435264
0.000353625
0.000108007
9.79733e-05
8.5922e-05
0.000231593
3.12134e-05
0.000194726
0.000111328
7.05899e-05
0.000115169
8.08765e-05
2.60803e-05
0.000139498
5.47448e-05
2.08297e-05
0.000241726
0.000205757
0.000182297
1.99713e-05
0.000117238
2.30967e-06
1.95371e-05
1.33706e-05
0.000146823
3.21058e-05
1.09087e-05
0.00013981
0.00141278
0.00113395
0.00123466
0.000398688
0.000134394
9.2356e-05
0.000546658
0.000441934
0.000121418
0.000155046
0.000271536
1.94421e-05
8.20571e-05
0.00013955
0.000134322
0.000274413
1.83401e-05
3.47937e-05
5.45621e-05
4.77317e-05
1.83454e-05
0.000123102
0.000152006
8.36826e-05
0.000151715
9.89406e-07
7.24959e-05
8.0135e-05
0.000149663
3.03196e-05
0.000106371
4.81297e-05
0.000104256
8.67879e-05
6.01468e-05
9.62792e-05
7.8249e-05
9.94032e-05
8.12844e-05
0.000563945
9.19008e-05
0.00264268
0.000216299
0.00117282
0.000640829
0.000217665
0.00087623
0.000737918
0.000347699
0.000390965
4.05701e-05
0.00914316
0.00030316
0.00241495
0.00183121
0.00155402
0.00181644
0.000222368
0.000394172
0.000943691
0.000584119
0.000177785
7.3193e-05
0.000584275
0.000380089
0.000152797
0.000203508
0.000142043
0.000142721
0.000173905
0.000221777
0.000188062
0.000177656
0.000175229
0.000191292
0.000159025
0.000120169
0.000183166
0.000177292
0.000179347
0.000125271
0.000144933
0.000169044
0.000171819
0.000169481
0.000138233
0.000143856
0.000166864
0.00015567
0.000133658
0.000166305
0.000159912
0.000164634
0.000149747
0.000142553
0.000147909
0.000151416
0.000129585
0.000152109
0.000157279
0.000135638
0.000129777
0.000157197
0.000136437
0.000143014
0.000157129
0.000143508
0.000156453
0.000152719
0.000147478
0.000142948
0.000139515
0.000146475
0.000153558
0.000134843
0.000136973
0.000152716
0.00014686
0.000148283
0.000143075
0.000148779
0.000147865
0.00014065
0.00014766
0.000143947
9.91147e-05
0.0032935
0.00218946
0.00190915
0.00151461
0.000365107
0.00127533
0.000701729
0.00067074
0.000738905
0.000689223
0.000118478
0.000527511
0.000128693
0.000199104
0.000284432
4.61667e-05
0.000199118
5.78896e-05
0.000114668
0.000119423
8.98207e-05
0.000104447
4.14564e-05
6.25318e-05
2.19892e-05
1.98575e-05
0.000148404
2.75111e-05
4.53747e-07
6.67644e-06
0.00012192
3.59429e-05
1.8066e-05
0.000146125
6.61832e-05
0.00016342
5.72439e-05
8.38169e-05
6.40015e-05
8.60778e-05
0.000154783
0.000129853
4.65869e-05
1.56573e-05
7.80726e-05
7.91029e-05
7.37858e-05
4.0937e-05
9.50769e-05
5.98381e-05
9.99824e-05
8.08247e-05
0.000114686
0.00012807
7.18628e-05
8.60345e-05
0.000136108
9.39668e-05
8.97403e-05
0.000115401
0.000130296
9.39264e-05
0.000102901
0.000101457
0.000104697
0.000106134
0.000123003
0.000134819
0.000110067
0.000136786
0.00011135
