0.0101315
0.0141202
0.0175837
0.0205338
0.0204826
0.0214216
0.0190245
0.0201914
0.0202977
0.021904
0.0221477
0.0210727
0.0214217
0.021425
0.0224368
0.0224494
0.0224281
0.0224286
0.022442
0.0224352
0.022441
0.0224336
0.0224305
0.0224369
0.0224456
0.022449
0.0224391
0.0224473
0.0224438
0.022442
0.0224165
0.0224446
0.0224421
0.0224419
0.0224431
0.0224428
0.0224417
0.0224226
0.0224403
0.0224245
0.0224311
0.0224399
0.0224394
0.0224296
0.022437
0.022438
0.0224356
0.0224297
0.0224221
0.0224369
0.0224352
0.0224359
0.022437
0.0224357
0.0224366
0.0224363
0.0224351
0.022433
0.0224307
0.0224294
0.0224244
0.0224339
0.0224259
0.0224325
0.0224344
0.0224262
0.0224337
0.0224327
0.0224333
0.0224322
0.0224253
0.0224249
0.0224276
0.0224753
0.0224408
0.0224972
0.0224903
0.0224768
0.0226933
0.0227145
0.0223659
0.0226008
0.0224913
0.0223868
0.0223498
0.022546
0.0225714
0.0223478
0.0225288
0.0225288
0.0224874
0.0225286
0.0225048
0.0225212
0.0223913
0.0224032
0.0225148
0.0224149
0.0224002
0.0225005
0.022499
0.0223814
0.0224566
0.0224094
0.0224763
0.022404
0.0224307
0.0223915
0.0223973
0.0223996
0.0224717
0.0224613
0.0224618
0.0224622
0.0224531
0.02246
0.0224276
0.0220499
0.0224543
0.0221032
0.0221536
0.0222357
0.0221869
0.0225343
0.022501
0.0224131
0.0224888
0.0225084
0.022459
0.0222918
0.0224028
0.0223075
0.0225083
0.0224916
0.0224694
0.0223324
0.0223755
0.0224311
0.0224018
0.0224711
0.022483
0.0224848
0.0223589
0.0223711
0.0223768
0.0223998
0.0223773
0.0223704
0.0224514
0.0223841
0.022374
0.0224636
0.0223974
0.0224554
0.0224333
0.0224291
0.0224198
0.0224547
0.0223905
0.0224185
0.0223917
0.0224276
0.0222539
0.0224419
0.0222607
0.0222959
0.0223409
0.0222898
0.0224927
0.0224679
0.0224207
0.0224612
0.0224758
0.0224445
0.0223444
0.0224148
0.022353
0.0224833
0.0224669
0.0224526
0.0223659
0.0223982
0.0224297
0.0224129
0.0224551
0.0224643
0.0224659
0.0223817
0.0223886
0.0223966
0.0224108
0.0223962
0.0223894
0.022443
0.0224002
0.0223925
0.0224518
0.0224084
0.0224462
0.0224313
0.0224286
0.0224226
0.022446
0.0224028
0.0224217
0.0224034
0.0224273
0.0221604
0.022157
0.0222648
0.0224572
0.0222189
0.0222188
0.0222187
0.022268
0.022309
0.0224602
0.0222748
0.0223767
0.0222877
0.0223419
0.0223081
0.0224476
0.0223286
0.0223283
0.0223434
0.0223386
0.022379
0.0223533
0.0223504
0.0223695
0.0223664
0.0224265
0.0223839
0.0224026
0.0224263
0.0224202
0.02234
0.0223772
0.0224582
0.0223975
0.0224144
0.0224089
0.0223825
0.0224244
0.0224656
0.0224577
0.0224022
0.0224164
0.0224053
0.022394
0.0223918
0.0223939
0.0224509
0.022412
0.0224245
0.022409
0.0224069
0.0224034
0.0224024
0.022416
0.0224051
0.0224066
0.0224077
0.0224417
0.0224424
0.0224248
0.0224394
0.0224169
0.0224224
0.0224115
0.0224155
0.0224366
0.0224349
0.0224172
0.0224287
0.0224276
0.0216601
0.0219
0.0220812
0.0222141
0.022349
0.0224016
0.0221734
0.022519
0.0221785
0.0222222
0.0221975
0.0222302
0.0222739
0.0222753
0.0222822
0.0224892
0.0222541
0.022309
0.0224629
0.0222887
0.0224643
0.0224679
0.02231
0.0223209
0.0223106
0.022386
0.022331
0.0223767
0.022332
0.0223647
0.022453
0.0223505
0.0223658
0.0224264
0.0224619
0.0224637
0.0223645
0.0224294
0.0223761
0.0223733
0.0224449
0.022436
0.0223763
0.0223971
0.0224328
0.0224775
0.0224344
0.0224568
0.0224356
0.0224526
0.0224328
0.0224243
0.0224367
0.0224415
0.0224338
0.0224399
0.0224412
0.0224343
0.0224201
0.0224369
0.022429
0.0224324
0.0224363
0.0224371
0.022439
0.0224302
0.0224234
0.0224241
0.0224223
0.0224325
0.0224215
0.0224362
0.0224215
0.0224236
0.0224287
0.0224351
0.0224319
0.0224244
0.0224318
0.0224327
0.0224337
0.0224318
0.0224307
0.0224252
0.0224238
0.0224304
0.0224303
0.0222541
0.0221336
0.0222584
0.0221998
0.0224059
0.022308
0.0222329
0.0223868
0.0224169
0.0223415
0.0223205
0.0223498
0.0224362
0.0224224
0.0209729
0.0223232
0.0220021
0.0219407
0.0223384
0.0218635
0.021889
0.0224782
0.0218854
0.0219596
0.0221673
0.0220508
0.022137
0.0223391
0.0222952
0.0222863
0.0222771
0.0222042
0.0223285
0.0224092
0.022282
0.0224617
0.0224463
0.0224658
0.0222791
0.022292
0.0224597
0.022442
0.0224276
0.022428
0.0224301
0.0224694
0.0224062
0.0224255
0.0224279
0.0224567
0.0224391
0.0224071
0.0224519
0.0224208
0.0224468
0.0224099
0.022444
0.0224447
0.0224218
0.0224453
0.0224379
0.0224422
0.0224175
0.0224174
0.0224359
0.0224216
0.0224407
0.0224381
0.0224396
0.0224394
0.022436
0.0224328
0.0224245
0.0224295
0.022429
0.0224305
0.0224376
0.0224248
0.022432
0.0224351
0.0224291
0.0224356
0.0224247
0.0224289
0.0224348
0.0224221
0.0212746
0.0223964
0.0221796
0.0223585
0.022352
0.0222777
0.0222871
0.0224003
0.0223533
0.0223199
0.0223481
0.0224176
0.0223601
0.0223706
0.0224086
0.0223874
0.0223725
0.0223646
0.0223682
0.0223765
0.0224175
0.0224186
0.0223813
0.0223834
0.0224358
0.0223945
0.0224431
0.0224072
0.0223973
0.0208484
0.0203734
0.021647
0.0206718
0.0222563
0.02149
0.0213531
0.0221328
0.0218054
0.0221922
0.022169
0.0219037
0.0220116
0.0224276
0.0220638
0.0221369
0.0222312
0.0222977
0.0223926
0.0224181
0.0222847
0.0224848
0.0223079
0.0223386
0.0223203
0.0223245
0.0223586
0.0223578
0.0223601
0.0224657
0.022339
0.022359
0.0224492
0.0223557
0.0224502
0.0224524
0.0223637
0.0223728
0.0223659
0.0224063
0.0223741
0.0224011
0.0223748
0.0223942
0.0224434
0.0223835
0.0223943
0.0224277
0.022449
0.0224503
0.0223914
0.0224293
0.0223968
0.022396
0.0224385
0.0224331
0.0223984
0.0224107
0.0224276
0.0225644
0.0221734
0.0221587
0.0222417
0.0219805
0.0225278
0.0221867
0.0220472
0.0222815
0.0224984
0.0221733
0.0222334
0.0222451
0.0222219
0.0224745
0.0223314
0.022268
0.0222801
0.0222895
0.0223412
0.0223427
0.0223455
0.0223601
0.022379
0.0223729
0.0224204
0.0224276
0.0213998
0.0224251
0.0223849
0.0223844
0.0223899
0.022464
0.0223121
0.0223336
0.0223989
0.0223421
0.0224383
0.0224077
0.0223858
0.0223621
0.0224493
0.0223943
0.0223717
0.0223832
0.0224491
0.0224561
0.0223746
0.0224391
0.0223823
0.022383
0.0224265
0.0223882
0.0224175
0.0223996
0.0223893
0.022393
0.0224439
0.0223934
0.0224042
0.0224068
0.022399
0.022405
0.0224089
0.0224012
0.0224294
0.0224028
0.0224213
0.0224096
0.0224261
0.0224132
0.0925834
0.0169294
0.0201929
0.0203074
0.0203759
0.0222395
0.0209721
0.0221019
0.0224116
0.0224141
0.0219016
0.0221434
0.0218947
0.0230397
0.0224276
0.0225632
0.0224353
0.0224361
0.0224491
0.0225309
0.0224513
0.0224672
0.0224163
0.0224809
0.0224172
0.0224351
0.0224214
0.0224714
0.0224499
0.0224728
0.0224405
0.0224722
0.0224597
0.0224566
0.0224669
0.0224143
0.022458
0.0224626
0.0224348
0.0224336
0.0224109
0.0224582
0.0224289
0.0224578
0.0224258
0.0224188
0.0224504
0.0224517
0.0224225
0.0224367
0.0224466
0.0224208
0.0224512
0.0224492
0.0224458
0.0224313
0.0224381
0.0224476
0.0224463
0.0224474
0.022445
0.0224176
0.0224177
0.0224441
0.0224437
0.022425
0.0224271
0.0224227
0.0224415
0.0224217
0.0224224
0.0224404
0.0224217
0.0364084
0.0200923
0.0215417
0.0216212
0.0219138
0.0217984
0.0219315
0.0224693
0.0224634
0.0223152
0.0221274
0.0224344
0.0224276
0.0220076
0.0212698
0.0214991
0.0212002
0.0213441
0.0214326
0.0217113
0.0224528
0.0221764
0.0219981
0.0220854
0.0224276
0.0215797
0.0218245
0.0191521
0.0203639
0.0215397
0.0208829
0.0212163
0.0223619
0.0213066
0.0213718
0.0221214
0.0223933
0.0224276
0.0224276
0.0224278
0.022498
0.0224478
0.022453
0.0224566
0.0224434
0.0224396
0.0224575
0.0224778
0.0224265
0.0224542
0.0224587
0.02248
0.0224312
0.0224678
0.0224063
0.0224336
0.0224701
0.0224209
0.0224475
0.0224695
0.0224135
0.022452
0.0224104
0.0224335
0.0224093
0.0224506
0.0224606
0.0224599
0.0224159
0.0224556
0.0224595
0.0224375
0.0224468
0.0224547
0.0224545
0.0224326
0.0224403
0.0224533
0.0224296
0.0224455
0.022444
0.0224497
0.0224414
0.0224188
0.0224266
0.0224247
0.0224159
0.0224164
0.0224457
0.0224169
0.0224193
0.022444
0.0224322
0.0224431
0.0224195
0.022422
0.0248416
0.0140445
0.0222435
0.021442
0.0215744
0.0219174
0.0222344
0.0219348
0.0225095
0.0218874
0.0219872
0.021798
0.0218227
0.0221774
0.0219883
0.0221797
0.0220436
0.0223658
0.0220869
0.0220501
0.0221331
0.0223012
0.0224537
0.0222255
0.0221653
0.0222001
0.0222206
0.0223461
0.0222224
0.0222335
0.0224276
0.0223613
0.0219725
0.0222091
0.0220937
0.0222869
0.0223497
0.0222392
0.0223498
0.0223993
0.0224021
0.022417
0.0223203
0.0482437
0.0205411
0.0220754
0.0224594
0.0213812
0.0220367
0.0220729
0.0217114
0.0219941
0.0224149
0.0223498
0.0224193
0.0222257
0.0222316
0.0224276
0.0224276
0.0223591
0.0222442
0.0222547
0.0222896
0.0222727
0.0222382
0.0224759
0.0223844
0.0223589
0.0223196
0.0224046
0.0223793
0.0223133
0.0224353
0.0224349
0.0223756
0.022395
0.0223719
0.0223622
0.0223741
0.0223844
0.0223649
0.0224016
0.0223766
0.0223866
0.0223808
0.0224276
0.0194238
0.0203657
0.0213419
0.0204581
0.0205587
0.0210696
0.0213556
0.0214241
0.022244
0.0216871
0.0217815
0.0224139
0.0219928
0.0220176
0.0224276
0.0178989
0.0195405
0.0200523
0.0212538
0.0216175
0.0209766
0.0212799
0.0213056
0.0215457
0.0221443
0.0223854
0.0220018
0.0224276
0.0224276
0.0225059
0.0224958
0.0225022
0.0225185
0.0224721
0.0224899
0.02245
0.022471
0.0224089
0.0224691
0.0224706
0.0224408
0.0224483
0.022465
0.0224565
0.0224519
0.022443
0.0224164
0.0224473
0.022437
0.0224426
0.0224143
0.0224108
0.0224523
0.0224277
0.0224508
0.022449
0.0224501
0.022421
0.0224476
0.0224151
0.0224522
0.0224493
0.0224166
0.0224436
0.0224477
0.0224476
0.0224441
0.0224366
0.022445
0.0224282
0.0224329
0.0224434
0.0224293
0.0224402
0.0224416
0.0224429
0.0224422
0.0224252
0.0224341
0.0224194
0.0224343
0.0224361
0.0224401
0.0224296
0.0224339
0.0756939
0.0177949
0.0213435
0.0206668
0.020361
0.0213867
0.0207822
0.0215805
0.0212008
0.0223677
0.0214553
0.0217413
0.0216655
0.0218982
0.0224276
0.0223929
0.0221154
0.0222679
0.0224554
0.0223471
0.0222128
0.022302
0.0222665
0.0224102
0.0223588
0.022247
0.0223221
0.0222998
0.0224277
0.0222848
0.0223295
0.0223791
0.0223264
0.0224602
0.0223429
0.0223544
0.022344
0.022365
0.0223489
0.0224171
0.022381
0.0224341
0.0203047
0.021038
0.0224119
0.0223754
0.02232
0.0224128
0.0223539
0.0223881
0.0223536
0.0223626
0.0223609
0.0224408
0.0224427
0.0223754
0.0224186
0.0223898
0.022426
0.022386
0.0223876
0.0224365
0.0223927
0.0224454
0.0223939
0.0223981
0.0224169
0.0224009
0.0224076
0.0224032
0.0224279
