0.205045
0.00200874
0.0105927
0.0100114
0.00851971
0.0115015
0.00965827
0.0112645
0.010778
0.0127798
0.0113547
0.0117458
0.0117126
0.0121035
0.0131049
0.0133285
0.0131061
0.0131357
0.0131256
0.0131182
0.0130988
0.0131186
0.0131244
0.0131157
0.0131122
0.0131005
0.0131199
0.0131169
0.0131193
0.0131066
0.0131177
0.0131169
0.0131148
0.0131127
0.0131086
0.0131037
0.0131155
0.0131123
0.0131143
0.0131037
0.0131119
0.0131134
0.0131026
0.0131118
0.0131098
0.0131112
0.0131079
0.0131012
0.0131078
0.0131018
0.013112
0.0131124
0.0131119
0.0131106
0.0131087
0.0131109
0.0131112
0.0131027
0.0131106
0.0131109
0.0131028
0.0131097
0.0131101
0.0131097
0.0131069
0.0131051
0.0131056
0.0131084
0.0131091
0.0131088
0.0131078
0.0131049
0.0131049
0.0133679
0.0134113
0.0132072
0.013198
0.0130873
0.013112
0.0130789
0.0132613
0.0132124
0.0131545
0.0131214
0.0131346
0.0131288
0.0132066
0.0131942
0.0130856
0.013084
0.0131516
0.0131187
0.013171
0.0131493
0.0131435
0.0130843
0.0130917
0.0131342
0.0131477
0.0131424
0.0131324
0.0131066
0.0131288
0.0130895
0.0131314
0.0131337
0.013136
0.0131253
0.0131331
0.013092
0.0131261
0.0131165
0.013091
0.0131049
0.0131045
0.012909
0.0130433
0.0131647
0.0130585
0.0130253
0.0130961
0.0131579
0.0130537
0.013056
0.0131323
0.0130445
0.0130509
0.0130613
0.0131092
0.0131001
0.0130376
0.0131371
0.0131391
0.0130846
0.0130792
0.0131288
0.0130572
0.0130588
0.0130638
0.0131079
0.0131159
0.0131301
0.0130794
0.0130706
0.0131209
0.0130763
0.0131191
0.0130831
0.0131138
0.0130826
0.0131176
0.0130838
0.0131106
0.0131024
0.0130842
0.0131174
0.0131049
0.0131047
0.0129991
0.0130746
0.0131446
0.0130849
0.0130712
0.0131004
0.013141
0.0130803
0.0130801
0.0131218
0.0130645
0.0130682
0.0130819
0.0131074
0.0131021
0.013065
0.0131266
0.0131286
0.013093
0.01309
0.0131208
0.0130758
0.0130756
0.0130796
0.0131068
0.013112
0.0131225
0.0130871
0.0130832
0.0131157
0.0130868
0.0131144
0.0130897
0.0131108
0.0130906
0.0131135
0.0130903
0.0131087
0.0131033
0.0130907
0.0131134
0.0131049
0.0131049
0.0130126
0.0128181
0.0129336
0.0130758
0.0129204
0.0129878
0.0130609
0.0129726
0.0131118
0.0130643
0.0130112
0.0131169
0.0130037
0.0130534
0.0130567
0.013101
0.013118
0.0130217
0.0130223
0.0130863
0.0130952
0.0130392
0.0131114
0.0130733
0.0130885
0.0130525
0.0129576
0.0131033
0.0130232
0.0131023
0.0131008
0.0131307
0.0131157
0.013099
0.0130692
0.0130888
0.0130779
0.0131258
0.0130804
0.0131193
0.0131004
0.0130841
0.01308
0.0130896
0.0130878
0.013094
0.0130965
0.013106
0.0130995
0.0131121
0.0130894
0.0131155
0.0130937
0.013115
0.0131081
0.0131126
0.013092
0.0130917
0.0131101
0.0131051
0.0130939
0.013095
0.0131064
0.0130953
0.013095
0.0131075
0.0130952
0.0131014
0.0131078
0.0131108
0.0131101
0.0128637
0.0131048
0.0129427
0.0128335
0.0130252
0.0129434
0.0129947
0.0129404
0.0128793
0.0129175
0.0130711
0.0129634
0.0129792
0.0130454
0.0130518
0.013127
0.0130448
0.0131127
0.0131218
0.0130907
0.013019
0.01299
0.0130106
0.0130146
0.0130872
0.0130524
0.0131018
0.0130493
0.0131266
0.0130265
0.0130931
0.0130709
0.0130791
0.0130715
0.013046
0.0131029
0.013121
0.0131206
0.0130625
0.0131199
0.0131166
0.0130723
0.0130718
0.0130687
0.0131572
0.0131344
0.0131076
0.0131103
0.0131149
0.0131251
0.0131175
0.0131175
0.0131078
0.0131125
0.0131164
0.0131142
0.0131169
0.0131157
0.0131157
0.0131128
0.013108
0.0131152
0.013107
0.0131055
0.0131043
0.0131076
0.0131091
0.013111
0.0131046
0.0131029
0.0131058
0.0131091
0.013111
0.0131021
0.0131104
0.0131102
0.0131093
0.0131089
0.0131086
0.0131098
0.0131091
0.0131052
0.0131057
0.0131094
0.0131078
0.0131085
0.013107
0.0131079
0.0131086
0.0128425
0.0126955
0.0128883
0.0130202
0.0128135
0.0129462
0.0128906
0.0129119
0.0130815
0.0129979
0.0130254
0.0130541
0.0130652
0.0131031
0.0123908
0.0127399
0.0125116
0.0130127
0.0125507
0.0125949
0.0125521
0.0126742
0.0126714
0.0128423
0.012653
0.0131381
0.0127798
0.0129632
0.0128028
0.0130043
0.013132
0.0128514
0.0129167
0.0129462
0.0130682
0.0129344
0.0129963
0.0129579
0.0130626
0.0129813
0.0130522
0.0130111
0.0131082
0.0131348
0.0131368
0.0131123
0.0131088
0.0131061
0.0131232
0.0130984
0.0131222
0.0130934
0.0131203
0.0130939
0.0131184
0.0131144
0.0131155
0.0130998
0.0130994
0.0131132
0.0131065
0.0131097
0.013098
0.0131114
0.0131136
0.0131056
0.0131041
0.0130992
0.0131123
0.013112
0.0131071
0.0131002
0.0131022
0.0131109
0.0131034
0.0131105
0.0131068
0.0131014
0.0131083
0.01311
0.0131068
0.0131076
0.0131028
0.0131027
0.013104
0.0131017
0.0129491
0.0127384
0.0129797
0.0129303
0.0129433
0.0130108
0.0130016
0.013052
0.0130558
0.0131278
0.0130679
0.0130369
0.013065
0.0130482
0.0130427
0.0130447
0.0130408
0.0130466
0.0130588
0.0130998
0.0130914
0.0131062
0.0130728
0.0130787
0.013073
0.0130696
0.0130829
0.0130818
0.0119634
0.0122581
0.0113927
0.0113256
0.0114713
0.0127659
0.0129206
0.0129433
0.0122889
0.012658
0.0126431
0.0127262
0.0126686
0.0126721
0.0130085
0.0131048
0.0130054
0.0129726
0.013073
0.0130105
0.0130531
0.0130364
0.0129965
0.0130082
0.0130885
0.0130269
0.0130474
0.013068
0.0130787
0.0131189
0.0130751
0.0131104
0.0131157
0.0130978
0.013062
0.0130451
0.0130532
0.0130554
0.0130956
0.0130737
0.0131038
0.0130723
0.0131186
0.013063
0.0130987
0.0130865
0.0130908
0.0130846
0.0130721
0.0131041
0.013115
0.0131148
0.0130801
0.0131144
0.0131123
0.0130867
0.0130864
0.0130837
0.0103985
0.0120994
0.0128757
0.0126786
0.0124633
0.012603
0.0129777
0.0130369
0.0130011
0.0131295
0.0128878
0.0128424
0.0128699
0.0130561
0.0129811
0.012916
0.012929
0.0129987
0.0130296
0.0130115
0.0130267
0.013095
0.0130032
0.0130869
0.0130447
0.0130242
0.0130897
0.0131036
0.0128504
0.0130654
0.0129292
0.0130383
0.0130448
0.0131051
0.0131276
0.0130956
0.0130694
0.0130495
0.013052
0.0130469
0.0131154
0.0130516
0.0130612
0.0131195
0.0130826
0.0130724
0.0131205
0.0130867
0.0130767
0.0130762
0.0131008
0.0130704
0.0130909
0.0130826
0.013107
0.0130808
0.0131162
0.0130865
0.013077
0.0130887
0.0130822
0.0130831
0.0131034
0.0131025
0.0130861
0.0131114
0.0131089
0.0131128
0.0130922
0.0130943
0.0130881
0.0121295
0.0119481
0.0109868
0.0110936
0.0116203
0.0128741
0.0127546
0.0120377
0.012473
0.0121791
0.0123789
0.0125324
0.0126249
0.0125173
0.0131347
0.013105
0.0131566
0.0131068
0.0132145
0.0131354
0.0131526
0.0131332
0.0131323
0.0131369
0.0131466
0.0131282
0.0131357
0.0131312
0.0130912
0.0131465
0.0131431
0.0131055
0.0131439
0.0131377
0.013135
0.0131009
0.0131334
0.0131244
0.0131241
0.0131137
0.0131163
0.0131294
0.0131195
0.013131
0.0131111
0.0131134
0.0131253
0.0131153
0.0131162
0.0131225
0.0131155
0.0131025
0.0131176
0.0131052
0.0131241
0.0131233
0.0131138
0.0131013
0.0131195
0.0131152
0.0131217
0.0131208
0.0131096
0.0131095
0.013117
0.013113
0.0131126
0.0131103
0.0131051
0.0131175
0.013116
0.0131154
0.0131047
0.0127339
0.012185
0.0124216
0.0128245
0.0125032
0.0127196
0.0130019
0.0126284
0.0127885
0.0129092
0.0127829
0.012838
0.0123781
0.0124435
0.0118801
0.0118581
0.0119486
0.0128368
0.0129587
0.0129763
0.0124856
0.0127562
0.0127445
0.0128058
0.0127625
0.0127642
0.0101049
0.0111796
0.00898051
0.00961315
0.0128186
0.010279
0.0124434
0.0130719
0.0126175
0.0127761
0.0130833
0.0126791
0.0123586
0.0127133
0.0133488
0.0131419
0.0131585
0.0132247
0.0131296
0.0131424
0.013146
0.0131774
0.0131498
0.013136
0.0131352
0.013146
0.0131254
0.0130994
0.0131321
0.0131473
0.01312
0.0131373
0.0131451
0.0131317
0.0131337
0.0131048
0.0131192
0.0131188
0.0131138
0.0131307
0.0131006
0.0131101
0.0130948
0.0130976
0.0131179
0.0131301
0.0131297
0.0131151
0.0131275
0.0131241
0.0131197
0.0131271
0.0131135
0.0130976
0.0131258
0.0131019
0.0130997
0.013105
0.0131061
0.0131044
0.0131221
0.0131181
0.0131018
0.0131139
0.0131187
0.0131099
0.0131121
0.0131049
0.0131114
0.0131167
0.0131172
0.0131109
0.0131007
0.00814898
0.0125394
0.0120412
0.0120352
0.0121222
0.0122764
0.0126388
0.0125035
0.0123267
0.013011
0.0126252
0.0129287
0.0125985
0.0129869
0.0130341
0.012783
0.0126533
0.0129069
0.0127451
0.0129188
0.0131026
0.0130851
0.0129068
0.0128545
0.0128653
0.0129902
0.0130904
0.0129697
0.0129095
0.0122002
0.0124549
0.0129976
0.0127613
0.0130464
0.0127912
0.0129808
0.0129749
0.0130377
0.0129962
0.0129318
0.0129754
0.0129816
0.0130464
0.0130338
0.0111513
0.0113682
0.0120615
0.0127753
0.012494
0.0129217
0.0126867
0.0126747
0.0130253
0.0130668
0.0130151
0.0129243
0.0130019
0.0121553
0.0128508
0.0130139
0.0129605
0.0129399
0.0130375
0.0129439
0.0129522
0.0130648
0.0129809
0.0129716
0.0130869
0.0130942
0.0130788
0.0130339
0.0131054
0.0130566
0.0130846
0.0130601
0.0130337
0.0130355
0.0131118
0.0130655
0.0130903
0.0130631
0.013055
0.0130726
0.0130588
0.00992113
0.00755108
0.00952683
0.0103772
0.0126908
0.0113224
0.0120145
0.0120814
0.0124515
0.0126221
0.0130117
0.0130187
0.0125118
0.0130574
0.0129324
0.0128268
0.00938181
0.0105338
0.0108206
0.0110944
0.0127229
0.0122872
0.0120371
0.0129827
0.0125993
0.0124369
0.0122545
0.0126818
0.0129233
0.0125439
0.0131049
0.0131049
0.0131908
0.013224
0.013109
0.0131787
0.0131339
0.0131231
0.0131352
0.0131282
0.0131373
0.0131309
0.0131296
0.0131365
0.0131413
0.013129
0.013139
0.0131328
0.0131283
0.0131311
0.0131205
0.0131316
0.0131292
0.0131192
0.013117
0.0131131
0.0131186
0.0130985
0.0131263
0.0131175
0.0131021
0.0131246
0.0131136
0.0131181
0.0131141
0.0131155
0.0130994
0.0131209
0.0131193
0.0131174
0.0131159
0.0131192
0.0131187
0.0131181
0.013109
0.0131106
0.0131166
0.0131105
0.0131117
0.0131127
0.0131111
0.0131125
0.0131021
0.0131107
0.00964527
0.0116511
0.0111882
0.0110462
0.0111566
0.0115507
0.0119612
0.0128393
0.0120285
0.0120821
0.01295
0.0124393
0.0125447
0.0126451
0.0124968
0.0130357
0.0128257
0.0127843
0.0129611
0.012897
0.0129663
0.0128877
0.0129582
0.0130624
0.0129629
0.0129539
0.013048
0.0129751
0.0129581
0.0129893
0.0130631
0.0129848
0.0131118
0.0130183
0.0130159
0.0130127
0.0130515
0.0131064
0.013031
0.0130681
0.0130651
0.0130451
0.0130799
0.0129898
0.0129129
0.0129607
0.0130634
0.0130008
0.0130692
0.0130425
0.013051
0.0130424
0.0130476
0.0130848
0.0131122
0.0130787
0.0130531
0.0131153
0.0130733
0.0130612
0.0130854
0.0131088
0.0130852
0.0130869
0.0130731
0.0130738
0.0130794
0.0131075
0.0130811
0.0131094
0.0130842
0.0130846
0.0130894
