0.0169752
0.01985
0.0244785
0.0219827
0.023837
0.0223799
0.0237422
0.0224008
0.0236148
0.0234553
0.0234281
0.0242612
0.0241651
0.0239763
0.0249254
0.0248126
0.0248722
0.0248145
0.024822
0.0248167
0.024851
0.0248017
0.0248013
0.0248208
0.0248361
0.0248329
0.024835
0.0248328
0.0248355
0.0247984
0.0248338
0.0248257
0.024831
0.0248253
0.0248281
0.024816
0.0248194
0.0248265
0.0248061
0.0248066
0.0248272
0.0248266
0.0248038
0.0248263
0.0248254
0.0248242
0.0248085
0.0248194
0.0248074
0.0248044
0.0248239
0.0248191
0.0248072
0.0248221
0.02482
0.0248224
0.0248225
0.0248222
0.0248211
0.0248214
0.0248174
0.0248078
0.0248199
0.0248208
0.0248092
0.0248092
0.0248193
0.0248176
0.0248192
0.0248192
0.0248151
0.0248192
0.0255371
0.0249817
0.0244636
0.0248127
0.0250188
0.0246872
0.0246637
0.0248172
0.0250974
0.0250787
0.0247825
0.0248431
0.0249698
0.0249984
0.0246861
0.0249574
0.0246963
0.024789
0.0249586
0.0249564
0.0247188
0.0249471
0.0247255
0.0249318
0.0249057
0.0249172
0.0247347
0.0247398
0.0247449
0.024859
0.0248823
0.0247606
0.0247492
0.024888
0.0247691
0.0248309
0.0248706
0.0247721
0.0247928
0.0248602
0.0248474
0.0247716
0.0248084
0.0248522
0.0248126
0.0241336
0.0244101
0.0248023
0.0248652
0.0246437
0.0249532
0.0247531
0.0245449
0.0248773
0.0249358
0.0249603
0.0249439
0.0249383
0.0249396
0.0249136
0.0249195
0.0246754
0.0248429
0.0248287
0.0246901
0.0247066
0.0248679
0.0247112
0.0248963
0.0248731
0.0248033
0.0247297
0.0248622
0.0248484
0.0247974
0.0247793
0.0247531
0.0248132
0.0248678
0.0247492
0.0248643
0.0248637
0.0247554
0.0247582
0.024859
0.0248542
0.0248549
0.0247647
0.0248126
0.0244958
0.0246402
0.0248084
0.0248369
0.0247396
0.0248906
0.0247869
0.0246601
0.0248454
0.0248824
0.0249094
0.0248993
0.0248926
0.0248988
0.0248739
0.0248787
0.0247233
0.02483
0.0248217
0.0247378
0.0247401
0.0248458
0.0247439
0.0248684
0.0248511
0.024807
0.0247556
0.0248444
0.0248352
0.0248032
0.0247919
0.0247747
0.024813
0.0248503
0.0247706
0.0248486
0.0248479
0.0247735
0.0247754
0.0248445
0.0248411
0.0248418
0.0247802
0.0248126
0.023553
0.024927
0.0246138
0.0246759
0.0245409
0.024716
0.0245672
0.0247226
0.0246042
0.0248297
0.0246395
0.0246743
0.0247058
0.0246772
0.0248011
0.0248212
0.0247021
0.0248252
0.0248336
0.0247447
0.0247221
0.0247808
0.024731
0.0247686
0.0247666
0.0247572
0.0248071
0.0247576
0.0244623
0.0247997
0.0248113
0.0248153
0.0248068
0.0248907
0.0248118
0.0247411
0.0247895
0.0248516
0.0248704
0.024777
0.0247564
0.0248344
0.0248613
0.0248371
0.0247799
0.0248546
0.0247948
0.0248514
0.0247937
0.0247709
0.0247725
0.0248437
0.024778
0.0248051
0.0248099
0.0248131
0.0248055
0.0247912
0.0247833
0.0247846
0.024787
0.0247875
0.0247908
0.024814
0.0248266
0.0248139
0.0248129
0.0248231
0.024812
0.024794
0.0247946
0.0248212
0.0248125
0.0248105
0.0243083
0.0249036
0.0246702
0.0246998
0.024449
0.0247316
0.0246996
0.0245555
0.024756
0.0249322
0.0248927
0.0246718
0.0248563
0.0248825
0.0246905
0.0246603
0.0247438
0.0246689
0.0246569
0.024745
0.0247122
0.0246897
0.0247152
0.0247808
0.0246984
0.0248391
0.0247333
0.0247226
0.0247236
0.0248193
0.0248029
0.0248071
0.0248574
0.0248493
0.0248007
0.0247802
0.0247453
0.0247551
0.0247517
0.0247615
0.0247531
0.0248126
0.0248199
0.0248131
0.0248187
0.0247884
0.0248467
0.0248385
0.0248416
0.0248186
0.0247999
0.0248143
0.0248129
0.0248276
0.024818
0.0248287
0.0248063
0.0248075
0.0248158
0.024815
0.0248269
0.0248071
0.0248272
0.024827
0.0248194
0.0248254
0.0248132
0.0248174
0.0248153
0.0248033
0.024823
0.0248161
0.024804
0.0248214
0.024819
0.0248211
0.0248085
0.0248083
0.0248197
0.0248205
0.0248169
0.02481
0.0248185
0.0248192
0.0248129
0.0248087
0.0248124
0.0244494
0.0248555
0.0248552
0.0246823
0.0245572
0.0247275
0.0247527
0.0246401
0.0246545
0.0247558
0.0247284
0.02472
0.0247103
0.0233405
0.0247842
0.0236165
0.0243236
0.0243176
0.0246911
0.0242592
0.0243996
0.0244222
0.0246461
0.0245748
0.024572
0.0245461
0.0247126
0.0245569
0.0247051
0.0246153
0.0246934
0.0246741
0.0247545
0.0247514
0.024655
0.0246675
0.0248454
0.0246777
0.0248126
0.0248553
0.0248194
0.0248391
0.0248655
0.0247737
0.0248404
0.0247992
0.0248076
0.0247833
0.0248386
0.0248373
0.0248187
0.0248403
0.0248368
0.0248383
0.0248321
0.0248133
0.0248168
0.0248251
0.0248149
0.0248336
0.0248298
0.0247965
0.0248094
0.0248212
0.0248244
0.0248252
0.0248091
0.0248228
0.0248013
0.0248091
0.0248205
0.0248099
0.0248015
0.0248073
0.0248228
0.0248214
0.0248086
0.0248066
0.0248096
0.0248121
0.0248168
0.0248216
0.0247935
0.0247188
0.0246318
0.0247573
0.0248526
0.0247357
0.0247384
0.0248351
0.0246842
0.0247112
0.0247307
0.0248404
0.0247547
0.0248164
0.0247858
0.0247517
0.0248342
0.0247594
0.0248401
0.0247569
0.0248154
0.0247866
0.0247567
0.024765
0.0248277
0.0248062
0.024769
0.0247731
0.0248353
0.0237664
0.0229541
0.022722
0.0249175
0.024259
0.0234433
0.024478
0.0242132
0.0243868
0.0247604
0.0244794
0.024818
0.0245651
0.0248126
0.0247059
0.0248084
0.0247982
0.0247909
0.024822
0.0247804
0.0247777
0.0246929
0.0247678
0.0247485
0.0248829
0.0247889
0.0248599
0.0247494
0.0247119
0.0247097
0.0248206
0.0247462
0.0247724
0.0247591
0.0248238
0.0247442
0.0247531
0.024859
0.0248434
0.0247548
0.0247586
0.0248548
0.0247628
0.0248277
0.0247627
0.024833
0.02478
0.0247713
0.0247719
0.0248395
0.0248417
0.0247738
0.0248272
0.0247794
0.024786
0.0247795
0.0247824
0.0248126
0.0246673
0.0247242
0.0240192
0.0241265
0.0242834
0.0242629
0.0245772
0.0243972
0.0247677
0.0244689
0.0245798
0.0246111
0.0245614
0.0246646
0.0247978
0.0248284
0.024673
0.0246323
0.0246584
0.0246807
0.024824
0.0246657
0.024692
0.0247271
0.0248403
0.0248636
0.0247367
0.0248443
0.0230101
0.0248123
0.0248102
0.0247199
0.0248017
0.0246452
0.0247811
0.024826
0.0248534
0.0247967
0.0247423
0.0248518
0.024726
0.0247536
0.02473
0.0248094
0.0247336
0.0248651
0.0247412
0.0247454
0.024766
0.0247486
0.02484
0.0248386
0.0247565
0.0247572
0.0248279
0.0248371
0.0248297
0.0248154
0.0248454
0.0248074
0.0248056
0.0248401
0.0248257
0.0248387
0.0247779
0.0247836
0.0248258
0.0248076
0.0247854
0.0248224
0.0247867
0.0241914
0.0202014
0.023488
0.0226302
0.0236082
0.0232658
0.0241046
0.0242096
0.0237551
0.0241522
0.0244641
0.024499
0.0242649
0.0244591
0.0266108
0.0248961
0.0248266
0.0249945
0.024816
0.0248287
0.0248387
0.0248377
0.0248843
0.0248881
0.0248643
0.0248784
0.0248584
0.0248414
0.0247847
0.02487
0.0248349
0.024846
0.024801
0.0248554
0.0248009
0.0248565
0.0248421
0.0247912
0.0248441
0.0248267
0.0248464
0.0248504
0.0248507
0.0248396
0.0248063
0.0248433
0.0248055
0.0248036
0.0248353
0.0248347
0.0248411
0.0248419
0.0248383
0.0248381
0.0248019
0.0248345
0.0248314
0.0248319
0.0248335
0.0248169
0.0248343
0.0248345
0.0247984
0.0248059
0.0248303
0.0248275
0.0248272
0.024816
0.0248268
0.0248292
0.0248141
0.0248288
0.0222482
0.0246697
0.0237365
0.0239796
0.0238493
0.024483
0.0243804
0.0241959
0.0242993
0.024502
0.0245721
0.0244644
0.0246894
0.0246137
0.0247512
0.0196704
0.0243756
0.0234519
0.0241437
0.0240909
0.0238052
0.0242711
0.0241461
0.0243955
0.0243206
0.0245213
0.0243804
0.0245241
0.0246661
0.00798876
0.024224
0.0217658
0.0242062
0.0214449
0.0218856
0.0232027
0.0245306
0.024176
0.0235461
0.0239416
0.0238931
0.0239482
0.0244523
0.0244132
0.0269736
0.024839
0.0248464
0.0248355
0.0247649
0.0248222
0.0248472
0.0247757
0.0248751
0.0248428
0.0248052
0.0248458
0.0247667
0.0248803
0.0247767
0.0248707
0.0248641
0.0248241
0.0248682
0.0247813
0.0247847
0.0247982
0.0248595
0.0248599
0.0248541
0.0247833
0.0247884
0.0248583
0.0248478
0.0247882
0.0247849
0.0248362
0.0247941
0.0248392
0.0248475
0.0248422
0.024846
0.0248071
0.0248446
0.0248429
0.0248411
0.0247929
0.0247953
0.0248391
0.0248383
0.0248361
0.0248351
0.0248212
0.0248331
0.0248335
0.0248111
0.0248194
0.0248336
0.0248022
0.0248235
0.0248318
0.0248311
0.0248013
0.0248243
0.0118002
0.0216119
0.0238478
0.0239143
0.0249523
0.0235406
0.0238501
0.0240824
0.0239938
0.0245558
0.0243413
0.0242737
0.0248666
0.0244346
0.0248631
0.0243142
0.0243532
0.0247637
0.0245571
0.0245514
0.0244936
0.0246759
0.0248591
0.0247257
0.0246705
0.0246085
0.0245999
0.024668
0.0231247
0.0237718
0.0244943
0.0245766
0.0247551
0.0246161
0.0247365
0.0246179
0.0247186
0.0246494
0.0247138
0.0246683
0.0246917
0.0247607
0.0248283
0.0247789
0.0245056
0.0234592
0.0241637
0.0237802
0.0242977
0.0241025
0.0242012
0.0243276
0.0245555
0.024794
0.0244463
0.0248503
0.0245964
0.0248126
0.0244721
0.024735
0.0247028
0.0244993
0.0246481
0.0246704
0.0248816
0.0246312
0.0247074
0.0246802
0.0247119
0.0247063
0.0247111
0.0246924
0.0247017
0.0247791
0.0247187
0.0247388
0.0247517
0.024805
0.0247444
0.0247575
0.0248414
0.0247695
0.0247613
0.0247529
0.0247716
0.022087
0.0186268
0.0238328
0.0224128
0.0221149
0.0232261
0.0240915
0.0245538
0.0244815
0.0241326
0.0243773
0.0243689
0.0244057
0.0244211
0.0221399
0.0192605
0.0234742
0.0243065
0.0228273
0.0227375
0.0236693
0.0247901
0.0240916
0.0238456
0.0238975
0.0241945
0.0242344
0.0248126
0.0249431
0.0248648
0.0248148
0.0248172
0.0248335
0.0248295
0.0248268
0.0248719
0.024859
0.0248315
0.0248753
0.0248009
0.0247799
0.0248332
0.0247985
0.0248301
0.0248453
0.0248592
0.0247933
0.0247961
0.0247908
0.0247987
0.0248499
0.0248396
0.0248472
0.0248459
0.0247922
0.024822
0.0248197
0.0248204
0.0248428
0.024821
0.024837
0.0248003
0.0248369
0.0248349
0.0248386
0.0248375
0.024797
0.0248349
0.0248238
0.0248331
0.0248332
0.0247987
0.0248318
0.0248289
0.024803
0.0248235
0.0248299
0.0248199
0.0248283
0.024816
0.0248013
0.0248281
0.0248229
0.0248274
0.0246704
0.0208435
0.0226932
0.0226675
0.0227891
0.0247498
0.0237225
0.0234161
0.0236195
0.0247911
0.0240178
0.0239524
0.0245945
0.0241652
0.0248007
0.0248126
0.0246954
0.024663
0.0246528
0.0244705
0.0249077
0.0245317
0.024531
0.0246099
0.024591
0.0247176
0.0246159
0.0248836
0.0247379
0.0246499
0.0248403
0.0246694
0.0246757
0.0248578
0.0247243
0.0247111
0.0247329
0.0248274
0.0247167
0.0247574
0.0248169
0.0247685
0.0247441
0.0248159
0.0247654
0.0247162
0.024762
0.0246469
0.0247787
0.0247143
0.0247571
0.0247827
0.0247259
0.0248082
0.0247486
0.0247456
0.0248335
0.0247521
0.0248262
0.0248154
0.0247596
0.0247644
0.0247654
0.0248001
0.0248245
0.0247778
0.0247894
0.0247772
0.0248024
0.024782
0.024784
0.0247853
