0.0243184
0.0204471
0.0221858
0.0207099
0.0218771
0.0218358
0.0233335
0.0242626
0.0231782
0.0225856
0.0228066
0.0239003
0.0241419
0.0243184
0.0243204
0.0243184
0.0244502
0.0243709
0.0243493
0.0243011
0.0243488
0.0243251
0.0243409
0.0243105
0.0243138
0.024321
0.0243246
0.0243404
0.0243395
0.0243071
0.0243152
0.0243373
0.0243266
0.0243313
0.0243231
0.0243356
0.0243104
0.0243173
0.024334
0.0243092
0.0243223
0.0243136
0.0243307
0.0243288
0.0243314
0.024309
0.0243291
0.0243199
0.02433
0.0243255
0.0243271
0.0243271
0.0243112
0.0243152
0.0243277
0.0243176
0.0243238
0.0243146
0.0243139
0.0243145
0.0243161
0.0243248
0.0243143
0.0243254
0.024316
0.0243156
0.0243254
0.024325
0.0243176
0.0243239
0.0243246
0.024317
0.0243184
0.0273727
0.0258314
0.0246568
0.0248662
0.0242299
0.0242366
0.0246205
0.0245988
0.0241867
0.024263
0.0244595
0.024232
0.024439
0.0244297
0.0242947
0.0244187
0.0244133
0.0244554
0.0242302
0.0244325
0.0244006
0.0243939
0.0244137
0.0242441
0.0244044
0.0244121
0.024326
0.0243137
0.0242621
0.0243843
0.0242655
0.024384
0.0242857
0.0242696
0.024362
0.0243153
0.0243571
0.0242904
0.024368
0.0243655
0.0242817
0.0242986
0.0243184
0.0241291
0.0239053
0.0242924
0.024326
0.0244876
0.024482
0.0242209
0.0243868
0.0244213
0.0241558
0.0242705
0.024158
0.0241685
0.0241805
0.024229
0.0242993
0.0244153
0.0241941
0.0242317
0.0242116
0.0242165
0.0242386
0.0242248
0.0243262
0.0242337
0.0243819
0.0242807
0.0243678
0.0242597
0.02431
0.0242553
0.0242621
0.0242594
0.0242689
0.0243172
0.0242682
0.0243588
0.0243529
0.0243174
0.0243338
0.024357
0.0243184
0.024242
0.0241125
0.0243079
0.0243217
0.0244314
0.0244292
0.0242755
0.0243533
0.0243755
0.0242356
0.0242948
0.0242329
0.024237
0.0242334
0.0242698
0.024308
0.0243836
0.0242408
0.0242692
0.0242477
0.0242553
0.0242702
0.0242587
0.0243231
0.0242619
0.0243606
0.0242953
0.024351
0.0242812
0.0243132
0.0242777
0.0242823
0.0242792
0.0242839
0.0243176
0.0242839
0.0243459
0.0243416
0.0243178
0.0243285
0.0243452
0.0243184
0.0242703
0.0242222
0.0237453
0.0241174
0.0240461
0.0242223
0.0240861
0.0241714
0.0241083
0.0241825
0.0242202
0.0242961
0.0241762
0.0242134
0.0242039
0.0243036
0.0242532
0.0243512
0.0242545
0.0242382
0.0242673
0.0242734
0.0242736
0.0242502
0.0242762
0.0242539
0.0243301
0.0242565
0.0243184
0.0243184
0.0243168
0.0243259
0.0241978
0.024337
0.0242986
0.0243144
0.0243022
0.0243549
0.0243351
0.0242646
0.024294
0.0242664
0.0242832
0.0243543
0.024355
0.0243534
0.0242802
0.0243358
0.02435
0.0242805
0.0243297
0.0242835
0.0243385
0.0243437
0.0243006
0.0242897
0.0243286
0.0242904
0.0242932
0.0243338
0.0242936
0.024341
0.024294
0.0243148
0.0242977
0.0243117
0.0243153
0.0243054
0.0242997
0.0243354
0.0243043
0.0243016
0.0243189
0.0243184
0.0243184
0.0243184
0.0242136
0.0242118
0.024194
0.0241985
0.024458
0.0241326
0.0243416
0.0241047
0.0240741
0.0241187
0.024115
0.0242358
0.0244082
0.024173
0.0242129
0.0242281
0.0243927
0.0241926
0.0242157
0.0241976
0.0242538
0.0243561
0.0243105
0.024278
0.0243344
0.0243076
0.0243406
0.0242355
0.0242376
0.0243591
0.0242417
0.0242999
0.0242475
0.0242518
0.024356
0.0242699
0.0242622
0.0242931
0.0242626
0.0243184
0.0243474
0.0243184
0.024366
0.0243128
0.024321
0.0243172
0.0243049
0.0243172
0.0243179
0.0243203
0.0243383
0.0243174
0.0243167
0.0243337
0.0243204
0.0243333
0.0243335
0.024333
0.0243191
0.0243269
0.0243279
0.02432
0.0243301
0.0243186
0.024325
0.0243209
0.0243263
0.0243117
0.0243168
0.0243124
0.024313
0.024327
0.0243198
0.024327
0.0243144
0.0243258
0.0243254
0.024325
0.0243237
0.024314
0.0243215
0.0243245
0.0243182
0.0241058
0.0240008
0.0241187
0.0241596
0.0240602
0.0241223
0.0241742
0.0241476
0.0241947
0.0243034
0.0242265
0.0243071
0.0242599
0.0226583
0.0239151
0.0227464
0.0238584
0.0240051
0.0238095
0.0236938
0.02401
0.0239803
0.0244023
0.0239593
0.0239015
0.0239444
0.0243984
0.0242865
0.024215
0.0241231
0.024076
0.0242831
0.0241507
0.0243801
0.0241536
0.0241483
0.0242914
0.0242866
0.0241898
0.0242885
0.0242327
0.0243184
0.0243234
0.0243191
0.024318
0.0242873
0.0243187
0.024343
0.0243047
0.024351
0.0242967
0.0242914
0.0243473
0.0243454
0.0243293
0.0243418
0.0242994
0.0243078
0.0243327
0.0243226
0.0243021
0.0243171
0.0243011
0.0243084
0.0243134
0.0243334
0.0243296
0.0243222
0.0243292
0.02431
0.0243212
0.0243099
0.0243146
0.0243105
0.0243195
0.0243247
0.0243294
0.024326
0.0243282
0.0243148
0.0243275
0.0243157
0.0243273
0.0243271
0.0243184
0.023817
0.0242215
0.0240936
0.0241085
0.0241689
0.0242669
0.0242033
0.0241807
0.0242645
0.0242012
0.0242075
0.0242434
0.0242242
0.0243542
0.0242449
0.0242799
0.0242576
0.0242612
0.0243303
0.0242769
0.0243465
0.0243156
0.0242774
0.0242715
0.0242856
0.0242924
0.0243421
0.0243425
0.024334
0.0170562
0.0229219
0.0233079
0.0224537
0.0242649
0.0229004
0.0232787
0.0235988
0.0232562
0.0236491
0.02356
0.0236206
0.0240596
0.0242726
0.0243184
0.0238351
0.0240994
0.0240226
0.0242659
0.0242823
0.0242864
0.0242738
0.0242656
0.0243787
0.0242841
0.0243838
0.0241999
0.0242023
0.0243732
0.0243116
0.0243717
0.024228
0.0242324
0.0242892
0.0243628
0.0242768
0.0242539
0.0242528
0.024253
0.0242716
0.0243211
0.0243416
0.0242889
0.0243024
0.0242778
0.0243086
0.0242724
0.0243067
0.0242804
0.0242849
0.0243063
0.0243414
0.0242866
0.0242835
0.0242844
0.0243199
0.0242997
0.0243184
0.0238725
0.02401
0.0239202
0.0241667
0.0242039
0.0237512
0.023824
0.0239204
0.0242998
0.0239278
0.0242916
0.0244267
0.0242098
0.024196
0.0240989
0.0243758
0.0243424
0.0243398
0.0241366
0.0243854
0.0241685
0.0241714
0.0241756
0.0241963
0.0243433
0.0242107
0.0242589
0.0243074
0.0243184
0.024265
0.0243089
0.0243917
0.024273
0.0242645
0.0242236
0.0241784
0.0242957
0.0242708
0.0242312
0.0243441
0.0242325
0.024313
0.0242552
0.0243616
0.0242878
0.0242562
0.0243308
0.0242807
0.0243331
0.0243049
0.0242673
0.0243271
0.0243334
0.0242742
0.0242695
0.0243525
0.024345
0.0242743
0.0243131
0.024285
0.0242875
0.0243154
0.0242805
0.024282
0.0243424
0.0242952
0.0242969
0.0243327
0.0242937
0.0242927
0.0242922
0.0149096
0.0229214
0.0222251
0.0229361
0.0234084
0.0239867
0.0231117
0.0230795
0.0238982
0.0235079
0.0238608
0.023847
0.0241066
0.0237356
0.0243184
0.0243189
0.0243077
0.0243229
0.0243235
0.0243645
0.0243333
0.0243389
0.0243994
0.0243165
0.0243496
0.024384
0.0243588
0.0243793
0.0243738
0.0243771
0.0243601
0.0243619
0.024357
0.0243588
0.0243508
0.0243562
0.0243545
0.0243252
0.0243571
0.0243511
0.0243149
0.0243554
0.024343
0.0243546
0.0243073
0.0243459
0.024351
0.0243335
0.0243425
0.0243439
0.024336
0.0243027
0.0243462
0.0243166
0.0243012
0.0243075
0.0243234
0.0243388
0.0243336
0.0243087
0.0243271
0.0243045
0.0243388
0.0243345
0.0243358
0.0243293
0.0243109
0.0243344
0.0243351
0.0243347
0.0243173
0.0243246
0.0243091
0.0243289
0.0208922
0.0238184
0.0232808
0.0238161
0.023967
0.0235272
0.0241457
0.0238905
0.0237816
0.0238912
0.024122
0.0240956
0.0242288
0.0242237
0.0240907
0.0189216
0.0232228
0.0235297
0.0230482
0.0242746
0.0233032
0.0235337
0.0237729
0.0235248
0.0238063
0.0237387
0.0237809
0.0241138
0.0242815
0.022764
0.0192639
0.0205613
0.0206302
0.0223609
0.0214133
0.0221355
0.0241675
0.0227077
0.0234606
0.0231362
0.0237472
0.0238285
0.0235356
0.0240629
0.0243184
0.0243717
0.024382
0.0244748
0.0243279
0.0243296
0.0243413
0.0243256
0.0243311
0.0243952
0.0243695
0.0243182
0.0243819
0.0243839
0.024344
0.0243297
0.0243633
0.0243243
0.0243672
0.0243523
0.0243284
0.0243667
0.0243289
0.0243533
0.0243614
0.024359
0.0243593
0.0243025
0.024326
0.0242968
0.0243492
0.0243417
0.0243509
0.0243349
0.0243503
0.0243489
0.0243494
0.0243038
0.0243111
0.0243436
0.0243443
0.0243446
0.024324
0.0243076
0.0243416
0.0243163
0.0243411
0.0243374
0.0243371
0.0243172
0.0243067
0.0243335
0.0243079
0.0243372
0.0243334
0.0243349
0.0243145
0.0243356
0.0243184
0.0216476
0.0233121
0.0238701
0.02345
0.023782
0.0240578
0.0234475
0.0235086
0.0239024
0.0240566
0.0244178
0.0237834
0.0238067
0.0238043
0.0242789
0.0241264
0.0241902
0.0241069
0.0243673
0.0240568
0.0241565
0.0241767
0.0241385
0.0240623
0.024193
0.0240992
0.0241031
0.0241147
0.0240523
0.0240407
0.0240072
0.0240108
0.0240126
0.0241113
0.0242182
0.0241435
0.0241282
0.0241425
0.0242557
0.0243239
0.0223337
0.0218557
0.0238161
0.0232211
0.0233398
0.0238562
0.0237941
0.0241191
0.023916
0.0240511
0.022327
0.023713
0.0242383
0.0242962
0.024357
0.0242833
0.0240939
0.0241808
0.0241362
0.0241469
0.024308
0.0242184
0.0241737
0.0243273
0.0243147
0.024263
0.0242686
0.0242549
0.0242343
0.0243432
0.024228
0.0242328
0.0242404
0.024332
0.0242978
0.0242625
0.0243322
0.0243289
0.0242726
0.0242664
0.0242667
0.0197341
0.0235319
0.0232487
0.0231617
0.022378
0.022628
0.0234162
0.0231526
0.0240163
0.0241057
0.0237147
0.0239404
0.0241513
0.0242852
0.0227604
0.0233943
0.0230872
0.0229096
0.0223143
0.0241272
0.0237086
0.0231099
0.023846
0.0235454
0.0236922
0.0235798
0.0239625
0.0240434
0.0244645
0.0243216
0.0243262
0.0244483
0.0243381
0.0243351
0.0243409
0.0243352
0.0243903
0.0243361
0.0243705
0.0243187
0.0243648
0.0243361
0.024342
0.0243491
0.0243578
0.0243539
0.0243611
0.0243021
0.0243507
0.0243524
0.0243578
0.0243444
0.0243432
0.024342
0.0243477
0.0243205
0.0243058
0.0243183
0.0243307
0.0243408
0.0243429
0.0243328
0.0243362
0.0243372
0.0243023
0.0243416
0.0243138
0.0243175
0.0243402
0.0243363
0.0243124
0.0243209
0.0243346
0.0243355
0.0243152
0.0243147
0.0243339
0.0243177
0.0243147
0.024332
0.0243327
0.0243299
0.0243197
0.0243321
0.0243322
0.0147055
0.0194774
0.0224037
0.0226865
0.0232278
0.0237265
0.0239477
0.0242784
0.0231742
0.023246
0.0234003
0.0242945
0.0240677
0.0242925
0.02431
0.0240813
0.0238885
0.0241455
0.0241167
0.0241387
0.0244053
0.0240936
0.0242013
0.024236
0.0242432
0.0243508
0.0241615
0.0243515
0.0241873
0.0241962
0.0242763
0.0242782
0.0242119
0.0242987
0.024263
0.0242303
0.0243018
0.0243072
0.0243365
0.0242674
0.0242769
0.0238841
0.0242233
0.0243026
0.0241619
0.0241785
0.0241969
0.0242123
0.0242933
0.0243679
0.024244
0.0242525
0.024271
0.0243115
0.0243357
0.0242674
0.0242585
0.0243489
0.0242783
0.0243075
0.0242842
0.0242941
0.0242853
0.0242877
0.024284
0.0243032
0.0243227
0.0243014
0.0242952
